000000 0.2503 0.2505 0.2501 0.2491
000100 0.0343 0.4335 0.0004 0.5318
000200 0.0062 0.4575 0.0000 0.5363
000300 0.0013 0.4623 0.0000 0.5364
000400 0.0003 0.4621 0.0000 0.5376
000500 0.0000 0.4635 0.0000 0.5365
000600 0.0000 0.4643 0.0000 0.5357
000700 0.0000 0.4637 0.0000 0.5363
000800 0.0000 0.4633 0.0000 0.5366
000900 0.0000 0.4641 0.0000 0.5359
001000 0.0000 0.4632 0.0000 0.5368
001100 0.0000 0.4644 0.0000 0.5356
001200 0.0000 0.4630 0.0000 0.5370
001300 0.0000 0.4639 0.0000 0.5361
001400 0.0000 0.4634 0.0000 0.5366
001500 0.0000 0.4639 0.0000 0.5361
001600 0.0000 0.4631 0.0000 0.5369
001700 0.0000 0.4637 0.0000 0.5363
001800 0.0000 0.4648 0.0000 0.5352
001900 0.0000 0.4646 0.0000 0.5354
002000 0.0000 0.4641 0.0000 0.5359
002100 0.0000 0.4641 0.0000 0.5359
002200 0.0000 0.4644 0.0000 0.5356
002300 0.0000 0.4639 0.0000 0.5361
002400 0.0000 0.4639 0.0000 0.5361
002500 0.0000 0.4626 0.0000 0.5374
002600 0.0000 0.4633 0.0000 0.5367
002700 0.0000 0.4631 0.0000 0.5369
002800 0.0000 0.4638 0.0000 0.5362
002900 0.0000 0.4642 0.0000 0.5358
003000 0.0000 0.4638 0.0000 0.5362
003100 0.0000 0.4636 0.0000 0.5364
003200 0.0000 0.4637 0.0000 0.5363
003300 0.0000 0.4641 0.0000 0.5359
003400 0.0000 0.4644 0.0000 0.5356
003500 0.0000 0.4630 0.0000 0.5370
003600 0.0000 0.4638 0.0000 0.5362
003700 0.0000 0.4644 0.0000 0.5356
003800 0.0000 0.4638 0.0000 0.5362
003900 0.0000 0.4644 0.0000 0.5356
004000 0.0000 0.4627 0.0000 0.5373
004100 0.0000 0.4641 0.0000 0.5359
004200 0.0000 0.4641 0.0000 0.5359
004300 0.0000 0.4641 0.0000 0.5359
004400 0.0000 0.4625 0.0000 0.5375
004500 0.0000 0.4640 0.0000 0.5360
004600 0.0000 0.4639 0.0000 0.5361
004700 0.0000 0.4644 0.0000 0.5356
004800 0.0000 0.4639 0.0000 0.5361
004900 0.0000 0.4633 0.0000 0.5367
005000 0.0000 0.4634 0.0000 0.5366
005100 0.0000 0.4628 0.0000 0.5372
005200 0.0000 0.4635 0.0000 0.5365
005300 0.0000 0.4631 0.0000 0.5369
005400 0.0000 0.4636 0.0000 0.5364
005500 0.0000 0.4636 0.0000 0.5364
005600 0.0000 0.4637 0.0000 0.5363
005700 0.0000 0.4638 0.0000 0.5362
005800 0.0000 0.4640 0.0000 0.5360
005900 0.0000 0.4643 0.0000 0.5357
006000 0.0000 0.4640 0.0000 0.5360
006100 0.0000 0.4639 0.0000 0.5361
006200 0.0000 0.4635 0.0000 0.5365
006300 0.0000 0.4636 0.0000 0.5364
006400 0.0000 0.4645 0.0000 0.5355
006500 0.0000 0.4634 0.0000 0.5366
006600 0.0000 0.4640 0.0000 0.5360
006700 0.0000 0.4635 0.0000 0.5365
006800 0.0000 0.4646 0.0000 0.5354
006900 0.0000 0.4635 0.0000 0.5365
007000 0.0000 0.4648 0.0000 0.5352
007100 0.0000 0.4627 0.0000 0.5373
007200 0.0000 0.4638 0.0000 0.5362
007300 0.0000 0.4638 0.0000 0.5362
007400 0.0000 0.4641 0.0000 0.5359
007500 0.0000 0.4635 0.0000 0.5365
007600 0.0000 0.4638 0.0000 0.5362
007700 0.0000 0.4625 0.0000 0.5375
007800 0.0000 0.4642 0.0000 0.5358
007900 0.0000 0.4633 0.0000 0.5367
008000 0.0000 0.4643 0.0000 0.5357
008100 0.0000 0.4637 0.0000 0.5363
008200 0.0000 0.4635 0.0000 0.5365
008300 0.0000 0.4637 0.0000 0.5363
008400 0.0000 0.4639 0.0000 0.5361
008500 0.0000 0.4635 0.0000 0.5365
008600 0.0000 0.4638 0.0000 0.5362
008700 0.0000 0.4634 0.0000 0.5366
008800 0.0000 0.4637 0.0000 0.5363
008900 0.0000 0.4633 0.0000 0.5367
009000 0.0000 0.4627 0.0000 0.5373
009100 0.0000 0.4627 0.0000 0.5373
009200 0.0000 0.4636 0.0000 0.5364
009300 0.0000 0.4638 0.0000 0.5362
009400 0.0000 0.4633 0.0000 0.5367
009500 0.0000 0.4635 0.0000 0.5365
009600 0.0000 0.4632 0.0000 0.5368
009700 0.0000 0.4636 0.0000 0.5364
009800 0.0000 0.4628 0.0000 0.5372
009900 0.0000 0.4638 0.0000 0.5362
010000 0.0000 0.4632 0.0000 0.5368
010100 0.0000 0.4636 0.0000 0.5364
010200 0.0000 0.4636 0.0000 0.5364
010300 0.0000 0.4636 0.0000 0.5364
010400 0.0000 0.4636 0.0000 0.5364
010500 0.0000 0.4636 0.0000 0.5364
010600 0.0000 0.4636 0.0000 0.5364
010700 0.0000 0.4636 0.0000 0.5364
010800 0.0000 0.4636 0.0000 0.5364
010900 0.0000 0.4636 0.0000 0.5364
011000 0.0000 0.4636 0.0000 0.5364
011100 0.0000 0.4636 0.0000 0.5364
011200 0.0000 0.4636 0.0000 0.5364
011300 0.0000 0.4636 0.0000 0.5364
011400 0.0000 0.4636 0.0000 0.5364
011500 0.0000 0.4636 0.0000 0.5364
011600 0.0000 0.4636 0.0000 0.5364
011700 0.0000 0.4636 0.0000 0.5364
011800 0.0000 0.4636 0.0000 0.5364
011900 0.0000 0.4636 0.0000 0.5364
012000 0.0000 0.4636 0.0000 0.5364
012100 0.0000 0.4636 0.0000 0.5364
012200 0.0000 0.4636 0.0000 0.5364
012300 0.0000 0.4636 0.0000 0.5364
012400 0.0000 0.4636 0.0000 0.5364
012500 0.0000 0.4636 0.0000 0.5364
012600 0.0000 0.4636 0.0000 0.5364
012700 0.0000 0.4636 0.0000 0.5364
012800 0.0000 0.4636 0.0000 0.5364
012900 0.0000 0.4636 0.0000 0.5364
013000 0.0000 0.4636 0.0000 0.5364
013100 0.0000 0.4636 0.0000 0.5364
013200 0.0000 0.4636 0.0000 0.5364
013300 0.0000 0.4636 0.0000 0.5364
013400 0.0000 0.4636 0.0000 0.5364
013500 0.0000 0.4636 0.0000 0.5364
013600 0.0000 0.4636 0.0000 0.5364
013700 0.0000 0.4636 0.0000 0.5364
013800 0.0000 0.4636 0.0000 0.5364
013900 0.0000 0.4636 0.0000 0.5364
014000 0.0000 0.4636 0.0000 0.5364
014100 0.0000 0.4636 0.0000 0.5364
014200 0.0000 0.4636 0.0000 0.5364
014300 0.0000 0.4636 0.0000 0.5364
014400 0.0000 0.4636 0.0000 0.5364
014500 0.0000 0.4636 0.0000 0.5364
014600 0.0000 0.4636 0.0000 0.5364
014700 0.0000 0.4636 0.0000 0.5364
014800 0.0000 0.4636 0.0000 0.5364
014900 0.0000 0.4636 0.0000 0.5364
015000 0.0000 0.4636 0.0000 0.5364
015100 0.0000 0.4636 0.0000 0.5364
015200 0.0000 0.4636 0.0000 0.5364
015300 0.0000 0.4636 0.0000 0.5364
015400 0.0000 0.4636 0.0000 0.5364
015500 0.0000 0.4636 0.0000 0.5364
015600 0.0000 0.4636 0.0000 0.5364
015700 0.0000 0.4636 0.0000 0.5364
015800 0.0000 0.4636 0.0000 0.5364
015900 0.0000 0.4636 0.0000 0.5364
016000 0.0000 0.4636 0.0000 0.5364
016100 0.0000 0.4636 0.0000 0.5364
016200 0.0000 0.4636 0.0000 0.5364
016300 0.0000 0.4636 0.0000 0.5364
016400 0.0000 0.4636 0.0000 0.5364
016500 0.0000 0.4636 0.0000 0.5364
016600 0.0000 0.4636 0.0000 0.5364
016700 0.0000 0.4636 0.0000 0.5364
016800 0.0000 0.4636 0.0000 0.5364
016900 0.0000 0.4636 0.0000 0.5364
017000 0.0000 0.4636 0.0000 0.5364
017100 0.0000 0.4636 0.0000 0.5364
017200 0.0000 0.4636 0.0000 0.5364
017300 0.0000 0.4636 0.0000 0.5364
017400 0.0000 0.4636 0.0000 0.5364
017500 0.0000 0.4636 0.0000 0.5364
017600 0.0000 0.4636 0.0000 0.5364
017700 0.0000 0.4636 0.0000 0.5364
017800 0.0000 0.4636 0.0000 0.5364
017900 0.0000 0.4636 0.0000 0.5364
018000 0.0000 0.4636 0.0000 0.5364
018100 0.0000 0.4636 0.0000 0.5364
018200 0.0000 0.4636 0.0000 0.5364
018300 0.0000 0.4636 0.0000 0.5364
018400 0.0000 0.4636 0.0000 0.5364
018500 0.0000 0.4636 0.0000 0.5364
018600 0.0000 0.4636 0.0000 0.5364
018700 0.0000 0.4636 0.0000 0.5364
018800 0.0000 0.4636 0.0000 0.5364
018900 0.0000 0.4636 0.0000 0.5364
019000 0.0000 0.4636 0.0000 0.5364
019100 0.0000 0.4636 0.0000 0.5364
019200 0.0000 0.4636 0.0000 0.5364
019300 0.0000 0.4636 0.0000 0.5364
019400 0.0000 0.4636 0.0000 0.5364
019500 0.0000 0.4636 0.0000 0.5364
019600 0.0000 0.4636 0.0000 0.5364
019700 0.0000 0.4636 0.0000 0.5364
019800 0.0000 0.4636 0.0000 0.5364
019900 0.0000 0.4636 0.0000 0.5364
020000 0.0000 0.4636 0.0000 0.5364
