000000 0.2492 0.2503 0.2503 0.2503
000100 0.2104 0.2959 0.0060 0.4876
000200 0.1714 0.3308 0.0002 0.4976
000300 0.1556 0.3426 0.0000 0.5017
000400 0.1516 0.3479 0.0000 0.5005
000500 0.1507 0.3451 0.0000 0.5042
000600 0.1450 0.3527 0.0000 0.5023
000700 0.1474 0.3504 0.0000 0.5022
000800 0.1432 0.3526 0.0000 0.5042
000900 0.1441 0.3521 0.0000 0.5037
001000 0.1428 0.3544 0.0000 0.5028
001100 0.1427 0.3531 0.0000 0.5042
001200 0.1412 0.3542 0.0000 0.5046
001300 0.1442 0.3522 0.0000 0.5035
001400 0.1419 0.3532 0.0000 0.5049
001500 0.1436 0.3528 0.0000 0.5036
001600 0.1416 0.3538 0.0000 0.5046
001700 0.1441 0.3528 0.0000 0.5031
001800 0.1405 0.3546 0.0000 0.5049
001900 0.1417 0.3541 0.0000 0.5042
002000 0.1411 0.3543 0.0000 0.5046
002100 0.1440 0.3528 0.0000 0.5032
002200 0.1426 0.3531 0.0000 0.5043
002300 0.1437 0.3535 0.0000 0.5029
002400 0.1441 0.3516 0.0000 0.5043
002500 0.1431 0.3530 0.0000 0.5040
002600 0.1441 0.3536 0.0000 0.5023
002700 0.1419 0.3549 0.0000 0.5031
002800 0.1449 0.3526 0.0000 0.5025
002900 0.1437 0.3526 0.0000 0.5037
003000 0.1429 0.3535 0.0000 0.5037
003100 0.1438 0.3513 0.0000 0.5049
003200 0.1447 0.3531 0.0000 0.5022
003300 0.1445 0.3523 0.0000 0.5032
003400 0.1453 0.3523 0.0000 0.5024
003500 0.1428 0.3525 0.0000 0.5047
003600 0.1462 0.3505 0.0000 0.5033
003700 0.1419 0.3540 0.0000 0.5041
003800 0.1435 0.3528 0.0000 0.5036
003900 0.1418 0.3530 0.0000 0.5052
004000 0.1433 0.3534 0.0000 0.5033
004100 0.1447 0.3515 0.0000 0.5038
004200 0.1434 0.3526 0.0000 0.5040
004300 0.1429 0.3534 0.0000 0.5037
004400 0.1442 0.3527 0.0000 0.5031
004500 0.1434 0.3537 0.0000 0.5029
004600 0.1427 0.3529 0.0000 0.5044
004700 0.1425 0.3545 0.0000 0.5030
004800 0.1421 0.3539 0.0000 0.5040
004900 0.1432 0.3519 0.0000 0.5049
005000 0.1458 0.3501 0.0000 0.5041
005100 0.1438 0.3520 0.0000 0.5042
005200 0.1456 0.3518 0.0000 0.5026
005300 0.1469 0.3509 0.0000 0.5022
005400 0.1462 0.3515 0.0000 0.5023
005500 0.1439 0.3515 0.0000 0.5046
005600 0.1443 0.3521 0.0000 0.5036
005700 0.1435 0.3514 0.0000 0.5052
005800 0.1389 0.3569 0.0000 0.5041
005900 0.1394 0.3546 0.0000 0.5059
006000 0.1413 0.3540 0.0000 0.5047
006100 0.1436 0.3526 0.0000 0.5039
006200 0.1429 0.3532 0.0000 0.5039
006300 0.1411 0.3545 0.0000 0.5044
006400 0.1417 0.3533 0.0000 0.5050
006500 0.1419 0.3548 0.0000 0.5033
006600 0.1436 0.3533 0.0000 0.5031
006700 0.1426 0.3534 0.0000 0.5040
006800 0.1419 0.3538 0.0000 0.5042
006900 0.1417 0.3542 0.0000 0.5042
007000 0.1432 0.3547 0.0000 0.5020
007100 0.1405 0.3558 0.0000 0.5037
007200 0.1388 0.3556 0.0000 0.5056
007300 0.1375 0.3575 0.0000 0.5050
007400 0.1377 0.3575 0.0000 0.5048
007500 0.1385 0.3570 0.0000 0.5045
007600 0.1437 0.3528 0.0000 0.5035
007700 0.1419 0.3532 0.0000 0.5049
007800 0.1450 0.3515 0.0000 0.5036
007900 0.1438 0.3525 0.0000 0.5037
008000 0.1431 0.3526 0.0000 0.5042
008100 0.1438 0.3524 0.0000 0.5038
008200 0.1457 0.3505 0.0000 0.5039
008300 0.1440 0.3520 0.0000 0.5040
008400 0.1432 0.3527 0.0000 0.5041
008500 0.1418 0.3534 0.0000 0.5048
008600 0.1417 0.3547 0.0000 0.5036
008700 0.1420 0.3546 0.0000 0.5035
008800 0.1447 0.3521 0.0000 0.5032
008900 0.1438 0.3518 0.0000 0.5044
009000 0.1426 0.3540 0.0000 0.5034
009100 0.1430 0.3538 0.0000 0.5032
009200 0.1430 0.3525 0.0000 0.5046
009300 0.1428 0.3524 0.0000 0.5048
009400 0.1392 0.3553 0.0000 0.5055
009500 0.1425 0.3535 0.0000 0.5040
009600 0.1452 0.3516 0.0000 0.5032
009700 0.1459 0.3509 0.0000 0.5032
009800 0.1463 0.3514 0.0000 0.5023
009900 0.1450 0.3508 0.0000 0.5042
010000 0.1447 0.3522 0.0000 0.5031
010100 0.1433 0.3528 0.0000 0.5039
010200 0.1433 0.3528 0.0000 0.5039
010300 0.1433 0.3528 0.0000 0.5039
010400 0.1433 0.3528 0.0000 0.5039
010500 0.1433 0.3528 0.0000 0.5039
010600 0.1433 0.3528 0.0000 0.5039
010700 0.1433 0.3528 0.0000 0.5039
010800 0.1433 0.3528 0.0000 0.5039
010900 0.1433 0.3528 0.0000 0.5039
011000 0.1433 0.3528 0.0000 0.5039
011100 0.1433 0.3528 0.0000 0.5039
011200 0.1433 0.3528 0.0000 0.5039
011300 0.1433 0.3528 0.0000 0.5039
011400 0.1433 0.3528 0.0000 0.5039
011500 0.1433 0.3528 0.0000 0.5039
011600 0.1433 0.3528 0.0000 0.5039
011700 0.1433 0.3528 0.0000 0.5039
011800 0.1433 0.3528 0.0000 0.5039
011900 0.1433 0.3528 0.0000 0.5039
012000 0.1433 0.3528 0.0000 0.5039
012100 0.1433 0.3528 0.0000 0.5039
012200 0.1433 0.3528 0.0000 0.5039
012300 0.1433 0.3528 0.0000 0.5039
012400 0.1433 0.3528 0.0000 0.5039
012500 0.1433 0.3528 0.0000 0.5039
012600 0.1433 0.3528 0.0000 0.5039
012700 0.1433 0.3528 0.0000 0.5039
012800 0.1433 0.3528 0.0000 0.5039
012900 0.1433 0.3528 0.0000 0.5039
013000 0.1433 0.3528 0.0000 0.5039
013100 0.1433 0.3528 0.0000 0.5039
013200 0.1433 0.3528 0.0000 0.5039
013300 0.1433 0.3528 0.0000 0.5039
013400 0.1433 0.3528 0.0000 0.5039
013500 0.1433 0.3528 0.0000 0.5039
013600 0.1433 0.3528 0.0000 0.5039
013700 0.1433 0.3528 0.0000 0.5039
013800 0.1433 0.3528 0.0000 0.5039
013900 0.1433 0.3528 0.0000 0.5039
014000 0.1433 0.3528 0.0000 0.5039
014100 0.1433 0.3528 0.0000 0.5039
014200 0.1433 0.3528 0.0000 0.5039
014300 0.1433 0.3528 0.0000 0.5039
014400 0.1433 0.3528 0.0000 0.5039
014500 0.1433 0.3528 0.0000 0.5039
014600 0.1433 0.3528 0.0000 0.5039
014700 0.1433 0.3528 0.0000 0.5039
014800 0.1433 0.3528 0.0000 0.5039
014900 0.1433 0.3528 0.0000 0.5039
015000 0.1433 0.3528 0.0000 0.5039
015100 0.1433 0.3528 0.0000 0.5039
015200 0.1433 0.3528 0.0000 0.5039
015300 0.1433 0.3528 0.0000 0.5039
015400 0.1433 0.3528 0.0000 0.5039
015500 0.1433 0.3528 0.0000 0.5039
015600 0.1433 0.3528 0.0000 0.5039
015700 0.1433 0.3528 0.0000 0.5039
015800 0.1433 0.3528 0.0000 0.5039
015900 0.1433 0.3528 0.0000 0.5039
016000 0.1433 0.3528 0.0000 0.5039
016100 0.1433 0.3528 0.0000 0.5039
016200 0.1433 0.3528 0.0000 0.5039
016300 0.1433 0.3528 0.0000 0.5039
016400 0.1433 0.3528 0.0000 0.5039
016500 0.1433 0.3528 0.0000 0.5039
016600 0.1433 0.3528 0.0000 0.5039
016700 0.1433 0.3528 0.0000 0.5039
016800 0.1433 0.3528 0.0000 0.5039
016900 0.1433 0.3528 0.0000 0.5039
017000 0.1433 0.3528 0.0000 0.5039
017100 0.1433 0.3528 0.0000 0.5039
017200 0.1433 0.3528 0.0000 0.5039
017300 0.1433 0.3528 0.0000 0.5039
017400 0.1433 0.3528 0.0000 0.5039
017500 0.1433 0.3528 0.0000 0.5039
017600 0.1433 0.3528 0.0000 0.5039
017700 0.1433 0.3528 0.0000 0.5039
017800 0.1433 0.3528 0.0000 0.5039
017900 0.1433 0.3528 0.0000 0.5039
018000 0.1433 0.3528 0.0000 0.5039
018100 0.1433 0.3528 0.0000 0.5039
018200 0.1433 0.3528 0.0000 0.5039
018300 0.1433 0.3528 0.0000 0.5039
018400 0.1433 0.3528 0.0000 0.5039
018500 0.1433 0.3528 0.0000 0.5039
018600 0.1433 0.3528 0.0000 0.5039
018700 0.1433 0.3528 0.0000 0.5039
018800 0.1433 0.3528 0.0000 0.5039
018900 0.1433 0.3528 0.0000 0.5039
019000 0.1433 0.3528 0.0000 0.5039
019100 0.1433 0.3528 0.0000 0.5039
019200 0.1433 0.3528 0.0000 0.5039
019300 0.1433 0.3528 0.0000 0.5039
019400 0.1433 0.3528 0.0000 0.5039
019500 0.1433 0.3528 0.0000 0.5039
019600 0.1433 0.3528 0.0000 0.5039
019700 0.1433 0.3528 0.0000 0.5039
019800 0.1433 0.3528 0.0000 0.5039
019900 0.1433 0.3528 0.0000 0.5039
020000 0.1433 0.3528 0.0000 0.5039
