000000 0.2500 0.2500 0.2500 0.2500
000020 0.2595 0.2597 0.2294 0.2514
000040 0.2708 0.2702 0.2076 0.2514
000060 0.2816 0.2808 0.1862 0.2515
000080 0.2915 0.2920 0.1659 0.2506
000100 0.2992 0.3048 0.1463 0.2497
000120 0.3059 0.3182 0.1283 0.2475
000140 0.3111 0.3333 0.1117 0.2439
000160 0.3144 0.3501 0.0961 0.2394
000180 0.3163 0.3673 0.0818 0.2346
000200 0.3170 0.3860 0.0687 0.2283
000220 0.3170 0.4047 0.0564 0.2218
000240 0.3153 0.4246 0.0454 0.2146
000260 0.3129 0.4460 0.0357 0.2054
000280 0.3095 0.4673 0.0269 0.1964
000300 0.3035 0.4898 0.0197 0.1871
000320 0.2974 0.5132 0.0137 0.1757
000340 0.2903 0.5364 0.0087 0.1646
000360 0.2820 0.5609 0.0051 0.1519
000380 0.2717 0.5873 0.0021 0.1388
000400 0.2615 0.6135 0.0005 0.1246
000420 0.2510 0.6395 0.0000 0.1095
000440 0.2435 0.6663 0.0000 0.0902
000460 0.2350 0.6931 0.0000 0.0719
000480 0.2322 0.7092 0.0000 0.0586
000500 0.2306 0.7230 0.0000 0.0464
000520 0.2291 0.7349 0.0000 0.0360
000540 0.2310 0.7412 0.0000 0.0278
000560 0.2335 0.7459 0.0000 0.0206
000580 0.2387 0.7467 0.0000 0.0146
000600 0.2465 0.7432 0.0000 0.0103
000620 0.2538 0.7390 0.0000 0.0072
000640 0.2639 0.7306 0.0000 0.0055
000660 0.2752 0.7190 0.0000 0.0058
000680 0.2872 0.7075 0.0000 0.0053
000700 0.2991 0.6957 0.0000 0.0051
000720 0.3111 0.6839 0.0000 0.0051
000740 0.3222 0.6724 0.0000 0.0055
000760 0.3308 0.6630 0.0000 0.0062
000780 0.3390 0.6548 0.0000 0.0062
000800 0.3481 0.6458 0.0000 0.0061
000820 0.3550 0.6383 0.0000 0.0067
000840 0.3618 0.6310 0.0000 0.0072
000860 0.3668 0.6258 0.0000 0.0075
000880 0.3717 0.6209 0.0000 0.0074
000900 0.3747 0.6161 0.0000 0.0092
000920 0.3759 0.6140 0.0000 0.0101
000940 0.3787 0.6121 0.0000 0.0092
000960 0.3823 0.6079 0.0000 0.0098
000980 0.3851 0.6041 0.0000 0.0108
001000 0.3877 0.6002 0.0000 0.0121
001020 0.3904 0.5969 0.0000 0.0126
001040 0.3940 0.5948 0.0000 0.0112
001060 0.4014 0.5881 0.0000 0.0105
001080 0.4080 0.5817 0.0000 0.0103
001100 0.4169 0.5734 0.0000 0.0097
001120 0.4251 0.5652 0.0000 0.0097
001140 0.4317 0.5585 0.0000 0.0097
001160 0.4377 0.5517 0.0000 0.0106
001180 0.4420 0.5463 0.0000 0.0117
001200 0.4437 0.5433 0.0000 0.0130
001220 0.4443 0.5422 0.0000 0.0135
001240 0.4449 0.5397 0.0000 0.0154
001260 0.4446 0.5391 0.0000 0.0163
001280 0.4407 0.5418 0.0000 0.0175
001300 0.4383 0.5431 0.0000 0.0186
001320 0.4333 0.5476 0.0000 0.0191
001340 0.4338 0.5485 0.0000 0.0177
001360 0.4341 0.5491 0.0000 0.0168
001380 0.4395 0.5450 0.0000 0.0155
001400 0.4480 0.5373 0.0000 0.0147
001420 0.4591 0.5269 0.0000 0.0140
001440 0.4724 0.5144 0.0000 0.0133
001460 0.4868 0.5011 0.0000 0.0122
001480 0.5027 0.4851 0.0000 0.0122
001500 0.5191 0.4685 0.0000 0.0124
001520 0.5318 0.4556 0.0000 0.0126
001540 0.5416 0.4450 0.0000 0.0133
001560 0.5505 0.4357 0.0000 0.0138
001580 0.5596 0.4264 0.0000 0.0140
001600 0.5669 0.4187 0.0000 0.0144
001620 0.5727 0.4123 0.0000 0.0150
001640 0.5808 0.4028 0.0000 0.0164
001660 0.5849 0.3979 0.0000 0.0172
001680 0.5831 0.3976 0.0000 0.0193
001700 0.5776 0.4015 0.0000 0.0209
001720 0.5721 0.4065 0.0000 0.0214
001740 0.5689 0.4089 0.0000 0.0221
001760 0.5668 0.4101 0.0000 0.0231
001780 0.5662 0.4111 0.0000 0.0228
001800 0.5672 0.4113 0.0000 0.0215
001820 0.5733 0.4052 0.0000 0.0214
001840 0.5822 0.3989 0.0000 0.0188
001860 0.5914 0.3908 0.0000 0.0178
001880 0.6048 0.3780 0.0000 0.0171
001900 0.6170 0.3657 0.0000 0.0172
001920 0.6249 0.3567 0.0000 0.0184
001940 0.6300 0.3495 0.0000 0.0205
001960 0.6297 0.3487 0.0000 0.0216
001980 0.6273 0.3490 0.0000 0.0238
002000 0.6191 0.3560 0.0000 0.0249
002020 0.6159 0.3610 0.0000 0.0232
002040 0.6132 0.3634 0.0000 0.0234
002060 0.6117 0.3665 0.0000 0.0218
002080 0.6139 0.3632 0.0000 0.0229
002100 0.6159 0.3615 0.0000 0.0226
002120 0.6179 0.3593 0.0000 0.0228
002140 0.6226 0.3561 0.0000 0.0213
002160 0.6348 0.3459 0.0000 0.0193
002180 0.6456 0.3351 0.0000 0.0193
002200 0.6547 0.3265 0.0000 0.0188
002220 0.6654 0.3158 0.0000 0.0188
002240 0.6729 0.3085 0.0000 0.0187
002260 0.6771 0.3039 0.0000 0.0190
002280 0.6770 0.3024 0.0000 0.0206
002300 0.6771 0.3021 0.0000 0.0208
002320 0.6753 0.3040 0.0000 0.0207
002340 0.6787 0.3016 0.0000 0.0197
002360 0.6770 0.3005 0.0000 0.0224
002380 0.6707 0.3054 0.0000 0.0239
002400 0.6633 0.3115 0.0000 0.0252
002420 0.6520 0.3230 0.0000 0.0250
002440 0.6397 0.3332 0.0000 0.0271
002460 0.6265 0.3458 0.0000 0.0276
002480 0.6188 0.3546 0.0000 0.0266
002500 0.6128 0.3608 0.0000 0.0264
002520 0.6070 0.3674 0.0000 0.0256
002540 0.6056 0.3707 0.0000 0.0237
002560 0.6113 0.3695 0.0000 0.0193
002580 0.6269 0.3539 0.0000 0.0191
002600 0.6402 0.3402 0.0000 0.0196
002620 0.6512 0.3293 0.0000 0.0195
002640 0.6583 0.3224 0.0000 0.0193
002660 0.6626 0.3175 0.0000 0.0199
002680 0.6644 0.3153 0.0000 0.0203
002700 0.6673 0.3130 0.0000 0.0197
002720 0.6694 0.3093 0.0000 0.0213
002740 0.6633 0.3120 0.0000 0.0247
002760 0.6550 0.3199 0.0000 0.0251
002780 0.6477 0.3284 0.0000 0.0239
002800 0.6414 0.3338 0.0000 0.0248
002820 0.6336 0.3409 0.0000 0.0254
002840 0.6305 0.3442 0.0000 0.0253
002860 0.6275 0.3485 0.0000 0.0239
002880 0.6258 0.3500 0.0000 0.0242
002900 0.6269 0.3503 0.0000 0.0229
002920 0.6302 0.3473 0.0000 0.0226
002940 0.6312 0.3467 0.0000 0.0221
002960 0.6374 0.3420 0.0000 0.0206
002980 0.6452 0.3351 0.0000 0.0197
003000 0.6521 0.3285 0.0000 0.0193
003020 0.6595 0.3208 0.0000 0.0197
003040 0.6613 0.3170 0.0000 0.0217
003060 0.6618 0.3156 0.0000 0.0226
003080 0.6616 0.3164 0.0000 0.0220
003100 0.6590 0.3184 0.0000 0.0226
003120 0.6536 0.3225 0.0000 0.0239
003140 0.6465 0.3272 0.0000 0.0263
003160 0.6394 0.3362 0.0000 0.0245
003180 0.6347 0.3402 0.0000 0.0252
003200 0.6263 0.3479 0.0000 0.0258
003220 0.6233 0.3519 0.0000 0.0248
003240 0.6234 0.3534 0.0000 0.0232
003260 0.6267 0.3507 0.0000 0.0226
003280 0.6319 0.3475 0.0000 0.0206
003300 0.6393 0.3410 0.0000 0.0197
003320 0.6465 0.3337 0.0000 0.0198
003340 0.6550 0.3250 0.0000 0.0200
003360 0.6605 0.3194 0.0000 0.0201
003380 0.6653 0.3147 0.0000 0.0200
003400 0.6705 0.3087 0.0000 0.0208
003420 0.6727 0.3076 0.0000 0.0197
003440 0.6711 0.3074 0.0000 0.0216
003460 0.6684 0.3087 0.0000 0.0228
003480 0.6630 0.3109 0.0000 0.0260
003500 0.6556 0.3198 0.0000 0.0246
003520 0.6498 0.3241 0.0000 0.0261
003540 0.6430 0.3315 0.0000 0.0255
003560 0.6343 0.3389 0.0000 0.0267
003580 0.6294 0.3460 0.0000 0.0246
003600 0.6297 0.3475 0.0000 0.0229
003620 0.6297 0.3470 0.0000 0.0233
003640 0.6296 0.3461 0.0000 0.0243
003660 0.6289 0.3466 0.0000 0.0245
003680 0.6266 0.3484 0.0000 0.0250
003700 0.6240 0.3511 0.0000 0.0250
003720 0.6235 0.3517 0.0000 0.0248
003740 0.6252 0.3517 0.0000 0.0231
003760 0.6294 0.3484 0.0000 0.0221
003780 0.6367 0.3419 0.0000 0.0214
003800 0.6422 0.3368 0.0000 0.0210
003820 0.6447 0.3318 0.0000 0.0235
003840 0.6434 0.3344 0.0000 0.0223
003860 0.6438 0.3332 0.0000 0.0230
003880 0.6387 0.3367 0.0000 0.0245
003900 0.6323 0.3435 0.0000 0.0242
003920 0.6321 0.3455 0.0000 0.0224
003940 0.6363 0.3422 0.0000 0.0215
003960 0.6390 0.3389 0.0000 0.0221
003980 0.6405 0.3366 0.0000 0.0230
004000 0.6435 0.3340 0.0000 0.0225
004020 0.6454 0.3334 0.0000 0.0212
004040 0.6510 0.3288 0.0000 0.0201
004060 0.6557 0.3242 0.0000 0.0201
004080 0.6584 0.3207 0.0000 0.0209
004100 0.6617 0.3169 0.0000 0.0214
004120 0.6599 0.3165 0.0000 0.0236
004140 0.6555 0.3211 0.0000 0.0234
004160 0.6482 0.3271 0.0000 0.0247
004180 0.6412 0.3338 0.0000 0.0250
004200 0.6357 0.3399 0.0000 0.0244
004220 0.6363 0.3409 0.0000 0.0228
004240 0.6378 0.3389 0.0000 0.0234
004260 0.6371 0.3390 0.0000 0.0239
004280 0.6347 0.3409 0.0000 0.0244
004300 0.6364 0.3400 0.0000 0.0237
004320 0.6335 0.3439 0.0000 0.0225
004340 0.6343 0.3432 0.0000 0.0225
004360 0.6347 0.3420 0.0000 0.0234
004380 0.6358 0.3414 0.0000 0.0227
004400 0.6375 0.3401 0.0000 0.0224
004420 0.6413 0.3376 0.0000 0.0211
004440 0.6432 0.3358 0.0000 0.0210
004460 0.6475 0.3322 0.0000 0.0203
004480 0.6494 0.3297 0.0000 0.0210
004500 0.6495 0.3290 0.0000 0.0214
004520 0.6524 0.3261 0.0000 0.0215
004540 0.6504 0.3283 0.0000 0.0214
004560 0.6508 0.3285 0.0000 0.0207
004580 0.6518 0.3279 0.0000 0.0203
004600 0.6552 0.3242 0.0000 0.0205
004620 0.6568 0.3222 0.0000 0.0210
004640 0.6564 0.3208 0.0000 0.0228
004660 0.6554 0.3205 0.0000 0.0241
004680 0.6505 0.3247 0.0000 0.0247
004700 0.6450 0.3303 0.0000 0.0247
004720 0.6401 0.3358 0.0000 0.0242
004740 0.6397 0.3366 0.0000 0.0237
004760 0.6407 0.3367 0.0000 0.0226
004780 0.6422 0.3347 0.0000 0.0231
004800 0.6372 0.3378 0.0000 0.0250
004820 0.6311 0.3435 0.0000 0.0254
004840 0.6275 0.3468 0.0000 0.0257
004860 0.6255 0.3509 0.0000 0.0236
004880 0.6297 0.3493 0.0000 0.0210
004900 0.6403 0.3403 0.0000 0.0194
004920 0.6487 0.3311 0.0000 0.0202
004940 0.6530 0.3245 0.0000 0.0226
004960 0.6528 0.3259 0.0000 0.0212
004980 0.6570 0.3223 0.0000 0.0207
005000 0.6593 0.3193 0.0000 0.0214
005020 0.6565 0.3206 0.0000 0.0229
005040 0.6539 0.3248 0.0000 0.0213
005060 0.6532 0.3253 0.0000 0.0216
005080 0.6538 0.3251 0.0000 0.0211
005100 0.6554 0.3234 0.0000 0.0212
005120 0.6570 0.3211 0.0000 0.0219
005140 0.6555 0.3211 0.0000 0.0234
005160 0.6543 0.3214 0.0000 0.0243
005180 0.6465 0.3266 0.0000 0.0269
005200 0.6361 0.3367 0.0000 0.0272
005220 0.6285 0.3465 0.0000 0.0250
005240 0.6235 0.3525 0.0000 0.0240
005260 0.6208 0.3559 0.0000 0.0233
005280 0.6218 0.3563 0.0000 0.0218
005300 0.6286 0.3492 0.0000 0.0223
005320 0.6356 0.3432 0.0000 0.0212
005340 0.6439 0.3361 0.0000 0.0200
005360 0.6537 0.3279 0.0000 0.0184
005380 0.6618 0.3198 0.0000 0.0184
005400 0.6680 0.3127 0.0000 0.0193
005420 0.6713 0.3093 0.0000 0.0194
005440 0.6730 0.3062 0.0000 0.0208
005460 0.6725 0.3070 0.0000 0.0205
005480 0.6689 0.3086 0.0000 0.0225
005500 0.6633 0.3137 0.0000 0.0229
005520 0.6570 0.3196 0.0000 0.0234
005540 0.6500 0.3252 0.0000 0.0248
005560 0.6379 0.3356 0.0000 0.0265
005580 0.6333 0.3420 0.0000 0.0247
005600 0.6300 0.3451 0.0000 0.0249
005620 0.6277 0.3476 0.0000 0.0247
005640 0.6253 0.3489 0.0000 0.0257
005660 0.6227 0.3521 0.0000 0.0252
005680 0.6196 0.3567 0.0000 0.0237
005700 0.6252 0.3535 0.0000 0.0213
005720 0.6322 0.3477 0.0000 0.0201
005740 0.6450 0.3361 0.0000 0.0189
005760 0.6536 0.3276 0.0000 0.0188
005780 0.6624 0.3193 0.0000 0.0183
005800 0.6708 0.3107 0.0000 0.0185
005820 0.6804 0.3013 0.0000 0.0183
005840 0.6846 0.2951 0.0000 0.0203
005860 0.6792 0.2960 0.0000 0.0248
005880 0.6666 0.3080 0.0000 0.0254
005900 0.6575 0.3180 0.0000 0.0245
005920 0.6473 0.3275 0.0000 0.0253
005940 0.6367 0.3376 0.0000 0.0257
005960 0.6295 0.3449 0.0000 0.0256
005980 0.6192 0.3514 0.0000 0.0294
006000 0.6061 0.3642 0.0000 0.0297
006020 0.5978 0.3753 0.0000 0.0269
006040 0.5944 0.3802 0.0000 0.0254
006060 0.5992 0.3773 0.0000 0.0234
006080 0.6089 0.3705 0.0000 0.0207
006100 0.6256 0.3550 0.0000 0.0194
006120 0.6399 0.3418 0.0000 0.0183
006140 0.6529 0.3296 0.0000 0.0175
006160 0.6623 0.3178 0.0000 0.0199
006180 0.6654 0.3130 0.0000 0.0216
006200 0.6606 0.3158 0.0000 0.0236
006220 0.6581 0.3189 0.0000 0.0230
006240 0.6544 0.3221 0.0000 0.0234
006260 0.6509 0.3262 0.0000 0.0230
006280 0.6472 0.3308 0.0000 0.0220
006300 0.6513 0.3282 0.0000 0.0205
006320 0.6524 0.3251 0.0000 0.0225
006340 0.6517 0.3246 0.0000 0.0236
006360 0.6490 0.3270 0.0000 0.0240
006380 0.6418 0.3318 0.0000 0.0265
006400 0.6319 0.3407 0.0000 0.0274
006420 0.6241 0.3507 0.0000 0.0252
006440 0.6234 0.3543 0.0000 0.0223
006460 0.6285 0.3504 0.0000 0.0211
006480 0.6371 0.3425 0.0000 0.0204
006500 0.6448 0.3351 0.0000 0.0201
006520 0.6497 0.3291 0.0000 0.0212
006540 0.6496 0.3276 0.0000 0.0228
006560 0.6506 0.3268 0.0000 0.0226
006580 0.6495 0.3275 0.0000 0.0230
006600 0.6520 0.3260 0.0000 0.0220
006620 0.6540 0.3246 0.0000 0.0213
006640 0.6590 0.3206 0.0000 0.0204
006660 0.6609 0.3184 0.0000 0.0208
006680 0.6615 0.3172 0.0000 0.0212
006700 0.6636 0.3158 0.0000 0.0207
006720 0.6649 0.3139 0.0000 0.0213
006740 0.6630 0.3131 0.0000 0.0240
006760 0.6551 0.3200 0.0000 0.0249
006780 0.6462 0.3280 0.0000 0.0259
006800 0.6349 0.3380 0.0000 0.0271
006820 0.6236 0.3480 0.0000 0.0285
006840 0.6206 0.3555 0.0000 0.0239
006860 0.6202 0.3583 0.0000 0.0215
006880 0.6252 0.3536 0.0000 0.0212
006900 0.6339 0.3467 0.0000 0.0194
006920 0.6461 0.3344 0.0000 0.0194
006940 0.6570 0.3243 0.0000 0.0186
006960 0.6659 0.3151 0.0000 0.0190
006980 0.6712 0.3082 0.0000 0.0206
007000 0.6726 0.3055 0.0000 0.0219
007020 0.6676 0.3092 0.0000 0.0232
007040 0.6614 0.3150 0.0000 0.0236
007060 0.6557 0.3221 0.0000 0.0221
007080 0.6496 0.3268 0.0000 0.0237
007100 0.6441 0.3307 0.0000 0.0252
007120 0.6386 0.3364 0.0000 0.0250
007140 0.6308 0.3440 0.0000 0.0252
007160 0.6267 0.3497 0.0000 0.0236
007180 0.6303 0.3479 0.0000 0.0218
007200 0.6341 0.3441 0.0000 0.0218
007220 0.6410 0.3391 0.0000 0.0200
007240 0.6493 0.3314 0.0000 0.0192
007260 0.6572 0.3236 0.0000 0.0192
007280 0.6634 0.3173 0.0000 0.0193
007300 0.6694 0.3108 0.0000 0.0198
007320 0.6713 0.3079 0.0000 0.0209
007340 0.6703 0.3089 0.0000 0.0207
007360 0.6714 0.3070 0.0000 0.0216
007380 0.6670 0.3100 0.0000 0.0229
007400 0.6589 0.3174 0.0000 0.0237
007420 0.6527 0.3232 0.0000 0.0241
007440 0.6494 0.3276 0.0000 0.0230
007460 0.6481 0.3301 0.0000 0.0218
007480 0.6486 0.3301 0.0000 0.0212
007500 0.6499 0.3285 0.0000 0.0216
007520 0.6552 0.3242 0.0000 0.0207
007540 0.6626 0.3191 0.0000 0.0183
007560 0.6740 0.3092 0.0000 0.0168
007580 0.6843 0.2987 0.0000 0.0170
007600 0.6954 0.2865 0.0000 0.0180
007620 0.6999 0.2809 0.0000 0.0191
007640 0.6980 0.2820 0.0000 0.0200
007660 0.6995 0.2812 0.0000 0.0193
007680 0.6972 0.2829 0.0000 0.0199
007700 0.6920 0.2869 0.0000 0.0211
007720 0.6831 0.2940 0.0000 0.0229
007740 0.6701 0.3054 0.0000 0.0244
007760 0.6544 0.3194 0.0000 0.0262
007780 0.6426 0.3304 0.0000 0.0270
007800 0.6337 0.3400 0.0000 0.0264
007820 0.6313 0.3424 0.0000 0.0263
007840 0.6260 0.3481 0.0000 0.0259
007860 0.6241 0.3510 0.0000 0.0249
007880 0.6233 0.3520 0.0000 0.0248
007900 0.6199 0.3558 0.0000 0.0244
007920 0.6191 0.3572 0.0000 0.0237
007940 0.6196 0.3578 0.0000 0.0226
007960 0.6250 0.3539 0.0000 0.0211
007980 0.6306 0.3489 0.0000 0.0205
008000 0.6403 0.3404 0.0000 0.0193
008020 0.6473 0.3338 0.0000 0.0189
008040 0.6584 0.3231 0.0000 0.0185
008060 0.6707 0.3116 0.0000 0.0176
008080 0.6789 0.3047 0.0000 0.0164
008100 0.6863 0.2950 0.0000 0.0188
008120 0.6886 0.2920 0.0000 0.0194
008140 0.6869 0.2914 0.0000 0.0217
008160 0.6778 0.2991 0.0000 0.0231
008180 0.6678 0.3088 0.0000 0.0235
008200 0.6610 0.3163 0.0000 0.0227
008220 0.6582 0.3189 0.0000 0.0229
008240 0.6585 0.3211 0.0000 0.0204
008260 0.6569 0.3208 0.0000 0.0223
008280 0.6545 0.3220 0.0000 0.0235
008300 0.6532 0.3244 0.0000 0.0224
008320 0.6517 0.3244 0.0000 0.0239
008340 0.6473 0.3287 0.0000 0.0239
008360 0.6451 0.3310 0.0000 0.0239
008380 0.6398 0.3357 0.0000 0.0245
008400 0.6377 0.3382 0.0000 0.0242
008420 0.6361 0.3415 0.0000 0.0225
008440 0.6392 0.3390 0.0000 0.0218
008460 0.6392 0.3380 0.0000 0.0229
008480 0.6403 0.3374 0.0000 0.0223
008500 0.6392 0.3383 0.0000 0.0225
008520 0.6399 0.3383 0.0000 0.0218
008540 0.6439 0.3358 0.0000 0.0203
008560 0.6474 0.3321 0.0000 0.0205
008580 0.6514 0.3272 0.0000 0.0214
008600 0.6542 0.3234 0.0000 0.0224
008620 0.6543 0.3244 0.0000 0.0213
008640 0.6571 0.3217 0.0000 0.0212
008660 0.6567 0.3211 0.0000 0.0222
008680 0.6588 0.3193 0.0000 0.0220
008700 0.6596 0.3185 0.0000 0.0220
008720 0.6588 0.3196 0.0000 0.0216
008740 0.6562 0.3211 0.0000 0.0227
008760 0.6524 0.3248 0.0000 0.0229
008780 0.6512 0.3259 0.0000 0.0229
008800 0.6487 0.3277 0.0000 0.0236
008820 0.6446 0.3331 0.0000 0.0223
008840 0.6441 0.3343 0.0000 0.0216
008860 0.6445 0.3344 0.0000 0.0211
008880 0.6488 0.3306 0.0000 0.0206
008900 0.6567 0.3229 0.0000 0.0204
008920 0.6624 0.3177 0.0000 0.0199
008940 0.6689 0.3117 0.0000 0.0193
008960 0.6690 0.3111 0.0000 0.0199
008980 0.6668 0.3121 0.0000 0.0211
009000 0.6662 0.3115 0.0000 0.0223
009020 0.6617 0.3147 0.0000 0.0236
009040 0.6565 0.3200 0.0000 0.0235
009060 0.6531 0.3239 0.0000 0.0229
009080 0.6491 0.3288 0.0000 0.0221
009100 0.6469 0.3301 0.0000 0.0230
009120 0.6474 0.3297 0.0000 0.0228
009140 0.6491 0.3268 0.0000 0.0241
009160 0.6462 0.3297 0.0000 0.0242
009180 0.6457 0.3320 0.0000 0.0223
009200 0.6469 0.3306 0.0000 0.0225
009220 0.6489 0.3292 0.0000 0.0219
009240 0.6484 0.3297 0.0000 0.0220
009260 0.6543 0.3273 0.0000 0.0185
009280 0.6660 0.3164 0.0000 0.0176
009300 0.6713 0.3088 0.0000 0.0198
009320 0.6736 0.3050 0.0000 0.0215
009340 0.6743 0.3029 0.0000 0.0228
009360 0.6719 0.3044 0.0000 0.0238
009380 0.6637 0.3117 0.0000 0.0246
009400 0.6591 0.3180 0.0000 0.0229
009420 0.6547 0.3224 0.0000 0.0229
009440 0.6478 0.3275 0.0000 0.0247
009460 0.6384 0.3363 0.0000 0.0253
009480 0.6313 0.3429 0.0000 0.0258
009500 0.6228 0.3509 0.0000 0.0263
009520 0.6208 0.3553 0.0000 0.0239
009540 0.6217 0.3558 0.0000 0.0224
009560 0.6305 0.3491 0.0000 0.0204
009580 0.6386 0.3414 0.0000 0.0200
009600 0.6490 0.3323 0.0000 0.0188
009620 0.6576 0.3240 0.0000 0.0185
009640 0.6663 0.3156 0.0000 0.0181
009660 0.6713 0.3092 0.0000 0.0195
009680 0.6766 0.3041 0.0000 0.0193
009700 0.6798 0.2993 0.0000 0.0210
009720 0.6765 0.3006 0.0000 0.0229
009740 0.6732 0.3028 0.0000 0.0240
009760 0.6636 0.3119 0.0000 0.0245
009780 0.6523 0.3217 0.0000 0.0259
009800 0.6382 0.3362 0.0000 0.0256
009820 0.6309 0.3445 0.0000 0.0246
009840 0.6250 0.3494 0.0000 0.0256
009860 0.6190 0.3546 0.0000 0.0263
009880 0.6169 0.3585 0.0000 0.0246
009900 0.6183 0.3577 0.0000 0.0240
009920 0.6225 0.3553 0.0000 0.0221
009940 0.6277 0.3504 0.0000 0.0220
009960 0.6306 0.3463 0.0000 0.0231
009980 0.6341 0.3446 0.0000 0.0213
010000 0.6387 0.3404 0.0000 0.0209
010020 0.6454 0.3339 0.0000 0.0207
010040 0.6454 0.3339 0.0000 0.0207
010060 0.6454 0.3339 0.0000 0.0207
010080 0.6454 0.3339 0.0000 0.0207
010100 0.6454 0.3339 0.0000 0.0207
010120 0.6454 0.3339 0.0000 0.0207
010140 0.6454 0.3339 0.0000 0.0207
010160 0.6454 0.3339 0.0000 0.0207
010180 0.6454 0.3339 0.0000 0.0207
010200 0.6454 0.3339 0.0000 0.0207
010220 0.6454 0.3339 0.0000 0.0207
010240 0.6454 0.3339 0.0000 0.0207
010260 0.6454 0.3339 0.0000 0.0207
010280 0.6454 0.3339 0.0000 0.0207
010300 0.6454 0.3339 0.0000 0.0207
010320 0.6454 0.3339 0.0000 0.0207
010340 0.6454 0.3339 0.0000 0.0207
010360 0.6454 0.3339 0.0000 0.0207
010380 0.6454 0.3339 0.0000 0.0207
010400 0.6454 0.3339 0.0000 0.0207
010420 0.6454 0.3339 0.0000 0.0207
010440 0.6454 0.3339 0.0000 0.0207
010460 0.6454 0.3339 0.0000 0.0207
010480 0.6454 0.3339 0.0000 0.0207
010500 0.6454 0.3339 0.0000 0.0207
010520 0.6454 0.3339 0.0000 0.0207
010540 0.6454 0.3339 0.0000 0.0207
010560 0.6454 0.3339 0.0000 0.0207
010580 0.6454 0.3339 0.0000 0.0207
010600 0.6454 0.3339 0.0000 0.0207
010620 0.6454 0.3339 0.0000 0.0207
010640 0.6454 0.3339 0.0000 0.0207
010660 0.6454 0.3339 0.0000 0.0207
010680 0.6454 0.3339 0.0000 0.0207
010700 0.6454 0.3339 0.0000 0.0207
010720 0.6454 0.3339 0.0000 0.0207
010740 0.6454 0.3339 0.0000 0.0207
010760 0.6454 0.3339 0.0000 0.0207
010780 0.6454 0.3339 0.0000 0.0207
010800 0.6454 0.3339 0.0000 0.0207
010820 0.6454 0.3339 0.0000 0.0207
010840 0.6454 0.3339 0.0000 0.0207
010860 0.6454 0.3339 0.0000 0.0207
010880 0.6454 0.3339 0.0000 0.0207
010900 0.6454 0.3339 0.0000 0.0207
010920 0.6454 0.3339 0.0000 0.0207
010940 0.6454 0.3339 0.0000 0.0207
010960 0.6454 0.3339 0.0000 0.0207
010980 0.6454 0.3339 0.0000 0.0207
011000 0.6454 0.3339 0.0000 0.0207
011020 0.6454 0.3339 0.0000 0.0207
011040 0.6454 0.3339 0.0000 0.0207
011060 0.6454 0.3339 0.0000 0.0207
011080 0.6454 0.3339 0.0000 0.0207
011100 0.6454 0.3339 0.0000 0.0207
011120 0.6454 0.3339 0.0000 0.0207
011140 0.6454 0.3339 0.0000 0.0207
011160 0.6454 0.3339 0.0000 0.0207
011180 0.6454 0.3339 0.0000 0.0207
011200 0.6454 0.3339 0.0000 0.0207
011220 0.6454 0.3339 0.0000 0.0207
011240 0.6454 0.3339 0.0000 0.0207
011260 0.6454 0.3339 0.0000 0.0207
011280 0.6454 0.3339 0.0000 0.0207
011300 0.6454 0.3339 0.0000 0.0207
011320 0.6454 0.3339 0.0000 0.0207
011340 0.6454 0.3339 0.0000 0.0207
011360 0.6454 0.3339 0.0000 0.0207
011380 0.6454 0.3339 0.0000 0.0207
011400 0.6454 0.3339 0.0000 0.0207
011420 0.6454 0.3339 0.0000 0.0207
011440 0.6454 0.3339 0.0000 0.0207
011460 0.6454 0.3339 0.0000 0.0207
011480 0.6454 0.3339 0.0000 0.0207
011500 0.6454 0.3339 0.0000 0.0207
011520 0.6454 0.3339 0.0000 0.0207
011540 0.6454 0.3339 0.0000 0.0207
011560 0.6454 0.3339 0.0000 0.0207
011580 0.6454 0.3339 0.0000 0.0207
011600 0.6454 0.3339 0.0000 0.0207
011620 0.6454 0.3339 0.0000 0.0207
011640 0.6454 0.3339 0.0000 0.0207
011660 0.6454 0.3339 0.0000 0.0207
011680 0.6454 0.3339 0.0000 0.0207
011700 0.6454 0.3339 0.0000 0.0207
011720 0.6454 0.3339 0.0000 0.0207
011740 0.6454 0.3339 0.0000 0.0207
011760 0.6454 0.3339 0.0000 0.0207
011780 0.6454 0.3339 0.0000 0.0207
011800 0.6454 0.3339 0.0000 0.0207
011820 0.6454 0.3339 0.0000 0.0207
011840 0.6454 0.3339 0.0000 0.0207
011860 0.6454 0.3339 0.0000 0.0207
011880 0.6454 0.3339 0.0000 0.0207
011900 0.6454 0.3339 0.0000 0.0207
011920 0.6454 0.3339 0.0000 0.0207
011940 0.6454 0.3339 0.0000 0.0207
011960 0.6454 0.3339 0.0000 0.0207
011980 0.6454 0.3339 0.0000 0.0207
012000 0.6454 0.3339 0.0000 0.0207
012020 0.6454 0.3339 0.0000 0.0207
012040 0.6454 0.3339 0.0000 0.0207
012060 0.6454 0.3339 0.0000 0.0207
012080 0.6454 0.3339 0.0000 0.0207
012100 0.6454 0.3339 0.0000 0.0207
012120 0.6454 0.3339 0.0000 0.0207
012140 0.6454 0.3339 0.0000 0.0207
012160 0.6454 0.3339 0.0000 0.0207
012180 0.6454 0.3339 0.0000 0.0207
012200 0.6454 0.3339 0.0000 0.0207
012220 0.6454 0.3339 0.0000 0.0207
012240 0.6454 0.3339 0.0000 0.0207
012260 0.6454 0.3339 0.0000 0.0207
012280 0.6454 0.3339 0.0000 0.0207
012300 0.6454 0.3339 0.0000 0.0207
012320 0.6454 0.3339 0.0000 0.0207
012340 0.6454 0.3339 0.0000 0.0207
012360 0.6454 0.3339 0.0000 0.0207
012380 0.6454 0.3339 0.0000 0.0207
012400 0.6454 0.3339 0.0000 0.0207
012420 0.6454 0.3339 0.0000 0.0207
012440 0.6454 0.3339 0.0000 0.0207
012460 0.6454 0.3339 0.0000 0.0207
012480 0.6454 0.3339 0.0000 0.0207
012500 0.6454 0.3339 0.0000 0.0207
012520 0.6454 0.3339 0.0000 0.0207
012540 0.6454 0.3339 0.0000 0.0207
012560 0.6454 0.3339 0.0000 0.0207
012580 0.6454 0.3339 0.0000 0.0207
012600 0.6454 0.3339 0.0000 0.0207
012620 0.6454 0.3339 0.0000 0.0207
012640 0.6454 0.3339 0.0000 0.0207
012660 0.6454 0.3339 0.0000 0.0207
012680 0.6454 0.3339 0.0000 0.0207
012700 0.6454 0.3339 0.0000 0.0207
012720 0.6454 0.3339 0.0000 0.0207
012740 0.6454 0.3339 0.0000 0.0207
012760 0.6454 0.3339 0.0000 0.0207
012780 0.6454 0.3339 0.0000 0.0207
012800 0.6454 0.3339 0.0000 0.0207
012820 0.6454 0.3339 0.0000 0.0207
012840 0.6454 0.3339 0.0000 0.0207
012860 0.6454 0.3339 0.0000 0.0207
012880 0.6454 0.3339 0.0000 0.0207
012900 0.6454 0.3339 0.0000 0.0207
012920 0.6454 0.3339 0.0000 0.0207
012940 0.6454 0.3339 0.0000 0.0207
012960 0.6454 0.3339 0.0000 0.0207
012980 0.6454 0.3339 0.0000 0.0207
013000 0.6454 0.3339 0.0000 0.0207
013020 0.6454 0.3339 0.0000 0.0207
013040 0.6454 0.3339 0.0000 0.0207
013060 0.6454 0.3339 0.0000 0.0207
013080 0.6454 0.3339 0.0000 0.0207
013100 0.6454 0.3339 0.0000 0.0207
013120 0.6454 0.3339 0.0000 0.0207
013140 0.6454 0.3339 0.0000 0.0207
013160 0.6454 0.3339 0.0000 0.0207
013180 0.6454 0.3339 0.0000 0.0207
013200 0.6454 0.3339 0.0000 0.0207
013220 0.6454 0.3339 0.0000 0.0207
013240 0.6454 0.3339 0.0000 0.0207
013260 0.6454 0.3339 0.0000 0.0207
013280 0.6454 0.3339 0.0000 0.0207
013300 0.6454 0.3339 0.0000 0.0207
013320 0.6454 0.3339 0.0000 0.0207
013340 0.6454 0.3339 0.0000 0.0207
013360 0.6454 0.3339 0.0000 0.0207
013380 0.6454 0.3339 0.0000 0.0207
013400 0.6454 0.3339 0.0000 0.0207
013420 0.6454 0.3339 0.0000 0.0207
013440 0.6454 0.3339 0.0000 0.0207
013460 0.6454 0.3339 0.0000 0.0207
013480 0.6454 0.3339 0.0000 0.0207
013500 0.6454 0.3339 0.0000 0.0207
013520 0.6454 0.3339 0.0000 0.0207
013540 0.6454 0.3339 0.0000 0.0207
013560 0.6454 0.3339 0.0000 0.0207
013580 0.6454 0.3339 0.0000 0.0207
013600 0.6454 0.3339 0.0000 0.0207
013620 0.6454 0.3339 0.0000 0.0207
013640 0.6454 0.3339 0.0000 0.0207
013660 0.6454 0.3339 0.0000 0.0207
013680 0.6454 0.3339 0.0000 0.0207
013700 0.6454 0.3339 0.0000 0.0207
013720 0.6454 0.3339 0.0000 0.0207
013740 0.6454 0.3339 0.0000 0.0207
013760 0.6454 0.3339 0.0000 0.0207
013780 0.6454 0.3339 0.0000 0.0207
013800 0.6454 0.3339 0.0000 0.0207
013820 0.6454 0.3339 0.0000 0.0207
013840 0.6454 0.3339 0.0000 0.0207
013860 0.6454 0.3339 0.0000 0.0207
013880 0.6454 0.3339 0.0000 0.0207
013900 0.6454 0.3339 0.0000 0.0207
013920 0.6454 0.3339 0.0000 0.0207
013940 0.6454 0.3339 0.0000 0.0207
013960 0.6454 0.3339 0.0000 0.0207
013980 0.6454 0.3339 0.0000 0.0207
014000 0.6454 0.3339 0.0000 0.0207
014020 0.6454 0.3339 0.0000 0.0207
014040 0.6454 0.3339 0.0000 0.0207
014060 0.6454 0.3339 0.0000 0.0207
014080 0.6454 0.3339 0.0000 0.0207
014100 0.6454 0.3339 0.0000 0.0207
014120 0.6454 0.3339 0.0000 0.0207
014140 0.6454 0.3339 0.0000 0.0207
014160 0.6454 0.3339 0.0000 0.0207
014180 0.6454 0.3339 0.0000 0.0207
014200 0.6454 0.3339 0.0000 0.0207
014220 0.6454 0.3339 0.0000 0.0207
014240 0.6454 0.3339 0.0000 0.0207
014260 0.6454 0.3339 0.0000 0.0207
014280 0.6454 0.3339 0.0000 0.0207
014300 0.6454 0.3339 0.0000 0.0207
014320 0.6454 0.3339 0.0000 0.0207
014340 0.6454 0.3339 0.0000 0.0207
014360 0.6454 0.3339 0.0000 0.0207
014380 0.6454 0.3339 0.0000 0.0207
014400 0.6454 0.3339 0.0000 0.0207
014420 0.6454 0.3339 0.0000 0.0207
014440 0.6454 0.3339 0.0000 0.0207
014460 0.6454 0.3339 0.0000 0.0207
014480 0.6454 0.3339 0.0000 0.0207
014500 0.6454 0.3339 0.0000 0.0207
014520 0.6454 0.3339 0.0000 0.0207
014540 0.6454 0.3339 0.0000 0.0207
014560 0.6454 0.3339 0.0000 0.0207
014580 0.6454 0.3339 0.0000 0.0207
014600 0.6454 0.3339 0.0000 0.0207
014620 0.6454 0.3339 0.0000 0.0207
014640 0.6454 0.3339 0.0000 0.0207
014660 0.6454 0.3339 0.0000 0.0207
014680 0.6454 0.3339 0.0000 0.0207
014700 0.6454 0.3339 0.0000 0.0207
014720 0.6454 0.3339 0.0000 0.0207
014740 0.6454 0.3339 0.0000 0.0207
014760 0.6454 0.3339 0.0000 0.0207
014780 0.6454 0.3339 0.0000 0.0207
014800 0.6454 0.3339 0.0000 0.0207
014820 0.6454 0.3339 0.0000 0.0207
014840 0.6454 0.3339 0.0000 0.0207
014860 0.6454 0.3339 0.0000 0.0207
014880 0.6454 0.3339 0.0000 0.0207
014900 0.6454 0.3339 0.0000 0.0207
014920 0.6454 0.3339 0.0000 0.0207
014940 0.6454 0.3339 0.0000 0.0207
014960 0.6454 0.3339 0.0000 0.0207
014980 0.6454 0.3339 0.0000 0.0207
015000 0.6454 0.3339 0.0000 0.0207
015020 0.6454 0.3339 0.0000 0.0207
015040 0.6454 0.3339 0.0000 0.0207
015060 0.6454 0.3339 0.0000 0.0207
015080 0.6454 0.3339 0.0000 0.0207
015100 0.6454 0.3339 0.0000 0.0207
015120 0.6454 0.3339 0.0000 0.0207
015140 0.6454 0.3339 0.0000 0.0207
015160 0.6454 0.3339 0.0000 0.0207
015180 0.6454 0.3339 0.0000 0.0207
015200 0.6454 0.3339 0.0000 0.0207
015220 0.6454 0.3339 0.0000 0.0207
015240 0.6454 0.3339 0.0000 0.0207
015260 0.6454 0.3339 0.0000 0.0207
015280 0.6454 0.3339 0.0000 0.0207
015300 0.6454 0.3339 0.0000 0.0207
015320 0.6454 0.3339 0.0000 0.0207
015340 0.6454 0.3339 0.0000 0.0207
015360 0.6454 0.3339 0.0000 0.0207
015380 0.6454 0.3339 0.0000 0.0207
015400 0.6454 0.3339 0.0000 0.0207
015420 0.6454 0.3339 0.0000 0.0207
015440 0.6454 0.3339 0.0000 0.0207
015460 0.6454 0.3339 0.0000 0.0207
015480 0.6454 0.3339 0.0000 0.0207
015500 0.6454 0.3339 0.0000 0.0207
015520 0.6454 0.3339 0.0000 0.0207
015540 0.6454 0.3339 0.0000 0.0207
015560 0.6454 0.3339 0.0000 0.0207
015580 0.6454 0.3339 0.0000 0.0207
015600 0.6454 0.3339 0.0000 0.0207
015620 0.6454 0.3339 0.0000 0.0207
015640 0.6454 0.3339 0.0000 0.0207
015660 0.6454 0.3339 0.0000 0.0207
015680 0.6454 0.3339 0.0000 0.0207
015700 0.6454 0.3339 0.0000 0.0207
015720 0.6454 0.3339 0.0000 0.0207
015740 0.6454 0.3339 0.0000 0.0207
015760 0.6454 0.3339 0.0000 0.0207
015780 0.6454 0.3339 0.0000 0.0207
015800 0.6454 0.3339 0.0000 0.0207
015820 0.6454 0.3339 0.0000 0.0207
015840 0.6454 0.3339 0.0000 0.0207
015860 0.6454 0.3339 0.0000 0.0207
015880 0.6454 0.3339 0.0000 0.0207
015900 0.6454 0.3339 0.0000 0.0207
015920 0.6454 0.3339 0.0000 0.0207
015940 0.6454 0.3339 0.0000 0.0207
015960 0.6454 0.3339 0.0000 0.0207
015980 0.6454 0.3339 0.0000 0.0207
016000 0.6454 0.3339 0.0000 0.0207
016020 0.6454 0.3339 0.0000 0.0207
016040 0.6454 0.3339 0.0000 0.0207
016060 0.6454 0.3339 0.0000 0.0207
016080 0.6454 0.3339 0.0000 0.0207
016100 0.6454 0.3339 0.0000 0.0207
016120 0.6454 0.3339 0.0000 0.0207
016140 0.6454 0.3339 0.0000 0.0207
016160 0.6454 0.3339 0.0000 0.0207
016180 0.6454 0.3339 0.0000 0.0207
016200 0.6454 0.3339 0.0000 0.0207
016220 0.6454 0.3339 0.0000 0.0207
016240 0.6454 0.3339 0.0000 0.0207
016260 0.6454 0.3339 0.0000 0.0207
016280 0.6454 0.3339 0.0000 0.0207
016300 0.6454 0.3339 0.0000 0.0207
016320 0.6454 0.3339 0.0000 0.0207
016340 0.6454 0.3339 0.0000 0.0207
016360 0.6454 0.3339 0.0000 0.0207
016380 0.6454 0.3339 0.0000 0.0207
016400 0.6454 0.3339 0.0000 0.0207
016420 0.6454 0.3339 0.0000 0.0207
016440 0.6454 0.3339 0.0000 0.0207
016460 0.6454 0.3339 0.0000 0.0207
016480 0.6454 0.3339 0.0000 0.0207
016500 0.6454 0.3339 0.0000 0.0207
016520 0.6454 0.3339 0.0000 0.0207
016540 0.6454 0.3339 0.0000 0.0207
016560 0.6454 0.3339 0.0000 0.0207
016580 0.6454 0.3339 0.0000 0.0207
016600 0.6454 0.3339 0.0000 0.0207
016620 0.6454 0.3339 0.0000 0.0207
016640 0.6454 0.3339 0.0000 0.0207
016660 0.6454 0.3339 0.0000 0.0207
016680 0.6454 0.3339 0.0000 0.0207
016700 0.6454 0.3339 0.0000 0.0207
016720 0.6454 0.3339 0.0000 0.0207
016740 0.6454 0.3339 0.0000 0.0207
016760 0.6454 0.3339 0.0000 0.0207
016780 0.6454 0.3339 0.0000 0.0207
016800 0.6454 0.3339 0.0000 0.0207
016820 0.6454 0.3339 0.0000 0.0207
016840 0.6454 0.3339 0.0000 0.0207
016860 0.6454 0.3339 0.0000 0.0207
016880 0.6454 0.3339 0.0000 0.0207
016900 0.6454 0.3339 0.0000 0.0207
016920 0.6454 0.3339 0.0000 0.0207
016940 0.6454 0.3339 0.0000 0.0207
016960 0.6454 0.3339 0.0000 0.0207
016980 0.6454 0.3339 0.0000 0.0207
017000 0.6454 0.3339 0.0000 0.0207
017020 0.6454 0.3339 0.0000 0.0207
017040 0.6454 0.3339 0.0000 0.0207
017060 0.6454 0.3339 0.0000 0.0207
017080 0.6454 0.3339 0.0000 0.0207
017100 0.6454 0.3339 0.0000 0.0207
017120 0.6454 0.3339 0.0000 0.0207
017140 0.6454 0.3339 0.0000 0.0207
017160 0.6454 0.3339 0.0000 0.0207
017180 0.6454 0.3339 0.0000 0.0207
017200 0.6454 0.3339 0.0000 0.0207
017220 0.6454 0.3339 0.0000 0.0207
017240 0.6454 0.3339 0.0000 0.0207
017260 0.6454 0.3339 0.0000 0.0207
017280 0.6454 0.3339 0.0000 0.0207
017300 0.6454 0.3339 0.0000 0.0207
017320 0.6454 0.3339 0.0000 0.0207
017340 0.6454 0.3339 0.0000 0.0207
017360 0.6454 0.3339 0.0000 0.0207
017380 0.6454 0.3339 0.0000 0.0207
017400 0.6454 0.3339 0.0000 0.0207
017420 0.6454 0.3339 0.0000 0.0207
017440 0.6454 0.3339 0.0000 0.0207
017460 0.6454 0.3339 0.0000 0.0207
017480 0.6454 0.3339 0.0000 0.0207
017500 0.6454 0.3339 0.0000 0.0207
017520 0.6454 0.3339 0.0000 0.0207
017540 0.6454 0.3339 0.0000 0.0207
017560 0.6454 0.3339 0.0000 0.0207
017580 0.6454 0.3339 0.0000 0.0207
017600 0.6454 0.3339 0.0000 0.0207
017620 0.6454 0.3339 0.0000 0.0207
017640 0.6454 0.3339 0.0000 0.0207
017660 0.6454 0.3339 0.0000 0.0207
017680 0.6454 0.3339 0.0000 0.0207
017700 0.6454 0.3339 0.0000 0.0207
017720 0.6454 0.3339 0.0000 0.0207
017740 0.6454 0.3339 0.0000 0.0207
017760 0.6454 0.3339 0.0000 0.0207
017780 0.6454 0.3339 0.0000 0.0207
017800 0.6454 0.3339 0.0000 0.0207
017820 0.6454 0.3339 0.0000 0.0207
017840 0.6454 0.3339 0.0000 0.0207
017860 0.6454 0.3339 0.0000 0.0207
017880 0.6454 0.3339 0.0000 0.0207
017900 0.6454 0.3339 0.0000 0.0207
017920 0.6454 0.3339 0.0000 0.0207
017940 0.6454 0.3339 0.0000 0.0207
017960 0.6454 0.3339 0.0000 0.0207
017980 0.6454 0.3339 0.0000 0.0207
018000 0.6454 0.3339 0.0000 0.0207
018020 0.6454 0.3339 0.0000 0.0207
018040 0.6454 0.3339 0.0000 0.0207
018060 0.6454 0.3339 0.0000 0.0207
018080 0.6454 0.3339 0.0000 0.0207
018100 0.6454 0.3339 0.0000 0.0207
018120 0.6454 0.3339 0.0000 0.0207
018140 0.6454 0.3339 0.0000 0.0207
018160 0.6454 0.3339 0.0000 0.0207
018180 0.6454 0.3339 0.0000 0.0207
018200 0.6454 0.3339 0.0000 0.0207
018220 0.6454 0.3339 0.0000 0.0207
018240 0.6454 0.3339 0.0000 0.0207
018260 0.6454 0.3339 0.0000 0.0207
018280 0.6454 0.3339 0.0000 0.0207
018300 0.6454 0.3339 0.0000 0.0207
018320 0.6454 0.3339 0.0000 0.0207
018340 0.6454 0.3339 0.0000 0.0207
018360 0.6454 0.3339 0.0000 0.0207
018380 0.6454 0.3339 0.0000 0.0207
018400 0.6454 0.3339 0.0000 0.0207
018420 0.6454 0.3339 0.0000 0.0207
018440 0.6454 0.3339 0.0000 0.0207
018460 0.6454 0.3339 0.0000 0.0207
018480 0.6454 0.3339 0.0000 0.0207
018500 0.6454 0.3339 0.0000 0.0207
018520 0.6454 0.3339 0.0000 0.0207
018540 0.6454 0.3339 0.0000 0.0207
018560 0.6454 0.3339 0.0000 0.0207
018580 0.6454 0.3339 0.0000 0.0207
018600 0.6454 0.3339 0.0000 0.0207
018620 0.6454 0.3339 0.0000 0.0207
018640 0.6454 0.3339 0.0000 0.0207
018660 0.6454 0.3339 0.0000 0.0207
018680 0.6454 0.3339 0.0000 0.0207
018700 0.6454 0.3339 0.0000 0.0207
018720 0.6454 0.3339 0.0000 0.0207
018740 0.6454 0.3339 0.0000 0.0207
018760 0.6454 0.3339 0.0000 0.0207
018780 0.6454 0.3339 0.0000 0.0207
018800 0.6454 0.3339 0.0000 0.0207
018820 0.6454 0.3339 0.0000 0.0207
018840 0.6454 0.3339 0.0000 0.0207
018860 0.6454 0.3339 0.0000 0.0207
018880 0.6454 0.3339 0.0000 0.0207
018900 0.6454 0.3339 0.0000 0.0207
018920 0.6454 0.3339 0.0000 0.0207
018940 0.6454 0.3339 0.0000 0.0207
018960 0.6454 0.3339 0.0000 0.0207
018980 0.6454 0.3339 0.0000 0.0207
019000 0.6454 0.3339 0.0000 0.0207
019020 0.6454 0.3339 0.0000 0.0207
019040 0.6454 0.3339 0.0000 0.0207
019060 0.6454 0.3339 0.0000 0.0207
019080 0.6454 0.3339 0.0000 0.0207
019100 0.6454 0.3339 0.0000 0.0207
019120 0.6454 0.3339 0.0000 0.0207
019140 0.6454 0.3339 0.0000 0.0207
019160 0.6454 0.3339 0.0000 0.0207
019180 0.6454 0.3339 0.0000 0.0207
019200 0.6454 0.3339 0.0000 0.0207
019220 0.6454 0.3339 0.0000 0.0207
019240 0.6454 0.3339 0.0000 0.0207
019260 0.6454 0.3339 0.0000 0.0207
019280 0.6454 0.3339 0.0000 0.0207
019300 0.6454 0.3339 0.0000 0.0207
019320 0.6454 0.3339 0.0000 0.0207
019340 0.6454 0.3339 0.0000 0.0207
019360 0.6454 0.3339 0.0000 0.0207
019380 0.6454 0.3339 0.0000 0.0207
019400 0.6454 0.3339 0.0000 0.0207
019420 0.6454 0.3339 0.0000 0.0207
019440 0.6454 0.3339 0.0000 0.0207
019460 0.6454 0.3339 0.0000 0.0207
019480 0.6454 0.3339 0.0000 0.0207
019500 0.6454 0.3339 0.0000 0.0207
019520 0.6454 0.3339 0.0000 0.0207
019540 0.6454 0.3339 0.0000 0.0207
019560 0.6454 0.3339 0.0000 0.0207
019580 0.6454 0.3339 0.0000 0.0207
019600 0.6454 0.3339 0.0000 0.0207
019620 0.6454 0.3339 0.0000 0.0207
019640 0.6454 0.3339 0.0000 0.0207
019660 0.6454 0.3339 0.0000 0.0207
019680 0.6454 0.3339 0.0000 0.0207
019700 0.6454 0.3339 0.0000 0.0207
019720 0.6454 0.3339 0.0000 0.0207
019740 0.6454 0.3339 0.0000 0.0207
019760 0.6454 0.3339 0.0000 0.0207
019780 0.6454 0.3339 0.0000 0.0207
019800 0.6454 0.3339 0.0000 0.0207
019820 0.6454 0.3339 0.0000 0.0207
019840 0.6454 0.3339 0.0000 0.0207
019860 0.6454 0.3339 0.0000 0.0207
019880 0.6454 0.3339 0.0000 0.0207
019900 0.6454 0.3339 0.0000 0.0207
019920 0.6454 0.3339 0.0000 0.0207
019940 0.6454 0.3339 0.0000 0.0207
019960 0.6454 0.3339 0.0000 0.0207
019980 0.6454 0.3339 0.0000 0.0207
020000 0.6454 0.3339 0.0000 0.0207
