000000 0.2500 0.2500 0.2500 0.2500
000020 0.2600 0.2588 0.2298 0.2513
000040 0.2721 0.2685 0.2082 0.2511
000060 0.2837 0.2786 0.1867 0.2509
000080 0.2945 0.2896 0.1663 0.2495
000100 0.3043 0.3007 0.1473 0.2477
000120 0.3132 0.3124 0.1293 0.2451
000140 0.3204 0.3254 0.1126 0.2416
000160 0.3266 0.3389 0.0973 0.2373
000180 0.3314 0.3535 0.0828 0.2324
000200 0.3352 0.3686 0.0697 0.2266
000220 0.3386 0.3840 0.0580 0.2194
000240 0.3400 0.4013 0.0472 0.2116
000260 0.3409 0.4188 0.0376 0.2027
000280 0.3407 0.4369 0.0289 0.1934
000300 0.3400 0.4544 0.0210 0.1846
000320 0.3374 0.4748 0.0143 0.1735
000340 0.3337 0.4957 0.0090 0.1616
000360 0.3288 0.5180 0.0047 0.1485
000380 0.3209 0.5407 0.0019 0.1365
000400 0.3102 0.5660 0.0002 0.1235
000420 0.2975 0.5952 0.0000 0.1074
000440 0.2883 0.6220 0.0000 0.0897
000460 0.2827 0.6433 0.0000 0.0740
000480 0.2813 0.6563 0.0000 0.0625
000500 0.2812 0.6658 0.0000 0.0530
000520 0.2810 0.6733 0.0000 0.0456
000540 0.2804 0.6792 0.0000 0.0404
000560 0.2793 0.6853 0.0000 0.0354
000580 0.2764 0.6913 0.0000 0.0323
000600 0.2769 0.6947 0.0000 0.0283
000620 0.2827 0.6927 0.0000 0.0247
000640 0.2930 0.6849 0.0000 0.0221
000660 0.3048 0.6737 0.0000 0.0214
000680 0.3177 0.6609 0.0000 0.0213
000700 0.3298 0.6479 0.0000 0.0223
000720 0.3400 0.6380 0.0000 0.0219
000740 0.3462 0.6290 0.0000 0.0249
000760 0.3483 0.6252 0.0000 0.0265
000780 0.3448 0.6255 0.0000 0.0296
000800 0.3434 0.6282 0.0000 0.0283
000820 0.3487 0.6234 0.0000 0.0279
000840 0.3569 0.6156 0.0000 0.0275
000860 0.3689 0.6049 0.0000 0.0262
000880 0.3850 0.5878 0.0000 0.0272
000900 0.3958 0.5763 0.0000 0.0278
000920 0.4030 0.5691 0.0000 0.0280
000940 0.4073 0.5615 0.0000 0.0312
000960 0.4061 0.5594 0.0000 0.0345
000980 0.4030 0.5627 0.0000 0.0343
001000 0.4052 0.5586 0.0000 0.0361
001020 0.4114 0.5552 0.0000 0.0334
001040 0.4281 0.5413 0.0000 0.0307
001060 0.4490 0.5215 0.0000 0.0295
001080 0.4653 0.5029 0.0000 0.0318
001100 0.4768 0.4894 0.0000 0.0338
001120 0.4809 0.4830 0.0000 0.0361
001140 0.4787 0.4826 0.0000 0.0386
001160 0.4722 0.4868 0.0000 0.0410
001180 0.4716 0.4876 0.0000 0.0409
001200 0.4743 0.4845 0.0000 0.0412
001220 0.4850 0.4777 0.0000 0.0373
001240 0.5048 0.4601 0.0000 0.0351
001260 0.5254 0.4382 0.0000 0.0364
001280 0.5394 0.4219 0.0000 0.0387
001300 0.5499 0.4088 0.0000 0.0413
001320 0.5564 0.4017 0.0000 0.0419
001340 0.5530 0.4005 0.0000 0.0465
001360 0.5469 0.4069 0.0000 0.0462
001380 0.5435 0.4103 0.0000 0.0462
001400 0.5491 0.4056 0.0000 0.0453
001420 0.5609 0.3937 0.0000 0.0453
001440 0.5646 0.3879 0.0000 0.0474
001460 0.5650 0.3878 0.0000 0.0472
001480 0.5671 0.3867 0.0000 0.0463
001500 0.5689 0.3831 0.0000 0.0480
001520 0.5729 0.3807 0.0000 0.0464
001540 0.5805 0.3740 0.0000 0.0455
001560 0.5871 0.3682 0.0000 0.0448
001580 0.5883 0.3631 0.0000 0.0486
001600 0.5869 0.3622 0.0000 0.0510
001620 0.5867 0.3639 0.0000 0.0494
001640 0.5855 0.3669 0.0000 0.0476
001660 0.5886 0.3659 0.0000 0.0455
001680 0.5910 0.3620 0.0000 0.0471
001700 0.5936 0.3593 0.0000 0.0471
001720 0.5935 0.3579 0.0000 0.0486
001740 0.5874 0.3610 0.0000 0.0516
001760 0.5843 0.3651 0.0000 0.0506
001780 0.5873 0.3649 0.0000 0.0478
001800 0.5916 0.3603 0.0000 0.0482
001820 0.5912 0.3599 0.0000 0.0488
001840 0.5977 0.3562 0.0000 0.0461
001860 0.6033 0.3502 0.0000 0.0465
001880 0.6071 0.3457 0.0000 0.0472
001900 0.6072 0.3429 0.0000 0.0499
001920 0.6006 0.3490 0.0000 0.0504
001940 0.5974 0.3533 0.0000 0.0493
001960 0.5968 0.3527 0.0000 0.0505
001980 0.5910 0.3570 0.0000 0.0520
002000 0.5859 0.3637 0.0000 0.0505
002020 0.5845 0.3671 0.0000 0.0484
002040 0.5891 0.3631 0.0000 0.0477
002060 0.5943 0.3562 0.0000 0.0495
002080 0.6011 0.3518 0.0000 0.0471
002100 0.6051 0.3452 0.0000 0.0497
002120 0.6036 0.3481 0.0000 0.0483
002140 0.5992 0.3515 0.0000 0.0493
002160 0.5977 0.3539 0.0000 0.0484
002180 0.6016 0.3510 0.0000 0.0474
002200 0.6084 0.3457 0.0000 0.0460
002220 0.6122 0.3398 0.0000 0.0480
002240 0.6070 0.3419 0.0000 0.0511
002260 0.5971 0.3493 0.0000 0.0536
002280 0.5817 0.3631 0.0000 0.0552
002300 0.5700 0.3757 0.0000 0.0542
002320 0.5653 0.3846 0.0000 0.0501
002340 0.5717 0.3822 0.0000 0.0461
002360 0.5803 0.3714 0.0000 0.0483
002380 0.5911 0.3628 0.0000 0.0461
002400 0.6038 0.3509 0.0000 0.0453
002420 0.6099 0.3432 0.0000 0.0469
002440 0.6079 0.3418 0.0000 0.0502
002460 0.6005 0.3481 0.0000 0.0514
002480 0.5932 0.3568 0.0000 0.0500
002500 0.5862 0.3642 0.0000 0.0496
002520 0.5872 0.3634 0.0000 0.0495
002540 0.5900 0.3611 0.0000 0.0489
002560 0.6036 0.3517 0.0000 0.0448
002580 0.6145 0.3407 0.0000 0.0447
002600 0.6176 0.3341 0.0000 0.0483
002620 0.6088 0.3393 0.0000 0.0519
002640 0.5903 0.3556 0.0000 0.0541
002660 0.5728 0.3738 0.0000 0.0534
002680 0.5660 0.3819 0.0000 0.0521
002700 0.5700 0.3818 0.0000 0.0482
002720 0.5850 0.3703 0.0000 0.0446
002740 0.6038 0.3530 0.0000 0.0432
002760 0.6142 0.3395 0.0000 0.0463
002780 0.6165 0.3367 0.0000 0.0468
002800 0.6135 0.3382 0.0000 0.0483
002820 0.6056 0.3441 0.0000 0.0503
002840 0.6039 0.3472 0.0000 0.0489
002860 0.5968 0.3539 0.0000 0.0493
002880 0.5928 0.3587 0.0000 0.0485
002900 0.5941 0.3571 0.0000 0.0489
002920 0.5971 0.3532 0.0000 0.0497
002940 0.5934 0.3564 0.0000 0.0502
002960 0.5888 0.3609 0.0000 0.0503
002980 0.5853 0.3659 0.0000 0.0488
003000 0.5857 0.3661 0.0000 0.0481
003020 0.5810 0.3681 0.0000 0.0509
003040 0.5797 0.3697 0.0000 0.0506
003060 0.5870 0.3658 0.0000 0.0472
003080 0.6029 0.3529 0.0000 0.0442
003100 0.6132 0.3413 0.0000 0.0455
003120 0.6175 0.3352 0.0000 0.0472
003140 0.6092 0.3400 0.0000 0.0509
003160 0.5978 0.3499 0.0000 0.0523
003180 0.5895 0.3614 0.0000 0.0491
003200 0.5875 0.3629 0.0000 0.0497
003220 0.5872 0.3634 0.0000 0.0494
003240 0.5898 0.3604 0.0000 0.0498
003260 0.5927 0.3598 0.0000 0.0475
003280 0.5959 0.3567 0.0000 0.0474
003300 0.6028 0.3506 0.0000 0.0465
003320 0.6109 0.3434 0.0000 0.0457
003340 0.6124 0.3389 0.0000 0.0487
003360 0.6093 0.3411 0.0000 0.0496
003380 0.6005 0.3479 0.0000 0.0516
003400 0.5898 0.3556 0.0000 0.0547
003420 0.5796 0.3657 0.0000 0.0547
003440 0.5746 0.3746 0.0000 0.0507
003460 0.5762 0.3748 0.0000 0.0490
003480 0.5845 0.3688 0.0000 0.0467
003500 0.5942 0.3598 0.0000 0.0460
003520 0.6033 0.3483 0.0000 0.0484
003540 0.6013 0.3496 0.0000 0.0491
003560 0.5994 0.3521 0.0000 0.0485
003580 0.5977 0.3528 0.0000 0.0495
003600 0.5962 0.3552 0.0000 0.0486
003620 0.5963 0.3549 0.0000 0.0488
003640 0.5930 0.3578 0.0000 0.0491
003660 0.5899 0.3612 0.0000 0.0489
003680 0.5882 0.3623 0.0000 0.0496
003700 0.5900 0.3615 0.0000 0.0486
003720 0.5969 0.3560 0.0000 0.0471
003740 0.6014 0.3502 0.0000 0.0484
003760 0.5983 0.3503 0.0000 0.0514
003780 0.5927 0.3583 0.0000 0.0490
003800 0.5986 0.3534 0.0000 0.0480
003820 0.5993 0.3521 0.0000 0.0486
003840 0.5954 0.3540 0.0000 0.0506
003860 0.5906 0.3585 0.0000 0.0509
003880 0.5869 0.3625 0.0000 0.0507
003900 0.5903 0.3625 0.0000 0.0472
003920 0.5947 0.3590 0.0000 0.0462
003940 0.5991 0.3537 0.0000 0.0472
003960 0.5967 0.3537 0.0000 0.0496
003980 0.5959 0.3553 0.0000 0.0488
004000 0.5981 0.3544 0.0000 0.0475
004020 0.5996 0.3516 0.0000 0.0488
004040 0.5934 0.3543 0.0000 0.0523
004060 0.5860 0.3625 0.0000 0.0515
004080 0.5870 0.3643 0.0000 0.0488
004100 0.5893 0.3620 0.0000 0.0488
004120 0.5925 0.3589 0.0000 0.0486
004140 0.5985 0.3559 0.0000 0.0456
004160 0.6065 0.3474 0.0000 0.0460
004180 0.6080 0.3439 0.0000 0.0481
004200 0.6049 0.3470 0.0000 0.0481
004220 0.6019 0.3479 0.0000 0.0502
004240 0.5928 0.3554 0.0000 0.0518
004260 0.5839 0.3654 0.0000 0.0507
004280 0.5890 0.3649 0.0000 0.0461
004300 0.5986 0.3549 0.0000 0.0465
004320 0.6036 0.3465 0.0000 0.0499
004340 0.6018 0.3479 0.0000 0.0504
004360 0.5976 0.3527 0.0000 0.0497
004380 0.5935 0.3553 0.0000 0.0512
004400 0.5812 0.3646 0.0000 0.0542
004420 0.5775 0.3734 0.0000 0.0491
004440 0.5839 0.3662 0.0000 0.0499
004460 0.5928 0.3592 0.0000 0.0480
004480 0.6003 0.3510 0.0000 0.0487
004500 0.6002 0.3519 0.0000 0.0479
004520 0.5992 0.3526 0.0000 0.0481
004540 0.5999 0.3506 0.0000 0.0495
004560 0.5945 0.3540 0.0000 0.0515
004580 0.5900 0.3606 0.0000 0.0495
004600 0.5875 0.3628 0.0000 0.0497
004620 0.5858 0.3634 0.0000 0.0508
004640 0.5869 0.3662 0.0000 0.0470
004660 0.5933 0.3598 0.0000 0.0469
004680 0.6009 0.3540 0.0000 0.0450
004700 0.6049 0.3490 0.0000 0.0461
004720 0.6103 0.3431 0.0000 0.0466
004740 0.6125 0.3400 0.0000 0.0475
004760 0.6124 0.3407 0.0000 0.0469
004780 0.6093 0.3435 0.0000 0.0472
004800 0.6080 0.3434 0.0000 0.0486
004820 0.6106 0.3429 0.0000 0.0464
004840 0.6104 0.3407 0.0000 0.0489
004860 0.6021 0.3463 0.0000 0.0516
004880 0.5897 0.3581 0.0000 0.0522
004900 0.5790 0.3681 0.0000 0.0529
004920 0.5717 0.3749 0.0000 0.0534
004940 0.5679 0.3817 0.0000 0.0504
004960 0.5769 0.3771 0.0000 0.0460
004980 0.5910 0.3638 0.0000 0.0452
005000 0.6016 0.3522 0.0000 0.0461
005020 0.6087 0.3440 0.0000 0.0473
005040 0.6109 0.3408 0.0000 0.0483
005060 0.6058 0.3449 0.0000 0.0494
005080 0.6063 0.3465 0.0000 0.0472
005100 0.6086 0.3439 0.0000 0.0475
005120 0.6089 0.3417 0.0000 0.0493
005140 0.5995 0.3497 0.0000 0.0508
005160 0.5911 0.3575 0.0000 0.0514
005180 0.5848 0.3655 0.0000 0.0497
005200 0.5904 0.3644 0.0000 0.0452
005220 0.5994 0.3560 0.0000 0.0446
005240 0.6031 0.3486 0.0000 0.0483
005260 0.6060 0.3445 0.0000 0.0495
005280 0.6076 0.3447 0.0000 0.0477
005300 0.6029 0.3484 0.0000 0.0487
005320 0.5970 0.3542 0.0000 0.0488
005340 0.5942 0.3568 0.0000 0.0490
005360 0.5926 0.3573 0.0000 0.0501
005380 0.5924 0.3575 0.0000 0.0501
005400 0.5983 0.3550 0.0000 0.0467
005420 0.6065 0.3486 0.0000 0.0449
005440 0.6117 0.3405 0.0000 0.0478
005460 0.6040 0.3442 0.0000 0.0517
005480 0.5985 0.3505 0.0000 0.0509
005500 0.5948 0.3559 0.0000 0.0493
005520 0.5894 0.3597 0.0000 0.0510
005540 0.5887 0.3621 0.0000 0.0492
005560 0.5934 0.3597 0.0000 0.0469
005580 0.6023 0.3523 0.0000 0.0454
005600 0.6104 0.3450 0.0000 0.0447
005620 0.6113 0.3403 0.0000 0.0484
005640 0.6047 0.3446 0.0000 0.0507
005660 0.5974 0.3524 0.0000 0.0502
005680 0.5956 0.3554 0.0000 0.0490
005700 0.5937 0.3551 0.0000 0.0512
005720 0.5883 0.3602 0.0000 0.0515
005740 0.5854 0.3638 0.0000 0.0507
005760 0.5857 0.3644 0.0000 0.0499
005780 0.5820 0.3675 0.0000 0.0505
005800 0.5864 0.3666 0.0000 0.0470
005820 0.5933 0.3601 0.0000 0.0466
005840 0.5964 0.3559 0.0000 0.0476
005860 0.6019 0.3525 0.0000 0.0455
005880 0.6096 0.3444 0.0000 0.0460
005900 0.6100 0.3417 0.0000 0.0483
005920 0.6069 0.3450 0.0000 0.0481
005940 0.6003 0.3491 0.0000 0.0506
005960 0.5911 0.3574 0.0000 0.0515
005980 0.5857 0.3640 0.0000 0.0503
006000 0.5864 0.3639 0.0000 0.0497
006020 0.5874 0.3645 0.0000 0.0481
006040 0.5953 0.3595 0.0000 0.0452
006060 0.6043 0.3487 0.0000 0.0469
006080 0.6044 0.3467 0.0000 0.0489
006100 0.6051 0.3476 0.0000 0.0473
006120 0.6021 0.3478 0.0000 0.0502
006140 0.5959 0.3529 0.0000 0.0512
006160 0.5958 0.3547 0.0000 0.0496
006180 0.5989 0.3543 0.0000 0.0468
006200 0.6032 0.3496 0.0000 0.0471
006220 0.6070 0.3446 0.0000 0.0484
006240 0.6034 0.3463 0.0000 0.0503
006260 0.5983 0.3511 0.0000 0.0506
006280 0.5936 0.3559 0.0000 0.0505
006300 0.5931 0.3568 0.0000 0.0502
006320 0.5882 0.3612 0.0000 0.0506
006340 0.5876 0.3638 0.0000 0.0486
006360 0.5895 0.3620 0.0000 0.0485
006380 0.5910 0.3600 0.0000 0.0490
006400 0.5940 0.3577 0.0000 0.0484
006420 0.5962 0.3537 0.0000 0.0501
006440 0.5965 0.3546 0.0000 0.0489
006460 0.5981 0.3530 0.0000 0.0489
006480 0.5947 0.3556 0.0000 0.0497
006500 0.5937 0.3554 0.0000 0.0508
006520 0.5949 0.3555 0.0000 0.0496
006540 0.6002 0.3529 0.0000 0.0469
006560 0.6026 0.3505 0.0000 0.0468
006580 0.6042 0.3475 0.0000 0.0483
006600 0.6029 0.3475 0.0000 0.0496
006620 0.5986 0.3516 0.0000 0.0498
006640 0.5967 0.3539 0.0000 0.0494
006660 0.5997 0.3534 0.0000 0.0470
006680 0.6023 0.3495 0.0000 0.0482
006700 0.6017 0.3489 0.0000 0.0494
006720 0.5978 0.3519 0.0000 0.0504
006740 0.5946 0.3563 0.0000 0.0491
006760 0.5933 0.3563 0.0000 0.0504
006780 0.5958 0.3530 0.0000 0.0511
006800 0.5940 0.3555 0.0000 0.0504
006820 0.5910 0.3600 0.0000 0.0490
006840 0.5910 0.3585 0.0000 0.0505
006860 0.5925 0.3595 0.0000 0.0481
006880 0.5953 0.3556 0.0000 0.0491
006900 0.5959 0.3564 0.0000 0.0478
006920 0.6019 0.3507 0.0000 0.0475
006940 0.6029 0.3476 0.0000 0.0495
006960 0.5927 0.3555 0.0000 0.0517
006980 0.5905 0.3599 0.0000 0.0496
007000 0.5916 0.3593 0.0000 0.0491
007020 0.5956 0.3578 0.0000 0.0466
007040 0.5955 0.3572 0.0000 0.0472
007060 0.5978 0.3538 0.0000 0.0484
007080 0.5983 0.3525 0.0000 0.0493
007100 0.5985 0.3518 0.0000 0.0497
007120 0.5935 0.3553 0.0000 0.0512
007140 0.5893 0.3625 0.0000 0.0482
007160 0.5923 0.3600 0.0000 0.0477
007180 0.5918 0.3577 0.0000 0.0504
007200 0.5943 0.3585 0.0000 0.0472
007220 0.5952 0.3559 0.0000 0.0489
007240 0.5978 0.3531 0.0000 0.0491
007260 0.5988 0.3527 0.0000 0.0485
007280 0.5961 0.3545 0.0000 0.0495
007300 0.5934 0.3573 0.0000 0.0494
007320 0.5988 0.3550 0.0000 0.0461
007340 0.6012 0.3520 0.0000 0.0468
007360 0.6037 0.3491 0.0000 0.0472
007380 0.6075 0.3465 0.0000 0.0460
007400 0.6125 0.3417 0.0000 0.0458
007420 0.6108 0.3402 0.0000 0.0490
007440 0.6062 0.3441 0.0000 0.0497
007460 0.6041 0.3456 0.0000 0.0503
007480 0.5976 0.3510 0.0000 0.0514
007500 0.5902 0.3577 0.0000 0.0521
007520 0.5781 0.3692 0.0000 0.0527
007540 0.5746 0.3758 0.0000 0.0496
007560 0.5801 0.3738 0.0000 0.0461
007580 0.5969 0.3578 0.0000 0.0453
007600 0.6111 0.3447 0.0000 0.0443
007620 0.6163 0.3354 0.0000 0.0483
007640 0.6129 0.3375 0.0000 0.0496
007660 0.6008 0.3458 0.0000 0.0534
007680 0.5808 0.3633 0.0000 0.0559
007700 0.5674 0.3776 0.0000 0.0550
007720 0.5668 0.3831 0.0000 0.0502
007740 0.5768 0.3785 0.0000 0.0447
007760 0.5988 0.3601 0.0000 0.0411
007780 0.6194 0.3386 0.0000 0.0420
007800 0.6277 0.3269 0.0000 0.0455
007820 0.6288 0.3228 0.0000 0.0484
007840 0.6167 0.3296 0.0000 0.0536
007860 0.5952 0.3495 0.0000 0.0553
007880 0.5807 0.3672 0.0000 0.0521
007900 0.5801 0.3718 0.0000 0.0481
007920 0.5868 0.3666 0.0000 0.0466
007940 0.6000 0.3552 0.0000 0.0448
007960 0.6123 0.3425 0.0000 0.0452
007980 0.6195 0.3329 0.0000 0.0476
008000 0.6159 0.3337 0.0000 0.0504
008020 0.6026 0.3444 0.0000 0.0530
008040 0.5844 0.3629 0.0000 0.0527
008060 0.5726 0.3749 0.0000 0.0526
008080 0.5694 0.3802 0.0000 0.0504
008100 0.5750 0.3766 0.0000 0.0484
008120 0.5942 0.3634 0.0000 0.0424
008140 0.6108 0.3451 0.0000 0.0441
008160 0.6202 0.3345 0.0000 0.0452
008180 0.6196 0.3330 0.0000 0.0474
008200 0.6101 0.3390 0.0000 0.0508
008220 0.5967 0.3503 0.0000 0.0530
008240 0.5833 0.3623 0.0000 0.0545
008260 0.5740 0.3713 0.0000 0.0547
008280 0.5677 0.3807 0.0000 0.0516
008300 0.5693 0.3817 0.0000 0.0490
008320 0.5808 0.3747 0.0000 0.0445
008340 0.6011 0.3559 0.0000 0.0430
008360 0.6157 0.3395 0.0000 0.0448
008380 0.6141 0.3346 0.0000 0.0512
008400 0.6032 0.3437 0.0000 0.0532
008420 0.5951 0.3538 0.0000 0.0511
008440 0.5902 0.3606 0.0000 0.0492
008460 0.5830 0.3664 0.0000 0.0506
008480 0.5824 0.3674 0.0000 0.0502
008500 0.5889 0.3635 0.0000 0.0476
008520 0.5949 0.3580 0.0000 0.0472
008540 0.6033 0.3526 0.0000 0.0440
008560 0.6104 0.3424 0.0000 0.0472
008580 0.6026 0.3463 0.0000 0.0512
008600 0.5935 0.3561 0.0000 0.0504
008620 0.5854 0.3621 0.0000 0.0525
008640 0.5875 0.3626 0.0000 0.0499
008660 0.5911 0.3611 0.0000 0.0477
008680 0.5996 0.3545 0.0000 0.0459
008700 0.6051 0.3483 0.0000 0.0467
008720 0.6105 0.3445 0.0000 0.0450
008740 0.6147 0.3380 0.0000 0.0473
008760 0.6126 0.3387 0.0000 0.0488
008780 0.6028 0.3445 0.0000 0.0527
008800 0.5906 0.3571 0.0000 0.0523
008820 0.5850 0.3661 0.0000 0.0488
008840 0.5834 0.3675 0.0000 0.0491
008860 0.5851 0.3661 0.0000 0.0488
008880 0.5886 0.3626 0.0000 0.0487
008900 0.5971 0.3560 0.0000 0.0469
008920 0.6076 0.3481 0.0000 0.0443
008940 0.6102 0.3425 0.0000 0.0473
008960 0.6038 0.3462 0.0000 0.0500
008980 0.5944 0.3544 0.0000 0.0512
009000 0.5911 0.3574 0.0000 0.0515
009020 0.5919 0.3591 0.0000 0.0491
009040 0.5915 0.3575 0.0000 0.0510
009060 0.5870 0.3600 0.0000 0.0530
009080 0.5861 0.3660 0.0000 0.0478
009100 0.5916 0.3599 0.0000 0.0485
009120 0.5959 0.3552 0.0000 0.0489
009140 0.6053 0.3486 0.0000 0.0461
009160 0.6047 0.3450 0.0000 0.0503
009180 0.6005 0.3488 0.0000 0.0507
009200 0.5954 0.3536 0.0000 0.0509
009220 0.5879 0.3611 0.0000 0.0510
009240 0.5836 0.3670 0.0000 0.0495
009260 0.5878 0.3651 0.0000 0.0471
009280 0.5969 0.3565 0.0000 0.0466
009300 0.6022 0.3512 0.0000 0.0466
009320 0.6037 0.3483 0.0000 0.0480
009340 0.6013 0.3496 0.0000 0.0491
009360 0.5995 0.3506 0.0000 0.0499
009380 0.6004 0.3524 0.0000 0.0473
009400 0.6002 0.3516 0.0000 0.0481
009420 0.5971 0.3528 0.0000 0.0501
009440 0.5926 0.3574 0.0000 0.0500
009460 0.5884 0.3626 0.0000 0.0490
009480 0.5911 0.3606 0.0000 0.0483
009500 0.5958 0.3555 0.0000 0.0486
009520 0.5988 0.3521 0.0000 0.0491
009540 0.6002 0.3515 0.0000 0.0483
009560 0.6063 0.3473 0.0000 0.0464
009580 0.6045 0.3452 0.0000 0.0503
009600 0.5991 0.3504 0.0000 0.0506
009620 0.5995 0.3519 0.0000 0.0485
009640 0.5984 0.3523 0.0000 0.0493
009660 0.5992 0.3530 0.0000 0.0478
009680 0.6057 0.3473 0.0000 0.0470
009700 0.6136 0.3396 0.0000 0.0468
009720 0.6116 0.3394 0.0000 0.0490
009740 0.6032 0.3459 0.0000 0.0509
009760 0.5927 0.3551 0.0000 0.0522
009780 0.5907 0.3613 0.0000 0.0481
009800 0.5936 0.3591 0.0000 0.0473
009820 0.5969 0.3556 0.0000 0.0474
009840 0.6056 0.3491 0.0000 0.0453
009860 0.6150 0.3390 0.0000 0.0460
009880 0.6128 0.3385 0.0000 0.0487
009900 0.6051 0.3432 0.0000 0.0517
009920 0.5946 0.3550 0.0000 0.0504
009940 0.5898 0.3608 0.0000 0.0494
009960 0.5889 0.3619 0.0000 0.0492
009980 0.5929 0.3583 0.0000 0.0487
010000 0.5945 0.3589 0.0000 0.0465
010020 0.6014 0.3534 0.0000 0.0452
010040 0.6014 0.3534 0.0000 0.0452
010060 0.6014 0.3534 0.0000 0.0452
010080 0.6014 0.3534 0.0000 0.0452
010100 0.6014 0.3534 0.0000 0.0452
010120 0.6014 0.3534 0.0000 0.0452
010140 0.6014 0.3534 0.0000 0.0452
010160 0.6014 0.3534 0.0000 0.0452
010180 0.6014 0.3534 0.0000 0.0452
010200 0.6014 0.3534 0.0000 0.0452
010220 0.6014 0.3534 0.0000 0.0452
010240 0.6014 0.3534 0.0000 0.0452
010260 0.6014 0.3534 0.0000 0.0452
010280 0.6014 0.3534 0.0000 0.0452
010300 0.6014 0.3534 0.0000 0.0452
010320 0.6014 0.3534 0.0000 0.0452
010340 0.6014 0.3534 0.0000 0.0452
010360 0.6014 0.3534 0.0000 0.0452
010380 0.6014 0.3534 0.0000 0.0452
010400 0.6014 0.3534 0.0000 0.0452
010420 0.6014 0.3534 0.0000 0.0452
010440 0.6014 0.3534 0.0000 0.0452
010460 0.6014 0.3534 0.0000 0.0452
010480 0.6014 0.3534 0.0000 0.0452
010500 0.6014 0.3534 0.0000 0.0452
010520 0.6014 0.3534 0.0000 0.0452
010540 0.6014 0.3534 0.0000 0.0452
010560 0.6014 0.3534 0.0000 0.0452
010580 0.6014 0.3534 0.0000 0.0452
010600 0.6014 0.3534 0.0000 0.0452
010620 0.6014 0.3534 0.0000 0.0452
010640 0.6014 0.3534 0.0000 0.0452
010660 0.6014 0.3534 0.0000 0.0452
010680 0.6014 0.3534 0.0000 0.0452
010700 0.6014 0.3534 0.0000 0.0452
010720 0.6014 0.3534 0.0000 0.0452
010740 0.6014 0.3534 0.0000 0.0452
010760 0.6014 0.3534 0.0000 0.0452
010780 0.6014 0.3534 0.0000 0.0452
010800 0.6014 0.3534 0.0000 0.0452
010820 0.6014 0.3534 0.0000 0.0452
010840 0.6014 0.3534 0.0000 0.0452
010860 0.6014 0.3534 0.0000 0.0452
010880 0.6014 0.3534 0.0000 0.0452
010900 0.6014 0.3534 0.0000 0.0452
010920 0.6014 0.3534 0.0000 0.0452
010940 0.6014 0.3534 0.0000 0.0452
010960 0.6014 0.3534 0.0000 0.0452
010980 0.6014 0.3534 0.0000 0.0452
011000 0.6014 0.3534 0.0000 0.0452
011020 0.6014 0.3534 0.0000 0.0452
011040 0.6014 0.3534 0.0000 0.0452
011060 0.6014 0.3534 0.0000 0.0452
011080 0.6014 0.3534 0.0000 0.0452
011100 0.6014 0.3534 0.0000 0.0452
011120 0.6014 0.3534 0.0000 0.0452
011140 0.6014 0.3534 0.0000 0.0452
011160 0.6014 0.3534 0.0000 0.0452
011180 0.6014 0.3534 0.0000 0.0452
011200 0.6014 0.3534 0.0000 0.0452
011220 0.6014 0.3534 0.0000 0.0452
011240 0.6014 0.3534 0.0000 0.0452
011260 0.6014 0.3534 0.0000 0.0452
011280 0.6014 0.3534 0.0000 0.0452
011300 0.6014 0.3534 0.0000 0.0452
011320 0.6014 0.3534 0.0000 0.0452
011340 0.6014 0.3534 0.0000 0.0452
011360 0.6014 0.3534 0.0000 0.0452
011380 0.6014 0.3534 0.0000 0.0452
011400 0.6014 0.3534 0.0000 0.0452
011420 0.6014 0.3534 0.0000 0.0452
011440 0.6014 0.3534 0.0000 0.0452
011460 0.6014 0.3534 0.0000 0.0452
011480 0.6014 0.3534 0.0000 0.0452
011500 0.6014 0.3534 0.0000 0.0452
011520 0.6014 0.3534 0.0000 0.0452
011540 0.6014 0.3534 0.0000 0.0452
011560 0.6014 0.3534 0.0000 0.0452
011580 0.6014 0.3534 0.0000 0.0452
011600 0.6014 0.3534 0.0000 0.0452
011620 0.6014 0.3534 0.0000 0.0452
011640 0.6014 0.3534 0.0000 0.0452
011660 0.6014 0.3534 0.0000 0.0452
011680 0.6014 0.3534 0.0000 0.0452
011700 0.6014 0.3534 0.0000 0.0452
011720 0.6014 0.3534 0.0000 0.0452
011740 0.6014 0.3534 0.0000 0.0452
011760 0.6014 0.3534 0.0000 0.0452
011780 0.6014 0.3534 0.0000 0.0452
011800 0.6014 0.3534 0.0000 0.0452
011820 0.6014 0.3534 0.0000 0.0452
011840 0.6014 0.3534 0.0000 0.0452
011860 0.6014 0.3534 0.0000 0.0452
011880 0.6014 0.3534 0.0000 0.0452
011900 0.6014 0.3534 0.0000 0.0452
011920 0.6014 0.3534 0.0000 0.0452
011940 0.6014 0.3534 0.0000 0.0452
011960 0.6014 0.3534 0.0000 0.0452
011980 0.6014 0.3534 0.0000 0.0452
012000 0.6014 0.3534 0.0000 0.0452
012020 0.6014 0.3534 0.0000 0.0452
012040 0.6014 0.3534 0.0000 0.0452
012060 0.6014 0.3534 0.0000 0.0452
012080 0.6014 0.3534 0.0000 0.0452
012100 0.6014 0.3534 0.0000 0.0452
012120 0.6014 0.3534 0.0000 0.0452
012140 0.6014 0.3534 0.0000 0.0452
012160 0.6014 0.3534 0.0000 0.0452
012180 0.6014 0.3534 0.0000 0.0452
012200 0.6014 0.3534 0.0000 0.0452
012220 0.6014 0.3534 0.0000 0.0452
012240 0.6014 0.3534 0.0000 0.0452
012260 0.6014 0.3534 0.0000 0.0452
012280 0.6014 0.3534 0.0000 0.0452
012300 0.6014 0.3534 0.0000 0.0452
012320 0.6014 0.3534 0.0000 0.0452
012340 0.6014 0.3534 0.0000 0.0452
012360 0.6014 0.3534 0.0000 0.0452
012380 0.6014 0.3534 0.0000 0.0452
012400 0.6014 0.3534 0.0000 0.0452
012420 0.6014 0.3534 0.0000 0.0452
012440 0.6014 0.3534 0.0000 0.0452
012460 0.6014 0.3534 0.0000 0.0452
012480 0.6014 0.3534 0.0000 0.0452
012500 0.6014 0.3534 0.0000 0.0452
012520 0.6014 0.3534 0.0000 0.0452
012540 0.6014 0.3534 0.0000 0.0452
012560 0.6014 0.3534 0.0000 0.0452
012580 0.6014 0.3534 0.0000 0.0452
012600 0.6014 0.3534 0.0000 0.0452
012620 0.6014 0.3534 0.0000 0.0452
012640 0.6014 0.3534 0.0000 0.0452
012660 0.6014 0.3534 0.0000 0.0452
012680 0.6014 0.3534 0.0000 0.0452
012700 0.6014 0.3534 0.0000 0.0452
012720 0.6014 0.3534 0.0000 0.0452
012740 0.6014 0.3534 0.0000 0.0452
012760 0.6014 0.3534 0.0000 0.0452
012780 0.6014 0.3534 0.0000 0.0452
012800 0.6014 0.3534 0.0000 0.0452
012820 0.6014 0.3534 0.0000 0.0452
012840 0.6014 0.3534 0.0000 0.0452
012860 0.6014 0.3534 0.0000 0.0452
012880 0.6014 0.3534 0.0000 0.0452
012900 0.6014 0.3534 0.0000 0.0452
012920 0.6014 0.3534 0.0000 0.0452
012940 0.6014 0.3534 0.0000 0.0452
012960 0.6014 0.3534 0.0000 0.0452
012980 0.6014 0.3534 0.0000 0.0452
013000 0.6014 0.3534 0.0000 0.0452
013020 0.6014 0.3534 0.0000 0.0452
013040 0.6014 0.3534 0.0000 0.0452
013060 0.6014 0.3534 0.0000 0.0452
013080 0.6014 0.3534 0.0000 0.0452
013100 0.6014 0.3534 0.0000 0.0452
013120 0.6014 0.3534 0.0000 0.0452
013140 0.6014 0.3534 0.0000 0.0452
013160 0.6014 0.3534 0.0000 0.0452
013180 0.6014 0.3534 0.0000 0.0452
013200 0.6014 0.3534 0.0000 0.0452
013220 0.6014 0.3534 0.0000 0.0452
013240 0.6014 0.3534 0.0000 0.0452
013260 0.6014 0.3534 0.0000 0.0452
013280 0.6014 0.3534 0.0000 0.0452
013300 0.6014 0.3534 0.0000 0.0452
013320 0.6014 0.3534 0.0000 0.0452
013340 0.6014 0.3534 0.0000 0.0452
013360 0.6014 0.3534 0.0000 0.0452
013380 0.6014 0.3534 0.0000 0.0452
013400 0.6014 0.3534 0.0000 0.0452
013420 0.6014 0.3534 0.0000 0.0452
013440 0.6014 0.3534 0.0000 0.0452
013460 0.6014 0.3534 0.0000 0.0452
013480 0.6014 0.3534 0.0000 0.0452
013500 0.6014 0.3534 0.0000 0.0452
013520 0.6014 0.3534 0.0000 0.0452
013540 0.6014 0.3534 0.0000 0.0452
013560 0.6014 0.3534 0.0000 0.0452
013580 0.6014 0.3534 0.0000 0.0452
013600 0.6014 0.3534 0.0000 0.0452
013620 0.6014 0.3534 0.0000 0.0452
013640 0.6014 0.3534 0.0000 0.0452
013660 0.6014 0.3534 0.0000 0.0452
013680 0.6014 0.3534 0.0000 0.0452
013700 0.6014 0.3534 0.0000 0.0452
013720 0.6014 0.3534 0.0000 0.0452
013740 0.6014 0.3534 0.0000 0.0452
013760 0.6014 0.3534 0.0000 0.0452
013780 0.6014 0.3534 0.0000 0.0452
013800 0.6014 0.3534 0.0000 0.0452
013820 0.6014 0.3534 0.0000 0.0452
013840 0.6014 0.3534 0.0000 0.0452
013860 0.6014 0.3534 0.0000 0.0452
013880 0.6014 0.3534 0.0000 0.0452
013900 0.6014 0.3534 0.0000 0.0452
013920 0.6014 0.3534 0.0000 0.0452
013940 0.6014 0.3534 0.0000 0.0452
013960 0.6014 0.3534 0.0000 0.0452
013980 0.6014 0.3534 0.0000 0.0452
014000 0.6014 0.3534 0.0000 0.0452
014020 0.6014 0.3534 0.0000 0.0452
014040 0.6014 0.3534 0.0000 0.0452
014060 0.6014 0.3534 0.0000 0.0452
014080 0.6014 0.3534 0.0000 0.0452
014100 0.6014 0.3534 0.0000 0.0452
014120 0.6014 0.3534 0.0000 0.0452
014140 0.6014 0.3534 0.0000 0.0452
014160 0.6014 0.3534 0.0000 0.0452
014180 0.6014 0.3534 0.0000 0.0452
014200 0.6014 0.3534 0.0000 0.0452
014220 0.6014 0.3534 0.0000 0.0452
014240 0.6014 0.3534 0.0000 0.0452
014260 0.6014 0.3534 0.0000 0.0452
014280 0.6014 0.3534 0.0000 0.0452
014300 0.6014 0.3534 0.0000 0.0452
014320 0.6014 0.3534 0.0000 0.0452
014340 0.6014 0.3534 0.0000 0.0452
014360 0.6014 0.3534 0.0000 0.0452
014380 0.6014 0.3534 0.0000 0.0452
014400 0.6014 0.3534 0.0000 0.0452
014420 0.6014 0.3534 0.0000 0.0452
014440 0.6014 0.3534 0.0000 0.0452
014460 0.6014 0.3534 0.0000 0.0452
014480 0.6014 0.3534 0.0000 0.0452
014500 0.6014 0.3534 0.0000 0.0452
014520 0.6014 0.3534 0.0000 0.0452
014540 0.6014 0.3534 0.0000 0.0452
014560 0.6014 0.3534 0.0000 0.0452
014580 0.6014 0.3534 0.0000 0.0452
014600 0.6014 0.3534 0.0000 0.0452
014620 0.6014 0.3534 0.0000 0.0452
014640 0.6014 0.3534 0.0000 0.0452
014660 0.6014 0.3534 0.0000 0.0452
014680 0.6014 0.3534 0.0000 0.0452
014700 0.6014 0.3534 0.0000 0.0452
014720 0.6014 0.3534 0.0000 0.0452
014740 0.6014 0.3534 0.0000 0.0452
014760 0.6014 0.3534 0.0000 0.0452
014780 0.6014 0.3534 0.0000 0.0452
014800 0.6014 0.3534 0.0000 0.0452
014820 0.6014 0.3534 0.0000 0.0452
014840 0.6014 0.3534 0.0000 0.0452
014860 0.6014 0.3534 0.0000 0.0452
014880 0.6014 0.3534 0.0000 0.0452
014900 0.6014 0.3534 0.0000 0.0452
014920 0.6014 0.3534 0.0000 0.0452
014940 0.6014 0.3534 0.0000 0.0452
014960 0.6014 0.3534 0.0000 0.0452
014980 0.6014 0.3534 0.0000 0.0452
015000 0.6014 0.3534 0.0000 0.0452
015020 0.6014 0.3534 0.0000 0.0452
015040 0.6014 0.3534 0.0000 0.0452
015060 0.6014 0.3534 0.0000 0.0452
015080 0.6014 0.3534 0.0000 0.0452
015100 0.6014 0.3534 0.0000 0.0452
015120 0.6014 0.3534 0.0000 0.0452
015140 0.6014 0.3534 0.0000 0.0452
015160 0.6014 0.3534 0.0000 0.0452
015180 0.6014 0.3534 0.0000 0.0452
015200 0.6014 0.3534 0.0000 0.0452
015220 0.6014 0.3534 0.0000 0.0452
015240 0.6014 0.3534 0.0000 0.0452
015260 0.6014 0.3534 0.0000 0.0452
015280 0.6014 0.3534 0.0000 0.0452
015300 0.6014 0.3534 0.0000 0.0452
015320 0.6014 0.3534 0.0000 0.0452
015340 0.6014 0.3534 0.0000 0.0452
015360 0.6014 0.3534 0.0000 0.0452
015380 0.6014 0.3534 0.0000 0.0452
015400 0.6014 0.3534 0.0000 0.0452
015420 0.6014 0.3534 0.0000 0.0452
015440 0.6014 0.3534 0.0000 0.0452
015460 0.6014 0.3534 0.0000 0.0452
015480 0.6014 0.3534 0.0000 0.0452
015500 0.6014 0.3534 0.0000 0.0452
015520 0.6014 0.3534 0.0000 0.0452
015540 0.6014 0.3534 0.0000 0.0452
015560 0.6014 0.3534 0.0000 0.0452
015580 0.6014 0.3534 0.0000 0.0452
015600 0.6014 0.3534 0.0000 0.0452
015620 0.6014 0.3534 0.0000 0.0452
015640 0.6014 0.3534 0.0000 0.0452
015660 0.6014 0.3534 0.0000 0.0452
015680 0.6014 0.3534 0.0000 0.0452
015700 0.6014 0.3534 0.0000 0.0452
015720 0.6014 0.3534 0.0000 0.0452
015740 0.6014 0.3534 0.0000 0.0452
015760 0.6014 0.3534 0.0000 0.0452
015780 0.6014 0.3534 0.0000 0.0452
015800 0.6014 0.3534 0.0000 0.0452
015820 0.6014 0.3534 0.0000 0.0452
015840 0.6014 0.3534 0.0000 0.0452
015860 0.6014 0.3534 0.0000 0.0452
015880 0.6014 0.3534 0.0000 0.0452
015900 0.6014 0.3534 0.0000 0.0452
015920 0.6014 0.3534 0.0000 0.0452
015940 0.6014 0.3534 0.0000 0.0452
015960 0.6014 0.3534 0.0000 0.0452
015980 0.6014 0.3534 0.0000 0.0452
016000 0.6014 0.3534 0.0000 0.0452
016020 0.6014 0.3534 0.0000 0.0452
016040 0.6014 0.3534 0.0000 0.0452
016060 0.6014 0.3534 0.0000 0.0452
016080 0.6014 0.3534 0.0000 0.0452
016100 0.6014 0.3534 0.0000 0.0452
016120 0.6014 0.3534 0.0000 0.0452
016140 0.6014 0.3534 0.0000 0.0452
016160 0.6014 0.3534 0.0000 0.0452
016180 0.6014 0.3534 0.0000 0.0452
016200 0.6014 0.3534 0.0000 0.0452
016220 0.6014 0.3534 0.0000 0.0452
016240 0.6014 0.3534 0.0000 0.0452
016260 0.6014 0.3534 0.0000 0.0452
016280 0.6014 0.3534 0.0000 0.0452
016300 0.6014 0.3534 0.0000 0.0452
016320 0.6014 0.3534 0.0000 0.0452
016340 0.6014 0.3534 0.0000 0.0452
016360 0.6014 0.3534 0.0000 0.0452
016380 0.6014 0.3534 0.0000 0.0452
016400 0.6014 0.3534 0.0000 0.0452
016420 0.6014 0.3534 0.0000 0.0452
016440 0.6014 0.3534 0.0000 0.0452
016460 0.6014 0.3534 0.0000 0.0452
016480 0.6014 0.3534 0.0000 0.0452
016500 0.6014 0.3534 0.0000 0.0452
016520 0.6014 0.3534 0.0000 0.0452
016540 0.6014 0.3534 0.0000 0.0452
016560 0.6014 0.3534 0.0000 0.0452
016580 0.6014 0.3534 0.0000 0.0452
016600 0.6014 0.3534 0.0000 0.0452
016620 0.6014 0.3534 0.0000 0.0452
016640 0.6014 0.3534 0.0000 0.0452
016660 0.6014 0.3534 0.0000 0.0452
016680 0.6014 0.3534 0.0000 0.0452
016700 0.6014 0.3534 0.0000 0.0452
016720 0.6014 0.3534 0.0000 0.0452
016740 0.6014 0.3534 0.0000 0.0452
016760 0.6014 0.3534 0.0000 0.0452
016780 0.6014 0.3534 0.0000 0.0452
016800 0.6014 0.3534 0.0000 0.0452
016820 0.6014 0.3534 0.0000 0.0452
016840 0.6014 0.3534 0.0000 0.0452
016860 0.6014 0.3534 0.0000 0.0452
016880 0.6014 0.3534 0.0000 0.0452
016900 0.6014 0.3534 0.0000 0.0452
016920 0.6014 0.3534 0.0000 0.0452
016940 0.6014 0.3534 0.0000 0.0452
016960 0.6014 0.3534 0.0000 0.0452
016980 0.6014 0.3534 0.0000 0.0452
017000 0.6014 0.3534 0.0000 0.0452
017020 0.6014 0.3534 0.0000 0.0452
017040 0.6014 0.3534 0.0000 0.0452
017060 0.6014 0.3534 0.0000 0.0452
017080 0.6014 0.3534 0.0000 0.0452
017100 0.6014 0.3534 0.0000 0.0452
017120 0.6014 0.3534 0.0000 0.0452
017140 0.6014 0.3534 0.0000 0.0452
017160 0.6014 0.3534 0.0000 0.0452
017180 0.6014 0.3534 0.0000 0.0452
017200 0.6014 0.3534 0.0000 0.0452
017220 0.6014 0.3534 0.0000 0.0452
017240 0.6014 0.3534 0.0000 0.0452
017260 0.6014 0.3534 0.0000 0.0452
017280 0.6014 0.3534 0.0000 0.0452
017300 0.6014 0.3534 0.0000 0.0452
017320 0.6014 0.3534 0.0000 0.0452
017340 0.6014 0.3534 0.0000 0.0452
017360 0.6014 0.3534 0.0000 0.0452
017380 0.6014 0.3534 0.0000 0.0452
017400 0.6014 0.3534 0.0000 0.0452
017420 0.6014 0.3534 0.0000 0.0452
017440 0.6014 0.3534 0.0000 0.0452
017460 0.6014 0.3534 0.0000 0.0452
017480 0.6014 0.3534 0.0000 0.0452
017500 0.6014 0.3534 0.0000 0.0452
017520 0.6014 0.3534 0.0000 0.0452
017540 0.6014 0.3534 0.0000 0.0452
017560 0.6014 0.3534 0.0000 0.0452
017580 0.6014 0.3534 0.0000 0.0452
017600 0.6014 0.3534 0.0000 0.0452
017620 0.6014 0.3534 0.0000 0.0452
017640 0.6014 0.3534 0.0000 0.0452
017660 0.6014 0.3534 0.0000 0.0452
017680 0.6014 0.3534 0.0000 0.0452
017700 0.6014 0.3534 0.0000 0.0452
017720 0.6014 0.3534 0.0000 0.0452
017740 0.6014 0.3534 0.0000 0.0452
017760 0.6014 0.3534 0.0000 0.0452
017780 0.6014 0.3534 0.0000 0.0452
017800 0.6014 0.3534 0.0000 0.0452
017820 0.6014 0.3534 0.0000 0.0452
017840 0.6014 0.3534 0.0000 0.0452
017860 0.6014 0.3534 0.0000 0.0452
017880 0.6014 0.3534 0.0000 0.0452
017900 0.6014 0.3534 0.0000 0.0452
017920 0.6014 0.3534 0.0000 0.0452
017940 0.6014 0.3534 0.0000 0.0452
017960 0.6014 0.3534 0.0000 0.0452
017980 0.6014 0.3534 0.0000 0.0452
018000 0.6014 0.3534 0.0000 0.0452
018020 0.6014 0.3534 0.0000 0.0452
018040 0.6014 0.3534 0.0000 0.0452
018060 0.6014 0.3534 0.0000 0.0452
018080 0.6014 0.3534 0.0000 0.0452
018100 0.6014 0.3534 0.0000 0.0452
018120 0.6014 0.3534 0.0000 0.0452
018140 0.6014 0.3534 0.0000 0.0452
018160 0.6014 0.3534 0.0000 0.0452
018180 0.6014 0.3534 0.0000 0.0452
018200 0.6014 0.3534 0.0000 0.0452
018220 0.6014 0.3534 0.0000 0.0452
018240 0.6014 0.3534 0.0000 0.0452
018260 0.6014 0.3534 0.0000 0.0452
018280 0.6014 0.3534 0.0000 0.0452
018300 0.6014 0.3534 0.0000 0.0452
018320 0.6014 0.3534 0.0000 0.0452
018340 0.6014 0.3534 0.0000 0.0452
018360 0.6014 0.3534 0.0000 0.0452
018380 0.6014 0.3534 0.0000 0.0452
018400 0.6014 0.3534 0.0000 0.0452
018420 0.6014 0.3534 0.0000 0.0452
018440 0.6014 0.3534 0.0000 0.0452
018460 0.6014 0.3534 0.0000 0.0452
018480 0.6014 0.3534 0.0000 0.0452
018500 0.6014 0.3534 0.0000 0.0452
018520 0.6014 0.3534 0.0000 0.0452
018540 0.6014 0.3534 0.0000 0.0452
018560 0.6014 0.3534 0.0000 0.0452
018580 0.6014 0.3534 0.0000 0.0452
018600 0.6014 0.3534 0.0000 0.0452
018620 0.6014 0.3534 0.0000 0.0452
018640 0.6014 0.3534 0.0000 0.0452
018660 0.6014 0.3534 0.0000 0.0452
018680 0.6014 0.3534 0.0000 0.0452
018700 0.6014 0.3534 0.0000 0.0452
018720 0.6014 0.3534 0.0000 0.0452
018740 0.6014 0.3534 0.0000 0.0452
018760 0.6014 0.3534 0.0000 0.0452
018780 0.6014 0.3534 0.0000 0.0452
018800 0.6014 0.3534 0.0000 0.0452
018820 0.6014 0.3534 0.0000 0.0452
018840 0.6014 0.3534 0.0000 0.0452
018860 0.6014 0.3534 0.0000 0.0452
018880 0.6014 0.3534 0.0000 0.0452
018900 0.6014 0.3534 0.0000 0.0452
018920 0.6014 0.3534 0.0000 0.0452
018940 0.6014 0.3534 0.0000 0.0452
018960 0.6014 0.3534 0.0000 0.0452
018980 0.6014 0.3534 0.0000 0.0452
019000 0.6014 0.3534 0.0000 0.0452
019020 0.6014 0.3534 0.0000 0.0452
019040 0.6014 0.3534 0.0000 0.0452
019060 0.6014 0.3534 0.0000 0.0452
019080 0.6014 0.3534 0.0000 0.0452
019100 0.6014 0.3534 0.0000 0.0452
019120 0.6014 0.3534 0.0000 0.0452
019140 0.6014 0.3534 0.0000 0.0452
019160 0.6014 0.3534 0.0000 0.0452
019180 0.6014 0.3534 0.0000 0.0452
019200 0.6014 0.3534 0.0000 0.0452
019220 0.6014 0.3534 0.0000 0.0452
019240 0.6014 0.3534 0.0000 0.0452
019260 0.6014 0.3534 0.0000 0.0452
019280 0.6014 0.3534 0.0000 0.0452
019300 0.6014 0.3534 0.0000 0.0452
019320 0.6014 0.3534 0.0000 0.0452
019340 0.6014 0.3534 0.0000 0.0452
019360 0.6014 0.3534 0.0000 0.0452
019380 0.6014 0.3534 0.0000 0.0452
019400 0.6014 0.3534 0.0000 0.0452
019420 0.6014 0.3534 0.0000 0.0452
019440 0.6014 0.3534 0.0000 0.0452
019460 0.6014 0.3534 0.0000 0.0452
019480 0.6014 0.3534 0.0000 0.0452
019500 0.6014 0.3534 0.0000 0.0452
019520 0.6014 0.3534 0.0000 0.0452
019540 0.6014 0.3534 0.0000 0.0452
019560 0.6014 0.3534 0.0000 0.0452
019580 0.6014 0.3534 0.0000 0.0452
019600 0.6014 0.3534 0.0000 0.0452
019620 0.6014 0.3534 0.0000 0.0452
019640 0.6014 0.3534 0.0000 0.0452
019660 0.6014 0.3534 0.0000 0.0452
019680 0.6014 0.3534 0.0000 0.0452
019700 0.6014 0.3534 0.0000 0.0452
019720 0.6014 0.3534 0.0000 0.0452
019740 0.6014 0.3534 0.0000 0.0452
019760 0.6014 0.3534 0.0000 0.0452
019780 0.6014 0.3534 0.0000 0.0452
019800 0.6014 0.3534 0.0000 0.0452
019820 0.6014 0.3534 0.0000 0.0452
019840 0.6014 0.3534 0.0000 0.0452
019860 0.6014 0.3534 0.0000 0.0452
019880 0.6014 0.3534 0.0000 0.0452
019900 0.6014 0.3534 0.0000 0.0452
019920 0.6014 0.3534 0.0000 0.0452
019940 0.6014 0.3534 0.0000 0.0452
019960 0.6014 0.3534 0.0000 0.0452
019980 0.6014 0.3534 0.0000 0.0452
020000 0.6014 0.3534 0.0000 0.0452
