000000 0.2500 0.2500 0.2500 0.2500
000020 0.2591 0.2599 0.2300 0.2510
000040 0.2707 0.2699 0.2080 0.2515
000060 0.2809 0.2809 0.1869 0.2512
000080 0.2902 0.2928 0.1670 0.2501
000100 0.2990 0.3050 0.1475 0.2485
000120 0.3066 0.3183 0.1292 0.2459
000140 0.3119 0.3336 0.1125 0.2421
000160 0.3160 0.3496 0.0967 0.2377
000180 0.3197 0.3655 0.0819 0.2328
000200 0.3221 0.3834 0.0681 0.2265
000220 0.3228 0.4020 0.0557 0.2194
000240 0.3226 0.4201 0.0449 0.2124
000260 0.3217 0.4386 0.0353 0.2045
000280 0.3193 0.4586 0.0265 0.1956
000300 0.3154 0.4805 0.0193 0.1848
000320 0.3110 0.5031 0.0132 0.1727
000340 0.3044 0.5256 0.0082 0.1618
000360 0.2963 0.5501 0.0045 0.1491
000380 0.2889 0.5732 0.0019 0.1360
000400 0.2801 0.5991 0.0004 0.1204
000420 0.2711 0.6240 0.0000 0.1049
000440 0.2612 0.6516 0.0000 0.0872
000460 0.2530 0.6757 0.0000 0.0712
000480 0.2476 0.6926 0.0000 0.0598
000500 0.2467 0.7050 0.0000 0.0483
000520 0.2477 0.7127 0.0000 0.0396
000540 0.2484 0.7187 0.0000 0.0329
000560 0.2485 0.7241 0.0000 0.0274
000580 0.2485 0.7298 0.0000 0.0217
000600 0.2521 0.7299 0.0000 0.0180
000620 0.2575 0.7279 0.0000 0.0146
000640 0.2639 0.7241 0.0000 0.0120
000660 0.2723 0.7174 0.0000 0.0103
000680 0.2815 0.7084 0.0000 0.0101
000700 0.2906 0.6984 0.0000 0.0111
000720 0.3002 0.6884 0.0000 0.0114
000740 0.3115 0.6772 0.0000 0.0113
000760 0.3226 0.6657 0.0000 0.0116
000780 0.3286 0.6578 0.0000 0.0137
000800 0.3309 0.6544 0.0000 0.0147
000820 0.3316 0.6524 0.0000 0.0160
000840 0.3318 0.6510 0.0000 0.0172
000860 0.3295 0.6530 0.0000 0.0175
000880 0.3303 0.6527 0.0000 0.0170
000900 0.3318 0.6507 0.0000 0.0175
000920 0.3355 0.6481 0.0000 0.0165
000940 0.3402 0.6437 0.0000 0.0161
000960 0.3486 0.6365 0.0000 0.0149
000980 0.3584 0.6263 0.0000 0.0153
001000 0.3665 0.6170 0.0000 0.0165
001020 0.3737 0.6098 0.0000 0.0165
001040 0.3835 0.6001 0.0000 0.0164
001060 0.3927 0.5900 0.0000 0.0173
001080 0.4013 0.5816 0.0000 0.0171
001100 0.4092 0.5736 0.0000 0.0172
001120 0.4168 0.5659 0.0000 0.0174
001140 0.4244 0.5587 0.0000 0.0169
001160 0.4300 0.5509 0.0000 0.0191
001180 0.4330 0.5465 0.0000 0.0205
001200 0.4380 0.5422 0.0000 0.0197
001220 0.4419 0.5380 0.0000 0.0202
001240 0.4449 0.5340 0.0000 0.0211
001260 0.4457 0.5315 0.0000 0.0228
001280 0.4438 0.5311 0.0000 0.0252
001300 0.4403 0.5335 0.0000 0.0262
001320 0.4368 0.5374 0.0000 0.0258
001340 0.4361 0.5380 0.0000 0.0259
001360 0.4400 0.5354 0.0000 0.0246
001380 0.4517 0.5269 0.0000 0.0214
001400 0.4683 0.5109 0.0000 0.0208
001420 0.4836 0.4953 0.0000 0.0211
001440 0.4962 0.4818 0.0000 0.0220
001460 0.5069 0.4707 0.0000 0.0225
001480 0.5160 0.4618 0.0000 0.0222
001500 0.5228 0.4549 0.0000 0.0223
001520 0.5345 0.4436 0.0000 0.0219
001540 0.5464 0.4309 0.0000 0.0227
001560 0.5534 0.4225 0.0000 0.0242
001580 0.5581 0.4162 0.0000 0.0257
001600 0.5606 0.4121 0.0000 0.0273
001620 0.5605 0.4105 0.0000 0.0290
001640 0.5549 0.4139 0.0000 0.0312
001660 0.5514 0.4172 0.0000 0.0314
001680 0.5502 0.4196 0.0000 0.0302
001700 0.5571 0.4153 0.0000 0.0277
001720 0.5670 0.4049 0.0000 0.0280
001740 0.5725 0.3977 0.0000 0.0298
001760 0.5795 0.3918 0.0000 0.0287
001780 0.5904 0.3826 0.0000 0.0271
001800 0.5988 0.3736 0.0000 0.0275
001820 0.6035 0.3681 0.0000 0.0284
001840 0.6067 0.3632 0.0000 0.0301
001860 0.6048 0.3631 0.0000 0.0320
001880 0.6024 0.3653 0.0000 0.0323
001900 0.5981 0.3699 0.0000 0.0320
001920 0.5909 0.3757 0.0000 0.0334
001940 0.5796 0.3852 0.0000 0.0352
001960 0.5769 0.3895 0.0000 0.0336
001980 0.5761 0.3910 0.0000 0.0329
002000 0.5824 0.3866 0.0000 0.0311
002020 0.5878 0.3819 0.0000 0.0302
002040 0.6003 0.3721 0.0000 0.0276
002060 0.6144 0.3585 0.0000 0.0271
002080 0.6224 0.3494 0.0000 0.0282
002100 0.6289 0.3418 0.0000 0.0293
002120 0.6328 0.3364 0.0000 0.0308
002140 0.6296 0.3393 0.0000 0.0311
002160 0.6292 0.3395 0.0000 0.0313
002180 0.6255 0.3427 0.0000 0.0319
002200 0.6232 0.3453 0.0000 0.0315
002220 0.6231 0.3448 0.0000 0.0321
002240 0.6241 0.3447 0.0000 0.0312
002260 0.6213 0.3467 0.0000 0.0321
002280 0.6195 0.3484 0.0000 0.0320
002300 0.6173 0.3506 0.0000 0.0321
002320 0.6122 0.3544 0.0000 0.0334
002340 0.6108 0.3571 0.0000 0.0321
002360 0.6052 0.3629 0.0000 0.0319
002380 0.6071 0.3621 0.0000 0.0308
002400 0.6100 0.3598 0.0000 0.0302
002420 0.6156 0.3544 0.0000 0.0300
002440 0.6210 0.3485 0.0000 0.0305
002460 0.6232 0.3456 0.0000 0.0312
002480 0.6221 0.3457 0.0000 0.0323
002500 0.6209 0.3466 0.0000 0.0325
002520 0.6177 0.3509 0.0000 0.0314
002540 0.6186 0.3511 0.0000 0.0303
002560 0.6245 0.3452 0.0000 0.0302
002580 0.6255 0.3443 0.0000 0.0303
002600 0.6227 0.3468 0.0000 0.0305
002620 0.6240 0.3452 0.0000 0.0308
002640 0.6246 0.3452 0.0000 0.0302
002660 0.6327 0.3392 0.0000 0.0281
002680 0.6366 0.3352 0.0000 0.0282
002700 0.6387 0.3327 0.0000 0.0286
002720 0.6378 0.3308 0.0000 0.0315
002740 0.6331 0.3351 0.0000 0.0318
002760 0.6242 0.3413 0.0000 0.0345
002780 0.6134 0.3507 0.0000 0.0359
002800 0.6061 0.3592 0.0000 0.0348
002820 0.6013 0.3644 0.0000 0.0344
002840 0.5999 0.3667 0.0000 0.0334
002860 0.5977 0.3701 0.0000 0.0322
002880 0.6053 0.3658 0.0000 0.0289
002900 0.6154 0.3562 0.0000 0.0283
002920 0.6237 0.3484 0.0000 0.0279
002940 0.6320 0.3400 0.0000 0.0279
002960 0.6394 0.3319 0.0000 0.0287
002980 0.6468 0.3247 0.0000 0.0285
003000 0.6485 0.3226 0.0000 0.0290
003020 0.6466 0.3227 0.0000 0.0307
003040 0.6400 0.3265 0.0000 0.0335
003060 0.6249 0.3383 0.0000 0.0368
003080 0.6065 0.3547 0.0000 0.0388
003100 0.5909 0.3726 0.0000 0.0365
003120 0.5814 0.3833 0.0000 0.0353
003140 0.5802 0.3863 0.0000 0.0335
003160 0.5894 0.3829 0.0000 0.0277
003180 0.6040 0.3682 0.0000 0.0278
003200 0.6152 0.3552 0.0000 0.0296
003220 0.6239 0.3467 0.0000 0.0294
003240 0.6279 0.3415 0.0000 0.0306
003260 0.6279 0.3404 0.0000 0.0317
003280 0.6284 0.3418 0.0000 0.0298
003300 0.6305 0.3400 0.0000 0.0294
003320 0.6273 0.3405 0.0000 0.0321
003340 0.6227 0.3444 0.0000 0.0330
003360 0.6139 0.3519 0.0000 0.0342
003380 0.6044 0.3585 0.0000 0.0371
003400 0.5969 0.3667 0.0000 0.0364
003420 0.5947 0.3713 0.0000 0.0339
003440 0.5965 0.3719 0.0000 0.0316
003460 0.5963 0.3713 0.0000 0.0324
003480 0.5988 0.3673 0.0000 0.0339
003500 0.6022 0.3649 0.0000 0.0329
003520 0.6063 0.3641 0.0000 0.0296
003540 0.6127 0.3587 0.0000 0.0286
003560 0.6202 0.3500 0.0000 0.0299
003580 0.6235 0.3454 0.0000 0.0310
003600 0.6248 0.3448 0.0000 0.0303
003620 0.6264 0.3431 0.0000 0.0305
003640 0.6284 0.3402 0.0000 0.0314
003660 0.6279 0.3399 0.0000 0.0322
003680 0.6234 0.3439 0.0000 0.0327
003700 0.6156 0.3519 0.0000 0.0325
003720 0.6151 0.3532 0.0000 0.0317
003740 0.6138 0.3540 0.0000 0.0323
003760 0.6140 0.3547 0.0000 0.0314
003780 0.6130 0.3545 0.0000 0.0325
003800 0.6124 0.3544 0.0000 0.0332
003820 0.6092 0.3583 0.0000 0.0325
003840 0.6108 0.3591 0.0000 0.0301
003860 0.6165 0.3544 0.0000 0.0291
003880 0.6202 0.3493 0.0000 0.0305
003900 0.6240 0.3465 0.0000 0.0295
003920 0.6315 0.3393 0.0000 0.0292
003940 0.6332 0.3371 0.0000 0.0297
003960 0.6351 0.3338 0.0000 0.0311
003980 0.6324 0.3364 0.0000 0.0313
004000 0.6307 0.3373 0.0000 0.0321
004020 0.6240 0.3432 0.0000 0.0328
004040 0.6193 0.3479 0.0000 0.0328
004060 0.6152 0.3524 0.0000 0.0324
004080 0.6120 0.3548 0.0000 0.0332
004100 0.6119 0.3582 0.0000 0.0299
004120 0.6139 0.3562 0.0000 0.0300
004140 0.6159 0.3525 0.0000 0.0316
004160 0.6169 0.3515 0.0000 0.0316
004180 0.6143 0.3518 0.0000 0.0338
004200 0.6159 0.3516 0.0000 0.0326
004220 0.6178 0.3510 0.0000 0.0312
004240 0.6200 0.3489 0.0000 0.0311
004260 0.6213 0.3492 0.0000 0.0295
004280 0.6242 0.3448 0.0000 0.0311
004300 0.6232 0.3449 0.0000 0.0319
004320 0.6226 0.3478 0.0000 0.0296
004340 0.6240 0.3458 0.0000 0.0302
004360 0.6234 0.3454 0.0000 0.0312
004380 0.6218 0.3455 0.0000 0.0327
004400 0.6153 0.3510 0.0000 0.0337
004420 0.6069 0.3586 0.0000 0.0345
004440 0.6006 0.3644 0.0000 0.0350
004460 0.5956 0.3710 0.0000 0.0334
004480 0.5908 0.3745 0.0000 0.0348
004500 0.5906 0.3766 0.0000 0.0328
004520 0.5964 0.3745 0.0000 0.0290
004540 0.6080 0.3642 0.0000 0.0278
004560 0.6217 0.3513 0.0000 0.0270
004580 0.6324 0.3401 0.0000 0.0275
004600 0.6414 0.3293 0.0000 0.0292
004620 0.6429 0.3256 0.0000 0.0315
004640 0.6406 0.3264 0.0000 0.0330
004660 0.6396 0.3297 0.0000 0.0308
004680 0.6408 0.3286 0.0000 0.0306
004700 0.6382 0.3295 0.0000 0.0323
004720 0.6292 0.3370 0.0000 0.0338
004740 0.6172 0.3471 0.0000 0.0358
004760 0.6044 0.3577 0.0000 0.0379
004780 0.5961 0.3681 0.0000 0.0358
004800 0.5909 0.3752 0.0000 0.0339
004820 0.5934 0.3747 0.0000 0.0319
004840 0.5960 0.3726 0.0000 0.0314
004860 0.6032 0.3675 0.0000 0.0293
004880 0.6111 0.3584 0.0000 0.0305
004900 0.6174 0.3528 0.0000 0.0298
004920 0.6247 0.3462 0.0000 0.0291
004940 0.6300 0.3402 0.0000 0.0299
004960 0.6333 0.3370 0.0000 0.0297
004980 0.6357 0.3341 0.0000 0.0302
005000 0.6353 0.3347 0.0000 0.0300
005020 0.6354 0.3321 0.0000 0.0325
005040 0.6261 0.3384 0.0000 0.0354
005060 0.6158 0.3505 0.0000 0.0337
005080 0.6125 0.3544 0.0000 0.0331
005100 0.6101 0.3586 0.0000 0.0314
005120 0.6152 0.3543 0.0000 0.0306
005140 0.6176 0.3505 0.0000 0.0319
005160 0.6128 0.3547 0.0000 0.0326
005180 0.6087 0.3578 0.0000 0.0335
005200 0.6057 0.3614 0.0000 0.0328
005220 0.6074 0.3621 0.0000 0.0306
005240 0.6102 0.3599 0.0000 0.0299
005260 0.6114 0.3563 0.0000 0.0323
005280 0.6119 0.3540 0.0000 0.0341
005300 0.6092 0.3575 0.0000 0.0332
005320 0.6098 0.3583 0.0000 0.0319
005340 0.6122 0.3553 0.0000 0.0326
005360 0.6132 0.3552 0.0000 0.0316
005380 0.6129 0.3561 0.0000 0.0310
005400 0.6126 0.3563 0.0000 0.0311
005420 0.6095 0.3582 0.0000 0.0323
005440 0.6089 0.3575 0.0000 0.0336
005460 0.6017 0.3630 0.0000 0.0352
005480 0.6003 0.3664 0.0000 0.0333
005500 0.6030 0.3666 0.0000 0.0304
005520 0.6099 0.3607 0.0000 0.0294
005540 0.6137 0.3560 0.0000 0.0303
005560 0.6171 0.3523 0.0000 0.0306
005580 0.6206 0.3483 0.0000 0.0312
005600 0.6217 0.3466 0.0000 0.0317
005620 0.6183 0.3499 0.0000 0.0318
005640 0.6179 0.3522 0.0000 0.0299
005660 0.6181 0.3508 0.0000 0.0311
005680 0.6171 0.3528 0.0000 0.0301
005700 0.6216 0.3483 0.0000 0.0301
005720 0.6213 0.3463 0.0000 0.0324
005740 0.6181 0.3478 0.0000 0.0341
005760 0.6147 0.3510 0.0000 0.0344
005780 0.6093 0.3547 0.0000 0.0360
005800 0.6035 0.3608 0.0000 0.0357
005820 0.6014 0.3663 0.0000 0.0322
005840 0.6040 0.3656 0.0000 0.0303
005860 0.6060 0.3631 0.0000 0.0310
005880 0.6088 0.3611 0.0000 0.0302
005900 0.6139 0.3551 0.0000 0.0310
005920 0.6172 0.3516 0.0000 0.0312
005940 0.6188 0.3491 0.0000 0.0321
005960 0.6194 0.3498 0.0000 0.0308
005980 0.6248 0.3456 0.0000 0.0296
006000 0.6230 0.3464 0.0000 0.0306
006020 0.6210 0.3467 0.0000 0.0323
006040 0.6190 0.3481 0.0000 0.0329
006060 0.6185 0.3486 0.0000 0.0329
006080 0.6191 0.3505 0.0000 0.0305
006100 0.6228 0.3480 0.0000 0.0291
006120 0.6318 0.3407 0.0000 0.0275
006140 0.6356 0.3342 0.0000 0.0303
006160 0.6348 0.3347 0.0000 0.0305
006180 0.6341 0.3348 0.0000 0.0311
006200 0.6299 0.3388 0.0000 0.0313
006220 0.6281 0.3403 0.0000 0.0316
006240 0.6246 0.3426 0.0000 0.0328
006260 0.6180 0.3476 0.0000 0.0344
006280 0.6085 0.3571 0.0000 0.0344
006300 0.5998 0.3661 0.0000 0.0340
006320 0.5960 0.3703 0.0000 0.0337
006340 0.5934 0.3736 0.0000 0.0330
006360 0.5951 0.3728 0.0000 0.0321
006380 0.6028 0.3679 0.0000 0.0294
006400 0.6117 0.3587 0.0000 0.0296
006420 0.6222 0.3502 0.0000 0.0276
006440 0.6298 0.3409 0.0000 0.0293
006460 0.6287 0.3386 0.0000 0.0327
006480 0.6247 0.3435 0.0000 0.0318
006500 0.6182 0.3482 0.0000 0.0336
006520 0.6161 0.3516 0.0000 0.0323
006540 0.6162 0.3517 0.0000 0.0321
006560 0.6174 0.3520 0.0000 0.0305
006580 0.6157 0.3510 0.0000 0.0333
006600 0.6129 0.3524 0.0000 0.0347
006620 0.6092 0.3563 0.0000 0.0345
006640 0.6058 0.3603 0.0000 0.0340
006660 0.6021 0.3645 0.0000 0.0334
006680 0.6044 0.3640 0.0000 0.0316
006700 0.6039 0.3636 0.0000 0.0325
006720 0.6060 0.3618 0.0000 0.0321
006740 0.6047 0.3635 0.0000 0.0318
006760 0.6047 0.3640 0.0000 0.0313
006780 0.6092 0.3603 0.0000 0.0306
006800 0.6136 0.3567 0.0000 0.0297
006820 0.6199 0.3501 0.0000 0.0301
006840 0.6260 0.3447 0.0000 0.0292
006860 0.6303 0.3404 0.0000 0.0293
006880 0.6356 0.3355 0.0000 0.0289
006900 0.6341 0.3337 0.0000 0.0322
006920 0.6321 0.3356 0.0000 0.0323
006940 0.6266 0.3412 0.0000 0.0322
006960 0.6223 0.3455 0.0000 0.0322
006980 0.6188 0.3497 0.0000 0.0315
007000 0.6170 0.3509 0.0000 0.0321
007020 0.6165 0.3509 0.0000 0.0325
007040 0.6138 0.3541 0.0000 0.0321
007060 0.6155 0.3541 0.0000 0.0304
007080 0.6192 0.3503 0.0000 0.0305
007100 0.6185 0.3484 0.0000 0.0331
007120 0.6146 0.3513 0.0000 0.0340
007140 0.6111 0.3560 0.0000 0.0329
007160 0.6081 0.3607 0.0000 0.0312
007180 0.6118 0.3589 0.0000 0.0293
007200 0.6154 0.3543 0.0000 0.0303
007220 0.6207 0.3484 0.0000 0.0309
007240 0.6218 0.3472 0.0000 0.0310
007260 0.6188 0.3488 0.0000 0.0324
007280 0.6169 0.3490 0.0000 0.0341
007300 0.6157 0.3509 0.0000 0.0334
007320 0.6181 0.3519 0.0000 0.0300
007340 0.6202 0.3475 0.0000 0.0323
007360 0.6195 0.3469 0.0000 0.0335
007380 0.6105 0.3541 0.0000 0.0354
007400 0.6022 0.3622 0.0000 0.0356
007420 0.5940 0.3697 0.0000 0.0363
007440 0.5911 0.3742 0.0000 0.0347
007460 0.5910 0.3764 0.0000 0.0326
007480 0.5957 0.3737 0.0000 0.0306
007500 0.6008 0.3677 0.0000 0.0315
007520 0.6025 0.3671 0.0000 0.0304
007540 0.6080 0.3634 0.0000 0.0286
007560 0.6156 0.3558 0.0000 0.0286
007580 0.6220 0.3483 0.0000 0.0297
007600 0.6275 0.3438 0.0000 0.0287
007620 0.6299 0.3389 0.0000 0.0312
007640 0.6280 0.3396 0.0000 0.0324
007660 0.6222 0.3445 0.0000 0.0332
007680 0.6174 0.3481 0.0000 0.0344
007700 0.6125 0.3524 0.0000 0.0351
007720 0.6109 0.3561 0.0000 0.0331
007740 0.6057 0.3607 0.0000 0.0336
007760 0.6060 0.3608 0.0000 0.0331
007780 0.6056 0.3609 0.0000 0.0336
007800 0.6025 0.3609 0.0000 0.0365
007820 0.5983 0.3678 0.0000 0.0339
007840 0.5965 0.3713 0.0000 0.0322
007860 0.5986 0.3708 0.0000 0.0305
007880 0.6067 0.3641 0.0000 0.0292
007900 0.6146 0.3565 0.0000 0.0289
007920 0.6241 0.3471 0.0000 0.0288
007940 0.6315 0.3395 0.0000 0.0290
007960 0.6348 0.3356 0.0000 0.0295
007980 0.6316 0.3347 0.0000 0.0337
008000 0.6224 0.3422 0.0000 0.0354
008020 0.6087 0.3536 0.0000 0.0377
008040 0.5976 0.3660 0.0000 0.0364
008060 0.5904 0.3753 0.0000 0.0343
008080 0.5873 0.3787 0.0000 0.0340
008100 0.5910 0.3796 0.0000 0.0295
008120 0.6017 0.3695 0.0000 0.0289
008140 0.6104 0.3594 0.0000 0.0302
008160 0.6145 0.3554 0.0000 0.0301
008180 0.6175 0.3519 0.0000 0.0306
008200 0.6190 0.3505 0.0000 0.0305
008220 0.6217 0.3473 0.0000 0.0310
008240 0.6253 0.3440 0.0000 0.0307
008260 0.6230 0.3443 0.0000 0.0327
008280 0.6180 0.3472 0.0000 0.0348
008300 0.6152 0.3524 0.0000 0.0324
008320 0.6147 0.3526 0.0000 0.0327
008340 0.6133 0.3531 0.0000 0.0337
008360 0.6086 0.3569 0.0000 0.0345
008380 0.6024 0.3640 0.0000 0.0336
008400 0.5966 0.3691 0.0000 0.0343
008420 0.5967 0.3698 0.0000 0.0335
008440 0.5941 0.3738 0.0000 0.0321
008460 0.5966 0.3722 0.0000 0.0312
008480 0.6042 0.3643 0.0000 0.0315
008500 0.6070 0.3612 0.0000 0.0318
008520 0.6100 0.3580 0.0000 0.0320
008540 0.6131 0.3555 0.0000 0.0315
008560 0.6121 0.3573 0.0000 0.0307
008580 0.6133 0.3555 0.0000 0.0312
008600 0.6177 0.3534 0.0000 0.0289
008620 0.6223 0.3485 0.0000 0.0291
008640 0.6274 0.3427 0.0000 0.0300
008660 0.6256 0.3427 0.0000 0.0317
008680 0.6215 0.3454 0.0000 0.0331
008700 0.6136 0.3514 0.0000 0.0350
008720 0.6043 0.3593 0.0000 0.0365
008740 0.5974 0.3667 0.0000 0.0358
008760 0.5917 0.3730 0.0000 0.0353
008780 0.5915 0.3761 0.0000 0.0324
008800 0.5955 0.3727 0.0000 0.0318
008820 0.5988 0.3704 0.0000 0.0308
008840 0.6067 0.3638 0.0000 0.0295
008860 0.6127 0.3583 0.0000 0.0290
008880 0.6232 0.3485 0.0000 0.0282
008900 0.6341 0.3382 0.0000 0.0277
008920 0.6372 0.3325 0.0000 0.0302
008940 0.6333 0.3336 0.0000 0.0332
008960 0.6272 0.3399 0.0000 0.0329
008980 0.6237 0.3436 0.0000 0.0327
009000 0.6187 0.3468 0.0000 0.0345
009020 0.6080 0.3566 0.0000 0.0354
009040 0.6057 0.3622 0.0000 0.0321
009060 0.6074 0.3603 0.0000 0.0323
009080 0.6079 0.3599 0.0000 0.0322
009100 0.6083 0.3608 0.0000 0.0309
009120 0.6168 0.3521 0.0000 0.0312
009140 0.6171 0.3502 0.0000 0.0326
009160 0.6195 0.3486 0.0000 0.0319
009180 0.6199 0.3491 0.0000 0.0310
009200 0.6177 0.3494 0.0000 0.0329
009220 0.6136 0.3527 0.0000 0.0336
009240 0.6100 0.3570 0.0000 0.0331
009260 0.6077 0.3595 0.0000 0.0328
009280 0.6081 0.3597 0.0000 0.0322
009300 0.6092 0.3590 0.0000 0.0319
009320 0.6135 0.3568 0.0000 0.0297
009340 0.6215 0.3505 0.0000 0.0280
009360 0.6281 0.3429 0.0000 0.0290
009380 0.6333 0.3364 0.0000 0.0304
009400 0.6324 0.3366 0.0000 0.0310
009420 0.6301 0.3378 0.0000 0.0321
009440 0.6263 0.3425 0.0000 0.0313
009460 0.6269 0.3417 0.0000 0.0313
009480 0.6270 0.3425 0.0000 0.0305
009500 0.6283 0.3420 0.0000 0.0297
009520 0.6262 0.3410 0.0000 0.0327
009540 0.6192 0.3461 0.0000 0.0347
009560 0.6094 0.3541 0.0000 0.0366
009580 0.6022 0.3617 0.0000 0.0361
009600 0.5947 0.3696 0.0000 0.0357
009620 0.5902 0.3762 0.0000 0.0336
009640 0.5879 0.3798 0.0000 0.0324
009660 0.5932 0.3758 0.0000 0.0310
009680 0.6051 0.3660 0.0000 0.0290
009700 0.6170 0.3538 0.0000 0.0292
009720 0.6272 0.3426 0.0000 0.0302
009740 0.6343 0.3363 0.0000 0.0294
009760 0.6361 0.3326 0.0000 0.0312
009780 0.6341 0.3327 0.0000 0.0332
009800 0.6295 0.3375 0.0000 0.0330
009820 0.6279 0.3411 0.0000 0.0310
009840 0.6215 0.3459 0.0000 0.0326
009860 0.6118 0.3537 0.0000 0.0346
009880 0.6029 0.3623 0.0000 0.0348
009900 0.6009 0.3665 0.0000 0.0326
009920 0.6024 0.3648 0.0000 0.0327
009940 0.6048 0.3610 0.0000 0.0342
009960 0.6019 0.3639 0.0000 0.0342
009980 0.6013 0.3656 0.0000 0.0331
010000 0.6013 0.3671 0.0000 0.0316
010020 0.6066 0.3653 0.0000 0.0282
010040 0.6066 0.3653 0.0000 0.0282
010060 0.6066 0.3653 0.0000 0.0282
010080 0.6066 0.3653 0.0000 0.0282
010100 0.6066 0.3653 0.0000 0.0282
010120 0.6066 0.3653 0.0000 0.0282
010140 0.6066 0.3653 0.0000 0.0282
010160 0.6066 0.3653 0.0000 0.0282
010180 0.6066 0.3653 0.0000 0.0282
010200 0.6066 0.3653 0.0000 0.0282
010220 0.6066 0.3653 0.0000 0.0282
010240 0.6066 0.3653 0.0000 0.0282
010260 0.6066 0.3653 0.0000 0.0282
010280 0.6066 0.3653 0.0000 0.0282
010300 0.6066 0.3653 0.0000 0.0282
010320 0.6066 0.3653 0.0000 0.0282
010340 0.6066 0.3653 0.0000 0.0282
010360 0.6066 0.3653 0.0000 0.0282
010380 0.6066 0.3653 0.0000 0.0282
010400 0.6066 0.3653 0.0000 0.0282
010420 0.6066 0.3653 0.0000 0.0282
010440 0.6066 0.3653 0.0000 0.0282
010460 0.6066 0.3653 0.0000 0.0282
010480 0.6066 0.3653 0.0000 0.0282
010500 0.6066 0.3653 0.0000 0.0282
010520 0.6066 0.3653 0.0000 0.0282
010540 0.6066 0.3653 0.0000 0.0282
010560 0.6066 0.3653 0.0000 0.0282
010580 0.6066 0.3653 0.0000 0.0282
010600 0.6066 0.3653 0.0000 0.0282
010620 0.6066 0.3653 0.0000 0.0282
010640 0.6066 0.3653 0.0000 0.0282
010660 0.6066 0.3653 0.0000 0.0282
010680 0.6066 0.3653 0.0000 0.0282
010700 0.6066 0.3653 0.0000 0.0282
010720 0.6066 0.3653 0.0000 0.0282
010740 0.6066 0.3653 0.0000 0.0282
010760 0.6066 0.3653 0.0000 0.0282
010780 0.6066 0.3653 0.0000 0.0282
010800 0.6066 0.3653 0.0000 0.0282
010820 0.6066 0.3653 0.0000 0.0282
010840 0.6066 0.3653 0.0000 0.0282
010860 0.6066 0.3653 0.0000 0.0282
010880 0.6066 0.3653 0.0000 0.0282
010900 0.6066 0.3653 0.0000 0.0282
010920 0.6066 0.3653 0.0000 0.0282
010940 0.6066 0.3653 0.0000 0.0282
010960 0.6066 0.3653 0.0000 0.0282
010980 0.6066 0.3653 0.0000 0.0282
011000 0.6066 0.3653 0.0000 0.0282
011020 0.6066 0.3653 0.0000 0.0282
011040 0.6066 0.3653 0.0000 0.0282
011060 0.6066 0.3653 0.0000 0.0282
011080 0.6066 0.3653 0.0000 0.0282
011100 0.6066 0.3653 0.0000 0.0282
011120 0.6066 0.3653 0.0000 0.0282
011140 0.6066 0.3653 0.0000 0.0282
011160 0.6066 0.3653 0.0000 0.0282
011180 0.6066 0.3653 0.0000 0.0282
011200 0.6066 0.3653 0.0000 0.0282
011220 0.6066 0.3653 0.0000 0.0282
011240 0.6066 0.3653 0.0000 0.0282
011260 0.6066 0.3653 0.0000 0.0282
011280 0.6066 0.3653 0.0000 0.0282
011300 0.6066 0.3653 0.0000 0.0282
011320 0.6066 0.3653 0.0000 0.0282
011340 0.6066 0.3653 0.0000 0.0282
011360 0.6066 0.3653 0.0000 0.0282
011380 0.6066 0.3653 0.0000 0.0282
011400 0.6066 0.3653 0.0000 0.0282
011420 0.6066 0.3653 0.0000 0.0282
011440 0.6066 0.3653 0.0000 0.0282
011460 0.6066 0.3653 0.0000 0.0282
011480 0.6066 0.3653 0.0000 0.0282
011500 0.6066 0.3653 0.0000 0.0282
011520 0.6066 0.3653 0.0000 0.0282
011540 0.6066 0.3653 0.0000 0.0282
011560 0.6066 0.3653 0.0000 0.0282
011580 0.6066 0.3653 0.0000 0.0282
011600 0.6066 0.3653 0.0000 0.0282
011620 0.6066 0.3653 0.0000 0.0282
011640 0.6066 0.3653 0.0000 0.0282
011660 0.6066 0.3653 0.0000 0.0282
011680 0.6066 0.3653 0.0000 0.0282
011700 0.6066 0.3653 0.0000 0.0282
011720 0.6066 0.3653 0.0000 0.0282
011740 0.6066 0.3653 0.0000 0.0282
011760 0.6066 0.3653 0.0000 0.0282
011780 0.6066 0.3653 0.0000 0.0282
011800 0.6066 0.3653 0.0000 0.0282
011820 0.6066 0.3653 0.0000 0.0282
011840 0.6066 0.3653 0.0000 0.0282
011860 0.6066 0.3653 0.0000 0.0282
011880 0.6066 0.3653 0.0000 0.0282
011900 0.6066 0.3653 0.0000 0.0282
011920 0.6066 0.3653 0.0000 0.0282
011940 0.6066 0.3653 0.0000 0.0282
011960 0.6066 0.3653 0.0000 0.0282
011980 0.6066 0.3653 0.0000 0.0282
012000 0.6066 0.3653 0.0000 0.0282
012020 0.6066 0.3653 0.0000 0.0282
012040 0.6066 0.3653 0.0000 0.0282
012060 0.6066 0.3653 0.0000 0.0282
012080 0.6066 0.3653 0.0000 0.0282
012100 0.6066 0.3653 0.0000 0.0282
012120 0.6066 0.3653 0.0000 0.0282
012140 0.6066 0.3653 0.0000 0.0282
012160 0.6066 0.3653 0.0000 0.0282
012180 0.6066 0.3653 0.0000 0.0282
012200 0.6066 0.3653 0.0000 0.0282
012220 0.6066 0.3653 0.0000 0.0282
012240 0.6066 0.3653 0.0000 0.0282
012260 0.6066 0.3653 0.0000 0.0282
012280 0.6066 0.3653 0.0000 0.0282
012300 0.6066 0.3653 0.0000 0.0282
012320 0.6066 0.3653 0.0000 0.0282
012340 0.6066 0.3653 0.0000 0.0282
012360 0.6066 0.3653 0.0000 0.0282
012380 0.6066 0.3653 0.0000 0.0282
012400 0.6066 0.3653 0.0000 0.0282
012420 0.6066 0.3653 0.0000 0.0282
012440 0.6066 0.3653 0.0000 0.0282
012460 0.6066 0.3653 0.0000 0.0282
012480 0.6066 0.3653 0.0000 0.0282
012500 0.6066 0.3653 0.0000 0.0282
012520 0.6066 0.3653 0.0000 0.0282
012540 0.6066 0.3653 0.0000 0.0282
012560 0.6066 0.3653 0.0000 0.0282
012580 0.6066 0.3653 0.0000 0.0282
012600 0.6066 0.3653 0.0000 0.0282
012620 0.6066 0.3653 0.0000 0.0282
012640 0.6066 0.3653 0.0000 0.0282
012660 0.6066 0.3653 0.0000 0.0282
012680 0.6066 0.3653 0.0000 0.0282
012700 0.6066 0.3653 0.0000 0.0282
012720 0.6066 0.3653 0.0000 0.0282
012740 0.6066 0.3653 0.0000 0.0282
012760 0.6066 0.3653 0.0000 0.0282
012780 0.6066 0.3653 0.0000 0.0282
012800 0.6066 0.3653 0.0000 0.0282
012820 0.6066 0.3653 0.0000 0.0282
012840 0.6066 0.3653 0.0000 0.0282
012860 0.6066 0.3653 0.0000 0.0282
012880 0.6066 0.3653 0.0000 0.0282
012900 0.6066 0.3653 0.0000 0.0282
012920 0.6066 0.3653 0.0000 0.0282
012940 0.6066 0.3653 0.0000 0.0282
012960 0.6066 0.3653 0.0000 0.0282
012980 0.6066 0.3653 0.0000 0.0282
013000 0.6066 0.3653 0.0000 0.0282
013020 0.6066 0.3653 0.0000 0.0282
013040 0.6066 0.3653 0.0000 0.0282
013060 0.6066 0.3653 0.0000 0.0282
013080 0.6066 0.3653 0.0000 0.0282
013100 0.6066 0.3653 0.0000 0.0282
013120 0.6066 0.3653 0.0000 0.0282
013140 0.6066 0.3653 0.0000 0.0282
013160 0.6066 0.3653 0.0000 0.0282
013180 0.6066 0.3653 0.0000 0.0282
013200 0.6066 0.3653 0.0000 0.0282
013220 0.6066 0.3653 0.0000 0.0282
013240 0.6066 0.3653 0.0000 0.0282
013260 0.6066 0.3653 0.0000 0.0282
013280 0.6066 0.3653 0.0000 0.0282
013300 0.6066 0.3653 0.0000 0.0282
013320 0.6066 0.3653 0.0000 0.0282
013340 0.6066 0.3653 0.0000 0.0282
013360 0.6066 0.3653 0.0000 0.0282
013380 0.6066 0.3653 0.0000 0.0282
013400 0.6066 0.3653 0.0000 0.0282
013420 0.6066 0.3653 0.0000 0.0282
013440 0.6066 0.3653 0.0000 0.0282
013460 0.6066 0.3653 0.0000 0.0282
013480 0.6066 0.3653 0.0000 0.0282
013500 0.6066 0.3653 0.0000 0.0282
013520 0.6066 0.3653 0.0000 0.0282
013540 0.6066 0.3653 0.0000 0.0282
013560 0.6066 0.3653 0.0000 0.0282
013580 0.6066 0.3653 0.0000 0.0282
013600 0.6066 0.3653 0.0000 0.0282
013620 0.6066 0.3653 0.0000 0.0282
013640 0.6066 0.3653 0.0000 0.0282
013660 0.6066 0.3653 0.0000 0.0282
013680 0.6066 0.3653 0.0000 0.0282
013700 0.6066 0.3653 0.0000 0.0282
013720 0.6066 0.3653 0.0000 0.0282
013740 0.6066 0.3653 0.0000 0.0282
013760 0.6066 0.3653 0.0000 0.0282
013780 0.6066 0.3653 0.0000 0.0282
013800 0.6066 0.3653 0.0000 0.0282
013820 0.6066 0.3653 0.0000 0.0282
013840 0.6066 0.3653 0.0000 0.0282
013860 0.6066 0.3653 0.0000 0.0282
013880 0.6066 0.3653 0.0000 0.0282
013900 0.6066 0.3653 0.0000 0.0282
013920 0.6066 0.3653 0.0000 0.0282
013940 0.6066 0.3653 0.0000 0.0282
013960 0.6066 0.3653 0.0000 0.0282
013980 0.6066 0.3653 0.0000 0.0282
014000 0.6066 0.3653 0.0000 0.0282
014020 0.6066 0.3653 0.0000 0.0282
014040 0.6066 0.3653 0.0000 0.0282
014060 0.6066 0.3653 0.0000 0.0282
014080 0.6066 0.3653 0.0000 0.0282
014100 0.6066 0.3653 0.0000 0.0282
014120 0.6066 0.3653 0.0000 0.0282
014140 0.6066 0.3653 0.0000 0.0282
014160 0.6066 0.3653 0.0000 0.0282
014180 0.6066 0.3653 0.0000 0.0282
014200 0.6066 0.3653 0.0000 0.0282
014220 0.6066 0.3653 0.0000 0.0282
014240 0.6066 0.3653 0.0000 0.0282
014260 0.6066 0.3653 0.0000 0.0282
014280 0.6066 0.3653 0.0000 0.0282
014300 0.6066 0.3653 0.0000 0.0282
014320 0.6066 0.3653 0.0000 0.0282
014340 0.6066 0.3653 0.0000 0.0282
014360 0.6066 0.3653 0.0000 0.0282
014380 0.6066 0.3653 0.0000 0.0282
014400 0.6066 0.3653 0.0000 0.0282
014420 0.6066 0.3653 0.0000 0.0282
014440 0.6066 0.3653 0.0000 0.0282
014460 0.6066 0.3653 0.0000 0.0282
014480 0.6066 0.3653 0.0000 0.0282
014500 0.6066 0.3653 0.0000 0.0282
014520 0.6066 0.3653 0.0000 0.0282
014540 0.6066 0.3653 0.0000 0.0282
014560 0.6066 0.3653 0.0000 0.0282
014580 0.6066 0.3653 0.0000 0.0282
014600 0.6066 0.3653 0.0000 0.0282
014620 0.6066 0.3653 0.0000 0.0282
014640 0.6066 0.3653 0.0000 0.0282
014660 0.6066 0.3653 0.0000 0.0282
014680 0.6066 0.3653 0.0000 0.0282
014700 0.6066 0.3653 0.0000 0.0282
014720 0.6066 0.3653 0.0000 0.0282
014740 0.6066 0.3653 0.0000 0.0282
014760 0.6066 0.3653 0.0000 0.0282
014780 0.6066 0.3653 0.0000 0.0282
014800 0.6066 0.3653 0.0000 0.0282
014820 0.6066 0.3653 0.0000 0.0282
014840 0.6066 0.3653 0.0000 0.0282
014860 0.6066 0.3653 0.0000 0.0282
014880 0.6066 0.3653 0.0000 0.0282
014900 0.6066 0.3653 0.0000 0.0282
014920 0.6066 0.3653 0.0000 0.0282
014940 0.6066 0.3653 0.0000 0.0282
014960 0.6066 0.3653 0.0000 0.0282
014980 0.6066 0.3653 0.0000 0.0282
015000 0.6066 0.3653 0.0000 0.0282
015020 0.6066 0.3653 0.0000 0.0282
015040 0.6066 0.3653 0.0000 0.0282
015060 0.6066 0.3653 0.0000 0.0282
015080 0.6066 0.3653 0.0000 0.0282
015100 0.6066 0.3653 0.0000 0.0282
015120 0.6066 0.3653 0.0000 0.0282
015140 0.6066 0.3653 0.0000 0.0282
015160 0.6066 0.3653 0.0000 0.0282
015180 0.6066 0.3653 0.0000 0.0282
015200 0.6066 0.3653 0.0000 0.0282
015220 0.6066 0.3653 0.0000 0.0282
015240 0.6066 0.3653 0.0000 0.0282
015260 0.6066 0.3653 0.0000 0.0282
015280 0.6066 0.3653 0.0000 0.0282
015300 0.6066 0.3653 0.0000 0.0282
015320 0.6066 0.3653 0.0000 0.0282
015340 0.6066 0.3653 0.0000 0.0282
015360 0.6066 0.3653 0.0000 0.0282
015380 0.6066 0.3653 0.0000 0.0282
015400 0.6066 0.3653 0.0000 0.0282
015420 0.6066 0.3653 0.0000 0.0282
015440 0.6066 0.3653 0.0000 0.0282
015460 0.6066 0.3653 0.0000 0.0282
015480 0.6066 0.3653 0.0000 0.0282
015500 0.6066 0.3653 0.0000 0.0282
015520 0.6066 0.3653 0.0000 0.0282
015540 0.6066 0.3653 0.0000 0.0282
015560 0.6066 0.3653 0.0000 0.0282
015580 0.6066 0.3653 0.0000 0.0282
015600 0.6066 0.3653 0.0000 0.0282
015620 0.6066 0.3653 0.0000 0.0282
015640 0.6066 0.3653 0.0000 0.0282
015660 0.6066 0.3653 0.0000 0.0282
015680 0.6066 0.3653 0.0000 0.0282
015700 0.6066 0.3653 0.0000 0.0282
015720 0.6066 0.3653 0.0000 0.0282
015740 0.6066 0.3653 0.0000 0.0282
015760 0.6066 0.3653 0.0000 0.0282
015780 0.6066 0.3653 0.0000 0.0282
015800 0.6066 0.3653 0.0000 0.0282
015820 0.6066 0.3653 0.0000 0.0282
015840 0.6066 0.3653 0.0000 0.0282
015860 0.6066 0.3653 0.0000 0.0282
015880 0.6066 0.3653 0.0000 0.0282
015900 0.6066 0.3653 0.0000 0.0282
015920 0.6066 0.3653 0.0000 0.0282
015940 0.6066 0.3653 0.0000 0.0282
015960 0.6066 0.3653 0.0000 0.0282
015980 0.6066 0.3653 0.0000 0.0282
016000 0.6066 0.3653 0.0000 0.0282
016020 0.6066 0.3653 0.0000 0.0282
016040 0.6066 0.3653 0.0000 0.0282
016060 0.6066 0.3653 0.0000 0.0282
016080 0.6066 0.3653 0.0000 0.0282
016100 0.6066 0.3653 0.0000 0.0282
016120 0.6066 0.3653 0.0000 0.0282
016140 0.6066 0.3653 0.0000 0.0282
016160 0.6066 0.3653 0.0000 0.0282
016180 0.6066 0.3653 0.0000 0.0282
016200 0.6066 0.3653 0.0000 0.0282
016220 0.6066 0.3653 0.0000 0.0282
016240 0.6066 0.3653 0.0000 0.0282
016260 0.6066 0.3653 0.0000 0.0282
016280 0.6066 0.3653 0.0000 0.0282
016300 0.6066 0.3653 0.0000 0.0282
016320 0.6066 0.3653 0.0000 0.0282
016340 0.6066 0.3653 0.0000 0.0282
016360 0.6066 0.3653 0.0000 0.0282
016380 0.6066 0.3653 0.0000 0.0282
016400 0.6066 0.3653 0.0000 0.0282
016420 0.6066 0.3653 0.0000 0.0282
016440 0.6066 0.3653 0.0000 0.0282
016460 0.6066 0.3653 0.0000 0.0282
016480 0.6066 0.3653 0.0000 0.0282
016500 0.6066 0.3653 0.0000 0.0282
016520 0.6066 0.3653 0.0000 0.0282
016540 0.6066 0.3653 0.0000 0.0282
016560 0.6066 0.3653 0.0000 0.0282
016580 0.6066 0.3653 0.0000 0.0282
016600 0.6066 0.3653 0.0000 0.0282
016620 0.6066 0.3653 0.0000 0.0282
016640 0.6066 0.3653 0.0000 0.0282
016660 0.6066 0.3653 0.0000 0.0282
016680 0.6066 0.3653 0.0000 0.0282
016700 0.6066 0.3653 0.0000 0.0282
016720 0.6066 0.3653 0.0000 0.0282
016740 0.6066 0.3653 0.0000 0.0282
016760 0.6066 0.3653 0.0000 0.0282
016780 0.6066 0.3653 0.0000 0.0282
016800 0.6066 0.3653 0.0000 0.0282
016820 0.6066 0.3653 0.0000 0.0282
016840 0.6066 0.3653 0.0000 0.0282
016860 0.6066 0.3653 0.0000 0.0282
016880 0.6066 0.3653 0.0000 0.0282
016900 0.6066 0.3653 0.0000 0.0282
016920 0.6066 0.3653 0.0000 0.0282
016940 0.6066 0.3653 0.0000 0.0282
016960 0.6066 0.3653 0.0000 0.0282
016980 0.6066 0.3653 0.0000 0.0282
017000 0.6066 0.3653 0.0000 0.0282
017020 0.6066 0.3653 0.0000 0.0282
017040 0.6066 0.3653 0.0000 0.0282
017060 0.6066 0.3653 0.0000 0.0282
017080 0.6066 0.3653 0.0000 0.0282
017100 0.6066 0.3653 0.0000 0.0282
017120 0.6066 0.3653 0.0000 0.0282
017140 0.6066 0.3653 0.0000 0.0282
017160 0.6066 0.3653 0.0000 0.0282
017180 0.6066 0.3653 0.0000 0.0282
017200 0.6066 0.3653 0.0000 0.0282
017220 0.6066 0.3653 0.0000 0.0282
017240 0.6066 0.3653 0.0000 0.0282
017260 0.6066 0.3653 0.0000 0.0282
017280 0.6066 0.3653 0.0000 0.0282
017300 0.6066 0.3653 0.0000 0.0282
017320 0.6066 0.3653 0.0000 0.0282
017340 0.6066 0.3653 0.0000 0.0282
017360 0.6066 0.3653 0.0000 0.0282
017380 0.6066 0.3653 0.0000 0.0282
017400 0.6066 0.3653 0.0000 0.0282
017420 0.6066 0.3653 0.0000 0.0282
017440 0.6066 0.3653 0.0000 0.0282
017460 0.6066 0.3653 0.0000 0.0282
017480 0.6066 0.3653 0.0000 0.0282
017500 0.6066 0.3653 0.0000 0.0282
017520 0.6066 0.3653 0.0000 0.0282
017540 0.6066 0.3653 0.0000 0.0282
017560 0.6066 0.3653 0.0000 0.0282
017580 0.6066 0.3653 0.0000 0.0282
017600 0.6066 0.3653 0.0000 0.0282
017620 0.6066 0.3653 0.0000 0.0282
017640 0.6066 0.3653 0.0000 0.0282
017660 0.6066 0.3653 0.0000 0.0282
017680 0.6066 0.3653 0.0000 0.0282
017700 0.6066 0.3653 0.0000 0.0282
017720 0.6066 0.3653 0.0000 0.0282
017740 0.6066 0.3653 0.0000 0.0282
017760 0.6066 0.3653 0.0000 0.0282
017780 0.6066 0.3653 0.0000 0.0282
017800 0.6066 0.3653 0.0000 0.0282
017820 0.6066 0.3653 0.0000 0.0282
017840 0.6066 0.3653 0.0000 0.0282
017860 0.6066 0.3653 0.0000 0.0282
017880 0.6066 0.3653 0.0000 0.0282
017900 0.6066 0.3653 0.0000 0.0282
017920 0.6066 0.3653 0.0000 0.0282
017940 0.6066 0.3653 0.0000 0.0282
017960 0.6066 0.3653 0.0000 0.0282
017980 0.6066 0.3653 0.0000 0.0282
018000 0.6066 0.3653 0.0000 0.0282
018020 0.6066 0.3653 0.0000 0.0282
018040 0.6066 0.3653 0.0000 0.0282
018060 0.6066 0.3653 0.0000 0.0282
018080 0.6066 0.3653 0.0000 0.0282
018100 0.6066 0.3653 0.0000 0.0282
018120 0.6066 0.3653 0.0000 0.0282
018140 0.6066 0.3653 0.0000 0.0282
018160 0.6066 0.3653 0.0000 0.0282
018180 0.6066 0.3653 0.0000 0.0282
018200 0.6066 0.3653 0.0000 0.0282
018220 0.6066 0.3653 0.0000 0.0282
018240 0.6066 0.3653 0.0000 0.0282
018260 0.6066 0.3653 0.0000 0.0282
018280 0.6066 0.3653 0.0000 0.0282
018300 0.6066 0.3653 0.0000 0.0282
018320 0.6066 0.3653 0.0000 0.0282
018340 0.6066 0.3653 0.0000 0.0282
018360 0.6066 0.3653 0.0000 0.0282
018380 0.6066 0.3653 0.0000 0.0282
018400 0.6066 0.3653 0.0000 0.0282
018420 0.6066 0.3653 0.0000 0.0282
018440 0.6066 0.3653 0.0000 0.0282
018460 0.6066 0.3653 0.0000 0.0282
018480 0.6066 0.3653 0.0000 0.0282
018500 0.6066 0.3653 0.0000 0.0282
018520 0.6066 0.3653 0.0000 0.0282
018540 0.6066 0.3653 0.0000 0.0282
018560 0.6066 0.3653 0.0000 0.0282
018580 0.6066 0.3653 0.0000 0.0282
018600 0.6066 0.3653 0.0000 0.0282
018620 0.6066 0.3653 0.0000 0.0282
018640 0.6066 0.3653 0.0000 0.0282
018660 0.6066 0.3653 0.0000 0.0282
018680 0.6066 0.3653 0.0000 0.0282
018700 0.6066 0.3653 0.0000 0.0282
018720 0.6066 0.3653 0.0000 0.0282
018740 0.6066 0.3653 0.0000 0.0282
018760 0.6066 0.3653 0.0000 0.0282
018780 0.6066 0.3653 0.0000 0.0282
018800 0.6066 0.3653 0.0000 0.0282
018820 0.6066 0.3653 0.0000 0.0282
018840 0.6066 0.3653 0.0000 0.0282
018860 0.6066 0.3653 0.0000 0.0282
018880 0.6066 0.3653 0.0000 0.0282
018900 0.6066 0.3653 0.0000 0.0282
018920 0.6066 0.3653 0.0000 0.0282
018940 0.6066 0.3653 0.0000 0.0282
018960 0.6066 0.3653 0.0000 0.0282
018980 0.6066 0.3653 0.0000 0.0282
019000 0.6066 0.3653 0.0000 0.0282
019020 0.6066 0.3653 0.0000 0.0282
019040 0.6066 0.3653 0.0000 0.0282
019060 0.6066 0.3653 0.0000 0.0282
019080 0.6066 0.3653 0.0000 0.0282
019100 0.6066 0.3653 0.0000 0.0282
019120 0.6066 0.3653 0.0000 0.0282
019140 0.6066 0.3653 0.0000 0.0282
019160 0.6066 0.3653 0.0000 0.0282
019180 0.6066 0.3653 0.0000 0.0282
019200 0.6066 0.3653 0.0000 0.0282
019220 0.6066 0.3653 0.0000 0.0282
019240 0.6066 0.3653 0.0000 0.0282
019260 0.6066 0.3653 0.0000 0.0282
019280 0.6066 0.3653 0.0000 0.0282
019300 0.6066 0.3653 0.0000 0.0282
019320 0.6066 0.3653 0.0000 0.0282
019340 0.6066 0.3653 0.0000 0.0282
019360 0.6066 0.3653 0.0000 0.0282
019380 0.6066 0.3653 0.0000 0.0282
019400 0.6066 0.3653 0.0000 0.0282
019420 0.6066 0.3653 0.0000 0.0282
019440 0.6066 0.3653 0.0000 0.0282
019460 0.6066 0.3653 0.0000 0.0282
019480 0.6066 0.3653 0.0000 0.0282
019500 0.6066 0.3653 0.0000 0.0282
019520 0.6066 0.3653 0.0000 0.0282
019540 0.6066 0.3653 0.0000 0.0282
019560 0.6066 0.3653 0.0000 0.0282
019580 0.6066 0.3653 0.0000 0.0282
019600 0.6066 0.3653 0.0000 0.0282
019620 0.6066 0.3653 0.0000 0.0282
019640 0.6066 0.3653 0.0000 0.0282
019660 0.6066 0.3653 0.0000 0.0282
019680 0.6066 0.3653 0.0000 0.0282
019700 0.6066 0.3653 0.0000 0.0282
019720 0.6066 0.3653 0.0000 0.0282
019740 0.6066 0.3653 0.0000 0.0282
019760 0.6066 0.3653 0.0000 0.0282
019780 0.6066 0.3653 0.0000 0.0282
019800 0.6066 0.3653 0.0000 0.0282
019820 0.6066 0.3653 0.0000 0.0282
019840 0.6066 0.3653 0.0000 0.0282
019860 0.6066 0.3653 0.0000 0.0282
019880 0.6066 0.3653 0.0000 0.0282
019900 0.6066 0.3653 0.0000 0.0282
019920 0.6066 0.3653 0.0000 0.0282
019940 0.6066 0.3653 0.0000 0.0282
019960 0.6066 0.3653 0.0000 0.0282
019980 0.6066 0.3653 0.0000 0.0282
020000 0.6066 0.3653 0.0000 0.0282
