000000 0.2500 0.2500 0.2500 0.2500
000020 0.2600 0.2590 0.2299 0.2511
000040 0.2721 0.2684 0.2082 0.2514
000060 0.2835 0.2776 0.1871 0.2518
000080 0.2931 0.2881 0.1675 0.2513
000100 0.3015 0.2997 0.1484 0.2503
000120 0.3080 0.3133 0.1304 0.2483
000140 0.3144 0.3264 0.1136 0.2456
000160 0.3197 0.3411 0.0978 0.2414
000180 0.3241 0.3569 0.0834 0.2355
000200 0.3277 0.3726 0.0698 0.2300
000220 0.3309 0.3880 0.0573 0.2238
000240 0.3339 0.4044 0.0463 0.2154
000260 0.3361 0.4210 0.0366 0.2063
000280 0.3367 0.4377 0.0279 0.1977
000300 0.3364 0.4553 0.0205 0.1878
000320 0.3349 0.4735 0.0145 0.1771
000340 0.3309 0.4941 0.0094 0.1656
000360 0.3266 0.5150 0.0054 0.1529
000380 0.3216 0.5368 0.0025 0.1390
000400 0.3145 0.5586 0.0007 0.1262
000420 0.3058 0.5815 0.0000 0.1127
000440 0.2986 0.6067 0.0000 0.0947
000460 0.2944 0.6261 0.0000 0.0795
000480 0.2929 0.6403 0.0000 0.0668
000500 0.2943 0.6517 0.0000 0.0541
000520 0.2972 0.6582 0.0000 0.0446
000540 0.2993 0.6622 0.0000 0.0386
000560 0.3012 0.6656 0.0000 0.0333
000580 0.3004 0.6699 0.0000 0.0297
000600 0.2982 0.6759 0.0000 0.0260
000620 0.2971 0.6787 0.0000 0.0242
000640 0.2959 0.6814 0.0000 0.0227
000660 0.2999 0.6798 0.0000 0.0203
000680 0.3093 0.6696 0.0000 0.0212
000700 0.3166 0.6613 0.0000 0.0221
000720 0.3234 0.6533 0.0000 0.0234
000740 0.3278 0.6487 0.0000 0.0235
000760 0.3315 0.6445 0.0000 0.0240
000780 0.3387 0.6381 0.0000 0.0232
000800 0.3465 0.6289 0.0000 0.0246
000820 0.3541 0.6213 0.0000 0.0246
000840 0.3594 0.6157 0.0000 0.0248
000860 0.3658 0.6098 0.0000 0.0244
000880 0.3746 0.5992 0.0000 0.0261
000900 0.3799 0.5913 0.0000 0.0288
000920 0.3810 0.5886 0.0000 0.0304
000940 0.3813 0.5872 0.0000 0.0315
000960 0.3859 0.5851 0.0000 0.0290
000980 0.3966 0.5755 0.0000 0.0279
001000 0.4075 0.5652 0.0000 0.0274
001020 0.4184 0.5533 0.0000 0.0283
001040 0.4316 0.5405 0.0000 0.0278
001060 0.4392 0.5306 0.0000 0.0302
001080 0.4440 0.5230 0.0000 0.0330
001100 0.4393 0.5244 0.0000 0.0363
001120 0.4345 0.5296 0.0000 0.0360
001140 0.4369 0.5285 0.0000 0.0346
001160 0.4440 0.5215 0.0000 0.0345
001180 0.4550 0.5121 0.0000 0.0329
001200 0.4711 0.4971 0.0000 0.0318
001220 0.4888 0.4790 0.0000 0.0322
001240 0.5007 0.4641 0.0000 0.0353
001260 0.5047 0.4574 0.0000 0.0379
001280 0.5041 0.4567 0.0000 0.0392
001300 0.5049 0.4547 0.0000 0.0405
001320 0.5109 0.4489 0.0000 0.0402
001340 0.5228 0.4376 0.0000 0.0396
001360 0.5336 0.4270 0.0000 0.0394
001380 0.5399 0.4194 0.0000 0.0407
001400 0.5468 0.4111 0.0000 0.0421
001420 0.5513 0.4053 0.0000 0.0434
001440 0.5524 0.4024 0.0000 0.0451
001460 0.5502 0.4024 0.0000 0.0474
001480 0.5492 0.4023 0.0000 0.0485
001500 0.5537 0.4003 0.0000 0.0461
001520 0.5646 0.3924 0.0000 0.0430
001540 0.5775 0.3821 0.0000 0.0404
001560 0.5865 0.3694 0.0000 0.0441
001580 0.5944 0.3615 0.0000 0.0442
001600 0.5964 0.3575 0.0000 0.0461
001620 0.5942 0.3595 0.0000 0.0463
001640 0.5912 0.3611 0.0000 0.0476
001660 0.5900 0.3630 0.0000 0.0471
001680 0.5889 0.3650 0.0000 0.0461
001700 0.5884 0.3624 0.0000 0.0492
001720 0.5853 0.3659 0.0000 0.0488
001740 0.5844 0.3680 0.0000 0.0475
001760 0.5841 0.3681 0.0000 0.0477
001780 0.5873 0.3639 0.0000 0.0489
001800 0.5877 0.3636 0.0000 0.0487
001820 0.5872 0.3651 0.0000 0.0477
001840 0.5938 0.3607 0.0000 0.0454
001860 0.5983 0.3557 0.0000 0.0459
001880 0.6030 0.3501 0.0000 0.0469
001900 0.6060 0.3479 0.0000 0.0460
001920 0.6080 0.3466 0.0000 0.0454
001940 0.6137 0.3419 0.0000 0.0444
001960 0.6119 0.3406 0.0000 0.0476
001980 0.6024 0.3458 0.0000 0.0518
002000 0.5927 0.3569 0.0000 0.0505
002020 0.5887 0.3633 0.0000 0.0481
002040 0.5901 0.3635 0.0000 0.0464
002060 0.5923 0.3606 0.0000 0.0471
002080 0.5923 0.3594 0.0000 0.0483
002100 0.5944 0.3578 0.0000 0.0478
002120 0.5988 0.3557 0.0000 0.0455
002140 0.5985 0.3542 0.0000 0.0472
002160 0.5983 0.3551 0.0000 0.0466
002180 0.5949 0.3580 0.0000 0.0471
002200 0.5949 0.3584 0.0000 0.0468
002220 0.5997 0.3555 0.0000 0.0448
002240 0.6032 0.3488 0.0000 0.0480
002260 0.6003 0.3513 0.0000 0.0484
002280 0.5971 0.3547 0.0000 0.0482
002300 0.5944 0.3598 0.0000 0.0458
002320 0.6018 0.3529 0.0000 0.0454
002340 0.6074 0.3471 0.0000 0.0455
002360 0.6109 0.3432 0.0000 0.0460
002380 0.6080 0.3437 0.0000 0.0483
002400 0.6005 0.3476 0.0000 0.0519
002420 0.5932 0.3575 0.0000 0.0494
002440 0.5894 0.3625 0.0000 0.0481
002460 0.5863 0.3654 0.0000 0.0483
002480 0.5868 0.3668 0.0000 0.0465
002500 0.5958 0.3605 0.0000 0.0436
002520 0.6078 0.3474 0.0000 0.0448
002540 0.6097 0.3419 0.0000 0.0484
002560 0.6086 0.3432 0.0000 0.0482
002580 0.6024 0.3500 0.0000 0.0477
002600 0.5960 0.3554 0.0000 0.0487
002620 0.5877 0.3635 0.0000 0.0487
002640 0.5849 0.3651 0.0000 0.0500
002660 0.5834 0.3658 0.0000 0.0508
002680 0.5823 0.3682 0.0000 0.0495
002700 0.5848 0.3686 0.0000 0.0467
002720 0.5926 0.3634 0.0000 0.0440
002740 0.6027 0.3526 0.0000 0.0447
002760 0.6028 0.3476 0.0000 0.0496
002780 0.5964 0.3530 0.0000 0.0506
002800 0.5864 0.3623 0.0000 0.0513
002820 0.5807 0.3707 0.0000 0.0487
002840 0.5839 0.3681 0.0000 0.0480
002860 0.5894 0.3643 0.0000 0.0463
002880 0.5970 0.3572 0.0000 0.0458
002900 0.6029 0.3512 0.0000 0.0459
002920 0.6044 0.3478 0.0000 0.0479
002940 0.6028 0.3492 0.0000 0.0480
002960 0.5970 0.3528 0.0000 0.0502
002980 0.5876 0.3609 0.0000 0.0515
003000 0.5788 0.3722 0.0000 0.0489
003020 0.5755 0.3745 0.0000 0.0499
003040 0.5764 0.3756 0.0000 0.0480
003060 0.5881 0.3688 0.0000 0.0430
003080 0.6069 0.3514 0.0000 0.0417
003100 0.6146 0.3400 0.0000 0.0454
003120 0.6144 0.3380 0.0000 0.0476
003140 0.6079 0.3439 0.0000 0.0482
003160 0.6023 0.3499 0.0000 0.0478
003180 0.5982 0.3531 0.0000 0.0487
003200 0.5936 0.3585 0.0000 0.0478
003220 0.5927 0.3593 0.0000 0.0480
003240 0.5919 0.3619 0.0000 0.0462
003260 0.5913 0.3601 0.0000 0.0486
003280 0.5918 0.3600 0.0000 0.0481
003300 0.5938 0.3588 0.0000 0.0473
003320 0.5931 0.3592 0.0000 0.0477
003340 0.5909 0.3596 0.0000 0.0495
003360 0.5926 0.3588 0.0000 0.0486
003380 0.5910 0.3608 0.0000 0.0482
003400 0.5938 0.3598 0.0000 0.0465
003420 0.5967 0.3570 0.0000 0.0463
003440 0.6022 0.3532 0.0000 0.0446
003460 0.6061 0.3487 0.0000 0.0452
003480 0.6099 0.3424 0.0000 0.0477
003500 0.6015 0.3477 0.0000 0.0508
003520 0.5923 0.3588 0.0000 0.0489
003540 0.5924 0.3614 0.0000 0.0462
003560 0.5976 0.3579 0.0000 0.0444
003580 0.6076 0.3486 0.0000 0.0438
003600 0.6131 0.3416 0.0000 0.0454
003620 0.6108 0.3413 0.0000 0.0479
003640 0.6085 0.3437 0.0000 0.0478
003660 0.5977 0.3533 0.0000 0.0490
003680 0.5882 0.3611 0.0000 0.0507
003700 0.5821 0.3696 0.0000 0.0483
003720 0.5874 0.3688 0.0000 0.0438
003740 0.6002 0.3551 0.0000 0.0447
003760 0.6106 0.3458 0.0000 0.0435
003780 0.6181 0.3359 0.0000 0.0460
003800 0.6163 0.3355 0.0000 0.0482
003820 0.6107 0.3413 0.0000 0.0481
003840 0.6013 0.3491 0.0000 0.0496
003860 0.5897 0.3584 0.0000 0.0520
003880 0.5803 0.3688 0.0000 0.0509
003900 0.5788 0.3728 0.0000 0.0484
003920 0.5810 0.3713 0.0000 0.0477
003940 0.5921 0.3641 0.0000 0.0437
003960 0.6021 0.3524 0.0000 0.0455
003980 0.6065 0.3483 0.0000 0.0452
004000 0.6074 0.3452 0.0000 0.0474
004020 0.5990 0.3514 0.0000 0.0497
004040 0.5952 0.3550 0.0000 0.0498
004060 0.5897 0.3612 0.0000 0.0491
004080 0.5919 0.3619 0.0000 0.0462
004100 0.5937 0.3576 0.0000 0.0487
004120 0.5901 0.3621 0.0000 0.0479
004140 0.5937 0.3579 0.0000 0.0484
004160 0.5935 0.3585 0.0000 0.0480
004180 0.5956 0.3575 0.0000 0.0470
004200 0.5975 0.3550 0.0000 0.0475
004220 0.5988 0.3537 0.0000 0.0474
004240 0.5993 0.3553 0.0000 0.0453
004260 0.6034 0.3502 0.0000 0.0463
004280 0.6028 0.3488 0.0000 0.0484
004300 0.6012 0.3521 0.0000 0.0467
004320 0.6020 0.3528 0.0000 0.0452
004340 0.6022 0.3509 0.0000 0.0469
004360 0.5990 0.3508 0.0000 0.0501
004380 0.5994 0.3529 0.0000 0.0477
004400 0.5959 0.3553 0.0000 0.0488
004420 0.5896 0.3616 0.0000 0.0489
004440 0.5835 0.3670 0.0000 0.0495
004460 0.5925 0.3634 0.0000 0.0441
004480 0.6027 0.3526 0.0000 0.0446
004500 0.6085 0.3459 0.0000 0.0456
004520 0.6110 0.3443 0.0000 0.0447
004540 0.6123 0.3428 0.0000 0.0449
004560 0.6126 0.3419 0.0000 0.0456
004580 0.6060 0.3445 0.0000 0.0494
004600 0.5931 0.3556 0.0000 0.0513
004620 0.5851 0.3665 0.0000 0.0485
004640 0.5868 0.3683 0.0000 0.0449
004660 0.5901 0.3632 0.0000 0.0467
004680 0.5906 0.3623 0.0000 0.0471
004700 0.5949 0.3608 0.0000 0.0443
004720 0.6015 0.3529 0.0000 0.0457
004740 0.6093 0.3451 0.0000 0.0456
004760 0.6087 0.3440 0.0000 0.0473
004780 0.6039 0.3480 0.0000 0.0481
004800 0.5954 0.3552 0.0000 0.0495
004820 0.5891 0.3602 0.0000 0.0507
004840 0.5853 0.3647 0.0000 0.0500
004860 0.5911 0.3626 0.0000 0.0463
004880 0.5961 0.3595 0.0000 0.0444
004900 0.6015 0.3534 0.0000 0.0452
004920 0.6032 0.3509 0.0000 0.0460
004940 0.6029 0.3500 0.0000 0.0471
004960 0.5991 0.3515 0.0000 0.0494
004980 0.5946 0.3561 0.0000 0.0493
005000 0.5924 0.3587 0.0000 0.0489
005020 0.5894 0.3633 0.0000 0.0473
005040 0.5897 0.3627 0.0000 0.0476
005060 0.5845 0.3661 0.0000 0.0494
005080 0.5809 0.3701 0.0000 0.0490
005100 0.5797 0.3708 0.0000 0.0495
005120 0.5846 0.3696 0.0000 0.0459
005140 0.5943 0.3606 0.0000 0.0451
005160 0.5992 0.3542 0.0000 0.0465
005180 0.6004 0.3504 0.0000 0.0493
005200 0.5948 0.3548 0.0000 0.0504
005220 0.5910 0.3588 0.0000 0.0502
005240 0.5933 0.3587 0.0000 0.0480
005260 0.5907 0.3611 0.0000 0.0482
005280 0.5885 0.3626 0.0000 0.0489
005300 0.5885 0.3640 0.0000 0.0475
005320 0.5924 0.3618 0.0000 0.0458
005340 0.5957 0.3585 0.0000 0.0459
005360 0.5991 0.3556 0.0000 0.0453
005380 0.6023 0.3513 0.0000 0.0464
005400 0.6076 0.3470 0.0000 0.0454
005420 0.6067 0.3457 0.0000 0.0476
005440 0.5975 0.3527 0.0000 0.0498
005460 0.5882 0.3614 0.0000 0.0504
005480 0.5807 0.3694 0.0000 0.0499
005500 0.5807 0.3731 0.0000 0.0462
005520 0.5894 0.3657 0.0000 0.0449
005540 0.5984 0.3564 0.0000 0.0452
005560 0.6002 0.3534 0.0000 0.0464
005580 0.6045 0.3483 0.0000 0.0472
005600 0.6079 0.3436 0.0000 0.0485
005620 0.5997 0.3500 0.0000 0.0504
005640 0.5890 0.3620 0.0000 0.0490
005660 0.5837 0.3685 0.0000 0.0478
005680 0.5865 0.3670 0.0000 0.0465
005700 0.5939 0.3622 0.0000 0.0438
005720 0.6066 0.3496 0.0000 0.0439
005740 0.6067 0.3469 0.0000 0.0464
005760 0.6063 0.3462 0.0000 0.0476
005780 0.6017 0.3493 0.0000 0.0490
005800 0.5932 0.3575 0.0000 0.0493
005820 0.5871 0.3644 0.0000 0.0485
005840 0.5835 0.3670 0.0000 0.0495
005860 0.5852 0.3677 0.0000 0.0471
005880 0.5941 0.3619 0.0000 0.0439
005900 0.6061 0.3502 0.0000 0.0437
005920 0.6112 0.3452 0.0000 0.0435
005940 0.6192 0.3395 0.0000 0.0413
005960 0.6235 0.3322 0.0000 0.0444
005980 0.6205 0.3303 0.0000 0.0492
006000 0.6074 0.3402 0.0000 0.0524
006020 0.5974 0.3513 0.0000 0.0514
006040 0.5842 0.3624 0.0000 0.0534
006060 0.5766 0.3740 0.0000 0.0493
006080 0.5741 0.3788 0.0000 0.0471
006100 0.5824 0.3711 0.0000 0.0465
006120 0.5909 0.3633 0.0000 0.0458
006140 0.5966 0.3601 0.0000 0.0433
006160 0.6050 0.3502 0.0000 0.0448
006180 0.6075 0.3458 0.0000 0.0468
006200 0.6100 0.3429 0.0000 0.0471
006220 0.6055 0.3461 0.0000 0.0484
006240 0.6027 0.3498 0.0000 0.0475
006260 0.6021 0.3507 0.0000 0.0472
006280 0.5995 0.3531 0.0000 0.0474
006300 0.5955 0.3558 0.0000 0.0486
006320 0.5935 0.3600 0.0000 0.0465
006340 0.5989 0.3569 0.0000 0.0442
006360 0.6086 0.3475 0.0000 0.0438
006380 0.6136 0.3380 0.0000 0.0485
006400 0.6107 0.3417 0.0000 0.0476
006420 0.6030 0.3483 0.0000 0.0487
006440 0.5947 0.3549 0.0000 0.0504
006460 0.5852 0.3648 0.0000 0.0500
006480 0.5808 0.3722 0.0000 0.0471
006500 0.5886 0.3667 0.0000 0.0447
006520 0.6012 0.3549 0.0000 0.0439
006540 0.6128 0.3434 0.0000 0.0438
006560 0.6186 0.3362 0.0000 0.0452
006580 0.6131 0.3403 0.0000 0.0466
006600 0.6044 0.3454 0.0000 0.0502
006620 0.5911 0.3569 0.0000 0.0521
006640 0.5828 0.3666 0.0000 0.0506
006660 0.5744 0.3741 0.0000 0.0516
006680 0.5719 0.3801 0.0000 0.0480
006700 0.5775 0.3763 0.0000 0.0462
006720 0.5840 0.3692 0.0000 0.0468
006740 0.5964 0.3596 0.0000 0.0440
006760 0.6085 0.3475 0.0000 0.0440
006780 0.6161 0.3395 0.0000 0.0444
006800 0.6145 0.3386 0.0000 0.0469
006820 0.6075 0.3427 0.0000 0.0498
006840 0.6014 0.3492 0.0000 0.0494
006860 0.5935 0.3568 0.0000 0.0497
006880 0.5932 0.3599 0.0000 0.0469
006900 0.5950 0.3594 0.0000 0.0456
006920 0.5921 0.3599 0.0000 0.0480
006940 0.5944 0.3605 0.0000 0.0451
006960 0.5995 0.3524 0.0000 0.0481
006980 0.5993 0.3523 0.0000 0.0484
007000 0.5931 0.3558 0.0000 0.0512
007020 0.5815 0.3654 0.0000 0.0531
007040 0.5688 0.3784 0.0000 0.0528
007060 0.5637 0.3870 0.0000 0.0493
007080 0.5670 0.3853 0.0000 0.0477
007100 0.5794 0.3749 0.0000 0.0457
007120 0.5940 0.3596 0.0000 0.0464
007140 0.6033 0.3507 0.0000 0.0460
007160 0.6011 0.3521 0.0000 0.0468
007180 0.5984 0.3535 0.0000 0.0481
007200 0.5905 0.3577 0.0000 0.0519
007220 0.5888 0.3620 0.0000 0.0492
007240 0.5859 0.3649 0.0000 0.0493
007260 0.5865 0.3653 0.0000 0.0483
007280 0.5957 0.3601 0.0000 0.0442
007300 0.6047 0.3494 0.0000 0.0459
007320 0.6055 0.3477 0.0000 0.0468
007340 0.6063 0.3450 0.0000 0.0488
007360 0.6005 0.3516 0.0000 0.0479
007380 0.5951 0.3550 0.0000 0.0499
007400 0.5874 0.3622 0.0000 0.0504
007420 0.5834 0.3677 0.0000 0.0488
007440 0.5796 0.3695 0.0000 0.0509
007460 0.5764 0.3751 0.0000 0.0485
007480 0.5785 0.3741 0.0000 0.0474
007500 0.5866 0.3680 0.0000 0.0455
007520 0.5919 0.3595 0.0000 0.0487
007540 0.5932 0.3577 0.0000 0.0491
007560 0.5900 0.3604 0.0000 0.0496
007580 0.5901 0.3609 0.0000 0.0491
007600 0.5921 0.3598 0.0000 0.0481
007620 0.5881 0.3638 0.0000 0.0480
007640 0.5918 0.3639 0.0000 0.0443
007660 0.6036 0.3538 0.0000 0.0425
007680 0.6124 0.3438 0.0000 0.0438
007700 0.6212 0.3353 0.0000 0.0435
007720 0.6185 0.3328 0.0000 0.0487
007740 0.6042 0.3435 0.0000 0.0522
007760 0.5924 0.3582 0.0000 0.0494
007780 0.5885 0.3633 0.0000 0.0482
007800 0.5875 0.3656 0.0000 0.0469
007820 0.5863 0.3639 0.0000 0.0499
007840 0.5843 0.3672 0.0000 0.0485
007860 0.5891 0.3620 0.0000 0.0489
007880 0.5931 0.3598 0.0000 0.0471
007900 0.5980 0.3552 0.0000 0.0469
007920 0.5988 0.3532 0.0000 0.0480
007940 0.5979 0.3544 0.0000 0.0477
007960 0.5965 0.3558 0.0000 0.0477
007980 0.5957 0.3573 0.0000 0.0470
008000 0.5932 0.3575 0.0000 0.0492
008020 0.5854 0.3630 0.0000 0.0515
008040 0.5804 0.3708 0.0000 0.0488
008060 0.5821 0.3717 0.0000 0.0462
008080 0.5900 0.3658 0.0000 0.0442
008100 0.5946 0.3603 0.0000 0.0451
008120 0.5993 0.3550 0.0000 0.0457
008140 0.6056 0.3492 0.0000 0.0452
008160 0.6078 0.3450 0.0000 0.0472
008180 0.6019 0.3484 0.0000 0.0497
008200 0.5925 0.3563 0.0000 0.0512
008220 0.5838 0.3650 0.0000 0.0512
008240 0.5824 0.3686 0.0000 0.0490
008260 0.5854 0.3688 0.0000 0.0458
008280 0.5979 0.3577 0.0000 0.0444
008300 0.6083 0.3454 0.0000 0.0463
008320 0.6102 0.3433 0.0000 0.0466
008340 0.6028 0.3473 0.0000 0.0500
008360 0.5958 0.3563 0.0000 0.0479
008380 0.5899 0.3617 0.0000 0.0484
008400 0.5928 0.3603 0.0000 0.0468
008420 0.5920 0.3579 0.0000 0.0501
008440 0.5885 0.3622 0.0000 0.0493
008460 0.5890 0.3629 0.0000 0.0480
008480 0.5927 0.3617 0.0000 0.0456
008500 0.5955 0.3575 0.0000 0.0470
008520 0.5985 0.3561 0.0000 0.0454
008540 0.6043 0.3495 0.0000 0.0462
008560 0.6070 0.3450 0.0000 0.0481
008580 0.6081 0.3435 0.0000 0.0483
008600 0.6020 0.3485 0.0000 0.0495
008620 0.5911 0.3578 0.0000 0.0511
008640 0.5782 0.3695 0.0000 0.0522
008660 0.5694 0.3797 0.0000 0.0510
008680 0.5727 0.3811 0.0000 0.0462
008700 0.5884 0.3674 0.0000 0.0442
008720 0.6075 0.3503 0.0000 0.0422
008740 0.6231 0.3340 0.0000 0.0429
008760 0.6260 0.3279 0.0000 0.0460
008780 0.6211 0.3310 0.0000 0.0479
008800 0.6124 0.3379 0.0000 0.0497
008820 0.5957 0.3508 0.0000 0.0535
008840 0.5791 0.3689 0.0000 0.0520
008860 0.5778 0.3745 0.0000 0.0476
008880 0.5850 0.3692 0.0000 0.0458
008900 0.5930 0.3605 0.0000 0.0464
008920 0.5981 0.3560 0.0000 0.0459
008940 0.6013 0.3552 0.0000 0.0436
008960 0.6113 0.3451 0.0000 0.0436
008980 0.6107 0.3415 0.0000 0.0478
009000 0.6045 0.3438 0.0000 0.0517
009020 0.5944 0.3555 0.0000 0.0502
009040 0.5810 0.3670 0.0000 0.0520
009060 0.5758 0.3748 0.0000 0.0494
009080 0.5773 0.3770 0.0000 0.0456
009100 0.5896 0.3663 0.0000 0.0441
009120 0.6034 0.3525 0.0000 0.0442
009140 0.6131 0.3417 0.0000 0.0452
009160 0.6126 0.3394 0.0000 0.0480
009180 0.6096 0.3422 0.0000 0.0482
009200 0.5980 0.3524 0.0000 0.0496
009220 0.5865 0.3615 0.0000 0.0520
009240 0.5753 0.3702 0.0000 0.0545
009260 0.5658 0.3822 0.0000 0.0521
009280 0.5664 0.3865 0.0000 0.0471
009300 0.5790 0.3780 0.0000 0.0430
009320 0.5947 0.3627 0.0000 0.0425
009340 0.6097 0.3477 0.0000 0.0425
009360 0.6185 0.3360 0.0000 0.0454
009380 0.6181 0.3345 0.0000 0.0475
009400 0.6104 0.3392 0.0000 0.0503
009420 0.6025 0.3479 0.0000 0.0496
009440 0.5961 0.3540 0.0000 0.0499
009460 0.5899 0.3599 0.0000 0.0502
009480 0.5880 0.3641 0.0000 0.0479
009500 0.5959 0.3590 0.0000 0.0451
009520 0.6023 0.3537 0.0000 0.0440
009540 0.6138 0.3427 0.0000 0.0435
009560 0.6152 0.3376 0.0000 0.0472
009580 0.6088 0.3417 0.0000 0.0495
009600 0.6041 0.3486 0.0000 0.0473
009620 0.6014 0.3499 0.0000 0.0487
009640 0.5969 0.3536 0.0000 0.0496
009660 0.5957 0.3560 0.0000 0.0483
009680 0.5908 0.3596 0.0000 0.0496
009700 0.5873 0.3640 0.0000 0.0487
009720 0.5827 0.3680 0.0000 0.0493
009740 0.5843 0.3679 0.0000 0.0478
009760 0.5889 0.3648 0.0000 0.0463
009780 0.5958 0.3587 0.0000 0.0455
009800 0.5991 0.3545 0.0000 0.0464
009820 0.5970 0.3537 0.0000 0.0493
009840 0.5940 0.3575 0.0000 0.0486
009860 0.5919 0.3587 0.0000 0.0493
009880 0.5894 0.3619 0.0000 0.0486
009900 0.5901 0.3619 0.0000 0.0481
009920 0.5928 0.3601 0.0000 0.0471
009940 0.5955 0.3587 0.0000 0.0458
009960 0.6023 0.3528 0.0000 0.0449
009980 0.6098 0.3457 0.0000 0.0444
010000 0.6139 0.3402 0.0000 0.0460
010020 0.6155 0.3377 0.0000 0.0468
010040 0.6083 0.3423 0.0000 0.0494
010060 0.6083 0.3423 0.0000 0.0494
010080 0.6083 0.3423 0.0000 0.0494
010100 0.6083 0.3423 0.0000 0.0494
010120 0.6083 0.3423 0.0000 0.0494
010140 0.6083 0.3423 0.0000 0.0494
010160 0.6083 0.3423 0.0000 0.0494
010180 0.6083 0.3423 0.0000 0.0494
010200 0.6083 0.3423 0.0000 0.0494
010220 0.6083 0.3423 0.0000 0.0494
010240 0.6083 0.3423 0.0000 0.0494
010260 0.6083 0.3423 0.0000 0.0494
010280 0.6083 0.3423 0.0000 0.0494
010300 0.6083 0.3423 0.0000 0.0494
010320 0.6083 0.3423 0.0000 0.0494
010340 0.6083 0.3423 0.0000 0.0494
010360 0.6083 0.3423 0.0000 0.0494
010380 0.6083 0.3423 0.0000 0.0494
010400 0.6083 0.3423 0.0000 0.0494
010420 0.6083 0.3423 0.0000 0.0494
010440 0.6083 0.3423 0.0000 0.0494
010460 0.6083 0.3423 0.0000 0.0494
010480 0.6083 0.3423 0.0000 0.0494
010500 0.6083 0.3423 0.0000 0.0494
010520 0.6083 0.3423 0.0000 0.0494
010540 0.6083 0.3423 0.0000 0.0494
010560 0.6083 0.3423 0.0000 0.0494
010580 0.6083 0.3423 0.0000 0.0494
010600 0.6083 0.3423 0.0000 0.0494
010620 0.6083 0.3423 0.0000 0.0494
010640 0.6083 0.3423 0.0000 0.0494
010660 0.6083 0.3423 0.0000 0.0494
010680 0.6083 0.3423 0.0000 0.0494
010700 0.6083 0.3423 0.0000 0.0494
010720 0.6083 0.3423 0.0000 0.0494
010740 0.6083 0.3423 0.0000 0.0494
010760 0.6083 0.3423 0.0000 0.0494
010780 0.6083 0.3423 0.0000 0.0494
010800 0.6083 0.3423 0.0000 0.0494
010820 0.6083 0.3423 0.0000 0.0494
010840 0.6083 0.3423 0.0000 0.0494
010860 0.6083 0.3423 0.0000 0.0494
010880 0.6083 0.3423 0.0000 0.0494
010900 0.6083 0.3423 0.0000 0.0494
010920 0.6083 0.3423 0.0000 0.0494
010940 0.6083 0.3423 0.0000 0.0494
010960 0.6083 0.3423 0.0000 0.0494
010980 0.6083 0.3423 0.0000 0.0494
011000 0.6083 0.3423 0.0000 0.0494
011020 0.6083 0.3423 0.0000 0.0494
011040 0.6083 0.3423 0.0000 0.0494
011060 0.6083 0.3423 0.0000 0.0494
011080 0.6083 0.3423 0.0000 0.0494
011100 0.6083 0.3423 0.0000 0.0494
011120 0.6083 0.3423 0.0000 0.0494
011140 0.6083 0.3423 0.0000 0.0494
011160 0.6083 0.3423 0.0000 0.0494
011180 0.6083 0.3423 0.0000 0.0494
011200 0.6083 0.3423 0.0000 0.0494
011220 0.6083 0.3423 0.0000 0.0494
011240 0.6083 0.3423 0.0000 0.0494
011260 0.6083 0.3423 0.0000 0.0494
011280 0.6083 0.3423 0.0000 0.0494
011300 0.6083 0.3423 0.0000 0.0494
011320 0.6083 0.3423 0.0000 0.0494
011340 0.6083 0.3423 0.0000 0.0494
011360 0.6083 0.3423 0.0000 0.0494
011380 0.6083 0.3423 0.0000 0.0494
011400 0.6083 0.3423 0.0000 0.0494
011420 0.6083 0.3423 0.0000 0.0494
011440 0.6083 0.3423 0.0000 0.0494
011460 0.6083 0.3423 0.0000 0.0494
011480 0.6083 0.3423 0.0000 0.0494
011500 0.6083 0.3423 0.0000 0.0494
011520 0.6083 0.3423 0.0000 0.0494
011540 0.6083 0.3423 0.0000 0.0494
011560 0.6083 0.3423 0.0000 0.0494
011580 0.6083 0.3423 0.0000 0.0494
011600 0.6083 0.3423 0.0000 0.0494
011620 0.6083 0.3423 0.0000 0.0494
011640 0.6083 0.3423 0.0000 0.0494
011660 0.6083 0.3423 0.0000 0.0494
011680 0.6083 0.3423 0.0000 0.0494
011700 0.6083 0.3423 0.0000 0.0494
011720 0.6083 0.3423 0.0000 0.0494
011740 0.6083 0.3423 0.0000 0.0494
011760 0.6083 0.3423 0.0000 0.0494
011780 0.6083 0.3423 0.0000 0.0494
011800 0.6083 0.3423 0.0000 0.0494
011820 0.6083 0.3423 0.0000 0.0494
011840 0.6083 0.3423 0.0000 0.0494
011860 0.6083 0.3423 0.0000 0.0494
011880 0.6083 0.3423 0.0000 0.0494
011900 0.6083 0.3423 0.0000 0.0494
011920 0.6083 0.3423 0.0000 0.0494
011940 0.6083 0.3423 0.0000 0.0494
011960 0.6083 0.3423 0.0000 0.0494
011980 0.6083 0.3423 0.0000 0.0494
012000 0.6083 0.3423 0.0000 0.0494
012020 0.6083 0.3423 0.0000 0.0494
012040 0.6083 0.3423 0.0000 0.0494
012060 0.6083 0.3423 0.0000 0.0494
012080 0.6083 0.3423 0.0000 0.0494
012100 0.6083 0.3423 0.0000 0.0494
012120 0.6083 0.3423 0.0000 0.0494
012140 0.6083 0.3423 0.0000 0.0494
012160 0.6083 0.3423 0.0000 0.0494
012180 0.6083 0.3423 0.0000 0.0494
012200 0.6083 0.3423 0.0000 0.0494
012220 0.6083 0.3423 0.0000 0.0494
012240 0.6083 0.3423 0.0000 0.0494
012260 0.6083 0.3423 0.0000 0.0494
012280 0.6083 0.3423 0.0000 0.0494
012300 0.6083 0.3423 0.0000 0.0494
012320 0.6083 0.3423 0.0000 0.0494
012340 0.6083 0.3423 0.0000 0.0494
012360 0.6083 0.3423 0.0000 0.0494
012380 0.6083 0.3423 0.0000 0.0494
012400 0.6083 0.3423 0.0000 0.0494
012420 0.6083 0.3423 0.0000 0.0494
012440 0.6083 0.3423 0.0000 0.0494
012460 0.6083 0.3423 0.0000 0.0494
012480 0.6083 0.3423 0.0000 0.0494
012500 0.6083 0.3423 0.0000 0.0494
012520 0.6083 0.3423 0.0000 0.0494
012540 0.6083 0.3423 0.0000 0.0494
012560 0.6083 0.3423 0.0000 0.0494
012580 0.6083 0.3423 0.0000 0.0494
012600 0.6083 0.3423 0.0000 0.0494
012620 0.6083 0.3423 0.0000 0.0494
012640 0.6083 0.3423 0.0000 0.0494
012660 0.6083 0.3423 0.0000 0.0494
012680 0.6083 0.3423 0.0000 0.0494
012700 0.6083 0.3423 0.0000 0.0494
012720 0.6083 0.3423 0.0000 0.0494
012740 0.6083 0.3423 0.0000 0.0494
012760 0.6083 0.3423 0.0000 0.0494
012780 0.6083 0.3423 0.0000 0.0494
012800 0.6083 0.3423 0.0000 0.0494
012820 0.6083 0.3423 0.0000 0.0494
012840 0.6083 0.3423 0.0000 0.0494
012860 0.6083 0.3423 0.0000 0.0494
012880 0.6083 0.3423 0.0000 0.0494
012900 0.6083 0.3423 0.0000 0.0494
012920 0.6083 0.3423 0.0000 0.0494
012940 0.6083 0.3423 0.0000 0.0494
012960 0.6083 0.3423 0.0000 0.0494
012980 0.6083 0.3423 0.0000 0.0494
013000 0.6083 0.3423 0.0000 0.0494
013020 0.6083 0.3423 0.0000 0.0494
013040 0.6083 0.3423 0.0000 0.0494
013060 0.6083 0.3423 0.0000 0.0494
013080 0.6083 0.3423 0.0000 0.0494
013100 0.6083 0.3423 0.0000 0.0494
013120 0.6083 0.3423 0.0000 0.0494
013140 0.6083 0.3423 0.0000 0.0494
013160 0.6083 0.3423 0.0000 0.0494
013180 0.6083 0.3423 0.0000 0.0494
013200 0.6083 0.3423 0.0000 0.0494
013220 0.6083 0.3423 0.0000 0.0494
013240 0.6083 0.3423 0.0000 0.0494
013260 0.6083 0.3423 0.0000 0.0494
013280 0.6083 0.3423 0.0000 0.0494
013300 0.6083 0.3423 0.0000 0.0494
013320 0.6083 0.3423 0.0000 0.0494
013340 0.6083 0.3423 0.0000 0.0494
013360 0.6083 0.3423 0.0000 0.0494
013380 0.6083 0.3423 0.0000 0.0494
013400 0.6083 0.3423 0.0000 0.0494
013420 0.6083 0.3423 0.0000 0.0494
013440 0.6083 0.3423 0.0000 0.0494
013460 0.6083 0.3423 0.0000 0.0494
013480 0.6083 0.3423 0.0000 0.0494
013500 0.6083 0.3423 0.0000 0.0494
013520 0.6083 0.3423 0.0000 0.0494
013540 0.6083 0.3423 0.0000 0.0494
013560 0.6083 0.3423 0.0000 0.0494
013580 0.6083 0.3423 0.0000 0.0494
013600 0.6083 0.3423 0.0000 0.0494
013620 0.6083 0.3423 0.0000 0.0494
013640 0.6083 0.3423 0.0000 0.0494
013660 0.6083 0.3423 0.0000 0.0494
013680 0.6083 0.3423 0.0000 0.0494
013700 0.6083 0.3423 0.0000 0.0494
013720 0.6083 0.3423 0.0000 0.0494
013740 0.6083 0.3423 0.0000 0.0494
013760 0.6083 0.3423 0.0000 0.0494
013780 0.6083 0.3423 0.0000 0.0494
013800 0.6083 0.3423 0.0000 0.0494
013820 0.6083 0.3423 0.0000 0.0494
013840 0.6083 0.3423 0.0000 0.0494
013860 0.6083 0.3423 0.0000 0.0494
013880 0.6083 0.3423 0.0000 0.0494
013900 0.6083 0.3423 0.0000 0.0494
013920 0.6083 0.3423 0.0000 0.0494
013940 0.6083 0.3423 0.0000 0.0494
013960 0.6083 0.3423 0.0000 0.0494
013980 0.6083 0.3423 0.0000 0.0494
014000 0.6083 0.3423 0.0000 0.0494
014020 0.6083 0.3423 0.0000 0.0494
014040 0.6083 0.3423 0.0000 0.0494
014060 0.6083 0.3423 0.0000 0.0494
014080 0.6083 0.3423 0.0000 0.0494
014100 0.6083 0.3423 0.0000 0.0494
014120 0.6083 0.3423 0.0000 0.0494
014140 0.6083 0.3423 0.0000 0.0494
014160 0.6083 0.3423 0.0000 0.0494
014180 0.6083 0.3423 0.0000 0.0494
014200 0.6083 0.3423 0.0000 0.0494
014220 0.6083 0.3423 0.0000 0.0494
014240 0.6083 0.3423 0.0000 0.0494
014260 0.6083 0.3423 0.0000 0.0494
014280 0.6083 0.3423 0.0000 0.0494
014300 0.6083 0.3423 0.0000 0.0494
014320 0.6083 0.3423 0.0000 0.0494
014340 0.6083 0.3423 0.0000 0.0494
014360 0.6083 0.3423 0.0000 0.0494
014380 0.6083 0.3423 0.0000 0.0494
014400 0.6083 0.3423 0.0000 0.0494
014420 0.6083 0.3423 0.0000 0.0494
014440 0.6083 0.3423 0.0000 0.0494
014460 0.6083 0.3423 0.0000 0.0494
014480 0.6083 0.3423 0.0000 0.0494
014500 0.6083 0.3423 0.0000 0.0494
014520 0.6083 0.3423 0.0000 0.0494
014540 0.6083 0.3423 0.0000 0.0494
014560 0.6083 0.3423 0.0000 0.0494
014580 0.6083 0.3423 0.0000 0.0494
014600 0.6083 0.3423 0.0000 0.0494
014620 0.6083 0.3423 0.0000 0.0494
014640 0.6083 0.3423 0.0000 0.0494
014660 0.6083 0.3423 0.0000 0.0494
014680 0.6083 0.3423 0.0000 0.0494
014700 0.6083 0.3423 0.0000 0.0494
014720 0.6083 0.3423 0.0000 0.0494
014740 0.6083 0.3423 0.0000 0.0494
014760 0.6083 0.3423 0.0000 0.0494
014780 0.6083 0.3423 0.0000 0.0494
014800 0.6083 0.3423 0.0000 0.0494
014820 0.6083 0.3423 0.0000 0.0494
014840 0.6083 0.3423 0.0000 0.0494
014860 0.6083 0.3423 0.0000 0.0494
014880 0.6083 0.3423 0.0000 0.0494
014900 0.6083 0.3423 0.0000 0.0494
014920 0.6083 0.3423 0.0000 0.0494
014940 0.6083 0.3423 0.0000 0.0494
014960 0.6083 0.3423 0.0000 0.0494
014980 0.6083 0.3423 0.0000 0.0494
015000 0.6083 0.3423 0.0000 0.0494
015020 0.6083 0.3423 0.0000 0.0494
015040 0.6083 0.3423 0.0000 0.0494
015060 0.6083 0.3423 0.0000 0.0494
015080 0.6083 0.3423 0.0000 0.0494
015100 0.6083 0.3423 0.0000 0.0494
015120 0.6083 0.3423 0.0000 0.0494
015140 0.6083 0.3423 0.0000 0.0494
015160 0.6083 0.3423 0.0000 0.0494
015180 0.6083 0.3423 0.0000 0.0494
015200 0.6083 0.3423 0.0000 0.0494
015220 0.6083 0.3423 0.0000 0.0494
015240 0.6083 0.3423 0.0000 0.0494
015260 0.6083 0.3423 0.0000 0.0494
015280 0.6083 0.3423 0.0000 0.0494
015300 0.6083 0.3423 0.0000 0.0494
015320 0.6083 0.3423 0.0000 0.0494
015340 0.6083 0.3423 0.0000 0.0494
015360 0.6083 0.3423 0.0000 0.0494
015380 0.6083 0.3423 0.0000 0.0494
015400 0.6083 0.3423 0.0000 0.0494
015420 0.6083 0.3423 0.0000 0.0494
015440 0.6083 0.3423 0.0000 0.0494
015460 0.6083 0.3423 0.0000 0.0494
015480 0.6083 0.3423 0.0000 0.0494
015500 0.6083 0.3423 0.0000 0.0494
015520 0.6083 0.3423 0.0000 0.0494
015540 0.6083 0.3423 0.0000 0.0494
015560 0.6083 0.3423 0.0000 0.0494
015580 0.6083 0.3423 0.0000 0.0494
015600 0.6083 0.3423 0.0000 0.0494
015620 0.6083 0.3423 0.0000 0.0494
015640 0.6083 0.3423 0.0000 0.0494
015660 0.6083 0.3423 0.0000 0.0494
015680 0.6083 0.3423 0.0000 0.0494
015700 0.6083 0.3423 0.0000 0.0494
015720 0.6083 0.3423 0.0000 0.0494
015740 0.6083 0.3423 0.0000 0.0494
015760 0.6083 0.3423 0.0000 0.0494
015780 0.6083 0.3423 0.0000 0.0494
015800 0.6083 0.3423 0.0000 0.0494
015820 0.6083 0.3423 0.0000 0.0494
015840 0.6083 0.3423 0.0000 0.0494
015860 0.6083 0.3423 0.0000 0.0494
015880 0.6083 0.3423 0.0000 0.0494
015900 0.6083 0.3423 0.0000 0.0494
015920 0.6083 0.3423 0.0000 0.0494
015940 0.6083 0.3423 0.0000 0.0494
015960 0.6083 0.3423 0.0000 0.0494
015980 0.6083 0.3423 0.0000 0.0494
016000 0.6083 0.3423 0.0000 0.0494
016020 0.6083 0.3423 0.0000 0.0494
016040 0.6083 0.3423 0.0000 0.0494
016060 0.6083 0.3423 0.0000 0.0494
016080 0.6083 0.3423 0.0000 0.0494
016100 0.6083 0.3423 0.0000 0.0494
016120 0.6083 0.3423 0.0000 0.0494
016140 0.6083 0.3423 0.0000 0.0494
016160 0.6083 0.3423 0.0000 0.0494
016180 0.6083 0.3423 0.0000 0.0494
016200 0.6083 0.3423 0.0000 0.0494
016220 0.6083 0.3423 0.0000 0.0494
016240 0.6083 0.3423 0.0000 0.0494
016260 0.6083 0.3423 0.0000 0.0494
016280 0.6083 0.3423 0.0000 0.0494
016300 0.6083 0.3423 0.0000 0.0494
016320 0.6083 0.3423 0.0000 0.0494
016340 0.6083 0.3423 0.0000 0.0494
016360 0.6083 0.3423 0.0000 0.0494
016380 0.6083 0.3423 0.0000 0.0494
016400 0.6083 0.3423 0.0000 0.0494
016420 0.6083 0.3423 0.0000 0.0494
016440 0.6083 0.3423 0.0000 0.0494
016460 0.6083 0.3423 0.0000 0.0494
016480 0.6083 0.3423 0.0000 0.0494
016500 0.6083 0.3423 0.0000 0.0494
016520 0.6083 0.3423 0.0000 0.0494
016540 0.6083 0.3423 0.0000 0.0494
016560 0.6083 0.3423 0.0000 0.0494
016580 0.6083 0.3423 0.0000 0.0494
016600 0.6083 0.3423 0.0000 0.0494
016620 0.6083 0.3423 0.0000 0.0494
016640 0.6083 0.3423 0.0000 0.0494
016660 0.6083 0.3423 0.0000 0.0494
016680 0.6083 0.3423 0.0000 0.0494
016700 0.6083 0.3423 0.0000 0.0494
016720 0.6083 0.3423 0.0000 0.0494
016740 0.6083 0.3423 0.0000 0.0494
016760 0.6083 0.3423 0.0000 0.0494
016780 0.6083 0.3423 0.0000 0.0494
016800 0.6083 0.3423 0.0000 0.0494
016820 0.6083 0.3423 0.0000 0.0494
016840 0.6083 0.3423 0.0000 0.0494
016860 0.6083 0.3423 0.0000 0.0494
016880 0.6083 0.3423 0.0000 0.0494
016900 0.6083 0.3423 0.0000 0.0494
016920 0.6083 0.3423 0.0000 0.0494
016940 0.6083 0.3423 0.0000 0.0494
016960 0.6083 0.3423 0.0000 0.0494
016980 0.6083 0.3423 0.0000 0.0494
017000 0.6083 0.3423 0.0000 0.0494
017020 0.6083 0.3423 0.0000 0.0494
017040 0.6083 0.3423 0.0000 0.0494
017060 0.6083 0.3423 0.0000 0.0494
017080 0.6083 0.3423 0.0000 0.0494
017100 0.6083 0.3423 0.0000 0.0494
017120 0.6083 0.3423 0.0000 0.0494
017140 0.6083 0.3423 0.0000 0.0494
017160 0.6083 0.3423 0.0000 0.0494
017180 0.6083 0.3423 0.0000 0.0494
017200 0.6083 0.3423 0.0000 0.0494
017220 0.6083 0.3423 0.0000 0.0494
017240 0.6083 0.3423 0.0000 0.0494
017260 0.6083 0.3423 0.0000 0.0494
017280 0.6083 0.3423 0.0000 0.0494
017300 0.6083 0.3423 0.0000 0.0494
017320 0.6083 0.3423 0.0000 0.0494
017340 0.6083 0.3423 0.0000 0.0494
017360 0.6083 0.3423 0.0000 0.0494
017380 0.6083 0.3423 0.0000 0.0494
017400 0.6083 0.3423 0.0000 0.0494
017420 0.6083 0.3423 0.0000 0.0494
017440 0.6083 0.3423 0.0000 0.0494
017460 0.6083 0.3423 0.0000 0.0494
017480 0.6083 0.3423 0.0000 0.0494
017500 0.6083 0.3423 0.0000 0.0494
017520 0.6083 0.3423 0.0000 0.0494
017540 0.6083 0.3423 0.0000 0.0494
017560 0.6083 0.3423 0.0000 0.0494
017580 0.6083 0.3423 0.0000 0.0494
017600 0.6083 0.3423 0.0000 0.0494
017620 0.6083 0.3423 0.0000 0.0494
017640 0.6083 0.3423 0.0000 0.0494
017660 0.6083 0.3423 0.0000 0.0494
017680 0.6083 0.3423 0.0000 0.0494
017700 0.6083 0.3423 0.0000 0.0494
017720 0.6083 0.3423 0.0000 0.0494
017740 0.6083 0.3423 0.0000 0.0494
017760 0.6083 0.3423 0.0000 0.0494
017780 0.6083 0.3423 0.0000 0.0494
017800 0.6083 0.3423 0.0000 0.0494
017820 0.6083 0.3423 0.0000 0.0494
017840 0.6083 0.3423 0.0000 0.0494
017860 0.6083 0.3423 0.0000 0.0494
017880 0.6083 0.3423 0.0000 0.0494
017900 0.6083 0.3423 0.0000 0.0494
017920 0.6083 0.3423 0.0000 0.0494
017940 0.6083 0.3423 0.0000 0.0494
017960 0.6083 0.3423 0.0000 0.0494
017980 0.6083 0.3423 0.0000 0.0494
018000 0.6083 0.3423 0.0000 0.0494
018020 0.6083 0.3423 0.0000 0.0494
018040 0.6083 0.3423 0.0000 0.0494
018060 0.6083 0.3423 0.0000 0.0494
018080 0.6083 0.3423 0.0000 0.0494
018100 0.6083 0.3423 0.0000 0.0494
018120 0.6083 0.3423 0.0000 0.0494
018140 0.6083 0.3423 0.0000 0.0494
018160 0.6083 0.3423 0.0000 0.0494
018180 0.6083 0.3423 0.0000 0.0494
018200 0.6083 0.3423 0.0000 0.0494
018220 0.6083 0.3423 0.0000 0.0494
018240 0.6083 0.3423 0.0000 0.0494
018260 0.6083 0.3423 0.0000 0.0494
018280 0.6083 0.3423 0.0000 0.0494
018300 0.6083 0.3423 0.0000 0.0494
018320 0.6083 0.3423 0.0000 0.0494
018340 0.6083 0.3423 0.0000 0.0494
018360 0.6083 0.3423 0.0000 0.0494
018380 0.6083 0.3423 0.0000 0.0494
018400 0.6083 0.3423 0.0000 0.0494
018420 0.6083 0.3423 0.0000 0.0494
018440 0.6083 0.3423 0.0000 0.0494
018460 0.6083 0.3423 0.0000 0.0494
018480 0.6083 0.3423 0.0000 0.0494
018500 0.6083 0.3423 0.0000 0.0494
018520 0.6083 0.3423 0.0000 0.0494
018540 0.6083 0.3423 0.0000 0.0494
018560 0.6083 0.3423 0.0000 0.0494
018580 0.6083 0.3423 0.0000 0.0494
018600 0.6083 0.3423 0.0000 0.0494
018620 0.6083 0.3423 0.0000 0.0494
018640 0.6083 0.3423 0.0000 0.0494
018660 0.6083 0.3423 0.0000 0.0494
018680 0.6083 0.3423 0.0000 0.0494
018700 0.6083 0.3423 0.0000 0.0494
018720 0.6083 0.3423 0.0000 0.0494
018740 0.6083 0.3423 0.0000 0.0494
018760 0.6083 0.3423 0.0000 0.0494
018780 0.6083 0.3423 0.0000 0.0494
018800 0.6083 0.3423 0.0000 0.0494
018820 0.6083 0.3423 0.0000 0.0494
018840 0.6083 0.3423 0.0000 0.0494
018860 0.6083 0.3423 0.0000 0.0494
018880 0.6083 0.3423 0.0000 0.0494
018900 0.6083 0.3423 0.0000 0.0494
018920 0.6083 0.3423 0.0000 0.0494
018940 0.6083 0.3423 0.0000 0.0494
018960 0.6083 0.3423 0.0000 0.0494
018980 0.6083 0.3423 0.0000 0.0494
019000 0.6083 0.3423 0.0000 0.0494
019020 0.6083 0.3423 0.0000 0.0494
019040 0.6083 0.3423 0.0000 0.0494
019060 0.6083 0.3423 0.0000 0.0494
019080 0.6083 0.3423 0.0000 0.0494
019100 0.6083 0.3423 0.0000 0.0494
019120 0.6083 0.3423 0.0000 0.0494
019140 0.6083 0.3423 0.0000 0.0494
019160 0.6083 0.3423 0.0000 0.0494
019180 0.6083 0.3423 0.0000 0.0494
019200 0.6083 0.3423 0.0000 0.0494
019220 0.6083 0.3423 0.0000 0.0494
019240 0.6083 0.3423 0.0000 0.0494
019260 0.6083 0.3423 0.0000 0.0494
019280 0.6083 0.3423 0.0000 0.0494
019300 0.6083 0.3423 0.0000 0.0494
019320 0.6083 0.3423 0.0000 0.0494
019340 0.6083 0.3423 0.0000 0.0494
019360 0.6083 0.3423 0.0000 0.0494
019380 0.6083 0.3423 0.0000 0.0494
019400 0.6083 0.3423 0.0000 0.0494
019420 0.6083 0.3423 0.0000 0.0494
019440 0.6083 0.3423 0.0000 0.0494
019460 0.6083 0.3423 0.0000 0.0494
019480 0.6083 0.3423 0.0000 0.0494
019500 0.6083 0.3423 0.0000 0.0494
019520 0.6083 0.3423 0.0000 0.0494
019540 0.6083 0.3423 0.0000 0.0494
019560 0.6083 0.3423 0.0000 0.0494
019580 0.6083 0.3423 0.0000 0.0494
019600 0.6083 0.3423 0.0000 0.0494
019620 0.6083 0.3423 0.0000 0.0494
019640 0.6083 0.3423 0.0000 0.0494
019660 0.6083 0.3423 0.0000 0.0494
019680 0.6083 0.3423 0.0000 0.0494
019700 0.6083 0.3423 0.0000 0.0494
019720 0.6083 0.3423 0.0000 0.0494
019740 0.6083 0.3423 0.0000 0.0494
019760 0.6083 0.3423 0.0000 0.0494
019780 0.6083 0.3423 0.0000 0.0494
019800 0.6083 0.3423 0.0000 0.0494
019820 0.6083 0.3423 0.0000 0.0494
019840 0.6083 0.3423 0.0000 0.0494
019860 0.6083 0.3423 0.0000 0.0494
019880 0.6083 0.3423 0.0000 0.0494
019900 0.6083 0.3423 0.0000 0.0494
019920 0.6083 0.3423 0.0000 0.0494
019940 0.6083 0.3423 0.0000 0.0494
019960 0.6083 0.3423 0.0000 0.0494
019980 0.6083 0.3423 0.0000 0.0494
020000 0.6083 0.3423 0.0000 0.0494
