000000 0.2500 0.2500 0.2500 0.2500
000020 0.2599 0.2594 0.2300 0.2507
000040 0.2722 0.2686 0.2080 0.2512
000060 0.2837 0.2785 0.1869 0.2508
000080 0.2944 0.2894 0.1664 0.2498
000100 0.3036 0.3009 0.1475 0.2479
000120 0.3121 0.3129 0.1297 0.2453
000140 0.3201 0.3249 0.1131 0.2419
000160 0.3277 0.3375 0.0973 0.2376
000180 0.3346 0.3503 0.0823 0.2328
000200 0.3394 0.3641 0.0688 0.2277
000220 0.3429 0.3790 0.0567 0.2215
000240 0.3453 0.3949 0.0458 0.2140
000260 0.3452 0.4138 0.0359 0.2051
000280 0.3454 0.4307 0.0273 0.1965
000300 0.3458 0.4476 0.0200 0.1866
000320 0.3439 0.4658 0.0135 0.1768
000340 0.3390 0.4868 0.0084 0.1659
000360 0.3316 0.5104 0.0045 0.1536
000380 0.3235 0.5342 0.0017 0.1407
000400 0.3127 0.5587 0.0001 0.1284
000420 0.3031 0.5852 0.0000 0.1117
000440 0.2962 0.6094 0.0000 0.0945
000460 0.2899 0.6326 0.0000 0.0775
000480 0.2878 0.6451 0.0000 0.0671
000500 0.2855 0.6576 0.0000 0.0569
000520 0.2844 0.6685 0.0000 0.0472
000540 0.2829 0.6777 0.0000 0.0395
000560 0.2865 0.6798 0.0000 0.0337
000580 0.2882 0.6823 0.0000 0.0295
000600 0.2883 0.6841 0.0000 0.0276
000620 0.2904 0.6846 0.0000 0.0250
000640 0.2918 0.6839 0.0000 0.0243
000660 0.2927 0.6851 0.0000 0.0222
000680 0.3002 0.6785 0.0000 0.0213
000700 0.3094 0.6682 0.0000 0.0225
000720 0.3143 0.6618 0.0000 0.0239
000740 0.3174 0.6585 0.0000 0.0240
000760 0.3223 0.6532 0.0000 0.0245
000780 0.3319 0.6442 0.0000 0.0239
000800 0.3417 0.6327 0.0000 0.0256
000820 0.3477 0.6270 0.0000 0.0253
000840 0.3553 0.6187 0.0000 0.0259
000860 0.3617 0.6120 0.0000 0.0263
000880 0.3710 0.6021 0.0000 0.0269
000900 0.3818 0.5912 0.0000 0.0270
000920 0.3916 0.5815 0.0000 0.0269
000940 0.4015 0.5709 0.0000 0.0276
000960 0.4081 0.5632 0.0000 0.0287
000980 0.4134 0.5555 0.0000 0.0311
001000 0.4128 0.5539 0.0000 0.0333
001020 0.4165 0.5506 0.0000 0.0329
001040 0.4212 0.5453 0.0000 0.0335
001060 0.4255 0.5410 0.0000 0.0335
001080 0.4279 0.5373 0.0000 0.0348
001100 0.4314 0.5347 0.0000 0.0339
001120 0.4399 0.5261 0.0000 0.0340
001140 0.4484 0.5170 0.0000 0.0346
001160 0.4604 0.5050 0.0000 0.0346
001180 0.4725 0.4936 0.0000 0.0339
001200 0.4840 0.4816 0.0000 0.0344
001220 0.4931 0.4724 0.0000 0.0345
001240 0.5034 0.4617 0.0000 0.0349
001260 0.5143 0.4498 0.0000 0.0360
001280 0.5234 0.4381 0.0000 0.0386
001300 0.5301 0.4288 0.0000 0.0411
001320 0.5291 0.4267 0.0000 0.0442
001340 0.5258 0.4307 0.0000 0.0435
001360 0.5274 0.4291 0.0000 0.0435
001380 0.5319 0.4252 0.0000 0.0429
001400 0.5392 0.4181 0.0000 0.0427
001420 0.5504 0.4087 0.0000 0.0409
001440 0.5614 0.3963 0.0000 0.0423
001460 0.5671 0.3889 0.0000 0.0440
001480 0.5732 0.3824 0.0000 0.0444
001500 0.5750 0.3789 0.0000 0.0461
001520 0.5748 0.3791 0.0000 0.0460
001540 0.5776 0.3779 0.0000 0.0445
001560 0.5815 0.3723 0.0000 0.0462
001580 0.5798 0.3721 0.0000 0.0481
001600 0.5811 0.3696 0.0000 0.0493
001620 0.5841 0.3686 0.0000 0.0473
001640 0.5854 0.3672 0.0000 0.0474
001660 0.5801 0.3702 0.0000 0.0496
001680 0.5788 0.3736 0.0000 0.0476
001700 0.5866 0.3657 0.0000 0.0477
001720 0.5924 0.3606 0.0000 0.0470
001740 0.5935 0.3592 0.0000 0.0473
001760 0.5911 0.3591 0.0000 0.0498
001780 0.5835 0.3659 0.0000 0.0506
001800 0.5767 0.3719 0.0000 0.0514
001820 0.5791 0.3737 0.0000 0.0472
001840 0.5869 0.3666 0.0000 0.0465
001860 0.5947 0.3592 0.0000 0.0461
001880 0.6016 0.3526 0.0000 0.0458
001900 0.6054 0.3468 0.0000 0.0478
001920 0.6033 0.3491 0.0000 0.0475
001940 0.6038 0.3490 0.0000 0.0471
001960 0.5976 0.3526 0.0000 0.0498
001980 0.5920 0.3589 0.0000 0.0491
002000 0.5838 0.3632 0.0000 0.0530
002020 0.5798 0.3704 0.0000 0.0498
002040 0.5820 0.3700 0.0000 0.0480
002060 0.5871 0.3649 0.0000 0.0480
002080 0.5928 0.3595 0.0000 0.0477
002100 0.5939 0.3594 0.0000 0.0467
002120 0.5985 0.3551 0.0000 0.0464
002140 0.6042 0.3502 0.0000 0.0457
002160 0.6087 0.3464 0.0000 0.0449
002180 0.6134 0.3402 0.0000 0.0464
002200 0.6140 0.3382 0.0000 0.0478
002220 0.6052 0.3442 0.0000 0.0506
002240 0.5958 0.3541 0.0000 0.0501
002260 0.5926 0.3591 0.0000 0.0483
002280 0.5884 0.3623 0.0000 0.0494
002300 0.5904 0.3615 0.0000 0.0481
002320 0.5898 0.3606 0.0000 0.0496
002340 0.5870 0.3628 0.0000 0.0502
002360 0.5878 0.3657 0.0000 0.0465
002380 0.5946 0.3589 0.0000 0.0465
002400 0.5969 0.3552 0.0000 0.0479
002420 0.5970 0.3543 0.0000 0.0488
002440 0.5928 0.3568 0.0000 0.0503
002460 0.5837 0.3627 0.0000 0.0536
002480 0.5779 0.3711 0.0000 0.0510
002500 0.5760 0.3743 0.0000 0.0497
002520 0.5846 0.3694 0.0000 0.0460
002540 0.5958 0.3597 0.0000 0.0445
002560 0.6099 0.3469 0.0000 0.0433
002580 0.6213 0.3345 0.0000 0.0442
002600 0.6201 0.3314 0.0000 0.0485
002620 0.6122 0.3386 0.0000 0.0492
002640 0.6060 0.3441 0.0000 0.0499
002660 0.5949 0.3519 0.0000 0.0532
002680 0.5823 0.3645 0.0000 0.0532
002700 0.5764 0.3737 0.0000 0.0499
002720 0.5746 0.3777 0.0000 0.0477
002740 0.5875 0.3671 0.0000 0.0454
002760 0.6008 0.3540 0.0000 0.0452
002780 0.6097 0.3449 0.0000 0.0453
002800 0.6129 0.3416 0.0000 0.0455
002820 0.6099 0.3427 0.0000 0.0474
002840 0.6047 0.3468 0.0000 0.0485
002860 0.5959 0.3537 0.0000 0.0505
002880 0.5918 0.3594 0.0000 0.0487
002900 0.5931 0.3595 0.0000 0.0475
002920 0.5978 0.3560 0.0000 0.0462
002940 0.6015 0.3522 0.0000 0.0463
002960 0.6051 0.3492 0.0000 0.0457
002980 0.6063 0.3465 0.0000 0.0472
003000 0.6094 0.3448 0.0000 0.0458
003020 0.6141 0.3397 0.0000 0.0462
003040 0.6165 0.3361 0.0000 0.0474
003060 0.6123 0.3375 0.0000 0.0502
003080 0.6043 0.3447 0.0000 0.0509
003100 0.5957 0.3544 0.0000 0.0499
003120 0.5949 0.3586 0.0000 0.0465
003140 0.5968 0.3572 0.0000 0.0460
003160 0.5970 0.3541 0.0000 0.0489
003180 0.5973 0.3549 0.0000 0.0479
003200 0.5948 0.3553 0.0000 0.0499
003220 0.5904 0.3597 0.0000 0.0499
003240 0.5895 0.3641 0.0000 0.0464
003260 0.5896 0.3619 0.0000 0.0486
003280 0.5881 0.3621 0.0000 0.0498
003300 0.5855 0.3633 0.0000 0.0511
003320 0.5807 0.3685 0.0000 0.0508
003340 0.5834 0.3677 0.0000 0.0489
003360 0.5905 0.3632 0.0000 0.0463
003380 0.5964 0.3580 0.0000 0.0456
003400 0.6016 0.3531 0.0000 0.0453
003420 0.6027 0.3488 0.0000 0.0486
003440 0.6005 0.3505 0.0000 0.0491
003460 0.5996 0.3504 0.0000 0.0500
003480 0.6020 0.3507 0.0000 0.0473
003500 0.5998 0.3504 0.0000 0.0498
003520 0.5896 0.3579 0.0000 0.0525
003540 0.5778 0.3708 0.0000 0.0514
003560 0.5749 0.3756 0.0000 0.0495
003580 0.5777 0.3734 0.0000 0.0490
003600 0.5852 0.3680 0.0000 0.0468
003620 0.5950 0.3587 0.0000 0.0463
003640 0.5984 0.3528 0.0000 0.0488
003660 0.5993 0.3536 0.0000 0.0471
003680 0.6036 0.3493 0.0000 0.0471
003700 0.6059 0.3461 0.0000 0.0480
003720 0.6080 0.3450 0.0000 0.0470
003740 0.6055 0.3466 0.0000 0.0479
003760 0.6020 0.3477 0.0000 0.0503
003780 0.5949 0.3552 0.0000 0.0499
003800 0.5957 0.3581 0.0000 0.0461
003820 0.5983 0.3541 0.0000 0.0476
003840 0.5959 0.3536 0.0000 0.0505
003860 0.5930 0.3573 0.0000 0.0497
003880 0.5908 0.3602 0.0000 0.0490
003900 0.5864 0.3636 0.0000 0.0500
003920 0.5923 0.3606 0.0000 0.0471
003940 0.5951 0.3564 0.0000 0.0485
003960 0.5969 0.3523 0.0000 0.0508
003980 0.5917 0.3570 0.0000 0.0512
004000 0.5877 0.3647 0.0000 0.0475
004020 0.5916 0.3620 0.0000 0.0464
004040 0.5949 0.3573 0.0000 0.0478
004060 0.5997 0.3543 0.0000 0.0460
004080 0.6071 0.3492 0.0000 0.0438
004100 0.6082 0.3447 0.0000 0.0471
004120 0.6048 0.3452 0.0000 0.0499
004140 0.5984 0.3519 0.0000 0.0497
004160 0.5952 0.3562 0.0000 0.0486
004180 0.5955 0.3562 0.0000 0.0483
004200 0.5934 0.3565 0.0000 0.0501
004220 0.5923 0.3577 0.0000 0.0499
004240 0.5919 0.3587 0.0000 0.0495
004260 0.5938 0.3574 0.0000 0.0488
004280 0.5941 0.3586 0.0000 0.0473
004300 0.5964 0.3569 0.0000 0.0467
004320 0.5995 0.3525 0.0000 0.0479
004340 0.5962 0.3546 0.0000 0.0492
004360 0.5953 0.3558 0.0000 0.0488
004380 0.5957 0.3550 0.0000 0.0493
004400 0.5930 0.3570 0.0000 0.0500
004420 0.5950 0.3581 0.0000 0.0469
004440 0.5993 0.3544 0.0000 0.0463
004460 0.6023 0.3498 0.0000 0.0479
004480 0.6062 0.3491 0.0000 0.0448
004500 0.6096 0.3441 0.0000 0.0463
004520 0.6021 0.3481 0.0000 0.0498
004540 0.5959 0.3540 0.0000 0.0501
004560 0.5879 0.3616 0.0000 0.0505
004580 0.5861 0.3638 0.0000 0.0501
004600 0.5844 0.3657 0.0000 0.0499
004620 0.5898 0.3639 0.0000 0.0463
004640 0.5998 0.3560 0.0000 0.0441
004660 0.6063 0.3468 0.0000 0.0470
004680 0.6095 0.3436 0.0000 0.0469
004700 0.6066 0.3447 0.0000 0.0487
004720 0.6016 0.3484 0.0000 0.0499
004740 0.5927 0.3564 0.0000 0.0509
004760 0.5818 0.3664 0.0000 0.0518
004780 0.5802 0.3694 0.0000 0.0504
004800 0.5836 0.3692 0.0000 0.0472
004820 0.5892 0.3635 0.0000 0.0472
004840 0.5935 0.3582 0.0000 0.0484
004860 0.5945 0.3565 0.0000 0.0490
004880 0.5968 0.3560 0.0000 0.0471
004900 0.6028 0.3506 0.0000 0.0466
004920 0.6121 0.3428 0.0000 0.0451
004940 0.6113 0.3413 0.0000 0.0474
004960 0.6069 0.3447 0.0000 0.0484
004980 0.5966 0.3525 0.0000 0.0509
005000 0.5829 0.3639 0.0000 0.0532
005020 0.5690 0.3779 0.0000 0.0532
005040 0.5640 0.3834 0.0000 0.0526
005060 0.5681 0.3825 0.0000 0.0494
005080 0.5779 0.3742 0.0000 0.0479
005100 0.5886 0.3650 0.0000 0.0465
005120 0.5938 0.3592 0.0000 0.0471
005140 0.5961 0.3569 0.0000 0.0469
005160 0.5949 0.3566 0.0000 0.0485
005180 0.5938 0.3562 0.0000 0.0500
005200 0.5944 0.3581 0.0000 0.0475
005220 0.5951 0.3570 0.0000 0.0479
005240 0.5956 0.3565 0.0000 0.0479
005260 0.5993 0.3530 0.0000 0.0477
005280 0.5991 0.3528 0.0000 0.0481
005300 0.5957 0.3550 0.0000 0.0492
005320 0.5899 0.3588 0.0000 0.0513
005340 0.5847 0.3637 0.0000 0.0515
005360 0.5820 0.3677 0.0000 0.0503
005380 0.5846 0.3673 0.0000 0.0482
005400 0.5893 0.3636 0.0000 0.0471
005420 0.5952 0.3593 0.0000 0.0455
005440 0.5994 0.3548 0.0000 0.0458
005460 0.6064 0.3493 0.0000 0.0443
005480 0.6119 0.3424 0.0000 0.0457
005500 0.6145 0.3385 0.0000 0.0470
005520 0.6111 0.3394 0.0000 0.0495
005540 0.6043 0.3450 0.0000 0.0507
005560 0.5965 0.3540 0.0000 0.0495
005580 0.5913 0.3589 0.0000 0.0498
005600 0.5843 0.3656 0.0000 0.0501
005620 0.5863 0.3675 0.0000 0.0461
005640 0.5932 0.3607 0.0000 0.0461
005660 0.5990 0.3529 0.0000 0.0481
005680 0.6035 0.3493 0.0000 0.0471
005700 0.6039 0.3501 0.0000 0.0460
005720 0.6057 0.3476 0.0000 0.0467
005740 0.6010 0.3491 0.0000 0.0499
005760 0.5935 0.3565 0.0000 0.0500
005780 0.5945 0.3587 0.0000 0.0469
005800 0.5927 0.3591 0.0000 0.0483
005820 0.5887 0.3626 0.0000 0.0488
005840 0.5876 0.3621 0.0000 0.0503
005860 0.5866 0.3634 0.0000 0.0500
005880 0.5829 0.3690 0.0000 0.0481
005900 0.5849 0.3677 0.0000 0.0474
005920 0.5898 0.3628 0.0000 0.0474
005940 0.5941 0.3570 0.0000 0.0489
005960 0.5920 0.3586 0.0000 0.0494
005980 0.5927 0.3580 0.0000 0.0494
006000 0.5908 0.3612 0.0000 0.0479
006020 0.5911 0.3602 0.0000 0.0487
006040 0.5882 0.3615 0.0000 0.0504
006060 0.5886 0.3631 0.0000 0.0483
006080 0.5918 0.3606 0.0000 0.0475
006100 0.5930 0.3599 0.0000 0.0471
006120 0.5931 0.3585 0.0000 0.0484
006140 0.5918 0.3597 0.0000 0.0484
006160 0.5921 0.3600 0.0000 0.0479
006180 0.5919 0.3599 0.0000 0.0482
006200 0.5937 0.3574 0.0000 0.0489
006220 0.5906 0.3593 0.0000 0.0501
006240 0.5841 0.3638 0.0000 0.0521
006260 0.5893 0.3652 0.0000 0.0455
006280 0.5944 0.3596 0.0000 0.0460
006300 0.6051 0.3478 0.0000 0.0471
006320 0.6084 0.3451 0.0000 0.0465
006340 0.6083 0.3439 0.0000 0.0478
006360 0.6018 0.3470 0.0000 0.0511
006380 0.5955 0.3553 0.0000 0.0492
006400 0.5944 0.3566 0.0000 0.0490
006420 0.5942 0.3583 0.0000 0.0475
006440 0.5986 0.3558 0.0000 0.0456
006460 0.6075 0.3477 0.0000 0.0448
006480 0.6092 0.3442 0.0000 0.0466
006500 0.6144 0.3411 0.0000 0.0444
006520 0.6151 0.3371 0.0000 0.0478
006540 0.6087 0.3398 0.0000 0.0515
006560 0.5930 0.3555 0.0000 0.0515
006580 0.5821 0.3682 0.0000 0.0496
006600 0.5812 0.3706 0.0000 0.0482
006620 0.5870 0.3631 0.0000 0.0499
006640 0.5938 0.3592 0.0000 0.0470
006660 0.6036 0.3495 0.0000 0.0468
006680 0.6032 0.3475 0.0000 0.0493
006700 0.5928 0.3539 0.0000 0.0533
006720 0.5828 0.3647 0.0000 0.0525
006740 0.5798 0.3721 0.0000 0.0481
006760 0.5824 0.3711 0.0000 0.0465
006780 0.5893 0.3646 0.0000 0.0461
006800 0.5941 0.3587 0.0000 0.0472
006820 0.6020 0.3518 0.0000 0.0462
006840 0.6064 0.3459 0.0000 0.0477
006860 0.6000 0.3477 0.0000 0.0523
006880 0.5865 0.3612 0.0000 0.0523
006900 0.5746 0.3734 0.0000 0.0520
006920 0.5770 0.3763 0.0000 0.0467
006940 0.5896 0.3670 0.0000 0.0434
006960 0.6071 0.3496 0.0000 0.0432
006980 0.6178 0.3377 0.0000 0.0445
007000 0.6215 0.3312 0.0000 0.0473
007020 0.6147 0.3364 0.0000 0.0489
007040 0.6046 0.3440 0.0000 0.0515
007060 0.5976 0.3519 0.0000 0.0505
007080 0.5864 0.3604 0.0000 0.0532
007100 0.5813 0.3692 0.0000 0.0495
007120 0.5887 0.3652 0.0000 0.0461
007140 0.5989 0.3555 0.0000 0.0456
007160 0.6073 0.3482 0.0000 0.0446
007180 0.6156 0.3390 0.0000 0.0454
007200 0.6116 0.3390 0.0000 0.0493
007220 0.5990 0.3497 0.0000 0.0513
007240 0.5799 0.3671 0.0000 0.0530
007260 0.5720 0.3772 0.0000 0.0508
007280 0.5769 0.3782 0.0000 0.0448
007300 0.5954 0.3617 0.0000 0.0429
007320 0.6047 0.3503 0.0000 0.0450
007340 0.6126 0.3427 0.0000 0.0447
007360 0.6137 0.3392 0.0000 0.0471
007380 0.6088 0.3414 0.0000 0.0497
007400 0.5965 0.3505 0.0000 0.0530
007420 0.5844 0.3650 0.0000 0.0506
007440 0.5853 0.3665 0.0000 0.0482
007460 0.5863 0.3644 0.0000 0.0493
007480 0.5881 0.3640 0.0000 0.0479
007500 0.5974 0.3569 0.0000 0.0457
007520 0.6037 0.3505 0.0000 0.0459
007540 0.6070 0.3471 0.0000 0.0459
007560 0.6111 0.3436 0.0000 0.0453
007580 0.6103 0.3387 0.0000 0.0510
007600 0.5975 0.3481 0.0000 0.0545
007620 0.5839 0.3629 0.0000 0.0532
007640 0.5785 0.3713 0.0000 0.0502
007660 0.5799 0.3730 0.0000 0.0471
007680 0.5858 0.3685 0.0000 0.0457
007700 0.5953 0.3601 0.0000 0.0445
007720 0.6041 0.3512 0.0000 0.0447
007740 0.6107 0.3433 0.0000 0.0460
007760 0.6171 0.3371 0.0000 0.0458
007780 0.6185 0.3336 0.0000 0.0479
007800 0.6165 0.3357 0.0000 0.0478
007820 0.6076 0.3410 0.0000 0.0514
007840 0.5900 0.3562 0.0000 0.0538
007860 0.5749 0.3736 0.0000 0.0515
007880 0.5773 0.3754 0.0000 0.0474
007900 0.5837 0.3692 0.0000 0.0471
007920 0.5917 0.3602 0.0000 0.0480
007940 0.5925 0.3573 0.0000 0.0502
007960 0.5932 0.3573 0.0000 0.0495
007980 0.5920 0.3601 0.0000 0.0480
008000 0.5953 0.3599 0.0000 0.0448
008020 0.5960 0.3553 0.0000 0.0488
008040 0.5902 0.3586 0.0000 0.0512
008060 0.5861 0.3630 0.0000 0.0510
008080 0.5879 0.3642 0.0000 0.0479
008100 0.5980 0.3565 0.0000 0.0454
008120 0.6052 0.3499 0.0000 0.0449
008140 0.6085 0.3458 0.0000 0.0456
008160 0.6107 0.3432 0.0000 0.0462
008180 0.6064 0.3458 0.0000 0.0478
008200 0.5992 0.3492 0.0000 0.0516
008220 0.5898 0.3578 0.0000 0.0524
008240 0.5836 0.3659 0.0000 0.0506
008260 0.5784 0.3717 0.0000 0.0500
008280 0.5830 0.3688 0.0000 0.0482
008300 0.5899 0.3631 0.0000 0.0470
008320 0.5930 0.3588 0.0000 0.0482
008340 0.5883 0.3625 0.0000 0.0493
008360 0.5919 0.3607 0.0000 0.0474
008380 0.5955 0.3570 0.0000 0.0475
008400 0.5984 0.3546 0.0000 0.0470
008420 0.5989 0.3532 0.0000 0.0479
008440 0.6010 0.3523 0.0000 0.0467
008460 0.6065 0.3485 0.0000 0.0450
008480 0.6071 0.3448 0.0000 0.0482
008500 0.6018 0.3469 0.0000 0.0513
008520 0.5984 0.3520 0.0000 0.0495
008540 0.5994 0.3528 0.0000 0.0478
008560 0.6025 0.3489 0.0000 0.0486
008580 0.5973 0.3520 0.0000 0.0507
008600 0.5898 0.3597 0.0000 0.0505
008620 0.5848 0.3666 0.0000 0.0486
008640 0.5816 0.3686 0.0000 0.0498
008660 0.5808 0.3718 0.0000 0.0474
008680 0.5901 0.3644 0.0000 0.0455
008700 0.5988 0.3554 0.0000 0.0459
008720 0.6099 0.3465 0.0000 0.0436
008740 0.6195 0.3349 0.0000 0.0456
008760 0.6187 0.3326 0.0000 0.0487
008780 0.6076 0.3398 0.0000 0.0525
008800 0.5866 0.3574 0.0000 0.0560
008820 0.5729 0.3737 0.0000 0.0533
008840 0.5677 0.3823 0.0000 0.0500
008860 0.5731 0.3780 0.0000 0.0489
008880 0.5800 0.3723 0.0000 0.0477
008900 0.5935 0.3618 0.0000 0.0448
008920 0.6107 0.3469 0.0000 0.0424
008940 0.6234 0.3338 0.0000 0.0428
008960 0.6255 0.3289 0.0000 0.0456
008980 0.6142 0.3342 0.0000 0.0516
009000 0.5960 0.3509 0.0000 0.0531
009020 0.5839 0.3635 0.0000 0.0526
009040 0.5800 0.3701 0.0000 0.0499
009060 0.5816 0.3715 0.0000 0.0469
009080 0.5878 0.3656 0.0000 0.0465
009100 0.5956 0.3595 0.0000 0.0449
009120 0.6089 0.3478 0.0000 0.0433
009140 0.6177 0.3366 0.0000 0.0456
009160 0.6132 0.3375 0.0000 0.0493
009180 0.6014 0.3475 0.0000 0.0511
009200 0.5878 0.3602 0.0000 0.0520
009220 0.5802 0.3687 0.0000 0.0510
009240 0.5765 0.3732 0.0000 0.0503
009260 0.5774 0.3732 0.0000 0.0493
009280 0.5864 0.3675 0.0000 0.0460
009300 0.6009 0.3546 0.0000 0.0446
009320 0.6119 0.3432 0.0000 0.0449
009340 0.6078 0.3436 0.0000 0.0486
009360 0.6012 0.3478 0.0000 0.0510
009380 0.5916 0.3557 0.0000 0.0527
009400 0.5818 0.3677 0.0000 0.0505
009420 0.5821 0.3688 0.0000 0.0491
009440 0.5833 0.3695 0.0000 0.0472
009460 0.5936 0.3614 0.0000 0.0449
009480 0.6058 0.3497 0.0000 0.0445
009500 0.6092 0.3415 0.0000 0.0494
009520 0.6051 0.3471 0.0000 0.0478
009540 0.6001 0.3528 0.0000 0.0472
009560 0.5972 0.3536 0.0000 0.0493
009580 0.5908 0.3574 0.0000 0.0518
009600 0.5881 0.3627 0.0000 0.0492
009620 0.5891 0.3634 0.0000 0.0475
009640 0.5922 0.3608 0.0000 0.0470
009660 0.5932 0.3581 0.0000 0.0487
009680 0.5909 0.3599 0.0000 0.0491
009700 0.5893 0.3631 0.0000 0.0476
009720 0.5929 0.3604 0.0000 0.0468
009740 0.5956 0.3575 0.0000 0.0470
009760 0.5999 0.3547 0.0000 0.0454
009780 0.6070 0.3500 0.0000 0.0430
009800 0.6132 0.3405 0.0000 0.0463
009820 0.6112 0.3401 0.0000 0.0487
009840 0.6019 0.3478 0.0000 0.0502
009860 0.5910 0.3577 0.0000 0.0513
009880 0.5858 0.3647 0.0000 0.0495
009900 0.5852 0.3646 0.0000 0.0502
009920 0.5849 0.3649 0.0000 0.0502
009940 0.5871 0.3663 0.0000 0.0467
009960 0.5993 0.3564 0.0000 0.0443
009980 0.6109 0.3448 0.0000 0.0443
010000 0.6120 0.3393 0.0000 0.0487
010020 0.6044 0.3448 0.0000 0.0509
010040 0.5894 0.3563 0.0000 0.0543
010060 0.5773 0.3702 0.0000 0.0525
010080 0.5684 0.3780 0.0000 0.0535
010100 0.5600 0.3867 0.0000 0.0534
010120 0.5629 0.3880 0.0000 0.0491
010140 0.5778 0.3773 0.0000 0.0448
010160 0.5778 0.3773 0.0000 0.0448
010180 0.5778 0.3773 0.0000 0.0448
010200 0.5778 0.3773 0.0000 0.0448
010220 0.5778 0.3773 0.0000 0.0448
010240 0.5778 0.3773 0.0000 0.0448
010260 0.5778 0.3773 0.0000 0.0448
010280 0.5778 0.3773 0.0000 0.0448
010300 0.5778 0.3773 0.0000 0.0448
010320 0.5778 0.3773 0.0000 0.0448
010340 0.5778 0.3773 0.0000 0.0448
010360 0.5778 0.3773 0.0000 0.0448
010380 0.5778 0.3773 0.0000 0.0448
010400 0.5778 0.3773 0.0000 0.0448
010420 0.5778 0.3773 0.0000 0.0448
010440 0.5778 0.3773 0.0000 0.0448
010460 0.5778 0.3773 0.0000 0.0448
010480 0.5778 0.3773 0.0000 0.0448
010500 0.5778 0.3773 0.0000 0.0448
010520 0.5778 0.3773 0.0000 0.0448
010540 0.5778 0.3773 0.0000 0.0448
010560 0.5778 0.3773 0.0000 0.0448
010580 0.5778 0.3773 0.0000 0.0448
010600 0.5778 0.3773 0.0000 0.0448
010620 0.5778 0.3773 0.0000 0.0448
010640 0.5778 0.3773 0.0000 0.0448
010660 0.5778 0.3773 0.0000 0.0448
010680 0.5778 0.3773 0.0000 0.0448
010700 0.5778 0.3773 0.0000 0.0448
010720 0.5778 0.3773 0.0000 0.0448
010740 0.5778 0.3773 0.0000 0.0448
010760 0.5778 0.3773 0.0000 0.0448
010780 0.5778 0.3773 0.0000 0.0448
010800 0.5778 0.3773 0.0000 0.0448
010820 0.5778 0.3773 0.0000 0.0448
010840 0.5778 0.3773 0.0000 0.0448
010860 0.5778 0.3773 0.0000 0.0448
010880 0.5778 0.3773 0.0000 0.0448
010900 0.5778 0.3773 0.0000 0.0448
010920 0.5778 0.3773 0.0000 0.0448
010940 0.5778 0.3773 0.0000 0.0448
010960 0.5778 0.3773 0.0000 0.0448
010980 0.5778 0.3773 0.0000 0.0448
011000 0.5778 0.3773 0.0000 0.0448
011020 0.5778 0.3773 0.0000 0.0448
011040 0.5778 0.3773 0.0000 0.0448
011060 0.5778 0.3773 0.0000 0.0448
011080 0.5778 0.3773 0.0000 0.0448
011100 0.5778 0.3773 0.0000 0.0448
011120 0.5778 0.3773 0.0000 0.0448
011140 0.5778 0.3773 0.0000 0.0448
011160 0.5778 0.3773 0.0000 0.0448
011180 0.5778 0.3773 0.0000 0.0448
011200 0.5778 0.3773 0.0000 0.0448
011220 0.5778 0.3773 0.0000 0.0448
011240 0.5778 0.3773 0.0000 0.0448
011260 0.5778 0.3773 0.0000 0.0448
011280 0.5778 0.3773 0.0000 0.0448
011300 0.5778 0.3773 0.0000 0.0448
011320 0.5778 0.3773 0.0000 0.0448
011340 0.5778 0.3773 0.0000 0.0448
011360 0.5778 0.3773 0.0000 0.0448
011380 0.5778 0.3773 0.0000 0.0448
011400 0.5778 0.3773 0.0000 0.0448
011420 0.5778 0.3773 0.0000 0.0448
011440 0.5778 0.3773 0.0000 0.0448
011460 0.5778 0.3773 0.0000 0.0448
011480 0.5778 0.3773 0.0000 0.0448
011500 0.5778 0.3773 0.0000 0.0448
011520 0.5778 0.3773 0.0000 0.0448
011540 0.5778 0.3773 0.0000 0.0448
011560 0.5778 0.3773 0.0000 0.0448
011580 0.5778 0.3773 0.0000 0.0448
011600 0.5778 0.3773 0.0000 0.0448
011620 0.5778 0.3773 0.0000 0.0448
011640 0.5778 0.3773 0.0000 0.0448
011660 0.5778 0.3773 0.0000 0.0448
011680 0.5778 0.3773 0.0000 0.0448
011700 0.5778 0.3773 0.0000 0.0448
011720 0.5778 0.3773 0.0000 0.0448
011740 0.5778 0.3773 0.0000 0.0448
011760 0.5778 0.3773 0.0000 0.0448
011780 0.5778 0.3773 0.0000 0.0448
011800 0.5778 0.3773 0.0000 0.0448
011820 0.5778 0.3773 0.0000 0.0448
011840 0.5778 0.3773 0.0000 0.0448
011860 0.5778 0.3773 0.0000 0.0448
011880 0.5778 0.3773 0.0000 0.0448
011900 0.5778 0.3773 0.0000 0.0448
011920 0.5778 0.3773 0.0000 0.0448
011940 0.5778 0.3773 0.0000 0.0448
011960 0.5778 0.3773 0.0000 0.0448
011980 0.5778 0.3773 0.0000 0.0448
012000 0.5778 0.3773 0.0000 0.0448
012020 0.5778 0.3773 0.0000 0.0448
012040 0.5778 0.3773 0.0000 0.0448
012060 0.5778 0.3773 0.0000 0.0448
012080 0.5778 0.3773 0.0000 0.0448
012100 0.5778 0.3773 0.0000 0.0448
012120 0.5778 0.3773 0.0000 0.0448
012140 0.5778 0.3773 0.0000 0.0448
012160 0.5778 0.3773 0.0000 0.0448
012180 0.5778 0.3773 0.0000 0.0448
012200 0.5778 0.3773 0.0000 0.0448
012220 0.5778 0.3773 0.0000 0.0448
012240 0.5778 0.3773 0.0000 0.0448
012260 0.5778 0.3773 0.0000 0.0448
012280 0.5778 0.3773 0.0000 0.0448
012300 0.5778 0.3773 0.0000 0.0448
012320 0.5778 0.3773 0.0000 0.0448
012340 0.5778 0.3773 0.0000 0.0448
012360 0.5778 0.3773 0.0000 0.0448
012380 0.5778 0.3773 0.0000 0.0448
012400 0.5778 0.3773 0.0000 0.0448
012420 0.5778 0.3773 0.0000 0.0448
012440 0.5778 0.3773 0.0000 0.0448
012460 0.5778 0.3773 0.0000 0.0448
012480 0.5778 0.3773 0.0000 0.0448
012500 0.5778 0.3773 0.0000 0.0448
012520 0.5778 0.3773 0.0000 0.0448
012540 0.5778 0.3773 0.0000 0.0448
012560 0.5778 0.3773 0.0000 0.0448
012580 0.5778 0.3773 0.0000 0.0448
012600 0.5778 0.3773 0.0000 0.0448
012620 0.5778 0.3773 0.0000 0.0448
012640 0.5778 0.3773 0.0000 0.0448
012660 0.5778 0.3773 0.0000 0.0448
012680 0.5778 0.3773 0.0000 0.0448
012700 0.5778 0.3773 0.0000 0.0448
012720 0.5778 0.3773 0.0000 0.0448
012740 0.5778 0.3773 0.0000 0.0448
012760 0.5778 0.3773 0.0000 0.0448
012780 0.5778 0.3773 0.0000 0.0448
012800 0.5778 0.3773 0.0000 0.0448
012820 0.5778 0.3773 0.0000 0.0448
012840 0.5778 0.3773 0.0000 0.0448
012860 0.5778 0.3773 0.0000 0.0448
012880 0.5778 0.3773 0.0000 0.0448
012900 0.5778 0.3773 0.0000 0.0448
012920 0.5778 0.3773 0.0000 0.0448
012940 0.5778 0.3773 0.0000 0.0448
012960 0.5778 0.3773 0.0000 0.0448
012980 0.5778 0.3773 0.0000 0.0448
013000 0.5778 0.3773 0.0000 0.0448
013020 0.5778 0.3773 0.0000 0.0448
013040 0.5778 0.3773 0.0000 0.0448
013060 0.5778 0.3773 0.0000 0.0448
013080 0.5778 0.3773 0.0000 0.0448
013100 0.5778 0.3773 0.0000 0.0448
013120 0.5778 0.3773 0.0000 0.0448
013140 0.5778 0.3773 0.0000 0.0448
013160 0.5778 0.3773 0.0000 0.0448
013180 0.5778 0.3773 0.0000 0.0448
013200 0.5778 0.3773 0.0000 0.0448
013220 0.5778 0.3773 0.0000 0.0448
013240 0.5778 0.3773 0.0000 0.0448
013260 0.5778 0.3773 0.0000 0.0448
013280 0.5778 0.3773 0.0000 0.0448
013300 0.5778 0.3773 0.0000 0.0448
013320 0.5778 0.3773 0.0000 0.0448
013340 0.5778 0.3773 0.0000 0.0448
013360 0.5778 0.3773 0.0000 0.0448
013380 0.5778 0.3773 0.0000 0.0448
013400 0.5778 0.3773 0.0000 0.0448
013420 0.5778 0.3773 0.0000 0.0448
013440 0.5778 0.3773 0.0000 0.0448
013460 0.5778 0.3773 0.0000 0.0448
013480 0.5778 0.3773 0.0000 0.0448
013500 0.5778 0.3773 0.0000 0.0448
013520 0.5778 0.3773 0.0000 0.0448
013540 0.5778 0.3773 0.0000 0.0448
013560 0.5778 0.3773 0.0000 0.0448
013580 0.5778 0.3773 0.0000 0.0448
013600 0.5778 0.3773 0.0000 0.0448
013620 0.5778 0.3773 0.0000 0.0448
013640 0.5778 0.3773 0.0000 0.0448
013660 0.5778 0.3773 0.0000 0.0448
013680 0.5778 0.3773 0.0000 0.0448
013700 0.5778 0.3773 0.0000 0.0448
013720 0.5778 0.3773 0.0000 0.0448
013740 0.5778 0.3773 0.0000 0.0448
013760 0.5778 0.3773 0.0000 0.0448
013780 0.5778 0.3773 0.0000 0.0448
013800 0.5778 0.3773 0.0000 0.0448
013820 0.5778 0.3773 0.0000 0.0448
013840 0.5778 0.3773 0.0000 0.0448
013860 0.5778 0.3773 0.0000 0.0448
013880 0.5778 0.3773 0.0000 0.0448
013900 0.5778 0.3773 0.0000 0.0448
013920 0.5778 0.3773 0.0000 0.0448
013940 0.5778 0.3773 0.0000 0.0448
013960 0.5778 0.3773 0.0000 0.0448
013980 0.5778 0.3773 0.0000 0.0448
014000 0.5778 0.3773 0.0000 0.0448
014020 0.5778 0.3773 0.0000 0.0448
014040 0.5778 0.3773 0.0000 0.0448
014060 0.5778 0.3773 0.0000 0.0448
014080 0.5778 0.3773 0.0000 0.0448
014100 0.5778 0.3773 0.0000 0.0448
014120 0.5778 0.3773 0.0000 0.0448
014140 0.5778 0.3773 0.0000 0.0448
014160 0.5778 0.3773 0.0000 0.0448
014180 0.5778 0.3773 0.0000 0.0448
014200 0.5778 0.3773 0.0000 0.0448
014220 0.5778 0.3773 0.0000 0.0448
014240 0.5778 0.3773 0.0000 0.0448
014260 0.5778 0.3773 0.0000 0.0448
014280 0.5778 0.3773 0.0000 0.0448
014300 0.5778 0.3773 0.0000 0.0448
014320 0.5778 0.3773 0.0000 0.0448
014340 0.5778 0.3773 0.0000 0.0448
014360 0.5778 0.3773 0.0000 0.0448
014380 0.5778 0.3773 0.0000 0.0448
014400 0.5778 0.3773 0.0000 0.0448
014420 0.5778 0.3773 0.0000 0.0448
014440 0.5778 0.3773 0.0000 0.0448
014460 0.5778 0.3773 0.0000 0.0448
014480 0.5778 0.3773 0.0000 0.0448
014500 0.5778 0.3773 0.0000 0.0448
014520 0.5778 0.3773 0.0000 0.0448
014540 0.5778 0.3773 0.0000 0.0448
014560 0.5778 0.3773 0.0000 0.0448
014580 0.5778 0.3773 0.0000 0.0448
014600 0.5778 0.3773 0.0000 0.0448
014620 0.5778 0.3773 0.0000 0.0448
014640 0.5778 0.3773 0.0000 0.0448
014660 0.5778 0.3773 0.0000 0.0448
014680 0.5778 0.3773 0.0000 0.0448
014700 0.5778 0.3773 0.0000 0.0448
014720 0.5778 0.3773 0.0000 0.0448
014740 0.5778 0.3773 0.0000 0.0448
014760 0.5778 0.3773 0.0000 0.0448
014780 0.5778 0.3773 0.0000 0.0448
014800 0.5778 0.3773 0.0000 0.0448
014820 0.5778 0.3773 0.0000 0.0448
014840 0.5778 0.3773 0.0000 0.0448
014860 0.5778 0.3773 0.0000 0.0448
014880 0.5778 0.3773 0.0000 0.0448
014900 0.5778 0.3773 0.0000 0.0448
014920 0.5778 0.3773 0.0000 0.0448
014940 0.5778 0.3773 0.0000 0.0448
014960 0.5778 0.3773 0.0000 0.0448
014980 0.5778 0.3773 0.0000 0.0448
015000 0.5778 0.3773 0.0000 0.0448
015020 0.5778 0.3773 0.0000 0.0448
015040 0.5778 0.3773 0.0000 0.0448
015060 0.5778 0.3773 0.0000 0.0448
015080 0.5778 0.3773 0.0000 0.0448
015100 0.5778 0.3773 0.0000 0.0448
015120 0.5778 0.3773 0.0000 0.0448
015140 0.5778 0.3773 0.0000 0.0448
015160 0.5778 0.3773 0.0000 0.0448
015180 0.5778 0.3773 0.0000 0.0448
015200 0.5778 0.3773 0.0000 0.0448
015220 0.5778 0.3773 0.0000 0.0448
015240 0.5778 0.3773 0.0000 0.0448
015260 0.5778 0.3773 0.0000 0.0448
015280 0.5778 0.3773 0.0000 0.0448
015300 0.5778 0.3773 0.0000 0.0448
015320 0.5778 0.3773 0.0000 0.0448
015340 0.5778 0.3773 0.0000 0.0448
015360 0.5778 0.3773 0.0000 0.0448
015380 0.5778 0.3773 0.0000 0.0448
015400 0.5778 0.3773 0.0000 0.0448
015420 0.5778 0.3773 0.0000 0.0448
015440 0.5778 0.3773 0.0000 0.0448
015460 0.5778 0.3773 0.0000 0.0448
015480 0.5778 0.3773 0.0000 0.0448
015500 0.5778 0.3773 0.0000 0.0448
015520 0.5778 0.3773 0.0000 0.0448
015540 0.5778 0.3773 0.0000 0.0448
015560 0.5778 0.3773 0.0000 0.0448
015580 0.5778 0.3773 0.0000 0.0448
015600 0.5778 0.3773 0.0000 0.0448
015620 0.5778 0.3773 0.0000 0.0448
015640 0.5778 0.3773 0.0000 0.0448
015660 0.5778 0.3773 0.0000 0.0448
015680 0.5778 0.3773 0.0000 0.0448
015700 0.5778 0.3773 0.0000 0.0448
015720 0.5778 0.3773 0.0000 0.0448
015740 0.5778 0.3773 0.0000 0.0448
015760 0.5778 0.3773 0.0000 0.0448
015780 0.5778 0.3773 0.0000 0.0448
015800 0.5778 0.3773 0.0000 0.0448
015820 0.5778 0.3773 0.0000 0.0448
015840 0.5778 0.3773 0.0000 0.0448
015860 0.5778 0.3773 0.0000 0.0448
015880 0.5778 0.3773 0.0000 0.0448
015900 0.5778 0.3773 0.0000 0.0448
015920 0.5778 0.3773 0.0000 0.0448
015940 0.5778 0.3773 0.0000 0.0448
015960 0.5778 0.3773 0.0000 0.0448
015980 0.5778 0.3773 0.0000 0.0448
016000 0.5778 0.3773 0.0000 0.0448
016020 0.5778 0.3773 0.0000 0.0448
016040 0.5778 0.3773 0.0000 0.0448
016060 0.5778 0.3773 0.0000 0.0448
016080 0.5778 0.3773 0.0000 0.0448
016100 0.5778 0.3773 0.0000 0.0448
016120 0.5778 0.3773 0.0000 0.0448
016140 0.5778 0.3773 0.0000 0.0448
016160 0.5778 0.3773 0.0000 0.0448
016180 0.5778 0.3773 0.0000 0.0448
016200 0.5778 0.3773 0.0000 0.0448
016220 0.5778 0.3773 0.0000 0.0448
016240 0.5778 0.3773 0.0000 0.0448
016260 0.5778 0.3773 0.0000 0.0448
016280 0.5778 0.3773 0.0000 0.0448
016300 0.5778 0.3773 0.0000 0.0448
016320 0.5778 0.3773 0.0000 0.0448
016340 0.5778 0.3773 0.0000 0.0448
016360 0.5778 0.3773 0.0000 0.0448
016380 0.5778 0.3773 0.0000 0.0448
016400 0.5778 0.3773 0.0000 0.0448
016420 0.5778 0.3773 0.0000 0.0448
016440 0.5778 0.3773 0.0000 0.0448
016460 0.5778 0.3773 0.0000 0.0448
016480 0.5778 0.3773 0.0000 0.0448
016500 0.5778 0.3773 0.0000 0.0448
016520 0.5778 0.3773 0.0000 0.0448
016540 0.5778 0.3773 0.0000 0.0448
016560 0.5778 0.3773 0.0000 0.0448
016580 0.5778 0.3773 0.0000 0.0448
016600 0.5778 0.3773 0.0000 0.0448
016620 0.5778 0.3773 0.0000 0.0448
016640 0.5778 0.3773 0.0000 0.0448
016660 0.5778 0.3773 0.0000 0.0448
016680 0.5778 0.3773 0.0000 0.0448
016700 0.5778 0.3773 0.0000 0.0448
016720 0.5778 0.3773 0.0000 0.0448
016740 0.5778 0.3773 0.0000 0.0448
016760 0.5778 0.3773 0.0000 0.0448
016780 0.5778 0.3773 0.0000 0.0448
016800 0.5778 0.3773 0.0000 0.0448
016820 0.5778 0.3773 0.0000 0.0448
016840 0.5778 0.3773 0.0000 0.0448
016860 0.5778 0.3773 0.0000 0.0448
016880 0.5778 0.3773 0.0000 0.0448
016900 0.5778 0.3773 0.0000 0.0448
016920 0.5778 0.3773 0.0000 0.0448
016940 0.5778 0.3773 0.0000 0.0448
016960 0.5778 0.3773 0.0000 0.0448
016980 0.5778 0.3773 0.0000 0.0448
017000 0.5778 0.3773 0.0000 0.0448
017020 0.5778 0.3773 0.0000 0.0448
017040 0.5778 0.3773 0.0000 0.0448
017060 0.5778 0.3773 0.0000 0.0448
017080 0.5778 0.3773 0.0000 0.0448
017100 0.5778 0.3773 0.0000 0.0448
017120 0.5778 0.3773 0.0000 0.0448
017140 0.5778 0.3773 0.0000 0.0448
017160 0.5778 0.3773 0.0000 0.0448
017180 0.5778 0.3773 0.0000 0.0448
017200 0.5778 0.3773 0.0000 0.0448
017220 0.5778 0.3773 0.0000 0.0448
017240 0.5778 0.3773 0.0000 0.0448
017260 0.5778 0.3773 0.0000 0.0448
017280 0.5778 0.3773 0.0000 0.0448
017300 0.5778 0.3773 0.0000 0.0448
017320 0.5778 0.3773 0.0000 0.0448
017340 0.5778 0.3773 0.0000 0.0448
017360 0.5778 0.3773 0.0000 0.0448
017380 0.5778 0.3773 0.0000 0.0448
017400 0.5778 0.3773 0.0000 0.0448
017420 0.5778 0.3773 0.0000 0.0448
017440 0.5778 0.3773 0.0000 0.0448
017460 0.5778 0.3773 0.0000 0.0448
017480 0.5778 0.3773 0.0000 0.0448
017500 0.5778 0.3773 0.0000 0.0448
017520 0.5778 0.3773 0.0000 0.0448
017540 0.5778 0.3773 0.0000 0.0448
017560 0.5778 0.3773 0.0000 0.0448
017580 0.5778 0.3773 0.0000 0.0448
017600 0.5778 0.3773 0.0000 0.0448
017620 0.5778 0.3773 0.0000 0.0448
017640 0.5778 0.3773 0.0000 0.0448
017660 0.5778 0.3773 0.0000 0.0448
017680 0.5778 0.3773 0.0000 0.0448
017700 0.5778 0.3773 0.0000 0.0448
017720 0.5778 0.3773 0.0000 0.0448
017740 0.5778 0.3773 0.0000 0.0448
017760 0.5778 0.3773 0.0000 0.0448
017780 0.5778 0.3773 0.0000 0.0448
017800 0.5778 0.3773 0.0000 0.0448
017820 0.5778 0.3773 0.0000 0.0448
017840 0.5778 0.3773 0.0000 0.0448
017860 0.5778 0.3773 0.0000 0.0448
017880 0.5778 0.3773 0.0000 0.0448
017900 0.5778 0.3773 0.0000 0.0448
017920 0.5778 0.3773 0.0000 0.0448
017940 0.5778 0.3773 0.0000 0.0448
017960 0.5778 0.3773 0.0000 0.0448
017980 0.5778 0.3773 0.0000 0.0448
018000 0.5778 0.3773 0.0000 0.0448
018020 0.5778 0.3773 0.0000 0.0448
018040 0.5778 0.3773 0.0000 0.0448
018060 0.5778 0.3773 0.0000 0.0448
018080 0.5778 0.3773 0.0000 0.0448
018100 0.5778 0.3773 0.0000 0.0448
018120 0.5778 0.3773 0.0000 0.0448
018140 0.5778 0.3773 0.0000 0.0448
018160 0.5778 0.3773 0.0000 0.0448
018180 0.5778 0.3773 0.0000 0.0448
018200 0.5778 0.3773 0.0000 0.0448
018220 0.5778 0.3773 0.0000 0.0448
018240 0.5778 0.3773 0.0000 0.0448
018260 0.5778 0.3773 0.0000 0.0448
018280 0.5778 0.3773 0.0000 0.0448
018300 0.5778 0.3773 0.0000 0.0448
018320 0.5778 0.3773 0.0000 0.0448
018340 0.5778 0.3773 0.0000 0.0448
018360 0.5778 0.3773 0.0000 0.0448
018380 0.5778 0.3773 0.0000 0.0448
018400 0.5778 0.3773 0.0000 0.0448
018420 0.5778 0.3773 0.0000 0.0448
018440 0.5778 0.3773 0.0000 0.0448
018460 0.5778 0.3773 0.0000 0.0448
018480 0.5778 0.3773 0.0000 0.0448
018500 0.5778 0.3773 0.0000 0.0448
018520 0.5778 0.3773 0.0000 0.0448
018540 0.5778 0.3773 0.0000 0.0448
018560 0.5778 0.3773 0.0000 0.0448
018580 0.5778 0.3773 0.0000 0.0448
018600 0.5778 0.3773 0.0000 0.0448
018620 0.5778 0.3773 0.0000 0.0448
018640 0.5778 0.3773 0.0000 0.0448
018660 0.5778 0.3773 0.0000 0.0448
018680 0.5778 0.3773 0.0000 0.0448
018700 0.5778 0.3773 0.0000 0.0448
018720 0.5778 0.3773 0.0000 0.0448
018740 0.5778 0.3773 0.0000 0.0448
018760 0.5778 0.3773 0.0000 0.0448
018780 0.5778 0.3773 0.0000 0.0448
018800 0.5778 0.3773 0.0000 0.0448
018820 0.5778 0.3773 0.0000 0.0448
018840 0.5778 0.3773 0.0000 0.0448
018860 0.5778 0.3773 0.0000 0.0448
018880 0.5778 0.3773 0.0000 0.0448
018900 0.5778 0.3773 0.0000 0.0448
018920 0.5778 0.3773 0.0000 0.0448
018940 0.5778 0.3773 0.0000 0.0448
018960 0.5778 0.3773 0.0000 0.0448
018980 0.5778 0.3773 0.0000 0.0448
019000 0.5778 0.3773 0.0000 0.0448
019020 0.5778 0.3773 0.0000 0.0448
019040 0.5778 0.3773 0.0000 0.0448
019060 0.5778 0.3773 0.0000 0.0448
019080 0.5778 0.3773 0.0000 0.0448
019100 0.5778 0.3773 0.0000 0.0448
019120 0.5778 0.3773 0.0000 0.0448
019140 0.5778 0.3773 0.0000 0.0448
019160 0.5778 0.3773 0.0000 0.0448
019180 0.5778 0.3773 0.0000 0.0448
019200 0.5778 0.3773 0.0000 0.0448
019220 0.5778 0.3773 0.0000 0.0448
019240 0.5778 0.3773 0.0000 0.0448
019260 0.5778 0.3773 0.0000 0.0448
019280 0.5778 0.3773 0.0000 0.0448
019300 0.5778 0.3773 0.0000 0.0448
019320 0.5778 0.3773 0.0000 0.0448
019340 0.5778 0.3773 0.0000 0.0448
019360 0.5778 0.3773 0.0000 0.0448
019380 0.5778 0.3773 0.0000 0.0448
019400 0.5778 0.3773 0.0000 0.0448
019420 0.5778 0.3773 0.0000 0.0448
019440 0.5778 0.3773 0.0000 0.0448
019460 0.5778 0.3773 0.0000 0.0448
019480 0.5778 0.3773 0.0000 0.0448
019500 0.5778 0.3773 0.0000 0.0448
019520 0.5778 0.3773 0.0000 0.0448
019540 0.5778 0.3773 0.0000 0.0448
019560 0.5778 0.3773 0.0000 0.0448
019580 0.5778 0.3773 0.0000 0.0448
019600 0.5778 0.3773 0.0000 0.0448
019620 0.5778 0.3773 0.0000 0.0448
019640 0.5778 0.3773 0.0000 0.0448
019660 0.5778 0.3773 0.0000 0.0448
019680 0.5778 0.3773 0.0000 0.0448
019700 0.5778 0.3773 0.0000 0.0448
019720 0.5778 0.3773 0.0000 0.0448
019740 0.5778 0.3773 0.0000 0.0448
019760 0.5778 0.3773 0.0000 0.0448
019780 0.5778 0.3773 0.0000 0.0448
019800 0.5778 0.3773 0.0000 0.0448
019820 0.5778 0.3773 0.0000 0.0448
019840 0.5778 0.3773 0.0000 0.0448
019860 0.5778 0.3773 0.0000 0.0448
019880 0.5778 0.3773 0.0000 0.0448
019900 0.5778 0.3773 0.0000 0.0448
019920 0.5778 0.3773 0.0000 0.0448
019940 0.5778 0.3773 0.0000 0.0448
019960 0.5778 0.3773 0.0000 0.0448
019980 0.5778 0.3773 0.0000 0.0448
020000 0.5778 0.3773 0.0000 0.0448
