000000 0.2500 0.2500 0.2500 0.2500
000020 0.2595 0.2595 0.2299 0.2511
000040 0.2703 0.2696 0.2083 0.2518
000060 0.2810 0.2806 0.1869 0.2515
000080 0.2906 0.2917 0.1675 0.2502
000100 0.2992 0.3036 0.1484 0.2487
000120 0.3067 0.3167 0.1307 0.2459
000140 0.3127 0.3304 0.1138 0.2431
000160 0.3173 0.3452 0.0984 0.2391
000180 0.3204 0.3614 0.0839 0.2343
000200 0.3222 0.3789 0.0705 0.2284
000220 0.3232 0.3965 0.0583 0.2220
000240 0.3222 0.4157 0.0472 0.2149
000260 0.3201 0.4368 0.0371 0.2060
000280 0.3177 0.4571 0.0284 0.1968
000300 0.3132 0.4795 0.0211 0.1863
000320 0.3077 0.5013 0.0149 0.1761
000340 0.3000 0.5257 0.0096 0.1648
000360 0.2937 0.5490 0.0051 0.1522
000380 0.2849 0.5740 0.0022 0.1388
000400 0.2751 0.6002 0.0004 0.1244
000420 0.2641 0.6265 0.0000 0.1094
000440 0.2550 0.6535 0.0000 0.0915
000460 0.2461 0.6811 0.0000 0.0729
000480 0.2387 0.7010 0.0000 0.0603
000500 0.2349 0.7168 0.0000 0.0484
000520 0.2353 0.7267 0.0000 0.0380
000540 0.2365 0.7329 0.0000 0.0306
000560 0.2395 0.7350 0.0000 0.0255
000580 0.2432 0.7357 0.0000 0.0210
000600 0.2453 0.7362 0.0000 0.0185
000620 0.2472 0.7380 0.0000 0.0148
000640 0.2542 0.7348 0.0000 0.0109
000660 0.2624 0.7287 0.0000 0.0089
000680 0.2735 0.7192 0.0000 0.0073
000700 0.2875 0.7056 0.0000 0.0069
000720 0.3028 0.6916 0.0000 0.0056
000740 0.3195 0.6752 0.0000 0.0053
000760 0.3333 0.6606 0.0000 0.0061
000780 0.3485 0.6454 0.0000 0.0061
000800 0.3606 0.6325 0.0000 0.0069
000820 0.3668 0.6259 0.0000 0.0073
000840 0.3735 0.6180 0.0000 0.0086
000860 0.3765 0.6135 0.0000 0.0100
000880 0.3798 0.6100 0.0000 0.0102
000900 0.3805 0.6076 0.0000 0.0119
000920 0.3783 0.6089 0.0000 0.0128
000940 0.3757 0.6109 0.0000 0.0134
000960 0.3741 0.6114 0.0000 0.0144
000980 0.3717 0.6118 0.0000 0.0165
001000 0.3677 0.6142 0.0000 0.0181
001020 0.3639 0.6183 0.0000 0.0178
001040 0.3622 0.6210 0.0000 0.0168
001060 0.3626 0.6218 0.0000 0.0156
001080 0.3644 0.6191 0.0000 0.0164
001100 0.3676 0.6152 0.0000 0.0172
001120 0.3728 0.6115 0.0000 0.0157
001140 0.3814 0.6035 0.0000 0.0152
001160 0.3908 0.5933 0.0000 0.0158
001180 0.4028 0.5815 0.0000 0.0157
001200 0.4096 0.5742 0.0000 0.0161
001220 0.4184 0.5665 0.0000 0.0151
001240 0.4291 0.5559 0.0000 0.0150
001260 0.4412 0.5444 0.0000 0.0144
001280 0.4514 0.5338 0.0000 0.0148
001300 0.4611 0.5227 0.0000 0.0163
001320 0.4669 0.5174 0.0000 0.0157
001340 0.4733 0.5108 0.0000 0.0159
001360 0.4781 0.5046 0.0000 0.0173
001380 0.4785 0.5013 0.0000 0.0203
001400 0.4741 0.5033 0.0000 0.0226
001420 0.4696 0.5087 0.0000 0.0217
001440 0.4725 0.5083 0.0000 0.0193
001460 0.4795 0.5015 0.0000 0.0190
001480 0.4845 0.4946 0.0000 0.0210
001500 0.4887 0.4880 0.0000 0.0234
001520 0.4889 0.4862 0.0000 0.0249
001540 0.4943 0.4827 0.0000 0.0230
001560 0.4993 0.4791 0.0000 0.0216
001580 0.5095 0.4709 0.0000 0.0196
001600 0.5211 0.4601 0.0000 0.0188
001620 0.5379 0.4431 0.0000 0.0190
001640 0.5518 0.4286 0.0000 0.0196
001660 0.5635 0.4160 0.0000 0.0205
001680 0.5750 0.4039 0.0000 0.0211
001700 0.5804 0.3979 0.0000 0.0218
001720 0.5857 0.3910 0.0000 0.0233
001740 0.5861 0.3895 0.0000 0.0244
001760 0.5905 0.3870 0.0000 0.0225
001780 0.6006 0.3765 0.0000 0.0229
001800 0.6047 0.3711 0.0000 0.0242
001820 0.6049 0.3694 0.0000 0.0257
001840 0.6050 0.3685 0.0000 0.0265
001860 0.6022 0.3715 0.0000 0.0263
001880 0.5994 0.3721 0.0000 0.0285
001900 0.5944 0.3761 0.0000 0.0295
001920 0.5939 0.3774 0.0000 0.0287
001940 0.5865 0.3839 0.0000 0.0296
001960 0.5867 0.3869 0.0000 0.0263
001980 0.5972 0.3786 0.0000 0.0242
002000 0.6057 0.3690 0.0000 0.0254
002020 0.6093 0.3639 0.0000 0.0268
002040 0.6111 0.3604 0.0000 0.0285
002060 0.6074 0.3634 0.0000 0.0292
002080 0.6039 0.3664 0.0000 0.0297
002100 0.6006 0.3700 0.0000 0.0294
002120 0.5981 0.3729 0.0000 0.0290
002140 0.5982 0.3747 0.0000 0.0271
002160 0.6043 0.3686 0.0000 0.0271
002180 0.6158 0.3612 0.0000 0.0230
002200 0.6289 0.3473 0.0000 0.0238
002220 0.6377 0.3372 0.0000 0.0251
002240 0.6443 0.3303 0.0000 0.0254
002260 0.6476 0.3269 0.0000 0.0255
002280 0.6493 0.3256 0.0000 0.0252
002300 0.6497 0.3239 0.0000 0.0265
002320 0.6468 0.3254 0.0000 0.0277
002340 0.6446 0.3266 0.0000 0.0288
002360 0.6372 0.3334 0.0000 0.0294
002380 0.6278 0.3405 0.0000 0.0317
002400 0.6205 0.3478 0.0000 0.0317
002420 0.6133 0.3564 0.0000 0.0303
002440 0.6099 0.3608 0.0000 0.0293
002460 0.6088 0.3629 0.0000 0.0283
002480 0.6137 0.3599 0.0000 0.0264
002500 0.6202 0.3544 0.0000 0.0254
002520 0.6264 0.3479 0.0000 0.0257
002540 0.6288 0.3450 0.0000 0.0261
002560 0.6326 0.3395 0.0000 0.0279
002580 0.6357 0.3380 0.0000 0.0263
002600 0.6384 0.3341 0.0000 0.0275
002620 0.6394 0.3339 0.0000 0.0267
002640 0.6414 0.3323 0.0000 0.0263
002660 0.6379 0.3330 0.0000 0.0291
002680 0.6297 0.3389 0.0000 0.0315
002700 0.6186 0.3491 0.0000 0.0323
002720 0.6089 0.3605 0.0000 0.0306
002740 0.6058 0.3660 0.0000 0.0282
002760 0.6042 0.3656 0.0000 0.0301
002780 0.6068 0.3641 0.0000 0.0291
002800 0.6108 0.3616 0.0000 0.0276
002820 0.6172 0.3568 0.0000 0.0260
002840 0.6245 0.3493 0.0000 0.0263
002860 0.6281 0.3441 0.0000 0.0278
002880 0.6325 0.3404 0.0000 0.0270
002900 0.6380 0.3364 0.0000 0.0256
002920 0.6417 0.3324 0.0000 0.0259
002940 0.6408 0.3312 0.0000 0.0280
002960 0.6391 0.3334 0.0000 0.0275
002980 0.6363 0.3362 0.0000 0.0276
003000 0.6349 0.3378 0.0000 0.0273
003020 0.6310 0.3403 0.0000 0.0287
003040 0.6274 0.3432 0.0000 0.0294
003060 0.6208 0.3482 0.0000 0.0311
003080 0.6152 0.3545 0.0000 0.0302
003100 0.6146 0.3561 0.0000 0.0293
003120 0.6156 0.3571 0.0000 0.0273
003140 0.6209 0.3515 0.0000 0.0276
003160 0.6220 0.3494 0.0000 0.0286
003180 0.6238 0.3461 0.0000 0.0301
003200 0.6226 0.3478 0.0000 0.0297
003220 0.6244 0.3472 0.0000 0.0284
003240 0.6217 0.3501 0.0000 0.0281
003260 0.6186 0.3543 0.0000 0.0271
003280 0.6172 0.3558 0.0000 0.0270
003300 0.6186 0.3543 0.0000 0.0272
003320 0.6228 0.3502 0.0000 0.0270
003340 0.6255 0.3482 0.0000 0.0263
003360 0.6328 0.3431 0.0000 0.0241
003380 0.6378 0.3380 0.0000 0.0242
003400 0.6450 0.3301 0.0000 0.0249
003420 0.6488 0.3256 0.0000 0.0256
003440 0.6508 0.3220 0.0000 0.0272
003460 0.6461 0.3244 0.0000 0.0296
003480 0.6394 0.3306 0.0000 0.0300
003500 0.6319 0.3372 0.0000 0.0309
003520 0.6210 0.3479 0.0000 0.0311
003540 0.6120 0.3575 0.0000 0.0304
003560 0.6114 0.3606 0.0000 0.0279
003580 0.6124 0.3590 0.0000 0.0285
003600 0.6124 0.3589 0.0000 0.0288
003620 0.6136 0.3581 0.0000 0.0283
003640 0.6159 0.3560 0.0000 0.0281
003660 0.6189 0.3532 0.0000 0.0278
003680 0.6178 0.3543 0.0000 0.0279
003700 0.6218 0.3509 0.0000 0.0273
003720 0.6259 0.3464 0.0000 0.0277
003740 0.6278 0.3444 0.0000 0.0278
003760 0.6287 0.3444 0.0000 0.0269
003780 0.6275 0.3456 0.0000 0.0269
003800 0.6304 0.3429 0.0000 0.0267
003820 0.6345 0.3400 0.0000 0.0256
003840 0.6376 0.3361 0.0000 0.0264
003860 0.6381 0.3341 0.0000 0.0279
003880 0.6368 0.3340 0.0000 0.0292
003900 0.6340 0.3368 0.0000 0.0292
003920 0.6322 0.3402 0.0000 0.0276
003940 0.6294 0.3434 0.0000 0.0272
003960 0.6247 0.3469 0.0000 0.0285
003980 0.6242 0.3484 0.0000 0.0274
004000 0.6272 0.3461 0.0000 0.0267
004020 0.6281 0.3443 0.0000 0.0276
004040 0.6298 0.3426 0.0000 0.0277
004060 0.6306 0.3434 0.0000 0.0260
004080 0.6348 0.3413 0.0000 0.0239
004100 0.6423 0.3334 0.0000 0.0243
004120 0.6456 0.3291 0.0000 0.0253
004140 0.6529 0.3217 0.0000 0.0254
004160 0.6537 0.3181 0.0000 0.0282
004180 0.6488 0.3219 0.0000 0.0293
004200 0.6426 0.3293 0.0000 0.0281
004220 0.6374 0.3337 0.0000 0.0289
004240 0.6317 0.3395 0.0000 0.0288
004260 0.6243 0.3477 0.0000 0.0280
004280 0.6210 0.3493 0.0000 0.0297
004300 0.6163 0.3523 0.0000 0.0314
004320 0.6127 0.3561 0.0000 0.0312
004340 0.6099 0.3593 0.0000 0.0308
004360 0.6062 0.3634 0.0000 0.0305
004380 0.6038 0.3676 0.0000 0.0285
004400 0.6085 0.3658 0.0000 0.0257
004420 0.6171 0.3573 0.0000 0.0257
004440 0.6265 0.3483 0.0000 0.0253
004460 0.6328 0.3412 0.0000 0.0260
004480 0.6387 0.3360 0.0000 0.0253
004500 0.6405 0.3321 0.0000 0.0274
004520 0.6368 0.3335 0.0000 0.0297
004540 0.6288 0.3396 0.0000 0.0315
004560 0.6194 0.3498 0.0000 0.0308
004580 0.6150 0.3571 0.0000 0.0279
004600 0.6157 0.3577 0.0000 0.0265
004620 0.6170 0.3557 0.0000 0.0272
004640 0.6196 0.3525 0.0000 0.0280
004660 0.6192 0.3512 0.0000 0.0296
004680 0.6192 0.3516 0.0000 0.0292
004700 0.6195 0.3524 0.0000 0.0281
004720 0.6251 0.3496 0.0000 0.0253
004740 0.6332 0.3418 0.0000 0.0250
004760 0.6389 0.3351 0.0000 0.0259
004780 0.6420 0.3329 0.0000 0.0251
004800 0.6467 0.3287 0.0000 0.0246
004820 0.6507 0.3232 0.0000 0.0261
004840 0.6519 0.3218 0.0000 0.0263
004860 0.6486 0.3234 0.0000 0.0279
004880 0.6442 0.3261 0.0000 0.0297
004900 0.6374 0.3342 0.0000 0.0284
004920 0.6364 0.3364 0.0000 0.0272
004940 0.6332 0.3396 0.0000 0.0272
004960 0.6324 0.3401 0.0000 0.0275
004980 0.6276 0.3423 0.0000 0.0301
005000 0.6209 0.3475 0.0000 0.0316
005020 0.6098 0.3574 0.0000 0.0327
005040 0.6045 0.3651 0.0000 0.0304
005060 0.6062 0.3658 0.0000 0.0280
005080 0.6147 0.3603 0.0000 0.0251
005100 0.6240 0.3504 0.0000 0.0256
005120 0.6299 0.3445 0.0000 0.0256
005140 0.6351 0.3395 0.0000 0.0254
005160 0.6388 0.3355 0.0000 0.0257
005180 0.6412 0.3319 0.0000 0.0269
005200 0.6422 0.3314 0.0000 0.0264
005220 0.6424 0.3315 0.0000 0.0262
005240 0.6462 0.3290 0.0000 0.0249
005260 0.6453 0.3292 0.0000 0.0254
005280 0.6427 0.3302 0.0000 0.0272
005300 0.6383 0.3337 0.0000 0.0280
005320 0.6363 0.3352 0.0000 0.0285
005340 0.6314 0.3381 0.0000 0.0305
005360 0.6258 0.3448 0.0000 0.0293
005380 0.6199 0.3517 0.0000 0.0284
005400 0.6191 0.3520 0.0000 0.0289
005420 0.6151 0.3551 0.0000 0.0297
005440 0.6123 0.3586 0.0000 0.0292
005460 0.6182 0.3558 0.0000 0.0260
005480 0.6269 0.3477 0.0000 0.0254
005500 0.6305 0.3425 0.0000 0.0270
005520 0.6341 0.3394 0.0000 0.0265
005540 0.6377 0.3362 0.0000 0.0261
005560 0.6372 0.3365 0.0000 0.0263
005580 0.6421 0.3331 0.0000 0.0248
005600 0.6447 0.3307 0.0000 0.0246
005620 0.6450 0.3279 0.0000 0.0271
005640 0.6384 0.3303 0.0000 0.0313
005660 0.6303 0.3378 0.0000 0.0319
005680 0.6203 0.3478 0.0000 0.0319
005700 0.6101 0.3582 0.0000 0.0317
005720 0.6088 0.3622 0.0000 0.0290
005740 0.6124 0.3615 0.0000 0.0262
005760 0.6171 0.3568 0.0000 0.0262
005780 0.6276 0.3487 0.0000 0.0237
005800 0.6411 0.3356 0.0000 0.0233
005820 0.6540 0.3232 0.0000 0.0228
005840 0.6626 0.3143 0.0000 0.0231
005860 0.6680 0.3083 0.0000 0.0237
005880 0.6728 0.3018 0.0000 0.0255
005900 0.6665 0.3040 0.0000 0.0295
005920 0.6505 0.3168 0.0000 0.0327
005940 0.6300 0.3364 0.0000 0.0336
005960 0.6109 0.3543 0.0000 0.0348
005980 0.5951 0.3714 0.0000 0.0335
006000 0.5877 0.3801 0.0000 0.0321
006020 0.5889 0.3819 0.0000 0.0291
006040 0.5918 0.3799 0.0000 0.0283
006060 0.5986 0.3757 0.0000 0.0257
006080 0.6054 0.3686 0.0000 0.0260
006100 0.6122 0.3626 0.0000 0.0252
006120 0.6199 0.3543 0.0000 0.0258
006140 0.6235 0.3499 0.0000 0.0267
006160 0.6279 0.3462 0.0000 0.0259
006180 0.6346 0.3402 0.0000 0.0252
006200 0.6408 0.3348 0.0000 0.0244
006220 0.6458 0.3275 0.0000 0.0266
006240 0.6427 0.3292 0.0000 0.0281
006260 0.6337 0.3366 0.0000 0.0296
006280 0.6248 0.3438 0.0000 0.0314
006300 0.6171 0.3535 0.0000 0.0294
006320 0.6147 0.3566 0.0000 0.0286
006340 0.6136 0.3556 0.0000 0.0308
006360 0.6107 0.3597 0.0000 0.0296
006380 0.6134 0.3595 0.0000 0.0270
006400 0.6185 0.3555 0.0000 0.0260
006420 0.6234 0.3508 0.0000 0.0258
006440 0.6289 0.3450 0.0000 0.0261
006460 0.6329 0.3399 0.0000 0.0272
006480 0.6331 0.3395 0.0000 0.0274
006500 0.6350 0.3404 0.0000 0.0246
006520 0.6421 0.3327 0.0000 0.0252
006540 0.6436 0.3305 0.0000 0.0259
006560 0.6427 0.3288 0.0000 0.0285
006580 0.6390 0.3310 0.0000 0.0300
006600 0.6346 0.3359 0.0000 0.0295
006620 0.6314 0.3396 0.0000 0.0289
006640 0.6282 0.3420 0.0000 0.0298
006660 0.6192 0.3489 0.0000 0.0318
006680 0.6140 0.3549 0.0000 0.0312
006700 0.6082 0.3626 0.0000 0.0292
006720 0.6050 0.3652 0.0000 0.0298
006740 0.6024 0.3677 0.0000 0.0299
006760 0.6057 0.3651 0.0000 0.0292
006780 0.6122 0.3613 0.0000 0.0265
006800 0.6209 0.3545 0.0000 0.0246
006820 0.6300 0.3448 0.0000 0.0251
006840 0.6382 0.3370 0.0000 0.0247
006860 0.6444 0.3288 0.0000 0.0268
006880 0.6419 0.3298 0.0000 0.0283
006900 0.6385 0.3325 0.0000 0.0290
006920 0.6328 0.3382 0.0000 0.0290
006940 0.6269 0.3445 0.0000 0.0286
006960 0.6216 0.3496 0.0000 0.0289
006980 0.6211 0.3514 0.0000 0.0275
007000 0.6247 0.3484 0.0000 0.0269
007020 0.6274 0.3454 0.0000 0.0272
007040 0.6273 0.3435 0.0000 0.0293
007060 0.6231 0.3472 0.0000 0.0297
007080 0.6175 0.3517 0.0000 0.0309
007100 0.6123 0.3563 0.0000 0.0314
007120 0.6043 0.3651 0.0000 0.0306
007140 0.6016 0.3692 0.0000 0.0292
007160 0.6045 0.3682 0.0000 0.0273
007180 0.6156 0.3607 0.0000 0.0238
007200 0.6320 0.3454 0.0000 0.0226
007220 0.6457 0.3297 0.0000 0.0246
007240 0.6525 0.3223 0.0000 0.0251
007260 0.6566 0.3185 0.0000 0.0250
007280 0.6556 0.3168 0.0000 0.0275
007300 0.6458 0.3252 0.0000 0.0289
007320 0.6366 0.3344 0.0000 0.0290
007340 0.6287 0.3415 0.0000 0.0299
007360 0.6198 0.3478 0.0000 0.0324
007380 0.6104 0.3578 0.0000 0.0318
007400 0.6052 0.3639 0.0000 0.0308
007420 0.5989 0.3716 0.0000 0.0295
007440 0.6018 0.3705 0.0000 0.0278
007460 0.6106 0.3648 0.0000 0.0246
007480 0.6225 0.3532 0.0000 0.0243
007500 0.6342 0.3420 0.0000 0.0238
007520 0.6437 0.3320 0.0000 0.0242
007540 0.6490 0.3255 0.0000 0.0255
007560 0.6529 0.3207 0.0000 0.0264
007580 0.6493 0.3219 0.0000 0.0288
007600 0.6427 0.3266 0.0000 0.0307
007620 0.6291 0.3387 0.0000 0.0322
007640 0.6192 0.3518 0.0000 0.0291
007660 0.6141 0.3570 0.0000 0.0289
007680 0.6116 0.3605 0.0000 0.0280
007700 0.6153 0.3577 0.0000 0.0270
007720 0.6167 0.3563 0.0000 0.0270
007740 0.6184 0.3543 0.0000 0.0273
007760 0.6225 0.3503 0.0000 0.0272
007780 0.6249 0.3482 0.0000 0.0269
007800 0.6299 0.3438 0.0000 0.0263
007820 0.6318 0.3400 0.0000 0.0282
007840 0.6304 0.3416 0.0000 0.0280
007860 0.6272 0.3439 0.0000 0.0289
007880 0.6260 0.3468 0.0000 0.0272
007900 0.6279 0.3453 0.0000 0.0268
007920 0.6295 0.3431 0.0000 0.0274
007940 0.6297 0.3406 0.0000 0.0297
007960 0.6305 0.3421 0.0000 0.0274
007980 0.6320 0.3408 0.0000 0.0273
008000 0.6321 0.3410 0.0000 0.0270
008020 0.6318 0.3398 0.0000 0.0284
008040 0.6252 0.3454 0.0000 0.0293
008060 0.6193 0.3503 0.0000 0.0304
008080 0.6144 0.3545 0.0000 0.0310
008100 0.6079 0.3595 0.0000 0.0326
008120 0.6057 0.3633 0.0000 0.0310
008140 0.6052 0.3641 0.0000 0.0307
008160 0.6049 0.3664 0.0000 0.0288
008180 0.6108 0.3631 0.0000 0.0260
008200 0.6180 0.3569 0.0000 0.0251
008220 0.6242 0.3495 0.0000 0.0263
008240 0.6269 0.3469 0.0000 0.0263
008260 0.6296 0.3447 0.0000 0.0257
008280 0.6332 0.3393 0.0000 0.0275
008300 0.6335 0.3395 0.0000 0.0270
008320 0.6372 0.3366 0.0000 0.0262
008340 0.6398 0.3338 0.0000 0.0264
008360 0.6388 0.3338 0.0000 0.0274
008380 0.6399 0.3348 0.0000 0.0254
008400 0.6416 0.3337 0.0000 0.0247
008420 0.6434 0.3299 0.0000 0.0267
008440 0.6442 0.3296 0.0000 0.0262
008460 0.6411 0.3293 0.0000 0.0296
008480 0.6346 0.3351 0.0000 0.0303
008500 0.6228 0.3452 0.0000 0.0320
008520 0.6129 0.3570 0.0000 0.0302
008540 0.6094 0.3619 0.0000 0.0286
008560 0.6079 0.3634 0.0000 0.0287
008580 0.6109 0.3611 0.0000 0.0280
008600 0.6127 0.3570 0.0000 0.0302
008620 0.6132 0.3576 0.0000 0.0292
008640 0.6156 0.3567 0.0000 0.0277
008660 0.6185 0.3532 0.0000 0.0283
008680 0.6199 0.3526 0.0000 0.0275
008700 0.6248 0.3484 0.0000 0.0268
008720 0.6299 0.3440 0.0000 0.0262
008740 0.6361 0.3386 0.0000 0.0252
008760 0.6425 0.3320 0.0000 0.0255
008780 0.6435 0.3302 0.0000 0.0263
008800 0.6448 0.3276 0.0000 0.0276
008820 0.6395 0.3310 0.0000 0.0295
008840 0.6320 0.3368 0.0000 0.0312
008860 0.6205 0.3483 0.0000 0.0313
008880 0.6128 0.3559 0.0000 0.0312
008900 0.6083 0.3622 0.0000 0.0296
008920 0.6085 0.3638 0.0000 0.0277
008940 0.6090 0.3637 0.0000 0.0274
008960 0.6092 0.3633 0.0000 0.0275
008980 0.6152 0.3573 0.0000 0.0275
009000 0.6157 0.3537 0.0000 0.0307
009020 0.6152 0.3543 0.0000 0.0306
009040 0.6131 0.3568 0.0000 0.0301
009060 0.6143 0.3582 0.0000 0.0274
009080 0.6130 0.3583 0.0000 0.0286
009100 0.6102 0.3607 0.0000 0.0291
009120 0.6126 0.3605 0.0000 0.0269
009140 0.6191 0.3549 0.0000 0.0260
009160 0.6252 0.3480 0.0000 0.0268
009180 0.6300 0.3447 0.0000 0.0253
009200 0.6369 0.3371 0.0000 0.0260
009220 0.6382 0.3344 0.0000 0.0274
009240 0.6374 0.3338 0.0000 0.0288
009260 0.6336 0.3364 0.0000 0.0300
009280 0.6279 0.3429 0.0000 0.0292
009300 0.6215 0.3483 0.0000 0.0302
009320 0.6103 0.3586 0.0000 0.0312
009340 0.6015 0.3676 0.0000 0.0308
009360 0.5965 0.3722 0.0000 0.0313
009380 0.5974 0.3736 0.0000 0.0291
009400 0.6054 0.3685 0.0000 0.0261
009420 0.6134 0.3596 0.0000 0.0270
009440 0.6210 0.3533 0.0000 0.0257
009460 0.6294 0.3438 0.0000 0.0268
009480 0.6319 0.3401 0.0000 0.0280
009500 0.6324 0.3391 0.0000 0.0285
009520 0.6317 0.3411 0.0000 0.0273
009540 0.6331 0.3414 0.0000 0.0255
009560 0.6379 0.3368 0.0000 0.0253
009580 0.6409 0.3339 0.0000 0.0252
009600 0.6431 0.3293 0.0000 0.0276
009620 0.6404 0.3323 0.0000 0.0273
009640 0.6407 0.3318 0.0000 0.0274
009660 0.6411 0.3307 0.0000 0.0282
009680 0.6365 0.3340 0.0000 0.0295
009700 0.6292 0.3425 0.0000 0.0283
009720 0.6289 0.3425 0.0000 0.0286
009740 0.6248 0.3463 0.0000 0.0289
009760 0.6196 0.3489 0.0000 0.0315
009780 0.6172 0.3531 0.0000 0.0298
009800 0.6167 0.3546 0.0000 0.0287
009820 0.6187 0.3542 0.0000 0.0272
009840 0.6221 0.3511 0.0000 0.0267
009860 0.6263 0.3474 0.0000 0.0263
009880 0.6307 0.3426 0.0000 0.0268
009900 0.6325 0.3406 0.0000 0.0269
009920 0.6286 0.3422 0.0000 0.0292
009940 0.6251 0.3457 0.0000 0.0292
009960 0.6238 0.3469 0.0000 0.0293
009980 0.6230 0.3488 0.0000 0.0282
010000 0.6243 0.3490 0.0000 0.0267
010020 0.6277 0.3461 0.0000 0.0263
010040 0.6277 0.3461 0.0000 0.0263
010060 0.6277 0.3461 0.0000 0.0263
010080 0.6277 0.3461 0.0000 0.0263
010100 0.6277 0.3461 0.0000 0.0263
010120 0.6277 0.3461 0.0000 0.0263
010140 0.6277 0.3461 0.0000 0.0263
010160 0.6277 0.3461 0.0000 0.0263
010180 0.6277 0.3461 0.0000 0.0263
010200 0.6277 0.3461 0.0000 0.0263
010220 0.6277 0.3461 0.0000 0.0263
010240 0.6277 0.3461 0.0000 0.0263
010260 0.6277 0.3461 0.0000 0.0263
010280 0.6277 0.3461 0.0000 0.0263
010300 0.6277 0.3461 0.0000 0.0263
010320 0.6277 0.3461 0.0000 0.0263
010340 0.6277 0.3461 0.0000 0.0263
010360 0.6277 0.3461 0.0000 0.0263
010380 0.6277 0.3461 0.0000 0.0263
010400 0.6277 0.3461 0.0000 0.0263
010420 0.6277 0.3461 0.0000 0.0263
010440 0.6277 0.3461 0.0000 0.0263
010460 0.6277 0.3461 0.0000 0.0263
010480 0.6277 0.3461 0.0000 0.0263
010500 0.6277 0.3461 0.0000 0.0263
010520 0.6277 0.3461 0.0000 0.0263
010540 0.6277 0.3461 0.0000 0.0263
010560 0.6277 0.3461 0.0000 0.0263
010580 0.6277 0.3461 0.0000 0.0263
010600 0.6277 0.3461 0.0000 0.0263
010620 0.6277 0.3461 0.0000 0.0263
010640 0.6277 0.3461 0.0000 0.0263
010660 0.6277 0.3461 0.0000 0.0263
010680 0.6277 0.3461 0.0000 0.0263
010700 0.6277 0.3461 0.0000 0.0263
010720 0.6277 0.3461 0.0000 0.0263
010740 0.6277 0.3461 0.0000 0.0263
010760 0.6277 0.3461 0.0000 0.0263
010780 0.6277 0.3461 0.0000 0.0263
010800 0.6277 0.3461 0.0000 0.0263
010820 0.6277 0.3461 0.0000 0.0263
010840 0.6277 0.3461 0.0000 0.0263
010860 0.6277 0.3461 0.0000 0.0263
010880 0.6277 0.3461 0.0000 0.0263
010900 0.6277 0.3461 0.0000 0.0263
010920 0.6277 0.3461 0.0000 0.0263
010940 0.6277 0.3461 0.0000 0.0263
010960 0.6277 0.3461 0.0000 0.0263
010980 0.6277 0.3461 0.0000 0.0263
011000 0.6277 0.3461 0.0000 0.0263
011020 0.6277 0.3461 0.0000 0.0263
011040 0.6277 0.3461 0.0000 0.0263
011060 0.6277 0.3461 0.0000 0.0263
011080 0.6277 0.3461 0.0000 0.0263
011100 0.6277 0.3461 0.0000 0.0263
011120 0.6277 0.3461 0.0000 0.0263
011140 0.6277 0.3461 0.0000 0.0263
011160 0.6277 0.3461 0.0000 0.0263
011180 0.6277 0.3461 0.0000 0.0263
011200 0.6277 0.3461 0.0000 0.0263
011220 0.6277 0.3461 0.0000 0.0263
011240 0.6277 0.3461 0.0000 0.0263
011260 0.6277 0.3461 0.0000 0.0263
011280 0.6277 0.3461 0.0000 0.0263
011300 0.6277 0.3461 0.0000 0.0263
011320 0.6277 0.3461 0.0000 0.0263
011340 0.6277 0.3461 0.0000 0.0263
011360 0.6277 0.3461 0.0000 0.0263
011380 0.6277 0.3461 0.0000 0.0263
011400 0.6277 0.3461 0.0000 0.0263
011420 0.6277 0.3461 0.0000 0.0263
011440 0.6277 0.3461 0.0000 0.0263
011460 0.6277 0.3461 0.0000 0.0263
011480 0.6277 0.3461 0.0000 0.0263
011500 0.6277 0.3461 0.0000 0.0263
011520 0.6277 0.3461 0.0000 0.0263
011540 0.6277 0.3461 0.0000 0.0263
011560 0.6277 0.3461 0.0000 0.0263
011580 0.6277 0.3461 0.0000 0.0263
011600 0.6277 0.3461 0.0000 0.0263
011620 0.6277 0.3461 0.0000 0.0263
011640 0.6277 0.3461 0.0000 0.0263
011660 0.6277 0.3461 0.0000 0.0263
011680 0.6277 0.3461 0.0000 0.0263
011700 0.6277 0.3461 0.0000 0.0263
011720 0.6277 0.3461 0.0000 0.0263
011740 0.6277 0.3461 0.0000 0.0263
011760 0.6277 0.3461 0.0000 0.0263
011780 0.6277 0.3461 0.0000 0.0263
011800 0.6277 0.3461 0.0000 0.0263
011820 0.6277 0.3461 0.0000 0.0263
011840 0.6277 0.3461 0.0000 0.0263
011860 0.6277 0.3461 0.0000 0.0263
011880 0.6277 0.3461 0.0000 0.0263
011900 0.6277 0.3461 0.0000 0.0263
011920 0.6277 0.3461 0.0000 0.0263
011940 0.6277 0.3461 0.0000 0.0263
011960 0.6277 0.3461 0.0000 0.0263
011980 0.6277 0.3461 0.0000 0.0263
012000 0.6277 0.3461 0.0000 0.0263
012020 0.6277 0.3461 0.0000 0.0263
012040 0.6277 0.3461 0.0000 0.0263
012060 0.6277 0.3461 0.0000 0.0263
012080 0.6277 0.3461 0.0000 0.0263
012100 0.6277 0.3461 0.0000 0.0263
012120 0.6277 0.3461 0.0000 0.0263
012140 0.6277 0.3461 0.0000 0.0263
012160 0.6277 0.3461 0.0000 0.0263
012180 0.6277 0.3461 0.0000 0.0263
012200 0.6277 0.3461 0.0000 0.0263
012220 0.6277 0.3461 0.0000 0.0263
012240 0.6277 0.3461 0.0000 0.0263
012260 0.6277 0.3461 0.0000 0.0263
012280 0.6277 0.3461 0.0000 0.0263
012300 0.6277 0.3461 0.0000 0.0263
012320 0.6277 0.3461 0.0000 0.0263
012340 0.6277 0.3461 0.0000 0.0263
012360 0.6277 0.3461 0.0000 0.0263
012380 0.6277 0.3461 0.0000 0.0263
012400 0.6277 0.3461 0.0000 0.0263
012420 0.6277 0.3461 0.0000 0.0263
012440 0.6277 0.3461 0.0000 0.0263
012460 0.6277 0.3461 0.0000 0.0263
012480 0.6277 0.3461 0.0000 0.0263
012500 0.6277 0.3461 0.0000 0.0263
012520 0.6277 0.3461 0.0000 0.0263
012540 0.6277 0.3461 0.0000 0.0263
012560 0.6277 0.3461 0.0000 0.0263
012580 0.6277 0.3461 0.0000 0.0263
012600 0.6277 0.3461 0.0000 0.0263
012620 0.6277 0.3461 0.0000 0.0263
012640 0.6277 0.3461 0.0000 0.0263
012660 0.6277 0.3461 0.0000 0.0263
012680 0.6277 0.3461 0.0000 0.0263
012700 0.6277 0.3461 0.0000 0.0263
012720 0.6277 0.3461 0.0000 0.0263
012740 0.6277 0.3461 0.0000 0.0263
012760 0.6277 0.3461 0.0000 0.0263
012780 0.6277 0.3461 0.0000 0.0263
012800 0.6277 0.3461 0.0000 0.0263
012820 0.6277 0.3461 0.0000 0.0263
012840 0.6277 0.3461 0.0000 0.0263
012860 0.6277 0.3461 0.0000 0.0263
012880 0.6277 0.3461 0.0000 0.0263
012900 0.6277 0.3461 0.0000 0.0263
012920 0.6277 0.3461 0.0000 0.0263
012940 0.6277 0.3461 0.0000 0.0263
012960 0.6277 0.3461 0.0000 0.0263
012980 0.6277 0.3461 0.0000 0.0263
013000 0.6277 0.3461 0.0000 0.0263
013020 0.6277 0.3461 0.0000 0.0263
013040 0.6277 0.3461 0.0000 0.0263
013060 0.6277 0.3461 0.0000 0.0263
013080 0.6277 0.3461 0.0000 0.0263
013100 0.6277 0.3461 0.0000 0.0263
013120 0.6277 0.3461 0.0000 0.0263
013140 0.6277 0.3461 0.0000 0.0263
013160 0.6277 0.3461 0.0000 0.0263
013180 0.6277 0.3461 0.0000 0.0263
013200 0.6277 0.3461 0.0000 0.0263
013220 0.6277 0.3461 0.0000 0.0263
013240 0.6277 0.3461 0.0000 0.0263
013260 0.6277 0.3461 0.0000 0.0263
013280 0.6277 0.3461 0.0000 0.0263
013300 0.6277 0.3461 0.0000 0.0263
013320 0.6277 0.3461 0.0000 0.0263
013340 0.6277 0.3461 0.0000 0.0263
013360 0.6277 0.3461 0.0000 0.0263
013380 0.6277 0.3461 0.0000 0.0263
013400 0.6277 0.3461 0.0000 0.0263
013420 0.6277 0.3461 0.0000 0.0263
013440 0.6277 0.3461 0.0000 0.0263
013460 0.6277 0.3461 0.0000 0.0263
013480 0.6277 0.3461 0.0000 0.0263
013500 0.6277 0.3461 0.0000 0.0263
013520 0.6277 0.3461 0.0000 0.0263
013540 0.6277 0.3461 0.0000 0.0263
013560 0.6277 0.3461 0.0000 0.0263
013580 0.6277 0.3461 0.0000 0.0263
013600 0.6277 0.3461 0.0000 0.0263
013620 0.6277 0.3461 0.0000 0.0263
013640 0.6277 0.3461 0.0000 0.0263
013660 0.6277 0.3461 0.0000 0.0263
013680 0.6277 0.3461 0.0000 0.0263
013700 0.6277 0.3461 0.0000 0.0263
013720 0.6277 0.3461 0.0000 0.0263
013740 0.6277 0.3461 0.0000 0.0263
013760 0.6277 0.3461 0.0000 0.0263
013780 0.6277 0.3461 0.0000 0.0263
013800 0.6277 0.3461 0.0000 0.0263
013820 0.6277 0.3461 0.0000 0.0263
013840 0.6277 0.3461 0.0000 0.0263
013860 0.6277 0.3461 0.0000 0.0263
013880 0.6277 0.3461 0.0000 0.0263
013900 0.6277 0.3461 0.0000 0.0263
013920 0.6277 0.3461 0.0000 0.0263
013940 0.6277 0.3461 0.0000 0.0263
013960 0.6277 0.3461 0.0000 0.0263
013980 0.6277 0.3461 0.0000 0.0263
014000 0.6277 0.3461 0.0000 0.0263
014020 0.6277 0.3461 0.0000 0.0263
014040 0.6277 0.3461 0.0000 0.0263
014060 0.6277 0.3461 0.0000 0.0263
014080 0.6277 0.3461 0.0000 0.0263
014100 0.6277 0.3461 0.0000 0.0263
014120 0.6277 0.3461 0.0000 0.0263
014140 0.6277 0.3461 0.0000 0.0263
014160 0.6277 0.3461 0.0000 0.0263
014180 0.6277 0.3461 0.0000 0.0263
014200 0.6277 0.3461 0.0000 0.0263
014220 0.6277 0.3461 0.0000 0.0263
014240 0.6277 0.3461 0.0000 0.0263
014260 0.6277 0.3461 0.0000 0.0263
014280 0.6277 0.3461 0.0000 0.0263
014300 0.6277 0.3461 0.0000 0.0263
014320 0.6277 0.3461 0.0000 0.0263
014340 0.6277 0.3461 0.0000 0.0263
014360 0.6277 0.3461 0.0000 0.0263
014380 0.6277 0.3461 0.0000 0.0263
014400 0.6277 0.3461 0.0000 0.0263
014420 0.6277 0.3461 0.0000 0.0263
014440 0.6277 0.3461 0.0000 0.0263
014460 0.6277 0.3461 0.0000 0.0263
014480 0.6277 0.3461 0.0000 0.0263
014500 0.6277 0.3461 0.0000 0.0263
014520 0.6277 0.3461 0.0000 0.0263
014540 0.6277 0.3461 0.0000 0.0263
014560 0.6277 0.3461 0.0000 0.0263
014580 0.6277 0.3461 0.0000 0.0263
014600 0.6277 0.3461 0.0000 0.0263
014620 0.6277 0.3461 0.0000 0.0263
014640 0.6277 0.3461 0.0000 0.0263
014660 0.6277 0.3461 0.0000 0.0263
014680 0.6277 0.3461 0.0000 0.0263
014700 0.6277 0.3461 0.0000 0.0263
014720 0.6277 0.3461 0.0000 0.0263
014740 0.6277 0.3461 0.0000 0.0263
014760 0.6277 0.3461 0.0000 0.0263
014780 0.6277 0.3461 0.0000 0.0263
014800 0.6277 0.3461 0.0000 0.0263
014820 0.6277 0.3461 0.0000 0.0263
014840 0.6277 0.3461 0.0000 0.0263
014860 0.6277 0.3461 0.0000 0.0263
014880 0.6277 0.3461 0.0000 0.0263
014900 0.6277 0.3461 0.0000 0.0263
014920 0.6277 0.3461 0.0000 0.0263
014940 0.6277 0.3461 0.0000 0.0263
014960 0.6277 0.3461 0.0000 0.0263
014980 0.6277 0.3461 0.0000 0.0263
015000 0.6277 0.3461 0.0000 0.0263
015020 0.6277 0.3461 0.0000 0.0263
015040 0.6277 0.3461 0.0000 0.0263
015060 0.6277 0.3461 0.0000 0.0263
015080 0.6277 0.3461 0.0000 0.0263
015100 0.6277 0.3461 0.0000 0.0263
015120 0.6277 0.3461 0.0000 0.0263
015140 0.6277 0.3461 0.0000 0.0263
015160 0.6277 0.3461 0.0000 0.0263
015180 0.6277 0.3461 0.0000 0.0263
015200 0.6277 0.3461 0.0000 0.0263
015220 0.6277 0.3461 0.0000 0.0263
015240 0.6277 0.3461 0.0000 0.0263
015260 0.6277 0.3461 0.0000 0.0263
015280 0.6277 0.3461 0.0000 0.0263
015300 0.6277 0.3461 0.0000 0.0263
015320 0.6277 0.3461 0.0000 0.0263
015340 0.6277 0.3461 0.0000 0.0263
015360 0.6277 0.3461 0.0000 0.0263
015380 0.6277 0.3461 0.0000 0.0263
015400 0.6277 0.3461 0.0000 0.0263
015420 0.6277 0.3461 0.0000 0.0263
015440 0.6277 0.3461 0.0000 0.0263
015460 0.6277 0.3461 0.0000 0.0263
015480 0.6277 0.3461 0.0000 0.0263
015500 0.6277 0.3461 0.0000 0.0263
015520 0.6277 0.3461 0.0000 0.0263
015540 0.6277 0.3461 0.0000 0.0263
015560 0.6277 0.3461 0.0000 0.0263
015580 0.6277 0.3461 0.0000 0.0263
015600 0.6277 0.3461 0.0000 0.0263
015620 0.6277 0.3461 0.0000 0.0263
015640 0.6277 0.3461 0.0000 0.0263
015660 0.6277 0.3461 0.0000 0.0263
015680 0.6277 0.3461 0.0000 0.0263
015700 0.6277 0.3461 0.0000 0.0263
015720 0.6277 0.3461 0.0000 0.0263
015740 0.6277 0.3461 0.0000 0.0263
015760 0.6277 0.3461 0.0000 0.0263
015780 0.6277 0.3461 0.0000 0.0263
015800 0.6277 0.3461 0.0000 0.0263
015820 0.6277 0.3461 0.0000 0.0263
015840 0.6277 0.3461 0.0000 0.0263
015860 0.6277 0.3461 0.0000 0.0263
015880 0.6277 0.3461 0.0000 0.0263
015900 0.6277 0.3461 0.0000 0.0263
015920 0.6277 0.3461 0.0000 0.0263
015940 0.6277 0.3461 0.0000 0.0263
015960 0.6277 0.3461 0.0000 0.0263
015980 0.6277 0.3461 0.0000 0.0263
016000 0.6277 0.3461 0.0000 0.0263
016020 0.6277 0.3461 0.0000 0.0263
016040 0.6277 0.3461 0.0000 0.0263
016060 0.6277 0.3461 0.0000 0.0263
016080 0.6277 0.3461 0.0000 0.0263
016100 0.6277 0.3461 0.0000 0.0263
016120 0.6277 0.3461 0.0000 0.0263
016140 0.6277 0.3461 0.0000 0.0263
016160 0.6277 0.3461 0.0000 0.0263
016180 0.6277 0.3461 0.0000 0.0263
016200 0.6277 0.3461 0.0000 0.0263
016220 0.6277 0.3461 0.0000 0.0263
016240 0.6277 0.3461 0.0000 0.0263
016260 0.6277 0.3461 0.0000 0.0263
016280 0.6277 0.3461 0.0000 0.0263
016300 0.6277 0.3461 0.0000 0.0263
016320 0.6277 0.3461 0.0000 0.0263
016340 0.6277 0.3461 0.0000 0.0263
016360 0.6277 0.3461 0.0000 0.0263
016380 0.6277 0.3461 0.0000 0.0263
016400 0.6277 0.3461 0.0000 0.0263
016420 0.6277 0.3461 0.0000 0.0263
016440 0.6277 0.3461 0.0000 0.0263
016460 0.6277 0.3461 0.0000 0.0263
016480 0.6277 0.3461 0.0000 0.0263
016500 0.6277 0.3461 0.0000 0.0263
016520 0.6277 0.3461 0.0000 0.0263
016540 0.6277 0.3461 0.0000 0.0263
016560 0.6277 0.3461 0.0000 0.0263
016580 0.6277 0.3461 0.0000 0.0263
016600 0.6277 0.3461 0.0000 0.0263
016620 0.6277 0.3461 0.0000 0.0263
016640 0.6277 0.3461 0.0000 0.0263
016660 0.6277 0.3461 0.0000 0.0263
016680 0.6277 0.3461 0.0000 0.0263
016700 0.6277 0.3461 0.0000 0.0263
016720 0.6277 0.3461 0.0000 0.0263
016740 0.6277 0.3461 0.0000 0.0263
016760 0.6277 0.3461 0.0000 0.0263
016780 0.6277 0.3461 0.0000 0.0263
016800 0.6277 0.3461 0.0000 0.0263
016820 0.6277 0.3461 0.0000 0.0263
016840 0.6277 0.3461 0.0000 0.0263
016860 0.6277 0.3461 0.0000 0.0263
016880 0.6277 0.3461 0.0000 0.0263
016900 0.6277 0.3461 0.0000 0.0263
016920 0.6277 0.3461 0.0000 0.0263
016940 0.6277 0.3461 0.0000 0.0263
016960 0.6277 0.3461 0.0000 0.0263
016980 0.6277 0.3461 0.0000 0.0263
017000 0.6277 0.3461 0.0000 0.0263
017020 0.6277 0.3461 0.0000 0.0263
017040 0.6277 0.3461 0.0000 0.0263
017060 0.6277 0.3461 0.0000 0.0263
017080 0.6277 0.3461 0.0000 0.0263
017100 0.6277 0.3461 0.0000 0.0263
017120 0.6277 0.3461 0.0000 0.0263
017140 0.6277 0.3461 0.0000 0.0263
017160 0.6277 0.3461 0.0000 0.0263
017180 0.6277 0.3461 0.0000 0.0263
017200 0.6277 0.3461 0.0000 0.0263
017220 0.6277 0.3461 0.0000 0.0263
017240 0.6277 0.3461 0.0000 0.0263
017260 0.6277 0.3461 0.0000 0.0263
017280 0.6277 0.3461 0.0000 0.0263
017300 0.6277 0.3461 0.0000 0.0263
017320 0.6277 0.3461 0.0000 0.0263
017340 0.6277 0.3461 0.0000 0.0263
017360 0.6277 0.3461 0.0000 0.0263
017380 0.6277 0.3461 0.0000 0.0263
017400 0.6277 0.3461 0.0000 0.0263
017420 0.6277 0.3461 0.0000 0.0263
017440 0.6277 0.3461 0.0000 0.0263
017460 0.6277 0.3461 0.0000 0.0263
017480 0.6277 0.3461 0.0000 0.0263
017500 0.6277 0.3461 0.0000 0.0263
017520 0.6277 0.3461 0.0000 0.0263
017540 0.6277 0.3461 0.0000 0.0263
017560 0.6277 0.3461 0.0000 0.0263
017580 0.6277 0.3461 0.0000 0.0263
017600 0.6277 0.3461 0.0000 0.0263
017620 0.6277 0.3461 0.0000 0.0263
017640 0.6277 0.3461 0.0000 0.0263
017660 0.6277 0.3461 0.0000 0.0263
017680 0.6277 0.3461 0.0000 0.0263
017700 0.6277 0.3461 0.0000 0.0263
017720 0.6277 0.3461 0.0000 0.0263
017740 0.6277 0.3461 0.0000 0.0263
017760 0.6277 0.3461 0.0000 0.0263
017780 0.6277 0.3461 0.0000 0.0263
017800 0.6277 0.3461 0.0000 0.0263
017820 0.6277 0.3461 0.0000 0.0263
017840 0.6277 0.3461 0.0000 0.0263
017860 0.6277 0.3461 0.0000 0.0263
017880 0.6277 0.3461 0.0000 0.0263
017900 0.6277 0.3461 0.0000 0.0263
017920 0.6277 0.3461 0.0000 0.0263
017940 0.6277 0.3461 0.0000 0.0263
017960 0.6277 0.3461 0.0000 0.0263
017980 0.6277 0.3461 0.0000 0.0263
018000 0.6277 0.3461 0.0000 0.0263
018020 0.6277 0.3461 0.0000 0.0263
018040 0.6277 0.3461 0.0000 0.0263
018060 0.6277 0.3461 0.0000 0.0263
018080 0.6277 0.3461 0.0000 0.0263
018100 0.6277 0.3461 0.0000 0.0263
018120 0.6277 0.3461 0.0000 0.0263
018140 0.6277 0.3461 0.0000 0.0263
018160 0.6277 0.3461 0.0000 0.0263
018180 0.6277 0.3461 0.0000 0.0263
018200 0.6277 0.3461 0.0000 0.0263
018220 0.6277 0.3461 0.0000 0.0263
018240 0.6277 0.3461 0.0000 0.0263
018260 0.6277 0.3461 0.0000 0.0263
018280 0.6277 0.3461 0.0000 0.0263
018300 0.6277 0.3461 0.0000 0.0263
018320 0.6277 0.3461 0.0000 0.0263
018340 0.6277 0.3461 0.0000 0.0263
018360 0.6277 0.3461 0.0000 0.0263
018380 0.6277 0.3461 0.0000 0.0263
018400 0.6277 0.3461 0.0000 0.0263
018420 0.6277 0.3461 0.0000 0.0263
018440 0.6277 0.3461 0.0000 0.0263
018460 0.6277 0.3461 0.0000 0.0263
018480 0.6277 0.3461 0.0000 0.0263
018500 0.6277 0.3461 0.0000 0.0263
018520 0.6277 0.3461 0.0000 0.0263
018540 0.6277 0.3461 0.0000 0.0263
018560 0.6277 0.3461 0.0000 0.0263
018580 0.6277 0.3461 0.0000 0.0263
018600 0.6277 0.3461 0.0000 0.0263
018620 0.6277 0.3461 0.0000 0.0263
018640 0.6277 0.3461 0.0000 0.0263
018660 0.6277 0.3461 0.0000 0.0263
018680 0.6277 0.3461 0.0000 0.0263
018700 0.6277 0.3461 0.0000 0.0263
018720 0.6277 0.3461 0.0000 0.0263
018740 0.6277 0.3461 0.0000 0.0263
018760 0.6277 0.3461 0.0000 0.0263
018780 0.6277 0.3461 0.0000 0.0263
018800 0.6277 0.3461 0.0000 0.0263
018820 0.6277 0.3461 0.0000 0.0263
018840 0.6277 0.3461 0.0000 0.0263
018860 0.6277 0.3461 0.0000 0.0263
018880 0.6277 0.3461 0.0000 0.0263
018900 0.6277 0.3461 0.0000 0.0263
018920 0.6277 0.3461 0.0000 0.0263
018940 0.6277 0.3461 0.0000 0.0263
018960 0.6277 0.3461 0.0000 0.0263
018980 0.6277 0.3461 0.0000 0.0263
019000 0.6277 0.3461 0.0000 0.0263
019020 0.6277 0.3461 0.0000 0.0263
019040 0.6277 0.3461 0.0000 0.0263
019060 0.6277 0.3461 0.0000 0.0263
019080 0.6277 0.3461 0.0000 0.0263
019100 0.6277 0.3461 0.0000 0.0263
019120 0.6277 0.3461 0.0000 0.0263
019140 0.6277 0.3461 0.0000 0.0263
019160 0.6277 0.3461 0.0000 0.0263
019180 0.6277 0.3461 0.0000 0.0263
019200 0.6277 0.3461 0.0000 0.0263
019220 0.6277 0.3461 0.0000 0.0263
019240 0.6277 0.3461 0.0000 0.0263
019260 0.6277 0.3461 0.0000 0.0263
019280 0.6277 0.3461 0.0000 0.0263
019300 0.6277 0.3461 0.0000 0.0263
019320 0.6277 0.3461 0.0000 0.0263
019340 0.6277 0.3461 0.0000 0.0263
019360 0.6277 0.3461 0.0000 0.0263
019380 0.6277 0.3461 0.0000 0.0263
019400 0.6277 0.3461 0.0000 0.0263
019420 0.6277 0.3461 0.0000 0.0263
019440 0.6277 0.3461 0.0000 0.0263
019460 0.6277 0.3461 0.0000 0.0263
019480 0.6277 0.3461 0.0000 0.0263
019500 0.6277 0.3461 0.0000 0.0263
019520 0.6277 0.3461 0.0000 0.0263
019540 0.6277 0.3461 0.0000 0.0263
019560 0.6277 0.3461 0.0000 0.0263
019580 0.6277 0.3461 0.0000 0.0263
019600 0.6277 0.3461 0.0000 0.0263
019620 0.6277 0.3461 0.0000 0.0263
019640 0.6277 0.3461 0.0000 0.0263
019660 0.6277 0.3461 0.0000 0.0263
019680 0.6277 0.3461 0.0000 0.0263
019700 0.6277 0.3461 0.0000 0.0263
019720 0.6277 0.3461 0.0000 0.0263
019740 0.6277 0.3461 0.0000 0.0263
019760 0.6277 0.3461 0.0000 0.0263
019780 0.6277 0.3461 0.0000 0.0263
019800 0.6277 0.3461 0.0000 0.0263
019820 0.6277 0.3461 0.0000 0.0263
019840 0.6277 0.3461 0.0000 0.0263
019860 0.6277 0.3461 0.0000 0.0263
019880 0.6277 0.3461 0.0000 0.0263
019900 0.6277 0.3461 0.0000 0.0263
019920 0.6277 0.3461 0.0000 0.0263
019940 0.6277 0.3461 0.0000 0.0263
019960 0.6277 0.3461 0.0000 0.0263
019980 0.6277 0.3461 0.0000 0.0263
020000 0.6277 0.3461 0.0000 0.0263
