000000 0.2500 0.2500 0.2500 0.2500
000020 0.2595 0.2597 0.2294 0.2514
000040 0.2706 0.2702 0.2072 0.2519
000060 0.2803 0.2817 0.1863 0.2517
000080 0.2889 0.2943 0.1665 0.2503
000100 0.2968 0.3074 0.1471 0.2487
000120 0.3031 0.3215 0.1291 0.2463
000140 0.3077 0.3366 0.1122 0.2435
000160 0.3106 0.3532 0.0967 0.2395
000180 0.3126 0.3709 0.0818 0.2347
000200 0.3143 0.3886 0.0681 0.2290
000220 0.3155 0.4068 0.0557 0.2220
000240 0.3150 0.4270 0.0443 0.2137
000260 0.3127 0.4480 0.0345 0.2048
000280 0.3103 0.4690 0.0262 0.1944
000300 0.3063 0.4911 0.0190 0.1836
000320 0.3009 0.5140 0.0126 0.1724
000340 0.2947 0.5369 0.0076 0.1608
000360 0.2865 0.5623 0.0036 0.1476
000380 0.2774 0.5882 0.0013 0.1332
000400 0.2686 0.6134 0.0001 0.1179
000420 0.2575 0.6398 0.0000 0.1027
000440 0.2489 0.6668 0.0000 0.0844
000460 0.2427 0.6889 0.0000 0.0684
000480 0.2392 0.7043 0.0000 0.0565
000500 0.2394 0.7175 0.0000 0.0431
000520 0.2409 0.7254 0.0000 0.0337
000540 0.2411 0.7322 0.0000 0.0267
000560 0.2411 0.7372 0.0000 0.0217
000580 0.2422 0.7421 0.0000 0.0158
000600 0.2461 0.7433 0.0000 0.0106
000620 0.2534 0.7385 0.0000 0.0081
000640 0.2625 0.7314 0.0000 0.0061
000660 0.2724 0.7218 0.0000 0.0059
000680 0.2826 0.7110 0.0000 0.0064
000700 0.2921 0.7011 0.0000 0.0068
000720 0.2995 0.6936 0.0000 0.0069
000740 0.3075 0.6854 0.0000 0.0070
000760 0.3169 0.6761 0.0000 0.0070
000780 0.3228 0.6696 0.0000 0.0076
000800 0.3301 0.6624 0.0000 0.0074
000820 0.3368 0.6555 0.0000 0.0077
000840 0.3421 0.6492 0.0000 0.0087
000860 0.3467 0.6434 0.0000 0.0099
000880 0.3503 0.6379 0.0000 0.0118
000900 0.3535 0.6352 0.0000 0.0112
000920 0.3589 0.6307 0.0000 0.0103
000940 0.3647 0.6249 0.0000 0.0104
000960 0.3693 0.6197 0.0000 0.0110
000980 0.3741 0.6144 0.0000 0.0115
001000 0.3772 0.6108 0.0000 0.0120
001020 0.3807 0.6067 0.0000 0.0127
001040 0.3829 0.6034 0.0000 0.0137
001060 0.3859 0.6009 0.0000 0.0132
001080 0.3874 0.5986 0.0000 0.0140
001100 0.3909 0.5957 0.0000 0.0134
001120 0.3959 0.5909 0.0000 0.0132
001140 0.4010 0.5862 0.0000 0.0127
001160 0.4089 0.5787 0.0000 0.0124
001180 0.4177 0.5698 0.0000 0.0125
001200 0.4258 0.5611 0.0000 0.0131
001220 0.4315 0.5541 0.0000 0.0143
001240 0.4388 0.5468 0.0000 0.0144
001260 0.4432 0.5417 0.0000 0.0151
001280 0.4431 0.5398 0.0000 0.0171
001300 0.4403 0.5406 0.0000 0.0191
001320 0.4402 0.5406 0.0000 0.0192
001340 0.4391 0.5421 0.0000 0.0188
001360 0.4421 0.5396 0.0000 0.0183
001380 0.4452 0.5360 0.0000 0.0188
001400 0.4501 0.5311 0.0000 0.0187
001420 0.4555 0.5254 0.0000 0.0190
001440 0.4611 0.5211 0.0000 0.0178
001460 0.4711 0.5120 0.0000 0.0169
001480 0.4795 0.5025 0.0000 0.0180
001500 0.4883 0.4941 0.0000 0.0176
001520 0.4955 0.4861 0.0000 0.0184
001540 0.5039 0.4764 0.0000 0.0197
001560 0.5098 0.4700 0.0000 0.0203
001580 0.5125 0.4672 0.0000 0.0204
001600 0.5145 0.4635 0.0000 0.0219
001620 0.5149 0.4626 0.0000 0.0225
001640 0.5120 0.4641 0.0000 0.0238
001660 0.5131 0.4646 0.0000 0.0223
001680 0.5201 0.4588 0.0000 0.0210
001700 0.5308 0.4479 0.0000 0.0213
001720 0.5358 0.4413 0.0000 0.0229
001740 0.5441 0.4337 0.0000 0.0222
001760 0.5571 0.4224 0.0000 0.0204
001780 0.5712 0.4101 0.0000 0.0187
001800 0.5890 0.3932 0.0000 0.0178
001820 0.6027 0.3799 0.0000 0.0174
001840 0.6190 0.3642 0.0000 0.0168
001860 0.6281 0.3539 0.0000 0.0180
001880 0.6331 0.3468 0.0000 0.0201
001900 0.6349 0.3435 0.0000 0.0216
001920 0.6304 0.3451 0.0000 0.0245
001940 0.6232 0.3515 0.0000 0.0252
001960 0.6150 0.3582 0.0000 0.0268
001980 0.6081 0.3644 0.0000 0.0274
002000 0.6046 0.3686 0.0000 0.0267
002020 0.6026 0.3706 0.0000 0.0268
002040 0.6013 0.3718 0.0000 0.0269
002060 0.6014 0.3719 0.0000 0.0267
002080 0.6026 0.3722 0.0000 0.0253
002100 0.6066 0.3687 0.0000 0.0248
002120 0.6112 0.3649 0.0000 0.0239
002140 0.6158 0.3590 0.0000 0.0252
002160 0.6206 0.3558 0.0000 0.0236
002180 0.6282 0.3493 0.0000 0.0225
002200 0.6382 0.3410 0.0000 0.0208
002220 0.6453 0.3319 0.0000 0.0228
002240 0.6483 0.3273 0.0000 0.0244
002260 0.6459 0.3270 0.0000 0.0271
002280 0.6423 0.3293 0.0000 0.0284
002300 0.6367 0.3371 0.0000 0.0262
002320 0.6327 0.3414 0.0000 0.0259
002340 0.6292 0.3435 0.0000 0.0272
002360 0.6239 0.3475 0.0000 0.0286
002380 0.6173 0.3547 0.0000 0.0280
002400 0.6085 0.3619 0.0000 0.0297
002420 0.6044 0.3660 0.0000 0.0295
002440 0.6055 0.3672 0.0000 0.0274
002460 0.6068 0.3667 0.0000 0.0265
002480 0.6110 0.3640 0.0000 0.0250
002500 0.6161 0.3591 0.0000 0.0247
002520 0.6236 0.3530 0.0000 0.0234
002540 0.6327 0.3450 0.0000 0.0223
002560 0.6415 0.3341 0.0000 0.0245
002580 0.6393 0.3335 0.0000 0.0272
002600 0.6343 0.3374 0.0000 0.0283
002620 0.6303 0.3428 0.0000 0.0269
002640 0.6277 0.3448 0.0000 0.0275
002660 0.6269 0.3475 0.0000 0.0256
002680 0.6280 0.3484 0.0000 0.0236
002700 0.6281 0.3477 0.0000 0.0242
002720 0.6311 0.3449 0.0000 0.0241
002740 0.6318 0.3428 0.0000 0.0253
002760 0.6320 0.3419 0.0000 0.0261
002780 0.6328 0.3407 0.0000 0.0265
002800 0.6341 0.3404 0.0000 0.0255
002820 0.6380 0.3383 0.0000 0.0236
002840 0.6400 0.3352 0.0000 0.0248
002860 0.6450 0.3308 0.0000 0.0242
002880 0.6446 0.3299 0.0000 0.0255
002900 0.6479 0.3279 0.0000 0.0242
002920 0.6506 0.3246 0.0000 0.0248
002940 0.6494 0.3244 0.0000 0.0262
002960 0.6485 0.3256 0.0000 0.0259
002980 0.6503 0.3261 0.0000 0.0236
003000 0.6531 0.3229 0.0000 0.0240
003020 0.6510 0.3244 0.0000 0.0246
003040 0.6507 0.3238 0.0000 0.0254
003060 0.6501 0.3243 0.0000 0.0256
003080 0.6474 0.3252 0.0000 0.0273
003100 0.6477 0.3266 0.0000 0.0257
003120 0.6456 0.3288 0.0000 0.0255
003140 0.6441 0.3302 0.0000 0.0257
003160 0.6420 0.3302 0.0000 0.0278
003180 0.6353 0.3369 0.0000 0.0278
003200 0.6308 0.3414 0.0000 0.0278
003220 0.6271 0.3448 0.0000 0.0280
003240 0.6224 0.3503 0.0000 0.0273
003260 0.6199 0.3528 0.0000 0.0273
003280 0.6200 0.3537 0.0000 0.0263
003300 0.6188 0.3543 0.0000 0.0269
003320 0.6167 0.3564 0.0000 0.0269
003340 0.6154 0.3576 0.0000 0.0270
003360 0.6170 0.3573 0.0000 0.0257
003380 0.6226 0.3527 0.0000 0.0247
003400 0.6263 0.3499 0.0000 0.0238
003420 0.6302 0.3454 0.0000 0.0244
003440 0.6306 0.3449 0.0000 0.0245
003460 0.6380 0.3389 0.0000 0.0231
003480 0.6482 0.3310 0.0000 0.0209
003500 0.6603 0.3194 0.0000 0.0203
003520 0.6664 0.3103 0.0000 0.0233
003540 0.6660 0.3102 0.0000 0.0237
003560 0.6668 0.3094 0.0000 0.0238
003580 0.6627 0.3122 0.0000 0.0251
003600 0.6553 0.3182 0.0000 0.0265
003620 0.6477 0.3238 0.0000 0.0285
003640 0.6325 0.3354 0.0000 0.0321
003660 0.6171 0.3503 0.0000 0.0326
003680 0.6065 0.3623 0.0000 0.0311
003700 0.6019 0.3690 0.0000 0.0291
003720 0.6039 0.3697 0.0000 0.0264
003740 0.6089 0.3658 0.0000 0.0254
003760 0.6144 0.3600 0.0000 0.0256
003780 0.6226 0.3527 0.0000 0.0247
003800 0.6296 0.3463 0.0000 0.0241
003820 0.6363 0.3403 0.0000 0.0234
003840 0.6397 0.3354 0.0000 0.0249
003860 0.6413 0.3329 0.0000 0.0258
003880 0.6455 0.3298 0.0000 0.0247
003900 0.6488 0.3274 0.0000 0.0238
003920 0.6461 0.3280 0.0000 0.0259
003940 0.6407 0.3302 0.0000 0.0291
003960 0.6270 0.3408 0.0000 0.0323
003980 0.6098 0.3572 0.0000 0.0330
004000 0.6048 0.3660 0.0000 0.0292
004020 0.6045 0.3688 0.0000 0.0267
004040 0.6079 0.3658 0.0000 0.0263
004060 0.6113 0.3619 0.0000 0.0268
004080 0.6140 0.3577 0.0000 0.0283
004100 0.6108 0.3603 0.0000 0.0289
004120 0.6091 0.3636 0.0000 0.0273
004140 0.6122 0.3615 0.0000 0.0263
004160 0.6133 0.3593 0.0000 0.0273
004180 0.6148 0.3582 0.0000 0.0270
004200 0.6228 0.3534 0.0000 0.0237
004220 0.6289 0.3480 0.0000 0.0231
004240 0.6364 0.3413 0.0000 0.0223
004260 0.6460 0.3325 0.0000 0.0215
004280 0.6519 0.3243 0.0000 0.0238
004300 0.6515 0.3230 0.0000 0.0255
004320 0.6491 0.3258 0.0000 0.0251
004340 0.6508 0.3254 0.0000 0.0238
004360 0.6528 0.3238 0.0000 0.0235
004380 0.6561 0.3209 0.0000 0.0230
004400 0.6557 0.3194 0.0000 0.0250
004420 0.6516 0.3211 0.0000 0.0273
004440 0.6403 0.3285 0.0000 0.0312
004460 0.6249 0.3429 0.0000 0.0323
004480 0.6099 0.3577 0.0000 0.0324
004500 0.6007 0.3708 0.0000 0.0284
004520 0.5989 0.3745 0.0000 0.0266
004540 0.6017 0.3737 0.0000 0.0246
004560 0.6086 0.3669 0.0000 0.0245
004580 0.6155 0.3593 0.0000 0.0253
004600 0.6237 0.3527 0.0000 0.0235
004620 0.6306 0.3455 0.0000 0.0239
004640 0.6389 0.3369 0.0000 0.0243
004660 0.6416 0.3341 0.0000 0.0243
004680 0.6485 0.3271 0.0000 0.0244
004700 0.6529 0.3228 0.0000 0.0243
004720 0.6494 0.3234 0.0000 0.0271
004740 0.6389 0.3324 0.0000 0.0287
004760 0.6290 0.3420 0.0000 0.0289
004780 0.6204 0.3503 0.0000 0.0293
004800 0.6132 0.3579 0.0000 0.0289
004820 0.6099 0.3633 0.0000 0.0268
004840 0.6115 0.3618 0.0000 0.0266
004860 0.6129 0.3600 0.0000 0.0271
004880 0.6170 0.3563 0.0000 0.0267
004900 0.6224 0.3532 0.0000 0.0244
004920 0.6295 0.3468 0.0000 0.0237
004940 0.6354 0.3406 0.0000 0.0239
004960 0.6402 0.3366 0.0000 0.0231
004980 0.6468 0.3304 0.0000 0.0228
005000 0.6505 0.3258 0.0000 0.0237
005020 0.6505 0.3252 0.0000 0.0242
005040 0.6508 0.3231 0.0000 0.0261
005060 0.6458 0.3262 0.0000 0.0280
005080 0.6380 0.3331 0.0000 0.0288
005100 0.6291 0.3420 0.0000 0.0289
005120 0.6192 0.3505 0.0000 0.0303
005140 0.6105 0.3603 0.0000 0.0292
005160 0.6081 0.3631 0.0000 0.0288
005180 0.6080 0.3668 0.0000 0.0252
005200 0.6170 0.3595 0.0000 0.0235
005220 0.6243 0.3519 0.0000 0.0238
005240 0.6339 0.3427 0.0000 0.0234
005260 0.6383 0.3373 0.0000 0.0243
005280 0.6436 0.3329 0.0000 0.0235
005300 0.6515 0.3257 0.0000 0.0228
005320 0.6564 0.3204 0.0000 0.0233
005340 0.6565 0.3183 0.0000 0.0252
005360 0.6502 0.3232 0.0000 0.0267
005380 0.6439 0.3299 0.0000 0.0262
005400 0.6330 0.3389 0.0000 0.0281
005420 0.6231 0.3473 0.0000 0.0296
005440 0.6127 0.3553 0.0000 0.0320
005460 0.6082 0.3610 0.0000 0.0308
005480 0.6027 0.3682 0.0000 0.0291
005500 0.6017 0.3706 0.0000 0.0277
005520 0.6019 0.3720 0.0000 0.0261
005540 0.6122 0.3646 0.0000 0.0232
005560 0.6227 0.3556 0.0000 0.0218
005580 0.6340 0.3438 0.0000 0.0222
005600 0.6434 0.3343 0.0000 0.0223
005620 0.6513 0.3267 0.0000 0.0220
005640 0.6569 0.3202 0.0000 0.0229
005660 0.6611 0.3153 0.0000 0.0235
005680 0.6630 0.3125 0.0000 0.0246
005700 0.6603 0.3129 0.0000 0.0268
005720 0.6521 0.3206 0.0000 0.0273
005740 0.6427 0.3291 0.0000 0.0282
005760 0.6374 0.3353 0.0000 0.0273
005780 0.6280 0.3454 0.0000 0.0266
005800 0.6209 0.3512 0.0000 0.0280
005820 0.6150 0.3549 0.0000 0.0301
005840 0.6058 0.3639 0.0000 0.0303
005860 0.6000 0.3704 0.0000 0.0296
005880 0.5941 0.3766 0.0000 0.0292
005900 0.6003 0.3743 0.0000 0.0254
005920 0.6111 0.3647 0.0000 0.0242
005940 0.6247 0.3541 0.0000 0.0212
005960 0.6366 0.3408 0.0000 0.0225
005980 0.6468 0.3318 0.0000 0.0214
006000 0.6501 0.3265 0.0000 0.0234
006020 0.6566 0.3212 0.0000 0.0222
006040 0.6599 0.3159 0.0000 0.0242
006060 0.6618 0.3123 0.0000 0.0259
006080 0.6571 0.3146 0.0000 0.0283
006100 0.6448 0.3251 0.0000 0.0301
006120 0.6330 0.3359 0.0000 0.0310
006140 0.6238 0.3451 0.0000 0.0311
006160 0.6206 0.3518 0.0000 0.0276
006180 0.6185 0.3545 0.0000 0.0270
006200 0.6137 0.3574 0.0000 0.0289
006220 0.6086 0.3633 0.0000 0.0281
006240 0.6139 0.3607 0.0000 0.0253
006260 0.6208 0.3554 0.0000 0.0238
006280 0.6298 0.3470 0.0000 0.0232
006300 0.6382 0.3383 0.0000 0.0235
006320 0.6431 0.3332 0.0000 0.0237
006340 0.6442 0.3312 0.0000 0.0246
006360 0.6428 0.3311 0.0000 0.0261
006380 0.6365 0.3371 0.0000 0.0264
006400 0.6321 0.3421 0.0000 0.0258
006420 0.6334 0.3423 0.0000 0.0243
006440 0.6334 0.3410 0.0000 0.0256
006460 0.6361 0.3397 0.0000 0.0242
006480 0.6387 0.3365 0.0000 0.0248
006500 0.6393 0.3342 0.0000 0.0265
006520 0.6382 0.3360 0.0000 0.0258
006540 0.6374 0.3356 0.0000 0.0270
006560 0.6378 0.3371 0.0000 0.0250
006580 0.6383 0.3362 0.0000 0.0255
006600 0.6409 0.3344 0.0000 0.0247
006620 0.6457 0.3306 0.0000 0.0237
006640 0.6482 0.3265 0.0000 0.0253
006660 0.6459 0.3271 0.0000 0.0270
006680 0.6383 0.3339 0.0000 0.0278
006700 0.6337 0.3389 0.0000 0.0274
006720 0.6305 0.3423 0.0000 0.0272
006740 0.6265 0.3449 0.0000 0.0285
006760 0.6243 0.3490 0.0000 0.0267
006780 0.6237 0.3497 0.0000 0.0266
006800 0.6249 0.3494 0.0000 0.0258
006820 0.6256 0.3480 0.0000 0.0264
006840 0.6249 0.3495 0.0000 0.0256
006860 0.6258 0.3488 0.0000 0.0255
006880 0.6216 0.3538 0.0000 0.0246
006900 0.6272 0.3498 0.0000 0.0230
006920 0.6313 0.3441 0.0000 0.0246
006940 0.6339 0.3413 0.0000 0.0247
006960 0.6410 0.3347 0.0000 0.0242
006980 0.6439 0.3312 0.0000 0.0249
007000 0.6422 0.3322 0.0000 0.0256
007020 0.6420 0.3318 0.0000 0.0262
007040 0.6392 0.3346 0.0000 0.0262
007060 0.6357 0.3386 0.0000 0.0258
007080 0.6297 0.3436 0.0000 0.0268
007100 0.6267 0.3451 0.0000 0.0282
007120 0.6245 0.3480 0.0000 0.0274
007140 0.6192 0.3523 0.0000 0.0285
007160 0.6182 0.3543 0.0000 0.0275
007180 0.6181 0.3556 0.0000 0.0264
007200 0.6185 0.3559 0.0000 0.0256
007220 0.6210 0.3543 0.0000 0.0248
007240 0.6274 0.3474 0.0000 0.0252
007260 0.6335 0.3415 0.0000 0.0250
007280 0.6331 0.3406 0.0000 0.0263
007300 0.6335 0.3404 0.0000 0.0261
007320 0.6354 0.3398 0.0000 0.0248
007340 0.6343 0.3406 0.0000 0.0250
007360 0.6355 0.3402 0.0000 0.0242
007380 0.6354 0.3403 0.0000 0.0243
007400 0.6326 0.3396 0.0000 0.0278
007420 0.6320 0.3412 0.0000 0.0268
007440 0.6307 0.3433 0.0000 0.0260
007460 0.6290 0.3449 0.0000 0.0261
007480 0.6253 0.3479 0.0000 0.0268
007500 0.6256 0.3488 0.0000 0.0256
007520 0.6317 0.3438 0.0000 0.0245
007540 0.6351 0.3394 0.0000 0.0255
007560 0.6382 0.3374 0.0000 0.0243
007580 0.6442 0.3329 0.0000 0.0228
007600 0.6489 0.3281 0.0000 0.0230
007620 0.6527 0.3243 0.0000 0.0230
007640 0.6547 0.3204 0.0000 0.0249
007660 0.6534 0.3219 0.0000 0.0247
007680 0.6545 0.3198 0.0000 0.0257
007700 0.6510 0.3215 0.0000 0.0275
007720 0.6393 0.3315 0.0000 0.0292
007740 0.6295 0.3402 0.0000 0.0303
007760 0.6246 0.3468 0.0000 0.0286
007780 0.6231 0.3500 0.0000 0.0269
007800 0.6241 0.3491 0.0000 0.0268
007820 0.6236 0.3493 0.0000 0.0271
007840 0.6242 0.3497 0.0000 0.0261
007860 0.6247 0.3495 0.0000 0.0258
007880 0.6271 0.3489 0.0000 0.0240
007900 0.6295 0.3467 0.0000 0.0238
007920 0.6300 0.3448 0.0000 0.0253
007940 0.6306 0.3433 0.0000 0.0261
007960 0.6330 0.3410 0.0000 0.0260
007980 0.6365 0.3393 0.0000 0.0242
008000 0.6395 0.3365 0.0000 0.0240
008020 0.6424 0.3327 0.0000 0.0249
008040 0.6410 0.3328 0.0000 0.0262
008060 0.6368 0.3358 0.0000 0.0273
008080 0.6344 0.3391 0.0000 0.0266
008100 0.6335 0.3408 0.0000 0.0257
008120 0.6357 0.3404 0.0000 0.0239
008140 0.6421 0.3356 0.0000 0.0223
008160 0.6487 0.3283 0.0000 0.0230
008180 0.6489 0.3261 0.0000 0.0251
008200 0.6478 0.3277 0.0000 0.0246
008220 0.6478 0.3266 0.0000 0.0256
008240 0.6472 0.3265 0.0000 0.0263
008260 0.6454 0.3289 0.0000 0.0257
008280 0.6440 0.3302 0.0000 0.0258
008300 0.6386 0.3348 0.0000 0.0266
008320 0.6377 0.3360 0.0000 0.0263
008340 0.6371 0.3365 0.0000 0.0264
008360 0.6357 0.3369 0.0000 0.0274
008380 0.6305 0.3405 0.0000 0.0290
008400 0.6205 0.3501 0.0000 0.0295
008420 0.6128 0.3593 0.0000 0.0280
008440 0.6075 0.3639 0.0000 0.0285
008460 0.6061 0.3664 0.0000 0.0275
008480 0.6122 0.3634 0.0000 0.0244
008500 0.6206 0.3568 0.0000 0.0226
008520 0.6327 0.3459 0.0000 0.0213
008540 0.6441 0.3327 0.0000 0.0232
008560 0.6494 0.3253 0.0000 0.0253
008580 0.6528 0.3226 0.0000 0.0246
008600 0.6492 0.3252 0.0000 0.0255
008620 0.6494 0.3242 0.0000 0.0264
008640 0.6464 0.3265 0.0000 0.0271
008660 0.6350 0.3362 0.0000 0.0288
008680 0.6265 0.3456 0.0000 0.0279
008700 0.6193 0.3520 0.0000 0.0287
008720 0.6127 0.3574 0.0000 0.0299
008740 0.6099 0.3620 0.0000 0.0281
008760 0.6129 0.3613 0.0000 0.0258
008780 0.6161 0.3589 0.0000 0.0250
008800 0.6235 0.3533 0.0000 0.0232
008820 0.6327 0.3433 0.0000 0.0240
008840 0.6432 0.3337 0.0000 0.0231
008860 0.6535 0.3241 0.0000 0.0224
008880 0.6607 0.3168 0.0000 0.0224
008900 0.6623 0.3144 0.0000 0.0233
008920 0.6601 0.3145 0.0000 0.0254
008940 0.6540 0.3190 0.0000 0.0270
008960 0.6407 0.3296 0.0000 0.0297
008980 0.6294 0.3405 0.0000 0.0302
009000 0.6161 0.3536 0.0000 0.0303
009020 0.6086 0.3615 0.0000 0.0299
009040 0.6056 0.3668 0.0000 0.0276
009060 0.6120 0.3628 0.0000 0.0252
009080 0.6220 0.3545 0.0000 0.0235
009100 0.6320 0.3466 0.0000 0.0214
009120 0.6446 0.3335 0.0000 0.0218
009140 0.6522 0.3258 0.0000 0.0220
009160 0.6561 0.3195 0.0000 0.0244
009180 0.6555 0.3209 0.0000 0.0236
009200 0.6535 0.3214 0.0000 0.0251
009220 0.6494 0.3245 0.0000 0.0261
009240 0.6448 0.3282 0.0000 0.0270
009260 0.6362 0.3357 0.0000 0.0281
009280 0.6300 0.3419 0.0000 0.0281
009300 0.6230 0.3485 0.0000 0.0285
009320 0.6180 0.3538 0.0000 0.0282
009340 0.6152 0.3588 0.0000 0.0260
009360 0.6151 0.3577 0.0000 0.0272
009380 0.6165 0.3569 0.0000 0.0266
009400 0.6182 0.3564 0.0000 0.0254
009420 0.6295 0.3479 0.0000 0.0226
009440 0.6394 0.3394 0.0000 0.0212
009460 0.6520 0.3266 0.0000 0.0214
009480 0.6581 0.3194 0.0000 0.0224
009500 0.6629 0.3130 0.0000 0.0241
009520 0.6622 0.3129 0.0000 0.0249
009540 0.6588 0.3137 0.0000 0.0274
009560 0.6512 0.3216 0.0000 0.0272
009580 0.6387 0.3311 0.0000 0.0302
009600 0.6255 0.3441 0.0000 0.0305
009620 0.6169 0.3537 0.0000 0.0295
009640 0.6163 0.3569 0.0000 0.0268
009660 0.6153 0.3583 0.0000 0.0265
009680 0.6155 0.3582 0.0000 0.0263
009700 0.6176 0.3561 0.0000 0.0263
009720 0.6215 0.3532 0.0000 0.0252
009740 0.6250 0.3505 0.0000 0.0246
009760 0.6318 0.3446 0.0000 0.0237
009780 0.6387 0.3392 0.0000 0.0221
009800 0.6502 0.3281 0.0000 0.0217
009820 0.6564 0.3218 0.0000 0.0219
009840 0.6582 0.3175 0.0000 0.0243
009860 0.6543 0.3192 0.0000 0.0265
009880 0.6434 0.3274 0.0000 0.0291
009900 0.6321 0.3364 0.0000 0.0315
009920 0.6206 0.3493 0.0000 0.0300
009940 0.6136 0.3594 0.0000 0.0270
009960 0.6094 0.3623 0.0000 0.0283
009980 0.6091 0.3618 0.0000 0.0291
010000 0.6063 0.3663 0.0000 0.0274
010020 0.6097 0.3648 0.0000 0.0254
010040 0.6097 0.3648 0.0000 0.0254
010060 0.6097 0.3648 0.0000 0.0254
010080 0.6097 0.3648 0.0000 0.0254
010100 0.6097 0.3648 0.0000 0.0254
010120 0.6097 0.3648 0.0000 0.0254
010140 0.6097 0.3648 0.0000 0.0254
010160 0.6097 0.3648 0.0000 0.0254
010180 0.6097 0.3648 0.0000 0.0254
010200 0.6097 0.3648 0.0000 0.0254
010220 0.6097 0.3648 0.0000 0.0254
010240 0.6097 0.3648 0.0000 0.0254
010260 0.6097 0.3648 0.0000 0.0254
010280 0.6097 0.3648 0.0000 0.0254
010300 0.6097 0.3648 0.0000 0.0254
010320 0.6097 0.3648 0.0000 0.0254
010340 0.6097 0.3648 0.0000 0.0254
010360 0.6097 0.3648 0.0000 0.0254
010380 0.6097 0.3648 0.0000 0.0254
010400 0.6097 0.3648 0.0000 0.0254
010420 0.6097 0.3648 0.0000 0.0254
010440 0.6097 0.3648 0.0000 0.0254
010460 0.6097 0.3648 0.0000 0.0254
010480 0.6097 0.3648 0.0000 0.0254
010500 0.6097 0.3648 0.0000 0.0254
010520 0.6097 0.3648 0.0000 0.0254
010540 0.6097 0.3648 0.0000 0.0254
010560 0.6097 0.3648 0.0000 0.0254
010580 0.6097 0.3648 0.0000 0.0254
010600 0.6097 0.3648 0.0000 0.0254
010620 0.6097 0.3648 0.0000 0.0254
010640 0.6097 0.3648 0.0000 0.0254
010660 0.6097 0.3648 0.0000 0.0254
010680 0.6097 0.3648 0.0000 0.0254
010700 0.6097 0.3648 0.0000 0.0254
010720 0.6097 0.3648 0.0000 0.0254
010740 0.6097 0.3648 0.0000 0.0254
010760 0.6097 0.3648 0.0000 0.0254
010780 0.6097 0.3648 0.0000 0.0254
010800 0.6097 0.3648 0.0000 0.0254
010820 0.6097 0.3648 0.0000 0.0254
010840 0.6097 0.3648 0.0000 0.0254
010860 0.6097 0.3648 0.0000 0.0254
010880 0.6097 0.3648 0.0000 0.0254
010900 0.6097 0.3648 0.0000 0.0254
010920 0.6097 0.3648 0.0000 0.0254
010940 0.6097 0.3648 0.0000 0.0254
010960 0.6097 0.3648 0.0000 0.0254
010980 0.6097 0.3648 0.0000 0.0254
011000 0.6097 0.3648 0.0000 0.0254
011020 0.6097 0.3648 0.0000 0.0254
011040 0.6097 0.3648 0.0000 0.0254
011060 0.6097 0.3648 0.0000 0.0254
011080 0.6097 0.3648 0.0000 0.0254
011100 0.6097 0.3648 0.0000 0.0254
011120 0.6097 0.3648 0.0000 0.0254
011140 0.6097 0.3648 0.0000 0.0254
011160 0.6097 0.3648 0.0000 0.0254
011180 0.6097 0.3648 0.0000 0.0254
011200 0.6097 0.3648 0.0000 0.0254
011220 0.6097 0.3648 0.0000 0.0254
011240 0.6097 0.3648 0.0000 0.0254
011260 0.6097 0.3648 0.0000 0.0254
011280 0.6097 0.3648 0.0000 0.0254
011300 0.6097 0.3648 0.0000 0.0254
011320 0.6097 0.3648 0.0000 0.0254
011340 0.6097 0.3648 0.0000 0.0254
011360 0.6097 0.3648 0.0000 0.0254
011380 0.6097 0.3648 0.0000 0.0254
011400 0.6097 0.3648 0.0000 0.0254
011420 0.6097 0.3648 0.0000 0.0254
011440 0.6097 0.3648 0.0000 0.0254
011460 0.6097 0.3648 0.0000 0.0254
011480 0.6097 0.3648 0.0000 0.0254
011500 0.6097 0.3648 0.0000 0.0254
011520 0.6097 0.3648 0.0000 0.0254
011540 0.6097 0.3648 0.0000 0.0254
011560 0.6097 0.3648 0.0000 0.0254
011580 0.6097 0.3648 0.0000 0.0254
011600 0.6097 0.3648 0.0000 0.0254
011620 0.6097 0.3648 0.0000 0.0254
011640 0.6097 0.3648 0.0000 0.0254
011660 0.6097 0.3648 0.0000 0.0254
011680 0.6097 0.3648 0.0000 0.0254
011700 0.6097 0.3648 0.0000 0.0254
011720 0.6097 0.3648 0.0000 0.0254
011740 0.6097 0.3648 0.0000 0.0254
011760 0.6097 0.3648 0.0000 0.0254
011780 0.6097 0.3648 0.0000 0.0254
011800 0.6097 0.3648 0.0000 0.0254
011820 0.6097 0.3648 0.0000 0.0254
011840 0.6097 0.3648 0.0000 0.0254
011860 0.6097 0.3648 0.0000 0.0254
011880 0.6097 0.3648 0.0000 0.0254
011900 0.6097 0.3648 0.0000 0.0254
011920 0.6097 0.3648 0.0000 0.0254
011940 0.6097 0.3648 0.0000 0.0254
011960 0.6097 0.3648 0.0000 0.0254
011980 0.6097 0.3648 0.0000 0.0254
012000 0.6097 0.3648 0.0000 0.0254
012020 0.6097 0.3648 0.0000 0.0254
012040 0.6097 0.3648 0.0000 0.0254
012060 0.6097 0.3648 0.0000 0.0254
012080 0.6097 0.3648 0.0000 0.0254
012100 0.6097 0.3648 0.0000 0.0254
012120 0.6097 0.3648 0.0000 0.0254
012140 0.6097 0.3648 0.0000 0.0254
012160 0.6097 0.3648 0.0000 0.0254
012180 0.6097 0.3648 0.0000 0.0254
012200 0.6097 0.3648 0.0000 0.0254
012220 0.6097 0.3648 0.0000 0.0254
012240 0.6097 0.3648 0.0000 0.0254
012260 0.6097 0.3648 0.0000 0.0254
012280 0.6097 0.3648 0.0000 0.0254
012300 0.6097 0.3648 0.0000 0.0254
012320 0.6097 0.3648 0.0000 0.0254
012340 0.6097 0.3648 0.0000 0.0254
012360 0.6097 0.3648 0.0000 0.0254
012380 0.6097 0.3648 0.0000 0.0254
012400 0.6097 0.3648 0.0000 0.0254
012420 0.6097 0.3648 0.0000 0.0254
012440 0.6097 0.3648 0.0000 0.0254
012460 0.6097 0.3648 0.0000 0.0254
012480 0.6097 0.3648 0.0000 0.0254
012500 0.6097 0.3648 0.0000 0.0254
012520 0.6097 0.3648 0.0000 0.0254
012540 0.6097 0.3648 0.0000 0.0254
012560 0.6097 0.3648 0.0000 0.0254
012580 0.6097 0.3648 0.0000 0.0254
012600 0.6097 0.3648 0.0000 0.0254
012620 0.6097 0.3648 0.0000 0.0254
012640 0.6097 0.3648 0.0000 0.0254
012660 0.6097 0.3648 0.0000 0.0254
012680 0.6097 0.3648 0.0000 0.0254
012700 0.6097 0.3648 0.0000 0.0254
012720 0.6097 0.3648 0.0000 0.0254
012740 0.6097 0.3648 0.0000 0.0254
012760 0.6097 0.3648 0.0000 0.0254
012780 0.6097 0.3648 0.0000 0.0254
012800 0.6097 0.3648 0.0000 0.0254
012820 0.6097 0.3648 0.0000 0.0254
012840 0.6097 0.3648 0.0000 0.0254
012860 0.6097 0.3648 0.0000 0.0254
012880 0.6097 0.3648 0.0000 0.0254
012900 0.6097 0.3648 0.0000 0.0254
012920 0.6097 0.3648 0.0000 0.0254
012940 0.6097 0.3648 0.0000 0.0254
012960 0.6097 0.3648 0.0000 0.0254
012980 0.6097 0.3648 0.0000 0.0254
013000 0.6097 0.3648 0.0000 0.0254
013020 0.6097 0.3648 0.0000 0.0254
013040 0.6097 0.3648 0.0000 0.0254
013060 0.6097 0.3648 0.0000 0.0254
013080 0.6097 0.3648 0.0000 0.0254
013100 0.6097 0.3648 0.0000 0.0254
013120 0.6097 0.3648 0.0000 0.0254
013140 0.6097 0.3648 0.0000 0.0254
013160 0.6097 0.3648 0.0000 0.0254
013180 0.6097 0.3648 0.0000 0.0254
013200 0.6097 0.3648 0.0000 0.0254
013220 0.6097 0.3648 0.0000 0.0254
013240 0.6097 0.3648 0.0000 0.0254
013260 0.6097 0.3648 0.0000 0.0254
013280 0.6097 0.3648 0.0000 0.0254
013300 0.6097 0.3648 0.0000 0.0254
013320 0.6097 0.3648 0.0000 0.0254
013340 0.6097 0.3648 0.0000 0.0254
013360 0.6097 0.3648 0.0000 0.0254
013380 0.6097 0.3648 0.0000 0.0254
013400 0.6097 0.3648 0.0000 0.0254
013420 0.6097 0.3648 0.0000 0.0254
013440 0.6097 0.3648 0.0000 0.0254
013460 0.6097 0.3648 0.0000 0.0254
013480 0.6097 0.3648 0.0000 0.0254
013500 0.6097 0.3648 0.0000 0.0254
013520 0.6097 0.3648 0.0000 0.0254
013540 0.6097 0.3648 0.0000 0.0254
013560 0.6097 0.3648 0.0000 0.0254
013580 0.6097 0.3648 0.0000 0.0254
013600 0.6097 0.3648 0.0000 0.0254
013620 0.6097 0.3648 0.0000 0.0254
013640 0.6097 0.3648 0.0000 0.0254
013660 0.6097 0.3648 0.0000 0.0254
013680 0.6097 0.3648 0.0000 0.0254
013700 0.6097 0.3648 0.0000 0.0254
013720 0.6097 0.3648 0.0000 0.0254
013740 0.6097 0.3648 0.0000 0.0254
013760 0.6097 0.3648 0.0000 0.0254
013780 0.6097 0.3648 0.0000 0.0254
013800 0.6097 0.3648 0.0000 0.0254
013820 0.6097 0.3648 0.0000 0.0254
013840 0.6097 0.3648 0.0000 0.0254
013860 0.6097 0.3648 0.0000 0.0254
013880 0.6097 0.3648 0.0000 0.0254
013900 0.6097 0.3648 0.0000 0.0254
013920 0.6097 0.3648 0.0000 0.0254
013940 0.6097 0.3648 0.0000 0.0254
013960 0.6097 0.3648 0.0000 0.0254
013980 0.6097 0.3648 0.0000 0.0254
014000 0.6097 0.3648 0.0000 0.0254
014020 0.6097 0.3648 0.0000 0.0254
014040 0.6097 0.3648 0.0000 0.0254
014060 0.6097 0.3648 0.0000 0.0254
014080 0.6097 0.3648 0.0000 0.0254
014100 0.6097 0.3648 0.0000 0.0254
014120 0.6097 0.3648 0.0000 0.0254
014140 0.6097 0.3648 0.0000 0.0254
014160 0.6097 0.3648 0.0000 0.0254
014180 0.6097 0.3648 0.0000 0.0254
014200 0.6097 0.3648 0.0000 0.0254
014220 0.6097 0.3648 0.0000 0.0254
014240 0.6097 0.3648 0.0000 0.0254
014260 0.6097 0.3648 0.0000 0.0254
014280 0.6097 0.3648 0.0000 0.0254
014300 0.6097 0.3648 0.0000 0.0254
014320 0.6097 0.3648 0.0000 0.0254
014340 0.6097 0.3648 0.0000 0.0254
014360 0.6097 0.3648 0.0000 0.0254
014380 0.6097 0.3648 0.0000 0.0254
014400 0.6097 0.3648 0.0000 0.0254
014420 0.6097 0.3648 0.0000 0.0254
014440 0.6097 0.3648 0.0000 0.0254
014460 0.6097 0.3648 0.0000 0.0254
014480 0.6097 0.3648 0.0000 0.0254
014500 0.6097 0.3648 0.0000 0.0254
014520 0.6097 0.3648 0.0000 0.0254
014540 0.6097 0.3648 0.0000 0.0254
014560 0.6097 0.3648 0.0000 0.0254
014580 0.6097 0.3648 0.0000 0.0254
014600 0.6097 0.3648 0.0000 0.0254
014620 0.6097 0.3648 0.0000 0.0254
014640 0.6097 0.3648 0.0000 0.0254
014660 0.6097 0.3648 0.0000 0.0254
014680 0.6097 0.3648 0.0000 0.0254
014700 0.6097 0.3648 0.0000 0.0254
014720 0.6097 0.3648 0.0000 0.0254
014740 0.6097 0.3648 0.0000 0.0254
014760 0.6097 0.3648 0.0000 0.0254
014780 0.6097 0.3648 0.0000 0.0254
014800 0.6097 0.3648 0.0000 0.0254
014820 0.6097 0.3648 0.0000 0.0254
014840 0.6097 0.3648 0.0000 0.0254
014860 0.6097 0.3648 0.0000 0.0254
014880 0.6097 0.3648 0.0000 0.0254
014900 0.6097 0.3648 0.0000 0.0254
014920 0.6097 0.3648 0.0000 0.0254
014940 0.6097 0.3648 0.0000 0.0254
014960 0.6097 0.3648 0.0000 0.0254
014980 0.6097 0.3648 0.0000 0.0254
015000 0.6097 0.3648 0.0000 0.0254
015020 0.6097 0.3648 0.0000 0.0254
015040 0.6097 0.3648 0.0000 0.0254
015060 0.6097 0.3648 0.0000 0.0254
015080 0.6097 0.3648 0.0000 0.0254
015100 0.6097 0.3648 0.0000 0.0254
015120 0.6097 0.3648 0.0000 0.0254
015140 0.6097 0.3648 0.0000 0.0254
015160 0.6097 0.3648 0.0000 0.0254
015180 0.6097 0.3648 0.0000 0.0254
015200 0.6097 0.3648 0.0000 0.0254
015220 0.6097 0.3648 0.0000 0.0254
015240 0.6097 0.3648 0.0000 0.0254
015260 0.6097 0.3648 0.0000 0.0254
015280 0.6097 0.3648 0.0000 0.0254
015300 0.6097 0.3648 0.0000 0.0254
015320 0.6097 0.3648 0.0000 0.0254
015340 0.6097 0.3648 0.0000 0.0254
015360 0.6097 0.3648 0.0000 0.0254
015380 0.6097 0.3648 0.0000 0.0254
015400 0.6097 0.3648 0.0000 0.0254
015420 0.6097 0.3648 0.0000 0.0254
015440 0.6097 0.3648 0.0000 0.0254
015460 0.6097 0.3648 0.0000 0.0254
015480 0.6097 0.3648 0.0000 0.0254
015500 0.6097 0.3648 0.0000 0.0254
015520 0.6097 0.3648 0.0000 0.0254
015540 0.6097 0.3648 0.0000 0.0254
015560 0.6097 0.3648 0.0000 0.0254
015580 0.6097 0.3648 0.0000 0.0254
015600 0.6097 0.3648 0.0000 0.0254
015620 0.6097 0.3648 0.0000 0.0254
015640 0.6097 0.3648 0.0000 0.0254
015660 0.6097 0.3648 0.0000 0.0254
015680 0.6097 0.3648 0.0000 0.0254
015700 0.6097 0.3648 0.0000 0.0254
015720 0.6097 0.3648 0.0000 0.0254
015740 0.6097 0.3648 0.0000 0.0254
015760 0.6097 0.3648 0.0000 0.0254
015780 0.6097 0.3648 0.0000 0.0254
015800 0.6097 0.3648 0.0000 0.0254
015820 0.6097 0.3648 0.0000 0.0254
015840 0.6097 0.3648 0.0000 0.0254
015860 0.6097 0.3648 0.0000 0.0254
015880 0.6097 0.3648 0.0000 0.0254
015900 0.6097 0.3648 0.0000 0.0254
015920 0.6097 0.3648 0.0000 0.0254
015940 0.6097 0.3648 0.0000 0.0254
015960 0.6097 0.3648 0.0000 0.0254
015980 0.6097 0.3648 0.0000 0.0254
016000 0.6097 0.3648 0.0000 0.0254
016020 0.6097 0.3648 0.0000 0.0254
016040 0.6097 0.3648 0.0000 0.0254
016060 0.6097 0.3648 0.0000 0.0254
016080 0.6097 0.3648 0.0000 0.0254
016100 0.6097 0.3648 0.0000 0.0254
016120 0.6097 0.3648 0.0000 0.0254
016140 0.6097 0.3648 0.0000 0.0254
016160 0.6097 0.3648 0.0000 0.0254
016180 0.6097 0.3648 0.0000 0.0254
016200 0.6097 0.3648 0.0000 0.0254
016220 0.6097 0.3648 0.0000 0.0254
016240 0.6097 0.3648 0.0000 0.0254
016260 0.6097 0.3648 0.0000 0.0254
016280 0.6097 0.3648 0.0000 0.0254
016300 0.6097 0.3648 0.0000 0.0254
016320 0.6097 0.3648 0.0000 0.0254
016340 0.6097 0.3648 0.0000 0.0254
016360 0.6097 0.3648 0.0000 0.0254
016380 0.6097 0.3648 0.0000 0.0254
016400 0.6097 0.3648 0.0000 0.0254
016420 0.6097 0.3648 0.0000 0.0254
016440 0.6097 0.3648 0.0000 0.0254
016460 0.6097 0.3648 0.0000 0.0254
016480 0.6097 0.3648 0.0000 0.0254
016500 0.6097 0.3648 0.0000 0.0254
016520 0.6097 0.3648 0.0000 0.0254
016540 0.6097 0.3648 0.0000 0.0254
016560 0.6097 0.3648 0.0000 0.0254
016580 0.6097 0.3648 0.0000 0.0254
016600 0.6097 0.3648 0.0000 0.0254
016620 0.6097 0.3648 0.0000 0.0254
016640 0.6097 0.3648 0.0000 0.0254
016660 0.6097 0.3648 0.0000 0.0254
016680 0.6097 0.3648 0.0000 0.0254
016700 0.6097 0.3648 0.0000 0.0254
016720 0.6097 0.3648 0.0000 0.0254
016740 0.6097 0.3648 0.0000 0.0254
016760 0.6097 0.3648 0.0000 0.0254
016780 0.6097 0.3648 0.0000 0.0254
016800 0.6097 0.3648 0.0000 0.0254
016820 0.6097 0.3648 0.0000 0.0254
016840 0.6097 0.3648 0.0000 0.0254
016860 0.6097 0.3648 0.0000 0.0254
016880 0.6097 0.3648 0.0000 0.0254
016900 0.6097 0.3648 0.0000 0.0254
016920 0.6097 0.3648 0.0000 0.0254
016940 0.6097 0.3648 0.0000 0.0254
016960 0.6097 0.3648 0.0000 0.0254
016980 0.6097 0.3648 0.0000 0.0254
017000 0.6097 0.3648 0.0000 0.0254
017020 0.6097 0.3648 0.0000 0.0254
017040 0.6097 0.3648 0.0000 0.0254
017060 0.6097 0.3648 0.0000 0.0254
017080 0.6097 0.3648 0.0000 0.0254
017100 0.6097 0.3648 0.0000 0.0254
017120 0.6097 0.3648 0.0000 0.0254
017140 0.6097 0.3648 0.0000 0.0254
017160 0.6097 0.3648 0.0000 0.0254
017180 0.6097 0.3648 0.0000 0.0254
017200 0.6097 0.3648 0.0000 0.0254
017220 0.6097 0.3648 0.0000 0.0254
017240 0.6097 0.3648 0.0000 0.0254
017260 0.6097 0.3648 0.0000 0.0254
017280 0.6097 0.3648 0.0000 0.0254
017300 0.6097 0.3648 0.0000 0.0254
017320 0.6097 0.3648 0.0000 0.0254
017340 0.6097 0.3648 0.0000 0.0254
017360 0.6097 0.3648 0.0000 0.0254
017380 0.6097 0.3648 0.0000 0.0254
017400 0.6097 0.3648 0.0000 0.0254
017420 0.6097 0.3648 0.0000 0.0254
017440 0.6097 0.3648 0.0000 0.0254
017460 0.6097 0.3648 0.0000 0.0254
017480 0.6097 0.3648 0.0000 0.0254
017500 0.6097 0.3648 0.0000 0.0254
017520 0.6097 0.3648 0.0000 0.0254
017540 0.6097 0.3648 0.0000 0.0254
017560 0.6097 0.3648 0.0000 0.0254
017580 0.6097 0.3648 0.0000 0.0254
017600 0.6097 0.3648 0.0000 0.0254
017620 0.6097 0.3648 0.0000 0.0254
017640 0.6097 0.3648 0.0000 0.0254
017660 0.6097 0.3648 0.0000 0.0254
017680 0.6097 0.3648 0.0000 0.0254
017700 0.6097 0.3648 0.0000 0.0254
017720 0.6097 0.3648 0.0000 0.0254
017740 0.6097 0.3648 0.0000 0.0254
017760 0.6097 0.3648 0.0000 0.0254
017780 0.6097 0.3648 0.0000 0.0254
017800 0.6097 0.3648 0.0000 0.0254
017820 0.6097 0.3648 0.0000 0.0254
017840 0.6097 0.3648 0.0000 0.0254
017860 0.6097 0.3648 0.0000 0.0254
017880 0.6097 0.3648 0.0000 0.0254
017900 0.6097 0.3648 0.0000 0.0254
017920 0.6097 0.3648 0.0000 0.0254
017940 0.6097 0.3648 0.0000 0.0254
017960 0.6097 0.3648 0.0000 0.0254
017980 0.6097 0.3648 0.0000 0.0254
018000 0.6097 0.3648 0.0000 0.0254
018020 0.6097 0.3648 0.0000 0.0254
018040 0.6097 0.3648 0.0000 0.0254
018060 0.6097 0.3648 0.0000 0.0254
018080 0.6097 0.3648 0.0000 0.0254
018100 0.6097 0.3648 0.0000 0.0254
018120 0.6097 0.3648 0.0000 0.0254
018140 0.6097 0.3648 0.0000 0.0254
018160 0.6097 0.3648 0.0000 0.0254
018180 0.6097 0.3648 0.0000 0.0254
018200 0.6097 0.3648 0.0000 0.0254
018220 0.6097 0.3648 0.0000 0.0254
018240 0.6097 0.3648 0.0000 0.0254
018260 0.6097 0.3648 0.0000 0.0254
018280 0.6097 0.3648 0.0000 0.0254
018300 0.6097 0.3648 0.0000 0.0254
018320 0.6097 0.3648 0.0000 0.0254
018340 0.6097 0.3648 0.0000 0.0254
018360 0.6097 0.3648 0.0000 0.0254
018380 0.6097 0.3648 0.0000 0.0254
018400 0.6097 0.3648 0.0000 0.0254
018420 0.6097 0.3648 0.0000 0.0254
018440 0.6097 0.3648 0.0000 0.0254
018460 0.6097 0.3648 0.0000 0.0254
018480 0.6097 0.3648 0.0000 0.0254
018500 0.6097 0.3648 0.0000 0.0254
018520 0.6097 0.3648 0.0000 0.0254
018540 0.6097 0.3648 0.0000 0.0254
018560 0.6097 0.3648 0.0000 0.0254
018580 0.6097 0.3648 0.0000 0.0254
018600 0.6097 0.3648 0.0000 0.0254
018620 0.6097 0.3648 0.0000 0.0254
018640 0.6097 0.3648 0.0000 0.0254
018660 0.6097 0.3648 0.0000 0.0254
018680 0.6097 0.3648 0.0000 0.0254
018700 0.6097 0.3648 0.0000 0.0254
018720 0.6097 0.3648 0.0000 0.0254
018740 0.6097 0.3648 0.0000 0.0254
018760 0.6097 0.3648 0.0000 0.0254
018780 0.6097 0.3648 0.0000 0.0254
018800 0.6097 0.3648 0.0000 0.0254
018820 0.6097 0.3648 0.0000 0.0254
018840 0.6097 0.3648 0.0000 0.0254
018860 0.6097 0.3648 0.0000 0.0254
018880 0.6097 0.3648 0.0000 0.0254
018900 0.6097 0.3648 0.0000 0.0254
018920 0.6097 0.3648 0.0000 0.0254
018940 0.6097 0.3648 0.0000 0.0254
018960 0.6097 0.3648 0.0000 0.0254
018980 0.6097 0.3648 0.0000 0.0254
019000 0.6097 0.3648 0.0000 0.0254
019020 0.6097 0.3648 0.0000 0.0254
019040 0.6097 0.3648 0.0000 0.0254
019060 0.6097 0.3648 0.0000 0.0254
019080 0.6097 0.3648 0.0000 0.0254
019100 0.6097 0.3648 0.0000 0.0254
019120 0.6097 0.3648 0.0000 0.0254
019140 0.6097 0.3648 0.0000 0.0254
019160 0.6097 0.3648 0.0000 0.0254
019180 0.6097 0.3648 0.0000 0.0254
019200 0.6097 0.3648 0.0000 0.0254
019220 0.6097 0.3648 0.0000 0.0254
019240 0.6097 0.3648 0.0000 0.0254
019260 0.6097 0.3648 0.0000 0.0254
019280 0.6097 0.3648 0.0000 0.0254
019300 0.6097 0.3648 0.0000 0.0254
019320 0.6097 0.3648 0.0000 0.0254
019340 0.6097 0.3648 0.0000 0.0254
019360 0.6097 0.3648 0.0000 0.0254
019380 0.6097 0.3648 0.0000 0.0254
019400 0.6097 0.3648 0.0000 0.0254
019420 0.6097 0.3648 0.0000 0.0254
019440 0.6097 0.3648 0.0000 0.0254
019460 0.6097 0.3648 0.0000 0.0254
019480 0.6097 0.3648 0.0000 0.0254
019500 0.6097 0.3648 0.0000 0.0254
019520 0.6097 0.3648 0.0000 0.0254
019540 0.6097 0.3648 0.0000 0.0254
019560 0.6097 0.3648 0.0000 0.0254
019580 0.6097 0.3648 0.0000 0.0254
019600 0.6097 0.3648 0.0000 0.0254
019620 0.6097 0.3648 0.0000 0.0254
019640 0.6097 0.3648 0.0000 0.0254
019660 0.6097 0.3648 0.0000 0.0254
019680 0.6097 0.3648 0.0000 0.0254
019700 0.6097 0.3648 0.0000 0.0254
019720 0.6097 0.3648 0.0000 0.0254
019740 0.6097 0.3648 0.0000 0.0254
019760 0.6097 0.3648 0.0000 0.0254
019780 0.6097 0.3648 0.0000 0.0254
019800 0.6097 0.3648 0.0000 0.0254
019820 0.6097 0.3648 0.0000 0.0254
019840 0.6097 0.3648 0.0000 0.0254
019860 0.6097 0.3648 0.0000 0.0254
019880 0.6097 0.3648 0.0000 0.0254
019900 0.6097 0.3648 0.0000 0.0254
019920 0.6097 0.3648 0.0000 0.0254
019940 0.6097 0.3648 0.0000 0.0254
019960 0.6097 0.3648 0.0000 0.0254
019980 0.6097 0.3648 0.0000 0.0254
020000 0.6097 0.3648 0.0000 0.0254
