000000 0.2500 0.2500 0.2500 0.2500
000020 0.2591 0.2599 0.2299 0.2510
000040 0.2699 0.2705 0.2084 0.2513
000060 0.2800 0.2819 0.1872 0.2508
000080 0.2888 0.2939 0.1676 0.2496
000100 0.2968 0.3066 0.1490 0.2476
000120 0.3033 0.3213 0.1314 0.2440
000140 0.3087 0.3366 0.1144 0.2403
000160 0.3124 0.3528 0.0987 0.2361
000180 0.3142 0.3704 0.0844 0.2310
000200 0.3160 0.3873 0.0714 0.2253
000220 0.3168 0.4048 0.0593 0.2192
000240 0.3154 0.4252 0.0478 0.2116
000260 0.3140 0.4456 0.0377 0.2027
000280 0.3106 0.4669 0.0285 0.1939
000300 0.3070 0.4889 0.0207 0.1834
000320 0.3016 0.5118 0.0143 0.1723
000340 0.2937 0.5365 0.0088 0.1611
000360 0.2849 0.5618 0.0049 0.1484
000380 0.2742 0.5892 0.0019 0.1347
000400 0.2636 0.6163 0.0002 0.1199
000420 0.2528 0.6437 0.0000 0.1035
000440 0.2423 0.6724 0.0000 0.0853
000460 0.2343 0.6953 0.0000 0.0704
000480 0.2310 0.7109 0.0000 0.0581
000500 0.2295 0.7247 0.0000 0.0459
000520 0.2288 0.7348 0.0000 0.0365
000540 0.2292 0.7414 0.0000 0.0294
000560 0.2318 0.7456 0.0000 0.0227
000580 0.2384 0.7466 0.0000 0.0150
000600 0.2490 0.7404 0.0000 0.0106
000620 0.2602 0.7317 0.0000 0.0081
000640 0.2712 0.7232 0.0000 0.0056
000660 0.2843 0.7113 0.0000 0.0045
000680 0.2959 0.6998 0.0000 0.0043
000700 0.3083 0.6875 0.0000 0.0042
000720 0.3201 0.6752 0.0000 0.0047
000740 0.3291 0.6659 0.0000 0.0050
000760 0.3380 0.6564 0.0000 0.0055
000780 0.3442 0.6495 0.0000 0.0063
000800 0.3500 0.6431 0.0000 0.0069
000820 0.3539 0.6395 0.0000 0.0066
000840 0.3583 0.6350 0.0000 0.0067
000860 0.3629 0.6300 0.0000 0.0071
000880 0.3689 0.6242 0.0000 0.0070
000900 0.3726 0.6196 0.0000 0.0079
000920 0.3774 0.6153 0.0000 0.0073
000940 0.3815 0.6111 0.0000 0.0074
000960 0.3860 0.6045 0.0000 0.0095
000980 0.3878 0.6016 0.0000 0.0105
001000 0.3859 0.6022 0.0000 0.0119
001020 0.3842 0.6038 0.0000 0.0120
001040 0.3822 0.6045 0.0000 0.0133
001060 0.3815 0.6052 0.0000 0.0133
001080 0.3817 0.6046 0.0000 0.0136
001100 0.3822 0.6032 0.0000 0.0146
001120 0.3830 0.6020 0.0000 0.0150
001140 0.3856 0.6005 0.0000 0.0139
001160 0.3903 0.5962 0.0000 0.0136
001180 0.3943 0.5922 0.0000 0.0135
001200 0.3989 0.5875 0.0000 0.0135
001220 0.4071 0.5806 0.0000 0.0124
001240 0.4159 0.5717 0.0000 0.0124
001260 0.4237 0.5627 0.0000 0.0135
001280 0.4267 0.5584 0.0000 0.0150
001300 0.4346 0.5515 0.0000 0.0140
001320 0.4398 0.5451 0.0000 0.0151
001340 0.4436 0.5418 0.0000 0.0147
001360 0.4477 0.5368 0.0000 0.0154
001380 0.4509 0.5336 0.0000 0.0156
001400 0.4555 0.5290 0.0000 0.0155
001420 0.4627 0.5234 0.0000 0.0138
001440 0.4728 0.5146 0.0000 0.0125
001460 0.4832 0.5031 0.0000 0.0137
001480 0.4929 0.4924 0.0000 0.0147
001500 0.5020 0.4822 0.0000 0.0158
001520 0.5095 0.4753 0.0000 0.0153
001540 0.5189 0.4662 0.0000 0.0149
001560 0.5280 0.4574 0.0000 0.0146
001580 0.5340 0.4498 0.0000 0.0162
001600 0.5402 0.4437 0.0000 0.0161
001620 0.5448 0.4387 0.0000 0.0165
001640 0.5474 0.4353 0.0000 0.0173
001660 0.5505 0.4328 0.0000 0.0167
001680 0.5580 0.4250 0.0000 0.0170
001700 0.5623 0.4205 0.0000 0.0172
001720 0.5641 0.4170 0.0000 0.0189
001740 0.5673 0.4145 0.0000 0.0182
001760 0.5731 0.4084 0.0000 0.0185
001780 0.5778 0.4035 0.0000 0.0187
001800 0.5815 0.3980 0.0000 0.0205
001820 0.5872 0.3936 0.0000 0.0192
001840 0.5933 0.3880 0.0000 0.0187
001860 0.6001 0.3812 0.0000 0.0186
001880 0.6076 0.3747 0.0000 0.0177
001900 0.6184 0.3641 0.0000 0.0175
001920 0.6265 0.3546 0.0000 0.0189
001940 0.6279 0.3513 0.0000 0.0208
001960 0.6328 0.3456 0.0000 0.0216
001980 0.6317 0.3456 0.0000 0.0227
002000 0.6274 0.3500 0.0000 0.0226
002020 0.6256 0.3516 0.0000 0.0227
002040 0.6231 0.3532 0.0000 0.0237
002060 0.6175 0.3577 0.0000 0.0248
002080 0.6157 0.3612 0.0000 0.0231
002100 0.6157 0.3621 0.0000 0.0223
002120 0.6176 0.3609 0.0000 0.0216
002140 0.6220 0.3567 0.0000 0.0213
002160 0.6232 0.3532 0.0000 0.0236
002180 0.6219 0.3541 0.0000 0.0239
002200 0.6220 0.3556 0.0000 0.0224
002220 0.6248 0.3538 0.0000 0.0214
002240 0.6314 0.3485 0.0000 0.0201
002260 0.6382 0.3414 0.0000 0.0204
002280 0.6412 0.3381 0.0000 0.0207
002300 0.6433 0.3349 0.0000 0.0218
002320 0.6438 0.3325 0.0000 0.0237
002340 0.6407 0.3356 0.0000 0.0238
002360 0.6374 0.3391 0.0000 0.0236
002380 0.6403 0.3375 0.0000 0.0222
002400 0.6430 0.3364 0.0000 0.0206
002420 0.6465 0.3329 0.0000 0.0206
002440 0.6514 0.3274 0.0000 0.0211
002460 0.6504 0.3268 0.0000 0.0228
002480 0.6445 0.3297 0.0000 0.0258
002500 0.6348 0.3375 0.0000 0.0277
002520 0.6220 0.3481 0.0000 0.0300
002540 0.6098 0.3628 0.0000 0.0274
002560 0.6083 0.3669 0.0000 0.0248
002580 0.6106 0.3671 0.0000 0.0223
002600 0.6176 0.3618 0.0000 0.0207
002620 0.6296 0.3515 0.0000 0.0189
002640 0.6448 0.3376 0.0000 0.0176
002660 0.6525 0.3294 0.0000 0.0181
002680 0.6603 0.3216 0.0000 0.0181
002700 0.6646 0.3152 0.0000 0.0202
002720 0.6676 0.3120 0.0000 0.0204
002740 0.6684 0.3109 0.0000 0.0207
002760 0.6667 0.3122 0.0000 0.0211
002780 0.6664 0.3115 0.0000 0.0222
002800 0.6639 0.3114 0.0000 0.0246
002820 0.6559 0.3190 0.0000 0.0251
002840 0.6461 0.3287 0.0000 0.0252
002860 0.6416 0.3339 0.0000 0.0245
002880 0.6358 0.3396 0.0000 0.0246
002900 0.6295 0.3450 0.0000 0.0255
002920 0.6217 0.3502 0.0000 0.0281
002940 0.6127 0.3605 0.0000 0.0269
002960 0.6110 0.3652 0.0000 0.0238
002980 0.6158 0.3623 0.0000 0.0219
003000 0.6241 0.3538 0.0000 0.0221
003020 0.6294 0.3495 0.0000 0.0211
003040 0.6360 0.3453 0.0000 0.0187
003060 0.6463 0.3351 0.0000 0.0186
003080 0.6525 0.3273 0.0000 0.0202
003100 0.6569 0.3211 0.0000 0.0220
003120 0.6550 0.3224 0.0000 0.0226
003140 0.6498 0.3264 0.0000 0.0239
003160 0.6477 0.3284 0.0000 0.0238
003180 0.6463 0.3310 0.0000 0.0227
003200 0.6444 0.3330 0.0000 0.0226
003220 0.6423 0.3348 0.0000 0.0229
003240 0.6457 0.3319 0.0000 0.0224
003260 0.6438 0.3325 0.0000 0.0237
003280 0.6428 0.3348 0.0000 0.0224
003300 0.6428 0.3336 0.0000 0.0236
003320 0.6411 0.3353 0.0000 0.0236
003340 0.6407 0.3355 0.0000 0.0238
003360 0.6408 0.3356 0.0000 0.0236
003380 0.6419 0.3347 0.0000 0.0234
003400 0.6433 0.3332 0.0000 0.0235
003420 0.6486 0.3292 0.0000 0.0222
003440 0.6514 0.3285 0.0000 0.0201
003460 0.6584 0.3217 0.0000 0.0198
003480 0.6595 0.3196 0.0000 0.0209
003500 0.6621 0.3169 0.0000 0.0209
003520 0.6593 0.3196 0.0000 0.0211
003540 0.6612 0.3192 0.0000 0.0196
003560 0.6630 0.3168 0.0000 0.0202
003580 0.6660 0.3134 0.0000 0.0207
003600 0.6657 0.3124 0.0000 0.0219
003620 0.6668 0.3101 0.0000 0.0230
003640 0.6610 0.3145 0.0000 0.0245
003660 0.6576 0.3188 0.0000 0.0236
003680 0.6507 0.3249 0.0000 0.0243
003700 0.6436 0.3305 0.0000 0.0259
003720 0.6345 0.3387 0.0000 0.0268
003740 0.6271 0.3465 0.0000 0.0264
003760 0.6206 0.3540 0.0000 0.0253
003780 0.6173 0.3583 0.0000 0.0244
003800 0.6168 0.3589 0.0000 0.0243
003820 0.6175 0.3598 0.0000 0.0226
003840 0.6260 0.3525 0.0000 0.0216
003860 0.6350 0.3432 0.0000 0.0218
003880 0.6421 0.3376 0.0000 0.0203
003900 0.6469 0.3321 0.0000 0.0210
003920 0.6513 0.3277 0.0000 0.0210
003940 0.6516 0.3262 0.0000 0.0222
003960 0.6559 0.3234 0.0000 0.0207
003980 0.6595 0.3204 0.0000 0.0200
004000 0.6624 0.3173 0.0000 0.0204
004020 0.6626 0.3161 0.0000 0.0213
004040 0.6586 0.3184 0.0000 0.0229
004060 0.6496 0.3240 0.0000 0.0264
004080 0.6362 0.3368 0.0000 0.0270
004100 0.6279 0.3440 0.0000 0.0281
004120 0.6232 0.3519 0.0000 0.0250
004140 0.6261 0.3519 0.0000 0.0220
004160 0.6301 0.3473 0.0000 0.0226
004180 0.6312 0.3456 0.0000 0.0232
004200 0.6366 0.3417 0.0000 0.0217
004220 0.6449 0.3354 0.0000 0.0196
004240 0.6539 0.3274 0.0000 0.0186
004260 0.6626 0.3180 0.0000 0.0194
004280 0.6692 0.3111 0.0000 0.0197
004300 0.6711 0.3081 0.0000 0.0208
004320 0.6711 0.3077 0.0000 0.0212
004340 0.6726 0.3051 0.0000 0.0223
004360 0.6709 0.3075 0.0000 0.0216
004380 0.6667 0.3107 0.0000 0.0226
004400 0.6595 0.3149 0.0000 0.0257
004420 0.6508 0.3240 0.0000 0.0252
004440 0.6447 0.3317 0.0000 0.0236
004460 0.6411 0.3362 0.0000 0.0227
004480 0.6435 0.3347 0.0000 0.0218
004500 0.6496 0.3298 0.0000 0.0206
004520 0.6552 0.3235 0.0000 0.0213
004540 0.6596 0.3198 0.0000 0.0207
004560 0.6646 0.3146 0.0000 0.0207
004580 0.6681 0.3114 0.0000 0.0205
004600 0.6677 0.3106 0.0000 0.0217
004620 0.6675 0.3111 0.0000 0.0214
004640 0.6651 0.3135 0.0000 0.0214
004660 0.6663 0.3141 0.0000 0.0196
004680 0.6679 0.3117 0.0000 0.0204
004700 0.6679 0.3113 0.0000 0.0207
004720 0.6694 0.3100 0.0000 0.0205
004740 0.6702 0.3094 0.0000 0.0204
004760 0.6672 0.3098 0.0000 0.0229
004780 0.6643 0.3126 0.0000 0.0231
004800 0.6620 0.3160 0.0000 0.0220
004820 0.6586 0.3179 0.0000 0.0234
004840 0.6511 0.3230 0.0000 0.0259
004860 0.6410 0.3319 0.0000 0.0271
004880 0.6301 0.3425 0.0000 0.0274
004900 0.6190 0.3537 0.0000 0.0272
004920 0.6162 0.3584 0.0000 0.0254
004940 0.6167 0.3595 0.0000 0.0238
004960 0.6197 0.3575 0.0000 0.0228
004980 0.6236 0.3543 0.0000 0.0222
005000 0.6315 0.3468 0.0000 0.0217
005020 0.6355 0.3433 0.0000 0.0212
005040 0.6386 0.3390 0.0000 0.0224
005060 0.6399 0.3381 0.0000 0.0220
005080 0.6460 0.3332 0.0000 0.0208
005100 0.6500 0.3304 0.0000 0.0196
005120 0.6561 0.3260 0.0000 0.0179
005140 0.6621 0.3195 0.0000 0.0185
005160 0.6689 0.3127 0.0000 0.0184
005180 0.6731 0.3077 0.0000 0.0192
005200 0.6784 0.3031 0.0000 0.0186
005220 0.6845 0.2969 0.0000 0.0187
005240 0.6828 0.2967 0.0000 0.0205
005260 0.6770 0.3005 0.0000 0.0225
005280 0.6685 0.3077 0.0000 0.0238
005300 0.6610 0.3136 0.0000 0.0255
005320 0.6542 0.3196 0.0000 0.0262
005340 0.6438 0.3297 0.0000 0.0264
005360 0.6338 0.3402 0.0000 0.0260
005380 0.6226 0.3510 0.0000 0.0264
005400 0.6208 0.3554 0.0000 0.0239
005420 0.6228 0.3549 0.0000 0.0224
005440 0.6259 0.3514 0.0000 0.0227
005460 0.6284 0.3493 0.0000 0.0223
005480 0.6312 0.3463 0.0000 0.0225
005500 0.6356 0.3412 0.0000 0.0232
005520 0.6377 0.3409 0.0000 0.0215
005540 0.6455 0.3344 0.0000 0.0201
005560 0.6527 0.3262 0.0000 0.0212
005580 0.6554 0.3228 0.0000 0.0218
005600 0.6549 0.3221 0.0000 0.0229
005620 0.6499 0.3270 0.0000 0.0231
005640 0.6507 0.3290 0.0000 0.0203
005660 0.6556 0.3239 0.0000 0.0205
005680 0.6576 0.3234 0.0000 0.0190
005700 0.6625 0.3175 0.0000 0.0200
005720 0.6663 0.3130 0.0000 0.0207
005740 0.6638 0.3131 0.0000 0.0230
005760 0.6627 0.3139 0.0000 0.0234
005780 0.6589 0.3166 0.0000 0.0245
005800 0.6539 0.3232 0.0000 0.0229
005820 0.6488 0.3279 0.0000 0.0233
005840 0.6438 0.3326 0.0000 0.0237
005860 0.6402 0.3366 0.0000 0.0232
005880 0.6421 0.3350 0.0000 0.0229
005900 0.6395 0.3384 0.0000 0.0221
005920 0.6351 0.3415 0.0000 0.0235
005940 0.6323 0.3438 0.0000 0.0239
005960 0.6314 0.3457 0.0000 0.0229
005980 0.6352 0.3431 0.0000 0.0217
006000 0.6414 0.3384 0.0000 0.0202
006020 0.6563 0.3256 0.0000 0.0181
006040 0.6679 0.3152 0.0000 0.0169
006060 0.6768 0.3058 0.0000 0.0174
006080 0.6829 0.2977 0.0000 0.0194
006100 0.6814 0.2968 0.0000 0.0218
006120 0.6751 0.3016 0.0000 0.0233
006140 0.6674 0.3081 0.0000 0.0245
006160 0.6565 0.3185 0.0000 0.0250
006180 0.6492 0.3243 0.0000 0.0265
006200 0.6405 0.3333 0.0000 0.0261
006220 0.6326 0.3420 0.0000 0.0254
006240 0.6266 0.3489 0.0000 0.0245
006260 0.6265 0.3498 0.0000 0.0236
006280 0.6274 0.3496 0.0000 0.0229
006300 0.6311 0.3465 0.0000 0.0224
006320 0.6334 0.3445 0.0000 0.0221
006340 0.6350 0.3436 0.0000 0.0214
006360 0.6411 0.3389 0.0000 0.0199
006380 0.6492 0.3316 0.0000 0.0193
006400 0.6592 0.3231 0.0000 0.0178
006420 0.6705 0.3115 0.0000 0.0179
006440 0.6754 0.3055 0.0000 0.0191
006460 0.6783 0.2999 0.0000 0.0218
006480 0.6788 0.2982 0.0000 0.0230
006500 0.6761 0.3014 0.0000 0.0225
006520 0.6784 0.3009 0.0000 0.0207
006540 0.6728 0.3055 0.0000 0.0217
006560 0.6658 0.3103 0.0000 0.0239
006580 0.6622 0.3155 0.0000 0.0223
006600 0.6579 0.3190 0.0000 0.0231
006620 0.6524 0.3237 0.0000 0.0239
006640 0.6462 0.3292 0.0000 0.0246
006660 0.6408 0.3348 0.0000 0.0245
006680 0.6374 0.3388 0.0000 0.0238
006700 0.6345 0.3405 0.0000 0.0249
006720 0.6321 0.3442 0.0000 0.0237
006740 0.6345 0.3424 0.0000 0.0231
006760 0.6371 0.3395 0.0000 0.0234
006780 0.6339 0.3425 0.0000 0.0236
006800 0.6363 0.3417 0.0000 0.0221
006820 0.6421 0.3378 0.0000 0.0201
006840 0.6460 0.3333 0.0000 0.0207
006860 0.6482 0.3324 0.0000 0.0194
006880 0.6543 0.3270 0.0000 0.0187
006900 0.6602 0.3203 0.0000 0.0195
006920 0.6652 0.3145 0.0000 0.0203
006940 0.6672 0.3116 0.0000 0.0212
006960 0.6680 0.3099 0.0000 0.0220
006980 0.6622 0.3125 0.0000 0.0253
007000 0.6537 0.3200 0.0000 0.0263
007020 0.6476 0.3261 0.0000 0.0263
007040 0.6363 0.3372 0.0000 0.0266
007060 0.6296 0.3468 0.0000 0.0235
007080 0.6309 0.3476 0.0000 0.0215
007100 0.6357 0.3430 0.0000 0.0213
007120 0.6386 0.3386 0.0000 0.0228
007140 0.6392 0.3375 0.0000 0.0233
007160 0.6394 0.3379 0.0000 0.0227
007180 0.6405 0.3363 0.0000 0.0232
007200 0.6398 0.3370 0.0000 0.0232
007220 0.6375 0.3398 0.0000 0.0227
007240 0.6361 0.3405 0.0000 0.0234
007260 0.6339 0.3425 0.0000 0.0235
007280 0.6361 0.3423 0.0000 0.0215
007300 0.6405 0.3398 0.0000 0.0197
007320 0.6469 0.3325 0.0000 0.0206
007340 0.6530 0.3267 0.0000 0.0204
007360 0.6583 0.3213 0.0000 0.0205
007380 0.6623 0.3172 0.0000 0.0205
007400 0.6626 0.3138 0.0000 0.0236
007420 0.6572 0.3207 0.0000 0.0222
007440 0.6525 0.3257 0.0000 0.0218
007460 0.6505 0.3276 0.0000 0.0218
007480 0.6484 0.3285 0.0000 0.0231
007500 0.6473 0.3301 0.0000 0.0227
007520 0.6454 0.3307 0.0000 0.0239
007540 0.6403 0.3356 0.0000 0.0240
007560 0.6425 0.3355 0.0000 0.0220
007580 0.6449 0.3325 0.0000 0.0226
007600 0.6437 0.3336 0.0000 0.0227
007620 0.6416 0.3352 0.0000 0.0232
007640 0.6370 0.3385 0.0000 0.0245
007660 0.6346 0.3409 0.0000 0.0245
007680 0.6364 0.3422 0.0000 0.0214
007700 0.6423 0.3381 0.0000 0.0196
007720 0.6450 0.3334 0.0000 0.0216
007740 0.6470 0.3315 0.0000 0.0215
007760 0.6488 0.3302 0.0000 0.0210
007780 0.6494 0.3274 0.0000 0.0232
007800 0.6458 0.3305 0.0000 0.0237
007820 0.6431 0.3329 0.0000 0.0239
007840 0.6394 0.3381 0.0000 0.0225
007860 0.6397 0.3377 0.0000 0.0226
007880 0.6436 0.3349 0.0000 0.0215
007900 0.6488 0.3290 0.0000 0.0222
007920 0.6519 0.3257 0.0000 0.0225
007940 0.6513 0.3270 0.0000 0.0218
007960 0.6521 0.3256 0.0000 0.0223
007980 0.6473 0.3294 0.0000 0.0234
008000 0.6495 0.3296 0.0000 0.0209
008020 0.6532 0.3247 0.0000 0.0221
008040 0.6502 0.3272 0.0000 0.0226
008060 0.6484 0.3290 0.0000 0.0226
008080 0.6487 0.3293 0.0000 0.0220
008100 0.6492 0.3291 0.0000 0.0216
008120 0.6496 0.3281 0.0000 0.0223
008140 0.6512 0.3269 0.0000 0.0219
008160 0.6515 0.3258 0.0000 0.0227
008180 0.6477 0.3281 0.0000 0.0242
008200 0.6427 0.3324 0.0000 0.0249
008220 0.6368 0.3389 0.0000 0.0243
008240 0.6330 0.3436 0.0000 0.0234
008260 0.6310 0.3452 0.0000 0.0238
008280 0.6299 0.3474 0.0000 0.0227
008300 0.6343 0.3435 0.0000 0.0221
008320 0.6373 0.3393 0.0000 0.0233
008340 0.6387 0.3397 0.0000 0.0216
008360 0.6431 0.3367 0.0000 0.0202
008380 0.6527 0.3276 0.0000 0.0197
008400 0.6565 0.3218 0.0000 0.0217
008420 0.6593 0.3190 0.0000 0.0217
008440 0.6553 0.3212 0.0000 0.0236
008460 0.6515 0.3251 0.0000 0.0235
008480 0.6487 0.3292 0.0000 0.0221
008500 0.6511 0.3268 0.0000 0.0220
008520 0.6487 0.3271 0.0000 0.0242
008540 0.6474 0.3292 0.0000 0.0234
008560 0.6475 0.3299 0.0000 0.0226
008580 0.6455 0.3311 0.0000 0.0234
008600 0.6427 0.3321 0.0000 0.0251
008620 0.6402 0.3341 0.0000 0.0256
008640 0.6380 0.3371 0.0000 0.0249
008660 0.6350 0.3398 0.0000 0.0251
008680 0.6286 0.3446 0.0000 0.0268
008700 0.6251 0.3515 0.0000 0.0234
008720 0.6295 0.3483 0.0000 0.0222
008740 0.6345 0.3448 0.0000 0.0206
008760 0.6397 0.3407 0.0000 0.0197
008780 0.6455 0.3348 0.0000 0.0197
008800 0.6555 0.3255 0.0000 0.0190
008820 0.6614 0.3190 0.0000 0.0196
008840 0.6672 0.3133 0.0000 0.0195
008860 0.6698 0.3091 0.0000 0.0210
008880 0.6698 0.3075 0.0000 0.0228
008900 0.6682 0.3078 0.0000 0.0239
008920 0.6620 0.3127 0.0000 0.0253
008940 0.6545 0.3213 0.0000 0.0242
008960 0.6487 0.3263 0.0000 0.0250
008980 0.6411 0.3333 0.0000 0.0256
009000 0.6324 0.3422 0.0000 0.0254
009020 0.6264 0.3475 0.0000 0.0261
009040 0.6220 0.3529 0.0000 0.0251
009060 0.6194 0.3558 0.0000 0.0248
009080 0.6225 0.3539 0.0000 0.0236
009100 0.6211 0.3548 0.0000 0.0241
009120 0.6201 0.3569 0.0000 0.0230
009140 0.6240 0.3548 0.0000 0.0213
009160 0.6342 0.3454 0.0000 0.0204
009180 0.6436 0.3384 0.0000 0.0180
009200 0.6569 0.3252 0.0000 0.0178
009220 0.6706 0.3121 0.0000 0.0173
009240 0.6833 0.2993 0.0000 0.0174
009260 0.6881 0.2921 0.0000 0.0198
009280 0.6901 0.2898 0.0000 0.0201
009300 0.6897 0.2897 0.0000 0.0206
009320 0.6883 0.2907 0.0000 0.0210
009340 0.6837 0.2945 0.0000 0.0218
009360 0.6778 0.2996 0.0000 0.0226
009380 0.6688 0.3053 0.0000 0.0258
009400 0.6521 0.3200 0.0000 0.0279
009420 0.6370 0.3336 0.0000 0.0294
009440 0.6206 0.3489 0.0000 0.0305
009460 0.6061 0.3632 0.0000 0.0307
009480 0.5963 0.3745 0.0000 0.0291
009500 0.5876 0.3845 0.0000 0.0279
009520 0.5872 0.3876 0.0000 0.0252
009540 0.5923 0.3851 0.0000 0.0226
009560 0.6057 0.3741 0.0000 0.0202
009580 0.6221 0.3592 0.0000 0.0187
009600 0.6390 0.3429 0.0000 0.0181
009620 0.6538 0.3295 0.0000 0.0167
009640 0.6689 0.3154 0.0000 0.0157
009660 0.6816 0.3027 0.0000 0.0157
009680 0.6915 0.2920 0.0000 0.0165
009700 0.6977 0.2835 0.0000 0.0188
009720 0.6996 0.2823 0.0000 0.0181
009740 0.7009 0.2804 0.0000 0.0187
009760 0.6954 0.2825 0.0000 0.0221
009780 0.6849 0.2903 0.0000 0.0248
009800 0.6694 0.3037 0.0000 0.0269
009820 0.6547 0.3175 0.0000 0.0278
009840 0.6448 0.3288 0.0000 0.0264
009860 0.6363 0.3379 0.0000 0.0258
009880 0.6267 0.3468 0.0000 0.0265
009900 0.6195 0.3543 0.0000 0.0263
009920 0.6131 0.3612 0.0000 0.0257
009940 0.6060 0.3679 0.0000 0.0262
009960 0.6065 0.3705 0.0000 0.0230
009980 0.6175 0.3630 0.0000 0.0195
010000 0.6326 0.3496 0.0000 0.0177
010020 0.6456 0.3366 0.0000 0.0178
010040 0.6609 0.3215 0.0000 0.0176
010060 0.6733 0.3068 0.0000 0.0199
010080 0.6748 0.3031 0.0000 0.0221
010100 0.6688 0.3070 0.0000 0.0242
010120 0.6581 0.3157 0.0000 0.0262
010140 0.6581 0.3157 0.0000 0.0262
010160 0.6581 0.3157 0.0000 0.0262
010180 0.6581 0.3157 0.0000 0.0262
010200 0.6581 0.3157 0.0000 0.0262
010220 0.6581 0.3157 0.0000 0.0262
010240 0.6581 0.3157 0.0000 0.0262
010260 0.6581 0.3157 0.0000 0.0262
010280 0.6581 0.3157 0.0000 0.0262
010300 0.6581 0.3157 0.0000 0.0262
010320 0.6581 0.3157 0.0000 0.0262
010340 0.6581 0.3157 0.0000 0.0262
010360 0.6581 0.3157 0.0000 0.0262
010380 0.6581 0.3157 0.0000 0.0262
010400 0.6581 0.3157 0.0000 0.0262
010420 0.6581 0.3157 0.0000 0.0262
010440 0.6581 0.3157 0.0000 0.0262
010460 0.6581 0.3157 0.0000 0.0262
010480 0.6581 0.3157 0.0000 0.0262
010500 0.6581 0.3157 0.0000 0.0262
010520 0.6581 0.3157 0.0000 0.0262
010540 0.6581 0.3157 0.0000 0.0262
010560 0.6581 0.3157 0.0000 0.0262
010580 0.6581 0.3157 0.0000 0.0262
010600 0.6581 0.3157 0.0000 0.0262
010620 0.6581 0.3157 0.0000 0.0262
010640 0.6581 0.3157 0.0000 0.0262
010660 0.6581 0.3157 0.0000 0.0262
010680 0.6581 0.3157 0.0000 0.0262
010700 0.6581 0.3157 0.0000 0.0262
010720 0.6581 0.3157 0.0000 0.0262
010740 0.6581 0.3157 0.0000 0.0262
010760 0.6581 0.3157 0.0000 0.0262
010780 0.6581 0.3157 0.0000 0.0262
010800 0.6581 0.3157 0.0000 0.0262
010820 0.6581 0.3157 0.0000 0.0262
010840 0.6581 0.3157 0.0000 0.0262
010860 0.6581 0.3157 0.0000 0.0262
010880 0.6581 0.3157 0.0000 0.0262
010900 0.6581 0.3157 0.0000 0.0262
010920 0.6581 0.3157 0.0000 0.0262
010940 0.6581 0.3157 0.0000 0.0262
010960 0.6581 0.3157 0.0000 0.0262
010980 0.6581 0.3157 0.0000 0.0262
011000 0.6581 0.3157 0.0000 0.0262
011020 0.6581 0.3157 0.0000 0.0262
011040 0.6581 0.3157 0.0000 0.0262
011060 0.6581 0.3157 0.0000 0.0262
011080 0.6581 0.3157 0.0000 0.0262
011100 0.6581 0.3157 0.0000 0.0262
011120 0.6581 0.3157 0.0000 0.0262
011140 0.6581 0.3157 0.0000 0.0262
011160 0.6581 0.3157 0.0000 0.0262
011180 0.6581 0.3157 0.0000 0.0262
011200 0.6581 0.3157 0.0000 0.0262
011220 0.6581 0.3157 0.0000 0.0262
011240 0.6581 0.3157 0.0000 0.0262
011260 0.6581 0.3157 0.0000 0.0262
011280 0.6581 0.3157 0.0000 0.0262
011300 0.6581 0.3157 0.0000 0.0262
011320 0.6581 0.3157 0.0000 0.0262
011340 0.6581 0.3157 0.0000 0.0262
011360 0.6581 0.3157 0.0000 0.0262
011380 0.6581 0.3157 0.0000 0.0262
011400 0.6581 0.3157 0.0000 0.0262
011420 0.6581 0.3157 0.0000 0.0262
011440 0.6581 0.3157 0.0000 0.0262
011460 0.6581 0.3157 0.0000 0.0262
011480 0.6581 0.3157 0.0000 0.0262
011500 0.6581 0.3157 0.0000 0.0262
011520 0.6581 0.3157 0.0000 0.0262
011540 0.6581 0.3157 0.0000 0.0262
011560 0.6581 0.3157 0.0000 0.0262
011580 0.6581 0.3157 0.0000 0.0262
011600 0.6581 0.3157 0.0000 0.0262
011620 0.6581 0.3157 0.0000 0.0262
011640 0.6581 0.3157 0.0000 0.0262
011660 0.6581 0.3157 0.0000 0.0262
011680 0.6581 0.3157 0.0000 0.0262
011700 0.6581 0.3157 0.0000 0.0262
011720 0.6581 0.3157 0.0000 0.0262
011740 0.6581 0.3157 0.0000 0.0262
011760 0.6581 0.3157 0.0000 0.0262
011780 0.6581 0.3157 0.0000 0.0262
011800 0.6581 0.3157 0.0000 0.0262
011820 0.6581 0.3157 0.0000 0.0262
011840 0.6581 0.3157 0.0000 0.0262
011860 0.6581 0.3157 0.0000 0.0262
011880 0.6581 0.3157 0.0000 0.0262
011900 0.6581 0.3157 0.0000 0.0262
011920 0.6581 0.3157 0.0000 0.0262
011940 0.6581 0.3157 0.0000 0.0262
011960 0.6581 0.3157 0.0000 0.0262
011980 0.6581 0.3157 0.0000 0.0262
012000 0.6581 0.3157 0.0000 0.0262
012020 0.6581 0.3157 0.0000 0.0262
012040 0.6581 0.3157 0.0000 0.0262
012060 0.6581 0.3157 0.0000 0.0262
012080 0.6581 0.3157 0.0000 0.0262
012100 0.6581 0.3157 0.0000 0.0262
012120 0.6581 0.3157 0.0000 0.0262
012140 0.6581 0.3157 0.0000 0.0262
012160 0.6581 0.3157 0.0000 0.0262
012180 0.6581 0.3157 0.0000 0.0262
012200 0.6581 0.3157 0.0000 0.0262
012220 0.6581 0.3157 0.0000 0.0262
012240 0.6581 0.3157 0.0000 0.0262
012260 0.6581 0.3157 0.0000 0.0262
012280 0.6581 0.3157 0.0000 0.0262
012300 0.6581 0.3157 0.0000 0.0262
012320 0.6581 0.3157 0.0000 0.0262
012340 0.6581 0.3157 0.0000 0.0262
012360 0.6581 0.3157 0.0000 0.0262
012380 0.6581 0.3157 0.0000 0.0262
012400 0.6581 0.3157 0.0000 0.0262
012420 0.6581 0.3157 0.0000 0.0262
012440 0.6581 0.3157 0.0000 0.0262
012460 0.6581 0.3157 0.0000 0.0262
012480 0.6581 0.3157 0.0000 0.0262
012500 0.6581 0.3157 0.0000 0.0262
012520 0.6581 0.3157 0.0000 0.0262
012540 0.6581 0.3157 0.0000 0.0262
012560 0.6581 0.3157 0.0000 0.0262
012580 0.6581 0.3157 0.0000 0.0262
012600 0.6581 0.3157 0.0000 0.0262
012620 0.6581 0.3157 0.0000 0.0262
012640 0.6581 0.3157 0.0000 0.0262
012660 0.6581 0.3157 0.0000 0.0262
012680 0.6581 0.3157 0.0000 0.0262
012700 0.6581 0.3157 0.0000 0.0262
012720 0.6581 0.3157 0.0000 0.0262
012740 0.6581 0.3157 0.0000 0.0262
012760 0.6581 0.3157 0.0000 0.0262
012780 0.6581 0.3157 0.0000 0.0262
012800 0.6581 0.3157 0.0000 0.0262
012820 0.6581 0.3157 0.0000 0.0262
012840 0.6581 0.3157 0.0000 0.0262
012860 0.6581 0.3157 0.0000 0.0262
012880 0.6581 0.3157 0.0000 0.0262
012900 0.6581 0.3157 0.0000 0.0262
012920 0.6581 0.3157 0.0000 0.0262
012940 0.6581 0.3157 0.0000 0.0262
012960 0.6581 0.3157 0.0000 0.0262
012980 0.6581 0.3157 0.0000 0.0262
013000 0.6581 0.3157 0.0000 0.0262
013020 0.6581 0.3157 0.0000 0.0262
013040 0.6581 0.3157 0.0000 0.0262
013060 0.6581 0.3157 0.0000 0.0262
013080 0.6581 0.3157 0.0000 0.0262
013100 0.6581 0.3157 0.0000 0.0262
013120 0.6581 0.3157 0.0000 0.0262
013140 0.6581 0.3157 0.0000 0.0262
013160 0.6581 0.3157 0.0000 0.0262
013180 0.6581 0.3157 0.0000 0.0262
013200 0.6581 0.3157 0.0000 0.0262
013220 0.6581 0.3157 0.0000 0.0262
013240 0.6581 0.3157 0.0000 0.0262
013260 0.6581 0.3157 0.0000 0.0262
013280 0.6581 0.3157 0.0000 0.0262
013300 0.6581 0.3157 0.0000 0.0262
013320 0.6581 0.3157 0.0000 0.0262
013340 0.6581 0.3157 0.0000 0.0262
013360 0.6581 0.3157 0.0000 0.0262
013380 0.6581 0.3157 0.0000 0.0262
013400 0.6581 0.3157 0.0000 0.0262
013420 0.6581 0.3157 0.0000 0.0262
013440 0.6581 0.3157 0.0000 0.0262
013460 0.6581 0.3157 0.0000 0.0262
013480 0.6581 0.3157 0.0000 0.0262
013500 0.6581 0.3157 0.0000 0.0262
013520 0.6581 0.3157 0.0000 0.0262
013540 0.6581 0.3157 0.0000 0.0262
013560 0.6581 0.3157 0.0000 0.0262
013580 0.6581 0.3157 0.0000 0.0262
013600 0.6581 0.3157 0.0000 0.0262
013620 0.6581 0.3157 0.0000 0.0262
013640 0.6581 0.3157 0.0000 0.0262
013660 0.6581 0.3157 0.0000 0.0262
013680 0.6581 0.3157 0.0000 0.0262
013700 0.6581 0.3157 0.0000 0.0262
013720 0.6581 0.3157 0.0000 0.0262
013740 0.6581 0.3157 0.0000 0.0262
013760 0.6581 0.3157 0.0000 0.0262
013780 0.6581 0.3157 0.0000 0.0262
013800 0.6581 0.3157 0.0000 0.0262
013820 0.6581 0.3157 0.0000 0.0262
013840 0.6581 0.3157 0.0000 0.0262
013860 0.6581 0.3157 0.0000 0.0262
013880 0.6581 0.3157 0.0000 0.0262
013900 0.6581 0.3157 0.0000 0.0262
013920 0.6581 0.3157 0.0000 0.0262
013940 0.6581 0.3157 0.0000 0.0262
013960 0.6581 0.3157 0.0000 0.0262
013980 0.6581 0.3157 0.0000 0.0262
014000 0.6581 0.3157 0.0000 0.0262
014020 0.6581 0.3157 0.0000 0.0262
014040 0.6581 0.3157 0.0000 0.0262
014060 0.6581 0.3157 0.0000 0.0262
014080 0.6581 0.3157 0.0000 0.0262
014100 0.6581 0.3157 0.0000 0.0262
014120 0.6581 0.3157 0.0000 0.0262
014140 0.6581 0.3157 0.0000 0.0262
014160 0.6581 0.3157 0.0000 0.0262
014180 0.6581 0.3157 0.0000 0.0262
014200 0.6581 0.3157 0.0000 0.0262
014220 0.6581 0.3157 0.0000 0.0262
014240 0.6581 0.3157 0.0000 0.0262
014260 0.6581 0.3157 0.0000 0.0262
014280 0.6581 0.3157 0.0000 0.0262
014300 0.6581 0.3157 0.0000 0.0262
014320 0.6581 0.3157 0.0000 0.0262
014340 0.6581 0.3157 0.0000 0.0262
014360 0.6581 0.3157 0.0000 0.0262
014380 0.6581 0.3157 0.0000 0.0262
014400 0.6581 0.3157 0.0000 0.0262
014420 0.6581 0.3157 0.0000 0.0262
014440 0.6581 0.3157 0.0000 0.0262
014460 0.6581 0.3157 0.0000 0.0262
014480 0.6581 0.3157 0.0000 0.0262
014500 0.6581 0.3157 0.0000 0.0262
014520 0.6581 0.3157 0.0000 0.0262
014540 0.6581 0.3157 0.0000 0.0262
014560 0.6581 0.3157 0.0000 0.0262
014580 0.6581 0.3157 0.0000 0.0262
014600 0.6581 0.3157 0.0000 0.0262
014620 0.6581 0.3157 0.0000 0.0262
014640 0.6581 0.3157 0.0000 0.0262
014660 0.6581 0.3157 0.0000 0.0262
014680 0.6581 0.3157 0.0000 0.0262
014700 0.6581 0.3157 0.0000 0.0262
014720 0.6581 0.3157 0.0000 0.0262
014740 0.6581 0.3157 0.0000 0.0262
014760 0.6581 0.3157 0.0000 0.0262
014780 0.6581 0.3157 0.0000 0.0262
014800 0.6581 0.3157 0.0000 0.0262
014820 0.6581 0.3157 0.0000 0.0262
014840 0.6581 0.3157 0.0000 0.0262
014860 0.6581 0.3157 0.0000 0.0262
014880 0.6581 0.3157 0.0000 0.0262
014900 0.6581 0.3157 0.0000 0.0262
014920 0.6581 0.3157 0.0000 0.0262
014940 0.6581 0.3157 0.0000 0.0262
014960 0.6581 0.3157 0.0000 0.0262
014980 0.6581 0.3157 0.0000 0.0262
015000 0.6581 0.3157 0.0000 0.0262
015020 0.6581 0.3157 0.0000 0.0262
015040 0.6581 0.3157 0.0000 0.0262
015060 0.6581 0.3157 0.0000 0.0262
015080 0.6581 0.3157 0.0000 0.0262
015100 0.6581 0.3157 0.0000 0.0262
015120 0.6581 0.3157 0.0000 0.0262
015140 0.6581 0.3157 0.0000 0.0262
015160 0.6581 0.3157 0.0000 0.0262
015180 0.6581 0.3157 0.0000 0.0262
015200 0.6581 0.3157 0.0000 0.0262
015220 0.6581 0.3157 0.0000 0.0262
015240 0.6581 0.3157 0.0000 0.0262
015260 0.6581 0.3157 0.0000 0.0262
015280 0.6581 0.3157 0.0000 0.0262
015300 0.6581 0.3157 0.0000 0.0262
015320 0.6581 0.3157 0.0000 0.0262
015340 0.6581 0.3157 0.0000 0.0262
015360 0.6581 0.3157 0.0000 0.0262
015380 0.6581 0.3157 0.0000 0.0262
015400 0.6581 0.3157 0.0000 0.0262
015420 0.6581 0.3157 0.0000 0.0262
015440 0.6581 0.3157 0.0000 0.0262
015460 0.6581 0.3157 0.0000 0.0262
015480 0.6581 0.3157 0.0000 0.0262
015500 0.6581 0.3157 0.0000 0.0262
015520 0.6581 0.3157 0.0000 0.0262
015540 0.6581 0.3157 0.0000 0.0262
015560 0.6581 0.3157 0.0000 0.0262
015580 0.6581 0.3157 0.0000 0.0262
015600 0.6581 0.3157 0.0000 0.0262
015620 0.6581 0.3157 0.0000 0.0262
015640 0.6581 0.3157 0.0000 0.0262
015660 0.6581 0.3157 0.0000 0.0262
015680 0.6581 0.3157 0.0000 0.0262
015700 0.6581 0.3157 0.0000 0.0262
015720 0.6581 0.3157 0.0000 0.0262
015740 0.6581 0.3157 0.0000 0.0262
015760 0.6581 0.3157 0.0000 0.0262
015780 0.6581 0.3157 0.0000 0.0262
015800 0.6581 0.3157 0.0000 0.0262
015820 0.6581 0.3157 0.0000 0.0262
015840 0.6581 0.3157 0.0000 0.0262
015860 0.6581 0.3157 0.0000 0.0262
015880 0.6581 0.3157 0.0000 0.0262
015900 0.6581 0.3157 0.0000 0.0262
015920 0.6581 0.3157 0.0000 0.0262
015940 0.6581 0.3157 0.0000 0.0262
015960 0.6581 0.3157 0.0000 0.0262
015980 0.6581 0.3157 0.0000 0.0262
016000 0.6581 0.3157 0.0000 0.0262
016020 0.6581 0.3157 0.0000 0.0262
016040 0.6581 0.3157 0.0000 0.0262
016060 0.6581 0.3157 0.0000 0.0262
016080 0.6581 0.3157 0.0000 0.0262
016100 0.6581 0.3157 0.0000 0.0262
016120 0.6581 0.3157 0.0000 0.0262
016140 0.6581 0.3157 0.0000 0.0262
016160 0.6581 0.3157 0.0000 0.0262
016180 0.6581 0.3157 0.0000 0.0262
016200 0.6581 0.3157 0.0000 0.0262
016220 0.6581 0.3157 0.0000 0.0262
016240 0.6581 0.3157 0.0000 0.0262
016260 0.6581 0.3157 0.0000 0.0262
016280 0.6581 0.3157 0.0000 0.0262
016300 0.6581 0.3157 0.0000 0.0262
016320 0.6581 0.3157 0.0000 0.0262
016340 0.6581 0.3157 0.0000 0.0262
016360 0.6581 0.3157 0.0000 0.0262
016380 0.6581 0.3157 0.0000 0.0262
016400 0.6581 0.3157 0.0000 0.0262
016420 0.6581 0.3157 0.0000 0.0262
016440 0.6581 0.3157 0.0000 0.0262
016460 0.6581 0.3157 0.0000 0.0262
016480 0.6581 0.3157 0.0000 0.0262
016500 0.6581 0.3157 0.0000 0.0262
016520 0.6581 0.3157 0.0000 0.0262
016540 0.6581 0.3157 0.0000 0.0262
016560 0.6581 0.3157 0.0000 0.0262
016580 0.6581 0.3157 0.0000 0.0262
016600 0.6581 0.3157 0.0000 0.0262
016620 0.6581 0.3157 0.0000 0.0262
016640 0.6581 0.3157 0.0000 0.0262
016660 0.6581 0.3157 0.0000 0.0262
016680 0.6581 0.3157 0.0000 0.0262
016700 0.6581 0.3157 0.0000 0.0262
016720 0.6581 0.3157 0.0000 0.0262
016740 0.6581 0.3157 0.0000 0.0262
016760 0.6581 0.3157 0.0000 0.0262
016780 0.6581 0.3157 0.0000 0.0262
016800 0.6581 0.3157 0.0000 0.0262
016820 0.6581 0.3157 0.0000 0.0262
016840 0.6581 0.3157 0.0000 0.0262
016860 0.6581 0.3157 0.0000 0.0262
016880 0.6581 0.3157 0.0000 0.0262
016900 0.6581 0.3157 0.0000 0.0262
016920 0.6581 0.3157 0.0000 0.0262
016940 0.6581 0.3157 0.0000 0.0262
016960 0.6581 0.3157 0.0000 0.0262
016980 0.6581 0.3157 0.0000 0.0262
017000 0.6581 0.3157 0.0000 0.0262
017020 0.6581 0.3157 0.0000 0.0262
017040 0.6581 0.3157 0.0000 0.0262
017060 0.6581 0.3157 0.0000 0.0262
017080 0.6581 0.3157 0.0000 0.0262
017100 0.6581 0.3157 0.0000 0.0262
017120 0.6581 0.3157 0.0000 0.0262
017140 0.6581 0.3157 0.0000 0.0262
017160 0.6581 0.3157 0.0000 0.0262
017180 0.6581 0.3157 0.0000 0.0262
017200 0.6581 0.3157 0.0000 0.0262
017220 0.6581 0.3157 0.0000 0.0262
017240 0.6581 0.3157 0.0000 0.0262
017260 0.6581 0.3157 0.0000 0.0262
017280 0.6581 0.3157 0.0000 0.0262
017300 0.6581 0.3157 0.0000 0.0262
017320 0.6581 0.3157 0.0000 0.0262
017340 0.6581 0.3157 0.0000 0.0262
017360 0.6581 0.3157 0.0000 0.0262
017380 0.6581 0.3157 0.0000 0.0262
017400 0.6581 0.3157 0.0000 0.0262
017420 0.6581 0.3157 0.0000 0.0262
017440 0.6581 0.3157 0.0000 0.0262
017460 0.6581 0.3157 0.0000 0.0262
017480 0.6581 0.3157 0.0000 0.0262
017500 0.6581 0.3157 0.0000 0.0262
017520 0.6581 0.3157 0.0000 0.0262
017540 0.6581 0.3157 0.0000 0.0262
017560 0.6581 0.3157 0.0000 0.0262
017580 0.6581 0.3157 0.0000 0.0262
017600 0.6581 0.3157 0.0000 0.0262
017620 0.6581 0.3157 0.0000 0.0262
017640 0.6581 0.3157 0.0000 0.0262
017660 0.6581 0.3157 0.0000 0.0262
017680 0.6581 0.3157 0.0000 0.0262
017700 0.6581 0.3157 0.0000 0.0262
017720 0.6581 0.3157 0.0000 0.0262
017740 0.6581 0.3157 0.0000 0.0262
017760 0.6581 0.3157 0.0000 0.0262
017780 0.6581 0.3157 0.0000 0.0262
017800 0.6581 0.3157 0.0000 0.0262
017820 0.6581 0.3157 0.0000 0.0262
017840 0.6581 0.3157 0.0000 0.0262
017860 0.6581 0.3157 0.0000 0.0262
017880 0.6581 0.3157 0.0000 0.0262
017900 0.6581 0.3157 0.0000 0.0262
017920 0.6581 0.3157 0.0000 0.0262
017940 0.6581 0.3157 0.0000 0.0262
017960 0.6581 0.3157 0.0000 0.0262
017980 0.6581 0.3157 0.0000 0.0262
018000 0.6581 0.3157 0.0000 0.0262
018020 0.6581 0.3157 0.0000 0.0262
018040 0.6581 0.3157 0.0000 0.0262
018060 0.6581 0.3157 0.0000 0.0262
018080 0.6581 0.3157 0.0000 0.0262
018100 0.6581 0.3157 0.0000 0.0262
018120 0.6581 0.3157 0.0000 0.0262
018140 0.6581 0.3157 0.0000 0.0262
018160 0.6581 0.3157 0.0000 0.0262
018180 0.6581 0.3157 0.0000 0.0262
018200 0.6581 0.3157 0.0000 0.0262
018220 0.6581 0.3157 0.0000 0.0262
018240 0.6581 0.3157 0.0000 0.0262
018260 0.6581 0.3157 0.0000 0.0262
018280 0.6581 0.3157 0.0000 0.0262
018300 0.6581 0.3157 0.0000 0.0262
018320 0.6581 0.3157 0.0000 0.0262
018340 0.6581 0.3157 0.0000 0.0262
018360 0.6581 0.3157 0.0000 0.0262
018380 0.6581 0.3157 0.0000 0.0262
018400 0.6581 0.3157 0.0000 0.0262
018420 0.6581 0.3157 0.0000 0.0262
018440 0.6581 0.3157 0.0000 0.0262
018460 0.6581 0.3157 0.0000 0.0262
018480 0.6581 0.3157 0.0000 0.0262
018500 0.6581 0.3157 0.0000 0.0262
018520 0.6581 0.3157 0.0000 0.0262
018540 0.6581 0.3157 0.0000 0.0262
018560 0.6581 0.3157 0.0000 0.0262
018580 0.6581 0.3157 0.0000 0.0262
018600 0.6581 0.3157 0.0000 0.0262
018620 0.6581 0.3157 0.0000 0.0262
018640 0.6581 0.3157 0.0000 0.0262
018660 0.6581 0.3157 0.0000 0.0262
018680 0.6581 0.3157 0.0000 0.0262
018700 0.6581 0.3157 0.0000 0.0262
018720 0.6581 0.3157 0.0000 0.0262
018740 0.6581 0.3157 0.0000 0.0262
018760 0.6581 0.3157 0.0000 0.0262
018780 0.6581 0.3157 0.0000 0.0262
018800 0.6581 0.3157 0.0000 0.0262
018820 0.6581 0.3157 0.0000 0.0262
018840 0.6581 0.3157 0.0000 0.0262
018860 0.6581 0.3157 0.0000 0.0262
018880 0.6581 0.3157 0.0000 0.0262
018900 0.6581 0.3157 0.0000 0.0262
018920 0.6581 0.3157 0.0000 0.0262
018940 0.6581 0.3157 0.0000 0.0262
018960 0.6581 0.3157 0.0000 0.0262
018980 0.6581 0.3157 0.0000 0.0262
019000 0.6581 0.3157 0.0000 0.0262
019020 0.6581 0.3157 0.0000 0.0262
019040 0.6581 0.3157 0.0000 0.0262
019060 0.6581 0.3157 0.0000 0.0262
019080 0.6581 0.3157 0.0000 0.0262
019100 0.6581 0.3157 0.0000 0.0262
019120 0.6581 0.3157 0.0000 0.0262
019140 0.6581 0.3157 0.0000 0.0262
019160 0.6581 0.3157 0.0000 0.0262
019180 0.6581 0.3157 0.0000 0.0262
019200 0.6581 0.3157 0.0000 0.0262
019220 0.6581 0.3157 0.0000 0.0262
019240 0.6581 0.3157 0.0000 0.0262
019260 0.6581 0.3157 0.0000 0.0262
019280 0.6581 0.3157 0.0000 0.0262
019300 0.6581 0.3157 0.0000 0.0262
019320 0.6581 0.3157 0.0000 0.0262
019340 0.6581 0.3157 0.0000 0.0262
019360 0.6581 0.3157 0.0000 0.0262
019380 0.6581 0.3157 0.0000 0.0262
019400 0.6581 0.3157 0.0000 0.0262
019420 0.6581 0.3157 0.0000 0.0262
019440 0.6581 0.3157 0.0000 0.0262
019460 0.6581 0.3157 0.0000 0.0262
019480 0.6581 0.3157 0.0000 0.0262
019500 0.6581 0.3157 0.0000 0.0262
019520 0.6581 0.3157 0.0000 0.0262
019540 0.6581 0.3157 0.0000 0.0262
019560 0.6581 0.3157 0.0000 0.0262
019580 0.6581 0.3157 0.0000 0.0262
019600 0.6581 0.3157 0.0000 0.0262
019620 0.6581 0.3157 0.0000 0.0262
019640 0.6581 0.3157 0.0000 0.0262
019660 0.6581 0.3157 0.0000 0.0262
019680 0.6581 0.3157 0.0000 0.0262
019700 0.6581 0.3157 0.0000 0.0262
019720 0.6581 0.3157 0.0000 0.0262
019740 0.6581 0.3157 0.0000 0.0262
019760 0.6581 0.3157 0.0000 0.0262
019780 0.6581 0.3157 0.0000 0.0262
019800 0.6581 0.3157 0.0000 0.0262
019820 0.6581 0.3157 0.0000 0.0262
019840 0.6581 0.3157 0.0000 0.0262
019860 0.6581 0.3157 0.0000 0.0262
019880 0.6581 0.3157 0.0000 0.0262
019900 0.6581 0.3157 0.0000 0.0262
019920 0.6581 0.3157 0.0000 0.0262
019940 0.6581 0.3157 0.0000 0.0262
019960 0.6581 0.3157 0.0000 0.0262
019980 0.6581 0.3157 0.0000 0.0262
020000 0.6581 0.3157 0.0000 0.0262
