000000 0.2500 0.2500 0.2500 0.2500
000020 0.2595 0.2591 0.2297 0.2516
000040 0.2707 0.2690 0.2081 0.2523
000060 0.2810 0.2800 0.1868 0.2522
000080 0.2909 0.2916 0.1665 0.2510
000100 0.2999 0.3038 0.1473 0.2490
000120 0.3067 0.3174 0.1292 0.2467
000140 0.3123 0.3322 0.1124 0.2431
000160 0.3172 0.3471 0.0967 0.2391
000180 0.3207 0.3627 0.0825 0.2342
000200 0.3229 0.3795 0.0695 0.2281
000220 0.3232 0.3977 0.0576 0.2215
000240 0.3237 0.4155 0.0464 0.2144
000260 0.3227 0.4344 0.0365 0.2065
000280 0.3209 0.4538 0.0278 0.1976
000300 0.3188 0.4732 0.0203 0.1877
000320 0.3147 0.4949 0.0139 0.1765
000340 0.3113 0.5158 0.0086 0.1644
000360 0.3065 0.5370 0.0048 0.1517
000380 0.3004 0.5585 0.0019 0.1392
000400 0.2925 0.5816 0.0003 0.1256
000420 0.2839 0.6052 0.0000 0.1109
000440 0.2777 0.6296 0.0000 0.0927
000460 0.2722 0.6523 0.0000 0.0755
000480 0.2681 0.6687 0.0000 0.0632
000500 0.2662 0.6827 0.0000 0.0511
000520 0.2660 0.6930 0.0000 0.0410
000540 0.2653 0.7011 0.0000 0.0336
000560 0.2671 0.7055 0.0000 0.0273
000580 0.2716 0.7072 0.0000 0.0211
000600 0.2803 0.7046 0.0000 0.0151
000620 0.2929 0.6946 0.0000 0.0124
000640 0.3041 0.6844 0.0000 0.0115
000660 0.3157 0.6739 0.0000 0.0104
000680 0.3272 0.6618 0.0000 0.0109
000700 0.3365 0.6518 0.0000 0.0117
000720 0.3435 0.6443 0.0000 0.0122
000740 0.3531 0.6343 0.0000 0.0126
000760 0.3599 0.6279 0.0000 0.0122
000780 0.3687 0.6197 0.0000 0.0116
000800 0.3749 0.6116 0.0000 0.0135
000820 0.3779 0.6080 0.0000 0.0141
000840 0.3813 0.6036 0.0000 0.0151
000860 0.3868 0.5984 0.0000 0.0149
000880 0.3910 0.5935 0.0000 0.0155
000900 0.3952 0.5884 0.0000 0.0164
000920 0.3994 0.5836 0.0000 0.0170
000940 0.3997 0.5817 0.0000 0.0187
000960 0.4017 0.5795 0.0000 0.0188
000980 0.4043 0.5769 0.0000 0.0188
001000 0.4055 0.5747 0.0000 0.0198
001020 0.4081 0.5712 0.0000 0.0207
001040 0.4104 0.5704 0.0000 0.0193
001060 0.4134 0.5663 0.0000 0.0203
001080 0.4177 0.5614 0.0000 0.0209
001100 0.4218 0.5566 0.0000 0.0215
001120 0.4262 0.5527 0.0000 0.0212
001140 0.4325 0.5458 0.0000 0.0217
001160 0.4391 0.5381 0.0000 0.0228
001180 0.4438 0.5325 0.0000 0.0236
001200 0.4503 0.5268 0.0000 0.0229
001220 0.4561 0.5207 0.0000 0.0232
001240 0.4624 0.5132 0.0000 0.0244
001260 0.4682 0.5078 0.0000 0.0240
001280 0.4765 0.4991 0.0000 0.0243
001300 0.4832 0.4911 0.0000 0.0257
001320 0.4895 0.4846 0.0000 0.0259
001340 0.4944 0.4785 0.0000 0.0271
001360 0.5001 0.4728 0.0000 0.0271
001380 0.5064 0.4662 0.0000 0.0273
001400 0.5100 0.4623 0.0000 0.0277
001420 0.5168 0.4564 0.0000 0.0268
001440 0.5279 0.4451 0.0000 0.0270
001460 0.5383 0.4328 0.0000 0.0289
001480 0.5407 0.4280 0.0000 0.0313
001500 0.5393 0.4267 0.0000 0.0340
001520 0.5378 0.4277 0.0000 0.0344
001540 0.5397 0.4281 0.0000 0.0323
001560 0.5423 0.4258 0.0000 0.0319
001580 0.5459 0.4214 0.0000 0.0327
001600 0.5510 0.4147 0.0000 0.0343
001620 0.5556 0.4108 0.0000 0.0336
001640 0.5621 0.4067 0.0000 0.0313
001660 0.5722 0.3967 0.0000 0.0311
001680 0.5805 0.3874 0.0000 0.0321
001700 0.5841 0.3817 0.0000 0.0342
001720 0.5871 0.3779 0.0000 0.0350
001740 0.5907 0.3767 0.0000 0.0327
001760 0.5990 0.3683 0.0000 0.0327
001780 0.6003 0.3652 0.0000 0.0345
001800 0.5939 0.3681 0.0000 0.0381
001820 0.5880 0.3750 0.0000 0.0370
001840 0.5883 0.3752 0.0000 0.0365
001860 0.5896 0.3745 0.0000 0.0358
001880 0.5942 0.3728 0.0000 0.0330
001900 0.6041 0.3631 0.0000 0.0329
001920 0.6054 0.3592 0.0000 0.0354
001940 0.6010 0.3613 0.0000 0.0377
001960 0.5965 0.3659 0.0000 0.0376
001980 0.5918 0.3708 0.0000 0.0374
002000 0.5928 0.3720 0.0000 0.0353
002020 0.5976 0.3670 0.0000 0.0354
002040 0.5976 0.3657 0.0000 0.0367
002060 0.5982 0.3634 0.0000 0.0384
002080 0.5974 0.3646 0.0000 0.0380
002100 0.5981 0.3652 0.0000 0.0367
002120 0.5977 0.3653 0.0000 0.0369
002140 0.5999 0.3634 0.0000 0.0367
002160 0.5997 0.3633 0.0000 0.0370
002180 0.5928 0.3683 0.0000 0.0389
002200 0.5898 0.3717 0.0000 0.0385
002220 0.5931 0.3703 0.0000 0.0366
002240 0.6035 0.3630 0.0000 0.0335
002260 0.6182 0.3497 0.0000 0.0321
002280 0.6272 0.3385 0.0000 0.0343
002300 0.6278 0.3369 0.0000 0.0353
002320 0.6183 0.3427 0.0000 0.0391
002340 0.6083 0.3513 0.0000 0.0404
002360 0.5972 0.3606 0.0000 0.0423
002380 0.5879 0.3723 0.0000 0.0398
002400 0.5801 0.3788 0.0000 0.0411
002420 0.5777 0.3833 0.0000 0.0390
002440 0.5869 0.3798 0.0000 0.0333
002460 0.5999 0.3680 0.0000 0.0321
002480 0.6146 0.3532 0.0000 0.0322
002500 0.6230 0.3433 0.0000 0.0338
002520 0.6204 0.3416 0.0000 0.0381
002540 0.6130 0.3497 0.0000 0.0373
002560 0.6073 0.3557 0.0000 0.0369
002580 0.6031 0.3601 0.0000 0.0368
002600 0.6011 0.3626 0.0000 0.0363
002620 0.5983 0.3645 0.0000 0.0373
002640 0.5998 0.3630 0.0000 0.0372
002660 0.6010 0.3622 0.0000 0.0368
002680 0.5999 0.3628 0.0000 0.0373
002700 0.5937 0.3674 0.0000 0.0389
002720 0.5916 0.3699 0.0000 0.0385
002740 0.5937 0.3685 0.0000 0.0377
002760 0.5981 0.3648 0.0000 0.0371
002780 0.6080 0.3578 0.0000 0.0343
002800 0.6132 0.3504 0.0000 0.0364
002820 0.6136 0.3494 0.0000 0.0370
002840 0.6144 0.3492 0.0000 0.0365
002860 0.6126 0.3512 0.0000 0.0362
002880 0.6082 0.3542 0.0000 0.0376
002900 0.6006 0.3597 0.0000 0.0397
002920 0.5894 0.3696 0.0000 0.0410
002940 0.5795 0.3798 0.0000 0.0407
002960 0.5761 0.3845 0.0000 0.0394
002980 0.5810 0.3833 0.0000 0.0358
003000 0.5958 0.3709 0.0000 0.0333
003020 0.6060 0.3588 0.0000 0.0352
003040 0.6090 0.3533 0.0000 0.0377
003060 0.6083 0.3531 0.0000 0.0386
003080 0.6089 0.3542 0.0000 0.0369
003100 0.6108 0.3532 0.0000 0.0359
003120 0.6119 0.3522 0.0000 0.0358
003140 0.6127 0.3502 0.0000 0.0370
003160 0.6098 0.3509 0.0000 0.0393
003180 0.6085 0.3526 0.0000 0.0389
003200 0.6045 0.3576 0.0000 0.0379
003220 0.5945 0.3654 0.0000 0.0401
003240 0.5869 0.3725 0.0000 0.0405
003260 0.5798 0.3782 0.0000 0.0421
003280 0.5819 0.3818 0.0000 0.0363
003300 0.5921 0.3737 0.0000 0.0341
003320 0.6059 0.3624 0.0000 0.0317
003340 0.6182 0.3507 0.0000 0.0312
003360 0.6269 0.3404 0.0000 0.0328
003380 0.6286 0.3349 0.0000 0.0366
003400 0.6230 0.3388 0.0000 0.0382
003420 0.6110 0.3483 0.0000 0.0407
003440 0.5991 0.3606 0.0000 0.0403
003460 0.5888 0.3706 0.0000 0.0406
003480 0.5834 0.3776 0.0000 0.0390
003500 0.5821 0.3800 0.0000 0.0378
003520 0.5879 0.3760 0.0000 0.0361
003540 0.5996 0.3662 0.0000 0.0343
003560 0.6125 0.3555 0.0000 0.0320
003580 0.6251 0.3443 0.0000 0.0306
003600 0.6320 0.3365 0.0000 0.0315
003620 0.6386 0.3284 0.0000 0.0330
003640 0.6403 0.3244 0.0000 0.0353
003660 0.6295 0.3311 0.0000 0.0393
003680 0.6175 0.3424 0.0000 0.0401
003700 0.6044 0.3556 0.0000 0.0400
003720 0.5973 0.3640 0.0000 0.0387
003740 0.5939 0.3694 0.0000 0.0367
003760 0.5939 0.3681 0.0000 0.0380
003780 0.5963 0.3674 0.0000 0.0363
003800 0.6015 0.3632 0.0000 0.0353
003820 0.6059 0.3595 0.0000 0.0346
003840 0.6060 0.3573 0.0000 0.0368
003860 0.6056 0.3583 0.0000 0.0361
003880 0.6033 0.3607 0.0000 0.0360
003900 0.6056 0.3595 0.0000 0.0349
003920 0.6126 0.3534 0.0000 0.0340
003940 0.6128 0.3502 0.0000 0.0369
003960 0.6147 0.3477 0.0000 0.0376
003980 0.6118 0.3496 0.0000 0.0386
004000 0.6119 0.3509 0.0000 0.0372
004020 0.6155 0.3501 0.0000 0.0344
004040 0.6149 0.3481 0.0000 0.0369
004060 0.6107 0.3497 0.0000 0.0396
004080 0.6046 0.3569 0.0000 0.0385
004100 0.5986 0.3636 0.0000 0.0379
004120 0.5926 0.3689 0.0000 0.0386
004140 0.5919 0.3688 0.0000 0.0393
004160 0.5923 0.3706 0.0000 0.0371
004180 0.5946 0.3692 0.0000 0.0362
004200 0.6022 0.3639 0.0000 0.0340
004220 0.6128 0.3537 0.0000 0.0335
004240 0.6208 0.3441 0.0000 0.0351
004260 0.6230 0.3409 0.0000 0.0361
004280 0.6193 0.3440 0.0000 0.0367
004300 0.6109 0.3502 0.0000 0.0389
004320 0.6043 0.3567 0.0000 0.0391
004340 0.6003 0.3630 0.0000 0.0367
004360 0.6041 0.3616 0.0000 0.0343
004380 0.6081 0.3571 0.0000 0.0347
004400 0.6133 0.3519 0.0000 0.0348
004420 0.6178 0.3461 0.0000 0.0361
004440 0.6184 0.3461 0.0000 0.0355
004460 0.6182 0.3450 0.0000 0.0368
004480 0.6169 0.3452 0.0000 0.0379
004500 0.6116 0.3507 0.0000 0.0377
004520 0.6031 0.3587 0.0000 0.0382
004540 0.5985 0.3646 0.0000 0.0369
004560 0.5980 0.3656 0.0000 0.0364
004580 0.6041 0.3608 0.0000 0.0351
004600 0.6143 0.3521 0.0000 0.0336
004620 0.6264 0.3414 0.0000 0.0322
004640 0.6316 0.3336 0.0000 0.0348
004660 0.6287 0.3350 0.0000 0.0363
004680 0.6274 0.3372 0.0000 0.0354
004700 0.6207 0.3402 0.0000 0.0391
004720 0.6040 0.3536 0.0000 0.0424
004740 0.5950 0.3659 0.0000 0.0392
004760 0.5949 0.3693 0.0000 0.0358
004780 0.5949 0.3674 0.0000 0.0376
004800 0.5920 0.3691 0.0000 0.0389
004820 0.5927 0.3703 0.0000 0.0370
004840 0.5999 0.3648 0.0000 0.0353
004860 0.6046 0.3598 0.0000 0.0357
004880 0.6067 0.3577 0.0000 0.0356
004900 0.6076 0.3564 0.0000 0.0360
004920 0.6066 0.3550 0.0000 0.0384
004940 0.6032 0.3598 0.0000 0.0370
004960 0.6042 0.3597 0.0000 0.0361
004980 0.6065 0.3563 0.0000 0.0372
005000 0.6055 0.3577 0.0000 0.0368
005020 0.6054 0.3570 0.0000 0.0376
005040 0.6074 0.3561 0.0000 0.0366
005060 0.6064 0.3569 0.0000 0.0366
005080 0.6077 0.3557 0.0000 0.0366
005100 0.6059 0.3556 0.0000 0.0385
005120 0.6041 0.3578 0.0000 0.0381
005140 0.6045 0.3603 0.0000 0.0352
005160 0.6106 0.3554 0.0000 0.0340
005180 0.6141 0.3509 0.0000 0.0350
005200 0.6173 0.3465 0.0000 0.0362
005220 0.6116 0.3489 0.0000 0.0395
005240 0.6040 0.3563 0.0000 0.0397
005260 0.5954 0.3656 0.0000 0.0390
005280 0.5897 0.3717 0.0000 0.0386
005300 0.5917 0.3724 0.0000 0.0358
005320 0.5944 0.3695 0.0000 0.0361
005340 0.5958 0.3682 0.0000 0.0361
005360 0.5947 0.3668 0.0000 0.0385
005380 0.5941 0.3672 0.0000 0.0387
005400 0.5989 0.3653 0.0000 0.0358
005420 0.6035 0.3617 0.0000 0.0348
005440 0.6093 0.3540 0.0000 0.0367
005460 0.6119 0.3506 0.0000 0.0375
005480 0.6148 0.3497 0.0000 0.0356
005500 0.6173 0.3461 0.0000 0.0365
005520 0.6154 0.3473 0.0000 0.0373
005540 0.6113 0.3515 0.0000 0.0373
005560 0.6065 0.3553 0.0000 0.0381
005580 0.6027 0.3586 0.0000 0.0387
005600 0.5968 0.3625 0.0000 0.0407
005620 0.5918 0.3697 0.0000 0.0385
005640 0.5904 0.3729 0.0000 0.0367
005660 0.5940 0.3706 0.0000 0.0355
005680 0.5995 0.3644 0.0000 0.0362
005700 0.6018 0.3601 0.0000 0.0381
005720 0.6017 0.3615 0.0000 0.0369
005740 0.6041 0.3602 0.0000 0.0357
005760 0.6087 0.3563 0.0000 0.0350
005780 0.6104 0.3530 0.0000 0.0366
005800 0.6073 0.3541 0.0000 0.0386
005820 0.5986 0.3603 0.0000 0.0411
005840 0.5872 0.3720 0.0000 0.0409
005860 0.5862 0.3767 0.0000 0.0371
005880 0.5907 0.3747 0.0000 0.0346
005900 0.5951 0.3701 0.0000 0.0348
005920 0.6013 0.3639 0.0000 0.0348
005940 0.6093 0.3552 0.0000 0.0355
005960 0.6143 0.3487 0.0000 0.0371
005980 0.6150 0.3483 0.0000 0.0368
006000 0.6165 0.3469 0.0000 0.0366
006020 0.6108 0.3509 0.0000 0.0383
006040 0.6049 0.3575 0.0000 0.0375
006060 0.5966 0.3633 0.0000 0.0400
006080 0.5885 0.3734 0.0000 0.0381
006100 0.5879 0.3751 0.0000 0.0370
006120 0.5970 0.3664 0.0000 0.0366
006140 0.6059 0.3588 0.0000 0.0353
006160 0.6096 0.3536 0.0000 0.0368
006180 0.6116 0.3515 0.0000 0.0369
006200 0.6105 0.3525 0.0000 0.0371
006220 0.6126 0.3515 0.0000 0.0359
006240 0.6103 0.3527 0.0000 0.0370
006260 0.6054 0.3560 0.0000 0.0386
006280 0.5960 0.3643 0.0000 0.0398
006300 0.5964 0.3643 0.0000 0.0393
006320 0.5941 0.3680 0.0000 0.0379
006340 0.5934 0.3693 0.0000 0.0373
006360 0.5937 0.3675 0.0000 0.0388
006380 0.5948 0.3672 0.0000 0.0380
006400 0.5958 0.3672 0.0000 0.0370
006420 0.5985 0.3660 0.0000 0.0355
006440 0.6066 0.3593 0.0000 0.0340
006460 0.6115 0.3549 0.0000 0.0336
006480 0.6176 0.3492 0.0000 0.0332
006500 0.6167 0.3470 0.0000 0.0363
006520 0.6145 0.3482 0.0000 0.0373
006540 0.6140 0.3492 0.0000 0.0368
006560 0.6131 0.3493 0.0000 0.0376
006580 0.6125 0.3522 0.0000 0.0353
006600 0.6138 0.3494 0.0000 0.0367
006620 0.6065 0.3531 0.0000 0.0405
006640 0.5959 0.3629 0.0000 0.0412
006660 0.5886 0.3733 0.0000 0.0380
006680 0.5896 0.3744 0.0000 0.0360
006700 0.5882 0.3739 0.0000 0.0379
006720 0.5811 0.3788 0.0000 0.0401
006740 0.5819 0.3818 0.0000 0.0363
006760 0.5948 0.3730 0.0000 0.0322
006780 0.6112 0.3580 0.0000 0.0308
006800 0.6310 0.3389 0.0000 0.0301
006820 0.6446 0.3230 0.0000 0.0324
006840 0.6411 0.3227 0.0000 0.0362
006860 0.6269 0.3333 0.0000 0.0398
006880 0.6093 0.3483 0.0000 0.0424
006900 0.5982 0.3625 0.0000 0.0393
006920 0.5930 0.3680 0.0000 0.0390
006940 0.5946 0.3689 0.0000 0.0365
006960 0.6022 0.3629 0.0000 0.0349
006980 0.6071 0.3562 0.0000 0.0366
007000 0.6087 0.3533 0.0000 0.0380
007020 0.6037 0.3575 0.0000 0.0388
007040 0.5993 0.3626 0.0000 0.0380
007060 0.5948 0.3676 0.0000 0.0376
007080 0.5926 0.3695 0.0000 0.0379
007100 0.5920 0.3712 0.0000 0.0368
007120 0.5981 0.3664 0.0000 0.0355
007140 0.6076 0.3572 0.0000 0.0352
007160 0.6177 0.3479 0.0000 0.0343
007180 0.6221 0.3414 0.0000 0.0365
007200 0.6207 0.3435 0.0000 0.0359
007220 0.6193 0.3435 0.0000 0.0373
007240 0.6093 0.3492 0.0000 0.0415
007260 0.6012 0.3585 0.0000 0.0403
007280 0.5940 0.3641 0.0000 0.0419
007300 0.5876 0.3727 0.0000 0.0397
007320 0.5824 0.3795 0.0000 0.0382
007340 0.5830 0.3799 0.0000 0.0371
007360 0.5896 0.3763 0.0000 0.0341
007380 0.6002 0.3658 0.0000 0.0341
007400 0.6107 0.3545 0.0000 0.0349
007420 0.6183 0.3472 0.0000 0.0345
007440 0.6213 0.3435 0.0000 0.0353
007460 0.6205 0.3426 0.0000 0.0369
007480 0.6196 0.3419 0.0000 0.0385
007500 0.6100 0.3495 0.0000 0.0405
007520 0.6024 0.3599 0.0000 0.0376
007540 0.6004 0.3636 0.0000 0.0360
007560 0.6016 0.3610 0.0000 0.0374
007580 0.6052 0.3586 0.0000 0.0362
007600 0.6050 0.3577 0.0000 0.0373
007620 0.6040 0.3572 0.0000 0.0389
007640 0.5996 0.3627 0.0000 0.0376
007660 0.5992 0.3630 0.0000 0.0378
007680 0.5969 0.3652 0.0000 0.0378
007700 0.5964 0.3656 0.0000 0.0380
007720 0.5982 0.3644 0.0000 0.0373
007740 0.6056 0.3596 0.0000 0.0347
007760 0.6146 0.3513 0.0000 0.0341
007780 0.6171 0.3477 0.0000 0.0352
007800 0.6162 0.3475 0.0000 0.0364
007820 0.6119 0.3508 0.0000 0.0372
007840 0.6090 0.3545 0.0000 0.0365
007860 0.6110 0.3539 0.0000 0.0351
007880 0.6158 0.3503 0.0000 0.0339
007900 0.6224 0.3435 0.0000 0.0341
007920 0.6259 0.3387 0.0000 0.0354
007940 0.6261 0.3381 0.0000 0.0359
007960 0.6229 0.3389 0.0000 0.0382
007980 0.6127 0.3486 0.0000 0.0387
008000 0.6010 0.3583 0.0000 0.0407
008020 0.5939 0.3662 0.0000 0.0399
008040 0.5898 0.3734 0.0000 0.0369
008060 0.5915 0.3727 0.0000 0.0358
008080 0.5914 0.3715 0.0000 0.0371
008100 0.5957 0.3679 0.0000 0.0364
008120 0.6020 0.3625 0.0000 0.0356
008140 0.6026 0.3603 0.0000 0.0371
008160 0.6041 0.3586 0.0000 0.0373
008180 0.5995 0.3614 0.0000 0.0392
008200 0.5970 0.3659 0.0000 0.0370
008220 0.6028 0.3614 0.0000 0.0357
008240 0.6082 0.3556 0.0000 0.0361
008260 0.6066 0.3548 0.0000 0.0386
008280 0.6037 0.3576 0.0000 0.0387
008300 0.6000 0.3611 0.0000 0.0389
008320 0.5981 0.3637 0.0000 0.0382
008340 0.6012 0.3627 0.0000 0.0361
008360 0.6077 0.3569 0.0000 0.0355
008380 0.6104 0.3528 0.0000 0.0367
008400 0.6102 0.3527 0.0000 0.0372
008420 0.6079 0.3532 0.0000 0.0389
008440 0.6045 0.3576 0.0000 0.0378
008460 0.6033 0.3580 0.0000 0.0386
008480 0.6011 0.3604 0.0000 0.0385
008500 0.6001 0.3593 0.0000 0.0406
008520 0.5926 0.3663 0.0000 0.0411
008540 0.5884 0.3726 0.0000 0.0390
008560 0.5909 0.3728 0.0000 0.0363
008580 0.5979 0.3670 0.0000 0.0351
008600 0.6047 0.3610 0.0000 0.0344
008620 0.6104 0.3547 0.0000 0.0348
008640 0.6122 0.3514 0.0000 0.0364
008660 0.6119 0.3525 0.0000 0.0357
008680 0.6162 0.3494 0.0000 0.0344
008700 0.6179 0.3459 0.0000 0.0362
008720 0.6142 0.3463 0.0000 0.0395
008740 0.6095 0.3509 0.0000 0.0395
008760 0.6048 0.3561 0.0000 0.0391
008780 0.6020 0.3604 0.0000 0.0376
008800 0.6054 0.3600 0.0000 0.0347
008820 0.6110 0.3537 0.0000 0.0352
008840 0.6154 0.3497 0.0000 0.0349
008860 0.6177 0.3460 0.0000 0.0364
008880 0.6170 0.3467 0.0000 0.0363
008900 0.6139 0.3499 0.0000 0.0362
008920 0.6107 0.3512 0.0000 0.0380
008940 0.6013 0.3588 0.0000 0.0399
008960 0.5919 0.3669 0.0000 0.0412
008980 0.5855 0.3755 0.0000 0.0390
009000 0.5812 0.3795 0.0000 0.0393
009020 0.5818 0.3838 0.0000 0.0344
009040 0.5925 0.3740 0.0000 0.0334
009060 0.6056 0.3616 0.0000 0.0328
009080 0.6203 0.3473 0.0000 0.0324
009100 0.6284 0.3365 0.0000 0.0351
009120 0.6268 0.3364 0.0000 0.0368
009140 0.6205 0.3393 0.0000 0.0402
009160 0.6073 0.3520 0.0000 0.0407
009180 0.5976 0.3630 0.0000 0.0394
009200 0.5897 0.3697 0.0000 0.0406
009220 0.5887 0.3713 0.0000 0.0400
009240 0.5882 0.3730 0.0000 0.0388
009260 0.5895 0.3722 0.0000 0.0382
009280 0.5942 0.3703 0.0000 0.0355
009300 0.6006 0.3645 0.0000 0.0348
009320 0.6045 0.3581 0.0000 0.0374
009340 0.6022 0.3586 0.0000 0.0392
009360 0.6028 0.3599 0.0000 0.0373
009380 0.6035 0.3605 0.0000 0.0360
009400 0.6073 0.3567 0.0000 0.0361
009420 0.6107 0.3553 0.0000 0.0340
009440 0.6105 0.3540 0.0000 0.0354
009460 0.6078 0.3539 0.0000 0.0383
009480 0.6055 0.3577 0.0000 0.0368
009500 0.6038 0.3595 0.0000 0.0366
009520 0.6036 0.3587 0.0000 0.0377
009540 0.6018 0.3598 0.0000 0.0384
009560 0.6002 0.3640 0.0000 0.0358
009580 0.6052 0.3592 0.0000 0.0356
009600 0.6054 0.3576 0.0000 0.0370
009620 0.6056 0.3569 0.0000 0.0375
009640 0.6027 0.3586 0.0000 0.0388
009660 0.6042 0.3567 0.0000 0.0391
009680 0.6014 0.3590 0.0000 0.0396
009700 0.5959 0.3666 0.0000 0.0375
009720 0.6013 0.3650 0.0000 0.0337
009740 0.6103 0.3559 0.0000 0.0339
009760 0.6200 0.3464 0.0000 0.0336
009780 0.6282 0.3371 0.0000 0.0347
009800 0.6267 0.3381 0.0000 0.0352
009820 0.6286 0.3376 0.0000 0.0338
009840 0.6265 0.3366 0.0000 0.0369
009860 0.6172 0.3434 0.0000 0.0394
009880 0.6085 0.3516 0.0000 0.0398
009900 0.5977 0.3611 0.0000 0.0412
009920 0.5889 0.3714 0.0000 0.0397
009940 0.5878 0.3734 0.0000 0.0389
009960 0.5904 0.3729 0.0000 0.0367
009980 0.5977 0.3682 0.0000 0.0341
010000 0.6052 0.3615 0.0000 0.0334
010020 0.6089 0.3559 0.0000 0.0352
010040 0.6124 0.3519 0.0000 0.0357
010060 0.6207 0.3458 0.0000 0.0336
010080 0.6251 0.3408 0.0000 0.0341
010100 0.6273 0.3382 0.0000 0.0346
010120 0.6273 0.3382 0.0000 0.0346
010140 0.6273 0.3382 0.0000 0.0346
010160 0.6273 0.3382 0.0000 0.0346
010180 0.6273 0.3382 0.0000 0.0346
010200 0.6273 0.3382 0.0000 0.0346
010220 0.6273 0.3382 0.0000 0.0346
010240 0.6273 0.3382 0.0000 0.0346
010260 0.6273 0.3382 0.0000 0.0346
010280 0.6273 0.3382 0.0000 0.0346
010300 0.6273 0.3382 0.0000 0.0346
010320 0.6273 0.3382 0.0000 0.0346
010340 0.6273 0.3382 0.0000 0.0346
010360 0.6273 0.3382 0.0000 0.0346
010380 0.6273 0.3382 0.0000 0.0346
010400 0.6273 0.3382 0.0000 0.0346
010420 0.6273 0.3382 0.0000 0.0346
010440 0.6273 0.3382 0.0000 0.0346
010460 0.6273 0.3382 0.0000 0.0346
010480 0.6273 0.3382 0.0000 0.0346
010500 0.6273 0.3382 0.0000 0.0346
010520 0.6273 0.3382 0.0000 0.0346
010540 0.6273 0.3382 0.0000 0.0346
010560 0.6273 0.3382 0.0000 0.0346
010580 0.6273 0.3382 0.0000 0.0346
010600 0.6273 0.3382 0.0000 0.0346
010620 0.6273 0.3382 0.0000 0.0346
010640 0.6273 0.3382 0.0000 0.0346
010660 0.6273 0.3382 0.0000 0.0346
010680 0.6273 0.3382 0.0000 0.0346
010700 0.6273 0.3382 0.0000 0.0346
010720 0.6273 0.3382 0.0000 0.0346
010740 0.6273 0.3382 0.0000 0.0346
010760 0.6273 0.3382 0.0000 0.0346
010780 0.6273 0.3382 0.0000 0.0346
010800 0.6273 0.3382 0.0000 0.0346
010820 0.6273 0.3382 0.0000 0.0346
010840 0.6273 0.3382 0.0000 0.0346
010860 0.6273 0.3382 0.0000 0.0346
010880 0.6273 0.3382 0.0000 0.0346
010900 0.6273 0.3382 0.0000 0.0346
010920 0.6273 0.3382 0.0000 0.0346
010940 0.6273 0.3382 0.0000 0.0346
010960 0.6273 0.3382 0.0000 0.0346
010980 0.6273 0.3382 0.0000 0.0346
011000 0.6273 0.3382 0.0000 0.0346
011020 0.6273 0.3382 0.0000 0.0346
011040 0.6273 0.3382 0.0000 0.0346
011060 0.6273 0.3382 0.0000 0.0346
011080 0.6273 0.3382 0.0000 0.0346
011100 0.6273 0.3382 0.0000 0.0346
011120 0.6273 0.3382 0.0000 0.0346
011140 0.6273 0.3382 0.0000 0.0346
011160 0.6273 0.3382 0.0000 0.0346
011180 0.6273 0.3382 0.0000 0.0346
011200 0.6273 0.3382 0.0000 0.0346
011220 0.6273 0.3382 0.0000 0.0346
011240 0.6273 0.3382 0.0000 0.0346
011260 0.6273 0.3382 0.0000 0.0346
011280 0.6273 0.3382 0.0000 0.0346
011300 0.6273 0.3382 0.0000 0.0346
011320 0.6273 0.3382 0.0000 0.0346
011340 0.6273 0.3382 0.0000 0.0346
011360 0.6273 0.3382 0.0000 0.0346
011380 0.6273 0.3382 0.0000 0.0346
011400 0.6273 0.3382 0.0000 0.0346
011420 0.6273 0.3382 0.0000 0.0346
011440 0.6273 0.3382 0.0000 0.0346
011460 0.6273 0.3382 0.0000 0.0346
011480 0.6273 0.3382 0.0000 0.0346
011500 0.6273 0.3382 0.0000 0.0346
011520 0.6273 0.3382 0.0000 0.0346
011540 0.6273 0.3382 0.0000 0.0346
011560 0.6273 0.3382 0.0000 0.0346
011580 0.6273 0.3382 0.0000 0.0346
011600 0.6273 0.3382 0.0000 0.0346
011620 0.6273 0.3382 0.0000 0.0346
011640 0.6273 0.3382 0.0000 0.0346
011660 0.6273 0.3382 0.0000 0.0346
011680 0.6273 0.3382 0.0000 0.0346
011700 0.6273 0.3382 0.0000 0.0346
011720 0.6273 0.3382 0.0000 0.0346
011740 0.6273 0.3382 0.0000 0.0346
011760 0.6273 0.3382 0.0000 0.0346
011780 0.6273 0.3382 0.0000 0.0346
011800 0.6273 0.3382 0.0000 0.0346
011820 0.6273 0.3382 0.0000 0.0346
011840 0.6273 0.3382 0.0000 0.0346
011860 0.6273 0.3382 0.0000 0.0346
011880 0.6273 0.3382 0.0000 0.0346
011900 0.6273 0.3382 0.0000 0.0346
011920 0.6273 0.3382 0.0000 0.0346
011940 0.6273 0.3382 0.0000 0.0346
011960 0.6273 0.3382 0.0000 0.0346
011980 0.6273 0.3382 0.0000 0.0346
012000 0.6273 0.3382 0.0000 0.0346
012020 0.6273 0.3382 0.0000 0.0346
012040 0.6273 0.3382 0.0000 0.0346
012060 0.6273 0.3382 0.0000 0.0346
012080 0.6273 0.3382 0.0000 0.0346
012100 0.6273 0.3382 0.0000 0.0346
012120 0.6273 0.3382 0.0000 0.0346
012140 0.6273 0.3382 0.0000 0.0346
012160 0.6273 0.3382 0.0000 0.0346
012180 0.6273 0.3382 0.0000 0.0346
012200 0.6273 0.3382 0.0000 0.0346
012220 0.6273 0.3382 0.0000 0.0346
012240 0.6273 0.3382 0.0000 0.0346
012260 0.6273 0.3382 0.0000 0.0346
012280 0.6273 0.3382 0.0000 0.0346
012300 0.6273 0.3382 0.0000 0.0346
012320 0.6273 0.3382 0.0000 0.0346
012340 0.6273 0.3382 0.0000 0.0346
012360 0.6273 0.3382 0.0000 0.0346
012380 0.6273 0.3382 0.0000 0.0346
012400 0.6273 0.3382 0.0000 0.0346
012420 0.6273 0.3382 0.0000 0.0346
012440 0.6273 0.3382 0.0000 0.0346
012460 0.6273 0.3382 0.0000 0.0346
012480 0.6273 0.3382 0.0000 0.0346
012500 0.6273 0.3382 0.0000 0.0346
012520 0.6273 0.3382 0.0000 0.0346
012540 0.6273 0.3382 0.0000 0.0346
012560 0.6273 0.3382 0.0000 0.0346
012580 0.6273 0.3382 0.0000 0.0346
012600 0.6273 0.3382 0.0000 0.0346
012620 0.6273 0.3382 0.0000 0.0346
012640 0.6273 0.3382 0.0000 0.0346
012660 0.6273 0.3382 0.0000 0.0346
012680 0.6273 0.3382 0.0000 0.0346
012700 0.6273 0.3382 0.0000 0.0346
012720 0.6273 0.3382 0.0000 0.0346
012740 0.6273 0.3382 0.0000 0.0346
012760 0.6273 0.3382 0.0000 0.0346
012780 0.6273 0.3382 0.0000 0.0346
012800 0.6273 0.3382 0.0000 0.0346
012820 0.6273 0.3382 0.0000 0.0346
012840 0.6273 0.3382 0.0000 0.0346
012860 0.6273 0.3382 0.0000 0.0346
012880 0.6273 0.3382 0.0000 0.0346
012900 0.6273 0.3382 0.0000 0.0346
012920 0.6273 0.3382 0.0000 0.0346
012940 0.6273 0.3382 0.0000 0.0346
012960 0.6273 0.3382 0.0000 0.0346
012980 0.6273 0.3382 0.0000 0.0346
013000 0.6273 0.3382 0.0000 0.0346
013020 0.6273 0.3382 0.0000 0.0346
013040 0.6273 0.3382 0.0000 0.0346
013060 0.6273 0.3382 0.0000 0.0346
013080 0.6273 0.3382 0.0000 0.0346
013100 0.6273 0.3382 0.0000 0.0346
013120 0.6273 0.3382 0.0000 0.0346
013140 0.6273 0.3382 0.0000 0.0346
013160 0.6273 0.3382 0.0000 0.0346
013180 0.6273 0.3382 0.0000 0.0346
013200 0.6273 0.3382 0.0000 0.0346
013220 0.6273 0.3382 0.0000 0.0346
013240 0.6273 0.3382 0.0000 0.0346
013260 0.6273 0.3382 0.0000 0.0346
013280 0.6273 0.3382 0.0000 0.0346
013300 0.6273 0.3382 0.0000 0.0346
013320 0.6273 0.3382 0.0000 0.0346
013340 0.6273 0.3382 0.0000 0.0346
013360 0.6273 0.3382 0.0000 0.0346
013380 0.6273 0.3382 0.0000 0.0346
013400 0.6273 0.3382 0.0000 0.0346
013420 0.6273 0.3382 0.0000 0.0346
013440 0.6273 0.3382 0.0000 0.0346
013460 0.6273 0.3382 0.0000 0.0346
013480 0.6273 0.3382 0.0000 0.0346
013500 0.6273 0.3382 0.0000 0.0346
013520 0.6273 0.3382 0.0000 0.0346
013540 0.6273 0.3382 0.0000 0.0346
013560 0.6273 0.3382 0.0000 0.0346
013580 0.6273 0.3382 0.0000 0.0346
013600 0.6273 0.3382 0.0000 0.0346
013620 0.6273 0.3382 0.0000 0.0346
013640 0.6273 0.3382 0.0000 0.0346
013660 0.6273 0.3382 0.0000 0.0346
013680 0.6273 0.3382 0.0000 0.0346
013700 0.6273 0.3382 0.0000 0.0346
013720 0.6273 0.3382 0.0000 0.0346
013740 0.6273 0.3382 0.0000 0.0346
013760 0.6273 0.3382 0.0000 0.0346
013780 0.6273 0.3382 0.0000 0.0346
013800 0.6273 0.3382 0.0000 0.0346
013820 0.6273 0.3382 0.0000 0.0346
013840 0.6273 0.3382 0.0000 0.0346
013860 0.6273 0.3382 0.0000 0.0346
013880 0.6273 0.3382 0.0000 0.0346
013900 0.6273 0.3382 0.0000 0.0346
013920 0.6273 0.3382 0.0000 0.0346
013940 0.6273 0.3382 0.0000 0.0346
013960 0.6273 0.3382 0.0000 0.0346
013980 0.6273 0.3382 0.0000 0.0346
014000 0.6273 0.3382 0.0000 0.0346
014020 0.6273 0.3382 0.0000 0.0346
014040 0.6273 0.3382 0.0000 0.0346
014060 0.6273 0.3382 0.0000 0.0346
014080 0.6273 0.3382 0.0000 0.0346
014100 0.6273 0.3382 0.0000 0.0346
014120 0.6273 0.3382 0.0000 0.0346
014140 0.6273 0.3382 0.0000 0.0346
014160 0.6273 0.3382 0.0000 0.0346
014180 0.6273 0.3382 0.0000 0.0346
014200 0.6273 0.3382 0.0000 0.0346
014220 0.6273 0.3382 0.0000 0.0346
014240 0.6273 0.3382 0.0000 0.0346
014260 0.6273 0.3382 0.0000 0.0346
014280 0.6273 0.3382 0.0000 0.0346
014300 0.6273 0.3382 0.0000 0.0346
014320 0.6273 0.3382 0.0000 0.0346
014340 0.6273 0.3382 0.0000 0.0346
014360 0.6273 0.3382 0.0000 0.0346
014380 0.6273 0.3382 0.0000 0.0346
014400 0.6273 0.3382 0.0000 0.0346
014420 0.6273 0.3382 0.0000 0.0346
014440 0.6273 0.3382 0.0000 0.0346
014460 0.6273 0.3382 0.0000 0.0346
014480 0.6273 0.3382 0.0000 0.0346
014500 0.6273 0.3382 0.0000 0.0346
014520 0.6273 0.3382 0.0000 0.0346
014540 0.6273 0.3382 0.0000 0.0346
014560 0.6273 0.3382 0.0000 0.0346
014580 0.6273 0.3382 0.0000 0.0346
014600 0.6273 0.3382 0.0000 0.0346
014620 0.6273 0.3382 0.0000 0.0346
014640 0.6273 0.3382 0.0000 0.0346
014660 0.6273 0.3382 0.0000 0.0346
014680 0.6273 0.3382 0.0000 0.0346
014700 0.6273 0.3382 0.0000 0.0346
014720 0.6273 0.3382 0.0000 0.0346
014740 0.6273 0.3382 0.0000 0.0346
014760 0.6273 0.3382 0.0000 0.0346
014780 0.6273 0.3382 0.0000 0.0346
014800 0.6273 0.3382 0.0000 0.0346
014820 0.6273 0.3382 0.0000 0.0346
014840 0.6273 0.3382 0.0000 0.0346
014860 0.6273 0.3382 0.0000 0.0346
014880 0.6273 0.3382 0.0000 0.0346
014900 0.6273 0.3382 0.0000 0.0346
014920 0.6273 0.3382 0.0000 0.0346
014940 0.6273 0.3382 0.0000 0.0346
014960 0.6273 0.3382 0.0000 0.0346
014980 0.6273 0.3382 0.0000 0.0346
015000 0.6273 0.3382 0.0000 0.0346
015020 0.6273 0.3382 0.0000 0.0346
015040 0.6273 0.3382 0.0000 0.0346
015060 0.6273 0.3382 0.0000 0.0346
015080 0.6273 0.3382 0.0000 0.0346
015100 0.6273 0.3382 0.0000 0.0346
015120 0.6273 0.3382 0.0000 0.0346
015140 0.6273 0.3382 0.0000 0.0346
015160 0.6273 0.3382 0.0000 0.0346
015180 0.6273 0.3382 0.0000 0.0346
015200 0.6273 0.3382 0.0000 0.0346
015220 0.6273 0.3382 0.0000 0.0346
015240 0.6273 0.3382 0.0000 0.0346
015260 0.6273 0.3382 0.0000 0.0346
015280 0.6273 0.3382 0.0000 0.0346
015300 0.6273 0.3382 0.0000 0.0346
015320 0.6273 0.3382 0.0000 0.0346
015340 0.6273 0.3382 0.0000 0.0346
015360 0.6273 0.3382 0.0000 0.0346
015380 0.6273 0.3382 0.0000 0.0346
015400 0.6273 0.3382 0.0000 0.0346
015420 0.6273 0.3382 0.0000 0.0346
015440 0.6273 0.3382 0.0000 0.0346
015460 0.6273 0.3382 0.0000 0.0346
015480 0.6273 0.3382 0.0000 0.0346
015500 0.6273 0.3382 0.0000 0.0346
015520 0.6273 0.3382 0.0000 0.0346
015540 0.6273 0.3382 0.0000 0.0346
015560 0.6273 0.3382 0.0000 0.0346
015580 0.6273 0.3382 0.0000 0.0346
015600 0.6273 0.3382 0.0000 0.0346
015620 0.6273 0.3382 0.0000 0.0346
015640 0.6273 0.3382 0.0000 0.0346
015660 0.6273 0.3382 0.0000 0.0346
015680 0.6273 0.3382 0.0000 0.0346
015700 0.6273 0.3382 0.0000 0.0346
015720 0.6273 0.3382 0.0000 0.0346
015740 0.6273 0.3382 0.0000 0.0346
015760 0.6273 0.3382 0.0000 0.0346
015780 0.6273 0.3382 0.0000 0.0346
015800 0.6273 0.3382 0.0000 0.0346
015820 0.6273 0.3382 0.0000 0.0346
015840 0.6273 0.3382 0.0000 0.0346
015860 0.6273 0.3382 0.0000 0.0346
015880 0.6273 0.3382 0.0000 0.0346
015900 0.6273 0.3382 0.0000 0.0346
015920 0.6273 0.3382 0.0000 0.0346
015940 0.6273 0.3382 0.0000 0.0346
015960 0.6273 0.3382 0.0000 0.0346
015980 0.6273 0.3382 0.0000 0.0346
016000 0.6273 0.3382 0.0000 0.0346
016020 0.6273 0.3382 0.0000 0.0346
016040 0.6273 0.3382 0.0000 0.0346
016060 0.6273 0.3382 0.0000 0.0346
016080 0.6273 0.3382 0.0000 0.0346
016100 0.6273 0.3382 0.0000 0.0346
016120 0.6273 0.3382 0.0000 0.0346
016140 0.6273 0.3382 0.0000 0.0346
016160 0.6273 0.3382 0.0000 0.0346
016180 0.6273 0.3382 0.0000 0.0346
016200 0.6273 0.3382 0.0000 0.0346
016220 0.6273 0.3382 0.0000 0.0346
016240 0.6273 0.3382 0.0000 0.0346
016260 0.6273 0.3382 0.0000 0.0346
016280 0.6273 0.3382 0.0000 0.0346
016300 0.6273 0.3382 0.0000 0.0346
016320 0.6273 0.3382 0.0000 0.0346
016340 0.6273 0.3382 0.0000 0.0346
016360 0.6273 0.3382 0.0000 0.0346
016380 0.6273 0.3382 0.0000 0.0346
016400 0.6273 0.3382 0.0000 0.0346
016420 0.6273 0.3382 0.0000 0.0346
016440 0.6273 0.3382 0.0000 0.0346
016460 0.6273 0.3382 0.0000 0.0346
016480 0.6273 0.3382 0.0000 0.0346
016500 0.6273 0.3382 0.0000 0.0346
016520 0.6273 0.3382 0.0000 0.0346
016540 0.6273 0.3382 0.0000 0.0346
016560 0.6273 0.3382 0.0000 0.0346
016580 0.6273 0.3382 0.0000 0.0346
016600 0.6273 0.3382 0.0000 0.0346
016620 0.6273 0.3382 0.0000 0.0346
016640 0.6273 0.3382 0.0000 0.0346
016660 0.6273 0.3382 0.0000 0.0346
016680 0.6273 0.3382 0.0000 0.0346
016700 0.6273 0.3382 0.0000 0.0346
016720 0.6273 0.3382 0.0000 0.0346
016740 0.6273 0.3382 0.0000 0.0346
016760 0.6273 0.3382 0.0000 0.0346
016780 0.6273 0.3382 0.0000 0.0346
016800 0.6273 0.3382 0.0000 0.0346
016820 0.6273 0.3382 0.0000 0.0346
016840 0.6273 0.3382 0.0000 0.0346
016860 0.6273 0.3382 0.0000 0.0346
016880 0.6273 0.3382 0.0000 0.0346
016900 0.6273 0.3382 0.0000 0.0346
016920 0.6273 0.3382 0.0000 0.0346
016940 0.6273 0.3382 0.0000 0.0346
016960 0.6273 0.3382 0.0000 0.0346
016980 0.6273 0.3382 0.0000 0.0346
017000 0.6273 0.3382 0.0000 0.0346
017020 0.6273 0.3382 0.0000 0.0346
017040 0.6273 0.3382 0.0000 0.0346
017060 0.6273 0.3382 0.0000 0.0346
017080 0.6273 0.3382 0.0000 0.0346
017100 0.6273 0.3382 0.0000 0.0346
017120 0.6273 0.3382 0.0000 0.0346
017140 0.6273 0.3382 0.0000 0.0346
017160 0.6273 0.3382 0.0000 0.0346
017180 0.6273 0.3382 0.0000 0.0346
017200 0.6273 0.3382 0.0000 0.0346
017220 0.6273 0.3382 0.0000 0.0346
017240 0.6273 0.3382 0.0000 0.0346
017260 0.6273 0.3382 0.0000 0.0346
017280 0.6273 0.3382 0.0000 0.0346
017300 0.6273 0.3382 0.0000 0.0346
017320 0.6273 0.3382 0.0000 0.0346
017340 0.6273 0.3382 0.0000 0.0346
017360 0.6273 0.3382 0.0000 0.0346
017380 0.6273 0.3382 0.0000 0.0346
017400 0.6273 0.3382 0.0000 0.0346
017420 0.6273 0.3382 0.0000 0.0346
017440 0.6273 0.3382 0.0000 0.0346
017460 0.6273 0.3382 0.0000 0.0346
017480 0.6273 0.3382 0.0000 0.0346
017500 0.6273 0.3382 0.0000 0.0346
017520 0.6273 0.3382 0.0000 0.0346
017540 0.6273 0.3382 0.0000 0.0346
017560 0.6273 0.3382 0.0000 0.0346
017580 0.6273 0.3382 0.0000 0.0346
017600 0.6273 0.3382 0.0000 0.0346
017620 0.6273 0.3382 0.0000 0.0346
017640 0.6273 0.3382 0.0000 0.0346
017660 0.6273 0.3382 0.0000 0.0346
017680 0.6273 0.3382 0.0000 0.0346
017700 0.6273 0.3382 0.0000 0.0346
017720 0.6273 0.3382 0.0000 0.0346
017740 0.6273 0.3382 0.0000 0.0346
017760 0.6273 0.3382 0.0000 0.0346
017780 0.6273 0.3382 0.0000 0.0346
017800 0.6273 0.3382 0.0000 0.0346
017820 0.6273 0.3382 0.0000 0.0346
017840 0.6273 0.3382 0.0000 0.0346
017860 0.6273 0.3382 0.0000 0.0346
017880 0.6273 0.3382 0.0000 0.0346
017900 0.6273 0.3382 0.0000 0.0346
017920 0.6273 0.3382 0.0000 0.0346
017940 0.6273 0.3382 0.0000 0.0346
017960 0.6273 0.3382 0.0000 0.0346
017980 0.6273 0.3382 0.0000 0.0346
018000 0.6273 0.3382 0.0000 0.0346
018020 0.6273 0.3382 0.0000 0.0346
018040 0.6273 0.3382 0.0000 0.0346
018060 0.6273 0.3382 0.0000 0.0346
018080 0.6273 0.3382 0.0000 0.0346
018100 0.6273 0.3382 0.0000 0.0346
018120 0.6273 0.3382 0.0000 0.0346
018140 0.6273 0.3382 0.0000 0.0346
018160 0.6273 0.3382 0.0000 0.0346
018180 0.6273 0.3382 0.0000 0.0346
018200 0.6273 0.3382 0.0000 0.0346
018220 0.6273 0.3382 0.0000 0.0346
018240 0.6273 0.3382 0.0000 0.0346
018260 0.6273 0.3382 0.0000 0.0346
018280 0.6273 0.3382 0.0000 0.0346
018300 0.6273 0.3382 0.0000 0.0346
018320 0.6273 0.3382 0.0000 0.0346
018340 0.6273 0.3382 0.0000 0.0346
018360 0.6273 0.3382 0.0000 0.0346
018380 0.6273 0.3382 0.0000 0.0346
018400 0.6273 0.3382 0.0000 0.0346
018420 0.6273 0.3382 0.0000 0.0346
018440 0.6273 0.3382 0.0000 0.0346
018460 0.6273 0.3382 0.0000 0.0346
018480 0.6273 0.3382 0.0000 0.0346
018500 0.6273 0.3382 0.0000 0.0346
018520 0.6273 0.3382 0.0000 0.0346
018540 0.6273 0.3382 0.0000 0.0346
018560 0.6273 0.3382 0.0000 0.0346
018580 0.6273 0.3382 0.0000 0.0346
018600 0.6273 0.3382 0.0000 0.0346
018620 0.6273 0.3382 0.0000 0.0346
018640 0.6273 0.3382 0.0000 0.0346
018660 0.6273 0.3382 0.0000 0.0346
018680 0.6273 0.3382 0.0000 0.0346
018700 0.6273 0.3382 0.0000 0.0346
018720 0.6273 0.3382 0.0000 0.0346
018740 0.6273 0.3382 0.0000 0.0346
018760 0.6273 0.3382 0.0000 0.0346
018780 0.6273 0.3382 0.0000 0.0346
018800 0.6273 0.3382 0.0000 0.0346
018820 0.6273 0.3382 0.0000 0.0346
018840 0.6273 0.3382 0.0000 0.0346
018860 0.6273 0.3382 0.0000 0.0346
018880 0.6273 0.3382 0.0000 0.0346
018900 0.6273 0.3382 0.0000 0.0346
018920 0.6273 0.3382 0.0000 0.0346
018940 0.6273 0.3382 0.0000 0.0346
018960 0.6273 0.3382 0.0000 0.0346
018980 0.6273 0.3382 0.0000 0.0346
019000 0.6273 0.3382 0.0000 0.0346
019020 0.6273 0.3382 0.0000 0.0346
019040 0.6273 0.3382 0.0000 0.0346
019060 0.6273 0.3382 0.0000 0.0346
019080 0.6273 0.3382 0.0000 0.0346
019100 0.6273 0.3382 0.0000 0.0346
019120 0.6273 0.3382 0.0000 0.0346
019140 0.6273 0.3382 0.0000 0.0346
019160 0.6273 0.3382 0.0000 0.0346
019180 0.6273 0.3382 0.0000 0.0346
019200 0.6273 0.3382 0.0000 0.0346
019220 0.6273 0.3382 0.0000 0.0346
019240 0.6273 0.3382 0.0000 0.0346
019260 0.6273 0.3382 0.0000 0.0346
019280 0.6273 0.3382 0.0000 0.0346
019300 0.6273 0.3382 0.0000 0.0346
019320 0.6273 0.3382 0.0000 0.0346
019340 0.6273 0.3382 0.0000 0.0346
019360 0.6273 0.3382 0.0000 0.0346
019380 0.6273 0.3382 0.0000 0.0346
019400 0.6273 0.3382 0.0000 0.0346
019420 0.6273 0.3382 0.0000 0.0346
019440 0.6273 0.3382 0.0000 0.0346
019460 0.6273 0.3382 0.0000 0.0346
019480 0.6273 0.3382 0.0000 0.0346
019500 0.6273 0.3382 0.0000 0.0346
019520 0.6273 0.3382 0.0000 0.0346
019540 0.6273 0.3382 0.0000 0.0346
019560 0.6273 0.3382 0.0000 0.0346
019580 0.6273 0.3382 0.0000 0.0346
019600 0.6273 0.3382 0.0000 0.0346
019620 0.6273 0.3382 0.0000 0.0346
019640 0.6273 0.3382 0.0000 0.0346
019660 0.6273 0.3382 0.0000 0.0346
019680 0.6273 0.3382 0.0000 0.0346
019700 0.6273 0.3382 0.0000 0.0346
019720 0.6273 0.3382 0.0000 0.0346
019740 0.6273 0.3382 0.0000 0.0346
019760 0.6273 0.3382 0.0000 0.0346
019780 0.6273 0.3382 0.0000 0.0346
019800 0.6273 0.3382 0.0000 0.0346
019820 0.6273 0.3382 0.0000 0.0346
019840 0.6273 0.3382 0.0000 0.0346
019860 0.6273 0.3382 0.0000 0.0346
019880 0.6273 0.3382 0.0000 0.0346
019900 0.6273 0.3382 0.0000 0.0346
019920 0.6273 0.3382 0.0000 0.0346
019940 0.6273 0.3382 0.0000 0.0346
019960 0.6273 0.3382 0.0000 0.0346
019980 0.6273 0.3382 0.0000 0.0346
020000 0.6273 0.3382 0.0000 0.0346
