000000 0.2500 0.2500 0.2500 0.2500
000020 0.2603 0.2584 0.2300 0.2513
000040 0.2730 0.2671 0.2084 0.2515
000060 0.2851 0.2761 0.1873 0.2515
000080 0.2957 0.2862 0.1672 0.2509
000100 0.3054 0.2973 0.1485 0.2488
000120 0.3144 0.3088 0.1306 0.2462
000140 0.3227 0.3213 0.1134 0.2426
000160 0.3300 0.3338 0.0977 0.2385
000180 0.3361 0.3469 0.0833 0.2336
000200 0.3409 0.3614 0.0698 0.2279
000220 0.3454 0.3766 0.0576 0.2204
000240 0.3511 0.3905 0.0464 0.2120
000260 0.3559 0.4043 0.0361 0.2037
000280 0.3582 0.4200 0.0274 0.1944
000300 0.3581 0.4369 0.0199 0.1851
000320 0.3569 0.4554 0.0136 0.1742
000340 0.3537 0.4753 0.0085 0.1625
000360 0.3495 0.4951 0.0046 0.1509
000380 0.3416 0.5179 0.0017 0.1387
000400 0.3320 0.5421 0.0002 0.1256
000420 0.3223 0.5677 0.0000 0.1100
000440 0.3156 0.5911 0.0000 0.0933
000460 0.3121 0.6106 0.0000 0.0773
000480 0.3099 0.6217 0.0000 0.0684
000500 0.3071 0.6323 0.0000 0.0606
000520 0.3019 0.6445 0.0000 0.0536
000540 0.2997 0.6549 0.0000 0.0454
000560 0.3045 0.6558 0.0000 0.0398
000580 0.3092 0.6538 0.0000 0.0370
000600 0.3145 0.6522 0.0000 0.0333
000620 0.3241 0.6472 0.0000 0.0287
000640 0.3354 0.6390 0.0000 0.0256
000660 0.3459 0.6262 0.0000 0.0278
000680 0.3509 0.6186 0.0000 0.0306
000700 0.3526 0.6144 0.0000 0.0330
000720 0.3527 0.6138 0.0000 0.0334
000740 0.3552 0.6108 0.0000 0.0340
000760 0.3606 0.6038 0.0000 0.0356
000780 0.3699 0.5967 0.0000 0.0334
000800 0.3795 0.5856 0.0000 0.0349
000820 0.3904 0.5749 0.0000 0.0346
000840 0.3993 0.5649 0.0000 0.0359
000860 0.4090 0.5540 0.0000 0.0370
000880 0.4199 0.5438 0.0000 0.0363
000900 0.4273 0.5351 0.0000 0.0377
000920 0.4310 0.5294 0.0000 0.0395
000940 0.4385 0.5217 0.0000 0.0398
000960 0.4432 0.5145 0.0000 0.0423
000980 0.4479 0.5089 0.0000 0.0432
001000 0.4495 0.5058 0.0000 0.0448
001020 0.4577 0.4984 0.0000 0.0439
001040 0.4733 0.4848 0.0000 0.0418
001060 0.4890 0.4667 0.0000 0.0443
001080 0.5007 0.4525 0.0000 0.0468
001100 0.5042 0.4476 0.0000 0.0482
001120 0.5100 0.4417 0.0000 0.0483
001140 0.5167 0.4345 0.0000 0.0488
001160 0.5279 0.4251 0.0000 0.0470
001180 0.5453 0.4080 0.0000 0.0467
001200 0.5576 0.3923 0.0000 0.0500
001220 0.5623 0.3865 0.0000 0.0513
001240 0.5629 0.3830 0.0000 0.0542
001260 0.5608 0.3842 0.0000 0.0550
001280 0.5596 0.3849 0.0000 0.0555
001300 0.5649 0.3824 0.0000 0.0527
001320 0.5722 0.3741 0.0000 0.0537
001340 0.5819 0.3615 0.0000 0.0566
001360 0.5889 0.3578 0.0000 0.0533
001380 0.6021 0.3477 0.0000 0.0502
001400 0.6071 0.3380 0.0000 0.0549
001420 0.6002 0.3424 0.0000 0.0575
001440 0.5896 0.3512 0.0000 0.0593
001460 0.5789 0.3621 0.0000 0.0590
001480 0.5760 0.3647 0.0000 0.0592
001500 0.5841 0.3609 0.0000 0.0550
001520 0.5961 0.3498 0.0000 0.0541
001540 0.6024 0.3418 0.0000 0.0557
001560 0.6003 0.3410 0.0000 0.0586
001580 0.5935 0.3460 0.0000 0.0605
001600 0.5886 0.3518 0.0000 0.0596
001620 0.5912 0.3535 0.0000 0.0553
001640 0.6019 0.3426 0.0000 0.0555
001660 0.6078 0.3359 0.0000 0.0563
001680 0.6115 0.3313 0.0000 0.0573
001700 0.6107 0.3320 0.0000 0.0574
001720 0.6049 0.3350 0.0000 0.0602
001740 0.5947 0.3455 0.0000 0.0598
001760 0.5909 0.3506 0.0000 0.0585
001780 0.5923 0.3504 0.0000 0.0573
001800 0.6047 0.3415 0.0000 0.0538
001820 0.6148 0.3294 0.0000 0.0559
001840 0.6103 0.3312 0.0000 0.0585
001860 0.6039 0.3378 0.0000 0.0583
001880 0.6024 0.3405 0.0000 0.0570
001900 0.6042 0.3380 0.0000 0.0578
001920 0.6024 0.3407 0.0000 0.0569
001940 0.6066 0.3381 0.0000 0.0553
001960 0.6082 0.3342 0.0000 0.0576
001980 0.6070 0.3353 0.0000 0.0577
002000 0.6075 0.3356 0.0000 0.0569
002020 0.6113 0.3319 0.0000 0.0568
002040 0.6098 0.3314 0.0000 0.0588
002060 0.6048 0.3366 0.0000 0.0586
002080 0.6017 0.3417 0.0000 0.0566
002100 0.6023 0.3401 0.0000 0.0575
002120 0.5987 0.3431 0.0000 0.0581
002140 0.6017 0.3429 0.0000 0.0554
002160 0.6098 0.3358 0.0000 0.0544
002180 0.6091 0.3328 0.0000 0.0581
002200 0.6031 0.3377 0.0000 0.0592
002220 0.5985 0.3424 0.0000 0.0592
002240 0.5938 0.3461 0.0000 0.0601
002260 0.5925 0.3492 0.0000 0.0583
002280 0.5943 0.3482 0.0000 0.0575
002300 0.5970 0.3455 0.0000 0.0574
002320 0.5985 0.3421 0.0000 0.0594
002340 0.6030 0.3391 0.0000 0.0579
002360 0.6091 0.3351 0.0000 0.0558
002380 0.6162 0.3297 0.0000 0.0541
002400 0.6129 0.3267 0.0000 0.0603
002420 0.5992 0.3391 0.0000 0.0616
002440 0.5897 0.3508 0.0000 0.0595
002460 0.5902 0.3515 0.0000 0.0583
002480 0.5960 0.3471 0.0000 0.0570
002500 0.6032 0.3418 0.0000 0.0550
002520 0.6111 0.3326 0.0000 0.0562
002540 0.6102 0.3321 0.0000 0.0577
002560 0.6048 0.3354 0.0000 0.0598
002580 0.5997 0.3436 0.0000 0.0568
002600 0.6002 0.3436 0.0000 0.0562
002620 0.6070 0.3371 0.0000 0.0559
002640 0.6092 0.3322 0.0000 0.0585
002660 0.6062 0.3353 0.0000 0.0586
002680 0.6002 0.3408 0.0000 0.0590
002700 0.5955 0.3458 0.0000 0.0587
002720 0.5974 0.3468 0.0000 0.0559
002740 0.6055 0.3395 0.0000 0.0550
002760 0.6088 0.3354 0.0000 0.0559
002780 0.6099 0.3339 0.0000 0.0562
002800 0.6120 0.3325 0.0000 0.0555
002820 0.6121 0.3303 0.0000 0.0576
002840 0.6139 0.3300 0.0000 0.0561
002860 0.6143 0.3266 0.0000 0.0590
002880 0.6045 0.3344 0.0000 0.0611
002900 0.5936 0.3446 0.0000 0.0618
002920 0.5868 0.3538 0.0000 0.0594
002940 0.5906 0.3522 0.0000 0.0572
002960 0.5978 0.3480 0.0000 0.0543
002980 0.6059 0.3402 0.0000 0.0539
003000 0.6142 0.3313 0.0000 0.0546
003020 0.6173 0.3264 0.0000 0.0563
003040 0.6111 0.3305 0.0000 0.0584
003060 0.6013 0.3377 0.0000 0.0609
003080 0.5905 0.3468 0.0000 0.0626
003100 0.5845 0.3553 0.0000 0.0602
003120 0.5864 0.3551 0.0000 0.0585
003140 0.5978 0.3473 0.0000 0.0550
003160 0.6130 0.3341 0.0000 0.0529
003180 0.6229 0.3226 0.0000 0.0545
003200 0.6238 0.3180 0.0000 0.0582
003220 0.6109 0.3294 0.0000 0.0597
003240 0.6018 0.3399 0.0000 0.0583
003260 0.5947 0.3463 0.0000 0.0590
003280 0.5892 0.3508 0.0000 0.0601
003300 0.5906 0.3510 0.0000 0.0584
003320 0.5940 0.3499 0.0000 0.0561
003340 0.6098 0.3360 0.0000 0.0542
003360 0.6169 0.3257 0.0000 0.0575
003380 0.6110 0.3299 0.0000 0.0591
003400 0.6011 0.3377 0.0000 0.0612
003420 0.5841 0.3511 0.0000 0.0649
003440 0.5778 0.3627 0.0000 0.0595
003460 0.5866 0.3563 0.0000 0.0571
003480 0.5997 0.3451 0.0000 0.0551
003500 0.6098 0.3365 0.0000 0.0537
003520 0.6165 0.3284 0.0000 0.0551
003540 0.6114 0.3296 0.0000 0.0590
003560 0.6030 0.3390 0.0000 0.0580
003580 0.5950 0.3465 0.0000 0.0586
003600 0.5982 0.3463 0.0000 0.0555
003620 0.6097 0.3374 0.0000 0.0529
003640 0.6149 0.3279 0.0000 0.0572
003660 0.6142 0.3243 0.0000 0.0615
003680 0.6071 0.3330 0.0000 0.0598
003700 0.5946 0.3443 0.0000 0.0610
003720 0.5814 0.3542 0.0000 0.0644
003740 0.5728 0.3676 0.0000 0.0596
003760 0.5847 0.3607 0.0000 0.0546
003780 0.6007 0.3456 0.0000 0.0537
003800 0.6119 0.3354 0.0000 0.0527
003820 0.6164 0.3270 0.0000 0.0566
003840 0.6105 0.3298 0.0000 0.0597
003860 0.6007 0.3396 0.0000 0.0597
003880 0.5854 0.3508 0.0000 0.0637
003900 0.5774 0.3606 0.0000 0.0620
003920 0.5846 0.3591 0.0000 0.0564
003940 0.5999 0.3474 0.0000 0.0527
003960 0.6069 0.3364 0.0000 0.0567
003980 0.6072 0.3356 0.0000 0.0572
004000 0.6056 0.3347 0.0000 0.0598
004020 0.5958 0.3425 0.0000 0.0617
004040 0.5886 0.3502 0.0000 0.0613
004060 0.5868 0.3537 0.0000 0.0596
004080 0.5917 0.3517 0.0000 0.0565
004100 0.5992 0.3456 0.0000 0.0552
004120 0.6028 0.3417 0.0000 0.0554
004140 0.6049 0.3377 0.0000 0.0574
004160 0.6064 0.3350 0.0000 0.0586
004180 0.6019 0.3359 0.0000 0.0621
004200 0.5966 0.3449 0.0000 0.0585
004220 0.5900 0.3522 0.0000 0.0578
004240 0.5890 0.3519 0.0000 0.0591
004260 0.5939 0.3479 0.0000 0.0582
004280 0.6012 0.3418 0.0000 0.0570
004300 0.6032 0.3380 0.0000 0.0589
004320 0.6024 0.3399 0.0000 0.0576
004340 0.6019 0.3405 0.0000 0.0576
004360 0.5984 0.3427 0.0000 0.0589
004380 0.6021 0.3413 0.0000 0.0566
004400 0.6069 0.3362 0.0000 0.0569
004420 0.6118 0.3332 0.0000 0.0550
004440 0.6101 0.3293 0.0000 0.0606
004460 0.6014 0.3371 0.0000 0.0615
004480 0.5918 0.3464 0.0000 0.0618
004500 0.5872 0.3518 0.0000 0.0609
004520 0.5907 0.3531 0.0000 0.0562
004540 0.5984 0.3442 0.0000 0.0574
004560 0.6001 0.3389 0.0000 0.0610
004580 0.5930 0.3442 0.0000 0.0628
004600 0.5868 0.3516 0.0000 0.0616
004620 0.5853 0.3569 0.0000 0.0579
004640 0.5925 0.3534 0.0000 0.0541
004660 0.6036 0.3415 0.0000 0.0549
004680 0.6113 0.3341 0.0000 0.0546
004700 0.6126 0.3307 0.0000 0.0567
004720 0.6058 0.3345 0.0000 0.0597
004740 0.5982 0.3402 0.0000 0.0616
004760 0.5935 0.3493 0.0000 0.0572
004780 0.5973 0.3489 0.0000 0.0538
004800 0.6116 0.3384 0.0000 0.0500
004820 0.6298 0.3189 0.0000 0.0513
004840 0.6296 0.3123 0.0000 0.0582
004860 0.6181 0.3225 0.0000 0.0594
004880 0.6011 0.3374 0.0000 0.0615
004900 0.5905 0.3485 0.0000 0.0610
004920 0.5859 0.3534 0.0000 0.0607
004940 0.5881 0.3547 0.0000 0.0573
004960 0.5987 0.3475 0.0000 0.0538
004980 0.6106 0.3344 0.0000 0.0550
005000 0.6161 0.3283 0.0000 0.0555
005020 0.6187 0.3246 0.0000 0.0566
005040 0.6097 0.3295 0.0000 0.0608
005060 0.5952 0.3440 0.0000 0.0608
005080 0.5911 0.3500 0.0000 0.0589
005100 0.5905 0.3510 0.0000 0.0585
005120 0.5990 0.3459 0.0000 0.0550
005140 0.6106 0.3347 0.0000 0.0547
005160 0.6134 0.3322 0.0000 0.0544
005180 0.6092 0.3319 0.0000 0.0589
005200 0.5967 0.3413 0.0000 0.0620
005220 0.5860 0.3537 0.0000 0.0603
005240 0.5879 0.3560 0.0000 0.0561
005260 0.6008 0.3455 0.0000 0.0537
005280 0.6139 0.3321 0.0000 0.0540
005300 0.6202 0.3233 0.0000 0.0565
005320 0.6196 0.3211 0.0000 0.0593
005340 0.6122 0.3283 0.0000 0.0594
005360 0.6019 0.3372 0.0000 0.0609
005380 0.5878 0.3501 0.0000 0.0621
005400 0.5812 0.3594 0.0000 0.0594
005420 0.5876 0.3543 0.0000 0.0581
005440 0.5992 0.3448 0.0000 0.0560
005460 0.6039 0.3394 0.0000 0.0567
005480 0.6055 0.3390 0.0000 0.0555
005500 0.6071 0.3374 0.0000 0.0555
005520 0.6110 0.3343 0.0000 0.0547
005540 0.6158 0.3287 0.0000 0.0555
005560 0.6144 0.3274 0.0000 0.0582
005580 0.6082 0.3332 0.0000 0.0586
005600 0.6013 0.3395 0.0000 0.0592
005620 0.6001 0.3427 0.0000 0.0572
005640 0.5987 0.3428 0.0000 0.0585
005660 0.5960 0.3455 0.0000 0.0585
005680 0.5973 0.3443 0.0000 0.0584
005700 0.5984 0.3431 0.0000 0.0586
005720 0.6008 0.3422 0.0000 0.0570
005740 0.6038 0.3379 0.0000 0.0583
005760 0.6028 0.3393 0.0000 0.0578
005780 0.6025 0.3409 0.0000 0.0566
005800 0.6004 0.3395 0.0000 0.0602
005820 0.5914 0.3472 0.0000 0.0614
005840 0.5914 0.3516 0.0000 0.0570
005860 0.5966 0.3473 0.0000 0.0560
005880 0.6042 0.3388 0.0000 0.0569
005900 0.6085 0.3348 0.0000 0.0567
005920 0.6078 0.3329 0.0000 0.0592
005940 0.6015 0.3401 0.0000 0.0584
005960 0.6016 0.3414 0.0000 0.0569
005980 0.6037 0.3390 0.0000 0.0573
006000 0.6083 0.3351 0.0000 0.0566
006020 0.6102 0.3336 0.0000 0.0562
006040 0.6136 0.3290 0.0000 0.0574
006060 0.6101 0.3307 0.0000 0.0592
006080 0.6020 0.3384 0.0000 0.0596
006100 0.5933 0.3463 0.0000 0.0604
006120 0.5886 0.3536 0.0000 0.0578
006140 0.5932 0.3492 0.0000 0.0576
006160 0.5972 0.3444 0.0000 0.0583
006180 0.6013 0.3405 0.0000 0.0582
006200 0.6036 0.3394 0.0000 0.0570
006220 0.6041 0.3389 0.0000 0.0570
006240 0.6021 0.3404 0.0000 0.0575
006260 0.6023 0.3402 0.0000 0.0575
006280 0.6027 0.3392 0.0000 0.0581
006300 0.6021 0.3393 0.0000 0.0586
006320 0.6043 0.3377 0.0000 0.0580
006340 0.6004 0.3398 0.0000 0.0599
006360 0.5963 0.3446 0.0000 0.0591
006380 0.5986 0.3444 0.0000 0.0570
006400 0.6048 0.3405 0.0000 0.0547
006420 0.6117 0.3338 0.0000 0.0545
006440 0.6138 0.3297 0.0000 0.0565
006460 0.6102 0.3309 0.0000 0.0589
006480 0.6014 0.3380 0.0000 0.0606
006500 0.5963 0.3458 0.0000 0.0579
006520 0.6006 0.3443 0.0000 0.0552
006540 0.6104 0.3350 0.0000 0.0546
006560 0.6112 0.3295 0.0000 0.0593
006580 0.5959 0.3420 0.0000 0.0621
006600 0.5820 0.3563 0.0000 0.0617
006620 0.5818 0.3620 0.0000 0.0561
006640 0.5952 0.3507 0.0000 0.0541
006660 0.6157 0.3324 0.0000 0.0519
006680 0.6282 0.3181 0.0000 0.0536
006700 0.6251 0.3174 0.0000 0.0575
006720 0.6113 0.3254 0.0000 0.0632
006740 0.5921 0.3451 0.0000 0.0629
006760 0.5806 0.3577 0.0000 0.0617
006780 0.5825 0.3600 0.0000 0.0575
006800 0.5984 0.3482 0.0000 0.0533
006820 0.6118 0.3361 0.0000 0.0521
006840 0.6196 0.3245 0.0000 0.0559
006860 0.6161 0.3252 0.0000 0.0587
006880 0.6095 0.3314 0.0000 0.0591
006900 0.6035 0.3379 0.0000 0.0586
006920 0.5896 0.3489 0.0000 0.0615
006940 0.5872 0.3561 0.0000 0.0567
006960 0.5982 0.3467 0.0000 0.0551
006980 0.6062 0.3381 0.0000 0.0557
007000 0.6146 0.3305 0.0000 0.0549
007020 0.6156 0.3267 0.0000 0.0577
007040 0.6070 0.3343 0.0000 0.0587
007060 0.5993 0.3414 0.0000 0.0593
007080 0.5916 0.3467 0.0000 0.0618
007100 0.5904 0.3517 0.0000 0.0579
007120 0.5923 0.3489 0.0000 0.0588
007140 0.5942 0.3474 0.0000 0.0584
007160 0.5972 0.3442 0.0000 0.0585
007180 0.5956 0.3453 0.0000 0.0592
007200 0.5931 0.3461 0.0000 0.0608
007220 0.5918 0.3487 0.0000 0.0595
007240 0.5928 0.3482 0.0000 0.0590
007260 0.5949 0.3468 0.0000 0.0583
007280 0.5958 0.3475 0.0000 0.0567
007300 0.6030 0.3413 0.0000 0.0557
007320 0.6095 0.3342 0.0000 0.0563
007340 0.6080 0.3337 0.0000 0.0583
007360 0.6022 0.3390 0.0000 0.0589
007380 0.6009 0.3416 0.0000 0.0576
007400 0.6025 0.3403 0.0000 0.0573
007420 0.5988 0.3428 0.0000 0.0585
007440 0.5951 0.3462 0.0000 0.0586
007460 0.5972 0.3464 0.0000 0.0564
007480 0.6051 0.3378 0.0000 0.0571
007500 0.6045 0.3357 0.0000 0.0598
007520 0.6013 0.3411 0.0000 0.0577
007540 0.6023 0.3397 0.0000 0.0580
007560 0.6011 0.3397 0.0000 0.0592
007580 0.6052 0.3374 0.0000 0.0574
007600 0.6107 0.3325 0.0000 0.0567
007620 0.6070 0.3329 0.0000 0.0601
007640 0.5974 0.3407 0.0000 0.0619
007660 0.5872 0.3505 0.0000 0.0622
007680 0.5835 0.3577 0.0000 0.0588
007700 0.5836 0.3591 0.0000 0.0573
007720 0.5977 0.3478 0.0000 0.0545
007740 0.6059 0.3366 0.0000 0.0575
007760 0.6044 0.3371 0.0000 0.0585
007780 0.5984 0.3436 0.0000 0.0580
007800 0.5983 0.3424 0.0000 0.0593
007820 0.5988 0.3413 0.0000 0.0600
007840 0.6018 0.3420 0.0000 0.0562
007860 0.6087 0.3373 0.0000 0.0540
007880 0.6121 0.3326 0.0000 0.0553
007900 0.6112 0.3313 0.0000 0.0574
007920 0.6080 0.3347 0.0000 0.0573
007940 0.6099 0.3333 0.0000 0.0568
007960 0.6132 0.3313 0.0000 0.0556
007980 0.6159 0.3267 0.0000 0.0574
008000 0.6141 0.3280 0.0000 0.0579
008020 0.6081 0.3343 0.0000 0.0576
008040 0.6036 0.3389 0.0000 0.0575
008060 0.6072 0.3381 0.0000 0.0547
008080 0.6107 0.3333 0.0000 0.0561
008100 0.6107 0.3328 0.0000 0.0564
008120 0.6063 0.3361 0.0000 0.0576
008140 0.6042 0.3382 0.0000 0.0576
008160 0.6085 0.3355 0.0000 0.0561
008180 0.6102 0.3321 0.0000 0.0576
008200 0.6090 0.3338 0.0000 0.0572
008220 0.6031 0.3396 0.0000 0.0573
008240 0.5983 0.3427 0.0000 0.0590
008260 0.6005 0.3423 0.0000 0.0572
008280 0.6043 0.3382 0.0000 0.0575
008300 0.6041 0.3373 0.0000 0.0585
008320 0.6026 0.3395 0.0000 0.0578
008340 0.5992 0.3421 0.0000 0.0587
008360 0.6008 0.3427 0.0000 0.0565
008380 0.6037 0.3389 0.0000 0.0574
008400 0.6050 0.3389 0.0000 0.0562
008420 0.6081 0.3365 0.0000 0.0554
008440 0.6088 0.3347 0.0000 0.0565
008460 0.6088 0.3331 0.0000 0.0581
008480 0.5996 0.3397 0.0000 0.0607
008500 0.5913 0.3502 0.0000 0.0585
008520 0.5913 0.3515 0.0000 0.0572
008540 0.5978 0.3472 0.0000 0.0550
008560 0.6016 0.3405 0.0000 0.0579
008580 0.5978 0.3422 0.0000 0.0600
008600 0.6003 0.3425 0.0000 0.0572
008620 0.6068 0.3375 0.0000 0.0557
008640 0.6079 0.3356 0.0000 0.0564
008660 0.6075 0.3340 0.0000 0.0585
008680 0.6026 0.3393 0.0000 0.0582
008700 0.6008 0.3399 0.0000 0.0593
008720 0.6001 0.3417 0.0000 0.0583
008740 0.6006 0.3438 0.0000 0.0557
008760 0.6052 0.3389 0.0000 0.0559
008780 0.6110 0.3327 0.0000 0.0563
008800 0.6129 0.3319 0.0000 0.0552
008820 0.6144 0.3294 0.0000 0.0562
008840 0.6117 0.3308 0.0000 0.0575
008860 0.6062 0.3349 0.0000 0.0589
008880 0.6059 0.3365 0.0000 0.0576
008900 0.6054 0.3375 0.0000 0.0571
008920 0.6022 0.3398 0.0000 0.0580
008940 0.5970 0.3433 0.0000 0.0596
008960 0.5926 0.3479 0.0000 0.0595
008980 0.5938 0.3489 0.0000 0.0573
009000 0.6037 0.3415 0.0000 0.0548
009020 0.6053 0.3377 0.0000 0.0570
009040 0.6078 0.3347 0.0000 0.0575
009060 0.6136 0.3327 0.0000 0.0536
009080 0.6171 0.3260 0.0000 0.0568
009100 0.6121 0.3309 0.0000 0.0570
009120 0.6110 0.3333 0.0000 0.0557
009140 0.6071 0.3337 0.0000 0.0591
009160 0.6004 0.3397 0.0000 0.0600
009180 0.5936 0.3467 0.0000 0.0597
009200 0.5930 0.3480 0.0000 0.0590
009220 0.5928 0.3478 0.0000 0.0594
009240 0.5969 0.3464 0.0000 0.0567
009260 0.6051 0.3379 0.0000 0.0570
009280 0.6082 0.3360 0.0000 0.0558
009300 0.6083 0.3333 0.0000 0.0584
009320 0.6059 0.3354 0.0000 0.0586
009340 0.5981 0.3423 0.0000 0.0596
009360 0.5960 0.3453 0.0000 0.0588
009380 0.6009 0.3439 0.0000 0.0553
009400 0.6073 0.3350 0.0000 0.0577
009420 0.6032 0.3375 0.0000 0.0593
009440 0.5933 0.3471 0.0000 0.0596
009460 0.5847 0.3555 0.0000 0.0598
009480 0.5877 0.3547 0.0000 0.0576
009500 0.5964 0.3486 0.0000 0.0550
009520 0.6069 0.3381 0.0000 0.0550
009540 0.6104 0.3320 0.0000 0.0576
009560 0.6088 0.3328 0.0000 0.0584
009580 0.6049 0.3353 0.0000 0.0597
009600 0.6011 0.3420 0.0000 0.0569
009620 0.6005 0.3418 0.0000 0.0577
009640 0.6023 0.3409 0.0000 0.0568
009660 0.6094 0.3349 0.0000 0.0556
009680 0.6054 0.3353 0.0000 0.0592
009700 0.5977 0.3422 0.0000 0.0600
009720 0.5872 0.3525 0.0000 0.0603
009740 0.5827 0.3583 0.0000 0.0590
009760 0.5857 0.3567 0.0000 0.0576
009780 0.5905 0.3512 0.0000 0.0583
009800 0.6034 0.3428 0.0000 0.0538
009820 0.6098 0.3333 0.0000 0.0569
009840 0.6104 0.3320 0.0000 0.0576
009860 0.6070 0.3349 0.0000 0.0581
009880 0.5976 0.3410 0.0000 0.0614
009900 0.5867 0.3517 0.0000 0.0616
009920 0.5876 0.3554 0.0000 0.0570
009940 0.5973 0.3472 0.0000 0.0554
009960 0.6059 0.3370 0.0000 0.0571
009980 0.6052 0.3336 0.0000 0.0611
010000 0.6004 0.3409 0.0000 0.0587
010020 0.5941 0.3449 0.0000 0.0611
010040 0.5941 0.3449 0.0000 0.0611
010060 0.5941 0.3449 0.0000 0.0611
010080 0.5941 0.3449 0.0000 0.0611
010100 0.5941 0.3449 0.0000 0.0611
010120 0.5941 0.3449 0.0000 0.0611
010140 0.5941 0.3449 0.0000 0.0611
010160 0.5941 0.3449 0.0000 0.0611
010180 0.5941 0.3449 0.0000 0.0611
010200 0.5941 0.3449 0.0000 0.0611
010220 0.5941 0.3449 0.0000 0.0611
010240 0.5941 0.3449 0.0000 0.0611
010260 0.5941 0.3449 0.0000 0.0611
010280 0.5941 0.3449 0.0000 0.0611
010300 0.5941 0.3449 0.0000 0.0611
010320 0.5941 0.3449 0.0000 0.0611
010340 0.5941 0.3449 0.0000 0.0611
010360 0.5941 0.3449 0.0000 0.0611
010380 0.5941 0.3449 0.0000 0.0611
010400 0.5941 0.3449 0.0000 0.0611
010420 0.5941 0.3449 0.0000 0.0611
010440 0.5941 0.3449 0.0000 0.0611
010460 0.5941 0.3449 0.0000 0.0611
010480 0.5941 0.3449 0.0000 0.0611
010500 0.5941 0.3449 0.0000 0.0611
010520 0.5941 0.3449 0.0000 0.0611
010540 0.5941 0.3449 0.0000 0.0611
010560 0.5941 0.3449 0.0000 0.0611
010580 0.5941 0.3449 0.0000 0.0611
010600 0.5941 0.3449 0.0000 0.0611
010620 0.5941 0.3449 0.0000 0.0611
010640 0.5941 0.3449 0.0000 0.0611
010660 0.5941 0.3449 0.0000 0.0611
010680 0.5941 0.3449 0.0000 0.0611
010700 0.5941 0.3449 0.0000 0.0611
010720 0.5941 0.3449 0.0000 0.0611
010740 0.5941 0.3449 0.0000 0.0611
010760 0.5941 0.3449 0.0000 0.0611
010780 0.5941 0.3449 0.0000 0.0611
010800 0.5941 0.3449 0.0000 0.0611
010820 0.5941 0.3449 0.0000 0.0611
010840 0.5941 0.3449 0.0000 0.0611
010860 0.5941 0.3449 0.0000 0.0611
010880 0.5941 0.3449 0.0000 0.0611
010900 0.5941 0.3449 0.0000 0.0611
010920 0.5941 0.3449 0.0000 0.0611
010940 0.5941 0.3449 0.0000 0.0611
010960 0.5941 0.3449 0.0000 0.0611
010980 0.5941 0.3449 0.0000 0.0611
011000 0.5941 0.3449 0.0000 0.0611
011020 0.5941 0.3449 0.0000 0.0611
011040 0.5941 0.3449 0.0000 0.0611
011060 0.5941 0.3449 0.0000 0.0611
011080 0.5941 0.3449 0.0000 0.0611
011100 0.5941 0.3449 0.0000 0.0611
011120 0.5941 0.3449 0.0000 0.0611
011140 0.5941 0.3449 0.0000 0.0611
011160 0.5941 0.3449 0.0000 0.0611
011180 0.5941 0.3449 0.0000 0.0611
011200 0.5941 0.3449 0.0000 0.0611
011220 0.5941 0.3449 0.0000 0.0611
011240 0.5941 0.3449 0.0000 0.0611
011260 0.5941 0.3449 0.0000 0.0611
011280 0.5941 0.3449 0.0000 0.0611
011300 0.5941 0.3449 0.0000 0.0611
011320 0.5941 0.3449 0.0000 0.0611
011340 0.5941 0.3449 0.0000 0.0611
011360 0.5941 0.3449 0.0000 0.0611
011380 0.5941 0.3449 0.0000 0.0611
011400 0.5941 0.3449 0.0000 0.0611
011420 0.5941 0.3449 0.0000 0.0611
011440 0.5941 0.3449 0.0000 0.0611
011460 0.5941 0.3449 0.0000 0.0611
011480 0.5941 0.3449 0.0000 0.0611
011500 0.5941 0.3449 0.0000 0.0611
011520 0.5941 0.3449 0.0000 0.0611
011540 0.5941 0.3449 0.0000 0.0611
011560 0.5941 0.3449 0.0000 0.0611
011580 0.5941 0.3449 0.0000 0.0611
011600 0.5941 0.3449 0.0000 0.0611
011620 0.5941 0.3449 0.0000 0.0611
011640 0.5941 0.3449 0.0000 0.0611
011660 0.5941 0.3449 0.0000 0.0611
011680 0.5941 0.3449 0.0000 0.0611
011700 0.5941 0.3449 0.0000 0.0611
011720 0.5941 0.3449 0.0000 0.0611
011740 0.5941 0.3449 0.0000 0.0611
011760 0.5941 0.3449 0.0000 0.0611
011780 0.5941 0.3449 0.0000 0.0611
011800 0.5941 0.3449 0.0000 0.0611
011820 0.5941 0.3449 0.0000 0.0611
011840 0.5941 0.3449 0.0000 0.0611
011860 0.5941 0.3449 0.0000 0.0611
011880 0.5941 0.3449 0.0000 0.0611
011900 0.5941 0.3449 0.0000 0.0611
011920 0.5941 0.3449 0.0000 0.0611
011940 0.5941 0.3449 0.0000 0.0611
011960 0.5941 0.3449 0.0000 0.0611
011980 0.5941 0.3449 0.0000 0.0611
012000 0.5941 0.3449 0.0000 0.0611
012020 0.5941 0.3449 0.0000 0.0611
012040 0.5941 0.3449 0.0000 0.0611
012060 0.5941 0.3449 0.0000 0.0611
012080 0.5941 0.3449 0.0000 0.0611
012100 0.5941 0.3449 0.0000 0.0611
012120 0.5941 0.3449 0.0000 0.0611
012140 0.5941 0.3449 0.0000 0.0611
012160 0.5941 0.3449 0.0000 0.0611
012180 0.5941 0.3449 0.0000 0.0611
012200 0.5941 0.3449 0.0000 0.0611
012220 0.5941 0.3449 0.0000 0.0611
012240 0.5941 0.3449 0.0000 0.0611
012260 0.5941 0.3449 0.0000 0.0611
012280 0.5941 0.3449 0.0000 0.0611
012300 0.5941 0.3449 0.0000 0.0611
012320 0.5941 0.3449 0.0000 0.0611
012340 0.5941 0.3449 0.0000 0.0611
012360 0.5941 0.3449 0.0000 0.0611
012380 0.5941 0.3449 0.0000 0.0611
012400 0.5941 0.3449 0.0000 0.0611
012420 0.5941 0.3449 0.0000 0.0611
012440 0.5941 0.3449 0.0000 0.0611
012460 0.5941 0.3449 0.0000 0.0611
012480 0.5941 0.3449 0.0000 0.0611
012500 0.5941 0.3449 0.0000 0.0611
012520 0.5941 0.3449 0.0000 0.0611
012540 0.5941 0.3449 0.0000 0.0611
012560 0.5941 0.3449 0.0000 0.0611
012580 0.5941 0.3449 0.0000 0.0611
012600 0.5941 0.3449 0.0000 0.0611
012620 0.5941 0.3449 0.0000 0.0611
012640 0.5941 0.3449 0.0000 0.0611
012660 0.5941 0.3449 0.0000 0.0611
012680 0.5941 0.3449 0.0000 0.0611
012700 0.5941 0.3449 0.0000 0.0611
012720 0.5941 0.3449 0.0000 0.0611
012740 0.5941 0.3449 0.0000 0.0611
012760 0.5941 0.3449 0.0000 0.0611
012780 0.5941 0.3449 0.0000 0.0611
012800 0.5941 0.3449 0.0000 0.0611
012820 0.5941 0.3449 0.0000 0.0611
012840 0.5941 0.3449 0.0000 0.0611
012860 0.5941 0.3449 0.0000 0.0611
012880 0.5941 0.3449 0.0000 0.0611
012900 0.5941 0.3449 0.0000 0.0611
012920 0.5941 0.3449 0.0000 0.0611
012940 0.5941 0.3449 0.0000 0.0611
012960 0.5941 0.3449 0.0000 0.0611
012980 0.5941 0.3449 0.0000 0.0611
013000 0.5941 0.3449 0.0000 0.0611
013020 0.5941 0.3449 0.0000 0.0611
013040 0.5941 0.3449 0.0000 0.0611
013060 0.5941 0.3449 0.0000 0.0611
013080 0.5941 0.3449 0.0000 0.0611
013100 0.5941 0.3449 0.0000 0.0611
013120 0.5941 0.3449 0.0000 0.0611
013140 0.5941 0.3449 0.0000 0.0611
013160 0.5941 0.3449 0.0000 0.0611
013180 0.5941 0.3449 0.0000 0.0611
013200 0.5941 0.3449 0.0000 0.0611
013220 0.5941 0.3449 0.0000 0.0611
013240 0.5941 0.3449 0.0000 0.0611
013260 0.5941 0.3449 0.0000 0.0611
013280 0.5941 0.3449 0.0000 0.0611
013300 0.5941 0.3449 0.0000 0.0611
013320 0.5941 0.3449 0.0000 0.0611
013340 0.5941 0.3449 0.0000 0.0611
013360 0.5941 0.3449 0.0000 0.0611
013380 0.5941 0.3449 0.0000 0.0611
013400 0.5941 0.3449 0.0000 0.0611
013420 0.5941 0.3449 0.0000 0.0611
013440 0.5941 0.3449 0.0000 0.0611
013460 0.5941 0.3449 0.0000 0.0611
013480 0.5941 0.3449 0.0000 0.0611
013500 0.5941 0.3449 0.0000 0.0611
013520 0.5941 0.3449 0.0000 0.0611
013540 0.5941 0.3449 0.0000 0.0611
013560 0.5941 0.3449 0.0000 0.0611
013580 0.5941 0.3449 0.0000 0.0611
013600 0.5941 0.3449 0.0000 0.0611
013620 0.5941 0.3449 0.0000 0.0611
013640 0.5941 0.3449 0.0000 0.0611
013660 0.5941 0.3449 0.0000 0.0611
013680 0.5941 0.3449 0.0000 0.0611
013700 0.5941 0.3449 0.0000 0.0611
013720 0.5941 0.3449 0.0000 0.0611
013740 0.5941 0.3449 0.0000 0.0611
013760 0.5941 0.3449 0.0000 0.0611
013780 0.5941 0.3449 0.0000 0.0611
013800 0.5941 0.3449 0.0000 0.0611
013820 0.5941 0.3449 0.0000 0.0611
013840 0.5941 0.3449 0.0000 0.0611
013860 0.5941 0.3449 0.0000 0.0611
013880 0.5941 0.3449 0.0000 0.0611
013900 0.5941 0.3449 0.0000 0.0611
013920 0.5941 0.3449 0.0000 0.0611
013940 0.5941 0.3449 0.0000 0.0611
013960 0.5941 0.3449 0.0000 0.0611
013980 0.5941 0.3449 0.0000 0.0611
014000 0.5941 0.3449 0.0000 0.0611
014020 0.5941 0.3449 0.0000 0.0611
014040 0.5941 0.3449 0.0000 0.0611
014060 0.5941 0.3449 0.0000 0.0611
014080 0.5941 0.3449 0.0000 0.0611
014100 0.5941 0.3449 0.0000 0.0611
014120 0.5941 0.3449 0.0000 0.0611
014140 0.5941 0.3449 0.0000 0.0611
014160 0.5941 0.3449 0.0000 0.0611
014180 0.5941 0.3449 0.0000 0.0611
014200 0.5941 0.3449 0.0000 0.0611
014220 0.5941 0.3449 0.0000 0.0611
014240 0.5941 0.3449 0.0000 0.0611
014260 0.5941 0.3449 0.0000 0.0611
014280 0.5941 0.3449 0.0000 0.0611
014300 0.5941 0.3449 0.0000 0.0611
014320 0.5941 0.3449 0.0000 0.0611
014340 0.5941 0.3449 0.0000 0.0611
014360 0.5941 0.3449 0.0000 0.0611
014380 0.5941 0.3449 0.0000 0.0611
014400 0.5941 0.3449 0.0000 0.0611
014420 0.5941 0.3449 0.0000 0.0611
014440 0.5941 0.3449 0.0000 0.0611
014460 0.5941 0.3449 0.0000 0.0611
014480 0.5941 0.3449 0.0000 0.0611
014500 0.5941 0.3449 0.0000 0.0611
014520 0.5941 0.3449 0.0000 0.0611
014540 0.5941 0.3449 0.0000 0.0611
014560 0.5941 0.3449 0.0000 0.0611
014580 0.5941 0.3449 0.0000 0.0611
014600 0.5941 0.3449 0.0000 0.0611
014620 0.5941 0.3449 0.0000 0.0611
014640 0.5941 0.3449 0.0000 0.0611
014660 0.5941 0.3449 0.0000 0.0611
014680 0.5941 0.3449 0.0000 0.0611
014700 0.5941 0.3449 0.0000 0.0611
014720 0.5941 0.3449 0.0000 0.0611
014740 0.5941 0.3449 0.0000 0.0611
014760 0.5941 0.3449 0.0000 0.0611
014780 0.5941 0.3449 0.0000 0.0611
014800 0.5941 0.3449 0.0000 0.0611
014820 0.5941 0.3449 0.0000 0.0611
014840 0.5941 0.3449 0.0000 0.0611
014860 0.5941 0.3449 0.0000 0.0611
014880 0.5941 0.3449 0.0000 0.0611
014900 0.5941 0.3449 0.0000 0.0611
014920 0.5941 0.3449 0.0000 0.0611
014940 0.5941 0.3449 0.0000 0.0611
014960 0.5941 0.3449 0.0000 0.0611
014980 0.5941 0.3449 0.0000 0.0611
015000 0.5941 0.3449 0.0000 0.0611
015020 0.5941 0.3449 0.0000 0.0611
015040 0.5941 0.3449 0.0000 0.0611
015060 0.5941 0.3449 0.0000 0.0611
015080 0.5941 0.3449 0.0000 0.0611
015100 0.5941 0.3449 0.0000 0.0611
015120 0.5941 0.3449 0.0000 0.0611
015140 0.5941 0.3449 0.0000 0.0611
015160 0.5941 0.3449 0.0000 0.0611
015180 0.5941 0.3449 0.0000 0.0611
015200 0.5941 0.3449 0.0000 0.0611
015220 0.5941 0.3449 0.0000 0.0611
015240 0.5941 0.3449 0.0000 0.0611
015260 0.5941 0.3449 0.0000 0.0611
015280 0.5941 0.3449 0.0000 0.0611
015300 0.5941 0.3449 0.0000 0.0611
015320 0.5941 0.3449 0.0000 0.0611
015340 0.5941 0.3449 0.0000 0.0611
015360 0.5941 0.3449 0.0000 0.0611
015380 0.5941 0.3449 0.0000 0.0611
015400 0.5941 0.3449 0.0000 0.0611
015420 0.5941 0.3449 0.0000 0.0611
015440 0.5941 0.3449 0.0000 0.0611
015460 0.5941 0.3449 0.0000 0.0611
015480 0.5941 0.3449 0.0000 0.0611
015500 0.5941 0.3449 0.0000 0.0611
015520 0.5941 0.3449 0.0000 0.0611
015540 0.5941 0.3449 0.0000 0.0611
015560 0.5941 0.3449 0.0000 0.0611
015580 0.5941 0.3449 0.0000 0.0611
015600 0.5941 0.3449 0.0000 0.0611
015620 0.5941 0.3449 0.0000 0.0611
015640 0.5941 0.3449 0.0000 0.0611
015660 0.5941 0.3449 0.0000 0.0611
015680 0.5941 0.3449 0.0000 0.0611
015700 0.5941 0.3449 0.0000 0.0611
015720 0.5941 0.3449 0.0000 0.0611
015740 0.5941 0.3449 0.0000 0.0611
015760 0.5941 0.3449 0.0000 0.0611
015780 0.5941 0.3449 0.0000 0.0611
015800 0.5941 0.3449 0.0000 0.0611
015820 0.5941 0.3449 0.0000 0.0611
015840 0.5941 0.3449 0.0000 0.0611
015860 0.5941 0.3449 0.0000 0.0611
015880 0.5941 0.3449 0.0000 0.0611
015900 0.5941 0.3449 0.0000 0.0611
015920 0.5941 0.3449 0.0000 0.0611
015940 0.5941 0.3449 0.0000 0.0611
015960 0.5941 0.3449 0.0000 0.0611
015980 0.5941 0.3449 0.0000 0.0611
016000 0.5941 0.3449 0.0000 0.0611
016020 0.5941 0.3449 0.0000 0.0611
016040 0.5941 0.3449 0.0000 0.0611
016060 0.5941 0.3449 0.0000 0.0611
016080 0.5941 0.3449 0.0000 0.0611
016100 0.5941 0.3449 0.0000 0.0611
016120 0.5941 0.3449 0.0000 0.0611
016140 0.5941 0.3449 0.0000 0.0611
016160 0.5941 0.3449 0.0000 0.0611
016180 0.5941 0.3449 0.0000 0.0611
016200 0.5941 0.3449 0.0000 0.0611
016220 0.5941 0.3449 0.0000 0.0611
016240 0.5941 0.3449 0.0000 0.0611
016260 0.5941 0.3449 0.0000 0.0611
016280 0.5941 0.3449 0.0000 0.0611
016300 0.5941 0.3449 0.0000 0.0611
016320 0.5941 0.3449 0.0000 0.0611
016340 0.5941 0.3449 0.0000 0.0611
016360 0.5941 0.3449 0.0000 0.0611
016380 0.5941 0.3449 0.0000 0.0611
016400 0.5941 0.3449 0.0000 0.0611
016420 0.5941 0.3449 0.0000 0.0611
016440 0.5941 0.3449 0.0000 0.0611
016460 0.5941 0.3449 0.0000 0.0611
016480 0.5941 0.3449 0.0000 0.0611
016500 0.5941 0.3449 0.0000 0.0611
016520 0.5941 0.3449 0.0000 0.0611
016540 0.5941 0.3449 0.0000 0.0611
016560 0.5941 0.3449 0.0000 0.0611
016580 0.5941 0.3449 0.0000 0.0611
016600 0.5941 0.3449 0.0000 0.0611
016620 0.5941 0.3449 0.0000 0.0611
016640 0.5941 0.3449 0.0000 0.0611
016660 0.5941 0.3449 0.0000 0.0611
016680 0.5941 0.3449 0.0000 0.0611
016700 0.5941 0.3449 0.0000 0.0611
016720 0.5941 0.3449 0.0000 0.0611
016740 0.5941 0.3449 0.0000 0.0611
016760 0.5941 0.3449 0.0000 0.0611
016780 0.5941 0.3449 0.0000 0.0611
016800 0.5941 0.3449 0.0000 0.0611
016820 0.5941 0.3449 0.0000 0.0611
016840 0.5941 0.3449 0.0000 0.0611
016860 0.5941 0.3449 0.0000 0.0611
016880 0.5941 0.3449 0.0000 0.0611
016900 0.5941 0.3449 0.0000 0.0611
016920 0.5941 0.3449 0.0000 0.0611
016940 0.5941 0.3449 0.0000 0.0611
016960 0.5941 0.3449 0.0000 0.0611
016980 0.5941 0.3449 0.0000 0.0611
017000 0.5941 0.3449 0.0000 0.0611
017020 0.5941 0.3449 0.0000 0.0611
017040 0.5941 0.3449 0.0000 0.0611
017060 0.5941 0.3449 0.0000 0.0611
017080 0.5941 0.3449 0.0000 0.0611
017100 0.5941 0.3449 0.0000 0.0611
017120 0.5941 0.3449 0.0000 0.0611
017140 0.5941 0.3449 0.0000 0.0611
017160 0.5941 0.3449 0.0000 0.0611
017180 0.5941 0.3449 0.0000 0.0611
017200 0.5941 0.3449 0.0000 0.0611
017220 0.5941 0.3449 0.0000 0.0611
017240 0.5941 0.3449 0.0000 0.0611
017260 0.5941 0.3449 0.0000 0.0611
017280 0.5941 0.3449 0.0000 0.0611
017300 0.5941 0.3449 0.0000 0.0611
017320 0.5941 0.3449 0.0000 0.0611
017340 0.5941 0.3449 0.0000 0.0611
017360 0.5941 0.3449 0.0000 0.0611
017380 0.5941 0.3449 0.0000 0.0611
017400 0.5941 0.3449 0.0000 0.0611
017420 0.5941 0.3449 0.0000 0.0611
017440 0.5941 0.3449 0.0000 0.0611
017460 0.5941 0.3449 0.0000 0.0611
017480 0.5941 0.3449 0.0000 0.0611
017500 0.5941 0.3449 0.0000 0.0611
017520 0.5941 0.3449 0.0000 0.0611
017540 0.5941 0.3449 0.0000 0.0611
017560 0.5941 0.3449 0.0000 0.0611
017580 0.5941 0.3449 0.0000 0.0611
017600 0.5941 0.3449 0.0000 0.0611
017620 0.5941 0.3449 0.0000 0.0611
017640 0.5941 0.3449 0.0000 0.0611
017660 0.5941 0.3449 0.0000 0.0611
017680 0.5941 0.3449 0.0000 0.0611
017700 0.5941 0.3449 0.0000 0.0611
017720 0.5941 0.3449 0.0000 0.0611
017740 0.5941 0.3449 0.0000 0.0611
017760 0.5941 0.3449 0.0000 0.0611
017780 0.5941 0.3449 0.0000 0.0611
017800 0.5941 0.3449 0.0000 0.0611
017820 0.5941 0.3449 0.0000 0.0611
017840 0.5941 0.3449 0.0000 0.0611
017860 0.5941 0.3449 0.0000 0.0611
017880 0.5941 0.3449 0.0000 0.0611
017900 0.5941 0.3449 0.0000 0.0611
017920 0.5941 0.3449 0.0000 0.0611
017940 0.5941 0.3449 0.0000 0.0611
017960 0.5941 0.3449 0.0000 0.0611
017980 0.5941 0.3449 0.0000 0.0611
018000 0.5941 0.3449 0.0000 0.0611
018020 0.5941 0.3449 0.0000 0.0611
018040 0.5941 0.3449 0.0000 0.0611
018060 0.5941 0.3449 0.0000 0.0611
018080 0.5941 0.3449 0.0000 0.0611
018100 0.5941 0.3449 0.0000 0.0611
018120 0.5941 0.3449 0.0000 0.0611
018140 0.5941 0.3449 0.0000 0.0611
018160 0.5941 0.3449 0.0000 0.0611
018180 0.5941 0.3449 0.0000 0.0611
018200 0.5941 0.3449 0.0000 0.0611
018220 0.5941 0.3449 0.0000 0.0611
018240 0.5941 0.3449 0.0000 0.0611
018260 0.5941 0.3449 0.0000 0.0611
018280 0.5941 0.3449 0.0000 0.0611
018300 0.5941 0.3449 0.0000 0.0611
018320 0.5941 0.3449 0.0000 0.0611
018340 0.5941 0.3449 0.0000 0.0611
018360 0.5941 0.3449 0.0000 0.0611
018380 0.5941 0.3449 0.0000 0.0611
018400 0.5941 0.3449 0.0000 0.0611
018420 0.5941 0.3449 0.0000 0.0611
018440 0.5941 0.3449 0.0000 0.0611
018460 0.5941 0.3449 0.0000 0.0611
018480 0.5941 0.3449 0.0000 0.0611
018500 0.5941 0.3449 0.0000 0.0611
018520 0.5941 0.3449 0.0000 0.0611
018540 0.5941 0.3449 0.0000 0.0611
018560 0.5941 0.3449 0.0000 0.0611
018580 0.5941 0.3449 0.0000 0.0611
018600 0.5941 0.3449 0.0000 0.0611
018620 0.5941 0.3449 0.0000 0.0611
018640 0.5941 0.3449 0.0000 0.0611
018660 0.5941 0.3449 0.0000 0.0611
018680 0.5941 0.3449 0.0000 0.0611
018700 0.5941 0.3449 0.0000 0.0611
018720 0.5941 0.3449 0.0000 0.0611
018740 0.5941 0.3449 0.0000 0.0611
018760 0.5941 0.3449 0.0000 0.0611
018780 0.5941 0.3449 0.0000 0.0611
018800 0.5941 0.3449 0.0000 0.0611
018820 0.5941 0.3449 0.0000 0.0611
018840 0.5941 0.3449 0.0000 0.0611
018860 0.5941 0.3449 0.0000 0.0611
018880 0.5941 0.3449 0.0000 0.0611
018900 0.5941 0.3449 0.0000 0.0611
018920 0.5941 0.3449 0.0000 0.0611
018940 0.5941 0.3449 0.0000 0.0611
018960 0.5941 0.3449 0.0000 0.0611
018980 0.5941 0.3449 0.0000 0.0611
019000 0.5941 0.3449 0.0000 0.0611
019020 0.5941 0.3449 0.0000 0.0611
019040 0.5941 0.3449 0.0000 0.0611
019060 0.5941 0.3449 0.0000 0.0611
019080 0.5941 0.3449 0.0000 0.0611
019100 0.5941 0.3449 0.0000 0.0611
019120 0.5941 0.3449 0.0000 0.0611
019140 0.5941 0.3449 0.0000 0.0611
019160 0.5941 0.3449 0.0000 0.0611
019180 0.5941 0.3449 0.0000 0.0611
019200 0.5941 0.3449 0.0000 0.0611
019220 0.5941 0.3449 0.0000 0.0611
019240 0.5941 0.3449 0.0000 0.0611
019260 0.5941 0.3449 0.0000 0.0611
019280 0.5941 0.3449 0.0000 0.0611
019300 0.5941 0.3449 0.0000 0.0611
019320 0.5941 0.3449 0.0000 0.0611
019340 0.5941 0.3449 0.0000 0.0611
019360 0.5941 0.3449 0.0000 0.0611
019380 0.5941 0.3449 0.0000 0.0611
019400 0.5941 0.3449 0.0000 0.0611
019420 0.5941 0.3449 0.0000 0.0611
019440 0.5941 0.3449 0.0000 0.0611
019460 0.5941 0.3449 0.0000 0.0611
019480 0.5941 0.3449 0.0000 0.0611
019500 0.5941 0.3449 0.0000 0.0611
019520 0.5941 0.3449 0.0000 0.0611
019540 0.5941 0.3449 0.0000 0.0611
019560 0.5941 0.3449 0.0000 0.0611
019580 0.5941 0.3449 0.0000 0.0611
019600 0.5941 0.3449 0.0000 0.0611
019620 0.5941 0.3449 0.0000 0.0611
019640 0.5941 0.3449 0.0000 0.0611
019660 0.5941 0.3449 0.0000 0.0611
019680 0.5941 0.3449 0.0000 0.0611
019700 0.5941 0.3449 0.0000 0.0611
019720 0.5941 0.3449 0.0000 0.0611
019740 0.5941 0.3449 0.0000 0.0611
019760 0.5941 0.3449 0.0000 0.0611
019780 0.5941 0.3449 0.0000 0.0611
019800 0.5941 0.3449 0.0000 0.0611
019820 0.5941 0.3449 0.0000 0.0611
019840 0.5941 0.3449 0.0000 0.0611
019860 0.5941 0.3449 0.0000 0.0611
019880 0.5941 0.3449 0.0000 0.0611
019900 0.5941 0.3449 0.0000 0.0611
019920 0.5941 0.3449 0.0000 0.0611
019940 0.5941 0.3449 0.0000 0.0611
019960 0.5941 0.3449 0.0000 0.0611
019980 0.5941 0.3449 0.0000 0.0611
020000 0.5941 0.3449 0.0000 0.0611
