000000 0.2500 0.2500 0.2500 0.2500
000020 0.2609 0.2578 0.2299 0.2514
000040 0.2734 0.2668 0.2084 0.2515
000060 0.2854 0.2763 0.1872 0.2510
000080 0.2971 0.2858 0.1669 0.2502
000100 0.3075 0.2960 0.1483 0.2483
000120 0.3170 0.3069 0.1304 0.2458
000140 0.3250 0.3186 0.1135 0.2430
000160 0.3317 0.3322 0.0973 0.2388
000180 0.3385 0.3452 0.0827 0.2335
000200 0.3437 0.3592 0.0693 0.2278
000220 0.3482 0.3735 0.0572 0.2212
000240 0.3513 0.3886 0.0462 0.2139
000260 0.3535 0.4045 0.0367 0.2054
000280 0.3540 0.4213 0.0282 0.1965
000300 0.3532 0.4386 0.0208 0.1874
000320 0.3507 0.4585 0.0143 0.1765
000340 0.3484 0.4780 0.0088 0.1648
000360 0.3436 0.4981 0.0048 0.1536
000380 0.3372 0.5197 0.0018 0.1413
000400 0.3305 0.5423 0.0003 0.1269
000420 0.3247 0.5638 0.0000 0.1115
000440 0.3214 0.5844 0.0000 0.0942
000460 0.3192 0.6019 0.0000 0.0789
000480 0.3177 0.6129 0.0000 0.0694
000500 0.3160 0.6232 0.0000 0.0608
000520 0.3127 0.6339 0.0000 0.0534
000540 0.3095 0.6438 0.0000 0.0467
000560 0.3077 0.6504 0.0000 0.0420
000580 0.3062 0.6558 0.0000 0.0380
000600 0.3076 0.6567 0.0000 0.0357
000620 0.3158 0.6527 0.0000 0.0315
000640 0.3267 0.6436 0.0000 0.0297
000660 0.3396 0.6321 0.0000 0.0283
000680 0.3461 0.6224 0.0000 0.0316
000700 0.3481 0.6184 0.0000 0.0336
000720 0.3501 0.6154 0.0000 0.0345
000740 0.3549 0.6110 0.0000 0.0340
000760 0.3622 0.6030 0.0000 0.0348
000780 0.3746 0.5919 0.0000 0.0335
000800 0.3905 0.5767 0.0000 0.0329
000820 0.4021 0.5641 0.0000 0.0339
000840 0.4110 0.5534 0.0000 0.0355
000860 0.4188 0.5430 0.0000 0.0382
000880 0.4232 0.5384 0.0000 0.0385
000900 0.4281 0.5327 0.0000 0.0392
000920 0.4352 0.5253 0.0000 0.0395
000940 0.4439 0.5165 0.0000 0.0396
000960 0.4544 0.5036 0.0000 0.0420
000980 0.4586 0.4968 0.0000 0.0445
001000 0.4618 0.4926 0.0000 0.0456
001020 0.4671 0.4870 0.0000 0.0459
001040 0.4728 0.4805 0.0000 0.0467
001060 0.4840 0.4708 0.0000 0.0451
001080 0.4989 0.4561 0.0000 0.0449
001100 0.5125 0.4418 0.0000 0.0457
001120 0.5226 0.4297 0.0000 0.0477
001140 0.5296 0.4202 0.0000 0.0502
001160 0.5353 0.4128 0.0000 0.0519
001180 0.5394 0.4081 0.0000 0.0524
001200 0.5493 0.3987 0.0000 0.0520
001220 0.5614 0.3870 0.0000 0.0516
001240 0.5714 0.3775 0.0000 0.0511
001260 0.5765 0.3671 0.0000 0.0564
001280 0.5651 0.3750 0.0000 0.0599
001300 0.5565 0.3825 0.0000 0.0610
001320 0.5568 0.3852 0.0000 0.0580
001340 0.5692 0.3770 0.0000 0.0538
001360 0.5809 0.3658 0.0000 0.0533
001380 0.5958 0.3496 0.0000 0.0546
001400 0.6043 0.3405 0.0000 0.0552
001420 0.6042 0.3377 0.0000 0.0581
001440 0.5897 0.3481 0.0000 0.0622
001460 0.5760 0.3617 0.0000 0.0623
001480 0.5727 0.3665 0.0000 0.0607
001500 0.5858 0.3600 0.0000 0.0542
001520 0.6051 0.3424 0.0000 0.0525
001540 0.6136 0.3303 0.0000 0.0561
001560 0.6044 0.3348 0.0000 0.0608
001580 0.5987 0.3420 0.0000 0.0593
001600 0.5959 0.3457 0.0000 0.0585
001620 0.6011 0.3401 0.0000 0.0588
001640 0.6036 0.3399 0.0000 0.0565
001660 0.6090 0.3342 0.0000 0.0568
001680 0.6103 0.3295 0.0000 0.0602
001700 0.5978 0.3387 0.0000 0.0634
001720 0.5905 0.3500 0.0000 0.0596
001740 0.5969 0.3474 0.0000 0.0556
001760 0.6100 0.3349 0.0000 0.0551
001780 0.6170 0.3258 0.0000 0.0572
001800 0.6104 0.3289 0.0000 0.0607
001820 0.6004 0.3373 0.0000 0.0623
001840 0.5925 0.3450 0.0000 0.0624
001860 0.5901 0.3506 0.0000 0.0594
001880 0.6016 0.3417 0.0000 0.0566
001900 0.6070 0.3358 0.0000 0.0572
001920 0.6083 0.3343 0.0000 0.0573
001940 0.6082 0.3347 0.0000 0.0572
001960 0.6120 0.3296 0.0000 0.0584
001980 0.6128 0.3287 0.0000 0.0585
002000 0.6065 0.3334 0.0000 0.0601
002020 0.6005 0.3386 0.0000 0.0608
002040 0.5947 0.3426 0.0000 0.0628
002060 0.5899 0.3479 0.0000 0.0622
002080 0.5926 0.3492 0.0000 0.0582
002100 0.5971 0.3457 0.0000 0.0572
002120 0.6066 0.3366 0.0000 0.0569
002140 0.6117 0.3285 0.0000 0.0598
002160 0.6094 0.3315 0.0000 0.0591
002180 0.6121 0.3305 0.0000 0.0574
002200 0.6138 0.3271 0.0000 0.0591
002220 0.6063 0.3335 0.0000 0.0602
002240 0.5995 0.3405 0.0000 0.0600
002260 0.5988 0.3417 0.0000 0.0595
002280 0.5975 0.3424 0.0000 0.0602
002300 0.6017 0.3409 0.0000 0.0575
002320 0.6100 0.3320 0.0000 0.0579
002340 0.6075 0.3315 0.0000 0.0610
002360 0.5949 0.3435 0.0000 0.0616
002380 0.5876 0.3513 0.0000 0.0611
002400 0.5883 0.3536 0.0000 0.0581
002420 0.5986 0.3452 0.0000 0.0562
002440 0.6072 0.3356 0.0000 0.0572
002460 0.6103 0.3308 0.0000 0.0589
002480 0.6063 0.3327 0.0000 0.0610
002500 0.6043 0.3365 0.0000 0.0592
002520 0.6039 0.3380 0.0000 0.0581
002540 0.6030 0.3375 0.0000 0.0595
002560 0.5979 0.3402 0.0000 0.0619
002580 0.5965 0.3426 0.0000 0.0609
002600 0.5953 0.3454 0.0000 0.0593
002620 0.6027 0.3408 0.0000 0.0565
002640 0.6103 0.3309 0.0000 0.0589
002660 0.6112 0.3288 0.0000 0.0600
002680 0.6052 0.3343 0.0000 0.0604
002700 0.5998 0.3420 0.0000 0.0582
002720 0.5979 0.3438 0.0000 0.0583
002740 0.5963 0.3434 0.0000 0.0603
002760 0.5994 0.3422 0.0000 0.0584
002780 0.6007 0.3403 0.0000 0.0590
002800 0.6007 0.3391 0.0000 0.0602
002820 0.6015 0.3406 0.0000 0.0579
002840 0.6022 0.3396 0.0000 0.0582
002860 0.5997 0.3403 0.0000 0.0600
002880 0.6013 0.3394 0.0000 0.0592
002900 0.6102 0.3328 0.0000 0.0570
002920 0.6095 0.3300 0.0000 0.0606
002940 0.6016 0.3403 0.0000 0.0581
002960 0.6025 0.3404 0.0000 0.0571
002980 0.6063 0.3352 0.0000 0.0585
003000 0.6061 0.3350 0.0000 0.0588
003020 0.6066 0.3340 0.0000 0.0593
003040 0.6072 0.3331 0.0000 0.0597
003060 0.6093 0.3331 0.0000 0.0576
003080 0.6071 0.3322 0.0000 0.0607
003100 0.6002 0.3388 0.0000 0.0610
003120 0.5992 0.3432 0.0000 0.0576
003140 0.5993 0.3417 0.0000 0.0591
003160 0.6012 0.3413 0.0000 0.0575
003180 0.6089 0.3345 0.0000 0.0566
003200 0.6179 0.3265 0.0000 0.0556
003220 0.6261 0.3192 0.0000 0.0547
003240 0.6257 0.3177 0.0000 0.0565
003260 0.6181 0.3212 0.0000 0.0606
003280 0.6037 0.3342 0.0000 0.0621
003300 0.5941 0.3432 0.0000 0.0627
003320 0.5881 0.3510 0.0000 0.0609
003340 0.5945 0.3486 0.0000 0.0569
003360 0.6054 0.3410 0.0000 0.0536
003380 0.6190 0.3281 0.0000 0.0529
003400 0.6218 0.3201 0.0000 0.0581
003420 0.6152 0.3244 0.0000 0.0604
003440 0.6053 0.3332 0.0000 0.0615
003460 0.5982 0.3421 0.0000 0.0597
003480 0.6008 0.3392 0.0000 0.0600
003500 0.6031 0.3387 0.0000 0.0582
003520 0.6046 0.3378 0.0000 0.0576
003540 0.6165 0.3283 0.0000 0.0551
003560 0.6187 0.3220 0.0000 0.0592
003580 0.6122 0.3273 0.0000 0.0605
003600 0.6052 0.3359 0.0000 0.0589
003620 0.6005 0.3397 0.0000 0.0598
003640 0.5984 0.3431 0.0000 0.0585
003660 0.5962 0.3432 0.0000 0.0606
003680 0.5925 0.3463 0.0000 0.0612
003700 0.5885 0.3484 0.0000 0.0632
003720 0.5890 0.3516 0.0000 0.0594
003740 0.5940 0.3500 0.0000 0.0560
003760 0.6064 0.3382 0.0000 0.0553
003780 0.6169 0.3272 0.0000 0.0559
003800 0.6206 0.3217 0.0000 0.0577
003820 0.6178 0.3230 0.0000 0.0591
003840 0.6127 0.3292 0.0000 0.0581
003860 0.6139 0.3300 0.0000 0.0562
003880 0.6130 0.3307 0.0000 0.0563
003900 0.6112 0.3321 0.0000 0.0567
003920 0.6084 0.3327 0.0000 0.0589
003940 0.6000 0.3405 0.0000 0.0595
003960 0.6011 0.3412 0.0000 0.0577
003980 0.6088 0.3357 0.0000 0.0555
004000 0.6154 0.3280 0.0000 0.0566
004020 0.6221 0.3203 0.0000 0.0577
004040 0.6191 0.3203 0.0000 0.0606
004060 0.6056 0.3341 0.0000 0.0603
004080 0.6003 0.3397 0.0000 0.0600
004100 0.5983 0.3420 0.0000 0.0598
004120 0.5970 0.3433 0.0000 0.0597
004140 0.6001 0.3402 0.0000 0.0597
004160 0.6010 0.3406 0.0000 0.0584
004180 0.6079 0.3362 0.0000 0.0559
004200 0.6102 0.3298 0.0000 0.0600
004220 0.6029 0.3370 0.0000 0.0601
004240 0.5997 0.3424 0.0000 0.0579
004260 0.6048 0.3380 0.0000 0.0572
004280 0.6063 0.3329 0.0000 0.0608
004300 0.6019 0.3381 0.0000 0.0600
004320 0.5992 0.3415 0.0000 0.0593
004340 0.5982 0.3423 0.0000 0.0595
004360 0.6004 0.3406 0.0000 0.0590
004380 0.5982 0.3409 0.0000 0.0609
004400 0.5953 0.3450 0.0000 0.0597
004420 0.5988 0.3429 0.0000 0.0583
004440 0.6016 0.3399 0.0000 0.0585
004460 0.6054 0.3363 0.0000 0.0584
004480 0.6084 0.3325 0.0000 0.0590
004500 0.6061 0.3343 0.0000 0.0595
004520 0.6095 0.3332 0.0000 0.0573
004540 0.6096 0.3322 0.0000 0.0582
004560 0.6025 0.3371 0.0000 0.0605
004580 0.5983 0.3395 0.0000 0.0621
004600 0.5925 0.3462 0.0000 0.0613
004620 0.5923 0.3492 0.0000 0.0585
004640 0.5969 0.3456 0.0000 0.0575
004660 0.6087 0.3363 0.0000 0.0550
004680 0.6173 0.3253 0.0000 0.0573
004700 0.6140 0.3258 0.0000 0.0602
004720 0.6065 0.3336 0.0000 0.0599
004740 0.5935 0.3457 0.0000 0.0608
004760 0.5907 0.3485 0.0000 0.0608
004780 0.5991 0.3435 0.0000 0.0574
004800 0.6125 0.3317 0.0000 0.0558
004820 0.6152 0.3261 0.0000 0.0587
004840 0.6107 0.3302 0.0000 0.0591
004860 0.6039 0.3344 0.0000 0.0617
004880 0.5975 0.3411 0.0000 0.0613
004900 0.5941 0.3448 0.0000 0.0611
004920 0.5923 0.3491 0.0000 0.0586
004940 0.6026 0.3424 0.0000 0.0550
004960 0.6139 0.3300 0.0000 0.0561
004980 0.6166 0.3241 0.0000 0.0593
005000 0.6085 0.3298 0.0000 0.0617
005020 0.5967 0.3396 0.0000 0.0637
005040 0.5797 0.3548 0.0000 0.0655
005060 0.5750 0.3651 0.0000 0.0599
005080 0.5897 0.3573 0.0000 0.0530
005100 0.6118 0.3338 0.0000 0.0544
005120 0.6192 0.3231 0.0000 0.0577
005140 0.6103 0.3292 0.0000 0.0605
005160 0.6004 0.3370 0.0000 0.0626
005180 0.5899 0.3480 0.0000 0.0620
005200 0.5896 0.3505 0.0000 0.0599
005220 0.5962 0.3472 0.0000 0.0566
005240 0.6005 0.3428 0.0000 0.0567
005260 0.6051 0.3349 0.0000 0.0600
005280 0.6047 0.3357 0.0000 0.0595
005300 0.6036 0.3364 0.0000 0.0600
005320 0.6041 0.3368 0.0000 0.0591
005340 0.6008 0.3392 0.0000 0.0600
005360 0.5944 0.3429 0.0000 0.0627
005380 0.5888 0.3485 0.0000 0.0627
005400 0.5895 0.3532 0.0000 0.0573
005420 0.5968 0.3435 0.0000 0.0597
005440 0.5980 0.3409 0.0000 0.0611
005460 0.5997 0.3415 0.0000 0.0588
005480 0.6020 0.3379 0.0000 0.0601
005500 0.6050 0.3359 0.0000 0.0591
005520 0.6019 0.3383 0.0000 0.0598
005540 0.6043 0.3380 0.0000 0.0576
005560 0.6077 0.3352 0.0000 0.0571
005580 0.6072 0.3348 0.0000 0.0580
005600 0.6080 0.3346 0.0000 0.0574
005620 0.6100 0.3324 0.0000 0.0576
005640 0.6089 0.3331 0.0000 0.0580
005660 0.6113 0.3314 0.0000 0.0573
005680 0.6091 0.3326 0.0000 0.0583
005700 0.6052 0.3334 0.0000 0.0614
005720 0.5970 0.3408 0.0000 0.0623
005740 0.5894 0.3493 0.0000 0.0612
005760 0.5886 0.3515 0.0000 0.0599
005780 0.5921 0.3499 0.0000 0.0580
005800 0.6030 0.3417 0.0000 0.0554
005820 0.6147 0.3314 0.0000 0.0538
005840 0.6220 0.3214 0.0000 0.0566
005860 0.6147 0.3247 0.0000 0.0606
005880 0.6043 0.3331 0.0000 0.0626
005900 0.5942 0.3448 0.0000 0.0610
005920 0.5910 0.3498 0.0000 0.0591
005940 0.5980 0.3452 0.0000 0.0568
005960 0.6027 0.3395 0.0000 0.0578
005980 0.6088 0.3359 0.0000 0.0553
006000 0.6186 0.3248 0.0000 0.0565
006020 0.6173 0.3238 0.0000 0.0590
006040 0.6113 0.3280 0.0000 0.0607
006060 0.6014 0.3356 0.0000 0.0629
006080 0.5933 0.3469 0.0000 0.0598
006100 0.5953 0.3470 0.0000 0.0577
006120 0.6037 0.3382 0.0000 0.0581
006140 0.6077 0.3328 0.0000 0.0595
006160 0.5961 0.3422 0.0000 0.0617
006180 0.5915 0.3487 0.0000 0.0597
006200 0.5924 0.3491 0.0000 0.0584
006220 0.5971 0.3446 0.0000 0.0584
006240 0.6010 0.3391 0.0000 0.0599
006260 0.6043 0.3362 0.0000 0.0595
006280 0.5994 0.3392 0.0000 0.0613
006300 0.5962 0.3444 0.0000 0.0594
006320 0.5977 0.3438 0.0000 0.0585
006340 0.6014 0.3408 0.0000 0.0578
006360 0.6087 0.3332 0.0000 0.0581
006380 0.6104 0.3303 0.0000 0.0593
006400 0.6065 0.3323 0.0000 0.0612
006420 0.6005 0.3410 0.0000 0.0585
006440 0.6052 0.3382 0.0000 0.0566
006460 0.6085 0.3335 0.0000 0.0580
006480 0.6098 0.3315 0.0000 0.0587
006500 0.6115 0.3297 0.0000 0.0588
006520 0.6099 0.3304 0.0000 0.0597
006540 0.6020 0.3361 0.0000 0.0619
006560 0.5978 0.3406 0.0000 0.0616
006580 0.6014 0.3387 0.0000 0.0599
006600 0.6018 0.3393 0.0000 0.0589
006620 0.6038 0.3386 0.0000 0.0576
006640 0.5993 0.3405 0.0000 0.0603
006660 0.5896 0.3485 0.0000 0.0619
006680 0.5874 0.3537 0.0000 0.0589
006700 0.5934 0.3484 0.0000 0.0582
006720 0.6022 0.3399 0.0000 0.0579
006740 0.6075 0.3335 0.0000 0.0590
006760 0.6109 0.3309 0.0000 0.0582
006780 0.6070 0.3346 0.0000 0.0583
006800 0.6045 0.3360 0.0000 0.0596
006820 0.6025 0.3354 0.0000 0.0621
006840 0.5991 0.3399 0.0000 0.0609
006860 0.5948 0.3433 0.0000 0.0619
006880 0.5951 0.3462 0.0000 0.0588
006900 0.5993 0.3429 0.0000 0.0578
006920 0.6022 0.3380 0.0000 0.0598
006940 0.6031 0.3383 0.0000 0.0586
006960 0.5990 0.3409 0.0000 0.0602
006980 0.6018 0.3414 0.0000 0.0568
007000 0.6051 0.3386 0.0000 0.0563
007020 0.6077 0.3342 0.0000 0.0580
007040 0.6065 0.3346 0.0000 0.0589
007060 0.6039 0.3370 0.0000 0.0591
007080 0.6039 0.3396 0.0000 0.0565
007100 0.6082 0.3331 0.0000 0.0587
007120 0.6049 0.3340 0.0000 0.0610
007140 0.5996 0.3426 0.0000 0.0578
007160 0.6034 0.3392 0.0000 0.0573
007180 0.6045 0.3361 0.0000 0.0595
007200 0.6033 0.3360 0.0000 0.0607
007220 0.5951 0.3440 0.0000 0.0610
007240 0.5917 0.3467 0.0000 0.0616
007260 0.5951 0.3459 0.0000 0.0589
007280 0.5998 0.3402 0.0000 0.0600
007300 0.5994 0.3414 0.0000 0.0593
007320 0.6004 0.3416 0.0000 0.0580
007340 0.6095 0.3338 0.0000 0.0567
007360 0.6110 0.3297 0.0000 0.0593
007380 0.6049 0.3347 0.0000 0.0604
007400 0.5972 0.3430 0.0000 0.0598
007420 0.5909 0.3488 0.0000 0.0603
007440 0.5947 0.3460 0.0000 0.0594
007460 0.6043 0.3389 0.0000 0.0568
007480 0.6115 0.3311 0.0000 0.0574
007500 0.6124 0.3291 0.0000 0.0585
007520 0.6122 0.3282 0.0000 0.0596
007540 0.6047 0.3338 0.0000 0.0615
007560 0.5938 0.3465 0.0000 0.0598
007580 0.5933 0.3497 0.0000 0.0570
007600 0.5991 0.3428 0.0000 0.0581
007620 0.6019 0.3395 0.0000 0.0585
007640 0.6068 0.3350 0.0000 0.0582
007660 0.6052 0.3351 0.0000 0.0597
007680 0.6041 0.3363 0.0000 0.0596
007700 0.6009 0.3395 0.0000 0.0597
007720 0.6066 0.3371 0.0000 0.0564
007740 0.6151 0.3288 0.0000 0.0561
007760 0.6193 0.3227 0.0000 0.0581
007780 0.6145 0.3241 0.0000 0.0613
007800 0.5933 0.3416 0.0000 0.0651
007820 0.5808 0.3576 0.0000 0.0615
007840 0.5789 0.3618 0.0000 0.0593
007860 0.5929 0.3526 0.0000 0.0545
007880 0.6094 0.3362 0.0000 0.0544
007900 0.6236 0.3213 0.0000 0.0551
007920 0.6254 0.3171 0.0000 0.0576
007940 0.6113 0.3250 0.0000 0.0637
007960 0.5905 0.3419 0.0000 0.0675
007980 0.5773 0.3598 0.0000 0.0629
008000 0.5804 0.3626 0.0000 0.0571
008020 0.5898 0.3527 0.0000 0.0575
008040 0.6004 0.3411 0.0000 0.0585
008060 0.6081 0.3350 0.0000 0.0568
008080 0.6080 0.3335 0.0000 0.0586
008100 0.6008 0.3378 0.0000 0.0614
008120 0.5959 0.3437 0.0000 0.0604
008140 0.5920 0.3465 0.0000 0.0615
008160 0.5932 0.3484 0.0000 0.0584
008180 0.6055 0.3393 0.0000 0.0552
008200 0.6117 0.3302 0.0000 0.0581
008220 0.6097 0.3313 0.0000 0.0590
008240 0.6042 0.3350 0.0000 0.0609
008260 0.5972 0.3401 0.0000 0.0627
008280 0.5869 0.3502 0.0000 0.0629
008300 0.5834 0.3579 0.0000 0.0587
008320 0.5928 0.3504 0.0000 0.0568
008340 0.6055 0.3374 0.0000 0.0571
008360 0.6100 0.3312 0.0000 0.0589
008380 0.6097 0.3317 0.0000 0.0585
008400 0.6080 0.3332 0.0000 0.0588
008420 0.6088 0.3326 0.0000 0.0586
008440 0.6073 0.3330 0.0000 0.0597
008460 0.6025 0.3371 0.0000 0.0604
008480 0.5985 0.3410 0.0000 0.0605
008500 0.5950 0.3451 0.0000 0.0600
008520 0.5947 0.3472 0.0000 0.0580
008540 0.6004 0.3426 0.0000 0.0570
008560 0.6126 0.3322 0.0000 0.0552
008580 0.6200 0.3234 0.0000 0.0566
008600 0.6198 0.3225 0.0000 0.0578
008620 0.6150 0.3271 0.0000 0.0579
008640 0.6172 0.3255 0.0000 0.0573
008660 0.6122 0.3291 0.0000 0.0587
008680 0.5999 0.3395 0.0000 0.0606
008700 0.5973 0.3416 0.0000 0.0611
008720 0.5964 0.3431 0.0000 0.0605
008740 0.5954 0.3445 0.0000 0.0601
008760 0.5994 0.3436 0.0000 0.0570
008780 0.6034 0.3381 0.0000 0.0585
008800 0.6021 0.3378 0.0000 0.0600
008820 0.6052 0.3377 0.0000 0.0571
008840 0.6071 0.3332 0.0000 0.0597
008860 0.6050 0.3344 0.0000 0.0606
008880 0.6063 0.3353 0.0000 0.0584
008900 0.6014 0.3391 0.0000 0.0595
008920 0.6053 0.3354 0.0000 0.0593
008940 0.6057 0.3349 0.0000 0.0594
008960 0.6059 0.3377 0.0000 0.0565
008980 0.6111 0.3329 0.0000 0.0560
009000 0.6091 0.3306 0.0000 0.0604
009020 0.6007 0.3379 0.0000 0.0614
009040 0.5992 0.3423 0.0000 0.0584
009060 0.6036 0.3393 0.0000 0.0571
009080 0.6087 0.3336 0.0000 0.0577
009100 0.6051 0.3337 0.0000 0.0612
009120 0.5957 0.3434 0.0000 0.0610
009140 0.5944 0.3469 0.0000 0.0587
009160 0.6004 0.3423 0.0000 0.0573
009180 0.6104 0.3326 0.0000 0.0570
009200 0.6125 0.3298 0.0000 0.0577
009220 0.6060 0.3346 0.0000 0.0594
009240 0.5956 0.3409 0.0000 0.0635
009260 0.5846 0.3532 0.0000 0.0621
009280 0.5882 0.3538 0.0000 0.0580
009300 0.6024 0.3425 0.0000 0.0552
009320 0.6187 0.3276 0.0000 0.0537
009340 0.6168 0.3248 0.0000 0.0583
009360 0.6107 0.3291 0.0000 0.0602
009380 0.5998 0.3375 0.0000 0.0627
009400 0.5881 0.3483 0.0000 0.0635
009420 0.5818 0.3571 0.0000 0.0610
009440 0.5886 0.3543 0.0000 0.0570
009460 0.6025 0.3427 0.0000 0.0548
009480 0.6163 0.3275 0.0000 0.0562
009500 0.6197 0.3227 0.0000 0.0576
009520 0.6120 0.3280 0.0000 0.0600
009540 0.5950 0.3425 0.0000 0.0626
009560 0.5852 0.3540 0.0000 0.0608
009580 0.5851 0.3558 0.0000 0.0591
009600 0.5965 0.3478 0.0000 0.0558
009620 0.6131 0.3341 0.0000 0.0527
009640 0.6244 0.3205 0.0000 0.0551
009660 0.6243 0.3166 0.0000 0.0591
009680 0.6103 0.3271 0.0000 0.0626
009700 0.5997 0.3371 0.0000 0.0632
009720 0.5916 0.3479 0.0000 0.0605
009740 0.5908 0.3508 0.0000 0.0584
009760 0.5919 0.3477 0.0000 0.0604
009780 0.5898 0.3498 0.0000 0.0605
009800 0.5950 0.3472 0.0000 0.0578
009820 0.6025 0.3391 0.0000 0.0584
009840 0.6065 0.3338 0.0000 0.0597
009860 0.6045 0.3364 0.0000 0.0591
009880 0.6055 0.3369 0.0000 0.0575
009900 0.6069 0.3350 0.0000 0.0581
009920 0.6084 0.3311 0.0000 0.0605
009940 0.6009 0.3364 0.0000 0.0627
009960 0.5871 0.3461 0.0000 0.0668
009980 0.5802 0.3587 0.0000 0.0612
010000 0.5928 0.3509 0.0000 0.0564
010020 0.6055 0.3383 0.0000 0.0562
010040 0.6143 0.3291 0.0000 0.0566
010060 0.6177 0.3247 0.0000 0.0576
010080 0.6116 0.3286 0.0000 0.0598
010100 0.6033 0.3362 0.0000 0.0606
010120 0.6033 0.3362 0.0000 0.0606
010140 0.6033 0.3362 0.0000 0.0606
010160 0.6033 0.3362 0.0000 0.0606
010180 0.6033 0.3362 0.0000 0.0606
010200 0.6033 0.3362 0.0000 0.0606
010220 0.6033 0.3362 0.0000 0.0606
010240 0.6033 0.3362 0.0000 0.0606
010260 0.6033 0.3362 0.0000 0.0606
010280 0.6033 0.3362 0.0000 0.0606
010300 0.6033 0.3362 0.0000 0.0606
010320 0.6033 0.3362 0.0000 0.0606
010340 0.6033 0.3362 0.0000 0.0606
010360 0.6033 0.3362 0.0000 0.0606
010380 0.6033 0.3362 0.0000 0.0606
010400 0.6033 0.3362 0.0000 0.0606
010420 0.6033 0.3362 0.0000 0.0606
010440 0.6033 0.3362 0.0000 0.0606
010460 0.6033 0.3362 0.0000 0.0606
010480 0.6033 0.3362 0.0000 0.0606
010500 0.6033 0.3362 0.0000 0.0606
010520 0.6033 0.3362 0.0000 0.0606
010540 0.6033 0.3362 0.0000 0.0606
010560 0.6033 0.3362 0.0000 0.0606
010580 0.6033 0.3362 0.0000 0.0606
010600 0.6033 0.3362 0.0000 0.0606
010620 0.6033 0.3362 0.0000 0.0606
010640 0.6033 0.3362 0.0000 0.0606
010660 0.6033 0.3362 0.0000 0.0606
010680 0.6033 0.3362 0.0000 0.0606
010700 0.6033 0.3362 0.0000 0.0606
010720 0.6033 0.3362 0.0000 0.0606
010740 0.6033 0.3362 0.0000 0.0606
010760 0.6033 0.3362 0.0000 0.0606
010780 0.6033 0.3362 0.0000 0.0606
010800 0.6033 0.3362 0.0000 0.0606
010820 0.6033 0.3362 0.0000 0.0606
010840 0.6033 0.3362 0.0000 0.0606
010860 0.6033 0.3362 0.0000 0.0606
010880 0.6033 0.3362 0.0000 0.0606
010900 0.6033 0.3362 0.0000 0.0606
010920 0.6033 0.3362 0.0000 0.0606
010940 0.6033 0.3362 0.0000 0.0606
010960 0.6033 0.3362 0.0000 0.0606
010980 0.6033 0.3362 0.0000 0.0606
011000 0.6033 0.3362 0.0000 0.0606
011020 0.6033 0.3362 0.0000 0.0606
011040 0.6033 0.3362 0.0000 0.0606
011060 0.6033 0.3362 0.0000 0.0606
011080 0.6033 0.3362 0.0000 0.0606
011100 0.6033 0.3362 0.0000 0.0606
011120 0.6033 0.3362 0.0000 0.0606
011140 0.6033 0.3362 0.0000 0.0606
011160 0.6033 0.3362 0.0000 0.0606
011180 0.6033 0.3362 0.0000 0.0606
011200 0.6033 0.3362 0.0000 0.0606
011220 0.6033 0.3362 0.0000 0.0606
011240 0.6033 0.3362 0.0000 0.0606
011260 0.6033 0.3362 0.0000 0.0606
011280 0.6033 0.3362 0.0000 0.0606
011300 0.6033 0.3362 0.0000 0.0606
011320 0.6033 0.3362 0.0000 0.0606
011340 0.6033 0.3362 0.0000 0.0606
011360 0.6033 0.3362 0.0000 0.0606
011380 0.6033 0.3362 0.0000 0.0606
011400 0.6033 0.3362 0.0000 0.0606
011420 0.6033 0.3362 0.0000 0.0606
011440 0.6033 0.3362 0.0000 0.0606
011460 0.6033 0.3362 0.0000 0.0606
011480 0.6033 0.3362 0.0000 0.0606
011500 0.6033 0.3362 0.0000 0.0606
011520 0.6033 0.3362 0.0000 0.0606
011540 0.6033 0.3362 0.0000 0.0606
011560 0.6033 0.3362 0.0000 0.0606
011580 0.6033 0.3362 0.0000 0.0606
011600 0.6033 0.3362 0.0000 0.0606
011620 0.6033 0.3362 0.0000 0.0606
011640 0.6033 0.3362 0.0000 0.0606
011660 0.6033 0.3362 0.0000 0.0606
011680 0.6033 0.3362 0.0000 0.0606
011700 0.6033 0.3362 0.0000 0.0606
011720 0.6033 0.3362 0.0000 0.0606
011740 0.6033 0.3362 0.0000 0.0606
011760 0.6033 0.3362 0.0000 0.0606
011780 0.6033 0.3362 0.0000 0.0606
011800 0.6033 0.3362 0.0000 0.0606
011820 0.6033 0.3362 0.0000 0.0606
011840 0.6033 0.3362 0.0000 0.0606
011860 0.6033 0.3362 0.0000 0.0606
011880 0.6033 0.3362 0.0000 0.0606
011900 0.6033 0.3362 0.0000 0.0606
011920 0.6033 0.3362 0.0000 0.0606
011940 0.6033 0.3362 0.0000 0.0606
011960 0.6033 0.3362 0.0000 0.0606
011980 0.6033 0.3362 0.0000 0.0606
012000 0.6033 0.3362 0.0000 0.0606
012020 0.6033 0.3362 0.0000 0.0606
012040 0.6033 0.3362 0.0000 0.0606
012060 0.6033 0.3362 0.0000 0.0606
012080 0.6033 0.3362 0.0000 0.0606
012100 0.6033 0.3362 0.0000 0.0606
012120 0.6033 0.3362 0.0000 0.0606
012140 0.6033 0.3362 0.0000 0.0606
012160 0.6033 0.3362 0.0000 0.0606
012180 0.6033 0.3362 0.0000 0.0606
012200 0.6033 0.3362 0.0000 0.0606
012220 0.6033 0.3362 0.0000 0.0606
012240 0.6033 0.3362 0.0000 0.0606
012260 0.6033 0.3362 0.0000 0.0606
012280 0.6033 0.3362 0.0000 0.0606
012300 0.6033 0.3362 0.0000 0.0606
012320 0.6033 0.3362 0.0000 0.0606
012340 0.6033 0.3362 0.0000 0.0606
012360 0.6033 0.3362 0.0000 0.0606
012380 0.6033 0.3362 0.0000 0.0606
012400 0.6033 0.3362 0.0000 0.0606
012420 0.6033 0.3362 0.0000 0.0606
012440 0.6033 0.3362 0.0000 0.0606
012460 0.6033 0.3362 0.0000 0.0606
012480 0.6033 0.3362 0.0000 0.0606
012500 0.6033 0.3362 0.0000 0.0606
012520 0.6033 0.3362 0.0000 0.0606
012540 0.6033 0.3362 0.0000 0.0606
012560 0.6033 0.3362 0.0000 0.0606
012580 0.6033 0.3362 0.0000 0.0606
012600 0.6033 0.3362 0.0000 0.0606
012620 0.6033 0.3362 0.0000 0.0606
012640 0.6033 0.3362 0.0000 0.0606
012660 0.6033 0.3362 0.0000 0.0606
012680 0.6033 0.3362 0.0000 0.0606
012700 0.6033 0.3362 0.0000 0.0606
012720 0.6033 0.3362 0.0000 0.0606
012740 0.6033 0.3362 0.0000 0.0606
012760 0.6033 0.3362 0.0000 0.0606
012780 0.6033 0.3362 0.0000 0.0606
012800 0.6033 0.3362 0.0000 0.0606
012820 0.6033 0.3362 0.0000 0.0606
012840 0.6033 0.3362 0.0000 0.0606
012860 0.6033 0.3362 0.0000 0.0606
012880 0.6033 0.3362 0.0000 0.0606
012900 0.6033 0.3362 0.0000 0.0606
012920 0.6033 0.3362 0.0000 0.0606
012940 0.6033 0.3362 0.0000 0.0606
012960 0.6033 0.3362 0.0000 0.0606
012980 0.6033 0.3362 0.0000 0.0606
013000 0.6033 0.3362 0.0000 0.0606
013020 0.6033 0.3362 0.0000 0.0606
013040 0.6033 0.3362 0.0000 0.0606
013060 0.6033 0.3362 0.0000 0.0606
013080 0.6033 0.3362 0.0000 0.0606
013100 0.6033 0.3362 0.0000 0.0606
013120 0.6033 0.3362 0.0000 0.0606
013140 0.6033 0.3362 0.0000 0.0606
013160 0.6033 0.3362 0.0000 0.0606
013180 0.6033 0.3362 0.0000 0.0606
013200 0.6033 0.3362 0.0000 0.0606
013220 0.6033 0.3362 0.0000 0.0606
013240 0.6033 0.3362 0.0000 0.0606
013260 0.6033 0.3362 0.0000 0.0606
013280 0.6033 0.3362 0.0000 0.0606
013300 0.6033 0.3362 0.0000 0.0606
013320 0.6033 0.3362 0.0000 0.0606
013340 0.6033 0.3362 0.0000 0.0606
013360 0.6033 0.3362 0.0000 0.0606
013380 0.6033 0.3362 0.0000 0.0606
013400 0.6033 0.3362 0.0000 0.0606
013420 0.6033 0.3362 0.0000 0.0606
013440 0.6033 0.3362 0.0000 0.0606
013460 0.6033 0.3362 0.0000 0.0606
013480 0.6033 0.3362 0.0000 0.0606
013500 0.6033 0.3362 0.0000 0.0606
013520 0.6033 0.3362 0.0000 0.0606
013540 0.6033 0.3362 0.0000 0.0606
013560 0.6033 0.3362 0.0000 0.0606
013580 0.6033 0.3362 0.0000 0.0606
013600 0.6033 0.3362 0.0000 0.0606
013620 0.6033 0.3362 0.0000 0.0606
013640 0.6033 0.3362 0.0000 0.0606
013660 0.6033 0.3362 0.0000 0.0606
013680 0.6033 0.3362 0.0000 0.0606
013700 0.6033 0.3362 0.0000 0.0606
013720 0.6033 0.3362 0.0000 0.0606
013740 0.6033 0.3362 0.0000 0.0606
013760 0.6033 0.3362 0.0000 0.0606
013780 0.6033 0.3362 0.0000 0.0606
013800 0.6033 0.3362 0.0000 0.0606
013820 0.6033 0.3362 0.0000 0.0606
013840 0.6033 0.3362 0.0000 0.0606
013860 0.6033 0.3362 0.0000 0.0606
013880 0.6033 0.3362 0.0000 0.0606
013900 0.6033 0.3362 0.0000 0.0606
013920 0.6033 0.3362 0.0000 0.0606
013940 0.6033 0.3362 0.0000 0.0606
013960 0.6033 0.3362 0.0000 0.0606
013980 0.6033 0.3362 0.0000 0.0606
014000 0.6033 0.3362 0.0000 0.0606
014020 0.6033 0.3362 0.0000 0.0606
014040 0.6033 0.3362 0.0000 0.0606
014060 0.6033 0.3362 0.0000 0.0606
014080 0.6033 0.3362 0.0000 0.0606
014100 0.6033 0.3362 0.0000 0.0606
014120 0.6033 0.3362 0.0000 0.0606
014140 0.6033 0.3362 0.0000 0.0606
014160 0.6033 0.3362 0.0000 0.0606
014180 0.6033 0.3362 0.0000 0.0606
014200 0.6033 0.3362 0.0000 0.0606
014220 0.6033 0.3362 0.0000 0.0606
014240 0.6033 0.3362 0.0000 0.0606
014260 0.6033 0.3362 0.0000 0.0606
014280 0.6033 0.3362 0.0000 0.0606
014300 0.6033 0.3362 0.0000 0.0606
014320 0.6033 0.3362 0.0000 0.0606
014340 0.6033 0.3362 0.0000 0.0606
014360 0.6033 0.3362 0.0000 0.0606
014380 0.6033 0.3362 0.0000 0.0606
014400 0.6033 0.3362 0.0000 0.0606
014420 0.6033 0.3362 0.0000 0.0606
014440 0.6033 0.3362 0.0000 0.0606
014460 0.6033 0.3362 0.0000 0.0606
014480 0.6033 0.3362 0.0000 0.0606
014500 0.6033 0.3362 0.0000 0.0606
014520 0.6033 0.3362 0.0000 0.0606
014540 0.6033 0.3362 0.0000 0.0606
014560 0.6033 0.3362 0.0000 0.0606
014580 0.6033 0.3362 0.0000 0.0606
014600 0.6033 0.3362 0.0000 0.0606
014620 0.6033 0.3362 0.0000 0.0606
014640 0.6033 0.3362 0.0000 0.0606
014660 0.6033 0.3362 0.0000 0.0606
014680 0.6033 0.3362 0.0000 0.0606
014700 0.6033 0.3362 0.0000 0.0606
014720 0.6033 0.3362 0.0000 0.0606
014740 0.6033 0.3362 0.0000 0.0606
014760 0.6033 0.3362 0.0000 0.0606
014780 0.6033 0.3362 0.0000 0.0606
014800 0.6033 0.3362 0.0000 0.0606
014820 0.6033 0.3362 0.0000 0.0606
014840 0.6033 0.3362 0.0000 0.0606
014860 0.6033 0.3362 0.0000 0.0606
014880 0.6033 0.3362 0.0000 0.0606
014900 0.6033 0.3362 0.0000 0.0606
014920 0.6033 0.3362 0.0000 0.0606
014940 0.6033 0.3362 0.0000 0.0606
014960 0.6033 0.3362 0.0000 0.0606
014980 0.6033 0.3362 0.0000 0.0606
015000 0.6033 0.3362 0.0000 0.0606
015020 0.6033 0.3362 0.0000 0.0606
015040 0.6033 0.3362 0.0000 0.0606
015060 0.6033 0.3362 0.0000 0.0606
015080 0.6033 0.3362 0.0000 0.0606
015100 0.6033 0.3362 0.0000 0.0606
015120 0.6033 0.3362 0.0000 0.0606
015140 0.6033 0.3362 0.0000 0.0606
015160 0.6033 0.3362 0.0000 0.0606
015180 0.6033 0.3362 0.0000 0.0606
015200 0.6033 0.3362 0.0000 0.0606
015220 0.6033 0.3362 0.0000 0.0606
015240 0.6033 0.3362 0.0000 0.0606
015260 0.6033 0.3362 0.0000 0.0606
015280 0.6033 0.3362 0.0000 0.0606
015300 0.6033 0.3362 0.0000 0.0606
015320 0.6033 0.3362 0.0000 0.0606
015340 0.6033 0.3362 0.0000 0.0606
015360 0.6033 0.3362 0.0000 0.0606
015380 0.6033 0.3362 0.0000 0.0606
015400 0.6033 0.3362 0.0000 0.0606
015420 0.6033 0.3362 0.0000 0.0606
015440 0.6033 0.3362 0.0000 0.0606
015460 0.6033 0.3362 0.0000 0.0606
015480 0.6033 0.3362 0.0000 0.0606
015500 0.6033 0.3362 0.0000 0.0606
015520 0.6033 0.3362 0.0000 0.0606
015540 0.6033 0.3362 0.0000 0.0606
015560 0.6033 0.3362 0.0000 0.0606
015580 0.6033 0.3362 0.0000 0.0606
015600 0.6033 0.3362 0.0000 0.0606
015620 0.6033 0.3362 0.0000 0.0606
015640 0.6033 0.3362 0.0000 0.0606
015660 0.6033 0.3362 0.0000 0.0606
015680 0.6033 0.3362 0.0000 0.0606
015700 0.6033 0.3362 0.0000 0.0606
015720 0.6033 0.3362 0.0000 0.0606
015740 0.6033 0.3362 0.0000 0.0606
015760 0.6033 0.3362 0.0000 0.0606
015780 0.6033 0.3362 0.0000 0.0606
015800 0.6033 0.3362 0.0000 0.0606
015820 0.6033 0.3362 0.0000 0.0606
015840 0.6033 0.3362 0.0000 0.0606
015860 0.6033 0.3362 0.0000 0.0606
015880 0.6033 0.3362 0.0000 0.0606
015900 0.6033 0.3362 0.0000 0.0606
015920 0.6033 0.3362 0.0000 0.0606
015940 0.6033 0.3362 0.0000 0.0606
015960 0.6033 0.3362 0.0000 0.0606
015980 0.6033 0.3362 0.0000 0.0606
016000 0.6033 0.3362 0.0000 0.0606
016020 0.6033 0.3362 0.0000 0.0606
016040 0.6033 0.3362 0.0000 0.0606
016060 0.6033 0.3362 0.0000 0.0606
016080 0.6033 0.3362 0.0000 0.0606
016100 0.6033 0.3362 0.0000 0.0606
016120 0.6033 0.3362 0.0000 0.0606
016140 0.6033 0.3362 0.0000 0.0606
016160 0.6033 0.3362 0.0000 0.0606
016180 0.6033 0.3362 0.0000 0.0606
016200 0.6033 0.3362 0.0000 0.0606
016220 0.6033 0.3362 0.0000 0.0606
016240 0.6033 0.3362 0.0000 0.0606
016260 0.6033 0.3362 0.0000 0.0606
016280 0.6033 0.3362 0.0000 0.0606
016300 0.6033 0.3362 0.0000 0.0606
016320 0.6033 0.3362 0.0000 0.0606
016340 0.6033 0.3362 0.0000 0.0606
016360 0.6033 0.3362 0.0000 0.0606
016380 0.6033 0.3362 0.0000 0.0606
016400 0.6033 0.3362 0.0000 0.0606
016420 0.6033 0.3362 0.0000 0.0606
016440 0.6033 0.3362 0.0000 0.0606
016460 0.6033 0.3362 0.0000 0.0606
016480 0.6033 0.3362 0.0000 0.0606
016500 0.6033 0.3362 0.0000 0.0606
016520 0.6033 0.3362 0.0000 0.0606
016540 0.6033 0.3362 0.0000 0.0606
016560 0.6033 0.3362 0.0000 0.0606
016580 0.6033 0.3362 0.0000 0.0606
016600 0.6033 0.3362 0.0000 0.0606
016620 0.6033 0.3362 0.0000 0.0606
016640 0.6033 0.3362 0.0000 0.0606
016660 0.6033 0.3362 0.0000 0.0606
016680 0.6033 0.3362 0.0000 0.0606
016700 0.6033 0.3362 0.0000 0.0606
016720 0.6033 0.3362 0.0000 0.0606
016740 0.6033 0.3362 0.0000 0.0606
016760 0.6033 0.3362 0.0000 0.0606
016780 0.6033 0.3362 0.0000 0.0606
016800 0.6033 0.3362 0.0000 0.0606
016820 0.6033 0.3362 0.0000 0.0606
016840 0.6033 0.3362 0.0000 0.0606
016860 0.6033 0.3362 0.0000 0.0606
016880 0.6033 0.3362 0.0000 0.0606
016900 0.6033 0.3362 0.0000 0.0606
016920 0.6033 0.3362 0.0000 0.0606
016940 0.6033 0.3362 0.0000 0.0606
016960 0.6033 0.3362 0.0000 0.0606
016980 0.6033 0.3362 0.0000 0.0606
017000 0.6033 0.3362 0.0000 0.0606
017020 0.6033 0.3362 0.0000 0.0606
017040 0.6033 0.3362 0.0000 0.0606
017060 0.6033 0.3362 0.0000 0.0606
017080 0.6033 0.3362 0.0000 0.0606
017100 0.6033 0.3362 0.0000 0.0606
017120 0.6033 0.3362 0.0000 0.0606
017140 0.6033 0.3362 0.0000 0.0606
017160 0.6033 0.3362 0.0000 0.0606
017180 0.6033 0.3362 0.0000 0.0606
017200 0.6033 0.3362 0.0000 0.0606
017220 0.6033 0.3362 0.0000 0.0606
017240 0.6033 0.3362 0.0000 0.0606
017260 0.6033 0.3362 0.0000 0.0606
017280 0.6033 0.3362 0.0000 0.0606
017300 0.6033 0.3362 0.0000 0.0606
017320 0.6033 0.3362 0.0000 0.0606
017340 0.6033 0.3362 0.0000 0.0606
017360 0.6033 0.3362 0.0000 0.0606
017380 0.6033 0.3362 0.0000 0.0606
017400 0.6033 0.3362 0.0000 0.0606
017420 0.6033 0.3362 0.0000 0.0606
017440 0.6033 0.3362 0.0000 0.0606
017460 0.6033 0.3362 0.0000 0.0606
017480 0.6033 0.3362 0.0000 0.0606
017500 0.6033 0.3362 0.0000 0.0606
017520 0.6033 0.3362 0.0000 0.0606
017540 0.6033 0.3362 0.0000 0.0606
017560 0.6033 0.3362 0.0000 0.0606
017580 0.6033 0.3362 0.0000 0.0606
017600 0.6033 0.3362 0.0000 0.0606
017620 0.6033 0.3362 0.0000 0.0606
017640 0.6033 0.3362 0.0000 0.0606
017660 0.6033 0.3362 0.0000 0.0606
017680 0.6033 0.3362 0.0000 0.0606
017700 0.6033 0.3362 0.0000 0.0606
017720 0.6033 0.3362 0.0000 0.0606
017740 0.6033 0.3362 0.0000 0.0606
017760 0.6033 0.3362 0.0000 0.0606
017780 0.6033 0.3362 0.0000 0.0606
017800 0.6033 0.3362 0.0000 0.0606
017820 0.6033 0.3362 0.0000 0.0606
017840 0.6033 0.3362 0.0000 0.0606
017860 0.6033 0.3362 0.0000 0.0606
017880 0.6033 0.3362 0.0000 0.0606
017900 0.6033 0.3362 0.0000 0.0606
017920 0.6033 0.3362 0.0000 0.0606
017940 0.6033 0.3362 0.0000 0.0606
017960 0.6033 0.3362 0.0000 0.0606
017980 0.6033 0.3362 0.0000 0.0606
018000 0.6033 0.3362 0.0000 0.0606
018020 0.6033 0.3362 0.0000 0.0606
018040 0.6033 0.3362 0.0000 0.0606
018060 0.6033 0.3362 0.0000 0.0606
018080 0.6033 0.3362 0.0000 0.0606
018100 0.6033 0.3362 0.0000 0.0606
018120 0.6033 0.3362 0.0000 0.0606
018140 0.6033 0.3362 0.0000 0.0606
018160 0.6033 0.3362 0.0000 0.0606
018180 0.6033 0.3362 0.0000 0.0606
018200 0.6033 0.3362 0.0000 0.0606
018220 0.6033 0.3362 0.0000 0.0606
018240 0.6033 0.3362 0.0000 0.0606
018260 0.6033 0.3362 0.0000 0.0606
018280 0.6033 0.3362 0.0000 0.0606
018300 0.6033 0.3362 0.0000 0.0606
018320 0.6033 0.3362 0.0000 0.0606
018340 0.6033 0.3362 0.0000 0.0606
018360 0.6033 0.3362 0.0000 0.0606
018380 0.6033 0.3362 0.0000 0.0606
018400 0.6033 0.3362 0.0000 0.0606
018420 0.6033 0.3362 0.0000 0.0606
018440 0.6033 0.3362 0.0000 0.0606
018460 0.6033 0.3362 0.0000 0.0606
018480 0.6033 0.3362 0.0000 0.0606
018500 0.6033 0.3362 0.0000 0.0606
018520 0.6033 0.3362 0.0000 0.0606
018540 0.6033 0.3362 0.0000 0.0606
018560 0.6033 0.3362 0.0000 0.0606
018580 0.6033 0.3362 0.0000 0.0606
018600 0.6033 0.3362 0.0000 0.0606
018620 0.6033 0.3362 0.0000 0.0606
018640 0.6033 0.3362 0.0000 0.0606
018660 0.6033 0.3362 0.0000 0.0606
018680 0.6033 0.3362 0.0000 0.0606
018700 0.6033 0.3362 0.0000 0.0606
018720 0.6033 0.3362 0.0000 0.0606
018740 0.6033 0.3362 0.0000 0.0606
018760 0.6033 0.3362 0.0000 0.0606
018780 0.6033 0.3362 0.0000 0.0606
018800 0.6033 0.3362 0.0000 0.0606
018820 0.6033 0.3362 0.0000 0.0606
018840 0.6033 0.3362 0.0000 0.0606
018860 0.6033 0.3362 0.0000 0.0606
018880 0.6033 0.3362 0.0000 0.0606
018900 0.6033 0.3362 0.0000 0.0606
018920 0.6033 0.3362 0.0000 0.0606
018940 0.6033 0.3362 0.0000 0.0606
018960 0.6033 0.3362 0.0000 0.0606
018980 0.6033 0.3362 0.0000 0.0606
019000 0.6033 0.3362 0.0000 0.0606
019020 0.6033 0.3362 0.0000 0.0606
019040 0.6033 0.3362 0.0000 0.0606
019060 0.6033 0.3362 0.0000 0.0606
019080 0.6033 0.3362 0.0000 0.0606
019100 0.6033 0.3362 0.0000 0.0606
019120 0.6033 0.3362 0.0000 0.0606
019140 0.6033 0.3362 0.0000 0.0606
019160 0.6033 0.3362 0.0000 0.0606
019180 0.6033 0.3362 0.0000 0.0606
019200 0.6033 0.3362 0.0000 0.0606
019220 0.6033 0.3362 0.0000 0.0606
019240 0.6033 0.3362 0.0000 0.0606
019260 0.6033 0.3362 0.0000 0.0606
019280 0.6033 0.3362 0.0000 0.0606
019300 0.6033 0.3362 0.0000 0.0606
019320 0.6033 0.3362 0.0000 0.0606
019340 0.6033 0.3362 0.0000 0.0606
019360 0.6033 0.3362 0.0000 0.0606
019380 0.6033 0.3362 0.0000 0.0606
019400 0.6033 0.3362 0.0000 0.0606
019420 0.6033 0.3362 0.0000 0.0606
019440 0.6033 0.3362 0.0000 0.0606
019460 0.6033 0.3362 0.0000 0.0606
019480 0.6033 0.3362 0.0000 0.0606
019500 0.6033 0.3362 0.0000 0.0606
019520 0.6033 0.3362 0.0000 0.0606
019540 0.6033 0.3362 0.0000 0.0606
019560 0.6033 0.3362 0.0000 0.0606
019580 0.6033 0.3362 0.0000 0.0606
019600 0.6033 0.3362 0.0000 0.0606
019620 0.6033 0.3362 0.0000 0.0606
019640 0.6033 0.3362 0.0000 0.0606
019660 0.6033 0.3362 0.0000 0.0606
019680 0.6033 0.3362 0.0000 0.0606
019700 0.6033 0.3362 0.0000 0.0606
019720 0.6033 0.3362 0.0000 0.0606
019740 0.6033 0.3362 0.0000 0.0606
019760 0.6033 0.3362 0.0000 0.0606
019780 0.6033 0.3362 0.0000 0.0606
019800 0.6033 0.3362 0.0000 0.0606
019820 0.6033 0.3362 0.0000 0.0606
019840 0.6033 0.3362 0.0000 0.0606
019860 0.6033 0.3362 0.0000 0.0606
019880 0.6033 0.3362 0.0000 0.0606
019900 0.6033 0.3362 0.0000 0.0606
019920 0.6033 0.3362 0.0000 0.0606
019940 0.6033 0.3362 0.0000 0.0606
019960 0.6033 0.3362 0.0000 0.0606
019980 0.6033 0.3362 0.0000 0.0606
020000 0.6033 0.3362 0.0000 0.0606
