000000 0.2500 0.2500 0.2500 0.2500
000020 0.2594 0.2597 0.2299 0.2510
000040 0.2711 0.2695 0.2079 0.2516
000060 0.2827 0.2796 0.1868 0.2510
000080 0.2927 0.2905 0.1668 0.2500
000100 0.3016 0.3025 0.1473 0.2486
000120 0.3093 0.3151 0.1289 0.2466
000140 0.3153 0.3294 0.1121 0.2433
000160 0.3205 0.3440 0.0966 0.2389
000180 0.3246 0.3593 0.0823 0.2337
000200 0.3289 0.3748 0.0692 0.2270
000220 0.3310 0.3916 0.0574 0.2200
000240 0.3320 0.4096 0.0465 0.2120
000260 0.3322 0.4277 0.0360 0.2041
000280 0.3301 0.4474 0.0272 0.1953
000300 0.3279 0.4671 0.0196 0.1854
000320 0.3234 0.4883 0.0131 0.1753
000340 0.3175 0.5102 0.0081 0.1642
000360 0.3077 0.5354 0.0041 0.1527
000380 0.2967 0.5616 0.0018 0.1399
000400 0.2843 0.5904 0.0003 0.1251
000420 0.2728 0.6172 0.0000 0.1100
000440 0.2616 0.6461 0.0000 0.0922
000460 0.2532 0.6715 0.0000 0.0753
000480 0.2478 0.6895 0.0000 0.0627
000500 0.2455 0.7050 0.0000 0.0495
000520 0.2425 0.7170 0.0000 0.0405
000540 0.2406 0.7257 0.0000 0.0337
000560 0.2388 0.7327 0.0000 0.0286
000580 0.2411 0.7361 0.0000 0.0229
000600 0.2454 0.7351 0.0000 0.0195
000620 0.2488 0.7349 0.0000 0.0163
000640 0.2551 0.7301 0.0000 0.0149
000660 0.2611 0.7232 0.0000 0.0157
000680 0.2690 0.7165 0.0000 0.0146
000700 0.2810 0.7050 0.0000 0.0140
000720 0.2939 0.6932 0.0000 0.0129
000740 0.3089 0.6776 0.0000 0.0135
000760 0.3166 0.6676 0.0000 0.0158
000780 0.3206 0.6614 0.0000 0.0179
000800 0.3227 0.6590 0.0000 0.0183
000820 0.3209 0.6600 0.0000 0.0191
000840 0.3213 0.6585 0.0000 0.0201
000860 0.3231 0.6569 0.0000 0.0200
000880 0.3264 0.6546 0.0000 0.0191
000900 0.3329 0.6471 0.0000 0.0199
000920 0.3392 0.6399 0.0000 0.0208
000940 0.3466 0.6338 0.0000 0.0196
000960 0.3550 0.6245 0.0000 0.0205
000980 0.3646 0.6168 0.0000 0.0186
001000 0.3763 0.6057 0.0000 0.0180
001020 0.3868 0.5936 0.0000 0.0197
001040 0.3908 0.5869 0.0000 0.0224
001060 0.3928 0.5837 0.0000 0.0235
001080 0.3924 0.5823 0.0000 0.0252
001100 0.3956 0.5801 0.0000 0.0244
001120 0.4004 0.5764 0.0000 0.0232
001140 0.4093 0.5675 0.0000 0.0233
001160 0.4180 0.5583 0.0000 0.0237
001180 0.4246 0.5517 0.0000 0.0237
001200 0.4368 0.5414 0.0000 0.0218
001220 0.4471 0.5303 0.0000 0.0226
001240 0.4578 0.5194 0.0000 0.0228
001260 0.4638 0.5100 0.0000 0.0262
001280 0.4610 0.5094 0.0000 0.0296
001300 0.4569 0.5123 0.0000 0.0308
001320 0.4551 0.5163 0.0000 0.0285
001340 0.4591 0.5127 0.0000 0.0282
001360 0.4641 0.5069 0.0000 0.0290
001380 0.4741 0.4973 0.0000 0.0286
001400 0.4867 0.4852 0.0000 0.0281
001420 0.4975 0.4730 0.0000 0.0295
001440 0.5072 0.4638 0.0000 0.0291
001460 0.5160 0.4545 0.0000 0.0295
001480 0.5264 0.4436 0.0000 0.0299
001500 0.5348 0.4355 0.0000 0.0296
001520 0.5433 0.4284 0.0000 0.0283
001540 0.5519 0.4184 0.0000 0.0297
001560 0.5599 0.4102 0.0000 0.0299
001580 0.5624 0.4049 0.0000 0.0326
001600 0.5634 0.4023 0.0000 0.0343
001620 0.5667 0.3994 0.0000 0.0339
001640 0.5688 0.3983 0.0000 0.0329
001660 0.5745 0.3926 0.0000 0.0328
001680 0.5773 0.3890 0.0000 0.0336
001700 0.5809 0.3848 0.0000 0.0343
001720 0.5797 0.3835 0.0000 0.0368
001740 0.5738 0.3875 0.0000 0.0387
001760 0.5724 0.3908 0.0000 0.0368
001780 0.5760 0.3892 0.0000 0.0347
001800 0.5796 0.3853 0.0000 0.0351
001820 0.5806 0.3820 0.0000 0.0374
001840 0.5811 0.3816 0.0000 0.0372
001860 0.5857 0.3793 0.0000 0.0350
001880 0.5936 0.3724 0.0000 0.0341
001900 0.5998 0.3662 0.0000 0.0340
001920 0.6033 0.3634 0.0000 0.0333
001940 0.6094 0.3567 0.0000 0.0339
001960 0.6100 0.3553 0.0000 0.0347
001980 0.6090 0.3536 0.0000 0.0374
002000 0.6022 0.3595 0.0000 0.0383
002020 0.5958 0.3650 0.0000 0.0392
002040 0.5918 0.3689 0.0000 0.0393
002060 0.5901 0.3719 0.0000 0.0380
002080 0.5914 0.3721 0.0000 0.0365
002100 0.5925 0.3704 0.0000 0.0370
002120 0.5933 0.3683 0.0000 0.0383
002140 0.5897 0.3700 0.0000 0.0403
002160 0.5844 0.3752 0.0000 0.0404
002180 0.5853 0.3774 0.0000 0.0373
002200 0.5872 0.3757 0.0000 0.0370
002220 0.5970 0.3688 0.0000 0.0342
002240 0.6025 0.3618 0.0000 0.0357
002260 0.6043 0.3594 0.0000 0.0363
002280 0.6107 0.3556 0.0000 0.0337
002300 0.6204 0.3463 0.0000 0.0333
002320 0.6304 0.3364 0.0000 0.0331
002340 0.6342 0.3308 0.0000 0.0350
002360 0.6333 0.3308 0.0000 0.0359
002380 0.6269 0.3354 0.0000 0.0377
002400 0.6115 0.3466 0.0000 0.0419
002420 0.6008 0.3594 0.0000 0.0398
002440 0.5917 0.3673 0.0000 0.0410
002460 0.5768 0.3802 0.0000 0.0430
002480 0.5732 0.3874 0.0000 0.0394
002500 0.5778 0.3856 0.0000 0.0366
002520 0.5900 0.3761 0.0000 0.0339
002540 0.6010 0.3645 0.0000 0.0345
002560 0.6057 0.3588 0.0000 0.0354
002580 0.6040 0.3581 0.0000 0.0379
002600 0.6039 0.3573 0.0000 0.0388
002620 0.5998 0.3617 0.0000 0.0385
002640 0.5920 0.3688 0.0000 0.0392
002660 0.5900 0.3718 0.0000 0.0383
002680 0.5891 0.3728 0.0000 0.0381
002700 0.5873 0.3745 0.0000 0.0381
002720 0.5903 0.3721 0.0000 0.0376
002740 0.6008 0.3649 0.0000 0.0343
002760 0.6099 0.3563 0.0000 0.0337
002780 0.6147 0.3514 0.0000 0.0339
002800 0.6183 0.3465 0.0000 0.0352
002820 0.6187 0.3442 0.0000 0.0371
002840 0.6150 0.3466 0.0000 0.0384
002860 0.6051 0.3527 0.0000 0.0422
002880 0.5930 0.3645 0.0000 0.0425
002900 0.5868 0.3733 0.0000 0.0399
002920 0.5860 0.3770 0.0000 0.0369
002940 0.5894 0.3740 0.0000 0.0366
002960 0.5970 0.3682 0.0000 0.0349
002980 0.6060 0.3588 0.0000 0.0352
003000 0.6128 0.3532 0.0000 0.0341
003020 0.6223 0.3452 0.0000 0.0325
003040 0.6297 0.3370 0.0000 0.0334
003060 0.6308 0.3344 0.0000 0.0348
003080 0.6259 0.3349 0.0000 0.0392
003100 0.6156 0.3445 0.0000 0.0399
003120 0.6079 0.3524 0.0000 0.0397
003140 0.6031 0.3586 0.0000 0.0383
003160 0.6019 0.3617 0.0000 0.0364
003180 0.5974 0.3649 0.0000 0.0377
003200 0.5997 0.3646 0.0000 0.0357
003220 0.6085 0.3577 0.0000 0.0337
003240 0.6180 0.3496 0.0000 0.0324
003260 0.6305 0.3362 0.0000 0.0333
003280 0.6347 0.3296 0.0000 0.0357
003300 0.6270 0.3342 0.0000 0.0388
003320 0.6180 0.3439 0.0000 0.0381
003340 0.6089 0.3521 0.0000 0.0390
003360 0.5989 0.3617 0.0000 0.0394
003380 0.5885 0.3723 0.0000 0.0392
003400 0.5888 0.3734 0.0000 0.0378
003420 0.5908 0.3724 0.0000 0.0368
003440 0.5922 0.3693 0.0000 0.0385
003460 0.5918 0.3713 0.0000 0.0369
003480 0.6012 0.3661 0.0000 0.0327
003500 0.6139 0.3544 0.0000 0.0318
003520 0.6229 0.3433 0.0000 0.0338
003540 0.6234 0.3381 0.0000 0.0385
003560 0.6171 0.3424 0.0000 0.0405
003580 0.6104 0.3512 0.0000 0.0383
003600 0.6059 0.3571 0.0000 0.0370
003620 0.6053 0.3592 0.0000 0.0354
003640 0.6019 0.3595 0.0000 0.0385
003660 0.5950 0.3648 0.0000 0.0401
003680 0.5927 0.3680 0.0000 0.0393
003700 0.5863 0.3718 0.0000 0.0419
003720 0.5834 0.3772 0.0000 0.0394
003740 0.5863 0.3762 0.0000 0.0375
003760 0.5906 0.3732 0.0000 0.0363
003780 0.5990 0.3663 0.0000 0.0348
003800 0.6056 0.3581 0.0000 0.0363
003820 0.6064 0.3561 0.0000 0.0375
003840 0.6118 0.3518 0.0000 0.0364
003860 0.6117 0.3521 0.0000 0.0362
003880 0.6120 0.3533 0.0000 0.0347
003900 0.6150 0.3495 0.0000 0.0356
003920 0.6105 0.3519 0.0000 0.0376
003940 0.6105 0.3526 0.0000 0.0369
003960 0.6122 0.3520 0.0000 0.0358
003980 0.6150 0.3491 0.0000 0.0359
004000 0.6150 0.3477 0.0000 0.0374
004020 0.6181 0.3474 0.0000 0.0345
004040 0.6238 0.3431 0.0000 0.0330
004060 0.6242 0.3409 0.0000 0.0348
004080 0.6195 0.3427 0.0000 0.0378
004100 0.6145 0.3472 0.0000 0.0383
004120 0.6085 0.3535 0.0000 0.0380
004140 0.6058 0.3563 0.0000 0.0380
004160 0.6013 0.3604 0.0000 0.0383
004180 0.5985 0.3641 0.0000 0.0374
004200 0.5994 0.3642 0.0000 0.0364
004220 0.6008 0.3640 0.0000 0.0352
004240 0.6045 0.3607 0.0000 0.0348
004260 0.6075 0.3571 0.0000 0.0354
004280 0.6111 0.3528 0.0000 0.0361
004300 0.6166 0.3498 0.0000 0.0336
004320 0.6210 0.3451 0.0000 0.0340
004340 0.6255 0.3419 0.0000 0.0326
004360 0.6302 0.3365 0.0000 0.0333
004380 0.6325 0.3352 0.0000 0.0323
004400 0.6324 0.3325 0.0000 0.0352
004420 0.6261 0.3364 0.0000 0.0375
004440 0.6169 0.3441 0.0000 0.0391
004460 0.6083 0.3518 0.0000 0.0399
004480 0.5982 0.3608 0.0000 0.0410
004500 0.5926 0.3690 0.0000 0.0384
004520 0.5883 0.3734 0.0000 0.0383
004540 0.5838 0.3789 0.0000 0.0374
004560 0.5910 0.3741 0.0000 0.0349
004580 0.5933 0.3695 0.0000 0.0372
004600 0.5940 0.3681 0.0000 0.0379
004620 0.5972 0.3664 0.0000 0.0364
004640 0.6075 0.3591 0.0000 0.0334
004660 0.6201 0.3485 0.0000 0.0314
004680 0.6299 0.3383 0.0000 0.0318
004700 0.6387 0.3268 0.0000 0.0345
004720 0.6372 0.3255 0.0000 0.0373
004740 0.6253 0.3330 0.0000 0.0417
004760 0.6088 0.3506 0.0000 0.0406
004780 0.5943 0.3653 0.0000 0.0404
004800 0.5862 0.3750 0.0000 0.0388
004820 0.5825 0.3780 0.0000 0.0395
004840 0.5849 0.3760 0.0000 0.0391
004860 0.5914 0.3728 0.0000 0.0359
004880 0.5981 0.3666 0.0000 0.0353
004900 0.6070 0.3579 0.0000 0.0351
004920 0.6109 0.3526 0.0000 0.0366
004940 0.6101 0.3524 0.0000 0.0375
004960 0.6056 0.3573 0.0000 0.0371
004980 0.6050 0.3580 0.0000 0.0370
005000 0.6065 0.3578 0.0000 0.0356
005020 0.6091 0.3557 0.0000 0.0352
005040 0.6111 0.3532 0.0000 0.0357
005060 0.6102 0.3535 0.0000 0.0363
005080 0.6114 0.3532 0.0000 0.0354
005100 0.6094 0.3533 0.0000 0.0373
005120 0.6049 0.3577 0.0000 0.0374
005140 0.6023 0.3604 0.0000 0.0374
005160 0.5980 0.3627 0.0000 0.0393
005180 0.5946 0.3659 0.0000 0.0395
005200 0.5953 0.3680 0.0000 0.0368
005220 0.5988 0.3657 0.0000 0.0355
005240 0.6042 0.3606 0.0000 0.0352
005260 0.6103 0.3539 0.0000 0.0358
005280 0.6134 0.3509 0.0000 0.0357
005300 0.6132 0.3510 0.0000 0.0358
005320 0.6148 0.3502 0.0000 0.0350
005340 0.6146 0.3495 0.0000 0.0359
005360 0.6125 0.3504 0.0000 0.0370
005380 0.6078 0.3544 0.0000 0.0379
005400 0.5991 0.3615 0.0000 0.0394
005420 0.5993 0.3639 0.0000 0.0368
005440 0.6045 0.3601 0.0000 0.0354
005460 0.6060 0.3579 0.0000 0.0361
005480 0.6067 0.3560 0.0000 0.0373
005500 0.6042 0.3566 0.0000 0.0391
005520 0.6050 0.3595 0.0000 0.0355
005540 0.6118 0.3532 0.0000 0.0350
005560 0.6122 0.3502 0.0000 0.0376
005580 0.6145 0.3481 0.0000 0.0374
005600 0.6136 0.3500 0.0000 0.0364
005620 0.6126 0.3489 0.0000 0.0386
005640 0.6090 0.3517 0.0000 0.0394
005660 0.6043 0.3560 0.0000 0.0396
005680 0.5967 0.3632 0.0000 0.0401
005700 0.5928 0.3707 0.0000 0.0365
005720 0.5943 0.3684 0.0000 0.0373
005740 0.5975 0.3661 0.0000 0.0364
005760 0.6015 0.3627 0.0000 0.0358
005780 0.6024 0.3590 0.0000 0.0386
005800 0.6016 0.3596 0.0000 0.0388
005820 0.6024 0.3613 0.0000 0.0363
005840 0.6039 0.3609 0.0000 0.0352
005860 0.6082 0.3558 0.0000 0.0361
005880 0.6076 0.3559 0.0000 0.0365
005900 0.6061 0.3569 0.0000 0.0370
005920 0.5984 0.3606 0.0000 0.0409
005940 0.5894 0.3700 0.0000 0.0406
005960 0.5873 0.3762 0.0000 0.0365
005980 0.5954 0.3713 0.0000 0.0333
006000 0.6055 0.3619 0.0000 0.0326
006020 0.6133 0.3532 0.0000 0.0335
006040 0.6177 0.3460 0.0000 0.0363
006060 0.6114 0.3501 0.0000 0.0385
006080 0.6038 0.3578 0.0000 0.0384
006100 0.6009 0.3627 0.0000 0.0364
006120 0.6024 0.3619 0.0000 0.0357
006140 0.6086 0.3577 0.0000 0.0337
006160 0.6187 0.3482 0.0000 0.0331
006180 0.6252 0.3403 0.0000 0.0346
006200 0.6245 0.3391 0.0000 0.0365
006220 0.6225 0.3404 0.0000 0.0371
006240 0.6202 0.3432 0.0000 0.0365
006260 0.6157 0.3463 0.0000 0.0380
006280 0.6082 0.3522 0.0000 0.0396
006300 0.6016 0.3584 0.0000 0.0401
006320 0.5969 0.3635 0.0000 0.0395
006340 0.5902 0.3687 0.0000 0.0410
006360 0.5867 0.3737 0.0000 0.0396
006380 0.5876 0.3743 0.0000 0.0381
006400 0.5904 0.3736 0.0000 0.0360
006420 0.5948 0.3696 0.0000 0.0356
006440 0.6007 0.3634 0.0000 0.0358
006460 0.6040 0.3602 0.0000 0.0357
006480 0.6072 0.3556 0.0000 0.0372
006500 0.6075 0.3549 0.0000 0.0376
006520 0.6070 0.3554 0.0000 0.0375
006540 0.6036 0.3580 0.0000 0.0384
006560 0.5994 0.3623 0.0000 0.0382
006580 0.5982 0.3647 0.0000 0.0372
006600 0.5966 0.3652 0.0000 0.0382
006620 0.5978 0.3648 0.0000 0.0374
006640 0.5992 0.3634 0.0000 0.0374
006660 0.5992 0.3631 0.0000 0.0377
006680 0.6034 0.3605 0.0000 0.0361
006700 0.6063 0.3574 0.0000 0.0363
006720 0.6056 0.3560 0.0000 0.0383
006740 0.6025 0.3586 0.0000 0.0388
006760 0.5991 0.3630 0.0000 0.0380
006780 0.5982 0.3632 0.0000 0.0386
006800 0.5955 0.3673 0.0000 0.0373
006820 0.5972 0.3662 0.0000 0.0366
006840 0.6018 0.3608 0.0000 0.0374
006860 0.6037 0.3598 0.0000 0.0365
006880 0.6042 0.3593 0.0000 0.0364
006900 0.6031 0.3599 0.0000 0.0370
006920 0.6034 0.3596 0.0000 0.0370
006940 0.6014 0.3609 0.0000 0.0377
006960 0.5975 0.3640 0.0000 0.0386
006980 0.5975 0.3653 0.0000 0.0372
007000 0.5973 0.3653 0.0000 0.0374
007020 0.6035 0.3608 0.0000 0.0358
007040 0.6124 0.3533 0.0000 0.0343
007060 0.6200 0.3466 0.0000 0.0334
007080 0.6239 0.3416 0.0000 0.0346
007100 0.6237 0.3404 0.0000 0.0359
007120 0.6197 0.3445 0.0000 0.0359
007140 0.6147 0.3484 0.0000 0.0369
007160 0.6090 0.3526 0.0000 0.0384
007180 0.6006 0.3596 0.0000 0.0399
007200 0.5966 0.3653 0.0000 0.0381
007220 0.5942 0.3675 0.0000 0.0383
007240 0.5981 0.3659 0.0000 0.0360
007260 0.6028 0.3599 0.0000 0.0373
007280 0.6012 0.3604 0.0000 0.0385
007300 0.5963 0.3645 0.0000 0.0392
007320 0.5892 0.3729 0.0000 0.0379
007340 0.5908 0.3730 0.0000 0.0362
007360 0.5955 0.3686 0.0000 0.0359
007380 0.6039 0.3603 0.0000 0.0358
007400 0.6086 0.3556 0.0000 0.0357
007420 0.6095 0.3539 0.0000 0.0367
007440 0.6112 0.3513 0.0000 0.0375
007460 0.6089 0.3530 0.0000 0.0380
007480 0.6059 0.3583 0.0000 0.0358
007500 0.6071 0.3580 0.0000 0.0349
007520 0.6092 0.3542 0.0000 0.0365
007540 0.6063 0.3559 0.0000 0.0378
007560 0.6028 0.3587 0.0000 0.0385
007580 0.5940 0.3652 0.0000 0.0407
007600 0.5919 0.3709 0.0000 0.0372
007620 0.5893 0.3728 0.0000 0.0378
007640 0.5901 0.3733 0.0000 0.0367
007660 0.5982 0.3679 0.0000 0.0339
007680 0.6112 0.3553 0.0000 0.0335
007700 0.6180 0.3489 0.0000 0.0331
007720 0.6249 0.3433 0.0000 0.0317
007740 0.6307 0.3366 0.0000 0.0328
007760 0.6348 0.3309 0.0000 0.0343
007780 0.6325 0.3309 0.0000 0.0365
007800 0.6249 0.3383 0.0000 0.0368
007820 0.6173 0.3442 0.0000 0.0385
007840 0.6062 0.3530 0.0000 0.0407
007860 0.5990 0.3620 0.0000 0.0390
007880 0.5953 0.3644 0.0000 0.0403
007900 0.5916 0.3699 0.0000 0.0385
007920 0.5953 0.3690 0.0000 0.0357
007940 0.5985 0.3657 0.0000 0.0358
007960 0.5984 0.3654 0.0000 0.0362
007980 0.6004 0.3636 0.0000 0.0360
008000 0.6003 0.3614 0.0000 0.0383
008020 0.6022 0.3604 0.0000 0.0374
008040 0.6030 0.3586 0.0000 0.0384
008060 0.5998 0.3604 0.0000 0.0399
008080 0.5924 0.3662 0.0000 0.0414
008100 0.5836 0.3757 0.0000 0.0407
008120 0.5818 0.3798 0.0000 0.0384
008140 0.5865 0.3783 0.0000 0.0352
008160 0.5951 0.3701 0.0000 0.0348
008180 0.6034 0.3611 0.0000 0.0355
008200 0.6087 0.3560 0.0000 0.0353
008220 0.6098 0.3524 0.0000 0.0379
008240 0.6057 0.3566 0.0000 0.0377
008260 0.6028 0.3594 0.0000 0.0378
008280 0.6005 0.3613 0.0000 0.0382
008300 0.5975 0.3630 0.0000 0.0395
008320 0.5936 0.3667 0.0000 0.0397
008340 0.5947 0.3682 0.0000 0.0371
008360 0.6006 0.3636 0.0000 0.0358
008380 0.6058 0.3598 0.0000 0.0344
008400 0.6104 0.3545 0.0000 0.0351
008420 0.6099 0.3539 0.0000 0.0362
008440 0.6115 0.3518 0.0000 0.0366
008460 0.6119 0.3499 0.0000 0.0382
008480 0.6075 0.3535 0.0000 0.0391
008500 0.6022 0.3584 0.0000 0.0394
008520 0.6012 0.3612 0.0000 0.0376
008540 0.5967 0.3657 0.0000 0.0376
008560 0.5929 0.3706 0.0000 0.0365
008580 0.5946 0.3690 0.0000 0.0363
008600 0.5955 0.3673 0.0000 0.0372
008620 0.5974 0.3661 0.0000 0.0365
008640 0.6031 0.3600 0.0000 0.0369
008660 0.6092 0.3557 0.0000 0.0351
008680 0.6197 0.3477 0.0000 0.0326
008700 0.6276 0.3385 0.0000 0.0339
008720 0.6268 0.3388 0.0000 0.0344
008740 0.6194 0.3423 0.0000 0.0383
008760 0.6087 0.3496 0.0000 0.0417
008780 0.6014 0.3594 0.0000 0.0392
008800 0.5962 0.3649 0.0000 0.0389
008820 0.5970 0.3667 0.0000 0.0363
008840 0.6004 0.3643 0.0000 0.0353
008860 0.6019 0.3621 0.0000 0.0360
008880 0.6060 0.3571 0.0000 0.0369
008900 0.6046 0.3559 0.0000 0.0394
008920 0.5954 0.3626 0.0000 0.0421
008940 0.5890 0.3713 0.0000 0.0396
008960 0.5841 0.3758 0.0000 0.0400
008980 0.5858 0.3767 0.0000 0.0375
009000 0.5895 0.3747 0.0000 0.0358
009020 0.5945 0.3705 0.0000 0.0350
009040 0.6034 0.3632 0.0000 0.0334
009060 0.6106 0.3544 0.0000 0.0350
009080 0.6159 0.3495 0.0000 0.0346
009100 0.6239 0.3423 0.0000 0.0338
009120 0.6280 0.3372 0.0000 0.0349
009140 0.6261 0.3367 0.0000 0.0372
009160 0.6250 0.3376 0.0000 0.0374
009180 0.6152 0.3450 0.0000 0.0398
009200 0.6033 0.3551 0.0000 0.0416
009220 0.5963 0.3653 0.0000 0.0385
009240 0.5963 0.3673 0.0000 0.0364
009260 0.6003 0.3650 0.0000 0.0347
009280 0.6096 0.3564 0.0000 0.0340
009300 0.6190 0.3472 0.0000 0.0338
009320 0.6239 0.3412 0.0000 0.0349
009340 0.6273 0.3390 0.0000 0.0337
009360 0.6270 0.3384 0.0000 0.0346
009380 0.6253 0.3374 0.0000 0.0374
009400 0.6188 0.3424 0.0000 0.0388
009420 0.6109 0.3493 0.0000 0.0398
009440 0.5972 0.3620 0.0000 0.0408
009460 0.5876 0.3721 0.0000 0.0402
009480 0.5858 0.3759 0.0000 0.0383
009500 0.5906 0.3740 0.0000 0.0354
009520 0.6000 0.3659 0.0000 0.0340
009540 0.6062 0.3607 0.0000 0.0331
009560 0.6129 0.3534 0.0000 0.0336
009580 0.6194 0.3461 0.0000 0.0346
009600 0.6204 0.3426 0.0000 0.0370
009620 0.6177 0.3443 0.0000 0.0380
009640 0.6131 0.3475 0.0000 0.0393
009660 0.6083 0.3541 0.0000 0.0376
009680 0.6054 0.3573 0.0000 0.0372
009700 0.6016 0.3604 0.0000 0.0380
009720 0.5968 0.3650 0.0000 0.0383
009740 0.5994 0.3645 0.0000 0.0361
009760 0.6004 0.3627 0.0000 0.0369
009780 0.5954 0.3659 0.0000 0.0387
009800 0.5895 0.3707 0.0000 0.0398
009820 0.5865 0.3750 0.0000 0.0386
009840 0.5871 0.3757 0.0000 0.0372
009860 0.5950 0.3695 0.0000 0.0355
009880 0.6001 0.3640 0.0000 0.0359
009900 0.6049 0.3583 0.0000 0.0368
009920 0.6082 0.3567 0.0000 0.0351
009940 0.6102 0.3534 0.0000 0.0364
009960 0.6071 0.3548 0.0000 0.0382
009980 0.5990 0.3613 0.0000 0.0397
010000 0.5953 0.3660 0.0000 0.0388
010020 0.5944 0.3674 0.0000 0.0382
010040 0.5944 0.3674 0.0000 0.0382
010060 0.5944 0.3674 0.0000 0.0382
010080 0.5944 0.3674 0.0000 0.0382
010100 0.5944 0.3674 0.0000 0.0382
010120 0.5944 0.3674 0.0000 0.0382
010140 0.5944 0.3674 0.0000 0.0382
010160 0.5944 0.3674 0.0000 0.0382
010180 0.5944 0.3674 0.0000 0.0382
010200 0.5944 0.3674 0.0000 0.0382
010220 0.5944 0.3674 0.0000 0.0382
010240 0.5944 0.3674 0.0000 0.0382
010260 0.5944 0.3674 0.0000 0.0382
010280 0.5944 0.3674 0.0000 0.0382
010300 0.5944 0.3674 0.0000 0.0382
010320 0.5944 0.3674 0.0000 0.0382
010340 0.5944 0.3674 0.0000 0.0382
010360 0.5944 0.3674 0.0000 0.0382
010380 0.5944 0.3674 0.0000 0.0382
010400 0.5944 0.3674 0.0000 0.0382
010420 0.5944 0.3674 0.0000 0.0382
010440 0.5944 0.3674 0.0000 0.0382
010460 0.5944 0.3674 0.0000 0.0382
010480 0.5944 0.3674 0.0000 0.0382
010500 0.5944 0.3674 0.0000 0.0382
010520 0.5944 0.3674 0.0000 0.0382
010540 0.5944 0.3674 0.0000 0.0382
010560 0.5944 0.3674 0.0000 0.0382
010580 0.5944 0.3674 0.0000 0.0382
010600 0.5944 0.3674 0.0000 0.0382
010620 0.5944 0.3674 0.0000 0.0382
010640 0.5944 0.3674 0.0000 0.0382
010660 0.5944 0.3674 0.0000 0.0382
010680 0.5944 0.3674 0.0000 0.0382
010700 0.5944 0.3674 0.0000 0.0382
010720 0.5944 0.3674 0.0000 0.0382
010740 0.5944 0.3674 0.0000 0.0382
010760 0.5944 0.3674 0.0000 0.0382
010780 0.5944 0.3674 0.0000 0.0382
010800 0.5944 0.3674 0.0000 0.0382
010820 0.5944 0.3674 0.0000 0.0382
010840 0.5944 0.3674 0.0000 0.0382
010860 0.5944 0.3674 0.0000 0.0382
010880 0.5944 0.3674 0.0000 0.0382
010900 0.5944 0.3674 0.0000 0.0382
010920 0.5944 0.3674 0.0000 0.0382
010940 0.5944 0.3674 0.0000 0.0382
010960 0.5944 0.3674 0.0000 0.0382
010980 0.5944 0.3674 0.0000 0.0382
011000 0.5944 0.3674 0.0000 0.0382
011020 0.5944 0.3674 0.0000 0.0382
011040 0.5944 0.3674 0.0000 0.0382
011060 0.5944 0.3674 0.0000 0.0382
011080 0.5944 0.3674 0.0000 0.0382
011100 0.5944 0.3674 0.0000 0.0382
011120 0.5944 0.3674 0.0000 0.0382
011140 0.5944 0.3674 0.0000 0.0382
011160 0.5944 0.3674 0.0000 0.0382
011180 0.5944 0.3674 0.0000 0.0382
011200 0.5944 0.3674 0.0000 0.0382
011220 0.5944 0.3674 0.0000 0.0382
011240 0.5944 0.3674 0.0000 0.0382
011260 0.5944 0.3674 0.0000 0.0382
011280 0.5944 0.3674 0.0000 0.0382
011300 0.5944 0.3674 0.0000 0.0382
011320 0.5944 0.3674 0.0000 0.0382
011340 0.5944 0.3674 0.0000 0.0382
011360 0.5944 0.3674 0.0000 0.0382
011380 0.5944 0.3674 0.0000 0.0382
011400 0.5944 0.3674 0.0000 0.0382
011420 0.5944 0.3674 0.0000 0.0382
011440 0.5944 0.3674 0.0000 0.0382
011460 0.5944 0.3674 0.0000 0.0382
011480 0.5944 0.3674 0.0000 0.0382
011500 0.5944 0.3674 0.0000 0.0382
011520 0.5944 0.3674 0.0000 0.0382
011540 0.5944 0.3674 0.0000 0.0382
011560 0.5944 0.3674 0.0000 0.0382
011580 0.5944 0.3674 0.0000 0.0382
011600 0.5944 0.3674 0.0000 0.0382
011620 0.5944 0.3674 0.0000 0.0382
011640 0.5944 0.3674 0.0000 0.0382
011660 0.5944 0.3674 0.0000 0.0382
011680 0.5944 0.3674 0.0000 0.0382
011700 0.5944 0.3674 0.0000 0.0382
011720 0.5944 0.3674 0.0000 0.0382
011740 0.5944 0.3674 0.0000 0.0382
011760 0.5944 0.3674 0.0000 0.0382
011780 0.5944 0.3674 0.0000 0.0382
011800 0.5944 0.3674 0.0000 0.0382
011820 0.5944 0.3674 0.0000 0.0382
011840 0.5944 0.3674 0.0000 0.0382
011860 0.5944 0.3674 0.0000 0.0382
011880 0.5944 0.3674 0.0000 0.0382
011900 0.5944 0.3674 0.0000 0.0382
011920 0.5944 0.3674 0.0000 0.0382
011940 0.5944 0.3674 0.0000 0.0382
011960 0.5944 0.3674 0.0000 0.0382
011980 0.5944 0.3674 0.0000 0.0382
012000 0.5944 0.3674 0.0000 0.0382
012020 0.5944 0.3674 0.0000 0.0382
012040 0.5944 0.3674 0.0000 0.0382
012060 0.5944 0.3674 0.0000 0.0382
012080 0.5944 0.3674 0.0000 0.0382
012100 0.5944 0.3674 0.0000 0.0382
012120 0.5944 0.3674 0.0000 0.0382
012140 0.5944 0.3674 0.0000 0.0382
012160 0.5944 0.3674 0.0000 0.0382
012180 0.5944 0.3674 0.0000 0.0382
012200 0.5944 0.3674 0.0000 0.0382
012220 0.5944 0.3674 0.0000 0.0382
012240 0.5944 0.3674 0.0000 0.0382
012260 0.5944 0.3674 0.0000 0.0382
012280 0.5944 0.3674 0.0000 0.0382
012300 0.5944 0.3674 0.0000 0.0382
012320 0.5944 0.3674 0.0000 0.0382
012340 0.5944 0.3674 0.0000 0.0382
012360 0.5944 0.3674 0.0000 0.0382
012380 0.5944 0.3674 0.0000 0.0382
012400 0.5944 0.3674 0.0000 0.0382
012420 0.5944 0.3674 0.0000 0.0382
012440 0.5944 0.3674 0.0000 0.0382
012460 0.5944 0.3674 0.0000 0.0382
012480 0.5944 0.3674 0.0000 0.0382
012500 0.5944 0.3674 0.0000 0.0382
012520 0.5944 0.3674 0.0000 0.0382
012540 0.5944 0.3674 0.0000 0.0382
012560 0.5944 0.3674 0.0000 0.0382
012580 0.5944 0.3674 0.0000 0.0382
012600 0.5944 0.3674 0.0000 0.0382
012620 0.5944 0.3674 0.0000 0.0382
012640 0.5944 0.3674 0.0000 0.0382
012660 0.5944 0.3674 0.0000 0.0382
012680 0.5944 0.3674 0.0000 0.0382
012700 0.5944 0.3674 0.0000 0.0382
012720 0.5944 0.3674 0.0000 0.0382
012740 0.5944 0.3674 0.0000 0.0382
012760 0.5944 0.3674 0.0000 0.0382
012780 0.5944 0.3674 0.0000 0.0382
012800 0.5944 0.3674 0.0000 0.0382
012820 0.5944 0.3674 0.0000 0.0382
012840 0.5944 0.3674 0.0000 0.0382
012860 0.5944 0.3674 0.0000 0.0382
012880 0.5944 0.3674 0.0000 0.0382
012900 0.5944 0.3674 0.0000 0.0382
012920 0.5944 0.3674 0.0000 0.0382
012940 0.5944 0.3674 0.0000 0.0382
012960 0.5944 0.3674 0.0000 0.0382
012980 0.5944 0.3674 0.0000 0.0382
013000 0.5944 0.3674 0.0000 0.0382
013020 0.5944 0.3674 0.0000 0.0382
013040 0.5944 0.3674 0.0000 0.0382
013060 0.5944 0.3674 0.0000 0.0382
013080 0.5944 0.3674 0.0000 0.0382
013100 0.5944 0.3674 0.0000 0.0382
013120 0.5944 0.3674 0.0000 0.0382
013140 0.5944 0.3674 0.0000 0.0382
013160 0.5944 0.3674 0.0000 0.0382
013180 0.5944 0.3674 0.0000 0.0382
013200 0.5944 0.3674 0.0000 0.0382
013220 0.5944 0.3674 0.0000 0.0382
013240 0.5944 0.3674 0.0000 0.0382
013260 0.5944 0.3674 0.0000 0.0382
013280 0.5944 0.3674 0.0000 0.0382
013300 0.5944 0.3674 0.0000 0.0382
013320 0.5944 0.3674 0.0000 0.0382
013340 0.5944 0.3674 0.0000 0.0382
013360 0.5944 0.3674 0.0000 0.0382
013380 0.5944 0.3674 0.0000 0.0382
013400 0.5944 0.3674 0.0000 0.0382
013420 0.5944 0.3674 0.0000 0.0382
013440 0.5944 0.3674 0.0000 0.0382
013460 0.5944 0.3674 0.0000 0.0382
013480 0.5944 0.3674 0.0000 0.0382
013500 0.5944 0.3674 0.0000 0.0382
013520 0.5944 0.3674 0.0000 0.0382
013540 0.5944 0.3674 0.0000 0.0382
013560 0.5944 0.3674 0.0000 0.0382
013580 0.5944 0.3674 0.0000 0.0382
013600 0.5944 0.3674 0.0000 0.0382
013620 0.5944 0.3674 0.0000 0.0382
013640 0.5944 0.3674 0.0000 0.0382
013660 0.5944 0.3674 0.0000 0.0382
013680 0.5944 0.3674 0.0000 0.0382
013700 0.5944 0.3674 0.0000 0.0382
013720 0.5944 0.3674 0.0000 0.0382
013740 0.5944 0.3674 0.0000 0.0382
013760 0.5944 0.3674 0.0000 0.0382
013780 0.5944 0.3674 0.0000 0.0382
013800 0.5944 0.3674 0.0000 0.0382
013820 0.5944 0.3674 0.0000 0.0382
013840 0.5944 0.3674 0.0000 0.0382
013860 0.5944 0.3674 0.0000 0.0382
013880 0.5944 0.3674 0.0000 0.0382
013900 0.5944 0.3674 0.0000 0.0382
013920 0.5944 0.3674 0.0000 0.0382
013940 0.5944 0.3674 0.0000 0.0382
013960 0.5944 0.3674 0.0000 0.0382
013980 0.5944 0.3674 0.0000 0.0382
014000 0.5944 0.3674 0.0000 0.0382
014020 0.5944 0.3674 0.0000 0.0382
014040 0.5944 0.3674 0.0000 0.0382
014060 0.5944 0.3674 0.0000 0.0382
014080 0.5944 0.3674 0.0000 0.0382
014100 0.5944 0.3674 0.0000 0.0382
014120 0.5944 0.3674 0.0000 0.0382
014140 0.5944 0.3674 0.0000 0.0382
014160 0.5944 0.3674 0.0000 0.0382
014180 0.5944 0.3674 0.0000 0.0382
014200 0.5944 0.3674 0.0000 0.0382
014220 0.5944 0.3674 0.0000 0.0382
014240 0.5944 0.3674 0.0000 0.0382
014260 0.5944 0.3674 0.0000 0.0382
014280 0.5944 0.3674 0.0000 0.0382
014300 0.5944 0.3674 0.0000 0.0382
014320 0.5944 0.3674 0.0000 0.0382
014340 0.5944 0.3674 0.0000 0.0382
014360 0.5944 0.3674 0.0000 0.0382
014380 0.5944 0.3674 0.0000 0.0382
014400 0.5944 0.3674 0.0000 0.0382
014420 0.5944 0.3674 0.0000 0.0382
014440 0.5944 0.3674 0.0000 0.0382
014460 0.5944 0.3674 0.0000 0.0382
014480 0.5944 0.3674 0.0000 0.0382
014500 0.5944 0.3674 0.0000 0.0382
014520 0.5944 0.3674 0.0000 0.0382
014540 0.5944 0.3674 0.0000 0.0382
014560 0.5944 0.3674 0.0000 0.0382
014580 0.5944 0.3674 0.0000 0.0382
014600 0.5944 0.3674 0.0000 0.0382
014620 0.5944 0.3674 0.0000 0.0382
014640 0.5944 0.3674 0.0000 0.0382
014660 0.5944 0.3674 0.0000 0.0382
014680 0.5944 0.3674 0.0000 0.0382
014700 0.5944 0.3674 0.0000 0.0382
014720 0.5944 0.3674 0.0000 0.0382
014740 0.5944 0.3674 0.0000 0.0382
014760 0.5944 0.3674 0.0000 0.0382
014780 0.5944 0.3674 0.0000 0.0382
014800 0.5944 0.3674 0.0000 0.0382
014820 0.5944 0.3674 0.0000 0.0382
014840 0.5944 0.3674 0.0000 0.0382
014860 0.5944 0.3674 0.0000 0.0382
014880 0.5944 0.3674 0.0000 0.0382
014900 0.5944 0.3674 0.0000 0.0382
014920 0.5944 0.3674 0.0000 0.0382
014940 0.5944 0.3674 0.0000 0.0382
014960 0.5944 0.3674 0.0000 0.0382
014980 0.5944 0.3674 0.0000 0.0382
015000 0.5944 0.3674 0.0000 0.0382
015020 0.5944 0.3674 0.0000 0.0382
015040 0.5944 0.3674 0.0000 0.0382
015060 0.5944 0.3674 0.0000 0.0382
015080 0.5944 0.3674 0.0000 0.0382
015100 0.5944 0.3674 0.0000 0.0382
015120 0.5944 0.3674 0.0000 0.0382
015140 0.5944 0.3674 0.0000 0.0382
015160 0.5944 0.3674 0.0000 0.0382
015180 0.5944 0.3674 0.0000 0.0382
015200 0.5944 0.3674 0.0000 0.0382
015220 0.5944 0.3674 0.0000 0.0382
015240 0.5944 0.3674 0.0000 0.0382
015260 0.5944 0.3674 0.0000 0.0382
015280 0.5944 0.3674 0.0000 0.0382
015300 0.5944 0.3674 0.0000 0.0382
015320 0.5944 0.3674 0.0000 0.0382
015340 0.5944 0.3674 0.0000 0.0382
015360 0.5944 0.3674 0.0000 0.0382
015380 0.5944 0.3674 0.0000 0.0382
015400 0.5944 0.3674 0.0000 0.0382
015420 0.5944 0.3674 0.0000 0.0382
015440 0.5944 0.3674 0.0000 0.0382
015460 0.5944 0.3674 0.0000 0.0382
015480 0.5944 0.3674 0.0000 0.0382
015500 0.5944 0.3674 0.0000 0.0382
015520 0.5944 0.3674 0.0000 0.0382
015540 0.5944 0.3674 0.0000 0.0382
015560 0.5944 0.3674 0.0000 0.0382
015580 0.5944 0.3674 0.0000 0.0382
015600 0.5944 0.3674 0.0000 0.0382
015620 0.5944 0.3674 0.0000 0.0382
015640 0.5944 0.3674 0.0000 0.0382
015660 0.5944 0.3674 0.0000 0.0382
015680 0.5944 0.3674 0.0000 0.0382
015700 0.5944 0.3674 0.0000 0.0382
015720 0.5944 0.3674 0.0000 0.0382
015740 0.5944 0.3674 0.0000 0.0382
015760 0.5944 0.3674 0.0000 0.0382
015780 0.5944 0.3674 0.0000 0.0382
015800 0.5944 0.3674 0.0000 0.0382
015820 0.5944 0.3674 0.0000 0.0382
015840 0.5944 0.3674 0.0000 0.0382
015860 0.5944 0.3674 0.0000 0.0382
015880 0.5944 0.3674 0.0000 0.0382
015900 0.5944 0.3674 0.0000 0.0382
015920 0.5944 0.3674 0.0000 0.0382
015940 0.5944 0.3674 0.0000 0.0382
015960 0.5944 0.3674 0.0000 0.0382
015980 0.5944 0.3674 0.0000 0.0382
016000 0.5944 0.3674 0.0000 0.0382
016020 0.5944 0.3674 0.0000 0.0382
016040 0.5944 0.3674 0.0000 0.0382
016060 0.5944 0.3674 0.0000 0.0382
016080 0.5944 0.3674 0.0000 0.0382
016100 0.5944 0.3674 0.0000 0.0382
016120 0.5944 0.3674 0.0000 0.0382
016140 0.5944 0.3674 0.0000 0.0382
016160 0.5944 0.3674 0.0000 0.0382
016180 0.5944 0.3674 0.0000 0.0382
016200 0.5944 0.3674 0.0000 0.0382
016220 0.5944 0.3674 0.0000 0.0382
016240 0.5944 0.3674 0.0000 0.0382
016260 0.5944 0.3674 0.0000 0.0382
016280 0.5944 0.3674 0.0000 0.0382
016300 0.5944 0.3674 0.0000 0.0382
016320 0.5944 0.3674 0.0000 0.0382
016340 0.5944 0.3674 0.0000 0.0382
016360 0.5944 0.3674 0.0000 0.0382
016380 0.5944 0.3674 0.0000 0.0382
016400 0.5944 0.3674 0.0000 0.0382
016420 0.5944 0.3674 0.0000 0.0382
016440 0.5944 0.3674 0.0000 0.0382
016460 0.5944 0.3674 0.0000 0.0382
016480 0.5944 0.3674 0.0000 0.0382
016500 0.5944 0.3674 0.0000 0.0382
016520 0.5944 0.3674 0.0000 0.0382
016540 0.5944 0.3674 0.0000 0.0382
016560 0.5944 0.3674 0.0000 0.0382
016580 0.5944 0.3674 0.0000 0.0382
016600 0.5944 0.3674 0.0000 0.0382
016620 0.5944 0.3674 0.0000 0.0382
016640 0.5944 0.3674 0.0000 0.0382
016660 0.5944 0.3674 0.0000 0.0382
016680 0.5944 0.3674 0.0000 0.0382
016700 0.5944 0.3674 0.0000 0.0382
016720 0.5944 0.3674 0.0000 0.0382
016740 0.5944 0.3674 0.0000 0.0382
016760 0.5944 0.3674 0.0000 0.0382
016780 0.5944 0.3674 0.0000 0.0382
016800 0.5944 0.3674 0.0000 0.0382
016820 0.5944 0.3674 0.0000 0.0382
016840 0.5944 0.3674 0.0000 0.0382
016860 0.5944 0.3674 0.0000 0.0382
016880 0.5944 0.3674 0.0000 0.0382
016900 0.5944 0.3674 0.0000 0.0382
016920 0.5944 0.3674 0.0000 0.0382
016940 0.5944 0.3674 0.0000 0.0382
016960 0.5944 0.3674 0.0000 0.0382
016980 0.5944 0.3674 0.0000 0.0382
017000 0.5944 0.3674 0.0000 0.0382
017020 0.5944 0.3674 0.0000 0.0382
017040 0.5944 0.3674 0.0000 0.0382
017060 0.5944 0.3674 0.0000 0.0382
017080 0.5944 0.3674 0.0000 0.0382
017100 0.5944 0.3674 0.0000 0.0382
017120 0.5944 0.3674 0.0000 0.0382
017140 0.5944 0.3674 0.0000 0.0382
017160 0.5944 0.3674 0.0000 0.0382
017180 0.5944 0.3674 0.0000 0.0382
017200 0.5944 0.3674 0.0000 0.0382
017220 0.5944 0.3674 0.0000 0.0382
017240 0.5944 0.3674 0.0000 0.0382
017260 0.5944 0.3674 0.0000 0.0382
017280 0.5944 0.3674 0.0000 0.0382
017300 0.5944 0.3674 0.0000 0.0382
017320 0.5944 0.3674 0.0000 0.0382
017340 0.5944 0.3674 0.0000 0.0382
017360 0.5944 0.3674 0.0000 0.0382
017380 0.5944 0.3674 0.0000 0.0382
017400 0.5944 0.3674 0.0000 0.0382
017420 0.5944 0.3674 0.0000 0.0382
017440 0.5944 0.3674 0.0000 0.0382
017460 0.5944 0.3674 0.0000 0.0382
017480 0.5944 0.3674 0.0000 0.0382
017500 0.5944 0.3674 0.0000 0.0382
017520 0.5944 0.3674 0.0000 0.0382
017540 0.5944 0.3674 0.0000 0.0382
017560 0.5944 0.3674 0.0000 0.0382
017580 0.5944 0.3674 0.0000 0.0382
017600 0.5944 0.3674 0.0000 0.0382
017620 0.5944 0.3674 0.0000 0.0382
017640 0.5944 0.3674 0.0000 0.0382
017660 0.5944 0.3674 0.0000 0.0382
017680 0.5944 0.3674 0.0000 0.0382
017700 0.5944 0.3674 0.0000 0.0382
017720 0.5944 0.3674 0.0000 0.0382
017740 0.5944 0.3674 0.0000 0.0382
017760 0.5944 0.3674 0.0000 0.0382
017780 0.5944 0.3674 0.0000 0.0382
017800 0.5944 0.3674 0.0000 0.0382
017820 0.5944 0.3674 0.0000 0.0382
017840 0.5944 0.3674 0.0000 0.0382
017860 0.5944 0.3674 0.0000 0.0382
017880 0.5944 0.3674 0.0000 0.0382
017900 0.5944 0.3674 0.0000 0.0382
017920 0.5944 0.3674 0.0000 0.0382
017940 0.5944 0.3674 0.0000 0.0382
017960 0.5944 0.3674 0.0000 0.0382
017980 0.5944 0.3674 0.0000 0.0382
018000 0.5944 0.3674 0.0000 0.0382
018020 0.5944 0.3674 0.0000 0.0382
018040 0.5944 0.3674 0.0000 0.0382
018060 0.5944 0.3674 0.0000 0.0382
018080 0.5944 0.3674 0.0000 0.0382
018100 0.5944 0.3674 0.0000 0.0382
018120 0.5944 0.3674 0.0000 0.0382
018140 0.5944 0.3674 0.0000 0.0382
018160 0.5944 0.3674 0.0000 0.0382
018180 0.5944 0.3674 0.0000 0.0382
018200 0.5944 0.3674 0.0000 0.0382
018220 0.5944 0.3674 0.0000 0.0382
018240 0.5944 0.3674 0.0000 0.0382
018260 0.5944 0.3674 0.0000 0.0382
018280 0.5944 0.3674 0.0000 0.0382
018300 0.5944 0.3674 0.0000 0.0382
018320 0.5944 0.3674 0.0000 0.0382
018340 0.5944 0.3674 0.0000 0.0382
018360 0.5944 0.3674 0.0000 0.0382
018380 0.5944 0.3674 0.0000 0.0382
018400 0.5944 0.3674 0.0000 0.0382
018420 0.5944 0.3674 0.0000 0.0382
018440 0.5944 0.3674 0.0000 0.0382
018460 0.5944 0.3674 0.0000 0.0382
018480 0.5944 0.3674 0.0000 0.0382
018500 0.5944 0.3674 0.0000 0.0382
018520 0.5944 0.3674 0.0000 0.0382
018540 0.5944 0.3674 0.0000 0.0382
018560 0.5944 0.3674 0.0000 0.0382
018580 0.5944 0.3674 0.0000 0.0382
018600 0.5944 0.3674 0.0000 0.0382
018620 0.5944 0.3674 0.0000 0.0382
018640 0.5944 0.3674 0.0000 0.0382
018660 0.5944 0.3674 0.0000 0.0382
018680 0.5944 0.3674 0.0000 0.0382
018700 0.5944 0.3674 0.0000 0.0382
018720 0.5944 0.3674 0.0000 0.0382
018740 0.5944 0.3674 0.0000 0.0382
018760 0.5944 0.3674 0.0000 0.0382
018780 0.5944 0.3674 0.0000 0.0382
018800 0.5944 0.3674 0.0000 0.0382
018820 0.5944 0.3674 0.0000 0.0382
018840 0.5944 0.3674 0.0000 0.0382
018860 0.5944 0.3674 0.0000 0.0382
018880 0.5944 0.3674 0.0000 0.0382
018900 0.5944 0.3674 0.0000 0.0382
018920 0.5944 0.3674 0.0000 0.0382
018940 0.5944 0.3674 0.0000 0.0382
018960 0.5944 0.3674 0.0000 0.0382
018980 0.5944 0.3674 0.0000 0.0382
019000 0.5944 0.3674 0.0000 0.0382
019020 0.5944 0.3674 0.0000 0.0382
019040 0.5944 0.3674 0.0000 0.0382
019060 0.5944 0.3674 0.0000 0.0382
019080 0.5944 0.3674 0.0000 0.0382
019100 0.5944 0.3674 0.0000 0.0382
019120 0.5944 0.3674 0.0000 0.0382
019140 0.5944 0.3674 0.0000 0.0382
019160 0.5944 0.3674 0.0000 0.0382
019180 0.5944 0.3674 0.0000 0.0382
019200 0.5944 0.3674 0.0000 0.0382
019220 0.5944 0.3674 0.0000 0.0382
019240 0.5944 0.3674 0.0000 0.0382
019260 0.5944 0.3674 0.0000 0.0382
019280 0.5944 0.3674 0.0000 0.0382
019300 0.5944 0.3674 0.0000 0.0382
019320 0.5944 0.3674 0.0000 0.0382
019340 0.5944 0.3674 0.0000 0.0382
019360 0.5944 0.3674 0.0000 0.0382
019380 0.5944 0.3674 0.0000 0.0382
019400 0.5944 0.3674 0.0000 0.0382
019420 0.5944 0.3674 0.0000 0.0382
019440 0.5944 0.3674 0.0000 0.0382
019460 0.5944 0.3674 0.0000 0.0382
019480 0.5944 0.3674 0.0000 0.0382
019500 0.5944 0.3674 0.0000 0.0382
019520 0.5944 0.3674 0.0000 0.0382
019540 0.5944 0.3674 0.0000 0.0382
019560 0.5944 0.3674 0.0000 0.0382
019580 0.5944 0.3674 0.0000 0.0382
019600 0.5944 0.3674 0.0000 0.0382
019620 0.5944 0.3674 0.0000 0.0382
019640 0.5944 0.3674 0.0000 0.0382
019660 0.5944 0.3674 0.0000 0.0382
019680 0.5944 0.3674 0.0000 0.0382
019700 0.5944 0.3674 0.0000 0.0382
019720 0.5944 0.3674 0.0000 0.0382
019740 0.5944 0.3674 0.0000 0.0382
019760 0.5944 0.3674 0.0000 0.0382
019780 0.5944 0.3674 0.0000 0.0382
019800 0.5944 0.3674 0.0000 0.0382
019820 0.5944 0.3674 0.0000 0.0382
019840 0.5944 0.3674 0.0000 0.0382
019860 0.5944 0.3674 0.0000 0.0382
019880 0.5944 0.3674 0.0000 0.0382
019900 0.5944 0.3674 0.0000 0.0382
019920 0.5944 0.3674 0.0000 0.0382
019940 0.5944 0.3674 0.0000 0.0382
019960 0.5944 0.3674 0.0000 0.0382
019980 0.5944 0.3674 0.0000 0.0382
020000 0.5944 0.3674 0.0000 0.0382
