000000 0.2500 0.2500 0.2500 0.2500
000020 0.2596 0.2596 0.2299 0.2508
000040 0.2708 0.2700 0.2083 0.2509
000060 0.2814 0.2809 0.1873 0.2504
000080 0.2909 0.2930 0.1668 0.2494
000100 0.2992 0.3058 0.1474 0.2477
000120 0.3057 0.3200 0.1296 0.2448
000140 0.3115 0.3347 0.1124 0.2414
000160 0.3156 0.3506 0.0971 0.2367
000180 0.3193 0.3664 0.0826 0.2317
000200 0.3217 0.3832 0.0691 0.2260
000220 0.3233 0.4003 0.0569 0.2194
000240 0.3236 0.4187 0.0460 0.2117
000260 0.3227 0.4383 0.0359 0.2031
000280 0.3227 0.4570 0.0272 0.1931
000300 0.3216 0.4762 0.0195 0.1828
000320 0.3194 0.4959 0.0131 0.1716
000340 0.3150 0.5165 0.0084 0.1601
000360 0.3091 0.5386 0.0048 0.1476
000380 0.3001 0.5634 0.0020 0.1345
000400 0.2889 0.5906 0.0003 0.1202
000420 0.2772 0.6184 0.0000 0.1044
000440 0.2676 0.6469 0.0000 0.0855
000460 0.2618 0.6688 0.0000 0.0694
000480 0.2580 0.6847 0.0000 0.0574
000500 0.2557 0.6990 0.0000 0.0453
000520 0.2553 0.7089 0.0000 0.0358
000540 0.2569 0.7144 0.0000 0.0287
000560 0.2601 0.7179 0.0000 0.0220
000580 0.2666 0.7164 0.0000 0.0170
000600 0.2751 0.7120 0.0000 0.0130
000620 0.2874 0.7029 0.0000 0.0098
000640 0.3005 0.6912 0.0000 0.0083
000660 0.3135 0.6778 0.0000 0.0087
000680 0.3231 0.6671 0.0000 0.0098
000700 0.3314 0.6585 0.0000 0.0101
000720 0.3388 0.6512 0.0000 0.0099
000740 0.3472 0.6431 0.0000 0.0097
000760 0.3540 0.6358 0.0000 0.0102
000780 0.3597 0.6296 0.0000 0.0107
000800 0.3652 0.6226 0.0000 0.0122
000820 0.3697 0.6169 0.0000 0.0134
000840 0.3719 0.6146 0.0000 0.0136
000860 0.3749 0.6112 0.0000 0.0139
000880 0.3779 0.6079 0.0000 0.0143
000900 0.3823 0.6031 0.0000 0.0146
000920 0.3874 0.5976 0.0000 0.0150
000940 0.3909 0.5931 0.0000 0.0161
000960 0.3948 0.5893 0.0000 0.0159
000980 0.3979 0.5855 0.0000 0.0166
001000 0.3995 0.5831 0.0000 0.0173
001020 0.4017 0.5809 0.0000 0.0174
001040 0.4047 0.5774 0.0000 0.0179
001060 0.4102 0.5714 0.0000 0.0184
001080 0.4147 0.5673 0.0000 0.0180
001100 0.4213 0.5614 0.0000 0.0173
001120 0.4281 0.5539 0.0000 0.0180
001140 0.4343 0.5475 0.0000 0.0183
001160 0.4401 0.5408 0.0000 0.0191
001180 0.4454 0.5343 0.0000 0.0203
001200 0.4487 0.5305 0.0000 0.0208
001220 0.4528 0.5268 0.0000 0.0205
001240 0.4565 0.5215 0.0000 0.0219
001260 0.4626 0.5160 0.0000 0.0215
001280 0.4683 0.5096 0.0000 0.0221
001300 0.4765 0.5008 0.0000 0.0227
001320 0.4814 0.4952 0.0000 0.0234
001340 0.4881 0.4897 0.0000 0.0222
001360 0.4968 0.4802 0.0000 0.0230
001380 0.5036 0.4732 0.0000 0.0233
001400 0.5083 0.4647 0.0000 0.0270
001420 0.5066 0.4659 0.0000 0.0275
001440 0.5039 0.4682 0.0000 0.0279
001460 0.5034 0.4692 0.0000 0.0273
001480 0.5063 0.4652 0.0000 0.0285
001500 0.5071 0.4650 0.0000 0.0279
001520 0.5176 0.4556 0.0000 0.0267
001540 0.5277 0.4439 0.0000 0.0284
001560 0.5361 0.4356 0.0000 0.0283
001580 0.5461 0.4272 0.0000 0.0267
001600 0.5598 0.4143 0.0000 0.0260
001620 0.5711 0.4035 0.0000 0.0254
001640 0.5825 0.3912 0.0000 0.0263
001660 0.5882 0.3820 0.0000 0.0297
001680 0.5964 0.3741 0.0000 0.0295
001700 0.5993 0.3717 0.0000 0.0290
001720 0.6042 0.3676 0.0000 0.0282
001740 0.6089 0.3626 0.0000 0.0286
001760 0.6076 0.3613 0.0000 0.0311
001780 0.6030 0.3630 0.0000 0.0340
001800 0.5974 0.3690 0.0000 0.0336
001820 0.5943 0.3719 0.0000 0.0339
001840 0.5890 0.3771 0.0000 0.0338
001860 0.5881 0.3784 0.0000 0.0334
001880 0.5909 0.3769 0.0000 0.0322
001900 0.5919 0.3737 0.0000 0.0345
001920 0.5902 0.3752 0.0000 0.0346
001940 0.5909 0.3759 0.0000 0.0332
001960 0.5951 0.3731 0.0000 0.0318
001980 0.6030 0.3670 0.0000 0.0300
002000 0.6087 0.3588 0.0000 0.0326
002020 0.6085 0.3567 0.0000 0.0348
002040 0.6088 0.3576 0.0000 0.0335
002060 0.6080 0.3598 0.0000 0.0322
002080 0.6115 0.3583 0.0000 0.0302
002100 0.6190 0.3502 0.0000 0.0308
002120 0.6205 0.3471 0.0000 0.0325
002140 0.6234 0.3427 0.0000 0.0339
002160 0.6190 0.3449 0.0000 0.0362
002180 0.6137 0.3507 0.0000 0.0357
002200 0.6083 0.3565 0.0000 0.0352
002220 0.6033 0.3610 0.0000 0.0356
002240 0.5999 0.3661 0.0000 0.0340
002260 0.5968 0.3681 0.0000 0.0352
002280 0.5977 0.3681 0.0000 0.0342
002300 0.6020 0.3657 0.0000 0.0323
002320 0.6107 0.3590 0.0000 0.0303
002340 0.6173 0.3517 0.0000 0.0310
002360 0.6168 0.3498 0.0000 0.0335
002380 0.6104 0.3541 0.0000 0.0356
002400 0.6087 0.3571 0.0000 0.0342
002420 0.6084 0.3582 0.0000 0.0334
002440 0.6056 0.3589 0.0000 0.0355
002460 0.6019 0.3624 0.0000 0.0358
002480 0.5960 0.3696 0.0000 0.0345
002500 0.5962 0.3712 0.0000 0.0326
002520 0.6008 0.3677 0.0000 0.0315
002540 0.6028 0.3631 0.0000 0.0341
002560 0.6048 0.3622 0.0000 0.0330
002580 0.6063 0.3598 0.0000 0.0339
002600 0.6075 0.3597 0.0000 0.0327
002620 0.6148 0.3536 0.0000 0.0315
002640 0.6206 0.3479 0.0000 0.0316
002660 0.6246 0.3439 0.0000 0.0316
002680 0.6296 0.3390 0.0000 0.0315
002700 0.6312 0.3358 0.0000 0.0330
002720 0.6247 0.3394 0.0000 0.0359
002740 0.6129 0.3494 0.0000 0.0377
002760 0.6029 0.3603 0.0000 0.0368
002780 0.5950 0.3669 0.0000 0.0381
002800 0.5895 0.3747 0.0000 0.0357
002820 0.5905 0.3746 0.0000 0.0348
002840 0.5920 0.3745 0.0000 0.0335
002860 0.5960 0.3707 0.0000 0.0333
002880 0.6054 0.3647 0.0000 0.0299
002900 0.6174 0.3534 0.0000 0.0292
002920 0.6324 0.3398 0.0000 0.0278
002940 0.6451 0.3273 0.0000 0.0276
002960 0.6528 0.3177 0.0000 0.0295
002980 0.6536 0.3151 0.0000 0.0313
003000 0.6492 0.3161 0.0000 0.0347
003020 0.6382 0.3251 0.0000 0.0367
003040 0.6223 0.3392 0.0000 0.0385
003060 0.6050 0.3546 0.0000 0.0404
003080 0.5893 0.3715 0.0000 0.0392
003100 0.5794 0.3822 0.0000 0.0384
003120 0.5793 0.3867 0.0000 0.0340
003140 0.5832 0.3846 0.0000 0.0322
003160 0.5860 0.3822 0.0000 0.0318
003180 0.5917 0.3756 0.0000 0.0327
003200 0.5995 0.3689 0.0000 0.0316
003220 0.6052 0.3618 0.0000 0.0330
003240 0.6084 0.3592 0.0000 0.0324
003260 0.6109 0.3560 0.0000 0.0331
003280 0.6119 0.3554 0.0000 0.0327
003300 0.6098 0.3563 0.0000 0.0339
003320 0.6138 0.3545 0.0000 0.0317
003340 0.6188 0.3506 0.0000 0.0306
003360 0.6214 0.3470 0.0000 0.0316
003380 0.6210 0.3457 0.0000 0.0332
003400 0.6217 0.3458 0.0000 0.0325
003420 0.6189 0.3475 0.0000 0.0335
003440 0.6161 0.3501 0.0000 0.0338
003460 0.6144 0.3519 0.0000 0.0337
003480 0.6103 0.3555 0.0000 0.0342
003500 0.6064 0.3584 0.0000 0.0353
003520 0.6023 0.3624 0.0000 0.0353
003540 0.6021 0.3632 0.0000 0.0346
003560 0.6006 0.3655 0.0000 0.0339
003580 0.6023 0.3643 0.0000 0.0334
003600 0.6061 0.3614 0.0000 0.0325
003620 0.6118 0.3550 0.0000 0.0333
003640 0.6120 0.3547 0.0000 0.0333
003660 0.6106 0.3544 0.0000 0.0350
003680 0.6050 0.3600 0.0000 0.0350
003700 0.5997 0.3642 0.0000 0.0361
003720 0.5972 0.3686 0.0000 0.0342
003740 0.5996 0.3678 0.0000 0.0326
003760 0.6072 0.3622 0.0000 0.0305
003780 0.6150 0.3537 0.0000 0.0314
003800 0.6171 0.3501 0.0000 0.0329
003820 0.6190 0.3481 0.0000 0.0330
003840 0.6178 0.3470 0.0000 0.0352
003860 0.6170 0.3484 0.0000 0.0345
003880 0.6121 0.3540 0.0000 0.0339
003900 0.6110 0.3558 0.0000 0.0332
003920 0.6117 0.3545 0.0000 0.0337
003940 0.6096 0.3561 0.0000 0.0343
003960 0.6060 0.3593 0.0000 0.0346
003980 0.6031 0.3616 0.0000 0.0353
004000 0.6024 0.3638 0.0000 0.0339
004020 0.6053 0.3620 0.0000 0.0327
004040 0.6082 0.3558 0.0000 0.0359
004060 0.6004 0.3614 0.0000 0.0382
004080 0.5958 0.3685 0.0000 0.0358
004100 0.5973 0.3683 0.0000 0.0344
004120 0.5977 0.3679 0.0000 0.0344
004140 0.5963 0.3693 0.0000 0.0344
004160 0.6043 0.3651 0.0000 0.0305
004180 0.6149 0.3568 0.0000 0.0283
004200 0.6251 0.3450 0.0000 0.0299
004220 0.6283 0.3392 0.0000 0.0325
004240 0.6201 0.3435 0.0000 0.0364
004260 0.6132 0.3519 0.0000 0.0349
004280 0.6067 0.3577 0.0000 0.0355
004300 0.6008 0.3632 0.0000 0.0360
004320 0.5953 0.3689 0.0000 0.0359
004340 0.5942 0.3717 0.0000 0.0341
004360 0.5982 0.3692 0.0000 0.0326
004380 0.6027 0.3648 0.0000 0.0324
004400 0.6110 0.3572 0.0000 0.0318
004420 0.6207 0.3476 0.0000 0.0317
004440 0.6241 0.3445 0.0000 0.0314
004460 0.6254 0.3420 0.0000 0.0325
004480 0.6220 0.3441 0.0000 0.0339
004500 0.6181 0.3468 0.0000 0.0352
004520 0.6117 0.3525 0.0000 0.0358
004540 0.6091 0.3562 0.0000 0.0346
004560 0.6084 0.3576 0.0000 0.0340
004580 0.6073 0.3583 0.0000 0.0345
004600 0.6078 0.3587 0.0000 0.0334
004620 0.6123 0.3567 0.0000 0.0310
004640 0.6168 0.3528 0.0000 0.0304
004660 0.6257 0.3451 0.0000 0.0292
004680 0.6315 0.3368 0.0000 0.0317
004700 0.6320 0.3363 0.0000 0.0317
004720 0.6292 0.3370 0.0000 0.0338
004740 0.6237 0.3405 0.0000 0.0359
004760 0.6140 0.3482 0.0000 0.0378
004780 0.6026 0.3601 0.0000 0.0373
004800 0.5919 0.3703 0.0000 0.0377
004820 0.5810 0.3814 0.0000 0.0376
004840 0.5776 0.3853 0.0000 0.0371
004860 0.5780 0.3863 0.0000 0.0357
004880 0.5825 0.3836 0.0000 0.0339
004900 0.5940 0.3746 0.0000 0.0314
004920 0.6065 0.3644 0.0000 0.0291
004940 0.6176 0.3521 0.0000 0.0302
004960 0.6237 0.3452 0.0000 0.0311
004980 0.6256 0.3429 0.0000 0.0315
005000 0.6248 0.3418 0.0000 0.0334
005020 0.6206 0.3433 0.0000 0.0361
005040 0.6135 0.3496 0.0000 0.0369
005060 0.6077 0.3556 0.0000 0.0367
005080 0.6043 0.3604 0.0000 0.0353
005100 0.6036 0.3633 0.0000 0.0331
005120 0.6059 0.3601 0.0000 0.0340
005140 0.6052 0.3583 0.0000 0.0365
005160 0.6071 0.3606 0.0000 0.0323
005180 0.6154 0.3533 0.0000 0.0313
005200 0.6205 0.3485 0.0000 0.0310
005220 0.6244 0.3442 0.0000 0.0314
005240 0.6303 0.3379 0.0000 0.0318
005260 0.6300 0.3359 0.0000 0.0342
005280 0.6252 0.3387 0.0000 0.0361
005300 0.6152 0.3480 0.0000 0.0368
005320 0.6033 0.3593 0.0000 0.0374
005340 0.5949 0.3693 0.0000 0.0358
005360 0.5906 0.3749 0.0000 0.0345
005380 0.5912 0.3750 0.0000 0.0338
005400 0.5911 0.3755 0.0000 0.0334
005420 0.5978 0.3701 0.0000 0.0321
005440 0.6081 0.3607 0.0000 0.0312
005460 0.6117 0.3558 0.0000 0.0325
005480 0.6156 0.3535 0.0000 0.0310
005500 0.6210 0.3470 0.0000 0.0319
005520 0.6237 0.3455 0.0000 0.0308
005540 0.6222 0.3442 0.0000 0.0335
005560 0.6211 0.3465 0.0000 0.0324
005580 0.6183 0.3484 0.0000 0.0333
005600 0.6141 0.3513 0.0000 0.0346
005620 0.6160 0.3506 0.0000 0.0334
005640 0.6149 0.3504 0.0000 0.0347
005660 0.6135 0.3512 0.0000 0.0352
005680 0.6097 0.3553 0.0000 0.0349
005700 0.6050 0.3592 0.0000 0.0358
005720 0.6006 0.3631 0.0000 0.0362
005740 0.5977 0.3681 0.0000 0.0342
005760 0.5982 0.3692 0.0000 0.0325
005780 0.6024 0.3664 0.0000 0.0313
005800 0.6082 0.3589 0.0000 0.0328
005820 0.6135 0.3544 0.0000 0.0321
005840 0.6144 0.3528 0.0000 0.0328
005860 0.6143 0.3521 0.0000 0.0336
005880 0.6151 0.3512 0.0000 0.0337
005900 0.6152 0.3500 0.0000 0.0347
005920 0.6153 0.3518 0.0000 0.0329
005940 0.6205 0.3495 0.0000 0.0300
005960 0.6244 0.3452 0.0000 0.0303
005980 0.6249 0.3442 0.0000 0.0309
006000 0.6251 0.3415 0.0000 0.0334
006020 0.6172 0.3477 0.0000 0.0351
006040 0.6119 0.3547 0.0000 0.0334
006060 0.6123 0.3564 0.0000 0.0312
006080 0.6202 0.3489 0.0000 0.0309
006100 0.6237 0.3455 0.0000 0.0308
006120 0.6280 0.3421 0.0000 0.0299
006140 0.6335 0.3355 0.0000 0.0310
006160 0.6363 0.3330 0.0000 0.0307
006180 0.6362 0.3317 0.0000 0.0322
006200 0.6334 0.3327 0.0000 0.0339
006220 0.6263 0.3399 0.0000 0.0338
006240 0.6198 0.3463 0.0000 0.0338
006260 0.6171 0.3488 0.0000 0.0341
006280 0.6145 0.3495 0.0000 0.0360
006300 0.6080 0.3564 0.0000 0.0356
006320 0.5976 0.3642 0.0000 0.0381
006340 0.5915 0.3709 0.0000 0.0376
006360 0.5882 0.3759 0.0000 0.0359
006380 0.5897 0.3763 0.0000 0.0340
006400 0.5905 0.3760 0.0000 0.0335
006420 0.5924 0.3754 0.0000 0.0322
006440 0.6031 0.3661 0.0000 0.0308
006460 0.6139 0.3563 0.0000 0.0298
006480 0.6289 0.3435 0.0000 0.0276
006500 0.6381 0.3320 0.0000 0.0299
006520 0.6378 0.3296 0.0000 0.0326
006540 0.6361 0.3309 0.0000 0.0330
006560 0.6288 0.3367 0.0000 0.0345
006580 0.6222 0.3419 0.0000 0.0359
006600 0.6100 0.3536 0.0000 0.0364
006620 0.5998 0.3630 0.0000 0.0372
006640 0.5933 0.3689 0.0000 0.0377
006660 0.5883 0.3740 0.0000 0.0377
006680 0.5900 0.3752 0.0000 0.0349
006700 0.5926 0.3722 0.0000 0.0352
006720 0.5957 0.3710 0.0000 0.0333
006740 0.5985 0.3681 0.0000 0.0334
006760 0.6008 0.3659 0.0000 0.0333
006780 0.6071 0.3643 0.0000 0.0286
006800 0.6213 0.3509 0.0000 0.0278
006820 0.6287 0.3410 0.0000 0.0302
006840 0.6313 0.3373 0.0000 0.0314
006860 0.6318 0.3363 0.0000 0.0320
006880 0.6330 0.3341 0.0000 0.0328
006900 0.6292 0.3374 0.0000 0.0333
006920 0.6242 0.3403 0.0000 0.0355
006940 0.6159 0.3492 0.0000 0.0350
006960 0.6132 0.3538 0.0000 0.0330
006980 0.6129 0.3520 0.0000 0.0351
007000 0.6108 0.3549 0.0000 0.0343
007020 0.6114 0.3554 0.0000 0.0332
007040 0.6152 0.3520 0.0000 0.0328
007060 0.6168 0.3499 0.0000 0.0333
007080 0.6157 0.3516 0.0000 0.0327
007100 0.6168 0.3508 0.0000 0.0324
007120 0.6152 0.3505 0.0000 0.0343
007140 0.6155 0.3514 0.0000 0.0330
007160 0.6126 0.3523 0.0000 0.0351
007180 0.6059 0.3565 0.0000 0.0376
007200 0.6008 0.3638 0.0000 0.0354
007220 0.5974 0.3674 0.0000 0.0352
007240 0.5971 0.3696 0.0000 0.0333
007260 0.5962 0.3700 0.0000 0.0338
007280 0.5973 0.3695 0.0000 0.0332
007300 0.6005 0.3676 0.0000 0.0320
007320 0.6049 0.3628 0.0000 0.0322
007340 0.6165 0.3530 0.0000 0.0305
007360 0.6206 0.3479 0.0000 0.0315
007380 0.6226 0.3459 0.0000 0.0315
007400 0.6227 0.3454 0.0000 0.0319
007420 0.6214 0.3448 0.0000 0.0339
007440 0.6144 0.3502 0.0000 0.0355
007460 0.6091 0.3554 0.0000 0.0355
007480 0.6061 0.3583 0.0000 0.0356
007500 0.5992 0.3648 0.0000 0.0360
007520 0.5943 0.3699 0.0000 0.0358
007540 0.5962 0.3707 0.0000 0.0331
007560 0.6041 0.3645 0.0000 0.0314
007580 0.6110 0.3579 0.0000 0.0311
007600 0.6121 0.3542 0.0000 0.0337
007620 0.6100 0.3543 0.0000 0.0356
007640 0.6110 0.3550 0.0000 0.0340
007660 0.6108 0.3564 0.0000 0.0328
007680 0.6103 0.3546 0.0000 0.0352
007700 0.6014 0.3613 0.0000 0.0373
007720 0.5957 0.3690 0.0000 0.0353
007740 0.5928 0.3717 0.0000 0.0355
007760 0.5913 0.3725 0.0000 0.0361
007780 0.5883 0.3737 0.0000 0.0381
007800 0.5890 0.3774 0.0000 0.0335
007820 0.5970 0.3746 0.0000 0.0285
007840 0.6145 0.3585 0.0000 0.0270
007860 0.6329 0.3412 0.0000 0.0259
007880 0.6543 0.3206 0.0000 0.0252
007900 0.6669 0.3056 0.0000 0.0275
007920 0.6687 0.2994 0.0000 0.0320
007940 0.6553 0.3084 0.0000 0.0364
007960 0.6339 0.3260 0.0000 0.0402
007980 0.6095 0.3488 0.0000 0.0417
008000 0.5935 0.3668 0.0000 0.0397
008020 0.5799 0.3808 0.0000 0.0393
008040 0.5706 0.3926 0.0000 0.0367
008060 0.5739 0.3915 0.0000 0.0346
008080 0.5823 0.3851 0.0000 0.0326
008100 0.5977 0.3730 0.0000 0.0294
008120 0.6099 0.3605 0.0000 0.0295
008140 0.6132 0.3550 0.0000 0.0317
008160 0.6150 0.3517 0.0000 0.0334
008180 0.6125 0.3528 0.0000 0.0347
008200 0.6078 0.3564 0.0000 0.0358
008220 0.5986 0.3647 0.0000 0.0367
008240 0.5926 0.3711 0.0000 0.0363
008260 0.5935 0.3727 0.0000 0.0338
008280 0.5976 0.3683 0.0000 0.0342
008300 0.6004 0.3666 0.0000 0.0330
008320 0.6045 0.3610 0.0000 0.0345
008340 0.6085 0.3585 0.0000 0.0330
008360 0.6134 0.3546 0.0000 0.0320
008380 0.6209 0.3485 0.0000 0.0306
008400 0.6260 0.3437 0.0000 0.0303
008420 0.6317 0.3372 0.0000 0.0310
008440 0.6329 0.3361 0.0000 0.0310
008460 0.6323 0.3352 0.0000 0.0325
008480 0.6311 0.3355 0.0000 0.0334
008500 0.6215 0.3425 0.0000 0.0360
008520 0.6127 0.3518 0.0000 0.0355
008540 0.6089 0.3547 0.0000 0.0365
008560 0.6009 0.3621 0.0000 0.0370
008580 0.5945 0.3693 0.0000 0.0362
008600 0.5843 0.3779 0.0000 0.0377
008620 0.5793 0.3855 0.0000 0.0352
008640 0.5837 0.3835 0.0000 0.0328
008660 0.5909 0.3776 0.0000 0.0315
008680 0.6003 0.3690 0.0000 0.0307
008700 0.6128 0.3575 0.0000 0.0297
008720 0.6219 0.3472 0.0000 0.0309
008740 0.6278 0.3399 0.0000 0.0322
008760 0.6308 0.3360 0.0000 0.0331
008780 0.6305 0.3359 0.0000 0.0337
008800 0.6235 0.3425 0.0000 0.0340
008820 0.6140 0.3500 0.0000 0.0360
008840 0.6050 0.3591 0.0000 0.0358
008860 0.6043 0.3636 0.0000 0.0321
008880 0.6102 0.3587 0.0000 0.0312
008900 0.6144 0.3542 0.0000 0.0314
008920 0.6182 0.3502 0.0000 0.0316
008940 0.6264 0.3432 0.0000 0.0305
008960 0.6366 0.3334 0.0000 0.0300
008980 0.6435 0.3263 0.0000 0.0302
009000 0.6412 0.3255 0.0000 0.0333
009020 0.6325 0.3326 0.0000 0.0348
009040 0.6266 0.3381 0.0000 0.0352
009060 0.6164 0.3468 0.0000 0.0368
009080 0.6041 0.3579 0.0000 0.0380
009100 0.5963 0.3676 0.0000 0.0361
009120 0.5922 0.3733 0.0000 0.0346
009140 0.5919 0.3736 0.0000 0.0345
009160 0.5954 0.3711 0.0000 0.0335
009180 0.6002 0.3685 0.0000 0.0313
009200 0.6067 0.3624 0.0000 0.0309
009220 0.6152 0.3553 0.0000 0.0294
009240 0.6247 0.3449 0.0000 0.0304
009260 0.6308 0.3388 0.0000 0.0304
009280 0.6363 0.3333 0.0000 0.0304
009300 0.6385 0.3302 0.0000 0.0314
009320 0.6350 0.3338 0.0000 0.0312
009340 0.6315 0.3336 0.0000 0.0349
009360 0.6221 0.3408 0.0000 0.0371
009380 0.6121 0.3498 0.0000 0.0381
009400 0.6013 0.3613 0.0000 0.0374
009420 0.5982 0.3681 0.0000 0.0338
009440 0.6008 0.3666 0.0000 0.0326
009460 0.6006 0.3651 0.0000 0.0342
009480 0.6043 0.3613 0.0000 0.0344
009500 0.6025 0.3624 0.0000 0.0351
009520 0.6000 0.3651 0.0000 0.0349
009540 0.6018 0.3662 0.0000 0.0320
009560 0.6081 0.3595 0.0000 0.0324
009580 0.6088 0.3580 0.0000 0.0331
009600 0.6117 0.3562 0.0000 0.0322
009620 0.6147 0.3523 0.0000 0.0330
009640 0.6177 0.3489 0.0000 0.0334
009660 0.6160 0.3521 0.0000 0.0319
009680 0.6188 0.3505 0.0000 0.0307
009700 0.6246 0.3443 0.0000 0.0311
009720 0.6269 0.3401 0.0000 0.0330
009740 0.6198 0.3440 0.0000 0.0362
009760 0.6181 0.3466 0.0000 0.0353
009780 0.6111 0.3528 0.0000 0.0361
009800 0.6079 0.3589 0.0000 0.0332
009820 0.6077 0.3585 0.0000 0.0338
009840 0.6083 0.3583 0.0000 0.0334
009860 0.6055 0.3610 0.0000 0.0335
009880 0.6077 0.3594 0.0000 0.0329
009900 0.6124 0.3559 0.0000 0.0317
009920 0.6150 0.3523 0.0000 0.0327
009940 0.6157 0.3513 0.0000 0.0330
009960 0.6117 0.3540 0.0000 0.0344
009980 0.6081 0.3566 0.0000 0.0353
010000 0.6075 0.3587 0.0000 0.0338
010020 0.6078 0.3581 0.0000 0.0342
010040 0.6078 0.3581 0.0000 0.0342
010060 0.6078 0.3581 0.0000 0.0342
010080 0.6078 0.3581 0.0000 0.0342
010100 0.6078 0.3581 0.0000 0.0342
010120 0.6078 0.3581 0.0000 0.0342
010140 0.6078 0.3581 0.0000 0.0342
010160 0.6078 0.3581 0.0000 0.0342
010180 0.6078 0.3581 0.0000 0.0342
010200 0.6078 0.3581 0.0000 0.0342
010220 0.6078 0.3581 0.0000 0.0342
010240 0.6078 0.3581 0.0000 0.0342
010260 0.6078 0.3581 0.0000 0.0342
010280 0.6078 0.3581 0.0000 0.0342
010300 0.6078 0.3581 0.0000 0.0342
010320 0.6078 0.3581 0.0000 0.0342
010340 0.6078 0.3581 0.0000 0.0342
010360 0.6078 0.3581 0.0000 0.0342
010380 0.6078 0.3581 0.0000 0.0342
010400 0.6078 0.3581 0.0000 0.0342
010420 0.6078 0.3581 0.0000 0.0342
010440 0.6078 0.3581 0.0000 0.0342
010460 0.6078 0.3581 0.0000 0.0342
010480 0.6078 0.3581 0.0000 0.0342
010500 0.6078 0.3581 0.0000 0.0342
010520 0.6078 0.3581 0.0000 0.0342
010540 0.6078 0.3581 0.0000 0.0342
010560 0.6078 0.3581 0.0000 0.0342
010580 0.6078 0.3581 0.0000 0.0342
010600 0.6078 0.3581 0.0000 0.0342
010620 0.6078 0.3581 0.0000 0.0342
010640 0.6078 0.3581 0.0000 0.0342
010660 0.6078 0.3581 0.0000 0.0342
010680 0.6078 0.3581 0.0000 0.0342
010700 0.6078 0.3581 0.0000 0.0342
010720 0.6078 0.3581 0.0000 0.0342
010740 0.6078 0.3581 0.0000 0.0342
010760 0.6078 0.3581 0.0000 0.0342
010780 0.6078 0.3581 0.0000 0.0342
010800 0.6078 0.3581 0.0000 0.0342
010820 0.6078 0.3581 0.0000 0.0342
010840 0.6078 0.3581 0.0000 0.0342
010860 0.6078 0.3581 0.0000 0.0342
010880 0.6078 0.3581 0.0000 0.0342
010900 0.6078 0.3581 0.0000 0.0342
010920 0.6078 0.3581 0.0000 0.0342
010940 0.6078 0.3581 0.0000 0.0342
010960 0.6078 0.3581 0.0000 0.0342
010980 0.6078 0.3581 0.0000 0.0342
011000 0.6078 0.3581 0.0000 0.0342
011020 0.6078 0.3581 0.0000 0.0342
011040 0.6078 0.3581 0.0000 0.0342
011060 0.6078 0.3581 0.0000 0.0342
011080 0.6078 0.3581 0.0000 0.0342
011100 0.6078 0.3581 0.0000 0.0342
011120 0.6078 0.3581 0.0000 0.0342
011140 0.6078 0.3581 0.0000 0.0342
011160 0.6078 0.3581 0.0000 0.0342
011180 0.6078 0.3581 0.0000 0.0342
011200 0.6078 0.3581 0.0000 0.0342
011220 0.6078 0.3581 0.0000 0.0342
011240 0.6078 0.3581 0.0000 0.0342
011260 0.6078 0.3581 0.0000 0.0342
011280 0.6078 0.3581 0.0000 0.0342
011300 0.6078 0.3581 0.0000 0.0342
011320 0.6078 0.3581 0.0000 0.0342
011340 0.6078 0.3581 0.0000 0.0342
011360 0.6078 0.3581 0.0000 0.0342
011380 0.6078 0.3581 0.0000 0.0342
011400 0.6078 0.3581 0.0000 0.0342
011420 0.6078 0.3581 0.0000 0.0342
011440 0.6078 0.3581 0.0000 0.0342
011460 0.6078 0.3581 0.0000 0.0342
011480 0.6078 0.3581 0.0000 0.0342
011500 0.6078 0.3581 0.0000 0.0342
011520 0.6078 0.3581 0.0000 0.0342
011540 0.6078 0.3581 0.0000 0.0342
011560 0.6078 0.3581 0.0000 0.0342
011580 0.6078 0.3581 0.0000 0.0342
011600 0.6078 0.3581 0.0000 0.0342
011620 0.6078 0.3581 0.0000 0.0342
011640 0.6078 0.3581 0.0000 0.0342
011660 0.6078 0.3581 0.0000 0.0342
011680 0.6078 0.3581 0.0000 0.0342
011700 0.6078 0.3581 0.0000 0.0342
011720 0.6078 0.3581 0.0000 0.0342
011740 0.6078 0.3581 0.0000 0.0342
011760 0.6078 0.3581 0.0000 0.0342
011780 0.6078 0.3581 0.0000 0.0342
011800 0.6078 0.3581 0.0000 0.0342
011820 0.6078 0.3581 0.0000 0.0342
011840 0.6078 0.3581 0.0000 0.0342
011860 0.6078 0.3581 0.0000 0.0342
011880 0.6078 0.3581 0.0000 0.0342
011900 0.6078 0.3581 0.0000 0.0342
011920 0.6078 0.3581 0.0000 0.0342
011940 0.6078 0.3581 0.0000 0.0342
011960 0.6078 0.3581 0.0000 0.0342
011980 0.6078 0.3581 0.0000 0.0342
012000 0.6078 0.3581 0.0000 0.0342
012020 0.6078 0.3581 0.0000 0.0342
012040 0.6078 0.3581 0.0000 0.0342
012060 0.6078 0.3581 0.0000 0.0342
012080 0.6078 0.3581 0.0000 0.0342
012100 0.6078 0.3581 0.0000 0.0342
012120 0.6078 0.3581 0.0000 0.0342
012140 0.6078 0.3581 0.0000 0.0342
012160 0.6078 0.3581 0.0000 0.0342
012180 0.6078 0.3581 0.0000 0.0342
012200 0.6078 0.3581 0.0000 0.0342
012220 0.6078 0.3581 0.0000 0.0342
012240 0.6078 0.3581 0.0000 0.0342
012260 0.6078 0.3581 0.0000 0.0342
012280 0.6078 0.3581 0.0000 0.0342
012300 0.6078 0.3581 0.0000 0.0342
012320 0.6078 0.3581 0.0000 0.0342
012340 0.6078 0.3581 0.0000 0.0342
012360 0.6078 0.3581 0.0000 0.0342
012380 0.6078 0.3581 0.0000 0.0342
012400 0.6078 0.3581 0.0000 0.0342
012420 0.6078 0.3581 0.0000 0.0342
012440 0.6078 0.3581 0.0000 0.0342
012460 0.6078 0.3581 0.0000 0.0342
012480 0.6078 0.3581 0.0000 0.0342
012500 0.6078 0.3581 0.0000 0.0342
012520 0.6078 0.3581 0.0000 0.0342
012540 0.6078 0.3581 0.0000 0.0342
012560 0.6078 0.3581 0.0000 0.0342
012580 0.6078 0.3581 0.0000 0.0342
012600 0.6078 0.3581 0.0000 0.0342
012620 0.6078 0.3581 0.0000 0.0342
012640 0.6078 0.3581 0.0000 0.0342
012660 0.6078 0.3581 0.0000 0.0342
012680 0.6078 0.3581 0.0000 0.0342
012700 0.6078 0.3581 0.0000 0.0342
012720 0.6078 0.3581 0.0000 0.0342
012740 0.6078 0.3581 0.0000 0.0342
012760 0.6078 0.3581 0.0000 0.0342
012780 0.6078 0.3581 0.0000 0.0342
012800 0.6078 0.3581 0.0000 0.0342
012820 0.6078 0.3581 0.0000 0.0342
012840 0.6078 0.3581 0.0000 0.0342
012860 0.6078 0.3581 0.0000 0.0342
012880 0.6078 0.3581 0.0000 0.0342
012900 0.6078 0.3581 0.0000 0.0342
012920 0.6078 0.3581 0.0000 0.0342
012940 0.6078 0.3581 0.0000 0.0342
012960 0.6078 0.3581 0.0000 0.0342
012980 0.6078 0.3581 0.0000 0.0342
013000 0.6078 0.3581 0.0000 0.0342
013020 0.6078 0.3581 0.0000 0.0342
013040 0.6078 0.3581 0.0000 0.0342
013060 0.6078 0.3581 0.0000 0.0342
013080 0.6078 0.3581 0.0000 0.0342
013100 0.6078 0.3581 0.0000 0.0342
013120 0.6078 0.3581 0.0000 0.0342
013140 0.6078 0.3581 0.0000 0.0342
013160 0.6078 0.3581 0.0000 0.0342
013180 0.6078 0.3581 0.0000 0.0342
013200 0.6078 0.3581 0.0000 0.0342
013220 0.6078 0.3581 0.0000 0.0342
013240 0.6078 0.3581 0.0000 0.0342
013260 0.6078 0.3581 0.0000 0.0342
013280 0.6078 0.3581 0.0000 0.0342
013300 0.6078 0.3581 0.0000 0.0342
013320 0.6078 0.3581 0.0000 0.0342
013340 0.6078 0.3581 0.0000 0.0342
013360 0.6078 0.3581 0.0000 0.0342
013380 0.6078 0.3581 0.0000 0.0342
013400 0.6078 0.3581 0.0000 0.0342
013420 0.6078 0.3581 0.0000 0.0342
013440 0.6078 0.3581 0.0000 0.0342
013460 0.6078 0.3581 0.0000 0.0342
013480 0.6078 0.3581 0.0000 0.0342
013500 0.6078 0.3581 0.0000 0.0342
013520 0.6078 0.3581 0.0000 0.0342
013540 0.6078 0.3581 0.0000 0.0342
013560 0.6078 0.3581 0.0000 0.0342
013580 0.6078 0.3581 0.0000 0.0342
013600 0.6078 0.3581 0.0000 0.0342
013620 0.6078 0.3581 0.0000 0.0342
013640 0.6078 0.3581 0.0000 0.0342
013660 0.6078 0.3581 0.0000 0.0342
013680 0.6078 0.3581 0.0000 0.0342
013700 0.6078 0.3581 0.0000 0.0342
013720 0.6078 0.3581 0.0000 0.0342
013740 0.6078 0.3581 0.0000 0.0342
013760 0.6078 0.3581 0.0000 0.0342
013780 0.6078 0.3581 0.0000 0.0342
013800 0.6078 0.3581 0.0000 0.0342
013820 0.6078 0.3581 0.0000 0.0342
013840 0.6078 0.3581 0.0000 0.0342
013860 0.6078 0.3581 0.0000 0.0342
013880 0.6078 0.3581 0.0000 0.0342
013900 0.6078 0.3581 0.0000 0.0342
013920 0.6078 0.3581 0.0000 0.0342
013940 0.6078 0.3581 0.0000 0.0342
013960 0.6078 0.3581 0.0000 0.0342
013980 0.6078 0.3581 0.0000 0.0342
014000 0.6078 0.3581 0.0000 0.0342
014020 0.6078 0.3581 0.0000 0.0342
014040 0.6078 0.3581 0.0000 0.0342
014060 0.6078 0.3581 0.0000 0.0342
014080 0.6078 0.3581 0.0000 0.0342
014100 0.6078 0.3581 0.0000 0.0342
014120 0.6078 0.3581 0.0000 0.0342
014140 0.6078 0.3581 0.0000 0.0342
014160 0.6078 0.3581 0.0000 0.0342
014180 0.6078 0.3581 0.0000 0.0342
014200 0.6078 0.3581 0.0000 0.0342
014220 0.6078 0.3581 0.0000 0.0342
014240 0.6078 0.3581 0.0000 0.0342
014260 0.6078 0.3581 0.0000 0.0342
014280 0.6078 0.3581 0.0000 0.0342
014300 0.6078 0.3581 0.0000 0.0342
014320 0.6078 0.3581 0.0000 0.0342
014340 0.6078 0.3581 0.0000 0.0342
014360 0.6078 0.3581 0.0000 0.0342
014380 0.6078 0.3581 0.0000 0.0342
014400 0.6078 0.3581 0.0000 0.0342
014420 0.6078 0.3581 0.0000 0.0342
014440 0.6078 0.3581 0.0000 0.0342
014460 0.6078 0.3581 0.0000 0.0342
014480 0.6078 0.3581 0.0000 0.0342
014500 0.6078 0.3581 0.0000 0.0342
014520 0.6078 0.3581 0.0000 0.0342
014540 0.6078 0.3581 0.0000 0.0342
014560 0.6078 0.3581 0.0000 0.0342
014580 0.6078 0.3581 0.0000 0.0342
014600 0.6078 0.3581 0.0000 0.0342
014620 0.6078 0.3581 0.0000 0.0342
014640 0.6078 0.3581 0.0000 0.0342
014660 0.6078 0.3581 0.0000 0.0342
014680 0.6078 0.3581 0.0000 0.0342
014700 0.6078 0.3581 0.0000 0.0342
014720 0.6078 0.3581 0.0000 0.0342
014740 0.6078 0.3581 0.0000 0.0342
014760 0.6078 0.3581 0.0000 0.0342
014780 0.6078 0.3581 0.0000 0.0342
014800 0.6078 0.3581 0.0000 0.0342
014820 0.6078 0.3581 0.0000 0.0342
014840 0.6078 0.3581 0.0000 0.0342
014860 0.6078 0.3581 0.0000 0.0342
014880 0.6078 0.3581 0.0000 0.0342
014900 0.6078 0.3581 0.0000 0.0342
014920 0.6078 0.3581 0.0000 0.0342
014940 0.6078 0.3581 0.0000 0.0342
014960 0.6078 0.3581 0.0000 0.0342
014980 0.6078 0.3581 0.0000 0.0342
015000 0.6078 0.3581 0.0000 0.0342
015020 0.6078 0.3581 0.0000 0.0342
015040 0.6078 0.3581 0.0000 0.0342
015060 0.6078 0.3581 0.0000 0.0342
015080 0.6078 0.3581 0.0000 0.0342
015100 0.6078 0.3581 0.0000 0.0342
015120 0.6078 0.3581 0.0000 0.0342
015140 0.6078 0.3581 0.0000 0.0342
015160 0.6078 0.3581 0.0000 0.0342
015180 0.6078 0.3581 0.0000 0.0342
015200 0.6078 0.3581 0.0000 0.0342
015220 0.6078 0.3581 0.0000 0.0342
015240 0.6078 0.3581 0.0000 0.0342
015260 0.6078 0.3581 0.0000 0.0342
015280 0.6078 0.3581 0.0000 0.0342
015300 0.6078 0.3581 0.0000 0.0342
015320 0.6078 0.3581 0.0000 0.0342
015340 0.6078 0.3581 0.0000 0.0342
015360 0.6078 0.3581 0.0000 0.0342
015380 0.6078 0.3581 0.0000 0.0342
015400 0.6078 0.3581 0.0000 0.0342
015420 0.6078 0.3581 0.0000 0.0342
015440 0.6078 0.3581 0.0000 0.0342
015460 0.6078 0.3581 0.0000 0.0342
015480 0.6078 0.3581 0.0000 0.0342
015500 0.6078 0.3581 0.0000 0.0342
015520 0.6078 0.3581 0.0000 0.0342
015540 0.6078 0.3581 0.0000 0.0342
015560 0.6078 0.3581 0.0000 0.0342
015580 0.6078 0.3581 0.0000 0.0342
015600 0.6078 0.3581 0.0000 0.0342
015620 0.6078 0.3581 0.0000 0.0342
015640 0.6078 0.3581 0.0000 0.0342
015660 0.6078 0.3581 0.0000 0.0342
015680 0.6078 0.3581 0.0000 0.0342
015700 0.6078 0.3581 0.0000 0.0342
015720 0.6078 0.3581 0.0000 0.0342
015740 0.6078 0.3581 0.0000 0.0342
015760 0.6078 0.3581 0.0000 0.0342
015780 0.6078 0.3581 0.0000 0.0342
015800 0.6078 0.3581 0.0000 0.0342
015820 0.6078 0.3581 0.0000 0.0342
015840 0.6078 0.3581 0.0000 0.0342
015860 0.6078 0.3581 0.0000 0.0342
015880 0.6078 0.3581 0.0000 0.0342
015900 0.6078 0.3581 0.0000 0.0342
015920 0.6078 0.3581 0.0000 0.0342
015940 0.6078 0.3581 0.0000 0.0342
015960 0.6078 0.3581 0.0000 0.0342
015980 0.6078 0.3581 0.0000 0.0342
016000 0.6078 0.3581 0.0000 0.0342
016020 0.6078 0.3581 0.0000 0.0342
016040 0.6078 0.3581 0.0000 0.0342
016060 0.6078 0.3581 0.0000 0.0342
016080 0.6078 0.3581 0.0000 0.0342
016100 0.6078 0.3581 0.0000 0.0342
016120 0.6078 0.3581 0.0000 0.0342
016140 0.6078 0.3581 0.0000 0.0342
016160 0.6078 0.3581 0.0000 0.0342
016180 0.6078 0.3581 0.0000 0.0342
016200 0.6078 0.3581 0.0000 0.0342
016220 0.6078 0.3581 0.0000 0.0342
016240 0.6078 0.3581 0.0000 0.0342
016260 0.6078 0.3581 0.0000 0.0342
016280 0.6078 0.3581 0.0000 0.0342
016300 0.6078 0.3581 0.0000 0.0342
016320 0.6078 0.3581 0.0000 0.0342
016340 0.6078 0.3581 0.0000 0.0342
016360 0.6078 0.3581 0.0000 0.0342
016380 0.6078 0.3581 0.0000 0.0342
016400 0.6078 0.3581 0.0000 0.0342
016420 0.6078 0.3581 0.0000 0.0342
016440 0.6078 0.3581 0.0000 0.0342
016460 0.6078 0.3581 0.0000 0.0342
016480 0.6078 0.3581 0.0000 0.0342
016500 0.6078 0.3581 0.0000 0.0342
016520 0.6078 0.3581 0.0000 0.0342
016540 0.6078 0.3581 0.0000 0.0342
016560 0.6078 0.3581 0.0000 0.0342
016580 0.6078 0.3581 0.0000 0.0342
016600 0.6078 0.3581 0.0000 0.0342
016620 0.6078 0.3581 0.0000 0.0342
016640 0.6078 0.3581 0.0000 0.0342
016660 0.6078 0.3581 0.0000 0.0342
016680 0.6078 0.3581 0.0000 0.0342
016700 0.6078 0.3581 0.0000 0.0342
016720 0.6078 0.3581 0.0000 0.0342
016740 0.6078 0.3581 0.0000 0.0342
016760 0.6078 0.3581 0.0000 0.0342
016780 0.6078 0.3581 0.0000 0.0342
016800 0.6078 0.3581 0.0000 0.0342
016820 0.6078 0.3581 0.0000 0.0342
016840 0.6078 0.3581 0.0000 0.0342
016860 0.6078 0.3581 0.0000 0.0342
016880 0.6078 0.3581 0.0000 0.0342
016900 0.6078 0.3581 0.0000 0.0342
016920 0.6078 0.3581 0.0000 0.0342
016940 0.6078 0.3581 0.0000 0.0342
016960 0.6078 0.3581 0.0000 0.0342
016980 0.6078 0.3581 0.0000 0.0342
017000 0.6078 0.3581 0.0000 0.0342
017020 0.6078 0.3581 0.0000 0.0342
017040 0.6078 0.3581 0.0000 0.0342
017060 0.6078 0.3581 0.0000 0.0342
017080 0.6078 0.3581 0.0000 0.0342
017100 0.6078 0.3581 0.0000 0.0342
017120 0.6078 0.3581 0.0000 0.0342
017140 0.6078 0.3581 0.0000 0.0342
017160 0.6078 0.3581 0.0000 0.0342
017180 0.6078 0.3581 0.0000 0.0342
017200 0.6078 0.3581 0.0000 0.0342
017220 0.6078 0.3581 0.0000 0.0342
017240 0.6078 0.3581 0.0000 0.0342
017260 0.6078 0.3581 0.0000 0.0342
017280 0.6078 0.3581 0.0000 0.0342
017300 0.6078 0.3581 0.0000 0.0342
017320 0.6078 0.3581 0.0000 0.0342
017340 0.6078 0.3581 0.0000 0.0342
017360 0.6078 0.3581 0.0000 0.0342
017380 0.6078 0.3581 0.0000 0.0342
017400 0.6078 0.3581 0.0000 0.0342
017420 0.6078 0.3581 0.0000 0.0342
017440 0.6078 0.3581 0.0000 0.0342
017460 0.6078 0.3581 0.0000 0.0342
017480 0.6078 0.3581 0.0000 0.0342
017500 0.6078 0.3581 0.0000 0.0342
017520 0.6078 0.3581 0.0000 0.0342
017540 0.6078 0.3581 0.0000 0.0342
017560 0.6078 0.3581 0.0000 0.0342
017580 0.6078 0.3581 0.0000 0.0342
017600 0.6078 0.3581 0.0000 0.0342
017620 0.6078 0.3581 0.0000 0.0342
017640 0.6078 0.3581 0.0000 0.0342
017660 0.6078 0.3581 0.0000 0.0342
017680 0.6078 0.3581 0.0000 0.0342
017700 0.6078 0.3581 0.0000 0.0342
017720 0.6078 0.3581 0.0000 0.0342
017740 0.6078 0.3581 0.0000 0.0342
017760 0.6078 0.3581 0.0000 0.0342
017780 0.6078 0.3581 0.0000 0.0342
017800 0.6078 0.3581 0.0000 0.0342
017820 0.6078 0.3581 0.0000 0.0342
017840 0.6078 0.3581 0.0000 0.0342
017860 0.6078 0.3581 0.0000 0.0342
017880 0.6078 0.3581 0.0000 0.0342
017900 0.6078 0.3581 0.0000 0.0342
017920 0.6078 0.3581 0.0000 0.0342
017940 0.6078 0.3581 0.0000 0.0342
017960 0.6078 0.3581 0.0000 0.0342
017980 0.6078 0.3581 0.0000 0.0342
018000 0.6078 0.3581 0.0000 0.0342
018020 0.6078 0.3581 0.0000 0.0342
018040 0.6078 0.3581 0.0000 0.0342
018060 0.6078 0.3581 0.0000 0.0342
018080 0.6078 0.3581 0.0000 0.0342
018100 0.6078 0.3581 0.0000 0.0342
018120 0.6078 0.3581 0.0000 0.0342
018140 0.6078 0.3581 0.0000 0.0342
018160 0.6078 0.3581 0.0000 0.0342
018180 0.6078 0.3581 0.0000 0.0342
018200 0.6078 0.3581 0.0000 0.0342
018220 0.6078 0.3581 0.0000 0.0342
018240 0.6078 0.3581 0.0000 0.0342
018260 0.6078 0.3581 0.0000 0.0342
018280 0.6078 0.3581 0.0000 0.0342
018300 0.6078 0.3581 0.0000 0.0342
018320 0.6078 0.3581 0.0000 0.0342
018340 0.6078 0.3581 0.0000 0.0342
018360 0.6078 0.3581 0.0000 0.0342
018380 0.6078 0.3581 0.0000 0.0342
018400 0.6078 0.3581 0.0000 0.0342
018420 0.6078 0.3581 0.0000 0.0342
018440 0.6078 0.3581 0.0000 0.0342
018460 0.6078 0.3581 0.0000 0.0342
018480 0.6078 0.3581 0.0000 0.0342
018500 0.6078 0.3581 0.0000 0.0342
018520 0.6078 0.3581 0.0000 0.0342
018540 0.6078 0.3581 0.0000 0.0342
018560 0.6078 0.3581 0.0000 0.0342
018580 0.6078 0.3581 0.0000 0.0342
018600 0.6078 0.3581 0.0000 0.0342
018620 0.6078 0.3581 0.0000 0.0342
018640 0.6078 0.3581 0.0000 0.0342
018660 0.6078 0.3581 0.0000 0.0342
018680 0.6078 0.3581 0.0000 0.0342
018700 0.6078 0.3581 0.0000 0.0342
018720 0.6078 0.3581 0.0000 0.0342
018740 0.6078 0.3581 0.0000 0.0342
018760 0.6078 0.3581 0.0000 0.0342
018780 0.6078 0.3581 0.0000 0.0342
018800 0.6078 0.3581 0.0000 0.0342
018820 0.6078 0.3581 0.0000 0.0342
018840 0.6078 0.3581 0.0000 0.0342
018860 0.6078 0.3581 0.0000 0.0342
018880 0.6078 0.3581 0.0000 0.0342
018900 0.6078 0.3581 0.0000 0.0342
018920 0.6078 0.3581 0.0000 0.0342
018940 0.6078 0.3581 0.0000 0.0342
018960 0.6078 0.3581 0.0000 0.0342
018980 0.6078 0.3581 0.0000 0.0342
019000 0.6078 0.3581 0.0000 0.0342
019020 0.6078 0.3581 0.0000 0.0342
019040 0.6078 0.3581 0.0000 0.0342
019060 0.6078 0.3581 0.0000 0.0342
019080 0.6078 0.3581 0.0000 0.0342
019100 0.6078 0.3581 0.0000 0.0342
019120 0.6078 0.3581 0.0000 0.0342
019140 0.6078 0.3581 0.0000 0.0342
019160 0.6078 0.3581 0.0000 0.0342
019180 0.6078 0.3581 0.0000 0.0342
019200 0.6078 0.3581 0.0000 0.0342
019220 0.6078 0.3581 0.0000 0.0342
019240 0.6078 0.3581 0.0000 0.0342
019260 0.6078 0.3581 0.0000 0.0342
019280 0.6078 0.3581 0.0000 0.0342
019300 0.6078 0.3581 0.0000 0.0342
019320 0.6078 0.3581 0.0000 0.0342
019340 0.6078 0.3581 0.0000 0.0342
019360 0.6078 0.3581 0.0000 0.0342
019380 0.6078 0.3581 0.0000 0.0342
019400 0.6078 0.3581 0.0000 0.0342
019420 0.6078 0.3581 0.0000 0.0342
019440 0.6078 0.3581 0.0000 0.0342
019460 0.6078 0.3581 0.0000 0.0342
019480 0.6078 0.3581 0.0000 0.0342
019500 0.6078 0.3581 0.0000 0.0342
019520 0.6078 0.3581 0.0000 0.0342
019540 0.6078 0.3581 0.0000 0.0342
019560 0.6078 0.3581 0.0000 0.0342
019580 0.6078 0.3581 0.0000 0.0342
019600 0.6078 0.3581 0.0000 0.0342
019620 0.6078 0.3581 0.0000 0.0342
019640 0.6078 0.3581 0.0000 0.0342
019660 0.6078 0.3581 0.0000 0.0342
019680 0.6078 0.3581 0.0000 0.0342
019700 0.6078 0.3581 0.0000 0.0342
019720 0.6078 0.3581 0.0000 0.0342
019740 0.6078 0.3581 0.0000 0.0342
019760 0.6078 0.3581 0.0000 0.0342
019780 0.6078 0.3581 0.0000 0.0342
019800 0.6078 0.3581 0.0000 0.0342
019820 0.6078 0.3581 0.0000 0.0342
019840 0.6078 0.3581 0.0000 0.0342
019860 0.6078 0.3581 0.0000 0.0342
019880 0.6078 0.3581 0.0000 0.0342
019900 0.6078 0.3581 0.0000 0.0342
019920 0.6078 0.3581 0.0000 0.0342
019940 0.6078 0.3581 0.0000 0.0342
019960 0.6078 0.3581 0.0000 0.0342
019980 0.6078 0.3581 0.0000 0.0342
020000 0.6078 0.3581 0.0000 0.0342
