000000 0.2500 0.2500 0.2500 0.2500
000020 0.2604 0.2589 0.2294 0.2513
000040 0.2728 0.2682 0.2075 0.2514
000060 0.2847 0.2779 0.1862 0.2512
000080 0.2961 0.2878 0.1658 0.2502
000100 0.3059 0.2989 0.1467 0.2484
000120 0.3152 0.3105 0.1284 0.2459
000140 0.3236 0.3226 0.1115 0.2423
000160 0.3318 0.3341 0.0955 0.2387
000180 0.3392 0.3461 0.0807 0.2340
000200 0.3442 0.3609 0.0668 0.2281
000220 0.3476 0.3770 0.0543 0.2211
000240 0.3505 0.3931 0.0428 0.2136
000260 0.3526 0.4092 0.0333 0.2049
000280 0.3551 0.4249 0.0245 0.1954
000300 0.3555 0.4416 0.0172 0.1857
000320 0.3545 0.4595 0.0113 0.1747
000340 0.3505 0.4793 0.0066 0.1635
000360 0.3456 0.4998 0.0031 0.1515
000380 0.3401 0.5209 0.0010 0.1381
000400 0.3332 0.5430 0.0001 0.1237
000420 0.3249 0.5661 0.0000 0.1090
000440 0.3164 0.5911 0.0000 0.0925
000460 0.3097 0.6139 0.0000 0.0764
000480 0.3052 0.6291 0.0000 0.0658
000500 0.3040 0.6399 0.0000 0.0562
000520 0.3061 0.6465 0.0000 0.0475
000540 0.3050 0.6519 0.0000 0.0431
000560 0.3049 0.6580 0.0000 0.0372
000580 0.3070 0.6594 0.0000 0.0336
000600 0.3108 0.6592 0.0000 0.0300
000620 0.3159 0.6569 0.0000 0.0273
000640 0.3194 0.6525 0.0000 0.0280
000660 0.3221 0.6477 0.0000 0.0302
000680 0.3261 0.6433 0.0000 0.0306
000700 0.3245 0.6436 0.0000 0.0319
000720 0.3294 0.6406 0.0000 0.0300
000740 0.3410 0.6281 0.0000 0.0309
000760 0.3535 0.6167 0.0000 0.0298
000780 0.3676 0.6024 0.0000 0.0300
000800 0.3832 0.5861 0.0000 0.0307
000820 0.3945 0.5748 0.0000 0.0307
000840 0.3994 0.5671 0.0000 0.0336
000860 0.3983 0.5661 0.0000 0.0356
000880 0.3984 0.5643 0.0000 0.0373
000900 0.4000 0.5618 0.0000 0.0382
000920 0.4047 0.5571 0.0000 0.0383
000940 0.4152 0.5475 0.0000 0.0373
000960 0.4274 0.5341 0.0000 0.0385
000980 0.4393 0.5232 0.0000 0.0375
001000 0.4507 0.5115 0.0000 0.0379
001020 0.4592 0.5004 0.0000 0.0404
001040 0.4654 0.4916 0.0000 0.0430
001060 0.4694 0.4867 0.0000 0.0438
001080 0.4700 0.4856 0.0000 0.0444
001100 0.4741 0.4819 0.0000 0.0440
001120 0.4843 0.4700 0.0000 0.0457
001140 0.4998 0.4563 0.0000 0.0438
001160 0.5135 0.4424 0.0000 0.0441
001180 0.5256 0.4304 0.0000 0.0439
001200 0.5399 0.4161 0.0000 0.0440
001220 0.5510 0.4043 0.0000 0.0447
001240 0.5607 0.3933 0.0000 0.0461
001260 0.5713 0.3816 0.0000 0.0471
001280 0.5719 0.3776 0.0000 0.0504
001300 0.5741 0.3757 0.0000 0.0501
001320 0.5790 0.3699 0.0000 0.0511
001340 0.5799 0.3669 0.0000 0.0531
001360 0.5782 0.3659 0.0000 0.0559
001380 0.5711 0.3732 0.0000 0.0557
001400 0.5654 0.3787 0.0000 0.0558
001420 0.5723 0.3743 0.0000 0.0534
001440 0.5755 0.3689 0.0000 0.0556
001460 0.5798 0.3657 0.0000 0.0545
001480 0.5828 0.3631 0.0000 0.0541
001500 0.5903 0.3570 0.0000 0.0528
001520 0.5981 0.3499 0.0000 0.0520
001540 0.5995 0.3457 0.0000 0.0548
001560 0.5958 0.3478 0.0000 0.0564
001580 0.5945 0.3483 0.0000 0.0572
001600 0.5902 0.3529 0.0000 0.0569
001620 0.5918 0.3526 0.0000 0.0556
001640 0.5962 0.3501 0.0000 0.0536
001660 0.6015 0.3455 0.0000 0.0530
001680 0.6116 0.3365 0.0000 0.0519
001700 0.6150 0.3298 0.0000 0.0552
001720 0.6068 0.3347 0.0000 0.0585
001740 0.5930 0.3478 0.0000 0.0592
001760 0.5862 0.3550 0.0000 0.0589
001780 0.5871 0.3563 0.0000 0.0567
001800 0.5951 0.3498 0.0000 0.0551
001820 0.6008 0.3441 0.0000 0.0551
001840 0.6079 0.3357 0.0000 0.0564
001860 0.6066 0.3366 0.0000 0.0568
001880 0.6026 0.3416 0.0000 0.0558
001900 0.5986 0.3435 0.0000 0.0579
001920 0.5938 0.3496 0.0000 0.0566
001940 0.5953 0.3482 0.0000 0.0565
001960 0.5994 0.3455 0.0000 0.0550
001980 0.5973 0.3449 0.0000 0.0578
002000 0.5958 0.3464 0.0000 0.0578
002020 0.5981 0.3459 0.0000 0.0560
002040 0.6040 0.3422 0.0000 0.0538
002060 0.6091 0.3366 0.0000 0.0543
002080 0.6104 0.3324 0.0000 0.0572
002100 0.6077 0.3371 0.0000 0.0552
002120 0.6078 0.3379 0.0000 0.0543
002140 0.6069 0.3360 0.0000 0.0572
002160 0.6022 0.3397 0.0000 0.0581
002180 0.5935 0.3477 0.0000 0.0588
002200 0.5860 0.3563 0.0000 0.0577
002220 0.5887 0.3568 0.0000 0.0545
002240 0.6004 0.3479 0.0000 0.0516
002260 0.6051 0.3406 0.0000 0.0543
002280 0.6045 0.3405 0.0000 0.0550
002300 0.6029 0.3402 0.0000 0.0570
002320 0.5972 0.3451 0.0000 0.0577
002340 0.5921 0.3508 0.0000 0.0570
002360 0.5928 0.3528 0.0000 0.0545
002380 0.6010 0.3455 0.0000 0.0535
002400 0.6050 0.3396 0.0000 0.0554
002420 0.6039 0.3408 0.0000 0.0553
002440 0.6015 0.3412 0.0000 0.0573
002460 0.5974 0.3466 0.0000 0.0560
002480 0.6036 0.3424 0.0000 0.0540
002500 0.6052 0.3391 0.0000 0.0557
002520 0.5987 0.3416 0.0000 0.0597
002540 0.5890 0.3505 0.0000 0.0604
002560 0.5856 0.3568 0.0000 0.0576
002580 0.5888 0.3563 0.0000 0.0549
002600 0.5924 0.3517 0.0000 0.0559
002620 0.5981 0.3479 0.0000 0.0541
002640 0.6059 0.3402 0.0000 0.0539
002660 0.6090 0.3355 0.0000 0.0554
002680 0.6096 0.3347 0.0000 0.0556
002700 0.6067 0.3369 0.0000 0.0565
002720 0.5985 0.3436 0.0000 0.0580
002740 0.5906 0.3505 0.0000 0.0590
002760 0.5850 0.3567 0.0000 0.0583
002780 0.5835 0.3593 0.0000 0.0573
002800 0.5865 0.3595 0.0000 0.0540
002820 0.5977 0.3500 0.0000 0.0524
002840 0.6047 0.3421 0.0000 0.0532
002860 0.6118 0.3332 0.0000 0.0550
002880 0.6109 0.3324 0.0000 0.0568
002900 0.6009 0.3406 0.0000 0.0585
002920 0.5915 0.3509 0.0000 0.0577
002940 0.5916 0.3505 0.0000 0.0579
002960 0.5929 0.3499 0.0000 0.0572
002980 0.5926 0.3492 0.0000 0.0581
003000 0.5949 0.3479 0.0000 0.0572
003020 0.5935 0.3487 0.0000 0.0578
003040 0.5937 0.3504 0.0000 0.0559
003060 0.5981 0.3465 0.0000 0.0554
003080 0.6000 0.3426 0.0000 0.0575
003100 0.5995 0.3447 0.0000 0.0558
003120 0.5995 0.3452 0.0000 0.0554
003140 0.5986 0.3453 0.0000 0.0561
003160 0.5998 0.3445 0.0000 0.0557
003180 0.6001 0.3437 0.0000 0.0562
003200 0.6034 0.3412 0.0000 0.0553
003220 0.6034 0.3403 0.0000 0.0563
003240 0.6030 0.3403 0.0000 0.0567
003260 0.6049 0.3399 0.0000 0.0552
003280 0.6049 0.3417 0.0000 0.0533
003300 0.6071 0.3385 0.0000 0.0544
003320 0.6116 0.3349 0.0000 0.0536
003340 0.6142 0.3316 0.0000 0.0542
003360 0.6092 0.3348 0.0000 0.0561
003380 0.6014 0.3410 0.0000 0.0575
003400 0.5943 0.3475 0.0000 0.0582
003420 0.5904 0.3528 0.0000 0.0568
003440 0.5933 0.3502 0.0000 0.0565
003460 0.6013 0.3443 0.0000 0.0543
003480 0.6066 0.3377 0.0000 0.0557
003500 0.6081 0.3370 0.0000 0.0549
003520 0.6041 0.3378 0.0000 0.0581
003540 0.6054 0.3405 0.0000 0.0541
003560 0.6053 0.3405 0.0000 0.0542
003580 0.6064 0.3368 0.0000 0.0568
003600 0.6045 0.3404 0.0000 0.0551
003620 0.6078 0.3386 0.0000 0.0537
003640 0.6105 0.3359 0.0000 0.0536
003660 0.6082 0.3361 0.0000 0.0557
003680 0.6066 0.3372 0.0000 0.0562
003700 0.6059 0.3405 0.0000 0.0536
003720 0.6067 0.3381 0.0000 0.0552
003740 0.6085 0.3382 0.0000 0.0532
003760 0.6068 0.3372 0.0000 0.0560
003780 0.6024 0.3387 0.0000 0.0589
003800 0.5918 0.3483 0.0000 0.0599
003820 0.5938 0.3525 0.0000 0.0537
003840 0.6024 0.3455 0.0000 0.0522
003860 0.6142 0.3348 0.0000 0.0510
003880 0.6250 0.3244 0.0000 0.0506
003900 0.6278 0.3199 0.0000 0.0524
003920 0.6225 0.3216 0.0000 0.0560
003940 0.6119 0.3307 0.0000 0.0574
003960 0.6026 0.3387 0.0000 0.0587
003980 0.5876 0.3526 0.0000 0.0598
004000 0.5803 0.3609 0.0000 0.0588
004020 0.5776 0.3648 0.0000 0.0575
004040 0.5853 0.3609 0.0000 0.0538
004060 0.6002 0.3478 0.0000 0.0521
004080 0.6088 0.3362 0.0000 0.0550
004100 0.6086 0.3349 0.0000 0.0565
004120 0.6048 0.3377 0.0000 0.0575
004140 0.5989 0.3424 0.0000 0.0587
004160 0.5900 0.3504 0.0000 0.0596
004180 0.5821 0.3598 0.0000 0.0581
004200 0.5861 0.3583 0.0000 0.0556
004220 0.5950 0.3510 0.0000 0.0540
004240 0.5986 0.3456 0.0000 0.0558
004260 0.6019 0.3437 0.0000 0.0544
004280 0.6075 0.3399 0.0000 0.0526
004300 0.6146 0.3303 0.0000 0.0551
004320 0.6108 0.3306 0.0000 0.0586
004340 0.5965 0.3424 0.0000 0.0611
004360 0.5860 0.3540 0.0000 0.0600
004380 0.5833 0.3610 0.0000 0.0556
004400 0.5832 0.3621 0.0000 0.0547
004420 0.5918 0.3528 0.0000 0.0554
004440 0.6020 0.3442 0.0000 0.0538
004460 0.6099 0.3379 0.0000 0.0522
004480 0.6141 0.3318 0.0000 0.0541
004500 0.6056 0.3368 0.0000 0.0576
004520 0.5973 0.3452 0.0000 0.0575
004540 0.5934 0.3512 0.0000 0.0554
004560 0.5906 0.3534 0.0000 0.0560
004580 0.5942 0.3498 0.0000 0.0559
004600 0.5955 0.3454 0.0000 0.0591
004620 0.5980 0.3437 0.0000 0.0583
004640 0.5918 0.3498 0.0000 0.0584
004660 0.5957 0.3499 0.0000 0.0544
004680 0.5952 0.3476 0.0000 0.0572
004700 0.5924 0.3500 0.0000 0.0576
004720 0.5922 0.3512 0.0000 0.0566
004740 0.5969 0.3491 0.0000 0.0540
004760 0.6054 0.3423 0.0000 0.0522
004780 0.6118 0.3336 0.0000 0.0546
004800 0.6084 0.3334 0.0000 0.0583
004820 0.5989 0.3415 0.0000 0.0596
004840 0.5967 0.3470 0.0000 0.0564
004860 0.5996 0.3443 0.0000 0.0561
004880 0.5986 0.3449 0.0000 0.0565
004900 0.6005 0.3456 0.0000 0.0539
004920 0.6089 0.3400 0.0000 0.0510
004940 0.6122 0.3350 0.0000 0.0529
004960 0.6103 0.3335 0.0000 0.0562
004980 0.6015 0.3410 0.0000 0.0575
005000 0.5939 0.3481 0.0000 0.0580
005020 0.5937 0.3494 0.0000 0.0570
005040 0.5926 0.3508 0.0000 0.0566
005060 0.5986 0.3472 0.0000 0.0542
005080 0.6029 0.3413 0.0000 0.0558
005100 0.6036 0.3389 0.0000 0.0575
005120 0.5994 0.3439 0.0000 0.0567
005140 0.6018 0.3438 0.0000 0.0544
005160 0.6027 0.3408 0.0000 0.0565
005180 0.6052 0.3402 0.0000 0.0546
005200 0.6098 0.3366 0.0000 0.0536
005220 0.6108 0.3354 0.0000 0.0539
005240 0.6023 0.3403 0.0000 0.0574
005260 0.5999 0.3430 0.0000 0.0571
005280 0.6031 0.3429 0.0000 0.0540
005300 0.6046 0.3397 0.0000 0.0557
005320 0.5998 0.3416 0.0000 0.0586
005340 0.5937 0.3491 0.0000 0.0572
005360 0.5891 0.3521 0.0000 0.0588
005380 0.5881 0.3559 0.0000 0.0561
005400 0.5939 0.3504 0.0000 0.0557
005420 0.5977 0.3460 0.0000 0.0562
005440 0.6014 0.3443 0.0000 0.0543
005460 0.6043 0.3418 0.0000 0.0540
005480 0.6042 0.3399 0.0000 0.0559
005500 0.6016 0.3418 0.0000 0.0566
005520 0.6006 0.3443 0.0000 0.0551
005540 0.6017 0.3411 0.0000 0.0571
005560 0.5976 0.3445 0.0000 0.0579
005580 0.5954 0.3468 0.0000 0.0579
005600 0.5944 0.3509 0.0000 0.0548
005620 0.5973 0.3488 0.0000 0.0539
005640 0.6060 0.3405 0.0000 0.0536
005660 0.6028 0.3394 0.0000 0.0578
005680 0.6016 0.3440 0.0000 0.0544
005700 0.6056 0.3418 0.0000 0.0527
005720 0.6129 0.3349 0.0000 0.0522
005740 0.6145 0.3316 0.0000 0.0538
005760 0.6112 0.3328 0.0000 0.0559
005780 0.6033 0.3385 0.0000 0.0582
005800 0.5923 0.3491 0.0000 0.0586
005820 0.5873 0.3553 0.0000 0.0574
005840 0.5918 0.3540 0.0000 0.0542
005860 0.6031 0.3446 0.0000 0.0523
005880 0.6121 0.3345 0.0000 0.0533
005900 0.6083 0.3334 0.0000 0.0583
005920 0.5972 0.3433 0.0000 0.0595
005940 0.5865 0.3561 0.0000 0.0574
005960 0.5892 0.3562 0.0000 0.0546
005980 0.5962 0.3487 0.0000 0.0551
006000 0.6049 0.3413 0.0000 0.0538
006020 0.6071 0.3375 0.0000 0.0554
006040 0.6063 0.3382 0.0000 0.0555
006060 0.6039 0.3385 0.0000 0.0575
006080 0.6025 0.3417 0.0000 0.0558
006100 0.6025 0.3406 0.0000 0.0569
006120 0.6009 0.3432 0.0000 0.0559
006140 0.5965 0.3462 0.0000 0.0573
006160 0.5913 0.3516 0.0000 0.0571
006180 0.5962 0.3493 0.0000 0.0544
006200 0.6069 0.3392 0.0000 0.0539
006220 0.6174 0.3290 0.0000 0.0537
006240 0.6209 0.3253 0.0000 0.0537
006260 0.6049 0.3357 0.0000 0.0595
006280 0.5834 0.3539 0.0000 0.0627
006300 0.5741 0.3652 0.0000 0.0607
006320 0.5766 0.3668 0.0000 0.0566
006340 0.5873 0.3577 0.0000 0.0550
006360 0.5975 0.3490 0.0000 0.0535
006380 0.6123 0.3360 0.0000 0.0517
006400 0.6108 0.3344 0.0000 0.0549
006420 0.6015 0.3403 0.0000 0.0582
006440 0.5929 0.3472 0.0000 0.0600
006460 0.5871 0.3551 0.0000 0.0578
006480 0.5886 0.3566 0.0000 0.0548
006500 0.5979 0.3493 0.0000 0.0527
006520 0.6033 0.3422 0.0000 0.0545
006540 0.6038 0.3409 0.0000 0.0553
006560 0.5989 0.3416 0.0000 0.0594
006580 0.5953 0.3477 0.0000 0.0570
006600 0.5924 0.3506 0.0000 0.0570
006620 0.5960 0.3503 0.0000 0.0537
006640 0.6043 0.3420 0.0000 0.0538
006660 0.6099 0.3354 0.0000 0.0547
006680 0.6124 0.3333 0.0000 0.0543
006700 0.6091 0.3352 0.0000 0.0557
006720 0.6102 0.3345 0.0000 0.0553
006740 0.6113 0.3337 0.0000 0.0550
006760 0.6101 0.3337 0.0000 0.0562
006780 0.6024 0.3373 0.0000 0.0602
006800 0.5928 0.3480 0.0000 0.0592
006820 0.5877 0.3540 0.0000 0.0584
006840 0.5831 0.3596 0.0000 0.0573
006860 0.5877 0.3570 0.0000 0.0553
006880 0.5989 0.3472 0.0000 0.0539
006900 0.6059 0.3389 0.0000 0.0553
006920 0.6088 0.3367 0.0000 0.0545
006940 0.6102 0.3374 0.0000 0.0524
006960 0.6108 0.3343 0.0000 0.0549
006980 0.6062 0.3354 0.0000 0.0584
007000 0.6012 0.3408 0.0000 0.0580
007020 0.5979 0.3450 0.0000 0.0572
007040 0.5934 0.3500 0.0000 0.0566
007060 0.5945 0.3500 0.0000 0.0555
007080 0.6000 0.3445 0.0000 0.0555
007100 0.6022 0.3426 0.0000 0.0552
007120 0.6011 0.3437 0.0000 0.0552
007140 0.6019 0.3427 0.0000 0.0554
007160 0.6008 0.3417 0.0000 0.0575
007180 0.5983 0.3443 0.0000 0.0574
007200 0.5960 0.3476 0.0000 0.0564
007220 0.5946 0.3489 0.0000 0.0565
007240 0.5904 0.3517 0.0000 0.0580
007260 0.5919 0.3536 0.0000 0.0545
007280 0.6028 0.3435 0.0000 0.0537
007300 0.6068 0.3371 0.0000 0.0562
007320 0.6045 0.3394 0.0000 0.0561
007340 0.6027 0.3427 0.0000 0.0546
007360 0.6080 0.3378 0.0000 0.0542
007380 0.6055 0.3373 0.0000 0.0572
007400 0.6027 0.3399 0.0000 0.0574
007420 0.5989 0.3432 0.0000 0.0579
007440 0.5954 0.3473 0.0000 0.0573
007460 0.5985 0.3453 0.0000 0.0562
007480 0.6027 0.3437 0.0000 0.0536
007500 0.6070 0.3383 0.0000 0.0547
007520 0.6116 0.3337 0.0000 0.0548
007540 0.6123 0.3337 0.0000 0.0540
007560 0.6067 0.3354 0.0000 0.0580
007580 0.5979 0.3425 0.0000 0.0597
007600 0.5864 0.3531 0.0000 0.0605
007620 0.5813 0.3615 0.0000 0.0572
007640 0.5863 0.3591 0.0000 0.0546
007660 0.5979 0.3475 0.0000 0.0546
007680 0.6073 0.3403 0.0000 0.0523
007700 0.6158 0.3298 0.0000 0.0544
007720 0.6085 0.3336 0.0000 0.0578
007740 0.5949 0.3442 0.0000 0.0609
007760 0.5774 0.3602 0.0000 0.0624
007780 0.5750 0.3659 0.0000 0.0591
007800 0.5873 0.3612 0.0000 0.0515
007820 0.6022 0.3463 0.0000 0.0515
007840 0.6050 0.3399 0.0000 0.0551
007860 0.6053 0.3392 0.0000 0.0555
007880 0.6004 0.3428 0.0000 0.0567
007900 0.5929 0.3485 0.0000 0.0586
007920 0.5889 0.3523 0.0000 0.0588
007940 0.5894 0.3555 0.0000 0.0551
007960 0.6010 0.3462 0.0000 0.0527
007980 0.6157 0.3333 0.0000 0.0510
008000 0.6219 0.3236 0.0000 0.0545
008020 0.6161 0.3272 0.0000 0.0566
008040 0.6065 0.3354 0.0000 0.0581
008060 0.5919 0.3467 0.0000 0.0614
008080 0.5925 0.3521 0.0000 0.0554
008100 0.5976 0.3490 0.0000 0.0534
008120 0.6059 0.3431 0.0000 0.0510
008140 0.6147 0.3329 0.0000 0.0524
008160 0.6233 0.3246 0.0000 0.0521
008180 0.6226 0.3213 0.0000 0.0561
008200 0.6115 0.3293 0.0000 0.0592
008220 0.6006 0.3399 0.0000 0.0596
008240 0.5933 0.3471 0.0000 0.0596
008260 0.5934 0.3503 0.0000 0.0563
008280 0.6006 0.3479 0.0000 0.0515
008300 0.6130 0.3365 0.0000 0.0504
008320 0.6166 0.3289 0.0000 0.0545
008340 0.6074 0.3324 0.0000 0.0602
008360 0.5946 0.3442 0.0000 0.0612
008380 0.5810 0.3592 0.0000 0.0597
008400 0.5839 0.3609 0.0000 0.0553
008420 0.5981 0.3501 0.0000 0.0518
008440 0.6122 0.3355 0.0000 0.0524
008460 0.6149 0.3296 0.0000 0.0554
008480 0.6074 0.3340 0.0000 0.0586
008500 0.5937 0.3462 0.0000 0.0602
008520 0.5912 0.3520 0.0000 0.0568
008540 0.5964 0.3479 0.0000 0.0557
008560 0.5979 0.3458 0.0000 0.0563
008580 0.6005 0.3436 0.0000 0.0559
008600 0.5955 0.3444 0.0000 0.0601
008620 0.5967 0.3453 0.0000 0.0580
008640 0.5897 0.3506 0.0000 0.0596
008660 0.5841 0.3580 0.0000 0.0580
008680 0.5880 0.3584 0.0000 0.0537
008700 0.5938 0.3508 0.0000 0.0554
008720 0.5880 0.3534 0.0000 0.0586
008740 0.5835 0.3600 0.0000 0.0565
008760 0.5889 0.3572 0.0000 0.0539
008780 0.5984 0.3462 0.0000 0.0554
008800 0.6061 0.3383 0.0000 0.0556
008820 0.6111 0.3335 0.0000 0.0554
008840 0.6079 0.3369 0.0000 0.0552
008860 0.6078 0.3357 0.0000 0.0565
008880 0.6031 0.3380 0.0000 0.0590
008900 0.5946 0.3440 0.0000 0.0614
008920 0.5802 0.3581 0.0000 0.0617
008940 0.5789 0.3653 0.0000 0.0558
008960 0.5877 0.3577 0.0000 0.0546
008980 0.5999 0.3462 0.0000 0.0539
009000 0.6117 0.3370 0.0000 0.0513
009020 0.6173 0.3291 0.0000 0.0536
009040 0.6074 0.3345 0.0000 0.0581
009060 0.5942 0.3469 0.0000 0.0589
009080 0.5895 0.3537 0.0000 0.0568
009100 0.5934 0.3505 0.0000 0.0561
009120 0.5996 0.3437 0.0000 0.0567
009140 0.5966 0.3457 0.0000 0.0577
009160 0.5959 0.3478 0.0000 0.0563
009180 0.5991 0.3477 0.0000 0.0532
009200 0.6021 0.3431 0.0000 0.0548
009220 0.6050 0.3402 0.0000 0.0548
009240 0.6058 0.3376 0.0000 0.0566
009260 0.6039 0.3411 0.0000 0.0550
009280 0.6028 0.3401 0.0000 0.0572
009300 0.5959 0.3437 0.0000 0.0605
009320 0.5843 0.3547 0.0000 0.0610
009340 0.5824 0.3612 0.0000 0.0565
009360 0.5864 0.3570 0.0000 0.0566
009380 0.5977 0.3483 0.0000 0.0540
009400 0.6048 0.3424 0.0000 0.0528
009420 0.6085 0.3334 0.0000 0.0581
009440 0.5971 0.3423 0.0000 0.0606
009460 0.5852 0.3542 0.0000 0.0605
009480 0.5779 0.3639 0.0000 0.0581
009500 0.5855 0.3606 0.0000 0.0539
009520 0.5984 0.3512 0.0000 0.0504
009540 0.6137 0.3357 0.0000 0.0507
009560 0.6228 0.3251 0.0000 0.0521
009580 0.6217 0.3233 0.0000 0.0551
009600 0.6096 0.3309 0.0000 0.0595
009620 0.5930 0.3453 0.0000 0.0616
009640 0.5806 0.3578 0.0000 0.0616
009660 0.5817 0.3628 0.0000 0.0555
009680 0.5909 0.3544 0.0000 0.0547
009700 0.6018 0.3457 0.0000 0.0524
009720 0.6124 0.3341 0.0000 0.0535
009740 0.6093 0.3344 0.0000 0.0563
009760 0.5999 0.3405 0.0000 0.0596
009780 0.5869 0.3519 0.0000 0.0612
009800 0.5858 0.3571 0.0000 0.0571
009820 0.5928 0.3525 0.0000 0.0547
009840 0.5979 0.3457 0.0000 0.0563
009860 0.5999 0.3462 0.0000 0.0539
009880 0.6045 0.3425 0.0000 0.0530
009900 0.6077 0.3365 0.0000 0.0559
009920 0.6051 0.3375 0.0000 0.0575
009940 0.5976 0.3444 0.0000 0.0580
009960 0.5917 0.3503 0.0000 0.0580
009980 0.5892 0.3552 0.0000 0.0557
010000 0.5875 0.3563 0.0000 0.0561
010020 0.5927 0.3523 0.0000 0.0550
010040 0.5927 0.3523 0.0000 0.0550
010060 0.5927 0.3523 0.0000 0.0550
010080 0.5927 0.3523 0.0000 0.0550
010100 0.5927 0.3523 0.0000 0.0550
010120 0.5927 0.3523 0.0000 0.0550
010140 0.5927 0.3523 0.0000 0.0550
010160 0.5927 0.3523 0.0000 0.0550
010180 0.5927 0.3523 0.0000 0.0550
010200 0.5927 0.3523 0.0000 0.0550
010220 0.5927 0.3523 0.0000 0.0550
010240 0.5927 0.3523 0.0000 0.0550
010260 0.5927 0.3523 0.0000 0.0550
010280 0.5927 0.3523 0.0000 0.0550
010300 0.5927 0.3523 0.0000 0.0550
010320 0.5927 0.3523 0.0000 0.0550
010340 0.5927 0.3523 0.0000 0.0550
010360 0.5927 0.3523 0.0000 0.0550
010380 0.5927 0.3523 0.0000 0.0550
010400 0.5927 0.3523 0.0000 0.0550
010420 0.5927 0.3523 0.0000 0.0550
010440 0.5927 0.3523 0.0000 0.0550
010460 0.5927 0.3523 0.0000 0.0550
010480 0.5927 0.3523 0.0000 0.0550
010500 0.5927 0.3523 0.0000 0.0550
010520 0.5927 0.3523 0.0000 0.0550
010540 0.5927 0.3523 0.0000 0.0550
010560 0.5927 0.3523 0.0000 0.0550
010580 0.5927 0.3523 0.0000 0.0550
010600 0.5927 0.3523 0.0000 0.0550
010620 0.5927 0.3523 0.0000 0.0550
010640 0.5927 0.3523 0.0000 0.0550
010660 0.5927 0.3523 0.0000 0.0550
010680 0.5927 0.3523 0.0000 0.0550
010700 0.5927 0.3523 0.0000 0.0550
010720 0.5927 0.3523 0.0000 0.0550
010740 0.5927 0.3523 0.0000 0.0550
010760 0.5927 0.3523 0.0000 0.0550
010780 0.5927 0.3523 0.0000 0.0550
010800 0.5927 0.3523 0.0000 0.0550
010820 0.5927 0.3523 0.0000 0.0550
010840 0.5927 0.3523 0.0000 0.0550
010860 0.5927 0.3523 0.0000 0.0550
010880 0.5927 0.3523 0.0000 0.0550
010900 0.5927 0.3523 0.0000 0.0550
010920 0.5927 0.3523 0.0000 0.0550
010940 0.5927 0.3523 0.0000 0.0550
010960 0.5927 0.3523 0.0000 0.0550
010980 0.5927 0.3523 0.0000 0.0550
011000 0.5927 0.3523 0.0000 0.0550
011020 0.5927 0.3523 0.0000 0.0550
011040 0.5927 0.3523 0.0000 0.0550
011060 0.5927 0.3523 0.0000 0.0550
011080 0.5927 0.3523 0.0000 0.0550
011100 0.5927 0.3523 0.0000 0.0550
011120 0.5927 0.3523 0.0000 0.0550
011140 0.5927 0.3523 0.0000 0.0550
011160 0.5927 0.3523 0.0000 0.0550
011180 0.5927 0.3523 0.0000 0.0550
011200 0.5927 0.3523 0.0000 0.0550
011220 0.5927 0.3523 0.0000 0.0550
011240 0.5927 0.3523 0.0000 0.0550
011260 0.5927 0.3523 0.0000 0.0550
011280 0.5927 0.3523 0.0000 0.0550
011300 0.5927 0.3523 0.0000 0.0550
011320 0.5927 0.3523 0.0000 0.0550
011340 0.5927 0.3523 0.0000 0.0550
011360 0.5927 0.3523 0.0000 0.0550
011380 0.5927 0.3523 0.0000 0.0550
011400 0.5927 0.3523 0.0000 0.0550
011420 0.5927 0.3523 0.0000 0.0550
011440 0.5927 0.3523 0.0000 0.0550
011460 0.5927 0.3523 0.0000 0.0550
011480 0.5927 0.3523 0.0000 0.0550
011500 0.5927 0.3523 0.0000 0.0550
011520 0.5927 0.3523 0.0000 0.0550
011540 0.5927 0.3523 0.0000 0.0550
011560 0.5927 0.3523 0.0000 0.0550
011580 0.5927 0.3523 0.0000 0.0550
011600 0.5927 0.3523 0.0000 0.0550
011620 0.5927 0.3523 0.0000 0.0550
011640 0.5927 0.3523 0.0000 0.0550
011660 0.5927 0.3523 0.0000 0.0550
011680 0.5927 0.3523 0.0000 0.0550
011700 0.5927 0.3523 0.0000 0.0550
011720 0.5927 0.3523 0.0000 0.0550
011740 0.5927 0.3523 0.0000 0.0550
011760 0.5927 0.3523 0.0000 0.0550
011780 0.5927 0.3523 0.0000 0.0550
011800 0.5927 0.3523 0.0000 0.0550
011820 0.5927 0.3523 0.0000 0.0550
011840 0.5927 0.3523 0.0000 0.0550
011860 0.5927 0.3523 0.0000 0.0550
011880 0.5927 0.3523 0.0000 0.0550
011900 0.5927 0.3523 0.0000 0.0550
011920 0.5927 0.3523 0.0000 0.0550
011940 0.5927 0.3523 0.0000 0.0550
011960 0.5927 0.3523 0.0000 0.0550
011980 0.5927 0.3523 0.0000 0.0550
012000 0.5927 0.3523 0.0000 0.0550
012020 0.5927 0.3523 0.0000 0.0550
012040 0.5927 0.3523 0.0000 0.0550
012060 0.5927 0.3523 0.0000 0.0550
012080 0.5927 0.3523 0.0000 0.0550
012100 0.5927 0.3523 0.0000 0.0550
012120 0.5927 0.3523 0.0000 0.0550
012140 0.5927 0.3523 0.0000 0.0550
012160 0.5927 0.3523 0.0000 0.0550
012180 0.5927 0.3523 0.0000 0.0550
012200 0.5927 0.3523 0.0000 0.0550
012220 0.5927 0.3523 0.0000 0.0550
012240 0.5927 0.3523 0.0000 0.0550
012260 0.5927 0.3523 0.0000 0.0550
012280 0.5927 0.3523 0.0000 0.0550
012300 0.5927 0.3523 0.0000 0.0550
012320 0.5927 0.3523 0.0000 0.0550
012340 0.5927 0.3523 0.0000 0.0550
012360 0.5927 0.3523 0.0000 0.0550
012380 0.5927 0.3523 0.0000 0.0550
012400 0.5927 0.3523 0.0000 0.0550
012420 0.5927 0.3523 0.0000 0.0550
012440 0.5927 0.3523 0.0000 0.0550
012460 0.5927 0.3523 0.0000 0.0550
012480 0.5927 0.3523 0.0000 0.0550
012500 0.5927 0.3523 0.0000 0.0550
012520 0.5927 0.3523 0.0000 0.0550
012540 0.5927 0.3523 0.0000 0.0550
012560 0.5927 0.3523 0.0000 0.0550
012580 0.5927 0.3523 0.0000 0.0550
012600 0.5927 0.3523 0.0000 0.0550
012620 0.5927 0.3523 0.0000 0.0550
012640 0.5927 0.3523 0.0000 0.0550
012660 0.5927 0.3523 0.0000 0.0550
012680 0.5927 0.3523 0.0000 0.0550
012700 0.5927 0.3523 0.0000 0.0550
012720 0.5927 0.3523 0.0000 0.0550
012740 0.5927 0.3523 0.0000 0.0550
012760 0.5927 0.3523 0.0000 0.0550
012780 0.5927 0.3523 0.0000 0.0550
012800 0.5927 0.3523 0.0000 0.0550
012820 0.5927 0.3523 0.0000 0.0550
012840 0.5927 0.3523 0.0000 0.0550
012860 0.5927 0.3523 0.0000 0.0550
012880 0.5927 0.3523 0.0000 0.0550
012900 0.5927 0.3523 0.0000 0.0550
012920 0.5927 0.3523 0.0000 0.0550
012940 0.5927 0.3523 0.0000 0.0550
012960 0.5927 0.3523 0.0000 0.0550
012980 0.5927 0.3523 0.0000 0.0550
013000 0.5927 0.3523 0.0000 0.0550
013020 0.5927 0.3523 0.0000 0.0550
013040 0.5927 0.3523 0.0000 0.0550
013060 0.5927 0.3523 0.0000 0.0550
013080 0.5927 0.3523 0.0000 0.0550
013100 0.5927 0.3523 0.0000 0.0550
013120 0.5927 0.3523 0.0000 0.0550
013140 0.5927 0.3523 0.0000 0.0550
013160 0.5927 0.3523 0.0000 0.0550
013180 0.5927 0.3523 0.0000 0.0550
013200 0.5927 0.3523 0.0000 0.0550
013220 0.5927 0.3523 0.0000 0.0550
013240 0.5927 0.3523 0.0000 0.0550
013260 0.5927 0.3523 0.0000 0.0550
013280 0.5927 0.3523 0.0000 0.0550
013300 0.5927 0.3523 0.0000 0.0550
013320 0.5927 0.3523 0.0000 0.0550
013340 0.5927 0.3523 0.0000 0.0550
013360 0.5927 0.3523 0.0000 0.0550
013380 0.5927 0.3523 0.0000 0.0550
013400 0.5927 0.3523 0.0000 0.0550
013420 0.5927 0.3523 0.0000 0.0550
013440 0.5927 0.3523 0.0000 0.0550
013460 0.5927 0.3523 0.0000 0.0550
013480 0.5927 0.3523 0.0000 0.0550
013500 0.5927 0.3523 0.0000 0.0550
013520 0.5927 0.3523 0.0000 0.0550
013540 0.5927 0.3523 0.0000 0.0550
013560 0.5927 0.3523 0.0000 0.0550
013580 0.5927 0.3523 0.0000 0.0550
013600 0.5927 0.3523 0.0000 0.0550
013620 0.5927 0.3523 0.0000 0.0550
013640 0.5927 0.3523 0.0000 0.0550
013660 0.5927 0.3523 0.0000 0.0550
013680 0.5927 0.3523 0.0000 0.0550
013700 0.5927 0.3523 0.0000 0.0550
013720 0.5927 0.3523 0.0000 0.0550
013740 0.5927 0.3523 0.0000 0.0550
013760 0.5927 0.3523 0.0000 0.0550
013780 0.5927 0.3523 0.0000 0.0550
013800 0.5927 0.3523 0.0000 0.0550
013820 0.5927 0.3523 0.0000 0.0550
013840 0.5927 0.3523 0.0000 0.0550
013860 0.5927 0.3523 0.0000 0.0550
013880 0.5927 0.3523 0.0000 0.0550
013900 0.5927 0.3523 0.0000 0.0550
013920 0.5927 0.3523 0.0000 0.0550
013940 0.5927 0.3523 0.0000 0.0550
013960 0.5927 0.3523 0.0000 0.0550
013980 0.5927 0.3523 0.0000 0.0550
014000 0.5927 0.3523 0.0000 0.0550
014020 0.5927 0.3523 0.0000 0.0550
014040 0.5927 0.3523 0.0000 0.0550
014060 0.5927 0.3523 0.0000 0.0550
014080 0.5927 0.3523 0.0000 0.0550
014100 0.5927 0.3523 0.0000 0.0550
014120 0.5927 0.3523 0.0000 0.0550
014140 0.5927 0.3523 0.0000 0.0550
014160 0.5927 0.3523 0.0000 0.0550
014180 0.5927 0.3523 0.0000 0.0550
014200 0.5927 0.3523 0.0000 0.0550
014220 0.5927 0.3523 0.0000 0.0550
014240 0.5927 0.3523 0.0000 0.0550
014260 0.5927 0.3523 0.0000 0.0550
014280 0.5927 0.3523 0.0000 0.0550
014300 0.5927 0.3523 0.0000 0.0550
014320 0.5927 0.3523 0.0000 0.0550
014340 0.5927 0.3523 0.0000 0.0550
014360 0.5927 0.3523 0.0000 0.0550
014380 0.5927 0.3523 0.0000 0.0550
014400 0.5927 0.3523 0.0000 0.0550
014420 0.5927 0.3523 0.0000 0.0550
014440 0.5927 0.3523 0.0000 0.0550
014460 0.5927 0.3523 0.0000 0.0550
014480 0.5927 0.3523 0.0000 0.0550
014500 0.5927 0.3523 0.0000 0.0550
014520 0.5927 0.3523 0.0000 0.0550
014540 0.5927 0.3523 0.0000 0.0550
014560 0.5927 0.3523 0.0000 0.0550
014580 0.5927 0.3523 0.0000 0.0550
014600 0.5927 0.3523 0.0000 0.0550
014620 0.5927 0.3523 0.0000 0.0550
014640 0.5927 0.3523 0.0000 0.0550
014660 0.5927 0.3523 0.0000 0.0550
014680 0.5927 0.3523 0.0000 0.0550
014700 0.5927 0.3523 0.0000 0.0550
014720 0.5927 0.3523 0.0000 0.0550
014740 0.5927 0.3523 0.0000 0.0550
014760 0.5927 0.3523 0.0000 0.0550
014780 0.5927 0.3523 0.0000 0.0550
014800 0.5927 0.3523 0.0000 0.0550
014820 0.5927 0.3523 0.0000 0.0550
014840 0.5927 0.3523 0.0000 0.0550
014860 0.5927 0.3523 0.0000 0.0550
014880 0.5927 0.3523 0.0000 0.0550
014900 0.5927 0.3523 0.0000 0.0550
014920 0.5927 0.3523 0.0000 0.0550
014940 0.5927 0.3523 0.0000 0.0550
014960 0.5927 0.3523 0.0000 0.0550
014980 0.5927 0.3523 0.0000 0.0550
015000 0.5927 0.3523 0.0000 0.0550
015020 0.5927 0.3523 0.0000 0.0550
015040 0.5927 0.3523 0.0000 0.0550
015060 0.5927 0.3523 0.0000 0.0550
015080 0.5927 0.3523 0.0000 0.0550
015100 0.5927 0.3523 0.0000 0.0550
015120 0.5927 0.3523 0.0000 0.0550
015140 0.5927 0.3523 0.0000 0.0550
015160 0.5927 0.3523 0.0000 0.0550
015180 0.5927 0.3523 0.0000 0.0550
015200 0.5927 0.3523 0.0000 0.0550
015220 0.5927 0.3523 0.0000 0.0550
015240 0.5927 0.3523 0.0000 0.0550
015260 0.5927 0.3523 0.0000 0.0550
015280 0.5927 0.3523 0.0000 0.0550
015300 0.5927 0.3523 0.0000 0.0550
015320 0.5927 0.3523 0.0000 0.0550
015340 0.5927 0.3523 0.0000 0.0550
015360 0.5927 0.3523 0.0000 0.0550
015380 0.5927 0.3523 0.0000 0.0550
015400 0.5927 0.3523 0.0000 0.0550
015420 0.5927 0.3523 0.0000 0.0550
015440 0.5927 0.3523 0.0000 0.0550
015460 0.5927 0.3523 0.0000 0.0550
015480 0.5927 0.3523 0.0000 0.0550
015500 0.5927 0.3523 0.0000 0.0550
015520 0.5927 0.3523 0.0000 0.0550
015540 0.5927 0.3523 0.0000 0.0550
015560 0.5927 0.3523 0.0000 0.0550
015580 0.5927 0.3523 0.0000 0.0550
015600 0.5927 0.3523 0.0000 0.0550
015620 0.5927 0.3523 0.0000 0.0550
015640 0.5927 0.3523 0.0000 0.0550
015660 0.5927 0.3523 0.0000 0.0550
015680 0.5927 0.3523 0.0000 0.0550
015700 0.5927 0.3523 0.0000 0.0550
015720 0.5927 0.3523 0.0000 0.0550
015740 0.5927 0.3523 0.0000 0.0550
015760 0.5927 0.3523 0.0000 0.0550
015780 0.5927 0.3523 0.0000 0.0550
015800 0.5927 0.3523 0.0000 0.0550
015820 0.5927 0.3523 0.0000 0.0550
015840 0.5927 0.3523 0.0000 0.0550
015860 0.5927 0.3523 0.0000 0.0550
015880 0.5927 0.3523 0.0000 0.0550
015900 0.5927 0.3523 0.0000 0.0550
015920 0.5927 0.3523 0.0000 0.0550
015940 0.5927 0.3523 0.0000 0.0550
015960 0.5927 0.3523 0.0000 0.0550
015980 0.5927 0.3523 0.0000 0.0550
016000 0.5927 0.3523 0.0000 0.0550
016020 0.5927 0.3523 0.0000 0.0550
016040 0.5927 0.3523 0.0000 0.0550
016060 0.5927 0.3523 0.0000 0.0550
016080 0.5927 0.3523 0.0000 0.0550
016100 0.5927 0.3523 0.0000 0.0550
016120 0.5927 0.3523 0.0000 0.0550
016140 0.5927 0.3523 0.0000 0.0550
016160 0.5927 0.3523 0.0000 0.0550
016180 0.5927 0.3523 0.0000 0.0550
016200 0.5927 0.3523 0.0000 0.0550
016220 0.5927 0.3523 0.0000 0.0550
016240 0.5927 0.3523 0.0000 0.0550
016260 0.5927 0.3523 0.0000 0.0550
016280 0.5927 0.3523 0.0000 0.0550
016300 0.5927 0.3523 0.0000 0.0550
016320 0.5927 0.3523 0.0000 0.0550
016340 0.5927 0.3523 0.0000 0.0550
016360 0.5927 0.3523 0.0000 0.0550
016380 0.5927 0.3523 0.0000 0.0550
016400 0.5927 0.3523 0.0000 0.0550
016420 0.5927 0.3523 0.0000 0.0550
016440 0.5927 0.3523 0.0000 0.0550
016460 0.5927 0.3523 0.0000 0.0550
016480 0.5927 0.3523 0.0000 0.0550
016500 0.5927 0.3523 0.0000 0.0550
016520 0.5927 0.3523 0.0000 0.0550
016540 0.5927 0.3523 0.0000 0.0550
016560 0.5927 0.3523 0.0000 0.0550
016580 0.5927 0.3523 0.0000 0.0550
016600 0.5927 0.3523 0.0000 0.0550
016620 0.5927 0.3523 0.0000 0.0550
016640 0.5927 0.3523 0.0000 0.0550
016660 0.5927 0.3523 0.0000 0.0550
016680 0.5927 0.3523 0.0000 0.0550
016700 0.5927 0.3523 0.0000 0.0550
016720 0.5927 0.3523 0.0000 0.0550
016740 0.5927 0.3523 0.0000 0.0550
016760 0.5927 0.3523 0.0000 0.0550
016780 0.5927 0.3523 0.0000 0.0550
016800 0.5927 0.3523 0.0000 0.0550
016820 0.5927 0.3523 0.0000 0.0550
016840 0.5927 0.3523 0.0000 0.0550
016860 0.5927 0.3523 0.0000 0.0550
016880 0.5927 0.3523 0.0000 0.0550
016900 0.5927 0.3523 0.0000 0.0550
016920 0.5927 0.3523 0.0000 0.0550
016940 0.5927 0.3523 0.0000 0.0550
016960 0.5927 0.3523 0.0000 0.0550
016980 0.5927 0.3523 0.0000 0.0550
017000 0.5927 0.3523 0.0000 0.0550
017020 0.5927 0.3523 0.0000 0.0550
017040 0.5927 0.3523 0.0000 0.0550
017060 0.5927 0.3523 0.0000 0.0550
017080 0.5927 0.3523 0.0000 0.0550
017100 0.5927 0.3523 0.0000 0.0550
017120 0.5927 0.3523 0.0000 0.0550
017140 0.5927 0.3523 0.0000 0.0550
017160 0.5927 0.3523 0.0000 0.0550
017180 0.5927 0.3523 0.0000 0.0550
017200 0.5927 0.3523 0.0000 0.0550
017220 0.5927 0.3523 0.0000 0.0550
017240 0.5927 0.3523 0.0000 0.0550
017260 0.5927 0.3523 0.0000 0.0550
017280 0.5927 0.3523 0.0000 0.0550
017300 0.5927 0.3523 0.0000 0.0550
017320 0.5927 0.3523 0.0000 0.0550
017340 0.5927 0.3523 0.0000 0.0550
017360 0.5927 0.3523 0.0000 0.0550
017380 0.5927 0.3523 0.0000 0.0550
017400 0.5927 0.3523 0.0000 0.0550
017420 0.5927 0.3523 0.0000 0.0550
017440 0.5927 0.3523 0.0000 0.0550
017460 0.5927 0.3523 0.0000 0.0550
017480 0.5927 0.3523 0.0000 0.0550
017500 0.5927 0.3523 0.0000 0.0550
017520 0.5927 0.3523 0.0000 0.0550
017540 0.5927 0.3523 0.0000 0.0550
017560 0.5927 0.3523 0.0000 0.0550
017580 0.5927 0.3523 0.0000 0.0550
017600 0.5927 0.3523 0.0000 0.0550
017620 0.5927 0.3523 0.0000 0.0550
017640 0.5927 0.3523 0.0000 0.0550
017660 0.5927 0.3523 0.0000 0.0550
017680 0.5927 0.3523 0.0000 0.0550
017700 0.5927 0.3523 0.0000 0.0550
017720 0.5927 0.3523 0.0000 0.0550
017740 0.5927 0.3523 0.0000 0.0550
017760 0.5927 0.3523 0.0000 0.0550
017780 0.5927 0.3523 0.0000 0.0550
017800 0.5927 0.3523 0.0000 0.0550
017820 0.5927 0.3523 0.0000 0.0550
017840 0.5927 0.3523 0.0000 0.0550
017860 0.5927 0.3523 0.0000 0.0550
017880 0.5927 0.3523 0.0000 0.0550
017900 0.5927 0.3523 0.0000 0.0550
017920 0.5927 0.3523 0.0000 0.0550
017940 0.5927 0.3523 0.0000 0.0550
017960 0.5927 0.3523 0.0000 0.0550
017980 0.5927 0.3523 0.0000 0.0550
018000 0.5927 0.3523 0.0000 0.0550
018020 0.5927 0.3523 0.0000 0.0550
018040 0.5927 0.3523 0.0000 0.0550
018060 0.5927 0.3523 0.0000 0.0550
018080 0.5927 0.3523 0.0000 0.0550
018100 0.5927 0.3523 0.0000 0.0550
018120 0.5927 0.3523 0.0000 0.0550
018140 0.5927 0.3523 0.0000 0.0550
018160 0.5927 0.3523 0.0000 0.0550
018180 0.5927 0.3523 0.0000 0.0550
018200 0.5927 0.3523 0.0000 0.0550
018220 0.5927 0.3523 0.0000 0.0550
018240 0.5927 0.3523 0.0000 0.0550
018260 0.5927 0.3523 0.0000 0.0550
018280 0.5927 0.3523 0.0000 0.0550
018300 0.5927 0.3523 0.0000 0.0550
018320 0.5927 0.3523 0.0000 0.0550
018340 0.5927 0.3523 0.0000 0.0550
018360 0.5927 0.3523 0.0000 0.0550
018380 0.5927 0.3523 0.0000 0.0550
018400 0.5927 0.3523 0.0000 0.0550
018420 0.5927 0.3523 0.0000 0.0550
018440 0.5927 0.3523 0.0000 0.0550
018460 0.5927 0.3523 0.0000 0.0550
018480 0.5927 0.3523 0.0000 0.0550
018500 0.5927 0.3523 0.0000 0.0550
018520 0.5927 0.3523 0.0000 0.0550
018540 0.5927 0.3523 0.0000 0.0550
018560 0.5927 0.3523 0.0000 0.0550
018580 0.5927 0.3523 0.0000 0.0550
018600 0.5927 0.3523 0.0000 0.0550
018620 0.5927 0.3523 0.0000 0.0550
018640 0.5927 0.3523 0.0000 0.0550
018660 0.5927 0.3523 0.0000 0.0550
018680 0.5927 0.3523 0.0000 0.0550
018700 0.5927 0.3523 0.0000 0.0550
018720 0.5927 0.3523 0.0000 0.0550
018740 0.5927 0.3523 0.0000 0.0550
018760 0.5927 0.3523 0.0000 0.0550
018780 0.5927 0.3523 0.0000 0.0550
018800 0.5927 0.3523 0.0000 0.0550
018820 0.5927 0.3523 0.0000 0.0550
018840 0.5927 0.3523 0.0000 0.0550
018860 0.5927 0.3523 0.0000 0.0550
018880 0.5927 0.3523 0.0000 0.0550
018900 0.5927 0.3523 0.0000 0.0550
018920 0.5927 0.3523 0.0000 0.0550
018940 0.5927 0.3523 0.0000 0.0550
018960 0.5927 0.3523 0.0000 0.0550
018980 0.5927 0.3523 0.0000 0.0550
019000 0.5927 0.3523 0.0000 0.0550
019020 0.5927 0.3523 0.0000 0.0550
019040 0.5927 0.3523 0.0000 0.0550
019060 0.5927 0.3523 0.0000 0.0550
019080 0.5927 0.3523 0.0000 0.0550
019100 0.5927 0.3523 0.0000 0.0550
019120 0.5927 0.3523 0.0000 0.0550
019140 0.5927 0.3523 0.0000 0.0550
019160 0.5927 0.3523 0.0000 0.0550
019180 0.5927 0.3523 0.0000 0.0550
019200 0.5927 0.3523 0.0000 0.0550
019220 0.5927 0.3523 0.0000 0.0550
019240 0.5927 0.3523 0.0000 0.0550
019260 0.5927 0.3523 0.0000 0.0550
019280 0.5927 0.3523 0.0000 0.0550
019300 0.5927 0.3523 0.0000 0.0550
019320 0.5927 0.3523 0.0000 0.0550
019340 0.5927 0.3523 0.0000 0.0550
019360 0.5927 0.3523 0.0000 0.0550
019380 0.5927 0.3523 0.0000 0.0550
019400 0.5927 0.3523 0.0000 0.0550
019420 0.5927 0.3523 0.0000 0.0550
019440 0.5927 0.3523 0.0000 0.0550
019460 0.5927 0.3523 0.0000 0.0550
019480 0.5927 0.3523 0.0000 0.0550
019500 0.5927 0.3523 0.0000 0.0550
019520 0.5927 0.3523 0.0000 0.0550
019540 0.5927 0.3523 0.0000 0.0550
019560 0.5927 0.3523 0.0000 0.0550
019580 0.5927 0.3523 0.0000 0.0550
019600 0.5927 0.3523 0.0000 0.0550
019620 0.5927 0.3523 0.0000 0.0550
019640 0.5927 0.3523 0.0000 0.0550
019660 0.5927 0.3523 0.0000 0.0550
019680 0.5927 0.3523 0.0000 0.0550
019700 0.5927 0.3523 0.0000 0.0550
019720 0.5927 0.3523 0.0000 0.0550
019740 0.5927 0.3523 0.0000 0.0550
019760 0.5927 0.3523 0.0000 0.0550
019780 0.5927 0.3523 0.0000 0.0550
019800 0.5927 0.3523 0.0000 0.0550
019820 0.5927 0.3523 0.0000 0.0550
019840 0.5927 0.3523 0.0000 0.0550
019860 0.5927 0.3523 0.0000 0.0550
019880 0.5927 0.3523 0.0000 0.0550
019900 0.5927 0.3523 0.0000 0.0550
019920 0.5927 0.3523 0.0000 0.0550
019940 0.5927 0.3523 0.0000 0.0550
019960 0.5927 0.3523 0.0000 0.0550
019980 0.5927 0.3523 0.0000 0.0550
020000 0.5927 0.3523 0.0000 0.0550
