000000 0.2500 0.2500 0.2500 0.2500
000020 0.2605 0.2590 0.2295 0.2510
000040 0.2729 0.2682 0.2076 0.2513
000060 0.2853 0.2779 0.1865 0.2503
000080 0.2965 0.2881 0.1665 0.2489
000100 0.3052 0.2997 0.1477 0.2474
000120 0.3135 0.3122 0.1298 0.2445
000140 0.3212 0.3248 0.1127 0.2413
000160 0.3272 0.3382 0.0972 0.2375
000180 0.3323 0.3523 0.0828 0.2325
000200 0.3379 0.3665 0.0694 0.2262
000220 0.3428 0.3805 0.0571 0.2196
000240 0.3456 0.3965 0.0460 0.2119
000260 0.3464 0.4144 0.0360 0.2032
000280 0.3460 0.4329 0.0276 0.1936
000300 0.3439 0.4517 0.0201 0.1843
000320 0.3411 0.4719 0.0137 0.1733
000340 0.3369 0.4936 0.0086 0.1609
000360 0.3327 0.5137 0.0048 0.1488
000380 0.3269 0.5347 0.0019 0.1364
000400 0.3204 0.5566 0.0004 0.1226
000420 0.3128 0.5790 0.0000 0.1082
000440 0.3058 0.6021 0.0000 0.0921
000460 0.3004 0.6226 0.0000 0.0770
000480 0.2960 0.6361 0.0000 0.0679
000500 0.2916 0.6496 0.0000 0.0588
000520 0.2877 0.6621 0.0000 0.0502
000540 0.2852 0.6724 0.0000 0.0424
000560 0.2829 0.6798 0.0000 0.0373
000580 0.2854 0.6826 0.0000 0.0320
000600 0.2923 0.6801 0.0000 0.0276
000620 0.3006 0.6751 0.0000 0.0243
000640 0.3118 0.6655 0.0000 0.0227
000660 0.3227 0.6536 0.0000 0.0237
000680 0.3287 0.6455 0.0000 0.0258
000700 0.3337 0.6393 0.0000 0.0270
000720 0.3335 0.6378 0.0000 0.0287
000740 0.3345 0.6361 0.0000 0.0294
000760 0.3383 0.6316 0.0000 0.0301
000780 0.3462 0.6244 0.0000 0.0294
000800 0.3553 0.6153 0.0000 0.0294
000820 0.3653 0.6037 0.0000 0.0310
000840 0.3726 0.5959 0.0000 0.0315
000860 0.3751 0.5913 0.0000 0.0336
000880 0.3778 0.5888 0.0000 0.0334
000900 0.3867 0.5794 0.0000 0.0339
000920 0.3945 0.5712 0.0000 0.0343
000940 0.4042 0.5627 0.0000 0.0331
000960 0.4173 0.5506 0.0000 0.0320
000980 0.4325 0.5348 0.0000 0.0327
001000 0.4447 0.5212 0.0000 0.0341
001020 0.4524 0.5103 0.0000 0.0373
001040 0.4501 0.5091 0.0000 0.0408
001060 0.4433 0.5151 0.0000 0.0417
001080 0.4448 0.5152 0.0000 0.0400
001100 0.4540 0.5065 0.0000 0.0395
001120 0.4712 0.4916 0.0000 0.0372
001140 0.4928 0.4701 0.0000 0.0371
001160 0.5039 0.4548 0.0000 0.0413
001180 0.5051 0.4510 0.0000 0.0440
001200 0.5039 0.4519 0.0000 0.0442
001220 0.5078 0.4483 0.0000 0.0439
001240 0.5160 0.4395 0.0000 0.0445
001260 0.5233 0.4308 0.0000 0.0459
001280 0.5334 0.4225 0.0000 0.0441
001300 0.5478 0.4085 0.0000 0.0436
001320 0.5618 0.3926 0.0000 0.0456
001340 0.5651 0.3844 0.0000 0.0505
001360 0.5597 0.3886 0.0000 0.0518
001380 0.5556 0.3931 0.0000 0.0513
001400 0.5582 0.3923 0.0000 0.0495
001420 0.5675 0.3831 0.0000 0.0494
001440 0.5805 0.3719 0.0000 0.0476
001460 0.5930 0.3594 0.0000 0.0476
001480 0.5940 0.3570 0.0000 0.0490
001500 0.5916 0.3567 0.0000 0.0518
001520 0.5835 0.3625 0.0000 0.0540
001540 0.5796 0.3686 0.0000 0.0518
001560 0.5839 0.3655 0.0000 0.0506
001580 0.5906 0.3591 0.0000 0.0503
001600 0.5971 0.3545 0.0000 0.0484
001620 0.6074 0.3457 0.0000 0.0469
001640 0.6157 0.3355 0.0000 0.0487
001660 0.6149 0.3337 0.0000 0.0513
001680 0.6037 0.3409 0.0000 0.0554
001700 0.5924 0.3520 0.0000 0.0556
001720 0.5856 0.3608 0.0000 0.0536
001740 0.5917 0.3576 0.0000 0.0506
001760 0.5962 0.3519 0.0000 0.0519
001780 0.5999 0.3480 0.0000 0.0521
001800 0.6045 0.3449 0.0000 0.0505
001820 0.6070 0.3418 0.0000 0.0512
001840 0.6045 0.3425 0.0000 0.0530
001860 0.5999 0.3449 0.0000 0.0552
001880 0.5941 0.3510 0.0000 0.0549
001900 0.5860 0.3593 0.0000 0.0547
001920 0.5877 0.3607 0.0000 0.0516
001940 0.5936 0.3545 0.0000 0.0520
001960 0.6003 0.3485 0.0000 0.0512
001980 0.6044 0.3444 0.0000 0.0512
002000 0.6034 0.3429 0.0000 0.0536
002020 0.5938 0.3511 0.0000 0.0551
002040 0.5893 0.3562 0.0000 0.0545
002060 0.5918 0.3559 0.0000 0.0523
002080 0.6019 0.3491 0.0000 0.0490
002100 0.6090 0.3411 0.0000 0.0499
002120 0.6141 0.3347 0.0000 0.0512
002140 0.6129 0.3359 0.0000 0.0512
002160 0.6133 0.3362 0.0000 0.0506
002180 0.6123 0.3348 0.0000 0.0529
002200 0.6037 0.3408 0.0000 0.0555
002220 0.5914 0.3524 0.0000 0.0562
002240 0.5858 0.3593 0.0000 0.0549
002260 0.5858 0.3602 0.0000 0.0540
002280 0.5892 0.3586 0.0000 0.0522
002300 0.5888 0.3575 0.0000 0.0537
002320 0.5892 0.3577 0.0000 0.0531
002340 0.5966 0.3540 0.0000 0.0494
002360 0.6083 0.3413 0.0000 0.0504
002380 0.6112 0.3356 0.0000 0.0531
002400 0.6047 0.3385 0.0000 0.0567
002420 0.5870 0.3540 0.0000 0.0589
002440 0.5713 0.3698 0.0000 0.0589
002460 0.5664 0.3792 0.0000 0.0544
002480 0.5746 0.3735 0.0000 0.0518
002500 0.5911 0.3582 0.0000 0.0506
002520 0.6029 0.3463 0.0000 0.0508
002540 0.6032 0.3453 0.0000 0.0514
002560 0.6004 0.3473 0.0000 0.0523
002580 0.5992 0.3475 0.0000 0.0533
002600 0.5973 0.3502 0.0000 0.0524
002620 0.5954 0.3515 0.0000 0.0531
002640 0.5993 0.3500 0.0000 0.0506
002660 0.6050 0.3432 0.0000 0.0518
002680 0.6006 0.3463 0.0000 0.0532
002700 0.6038 0.3442 0.0000 0.0520
002720 0.6024 0.3437 0.0000 0.0539
002740 0.5962 0.3489 0.0000 0.0549
002760 0.5910 0.3543 0.0000 0.0547
002780 0.5851 0.3603 0.0000 0.0547
002800 0.5865 0.3593 0.0000 0.0541
002820 0.5934 0.3567 0.0000 0.0499
002840 0.6026 0.3480 0.0000 0.0494
002860 0.6092 0.3410 0.0000 0.0498
002880 0.6125 0.3339 0.0000 0.0535
002900 0.6086 0.3371 0.0000 0.0543
002920 0.5996 0.3450 0.0000 0.0555
002940 0.5928 0.3542 0.0000 0.0530
002960 0.5893 0.3565 0.0000 0.0541
002980 0.5867 0.3584 0.0000 0.0548
003000 0.5889 0.3583 0.0000 0.0527
003020 0.5954 0.3539 0.0000 0.0507
003040 0.6027 0.3451 0.0000 0.0522
003060 0.5992 0.3470 0.0000 0.0538
003080 0.5955 0.3505 0.0000 0.0540
003100 0.5937 0.3524 0.0000 0.0539
003120 0.5859 0.3581 0.0000 0.0559
003140 0.5888 0.3596 0.0000 0.0516
003160 0.6003 0.3512 0.0000 0.0484
003180 0.6127 0.3398 0.0000 0.0476
003200 0.6201 0.3290 0.0000 0.0509
003220 0.6138 0.3313 0.0000 0.0549
003240 0.5978 0.3447 0.0000 0.0575
003260 0.5870 0.3581 0.0000 0.0549
003280 0.5836 0.3635 0.0000 0.0529
003300 0.5860 0.3637 0.0000 0.0503
003320 0.5959 0.3549 0.0000 0.0491
003340 0.6052 0.3442 0.0000 0.0506
003360 0.6109 0.3387 0.0000 0.0504
003380 0.6111 0.3360 0.0000 0.0529
003400 0.5997 0.3445 0.0000 0.0558
003420 0.5883 0.3551 0.0000 0.0565
003440 0.5855 0.3593 0.0000 0.0552
003460 0.5875 0.3607 0.0000 0.0517
003480 0.5936 0.3552 0.0000 0.0512
003500 0.5968 0.3492 0.0000 0.0540
003520 0.5930 0.3522 0.0000 0.0548
003540 0.5971 0.3500 0.0000 0.0528
003560 0.6007 0.3490 0.0000 0.0503
003580 0.6038 0.3450 0.0000 0.0512
003600 0.6072 0.3428 0.0000 0.0500
003620 0.6081 0.3394 0.0000 0.0525
003640 0.6001 0.3431 0.0000 0.0567
003660 0.5917 0.3530 0.0000 0.0553
003680 0.5815 0.3612 0.0000 0.0573
003700 0.5826 0.3655 0.0000 0.0519
003720 0.5943 0.3589 0.0000 0.0469
003740 0.6092 0.3413 0.0000 0.0494
003760 0.6124 0.3351 0.0000 0.0525
003780 0.6102 0.3354 0.0000 0.0544
003800 0.6012 0.3442 0.0000 0.0546
003820 0.5913 0.3528 0.0000 0.0559
003840 0.5798 0.3631 0.0000 0.0571
003860 0.5762 0.3694 0.0000 0.0543
003880 0.5842 0.3642 0.0000 0.0516
003900 0.5984 0.3522 0.0000 0.0494
003920 0.6108 0.3419 0.0000 0.0473
003940 0.6221 0.3289 0.0000 0.0490
003960 0.6231 0.3241 0.0000 0.0527
003980 0.6182 0.3266 0.0000 0.0552
004000 0.6071 0.3393 0.0000 0.0536
004020 0.6007 0.3461 0.0000 0.0532
004040 0.5970 0.3488 0.0000 0.0542
004060 0.5918 0.3531 0.0000 0.0552
004080 0.5854 0.3591 0.0000 0.0555
004100 0.5786 0.3659 0.0000 0.0555
004120 0.5775 0.3685 0.0000 0.0540
004140 0.5813 0.3650 0.0000 0.0538
004160 0.5852 0.3631 0.0000 0.0517
004180 0.5947 0.3552 0.0000 0.0501
004200 0.6047 0.3457 0.0000 0.0496
004220 0.6068 0.3408 0.0000 0.0524
004240 0.6012 0.3441 0.0000 0.0547
004260 0.5948 0.3496 0.0000 0.0556
004280 0.5925 0.3523 0.0000 0.0552
004300 0.5856 0.3571 0.0000 0.0573
004320 0.5819 0.3634 0.0000 0.0547
004340 0.5864 0.3627 0.0000 0.0510
004360 0.5981 0.3529 0.0000 0.0490
004380 0.6082 0.3421 0.0000 0.0496
004400 0.6119 0.3359 0.0000 0.0522
004420 0.6063 0.3385 0.0000 0.0551
004440 0.5940 0.3488 0.0000 0.0572
004460 0.5807 0.3620 0.0000 0.0574
004480 0.5821 0.3659 0.0000 0.0520
004500 0.5915 0.3589 0.0000 0.0496
004520 0.6004 0.3488 0.0000 0.0507
004540 0.6036 0.3421 0.0000 0.0543
004560 0.5966 0.3481 0.0000 0.0553
004580 0.5862 0.3587 0.0000 0.0551
004600 0.5847 0.3600 0.0000 0.0553
004620 0.5918 0.3567 0.0000 0.0515
004640 0.6011 0.3484 0.0000 0.0505
004660 0.6105 0.3395 0.0000 0.0500
004680 0.6075 0.3395 0.0000 0.0531
004700 0.6014 0.3440 0.0000 0.0547
004720 0.5911 0.3530 0.0000 0.0558
004740 0.5868 0.3603 0.0000 0.0529
004760 0.5860 0.3601 0.0000 0.0539
004780 0.5906 0.3581 0.0000 0.0513
004800 0.5987 0.3503 0.0000 0.0510
004820 0.6010 0.3453 0.0000 0.0537
004840 0.5926 0.3495 0.0000 0.0579
004860 0.5814 0.3614 0.0000 0.0572
004880 0.5760 0.3699 0.0000 0.0541
004900 0.5809 0.3685 0.0000 0.0506
004920 0.5979 0.3553 0.0000 0.0468
004940 0.6167 0.3393 0.0000 0.0440
004960 0.6287 0.3228 0.0000 0.0485
004980 0.6277 0.3197 0.0000 0.0527
005000 0.6103 0.3308 0.0000 0.0589
005020 0.5897 0.3511 0.0000 0.0592
005040 0.5774 0.3655 0.0000 0.0571
005060 0.5750 0.3700 0.0000 0.0550
005080 0.5803 0.3671 0.0000 0.0526
005100 0.5917 0.3587 0.0000 0.0495
005120 0.6063 0.3462 0.0000 0.0475
005140 0.6180 0.3326 0.0000 0.0494
005160 0.6159 0.3314 0.0000 0.0527
005180 0.6087 0.3368 0.0000 0.0545
005200 0.5966 0.3472 0.0000 0.0562
005220 0.5893 0.3566 0.0000 0.0541
005240 0.5826 0.3607 0.0000 0.0566
005260 0.5745 0.3702 0.0000 0.0553
005280 0.5828 0.3676 0.0000 0.0496
005300 0.5989 0.3534 0.0000 0.0477
005320 0.6137 0.3383 0.0000 0.0480
005340 0.6239 0.3265 0.0000 0.0496
005360 0.6193 0.3281 0.0000 0.0526
005380 0.6073 0.3357 0.0000 0.0570
005400 0.5929 0.3502 0.0000 0.0569
005420 0.5825 0.3621 0.0000 0.0554
005440 0.5859 0.3614 0.0000 0.0527
005460 0.5930 0.3537 0.0000 0.0532
005480 0.5962 0.3516 0.0000 0.0522
005500 0.5998 0.3504 0.0000 0.0498
005520 0.6044 0.3474 0.0000 0.0482
005540 0.6112 0.3398 0.0000 0.0489
005560 0.6124 0.3340 0.0000 0.0536
005580 0.6097 0.3365 0.0000 0.0538
005600 0.5981 0.3469 0.0000 0.0550
005620 0.5908 0.3558 0.0000 0.0534
005640 0.5921 0.3560 0.0000 0.0519
005660 0.6033 0.3475 0.0000 0.0491
005680 0.6050 0.3432 0.0000 0.0518
005700 0.5984 0.3468 0.0000 0.0548
005720 0.5919 0.3545 0.0000 0.0536
005740 0.5861 0.3585 0.0000 0.0555
005760 0.5856 0.3600 0.0000 0.0544
005780 0.5883 0.3592 0.0000 0.0526
005800 0.5933 0.3547 0.0000 0.0520
005820 0.5968 0.3507 0.0000 0.0525
005840 0.6031 0.3468 0.0000 0.0501
005860 0.6082 0.3407 0.0000 0.0511
005880 0.6126 0.3376 0.0000 0.0499
005900 0.6124 0.3364 0.0000 0.0512
005920 0.6074 0.3408 0.0000 0.0518
005940 0.6045 0.3424 0.0000 0.0531
005960 0.6037 0.3445 0.0000 0.0518
005980 0.5983 0.3484 0.0000 0.0533
006000 0.5899 0.3530 0.0000 0.0571
006020 0.5814 0.3629 0.0000 0.0557
006040 0.5814 0.3642 0.0000 0.0544
006060 0.5874 0.3621 0.0000 0.0506
006080 0.5979 0.3528 0.0000 0.0493
006100 0.6111 0.3426 0.0000 0.0463
006120 0.6197 0.3304 0.0000 0.0499
006140 0.6175 0.3292 0.0000 0.0533
006160 0.6093 0.3347 0.0000 0.0560
006180 0.5948 0.3466 0.0000 0.0586
006200 0.5805 0.3625 0.0000 0.0569
006220 0.5755 0.3710 0.0000 0.0535
006240 0.5848 0.3646 0.0000 0.0506
006260 0.5951 0.3533 0.0000 0.0517
006280 0.6039 0.3468 0.0000 0.0493
006300 0.6080 0.3420 0.0000 0.0500
006320 0.6063 0.3409 0.0000 0.0528
006340 0.5975 0.3448 0.0000 0.0577
006360 0.5867 0.3561 0.0000 0.0572
006380 0.5813 0.3652 0.0000 0.0535
006400 0.5908 0.3587 0.0000 0.0505
006420 0.6002 0.3487 0.0000 0.0511
006440 0.6048 0.3417 0.0000 0.0536
006460 0.6004 0.3450 0.0000 0.0546
006480 0.5939 0.3512 0.0000 0.0549
006500 0.5927 0.3540 0.0000 0.0533
006520 0.5954 0.3545 0.0000 0.0501
006540 0.6012 0.3485 0.0000 0.0503
006560 0.6083 0.3416 0.0000 0.0500
006580 0.6117 0.3384 0.0000 0.0498
006600 0.6103 0.3381 0.0000 0.0517
006620 0.6039 0.3420 0.0000 0.0542
006640 0.5910 0.3528 0.0000 0.0562
006660 0.5829 0.3608 0.0000 0.0563
006680 0.5855 0.3615 0.0000 0.0530
006700 0.5925 0.3580 0.0000 0.0495
006720 0.6055 0.3466 0.0000 0.0479
006740 0.6147 0.3368 0.0000 0.0485
006760 0.6189 0.3294 0.0000 0.0517
006780 0.6102 0.3352 0.0000 0.0546
006800 0.6014 0.3442 0.0000 0.0544
006820 0.5921 0.3527 0.0000 0.0552
006840 0.5906 0.3558 0.0000 0.0536
006860 0.5949 0.3550 0.0000 0.0502
006880 0.6053 0.3445 0.0000 0.0501
006900 0.6114 0.3370 0.0000 0.0517
006920 0.6124 0.3347 0.0000 0.0529
006940 0.6059 0.3391 0.0000 0.0550
006960 0.5947 0.3510 0.0000 0.0543
006980 0.5900 0.3582 0.0000 0.0518
007000 0.5891 0.3567 0.0000 0.0542
007020 0.5910 0.3585 0.0000 0.0505
007040 0.5957 0.3527 0.0000 0.0516
007060 0.6028 0.3462 0.0000 0.0511
007080 0.6033 0.3433 0.0000 0.0533
007100 0.5975 0.3484 0.0000 0.0541
007120 0.5943 0.3527 0.0000 0.0531
007140 0.5967 0.3508 0.0000 0.0525
007160 0.5983 0.3462 0.0000 0.0555
007180 0.5960 0.3503 0.0000 0.0538
007200 0.6010 0.3486 0.0000 0.0504
007220 0.5984 0.3475 0.0000 0.0541
007240 0.5899 0.3534 0.0000 0.0567
007260 0.5919 0.3562 0.0000 0.0519
007280 0.5995 0.3512 0.0000 0.0492
007300 0.6103 0.3390 0.0000 0.0507
007320 0.6111 0.3365 0.0000 0.0523
007340 0.6026 0.3427 0.0000 0.0547
007360 0.5955 0.3508 0.0000 0.0537
007380 0.5897 0.3553 0.0000 0.0550
007400 0.5844 0.3615 0.0000 0.0541
007420 0.5882 0.3610 0.0000 0.0509
007440 0.6024 0.3495 0.0000 0.0481
007460 0.6114 0.3389 0.0000 0.0497
007480 0.6142 0.3343 0.0000 0.0515
007500 0.6064 0.3383 0.0000 0.0553
007520 0.5988 0.3463 0.0000 0.0550
007540 0.5883 0.3572 0.0000 0.0546
007560 0.5818 0.3631 0.0000 0.0551
007580 0.5754 0.3669 0.0000 0.0578
007600 0.5802 0.3661 0.0000 0.0537
007620 0.5901 0.3598 0.0000 0.0501
007640 0.6016 0.3499 0.0000 0.0485
007660 0.6081 0.3401 0.0000 0.0518
007680 0.6071 0.3404 0.0000 0.0525
007700 0.6038 0.3447 0.0000 0.0514
007720 0.5999 0.3453 0.0000 0.0548
007740 0.5904 0.3536 0.0000 0.0560
007760 0.5879 0.3599 0.0000 0.0522
007780 0.5884 0.3580 0.0000 0.0536
007800 0.5890 0.3577 0.0000 0.0533
007820 0.5904 0.3549 0.0000 0.0547
007840 0.5902 0.3560 0.0000 0.0538
007860 0.5880 0.3571 0.0000 0.0549
007880 0.5883 0.3589 0.0000 0.0528
007900 0.5888 0.3573 0.0000 0.0539
007920 0.5940 0.3540 0.0000 0.0520
007940 0.5999 0.3497 0.0000 0.0504
007960 0.6070 0.3435 0.0000 0.0495
007980 0.6119 0.3379 0.0000 0.0502
008000 0.6137 0.3364 0.0000 0.0499
008020 0.6112 0.3376 0.0000 0.0511
008040 0.6131 0.3349 0.0000 0.0520
008060 0.6064 0.3401 0.0000 0.0535
008080 0.6008 0.3459 0.0000 0.0533
008100 0.5967 0.3481 0.0000 0.0551
008120 0.5896 0.3550 0.0000 0.0554
008140 0.5870 0.3590 0.0000 0.0541
008160 0.5872 0.3594 0.0000 0.0534
008180 0.5912 0.3558 0.0000 0.0531
008200 0.6012 0.3496 0.0000 0.0491
008220 0.6049 0.3436 0.0000 0.0515
008240 0.6040 0.3425 0.0000 0.0536
008260 0.5991 0.3463 0.0000 0.0546
008280 0.5952 0.3522 0.0000 0.0526
008300 0.5915 0.3545 0.0000 0.0540
008320 0.5913 0.3554 0.0000 0.0533
008340 0.5940 0.3544 0.0000 0.0517
008360 0.6020 0.3491 0.0000 0.0489
008380 0.6131 0.3393 0.0000 0.0477
008400 0.6181 0.3293 0.0000 0.0526
008420 0.6113 0.3329 0.0000 0.0558
008440 0.5979 0.3448 0.0000 0.0573
008460 0.5839 0.3607 0.0000 0.0555
008480 0.5808 0.3654 0.0000 0.0538
008500 0.5835 0.3637 0.0000 0.0527
008520 0.5893 0.3589 0.0000 0.0518
008540 0.5937 0.3549 0.0000 0.0514
008560 0.6007 0.3486 0.0000 0.0507
008580 0.6068 0.3427 0.0000 0.0505
008600 0.6102 0.3391 0.0000 0.0507
008620 0.6065 0.3398 0.0000 0.0538
008640 0.5951 0.3484 0.0000 0.0564
008660 0.5884 0.3562 0.0000 0.0554
008680 0.5871 0.3578 0.0000 0.0552
008700 0.5904 0.3559 0.0000 0.0537
008720 0.5951 0.3526 0.0000 0.0523
008740 0.5967 0.3514 0.0000 0.0519
008760 0.6006 0.3485 0.0000 0.0509
008780 0.6029 0.3455 0.0000 0.0516
008800 0.5993 0.3456 0.0000 0.0551
008820 0.5945 0.3502 0.0000 0.0554
008840 0.5859 0.3577 0.0000 0.0564
008860 0.5828 0.3635 0.0000 0.0537
008880 0.5860 0.3636 0.0000 0.0504
008900 0.5962 0.3549 0.0000 0.0488
008920 0.6084 0.3418 0.0000 0.0498
008940 0.6118 0.3364 0.0000 0.0518
008960 0.6097 0.3379 0.0000 0.0524
008980 0.6021 0.3423 0.0000 0.0556
009000 0.5859 0.3565 0.0000 0.0576
009020 0.5781 0.3649 0.0000 0.0570
009040 0.5802 0.3666 0.0000 0.0532
009060 0.5887 0.3590 0.0000 0.0522
009080 0.5956 0.3536 0.0000 0.0508
009100 0.6031 0.3458 0.0000 0.0511
009120 0.6046 0.3423 0.0000 0.0530
009140 0.6015 0.3460 0.0000 0.0526
009160 0.6011 0.3473 0.0000 0.0515
009180 0.6017 0.3458 0.0000 0.0526
009200 0.5997 0.3477 0.0000 0.0527
009220 0.5993 0.3487 0.0000 0.0520
009240 0.6036 0.3446 0.0000 0.0518
009260 0.6047 0.3428 0.0000 0.0526
009280 0.6003 0.3463 0.0000 0.0535
009300 0.5932 0.3514 0.0000 0.0555
009320 0.5853 0.3593 0.0000 0.0554
009340 0.5805 0.3662 0.0000 0.0533
009360 0.5848 0.3622 0.0000 0.0530
009380 0.5926 0.3544 0.0000 0.0531
009400 0.5908 0.3547 0.0000 0.0545
009420 0.5856 0.3579 0.0000 0.0565
009440 0.5850 0.3615 0.0000 0.0535
009460 0.5896 0.3578 0.0000 0.0526
009480 0.5958 0.3543 0.0000 0.0499
009500 0.6046 0.3457 0.0000 0.0498
009520 0.6056 0.3427 0.0000 0.0516
009540 0.6022 0.3427 0.0000 0.0551
009560 0.5917 0.3508 0.0000 0.0575
009580 0.5881 0.3586 0.0000 0.0534
009600 0.5877 0.3574 0.0000 0.0549
009620 0.5880 0.3551 0.0000 0.0569
009640 0.5891 0.3581 0.0000 0.0529
009660 0.5925 0.3562 0.0000 0.0513
009680 0.6000 0.3499 0.0000 0.0501
009700 0.6055 0.3440 0.0000 0.0505
009720 0.6116 0.3385 0.0000 0.0499
009740 0.6084 0.3368 0.0000 0.0548
009760 0.6004 0.3441 0.0000 0.0555
009780 0.5949 0.3508 0.0000 0.0543
009800 0.5946 0.3527 0.0000 0.0527
009820 0.5948 0.3508 0.0000 0.0544
009840 0.5890 0.3560 0.0000 0.0550
009860 0.5885 0.3583 0.0000 0.0532
009880 0.5912 0.3573 0.0000 0.0516
009900 0.5976 0.3526 0.0000 0.0498
009920 0.6027 0.3476 0.0000 0.0497
009940 0.6086 0.3400 0.0000 0.0515
009960 0.6076 0.3392 0.0000 0.0532
009980 0.6023 0.3437 0.0000 0.0541
010000 0.6010 0.3469 0.0000 0.0522
010020 0.5993 0.3479 0.0000 0.0528
010040 0.5993 0.3479 0.0000 0.0528
010060 0.5993 0.3479 0.0000 0.0528
010080 0.5993 0.3479 0.0000 0.0528
010100 0.5993 0.3479 0.0000 0.0528
010120 0.5993 0.3479 0.0000 0.0528
010140 0.5993 0.3479 0.0000 0.0528
010160 0.5993 0.3479 0.0000 0.0528
010180 0.5993 0.3479 0.0000 0.0528
010200 0.5993 0.3479 0.0000 0.0528
010220 0.5993 0.3479 0.0000 0.0528
010240 0.5993 0.3479 0.0000 0.0528
010260 0.5993 0.3479 0.0000 0.0528
010280 0.5993 0.3479 0.0000 0.0528
010300 0.5993 0.3479 0.0000 0.0528
010320 0.5993 0.3479 0.0000 0.0528
010340 0.5993 0.3479 0.0000 0.0528
010360 0.5993 0.3479 0.0000 0.0528
010380 0.5993 0.3479 0.0000 0.0528
010400 0.5993 0.3479 0.0000 0.0528
010420 0.5993 0.3479 0.0000 0.0528
010440 0.5993 0.3479 0.0000 0.0528
010460 0.5993 0.3479 0.0000 0.0528
010480 0.5993 0.3479 0.0000 0.0528
010500 0.5993 0.3479 0.0000 0.0528
010520 0.5993 0.3479 0.0000 0.0528
010540 0.5993 0.3479 0.0000 0.0528
010560 0.5993 0.3479 0.0000 0.0528
010580 0.5993 0.3479 0.0000 0.0528
010600 0.5993 0.3479 0.0000 0.0528
010620 0.5993 0.3479 0.0000 0.0528
010640 0.5993 0.3479 0.0000 0.0528
010660 0.5993 0.3479 0.0000 0.0528
010680 0.5993 0.3479 0.0000 0.0528
010700 0.5993 0.3479 0.0000 0.0528
010720 0.5993 0.3479 0.0000 0.0528
010740 0.5993 0.3479 0.0000 0.0528
010760 0.5993 0.3479 0.0000 0.0528
010780 0.5993 0.3479 0.0000 0.0528
010800 0.5993 0.3479 0.0000 0.0528
010820 0.5993 0.3479 0.0000 0.0528
010840 0.5993 0.3479 0.0000 0.0528
010860 0.5993 0.3479 0.0000 0.0528
010880 0.5993 0.3479 0.0000 0.0528
010900 0.5993 0.3479 0.0000 0.0528
010920 0.5993 0.3479 0.0000 0.0528
010940 0.5993 0.3479 0.0000 0.0528
010960 0.5993 0.3479 0.0000 0.0528
010980 0.5993 0.3479 0.0000 0.0528
011000 0.5993 0.3479 0.0000 0.0528
011020 0.5993 0.3479 0.0000 0.0528
011040 0.5993 0.3479 0.0000 0.0528
011060 0.5993 0.3479 0.0000 0.0528
011080 0.5993 0.3479 0.0000 0.0528
011100 0.5993 0.3479 0.0000 0.0528
011120 0.5993 0.3479 0.0000 0.0528
011140 0.5993 0.3479 0.0000 0.0528
011160 0.5993 0.3479 0.0000 0.0528
011180 0.5993 0.3479 0.0000 0.0528
011200 0.5993 0.3479 0.0000 0.0528
011220 0.5993 0.3479 0.0000 0.0528
011240 0.5993 0.3479 0.0000 0.0528
011260 0.5993 0.3479 0.0000 0.0528
011280 0.5993 0.3479 0.0000 0.0528
011300 0.5993 0.3479 0.0000 0.0528
011320 0.5993 0.3479 0.0000 0.0528
011340 0.5993 0.3479 0.0000 0.0528
011360 0.5993 0.3479 0.0000 0.0528
011380 0.5993 0.3479 0.0000 0.0528
011400 0.5993 0.3479 0.0000 0.0528
011420 0.5993 0.3479 0.0000 0.0528
011440 0.5993 0.3479 0.0000 0.0528
011460 0.5993 0.3479 0.0000 0.0528
011480 0.5993 0.3479 0.0000 0.0528
011500 0.5993 0.3479 0.0000 0.0528
011520 0.5993 0.3479 0.0000 0.0528
011540 0.5993 0.3479 0.0000 0.0528
011560 0.5993 0.3479 0.0000 0.0528
011580 0.5993 0.3479 0.0000 0.0528
011600 0.5993 0.3479 0.0000 0.0528
011620 0.5993 0.3479 0.0000 0.0528
011640 0.5993 0.3479 0.0000 0.0528
011660 0.5993 0.3479 0.0000 0.0528
011680 0.5993 0.3479 0.0000 0.0528
011700 0.5993 0.3479 0.0000 0.0528
011720 0.5993 0.3479 0.0000 0.0528
011740 0.5993 0.3479 0.0000 0.0528
011760 0.5993 0.3479 0.0000 0.0528
011780 0.5993 0.3479 0.0000 0.0528
011800 0.5993 0.3479 0.0000 0.0528
011820 0.5993 0.3479 0.0000 0.0528
011840 0.5993 0.3479 0.0000 0.0528
011860 0.5993 0.3479 0.0000 0.0528
011880 0.5993 0.3479 0.0000 0.0528
011900 0.5993 0.3479 0.0000 0.0528
011920 0.5993 0.3479 0.0000 0.0528
011940 0.5993 0.3479 0.0000 0.0528
011960 0.5993 0.3479 0.0000 0.0528
011980 0.5993 0.3479 0.0000 0.0528
012000 0.5993 0.3479 0.0000 0.0528
012020 0.5993 0.3479 0.0000 0.0528
012040 0.5993 0.3479 0.0000 0.0528
012060 0.5993 0.3479 0.0000 0.0528
012080 0.5993 0.3479 0.0000 0.0528
012100 0.5993 0.3479 0.0000 0.0528
012120 0.5993 0.3479 0.0000 0.0528
012140 0.5993 0.3479 0.0000 0.0528
012160 0.5993 0.3479 0.0000 0.0528
012180 0.5993 0.3479 0.0000 0.0528
012200 0.5993 0.3479 0.0000 0.0528
012220 0.5993 0.3479 0.0000 0.0528
012240 0.5993 0.3479 0.0000 0.0528
012260 0.5993 0.3479 0.0000 0.0528
012280 0.5993 0.3479 0.0000 0.0528
012300 0.5993 0.3479 0.0000 0.0528
012320 0.5993 0.3479 0.0000 0.0528
012340 0.5993 0.3479 0.0000 0.0528
012360 0.5993 0.3479 0.0000 0.0528
012380 0.5993 0.3479 0.0000 0.0528
012400 0.5993 0.3479 0.0000 0.0528
012420 0.5993 0.3479 0.0000 0.0528
012440 0.5993 0.3479 0.0000 0.0528
012460 0.5993 0.3479 0.0000 0.0528
012480 0.5993 0.3479 0.0000 0.0528
012500 0.5993 0.3479 0.0000 0.0528
012520 0.5993 0.3479 0.0000 0.0528
012540 0.5993 0.3479 0.0000 0.0528
012560 0.5993 0.3479 0.0000 0.0528
012580 0.5993 0.3479 0.0000 0.0528
012600 0.5993 0.3479 0.0000 0.0528
012620 0.5993 0.3479 0.0000 0.0528
012640 0.5993 0.3479 0.0000 0.0528
012660 0.5993 0.3479 0.0000 0.0528
012680 0.5993 0.3479 0.0000 0.0528
012700 0.5993 0.3479 0.0000 0.0528
012720 0.5993 0.3479 0.0000 0.0528
012740 0.5993 0.3479 0.0000 0.0528
012760 0.5993 0.3479 0.0000 0.0528
012780 0.5993 0.3479 0.0000 0.0528
012800 0.5993 0.3479 0.0000 0.0528
012820 0.5993 0.3479 0.0000 0.0528
012840 0.5993 0.3479 0.0000 0.0528
012860 0.5993 0.3479 0.0000 0.0528
012880 0.5993 0.3479 0.0000 0.0528
012900 0.5993 0.3479 0.0000 0.0528
012920 0.5993 0.3479 0.0000 0.0528
012940 0.5993 0.3479 0.0000 0.0528
012960 0.5993 0.3479 0.0000 0.0528
012980 0.5993 0.3479 0.0000 0.0528
013000 0.5993 0.3479 0.0000 0.0528
013020 0.5993 0.3479 0.0000 0.0528
013040 0.5993 0.3479 0.0000 0.0528
013060 0.5993 0.3479 0.0000 0.0528
013080 0.5993 0.3479 0.0000 0.0528
013100 0.5993 0.3479 0.0000 0.0528
013120 0.5993 0.3479 0.0000 0.0528
013140 0.5993 0.3479 0.0000 0.0528
013160 0.5993 0.3479 0.0000 0.0528
013180 0.5993 0.3479 0.0000 0.0528
013200 0.5993 0.3479 0.0000 0.0528
013220 0.5993 0.3479 0.0000 0.0528
013240 0.5993 0.3479 0.0000 0.0528
013260 0.5993 0.3479 0.0000 0.0528
013280 0.5993 0.3479 0.0000 0.0528
013300 0.5993 0.3479 0.0000 0.0528
013320 0.5993 0.3479 0.0000 0.0528
013340 0.5993 0.3479 0.0000 0.0528
013360 0.5993 0.3479 0.0000 0.0528
013380 0.5993 0.3479 0.0000 0.0528
013400 0.5993 0.3479 0.0000 0.0528
013420 0.5993 0.3479 0.0000 0.0528
013440 0.5993 0.3479 0.0000 0.0528
013460 0.5993 0.3479 0.0000 0.0528
013480 0.5993 0.3479 0.0000 0.0528
013500 0.5993 0.3479 0.0000 0.0528
013520 0.5993 0.3479 0.0000 0.0528
013540 0.5993 0.3479 0.0000 0.0528
013560 0.5993 0.3479 0.0000 0.0528
013580 0.5993 0.3479 0.0000 0.0528
013600 0.5993 0.3479 0.0000 0.0528
013620 0.5993 0.3479 0.0000 0.0528
013640 0.5993 0.3479 0.0000 0.0528
013660 0.5993 0.3479 0.0000 0.0528
013680 0.5993 0.3479 0.0000 0.0528
013700 0.5993 0.3479 0.0000 0.0528
013720 0.5993 0.3479 0.0000 0.0528
013740 0.5993 0.3479 0.0000 0.0528
013760 0.5993 0.3479 0.0000 0.0528
013780 0.5993 0.3479 0.0000 0.0528
013800 0.5993 0.3479 0.0000 0.0528
013820 0.5993 0.3479 0.0000 0.0528
013840 0.5993 0.3479 0.0000 0.0528
013860 0.5993 0.3479 0.0000 0.0528
013880 0.5993 0.3479 0.0000 0.0528
013900 0.5993 0.3479 0.0000 0.0528
013920 0.5993 0.3479 0.0000 0.0528
013940 0.5993 0.3479 0.0000 0.0528
013960 0.5993 0.3479 0.0000 0.0528
013980 0.5993 0.3479 0.0000 0.0528
014000 0.5993 0.3479 0.0000 0.0528
014020 0.5993 0.3479 0.0000 0.0528
014040 0.5993 0.3479 0.0000 0.0528
014060 0.5993 0.3479 0.0000 0.0528
014080 0.5993 0.3479 0.0000 0.0528
014100 0.5993 0.3479 0.0000 0.0528
014120 0.5993 0.3479 0.0000 0.0528
014140 0.5993 0.3479 0.0000 0.0528
014160 0.5993 0.3479 0.0000 0.0528
014180 0.5993 0.3479 0.0000 0.0528
014200 0.5993 0.3479 0.0000 0.0528
014220 0.5993 0.3479 0.0000 0.0528
014240 0.5993 0.3479 0.0000 0.0528
014260 0.5993 0.3479 0.0000 0.0528
014280 0.5993 0.3479 0.0000 0.0528
014300 0.5993 0.3479 0.0000 0.0528
014320 0.5993 0.3479 0.0000 0.0528
014340 0.5993 0.3479 0.0000 0.0528
014360 0.5993 0.3479 0.0000 0.0528
014380 0.5993 0.3479 0.0000 0.0528
014400 0.5993 0.3479 0.0000 0.0528
014420 0.5993 0.3479 0.0000 0.0528
014440 0.5993 0.3479 0.0000 0.0528
014460 0.5993 0.3479 0.0000 0.0528
014480 0.5993 0.3479 0.0000 0.0528
014500 0.5993 0.3479 0.0000 0.0528
014520 0.5993 0.3479 0.0000 0.0528
014540 0.5993 0.3479 0.0000 0.0528
014560 0.5993 0.3479 0.0000 0.0528
014580 0.5993 0.3479 0.0000 0.0528
014600 0.5993 0.3479 0.0000 0.0528
014620 0.5993 0.3479 0.0000 0.0528
014640 0.5993 0.3479 0.0000 0.0528
014660 0.5993 0.3479 0.0000 0.0528
014680 0.5993 0.3479 0.0000 0.0528
014700 0.5993 0.3479 0.0000 0.0528
014720 0.5993 0.3479 0.0000 0.0528
014740 0.5993 0.3479 0.0000 0.0528
014760 0.5993 0.3479 0.0000 0.0528
014780 0.5993 0.3479 0.0000 0.0528
014800 0.5993 0.3479 0.0000 0.0528
014820 0.5993 0.3479 0.0000 0.0528
014840 0.5993 0.3479 0.0000 0.0528
014860 0.5993 0.3479 0.0000 0.0528
014880 0.5993 0.3479 0.0000 0.0528
014900 0.5993 0.3479 0.0000 0.0528
014920 0.5993 0.3479 0.0000 0.0528
014940 0.5993 0.3479 0.0000 0.0528
014960 0.5993 0.3479 0.0000 0.0528
014980 0.5993 0.3479 0.0000 0.0528
015000 0.5993 0.3479 0.0000 0.0528
015020 0.5993 0.3479 0.0000 0.0528
015040 0.5993 0.3479 0.0000 0.0528
015060 0.5993 0.3479 0.0000 0.0528
015080 0.5993 0.3479 0.0000 0.0528
015100 0.5993 0.3479 0.0000 0.0528
015120 0.5993 0.3479 0.0000 0.0528
015140 0.5993 0.3479 0.0000 0.0528
015160 0.5993 0.3479 0.0000 0.0528
015180 0.5993 0.3479 0.0000 0.0528
015200 0.5993 0.3479 0.0000 0.0528
015220 0.5993 0.3479 0.0000 0.0528
015240 0.5993 0.3479 0.0000 0.0528
015260 0.5993 0.3479 0.0000 0.0528
015280 0.5993 0.3479 0.0000 0.0528
015300 0.5993 0.3479 0.0000 0.0528
015320 0.5993 0.3479 0.0000 0.0528
015340 0.5993 0.3479 0.0000 0.0528
015360 0.5993 0.3479 0.0000 0.0528
015380 0.5993 0.3479 0.0000 0.0528
015400 0.5993 0.3479 0.0000 0.0528
015420 0.5993 0.3479 0.0000 0.0528
015440 0.5993 0.3479 0.0000 0.0528
015460 0.5993 0.3479 0.0000 0.0528
015480 0.5993 0.3479 0.0000 0.0528
015500 0.5993 0.3479 0.0000 0.0528
015520 0.5993 0.3479 0.0000 0.0528
015540 0.5993 0.3479 0.0000 0.0528
015560 0.5993 0.3479 0.0000 0.0528
015580 0.5993 0.3479 0.0000 0.0528
015600 0.5993 0.3479 0.0000 0.0528
015620 0.5993 0.3479 0.0000 0.0528
015640 0.5993 0.3479 0.0000 0.0528
015660 0.5993 0.3479 0.0000 0.0528
015680 0.5993 0.3479 0.0000 0.0528
015700 0.5993 0.3479 0.0000 0.0528
015720 0.5993 0.3479 0.0000 0.0528
015740 0.5993 0.3479 0.0000 0.0528
015760 0.5993 0.3479 0.0000 0.0528
015780 0.5993 0.3479 0.0000 0.0528
015800 0.5993 0.3479 0.0000 0.0528
015820 0.5993 0.3479 0.0000 0.0528
015840 0.5993 0.3479 0.0000 0.0528
015860 0.5993 0.3479 0.0000 0.0528
015880 0.5993 0.3479 0.0000 0.0528
015900 0.5993 0.3479 0.0000 0.0528
015920 0.5993 0.3479 0.0000 0.0528
015940 0.5993 0.3479 0.0000 0.0528
015960 0.5993 0.3479 0.0000 0.0528
015980 0.5993 0.3479 0.0000 0.0528
016000 0.5993 0.3479 0.0000 0.0528
016020 0.5993 0.3479 0.0000 0.0528
016040 0.5993 0.3479 0.0000 0.0528
016060 0.5993 0.3479 0.0000 0.0528
016080 0.5993 0.3479 0.0000 0.0528
016100 0.5993 0.3479 0.0000 0.0528
016120 0.5993 0.3479 0.0000 0.0528
016140 0.5993 0.3479 0.0000 0.0528
016160 0.5993 0.3479 0.0000 0.0528
016180 0.5993 0.3479 0.0000 0.0528
016200 0.5993 0.3479 0.0000 0.0528
016220 0.5993 0.3479 0.0000 0.0528
016240 0.5993 0.3479 0.0000 0.0528
016260 0.5993 0.3479 0.0000 0.0528
016280 0.5993 0.3479 0.0000 0.0528
016300 0.5993 0.3479 0.0000 0.0528
016320 0.5993 0.3479 0.0000 0.0528
016340 0.5993 0.3479 0.0000 0.0528
016360 0.5993 0.3479 0.0000 0.0528
016380 0.5993 0.3479 0.0000 0.0528
016400 0.5993 0.3479 0.0000 0.0528
016420 0.5993 0.3479 0.0000 0.0528
016440 0.5993 0.3479 0.0000 0.0528
016460 0.5993 0.3479 0.0000 0.0528
016480 0.5993 0.3479 0.0000 0.0528
016500 0.5993 0.3479 0.0000 0.0528
016520 0.5993 0.3479 0.0000 0.0528
016540 0.5993 0.3479 0.0000 0.0528
016560 0.5993 0.3479 0.0000 0.0528
016580 0.5993 0.3479 0.0000 0.0528
016600 0.5993 0.3479 0.0000 0.0528
016620 0.5993 0.3479 0.0000 0.0528
016640 0.5993 0.3479 0.0000 0.0528
016660 0.5993 0.3479 0.0000 0.0528
016680 0.5993 0.3479 0.0000 0.0528
016700 0.5993 0.3479 0.0000 0.0528
016720 0.5993 0.3479 0.0000 0.0528
016740 0.5993 0.3479 0.0000 0.0528
016760 0.5993 0.3479 0.0000 0.0528
016780 0.5993 0.3479 0.0000 0.0528
016800 0.5993 0.3479 0.0000 0.0528
016820 0.5993 0.3479 0.0000 0.0528
016840 0.5993 0.3479 0.0000 0.0528
016860 0.5993 0.3479 0.0000 0.0528
016880 0.5993 0.3479 0.0000 0.0528
016900 0.5993 0.3479 0.0000 0.0528
016920 0.5993 0.3479 0.0000 0.0528
016940 0.5993 0.3479 0.0000 0.0528
016960 0.5993 0.3479 0.0000 0.0528
016980 0.5993 0.3479 0.0000 0.0528
017000 0.5993 0.3479 0.0000 0.0528
017020 0.5993 0.3479 0.0000 0.0528
017040 0.5993 0.3479 0.0000 0.0528
017060 0.5993 0.3479 0.0000 0.0528
017080 0.5993 0.3479 0.0000 0.0528
017100 0.5993 0.3479 0.0000 0.0528
017120 0.5993 0.3479 0.0000 0.0528
017140 0.5993 0.3479 0.0000 0.0528
017160 0.5993 0.3479 0.0000 0.0528
017180 0.5993 0.3479 0.0000 0.0528
017200 0.5993 0.3479 0.0000 0.0528
017220 0.5993 0.3479 0.0000 0.0528
017240 0.5993 0.3479 0.0000 0.0528
017260 0.5993 0.3479 0.0000 0.0528
017280 0.5993 0.3479 0.0000 0.0528
017300 0.5993 0.3479 0.0000 0.0528
017320 0.5993 0.3479 0.0000 0.0528
017340 0.5993 0.3479 0.0000 0.0528
017360 0.5993 0.3479 0.0000 0.0528
017380 0.5993 0.3479 0.0000 0.0528
017400 0.5993 0.3479 0.0000 0.0528
017420 0.5993 0.3479 0.0000 0.0528
017440 0.5993 0.3479 0.0000 0.0528
017460 0.5993 0.3479 0.0000 0.0528
017480 0.5993 0.3479 0.0000 0.0528
017500 0.5993 0.3479 0.0000 0.0528
017520 0.5993 0.3479 0.0000 0.0528
017540 0.5993 0.3479 0.0000 0.0528
017560 0.5993 0.3479 0.0000 0.0528
017580 0.5993 0.3479 0.0000 0.0528
017600 0.5993 0.3479 0.0000 0.0528
017620 0.5993 0.3479 0.0000 0.0528
017640 0.5993 0.3479 0.0000 0.0528
017660 0.5993 0.3479 0.0000 0.0528
017680 0.5993 0.3479 0.0000 0.0528
017700 0.5993 0.3479 0.0000 0.0528
017720 0.5993 0.3479 0.0000 0.0528
017740 0.5993 0.3479 0.0000 0.0528
017760 0.5993 0.3479 0.0000 0.0528
017780 0.5993 0.3479 0.0000 0.0528
017800 0.5993 0.3479 0.0000 0.0528
017820 0.5993 0.3479 0.0000 0.0528
017840 0.5993 0.3479 0.0000 0.0528
017860 0.5993 0.3479 0.0000 0.0528
017880 0.5993 0.3479 0.0000 0.0528
017900 0.5993 0.3479 0.0000 0.0528
017920 0.5993 0.3479 0.0000 0.0528
017940 0.5993 0.3479 0.0000 0.0528
017960 0.5993 0.3479 0.0000 0.0528
017980 0.5993 0.3479 0.0000 0.0528
018000 0.5993 0.3479 0.0000 0.0528
018020 0.5993 0.3479 0.0000 0.0528
018040 0.5993 0.3479 0.0000 0.0528
018060 0.5993 0.3479 0.0000 0.0528
018080 0.5993 0.3479 0.0000 0.0528
018100 0.5993 0.3479 0.0000 0.0528
018120 0.5993 0.3479 0.0000 0.0528
018140 0.5993 0.3479 0.0000 0.0528
018160 0.5993 0.3479 0.0000 0.0528
018180 0.5993 0.3479 0.0000 0.0528
018200 0.5993 0.3479 0.0000 0.0528
018220 0.5993 0.3479 0.0000 0.0528
018240 0.5993 0.3479 0.0000 0.0528
018260 0.5993 0.3479 0.0000 0.0528
018280 0.5993 0.3479 0.0000 0.0528
018300 0.5993 0.3479 0.0000 0.0528
018320 0.5993 0.3479 0.0000 0.0528
018340 0.5993 0.3479 0.0000 0.0528
018360 0.5993 0.3479 0.0000 0.0528
018380 0.5993 0.3479 0.0000 0.0528
018400 0.5993 0.3479 0.0000 0.0528
018420 0.5993 0.3479 0.0000 0.0528
018440 0.5993 0.3479 0.0000 0.0528
018460 0.5993 0.3479 0.0000 0.0528
018480 0.5993 0.3479 0.0000 0.0528
018500 0.5993 0.3479 0.0000 0.0528
018520 0.5993 0.3479 0.0000 0.0528
018540 0.5993 0.3479 0.0000 0.0528
018560 0.5993 0.3479 0.0000 0.0528
018580 0.5993 0.3479 0.0000 0.0528
018600 0.5993 0.3479 0.0000 0.0528
018620 0.5993 0.3479 0.0000 0.0528
018640 0.5993 0.3479 0.0000 0.0528
018660 0.5993 0.3479 0.0000 0.0528
018680 0.5993 0.3479 0.0000 0.0528
018700 0.5993 0.3479 0.0000 0.0528
018720 0.5993 0.3479 0.0000 0.0528
018740 0.5993 0.3479 0.0000 0.0528
018760 0.5993 0.3479 0.0000 0.0528
018780 0.5993 0.3479 0.0000 0.0528
018800 0.5993 0.3479 0.0000 0.0528
018820 0.5993 0.3479 0.0000 0.0528
018840 0.5993 0.3479 0.0000 0.0528
018860 0.5993 0.3479 0.0000 0.0528
018880 0.5993 0.3479 0.0000 0.0528
018900 0.5993 0.3479 0.0000 0.0528
018920 0.5993 0.3479 0.0000 0.0528
018940 0.5993 0.3479 0.0000 0.0528
018960 0.5993 0.3479 0.0000 0.0528
018980 0.5993 0.3479 0.0000 0.0528
019000 0.5993 0.3479 0.0000 0.0528
019020 0.5993 0.3479 0.0000 0.0528
019040 0.5993 0.3479 0.0000 0.0528
019060 0.5993 0.3479 0.0000 0.0528
019080 0.5993 0.3479 0.0000 0.0528
019100 0.5993 0.3479 0.0000 0.0528
019120 0.5993 0.3479 0.0000 0.0528
019140 0.5993 0.3479 0.0000 0.0528
019160 0.5993 0.3479 0.0000 0.0528
019180 0.5993 0.3479 0.0000 0.0528
019200 0.5993 0.3479 0.0000 0.0528
019220 0.5993 0.3479 0.0000 0.0528
019240 0.5993 0.3479 0.0000 0.0528
019260 0.5993 0.3479 0.0000 0.0528
019280 0.5993 0.3479 0.0000 0.0528
019300 0.5993 0.3479 0.0000 0.0528
019320 0.5993 0.3479 0.0000 0.0528
019340 0.5993 0.3479 0.0000 0.0528
019360 0.5993 0.3479 0.0000 0.0528
019380 0.5993 0.3479 0.0000 0.0528
019400 0.5993 0.3479 0.0000 0.0528
019420 0.5993 0.3479 0.0000 0.0528
019440 0.5993 0.3479 0.0000 0.0528
019460 0.5993 0.3479 0.0000 0.0528
019480 0.5993 0.3479 0.0000 0.0528
019500 0.5993 0.3479 0.0000 0.0528
019520 0.5993 0.3479 0.0000 0.0528
019540 0.5993 0.3479 0.0000 0.0528
019560 0.5993 0.3479 0.0000 0.0528
019580 0.5993 0.3479 0.0000 0.0528
019600 0.5993 0.3479 0.0000 0.0528
019620 0.5993 0.3479 0.0000 0.0528
019640 0.5993 0.3479 0.0000 0.0528
019660 0.5993 0.3479 0.0000 0.0528
019680 0.5993 0.3479 0.0000 0.0528
019700 0.5993 0.3479 0.0000 0.0528
019720 0.5993 0.3479 0.0000 0.0528
019740 0.5993 0.3479 0.0000 0.0528
019760 0.5993 0.3479 0.0000 0.0528
019780 0.5993 0.3479 0.0000 0.0528
019800 0.5993 0.3479 0.0000 0.0528
019820 0.5993 0.3479 0.0000 0.0528
019840 0.5993 0.3479 0.0000 0.0528
019860 0.5993 0.3479 0.0000 0.0528
019880 0.5993 0.3479 0.0000 0.0528
019900 0.5993 0.3479 0.0000 0.0528
019920 0.5993 0.3479 0.0000 0.0528
019940 0.5993 0.3479 0.0000 0.0528
019960 0.5993 0.3479 0.0000 0.0528
019980 0.5993 0.3479 0.0000 0.0528
020000 0.5993 0.3479 0.0000 0.0528
