000000 0.2500 0.2500 0.2500 0.2500
000020 0.2596 0.2596 0.2300 0.2508
000040 0.2710 0.2695 0.2082 0.2513
000060 0.2818 0.2801 0.1869 0.2513
000080 0.2921 0.2911 0.1668 0.2500
000100 0.3012 0.3029 0.1478 0.2480
000120 0.3088 0.3155 0.1295 0.2461
000140 0.3149 0.3294 0.1126 0.2432
000160 0.3205 0.3441 0.0967 0.2388
000180 0.3251 0.3595 0.0827 0.2327
000200 0.3291 0.3748 0.0693 0.2268
000220 0.3322 0.3909 0.0570 0.2199
000240 0.3331 0.4087 0.0460 0.2122
000260 0.3330 0.4273 0.0359 0.2038
000280 0.3319 0.4461 0.0270 0.1950
000300 0.3310 0.4643 0.0191 0.1856
000320 0.3294 0.4830 0.0126 0.1749
000340 0.3246 0.5041 0.0073 0.1640
000360 0.3182 0.5264 0.0034 0.1520
000380 0.3095 0.5502 0.0010 0.1393
000400 0.2984 0.5765 0.0001 0.1251
000420 0.2868 0.6035 0.0000 0.1097
000440 0.2772 0.6306 0.0000 0.0921
000460 0.2686 0.6548 0.0000 0.0766
000480 0.2631 0.6707 0.0000 0.0662
000500 0.2597 0.6851 0.0000 0.0553
000520 0.2570 0.6968 0.0000 0.0462
000540 0.2557 0.7049 0.0000 0.0394
000560 0.2550 0.7128 0.0000 0.0322
000580 0.2587 0.7143 0.0000 0.0270
000600 0.2613 0.7153 0.0000 0.0234
000620 0.2690 0.7115 0.0000 0.0195
000640 0.2754 0.7070 0.0000 0.0175
000660 0.2852 0.6980 0.0000 0.0167
000680 0.2957 0.6866 0.0000 0.0176
000700 0.3030 0.6773 0.0000 0.0197
000720 0.3116 0.6705 0.0000 0.0179
000740 0.3207 0.6611 0.0000 0.0183
000760 0.3285 0.6531 0.0000 0.0185
000780 0.3335 0.6463 0.0000 0.0202
000800 0.3369 0.6420 0.0000 0.0211
000820 0.3378 0.6393 0.0000 0.0229
000840 0.3391 0.6381 0.0000 0.0228
000860 0.3398 0.6362 0.0000 0.0241
000880 0.3435 0.6329 0.0000 0.0236
000900 0.3502 0.6261 0.0000 0.0237
000920 0.3570 0.6195 0.0000 0.0235
000940 0.3624 0.6124 0.0000 0.0252
000960 0.3648 0.6096 0.0000 0.0256
000980 0.3700 0.6040 0.0000 0.0260
001000 0.3769 0.5964 0.0000 0.0268
001020 0.3825 0.5908 0.0000 0.0267
001040 0.3914 0.5827 0.0000 0.0259
001060 0.3977 0.5752 0.0000 0.0271
001080 0.4083 0.5660 0.0000 0.0258
001100 0.4169 0.5554 0.0000 0.0277
001120 0.4238 0.5461 0.0000 0.0301
001140 0.4246 0.5440 0.0000 0.0314
001160 0.4224 0.5444 0.0000 0.0332
001180 0.4238 0.5441 0.0000 0.0321
001200 0.4339 0.5374 0.0000 0.0286
001220 0.4489 0.5230 0.0000 0.0281
001240 0.4631 0.5083 0.0000 0.0285
001260 0.4767 0.4954 0.0000 0.0278
001280 0.4857 0.4858 0.0000 0.0285
001300 0.4906 0.4771 0.0000 0.0322
001320 0.4922 0.4731 0.0000 0.0347
001340 0.4884 0.4749 0.0000 0.0367
001360 0.4889 0.4757 0.0000 0.0355
001380 0.4984 0.4697 0.0000 0.0319
001400 0.5121 0.4558 0.0000 0.0321
001420 0.5302 0.4380 0.0000 0.0318
001440 0.5488 0.4195 0.0000 0.0317
001460 0.5564 0.4098 0.0000 0.0338
001480 0.5602 0.4034 0.0000 0.0364
001500 0.5607 0.4012 0.0000 0.0382
001520 0.5610 0.4001 0.0000 0.0390
001540 0.5552 0.4036 0.0000 0.0413
001560 0.5536 0.4058 0.0000 0.0406
001580 0.5553 0.4047 0.0000 0.0400
001600 0.5579 0.4009 0.0000 0.0411
001620 0.5598 0.3977 0.0000 0.0426
001640 0.5670 0.3945 0.0000 0.0386
001660 0.5752 0.3868 0.0000 0.0379
001680 0.5784 0.3828 0.0000 0.0388
001700 0.5858 0.3772 0.0000 0.0370
001720 0.5944 0.3669 0.0000 0.0388
001740 0.5960 0.3634 0.0000 0.0406
001760 0.5965 0.3629 0.0000 0.0406
001780 0.5968 0.3624 0.0000 0.0408
001800 0.5960 0.3624 0.0000 0.0415
001820 0.5929 0.3639 0.0000 0.0432
001840 0.5888 0.3680 0.0000 0.0432
001860 0.5840 0.3715 0.0000 0.0446
001880 0.5798 0.3761 0.0000 0.0441
001900 0.5794 0.3770 0.0000 0.0436
001920 0.5807 0.3766 0.0000 0.0428
001940 0.5814 0.3757 0.0000 0.0429
001960 0.5881 0.3715 0.0000 0.0404
001980 0.5919 0.3664 0.0000 0.0417
002000 0.5935 0.3634 0.0000 0.0431
002020 0.5939 0.3635 0.0000 0.0426
002040 0.5931 0.3645 0.0000 0.0424
002060 0.5937 0.3645 0.0000 0.0417
002080 0.5981 0.3611 0.0000 0.0408
002100 0.6040 0.3554 0.0000 0.0406
002120 0.6091 0.3502 0.0000 0.0407
002140 0.6120 0.3465 0.0000 0.0415
002160 0.6066 0.3487 0.0000 0.0447
002180 0.5961 0.3573 0.0000 0.0466
002200 0.5862 0.3692 0.0000 0.0446
002220 0.5820 0.3736 0.0000 0.0444
002240 0.5838 0.3733 0.0000 0.0429
002260 0.5924 0.3671 0.0000 0.0406
002280 0.5978 0.3625 0.0000 0.0398
002300 0.6040 0.3566 0.0000 0.0394
002320 0.6067 0.3534 0.0000 0.0399
002340 0.6115 0.3499 0.0000 0.0386
002360 0.6131 0.3470 0.0000 0.0399
002380 0.6152 0.3417 0.0000 0.0431
002400 0.6102 0.3462 0.0000 0.0436
002420 0.6049 0.3514 0.0000 0.0437
002440 0.6010 0.3568 0.0000 0.0422
002460 0.5985 0.3587 0.0000 0.0428
002480 0.6017 0.3571 0.0000 0.0412
002500 0.6017 0.3564 0.0000 0.0419
002520 0.6053 0.3536 0.0000 0.0411
002540 0.6093 0.3503 0.0000 0.0404
002560 0.6093 0.3497 0.0000 0.0409
002580 0.6066 0.3507 0.0000 0.0426
002600 0.5997 0.3546 0.0000 0.0457
002620 0.5914 0.3636 0.0000 0.0450
002640 0.5885 0.3688 0.0000 0.0427
002660 0.5930 0.3654 0.0000 0.0416
002680 0.5974 0.3600 0.0000 0.0426
002700 0.6021 0.3565 0.0000 0.0415
002720 0.6089 0.3512 0.0000 0.0399
002740 0.6130 0.3485 0.0000 0.0385
002760 0.6144 0.3440 0.0000 0.0416
002780 0.6150 0.3437 0.0000 0.0412
002800 0.6128 0.3445 0.0000 0.0427
002820 0.6083 0.3482 0.0000 0.0435
002840 0.6058 0.3516 0.0000 0.0425
002860 0.6020 0.3552 0.0000 0.0428
002880 0.6007 0.3553 0.0000 0.0439
002900 0.5995 0.3568 0.0000 0.0437
002920 0.5990 0.3572 0.0000 0.0437
002940 0.5980 0.3609 0.0000 0.0411
002960 0.5962 0.3612 0.0000 0.0426
002980 0.5903 0.3658 0.0000 0.0440
003000 0.5865 0.3698 0.0000 0.0437
003020 0.5854 0.3702 0.0000 0.0443
003040 0.5851 0.3707 0.0000 0.0442
003060 0.5884 0.3698 0.0000 0.0418
003080 0.5894 0.3670 0.0000 0.0436
003100 0.5845 0.3713 0.0000 0.0442
003120 0.5853 0.3720 0.0000 0.0427
003140 0.5872 0.3715 0.0000 0.0413
003160 0.5891 0.3680 0.0000 0.0429
003180 0.5881 0.3678 0.0000 0.0441
003200 0.5884 0.3693 0.0000 0.0423
003220 0.5968 0.3639 0.0000 0.0393
003240 0.6037 0.3553 0.0000 0.0410
003260 0.6046 0.3519 0.0000 0.0436
003280 0.6053 0.3528 0.0000 0.0418
003300 0.6044 0.3531 0.0000 0.0425
003320 0.6019 0.3548 0.0000 0.0434
003340 0.5986 0.3575 0.0000 0.0438
003360 0.5989 0.3585 0.0000 0.0426
003380 0.5997 0.3587 0.0000 0.0416
003400 0.5985 0.3589 0.0000 0.0426
003420 0.5940 0.3616 0.0000 0.0444
003440 0.5905 0.3654 0.0000 0.0441
003460 0.5876 0.3669 0.0000 0.0455
003480 0.5803 0.3734 0.0000 0.0464
003500 0.5749 0.3799 0.0000 0.0452
003520 0.5730 0.3839 0.0000 0.0432
003540 0.5751 0.3830 0.0000 0.0420
003560 0.5842 0.3768 0.0000 0.0390
003580 0.5994 0.3629 0.0000 0.0377
003600 0.6137 0.3482 0.0000 0.0381
003620 0.6246 0.3367 0.0000 0.0387
003640 0.6209 0.3354 0.0000 0.0437
003660 0.6080 0.3442 0.0000 0.0477
003680 0.5918 0.3599 0.0000 0.0483
003700 0.5784 0.3744 0.0000 0.0473
003720 0.5722 0.3828 0.0000 0.0450
003740 0.5756 0.3814 0.0000 0.0430
003760 0.5873 0.3727 0.0000 0.0400
003780 0.6003 0.3587 0.0000 0.0410
003800 0.6053 0.3529 0.0000 0.0418
003820 0.6068 0.3509 0.0000 0.0424
003840 0.6034 0.3513 0.0000 0.0453
003860 0.5909 0.3604 0.0000 0.0487
003880 0.5811 0.3730 0.0000 0.0459
003900 0.5758 0.3801 0.0000 0.0441
003920 0.5829 0.3772 0.0000 0.0399
003940 0.5924 0.3687 0.0000 0.0389
003960 0.6063 0.3543 0.0000 0.0393
003980 0.6114 0.3467 0.0000 0.0420
004000 0.6105 0.3464 0.0000 0.0431
004020 0.6116 0.3482 0.0000 0.0402
004040 0.6106 0.3480 0.0000 0.0414
004060 0.6061 0.3483 0.0000 0.0456
004080 0.5949 0.3570 0.0000 0.0481
004100 0.5800 0.3719 0.0000 0.0481
004120 0.5725 0.3836 0.0000 0.0439
004140 0.5712 0.3848 0.0000 0.0440
004160 0.5719 0.3850 0.0000 0.0431
004180 0.5826 0.3779 0.0000 0.0394
004200 0.5951 0.3643 0.0000 0.0406
004220 0.6012 0.3582 0.0000 0.0405
004240 0.6067 0.3538 0.0000 0.0395
004260 0.6140 0.3485 0.0000 0.0374
004280 0.6203 0.3406 0.0000 0.0391
004300 0.6187 0.3363 0.0000 0.0449
004320 0.6110 0.3446 0.0000 0.0443
004340 0.6015 0.3531 0.0000 0.0455
004360 0.5943 0.3613 0.0000 0.0444
004380 0.5883 0.3671 0.0000 0.0446
004400 0.5780 0.3760 0.0000 0.0460
004420 0.5791 0.3785 0.0000 0.0425
004440 0.5840 0.3734 0.0000 0.0426
004460 0.5879 0.3696 0.0000 0.0425
004480 0.5856 0.3709 0.0000 0.0435
004500 0.5861 0.3728 0.0000 0.0411
004520 0.5947 0.3660 0.0000 0.0393
004540 0.6053 0.3561 0.0000 0.0386
004560 0.6154 0.3464 0.0000 0.0382
004580 0.6235 0.3380 0.0000 0.0385
004600 0.6213 0.3350 0.0000 0.0438
004620 0.6076 0.3449 0.0000 0.0474
004640 0.5922 0.3611 0.0000 0.0467
004660 0.5817 0.3722 0.0000 0.0461
004680 0.5735 0.3813 0.0000 0.0451
004700 0.5690 0.3862 0.0000 0.0448
004720 0.5774 0.3801 0.0000 0.0424
004740 0.5870 0.3711 0.0000 0.0419
004760 0.5904 0.3661 0.0000 0.0434
004780 0.5930 0.3641 0.0000 0.0429
004800 0.5955 0.3622 0.0000 0.0424
004820 0.5962 0.3613 0.0000 0.0425
004840 0.5993 0.3584 0.0000 0.0424
004860 0.6037 0.3533 0.0000 0.0430
004880 0.6028 0.3533 0.0000 0.0439
004900 0.6009 0.3563 0.0000 0.0428
004920 0.6026 0.3573 0.0000 0.0401
004940 0.6032 0.3558 0.0000 0.0411
004960 0.6001 0.3554 0.0000 0.0445
004980 0.5927 0.3599 0.0000 0.0474
005000 0.5887 0.3679 0.0000 0.0434
005020 0.5862 0.3712 0.0000 0.0426
005040 0.5931 0.3691 0.0000 0.0379
005060 0.6082 0.3552 0.0000 0.0366
005080 0.6195 0.3395 0.0000 0.0410
005100 0.6142 0.3402 0.0000 0.0456
005120 0.6052 0.3507 0.0000 0.0441
005140 0.5938 0.3616 0.0000 0.0446
005160 0.5848 0.3709 0.0000 0.0444
005180 0.5853 0.3733 0.0000 0.0415
005200 0.5856 0.3708 0.0000 0.0436
005220 0.5830 0.3718 0.0000 0.0453
005240 0.5880 0.3717 0.0000 0.0403
005260 0.5949 0.3640 0.0000 0.0411
005280 0.6008 0.3572 0.0000 0.0421
005300 0.6014 0.3536 0.0000 0.0450
005320 0.5942 0.3604 0.0000 0.0454
005340 0.5849 0.3692 0.0000 0.0459
005360 0.5787 0.3753 0.0000 0.0460
005380 0.5770 0.3796 0.0000 0.0434
005400 0.5842 0.3738 0.0000 0.0420
005420 0.5937 0.3661 0.0000 0.0403
005440 0.6019 0.3582 0.0000 0.0399
005460 0.6072 0.3521 0.0000 0.0407
005480 0.6049 0.3524 0.0000 0.0427
005500 0.5954 0.3595 0.0000 0.0451
005520 0.5871 0.3656 0.0000 0.0474
005540 0.5806 0.3741 0.0000 0.0452
005560 0.5789 0.3767 0.0000 0.0444
005580 0.5806 0.3767 0.0000 0.0427
005600 0.5868 0.3704 0.0000 0.0428
005620 0.5887 0.3692 0.0000 0.0421
005640 0.5980 0.3615 0.0000 0.0405
005660 0.5985 0.3573 0.0000 0.0442
005680 0.5966 0.3608 0.0000 0.0426
005700 0.5962 0.3613 0.0000 0.0425
005720 0.5921 0.3628 0.0000 0.0451
005740 0.5832 0.3691 0.0000 0.0477
005760 0.5785 0.3777 0.0000 0.0438
005780 0.5821 0.3781 0.0000 0.0399
005800 0.5948 0.3678 0.0000 0.0374
005820 0.6102 0.3522 0.0000 0.0376
005840 0.6174 0.3432 0.0000 0.0394
005860 0.6186 0.3418 0.0000 0.0395
005880 0.6123 0.3457 0.0000 0.0420
005900 0.5996 0.3547 0.0000 0.0457
005920 0.5912 0.3657 0.0000 0.0431
005940 0.5904 0.3668 0.0000 0.0429
005960 0.5934 0.3633 0.0000 0.0433
005980 0.5988 0.3606 0.0000 0.0406
006000 0.6057 0.3520 0.0000 0.0424
006020 0.6039 0.3519 0.0000 0.0443
006040 0.5967 0.3590 0.0000 0.0444
006060 0.5876 0.3664 0.0000 0.0460
006080 0.5790 0.3757 0.0000 0.0453
006100 0.5768 0.3796 0.0000 0.0436
006120 0.5833 0.3758 0.0000 0.0409
006140 0.5943 0.3653 0.0000 0.0404
006160 0.6007 0.3558 0.0000 0.0435
006180 0.6041 0.3527 0.0000 0.0432
006200 0.6053 0.3537 0.0000 0.0411
006220 0.6083 0.3520 0.0000 0.0396
006240 0.6082 0.3508 0.0000 0.0410
006260 0.6026 0.3522 0.0000 0.0452
006280 0.5896 0.3635 0.0000 0.0469
006300 0.5837 0.3715 0.0000 0.0449
006320 0.5837 0.3719 0.0000 0.0445
006340 0.5864 0.3708 0.0000 0.0429
006360 0.5905 0.3693 0.0000 0.0402
006380 0.5961 0.3623 0.0000 0.0416
006400 0.5966 0.3606 0.0000 0.0428
006420 0.5993 0.3580 0.0000 0.0428
006440 0.5990 0.3586 0.0000 0.0423
006460 0.5971 0.3604 0.0000 0.0425
006480 0.6034 0.3574 0.0000 0.0392
006500 0.6099 0.3487 0.0000 0.0415
006520 0.6047 0.3495 0.0000 0.0458
006540 0.5970 0.3565 0.0000 0.0465
006560 0.5910 0.3639 0.0000 0.0450
006580 0.5875 0.3686 0.0000 0.0439
006600 0.5865 0.3698 0.0000 0.0437
006620 0.5893 0.3678 0.0000 0.0429
006640 0.5946 0.3655 0.0000 0.0399
006660 0.6019 0.3589 0.0000 0.0392
006680 0.6044 0.3537 0.0000 0.0419
006700 0.6053 0.3534 0.0000 0.0413
006720 0.6044 0.3542 0.0000 0.0414
006740 0.6025 0.3548 0.0000 0.0428
006760 0.5962 0.3608 0.0000 0.0430
006780 0.5945 0.3637 0.0000 0.0419
006800 0.5954 0.3624 0.0000 0.0422
006820 0.5956 0.3607 0.0000 0.0437
006840 0.5931 0.3635 0.0000 0.0434
006860 0.5928 0.3646 0.0000 0.0426
006880 0.5932 0.3636 0.0000 0.0432
006900 0.5910 0.3647 0.0000 0.0443
006920 0.5927 0.3640 0.0000 0.0433
006940 0.5889 0.3671 0.0000 0.0440
006960 0.5886 0.3689 0.0000 0.0425
006980 0.5916 0.3680 0.0000 0.0404
007000 0.5982 0.3605 0.0000 0.0412
007020 0.6011 0.3574 0.0000 0.0414
007040 0.6028 0.3534 0.0000 0.0437
007060 0.6035 0.3544 0.0000 0.0420
007080 0.6050 0.3528 0.0000 0.0422
007100 0.6031 0.3542 0.0000 0.0427
007120 0.6034 0.3556 0.0000 0.0410
007140 0.6032 0.3545 0.0000 0.0423
007160 0.6007 0.3549 0.0000 0.0444
007180 0.5994 0.3572 0.0000 0.0434
007200 0.6016 0.3561 0.0000 0.0423
007220 0.6026 0.3563 0.0000 0.0411
007240 0.6037 0.3546 0.0000 0.0417
007260 0.5994 0.3575 0.0000 0.0431
007280 0.5995 0.3566 0.0000 0.0439
007300 0.5931 0.3622 0.0000 0.0447
007320 0.5891 0.3661 0.0000 0.0448
007340 0.5844 0.3698 0.0000 0.0458
007360 0.5802 0.3740 0.0000 0.0458
007380 0.5786 0.3789 0.0000 0.0425
007400 0.5886 0.3722 0.0000 0.0392
007420 0.5994 0.3621 0.0000 0.0385
007440 0.6077 0.3536 0.0000 0.0387
007460 0.6155 0.3449 0.0000 0.0396
007480 0.6172 0.3407 0.0000 0.0421
007500 0.6131 0.3439 0.0000 0.0430
007520 0.6005 0.3532 0.0000 0.0463
007540 0.5845 0.3690 0.0000 0.0465
007560 0.5800 0.3755 0.0000 0.0444
007580 0.5784 0.3770 0.0000 0.0445
007600 0.5843 0.3740 0.0000 0.0417
007620 0.5941 0.3686 0.0000 0.0373
007640 0.6091 0.3545 0.0000 0.0364
007660 0.6229 0.3390 0.0000 0.0381
007680 0.6246 0.3345 0.0000 0.0409
007700 0.6168 0.3386 0.0000 0.0446
007720 0.6055 0.3488 0.0000 0.0457
007740 0.5945 0.3579 0.0000 0.0476
007760 0.5791 0.3704 0.0000 0.0504
007780 0.5662 0.3865 0.0000 0.0473
007800 0.5634 0.3915 0.0000 0.0451
007820 0.5729 0.3869 0.0000 0.0402
007840 0.5860 0.3732 0.0000 0.0408
007860 0.5987 0.3618 0.0000 0.0394
007880 0.6072 0.3534 0.0000 0.0394
007900 0.6065 0.3506 0.0000 0.0429
007920 0.6031 0.3536 0.0000 0.0433
007940 0.5970 0.3573 0.0000 0.0457
007960 0.5934 0.3622 0.0000 0.0444
007980 0.5918 0.3651 0.0000 0.0431
008000 0.5950 0.3641 0.0000 0.0408
008020 0.6009 0.3580 0.0000 0.0411
008040 0.6072 0.3526 0.0000 0.0401
008060 0.6096 0.3496 0.0000 0.0408
008080 0.6095 0.3482 0.0000 0.0424
008100 0.6053 0.3517 0.0000 0.0430
008120 0.5973 0.3583 0.0000 0.0445
008140 0.5902 0.3649 0.0000 0.0449
008160 0.5842 0.3714 0.0000 0.0444
008180 0.5816 0.3747 0.0000 0.0437
008200 0.5852 0.3740 0.0000 0.0408
008220 0.5938 0.3659 0.0000 0.0403
008240 0.6016 0.3573 0.0000 0.0411
008260 0.6084 0.3496 0.0000 0.0420
008280 0.6155 0.3434 0.0000 0.0411
008300 0.6145 0.3422 0.0000 0.0433
008320 0.6058 0.3495 0.0000 0.0447
008340 0.5958 0.3596 0.0000 0.0446
008360 0.5930 0.3625 0.0000 0.0445
008380 0.5866 0.3688 0.0000 0.0446
008400 0.5854 0.3726 0.0000 0.0420
008420 0.5861 0.3706 0.0000 0.0432
008440 0.5868 0.3693 0.0000 0.0440
008460 0.5889 0.3694 0.0000 0.0417
008480 0.5894 0.3693 0.0000 0.0413
008500 0.5929 0.3659 0.0000 0.0411
008520 0.5974 0.3607 0.0000 0.0420
008540 0.6020 0.3568 0.0000 0.0413
008560 0.6025 0.3538 0.0000 0.0437
008580 0.6014 0.3548 0.0000 0.0438
008600 0.5935 0.3599 0.0000 0.0466
008620 0.5787 0.3739 0.0000 0.0473
008640 0.5745 0.3829 0.0000 0.0427
008660 0.5805 0.3792 0.0000 0.0403
008680 0.5922 0.3679 0.0000 0.0400
008700 0.6020 0.3579 0.0000 0.0401
008720 0.6101 0.3494 0.0000 0.0406
008740 0.6122 0.3453 0.0000 0.0425
008760 0.6061 0.3490 0.0000 0.0450
008780 0.5951 0.3581 0.0000 0.0468
008800 0.5803 0.3731 0.0000 0.0467
008820 0.5736 0.3813 0.0000 0.0451
008840 0.5779 0.3804 0.0000 0.0417
008860 0.5867 0.3738 0.0000 0.0395
008880 0.5896 0.3675 0.0000 0.0429
008900 0.5862 0.3698 0.0000 0.0440
008920 0.5904 0.3689 0.0000 0.0407
008940 0.6019 0.3599 0.0000 0.0382
008960 0.6108 0.3486 0.0000 0.0406
008980 0.6112 0.3448 0.0000 0.0440
009000 0.6067 0.3488 0.0000 0.0445
009020 0.6025 0.3532 0.0000 0.0443
009040 0.5944 0.3601 0.0000 0.0455
009060 0.5895 0.3642 0.0000 0.0463
009080 0.5854 0.3695 0.0000 0.0451
009100 0.5853 0.3728 0.0000 0.0420
009120 0.5851 0.3731 0.0000 0.0418
009140 0.5929 0.3671 0.0000 0.0400
009160 0.5999 0.3614 0.0000 0.0387
009180 0.6047 0.3542 0.0000 0.0411
009200 0.6034 0.3541 0.0000 0.0425
009220 0.6014 0.3558 0.0000 0.0428
009240 0.5965 0.3581 0.0000 0.0453
009260 0.5897 0.3639 0.0000 0.0464
009280 0.5866 0.3697 0.0000 0.0436
009300 0.5875 0.3697 0.0000 0.0428
009320 0.5912 0.3663 0.0000 0.0425
009340 0.5959 0.3621 0.0000 0.0420
009360 0.6007 0.3583 0.0000 0.0410
009380 0.6040 0.3525 0.0000 0.0435
009400 0.5957 0.3586 0.0000 0.0457
009420 0.5828 0.3705 0.0000 0.0467
009440 0.5794 0.3768 0.0000 0.0438
009460 0.5854 0.3736 0.0000 0.0410
009480 0.5945 0.3666 0.0000 0.0389
009500 0.6056 0.3543 0.0000 0.0401
009520 0.6047 0.3509 0.0000 0.0445
009540 0.5998 0.3551 0.0000 0.0451
009560 0.5937 0.3630 0.0000 0.0434
009580 0.5897 0.3655 0.0000 0.0448
009600 0.5863 0.3703 0.0000 0.0434
009620 0.5892 0.3709 0.0000 0.0399
009640 0.5955 0.3644 0.0000 0.0401
009660 0.6046 0.3569 0.0000 0.0385
009680 0.6145 0.3456 0.0000 0.0399
009700 0.6155 0.3419 0.0000 0.0426
009720 0.6106 0.3448 0.0000 0.0446
009740 0.5989 0.3551 0.0000 0.0461
009760 0.5883 0.3661 0.0000 0.0456
009780 0.5828 0.3740 0.0000 0.0433
009800 0.5824 0.3750 0.0000 0.0426
009820 0.5855 0.3746 0.0000 0.0399
009840 0.5980 0.3647 0.0000 0.0372
009860 0.6178 0.3467 0.0000 0.0355
009880 0.6321 0.3318 0.0000 0.0361
009900 0.6381 0.3229 0.0000 0.0390
009920 0.6336 0.3239 0.0000 0.0425
009940 0.6243 0.3326 0.0000 0.0431
009960 0.6068 0.3457 0.0000 0.0476
009980 0.5858 0.3626 0.0000 0.0515
010000 0.5655 0.3862 0.0000 0.0483
010020 0.5597 0.3978 0.0000 0.0425
010040 0.5644 0.3950 0.0000 0.0406
010060 0.5793 0.3839 0.0000 0.0367
010080 0.6040 0.3625 0.0000 0.0335
010100 0.6284 0.3382 0.0000 0.0334
010120 0.6413 0.3205 0.0000 0.0382
010140 0.6396 0.3188 0.0000 0.0416
010160 0.6347 0.3236 0.0000 0.0418
010180 0.6249 0.3309 0.0000 0.0442
010200 0.6249 0.3309 0.0000 0.0442
010220 0.6249 0.3309 0.0000 0.0442
010240 0.6249 0.3309 0.0000 0.0442
010260 0.6249 0.3309 0.0000 0.0442
010280 0.6249 0.3309 0.0000 0.0442
010300 0.6249 0.3309 0.0000 0.0442
010320 0.6249 0.3309 0.0000 0.0442
010340 0.6249 0.3309 0.0000 0.0442
010360 0.6249 0.3309 0.0000 0.0442
010380 0.6249 0.3309 0.0000 0.0442
010400 0.6249 0.3309 0.0000 0.0442
010420 0.6249 0.3309 0.0000 0.0442
010440 0.6249 0.3309 0.0000 0.0442
010460 0.6249 0.3309 0.0000 0.0442
010480 0.6249 0.3309 0.0000 0.0442
010500 0.6249 0.3309 0.0000 0.0442
010520 0.6249 0.3309 0.0000 0.0442
010540 0.6249 0.3309 0.0000 0.0442
010560 0.6249 0.3309 0.0000 0.0442
010580 0.6249 0.3309 0.0000 0.0442
010600 0.6249 0.3309 0.0000 0.0442
010620 0.6249 0.3309 0.0000 0.0442
010640 0.6249 0.3309 0.0000 0.0442
010660 0.6249 0.3309 0.0000 0.0442
010680 0.6249 0.3309 0.0000 0.0442
010700 0.6249 0.3309 0.0000 0.0442
010720 0.6249 0.3309 0.0000 0.0442
010740 0.6249 0.3309 0.0000 0.0442
010760 0.6249 0.3309 0.0000 0.0442
010780 0.6249 0.3309 0.0000 0.0442
010800 0.6249 0.3309 0.0000 0.0442
010820 0.6249 0.3309 0.0000 0.0442
010840 0.6249 0.3309 0.0000 0.0442
010860 0.6249 0.3309 0.0000 0.0442
010880 0.6249 0.3309 0.0000 0.0442
010900 0.6249 0.3309 0.0000 0.0442
010920 0.6249 0.3309 0.0000 0.0442
010940 0.6249 0.3309 0.0000 0.0442
010960 0.6249 0.3309 0.0000 0.0442
010980 0.6249 0.3309 0.0000 0.0442
011000 0.6249 0.3309 0.0000 0.0442
011020 0.6249 0.3309 0.0000 0.0442
011040 0.6249 0.3309 0.0000 0.0442
011060 0.6249 0.3309 0.0000 0.0442
011080 0.6249 0.3309 0.0000 0.0442
011100 0.6249 0.3309 0.0000 0.0442
011120 0.6249 0.3309 0.0000 0.0442
011140 0.6249 0.3309 0.0000 0.0442
011160 0.6249 0.3309 0.0000 0.0442
011180 0.6249 0.3309 0.0000 0.0442
011200 0.6249 0.3309 0.0000 0.0442
011220 0.6249 0.3309 0.0000 0.0442
011240 0.6249 0.3309 0.0000 0.0442
011260 0.6249 0.3309 0.0000 0.0442
011280 0.6249 0.3309 0.0000 0.0442
011300 0.6249 0.3309 0.0000 0.0442
011320 0.6249 0.3309 0.0000 0.0442
011340 0.6249 0.3309 0.0000 0.0442
011360 0.6249 0.3309 0.0000 0.0442
011380 0.6249 0.3309 0.0000 0.0442
011400 0.6249 0.3309 0.0000 0.0442
011420 0.6249 0.3309 0.0000 0.0442
011440 0.6249 0.3309 0.0000 0.0442
011460 0.6249 0.3309 0.0000 0.0442
011480 0.6249 0.3309 0.0000 0.0442
011500 0.6249 0.3309 0.0000 0.0442
011520 0.6249 0.3309 0.0000 0.0442
011540 0.6249 0.3309 0.0000 0.0442
011560 0.6249 0.3309 0.0000 0.0442
011580 0.6249 0.3309 0.0000 0.0442
011600 0.6249 0.3309 0.0000 0.0442
011620 0.6249 0.3309 0.0000 0.0442
011640 0.6249 0.3309 0.0000 0.0442
011660 0.6249 0.3309 0.0000 0.0442
011680 0.6249 0.3309 0.0000 0.0442
011700 0.6249 0.3309 0.0000 0.0442
011720 0.6249 0.3309 0.0000 0.0442
011740 0.6249 0.3309 0.0000 0.0442
011760 0.6249 0.3309 0.0000 0.0442
011780 0.6249 0.3309 0.0000 0.0442
011800 0.6249 0.3309 0.0000 0.0442
011820 0.6249 0.3309 0.0000 0.0442
011840 0.6249 0.3309 0.0000 0.0442
011860 0.6249 0.3309 0.0000 0.0442
011880 0.6249 0.3309 0.0000 0.0442
011900 0.6249 0.3309 0.0000 0.0442
011920 0.6249 0.3309 0.0000 0.0442
011940 0.6249 0.3309 0.0000 0.0442
011960 0.6249 0.3309 0.0000 0.0442
011980 0.6249 0.3309 0.0000 0.0442
012000 0.6249 0.3309 0.0000 0.0442
012020 0.6249 0.3309 0.0000 0.0442
012040 0.6249 0.3309 0.0000 0.0442
012060 0.6249 0.3309 0.0000 0.0442
012080 0.6249 0.3309 0.0000 0.0442
012100 0.6249 0.3309 0.0000 0.0442
012120 0.6249 0.3309 0.0000 0.0442
012140 0.6249 0.3309 0.0000 0.0442
012160 0.6249 0.3309 0.0000 0.0442
012180 0.6249 0.3309 0.0000 0.0442
012200 0.6249 0.3309 0.0000 0.0442
012220 0.6249 0.3309 0.0000 0.0442
012240 0.6249 0.3309 0.0000 0.0442
012260 0.6249 0.3309 0.0000 0.0442
012280 0.6249 0.3309 0.0000 0.0442
012300 0.6249 0.3309 0.0000 0.0442
012320 0.6249 0.3309 0.0000 0.0442
012340 0.6249 0.3309 0.0000 0.0442
012360 0.6249 0.3309 0.0000 0.0442
012380 0.6249 0.3309 0.0000 0.0442
012400 0.6249 0.3309 0.0000 0.0442
012420 0.6249 0.3309 0.0000 0.0442
012440 0.6249 0.3309 0.0000 0.0442
012460 0.6249 0.3309 0.0000 0.0442
012480 0.6249 0.3309 0.0000 0.0442
012500 0.6249 0.3309 0.0000 0.0442
012520 0.6249 0.3309 0.0000 0.0442
012540 0.6249 0.3309 0.0000 0.0442
012560 0.6249 0.3309 0.0000 0.0442
012580 0.6249 0.3309 0.0000 0.0442
012600 0.6249 0.3309 0.0000 0.0442
012620 0.6249 0.3309 0.0000 0.0442
012640 0.6249 0.3309 0.0000 0.0442
012660 0.6249 0.3309 0.0000 0.0442
012680 0.6249 0.3309 0.0000 0.0442
012700 0.6249 0.3309 0.0000 0.0442
012720 0.6249 0.3309 0.0000 0.0442
012740 0.6249 0.3309 0.0000 0.0442
012760 0.6249 0.3309 0.0000 0.0442
012780 0.6249 0.3309 0.0000 0.0442
012800 0.6249 0.3309 0.0000 0.0442
012820 0.6249 0.3309 0.0000 0.0442
012840 0.6249 0.3309 0.0000 0.0442
012860 0.6249 0.3309 0.0000 0.0442
012880 0.6249 0.3309 0.0000 0.0442
012900 0.6249 0.3309 0.0000 0.0442
012920 0.6249 0.3309 0.0000 0.0442
012940 0.6249 0.3309 0.0000 0.0442
012960 0.6249 0.3309 0.0000 0.0442
012980 0.6249 0.3309 0.0000 0.0442
013000 0.6249 0.3309 0.0000 0.0442
013020 0.6249 0.3309 0.0000 0.0442
013040 0.6249 0.3309 0.0000 0.0442
013060 0.6249 0.3309 0.0000 0.0442
013080 0.6249 0.3309 0.0000 0.0442
013100 0.6249 0.3309 0.0000 0.0442
013120 0.6249 0.3309 0.0000 0.0442
013140 0.6249 0.3309 0.0000 0.0442
013160 0.6249 0.3309 0.0000 0.0442
013180 0.6249 0.3309 0.0000 0.0442
013200 0.6249 0.3309 0.0000 0.0442
013220 0.6249 0.3309 0.0000 0.0442
013240 0.6249 0.3309 0.0000 0.0442
013260 0.6249 0.3309 0.0000 0.0442
013280 0.6249 0.3309 0.0000 0.0442
013300 0.6249 0.3309 0.0000 0.0442
013320 0.6249 0.3309 0.0000 0.0442
013340 0.6249 0.3309 0.0000 0.0442
013360 0.6249 0.3309 0.0000 0.0442
013380 0.6249 0.3309 0.0000 0.0442
013400 0.6249 0.3309 0.0000 0.0442
013420 0.6249 0.3309 0.0000 0.0442
013440 0.6249 0.3309 0.0000 0.0442
013460 0.6249 0.3309 0.0000 0.0442
013480 0.6249 0.3309 0.0000 0.0442
013500 0.6249 0.3309 0.0000 0.0442
013520 0.6249 0.3309 0.0000 0.0442
013540 0.6249 0.3309 0.0000 0.0442
013560 0.6249 0.3309 0.0000 0.0442
013580 0.6249 0.3309 0.0000 0.0442
013600 0.6249 0.3309 0.0000 0.0442
013620 0.6249 0.3309 0.0000 0.0442
013640 0.6249 0.3309 0.0000 0.0442
013660 0.6249 0.3309 0.0000 0.0442
013680 0.6249 0.3309 0.0000 0.0442
013700 0.6249 0.3309 0.0000 0.0442
013720 0.6249 0.3309 0.0000 0.0442
013740 0.6249 0.3309 0.0000 0.0442
013760 0.6249 0.3309 0.0000 0.0442
013780 0.6249 0.3309 0.0000 0.0442
013800 0.6249 0.3309 0.0000 0.0442
013820 0.6249 0.3309 0.0000 0.0442
013840 0.6249 0.3309 0.0000 0.0442
013860 0.6249 0.3309 0.0000 0.0442
013880 0.6249 0.3309 0.0000 0.0442
013900 0.6249 0.3309 0.0000 0.0442
013920 0.6249 0.3309 0.0000 0.0442
013940 0.6249 0.3309 0.0000 0.0442
013960 0.6249 0.3309 0.0000 0.0442
013980 0.6249 0.3309 0.0000 0.0442
014000 0.6249 0.3309 0.0000 0.0442
014020 0.6249 0.3309 0.0000 0.0442
014040 0.6249 0.3309 0.0000 0.0442
014060 0.6249 0.3309 0.0000 0.0442
014080 0.6249 0.3309 0.0000 0.0442
014100 0.6249 0.3309 0.0000 0.0442
014120 0.6249 0.3309 0.0000 0.0442
014140 0.6249 0.3309 0.0000 0.0442
014160 0.6249 0.3309 0.0000 0.0442
014180 0.6249 0.3309 0.0000 0.0442
014200 0.6249 0.3309 0.0000 0.0442
014220 0.6249 0.3309 0.0000 0.0442
014240 0.6249 0.3309 0.0000 0.0442
014260 0.6249 0.3309 0.0000 0.0442
014280 0.6249 0.3309 0.0000 0.0442
014300 0.6249 0.3309 0.0000 0.0442
014320 0.6249 0.3309 0.0000 0.0442
014340 0.6249 0.3309 0.0000 0.0442
014360 0.6249 0.3309 0.0000 0.0442
014380 0.6249 0.3309 0.0000 0.0442
014400 0.6249 0.3309 0.0000 0.0442
014420 0.6249 0.3309 0.0000 0.0442
014440 0.6249 0.3309 0.0000 0.0442
014460 0.6249 0.3309 0.0000 0.0442
014480 0.6249 0.3309 0.0000 0.0442
014500 0.6249 0.3309 0.0000 0.0442
014520 0.6249 0.3309 0.0000 0.0442
014540 0.6249 0.3309 0.0000 0.0442
014560 0.6249 0.3309 0.0000 0.0442
014580 0.6249 0.3309 0.0000 0.0442
014600 0.6249 0.3309 0.0000 0.0442
014620 0.6249 0.3309 0.0000 0.0442
014640 0.6249 0.3309 0.0000 0.0442
014660 0.6249 0.3309 0.0000 0.0442
014680 0.6249 0.3309 0.0000 0.0442
014700 0.6249 0.3309 0.0000 0.0442
014720 0.6249 0.3309 0.0000 0.0442
014740 0.6249 0.3309 0.0000 0.0442
014760 0.6249 0.3309 0.0000 0.0442
014780 0.6249 0.3309 0.0000 0.0442
014800 0.6249 0.3309 0.0000 0.0442
014820 0.6249 0.3309 0.0000 0.0442
014840 0.6249 0.3309 0.0000 0.0442
014860 0.6249 0.3309 0.0000 0.0442
014880 0.6249 0.3309 0.0000 0.0442
014900 0.6249 0.3309 0.0000 0.0442
014920 0.6249 0.3309 0.0000 0.0442
014940 0.6249 0.3309 0.0000 0.0442
014960 0.6249 0.3309 0.0000 0.0442
014980 0.6249 0.3309 0.0000 0.0442
015000 0.6249 0.3309 0.0000 0.0442
015020 0.6249 0.3309 0.0000 0.0442
015040 0.6249 0.3309 0.0000 0.0442
015060 0.6249 0.3309 0.0000 0.0442
015080 0.6249 0.3309 0.0000 0.0442
015100 0.6249 0.3309 0.0000 0.0442
015120 0.6249 0.3309 0.0000 0.0442
015140 0.6249 0.3309 0.0000 0.0442
015160 0.6249 0.3309 0.0000 0.0442
015180 0.6249 0.3309 0.0000 0.0442
015200 0.6249 0.3309 0.0000 0.0442
015220 0.6249 0.3309 0.0000 0.0442
015240 0.6249 0.3309 0.0000 0.0442
015260 0.6249 0.3309 0.0000 0.0442
015280 0.6249 0.3309 0.0000 0.0442
015300 0.6249 0.3309 0.0000 0.0442
015320 0.6249 0.3309 0.0000 0.0442
015340 0.6249 0.3309 0.0000 0.0442
015360 0.6249 0.3309 0.0000 0.0442
015380 0.6249 0.3309 0.0000 0.0442
015400 0.6249 0.3309 0.0000 0.0442
015420 0.6249 0.3309 0.0000 0.0442
015440 0.6249 0.3309 0.0000 0.0442
015460 0.6249 0.3309 0.0000 0.0442
015480 0.6249 0.3309 0.0000 0.0442
015500 0.6249 0.3309 0.0000 0.0442
015520 0.6249 0.3309 0.0000 0.0442
015540 0.6249 0.3309 0.0000 0.0442
015560 0.6249 0.3309 0.0000 0.0442
015580 0.6249 0.3309 0.0000 0.0442
015600 0.6249 0.3309 0.0000 0.0442
015620 0.6249 0.3309 0.0000 0.0442
015640 0.6249 0.3309 0.0000 0.0442
015660 0.6249 0.3309 0.0000 0.0442
015680 0.6249 0.3309 0.0000 0.0442
015700 0.6249 0.3309 0.0000 0.0442
015720 0.6249 0.3309 0.0000 0.0442
015740 0.6249 0.3309 0.0000 0.0442
015760 0.6249 0.3309 0.0000 0.0442
015780 0.6249 0.3309 0.0000 0.0442
015800 0.6249 0.3309 0.0000 0.0442
015820 0.6249 0.3309 0.0000 0.0442
015840 0.6249 0.3309 0.0000 0.0442
015860 0.6249 0.3309 0.0000 0.0442
015880 0.6249 0.3309 0.0000 0.0442
015900 0.6249 0.3309 0.0000 0.0442
015920 0.6249 0.3309 0.0000 0.0442
015940 0.6249 0.3309 0.0000 0.0442
015960 0.6249 0.3309 0.0000 0.0442
015980 0.6249 0.3309 0.0000 0.0442
016000 0.6249 0.3309 0.0000 0.0442
016020 0.6249 0.3309 0.0000 0.0442
016040 0.6249 0.3309 0.0000 0.0442
016060 0.6249 0.3309 0.0000 0.0442
016080 0.6249 0.3309 0.0000 0.0442
016100 0.6249 0.3309 0.0000 0.0442
016120 0.6249 0.3309 0.0000 0.0442
016140 0.6249 0.3309 0.0000 0.0442
016160 0.6249 0.3309 0.0000 0.0442
016180 0.6249 0.3309 0.0000 0.0442
016200 0.6249 0.3309 0.0000 0.0442
016220 0.6249 0.3309 0.0000 0.0442
016240 0.6249 0.3309 0.0000 0.0442
016260 0.6249 0.3309 0.0000 0.0442
016280 0.6249 0.3309 0.0000 0.0442
016300 0.6249 0.3309 0.0000 0.0442
016320 0.6249 0.3309 0.0000 0.0442
016340 0.6249 0.3309 0.0000 0.0442
016360 0.6249 0.3309 0.0000 0.0442
016380 0.6249 0.3309 0.0000 0.0442
016400 0.6249 0.3309 0.0000 0.0442
016420 0.6249 0.3309 0.0000 0.0442
016440 0.6249 0.3309 0.0000 0.0442
016460 0.6249 0.3309 0.0000 0.0442
016480 0.6249 0.3309 0.0000 0.0442
016500 0.6249 0.3309 0.0000 0.0442
016520 0.6249 0.3309 0.0000 0.0442
016540 0.6249 0.3309 0.0000 0.0442
016560 0.6249 0.3309 0.0000 0.0442
016580 0.6249 0.3309 0.0000 0.0442
016600 0.6249 0.3309 0.0000 0.0442
016620 0.6249 0.3309 0.0000 0.0442
016640 0.6249 0.3309 0.0000 0.0442
016660 0.6249 0.3309 0.0000 0.0442
016680 0.6249 0.3309 0.0000 0.0442
016700 0.6249 0.3309 0.0000 0.0442
016720 0.6249 0.3309 0.0000 0.0442
016740 0.6249 0.3309 0.0000 0.0442
016760 0.6249 0.3309 0.0000 0.0442
016780 0.6249 0.3309 0.0000 0.0442
016800 0.6249 0.3309 0.0000 0.0442
016820 0.6249 0.3309 0.0000 0.0442
016840 0.6249 0.3309 0.0000 0.0442
016860 0.6249 0.3309 0.0000 0.0442
016880 0.6249 0.3309 0.0000 0.0442
016900 0.6249 0.3309 0.0000 0.0442
016920 0.6249 0.3309 0.0000 0.0442
016940 0.6249 0.3309 0.0000 0.0442
016960 0.6249 0.3309 0.0000 0.0442
016980 0.6249 0.3309 0.0000 0.0442
017000 0.6249 0.3309 0.0000 0.0442
017020 0.6249 0.3309 0.0000 0.0442
017040 0.6249 0.3309 0.0000 0.0442
017060 0.6249 0.3309 0.0000 0.0442
017080 0.6249 0.3309 0.0000 0.0442
017100 0.6249 0.3309 0.0000 0.0442
017120 0.6249 0.3309 0.0000 0.0442
017140 0.6249 0.3309 0.0000 0.0442
017160 0.6249 0.3309 0.0000 0.0442
017180 0.6249 0.3309 0.0000 0.0442
017200 0.6249 0.3309 0.0000 0.0442
017220 0.6249 0.3309 0.0000 0.0442
017240 0.6249 0.3309 0.0000 0.0442
017260 0.6249 0.3309 0.0000 0.0442
017280 0.6249 0.3309 0.0000 0.0442
017300 0.6249 0.3309 0.0000 0.0442
017320 0.6249 0.3309 0.0000 0.0442
017340 0.6249 0.3309 0.0000 0.0442
017360 0.6249 0.3309 0.0000 0.0442
017380 0.6249 0.3309 0.0000 0.0442
017400 0.6249 0.3309 0.0000 0.0442
017420 0.6249 0.3309 0.0000 0.0442
017440 0.6249 0.3309 0.0000 0.0442
017460 0.6249 0.3309 0.0000 0.0442
017480 0.6249 0.3309 0.0000 0.0442
017500 0.6249 0.3309 0.0000 0.0442
017520 0.6249 0.3309 0.0000 0.0442
017540 0.6249 0.3309 0.0000 0.0442
017560 0.6249 0.3309 0.0000 0.0442
017580 0.6249 0.3309 0.0000 0.0442
017600 0.6249 0.3309 0.0000 0.0442
017620 0.6249 0.3309 0.0000 0.0442
017640 0.6249 0.3309 0.0000 0.0442
017660 0.6249 0.3309 0.0000 0.0442
017680 0.6249 0.3309 0.0000 0.0442
017700 0.6249 0.3309 0.0000 0.0442
017720 0.6249 0.3309 0.0000 0.0442
017740 0.6249 0.3309 0.0000 0.0442
017760 0.6249 0.3309 0.0000 0.0442
017780 0.6249 0.3309 0.0000 0.0442
017800 0.6249 0.3309 0.0000 0.0442
017820 0.6249 0.3309 0.0000 0.0442
017840 0.6249 0.3309 0.0000 0.0442
017860 0.6249 0.3309 0.0000 0.0442
017880 0.6249 0.3309 0.0000 0.0442
017900 0.6249 0.3309 0.0000 0.0442
017920 0.6249 0.3309 0.0000 0.0442
017940 0.6249 0.3309 0.0000 0.0442
017960 0.6249 0.3309 0.0000 0.0442
017980 0.6249 0.3309 0.0000 0.0442
018000 0.6249 0.3309 0.0000 0.0442
018020 0.6249 0.3309 0.0000 0.0442
018040 0.6249 0.3309 0.0000 0.0442
018060 0.6249 0.3309 0.0000 0.0442
018080 0.6249 0.3309 0.0000 0.0442
018100 0.6249 0.3309 0.0000 0.0442
018120 0.6249 0.3309 0.0000 0.0442
018140 0.6249 0.3309 0.0000 0.0442
018160 0.6249 0.3309 0.0000 0.0442
018180 0.6249 0.3309 0.0000 0.0442
018200 0.6249 0.3309 0.0000 0.0442
018220 0.6249 0.3309 0.0000 0.0442
018240 0.6249 0.3309 0.0000 0.0442
018260 0.6249 0.3309 0.0000 0.0442
018280 0.6249 0.3309 0.0000 0.0442
018300 0.6249 0.3309 0.0000 0.0442
018320 0.6249 0.3309 0.0000 0.0442
018340 0.6249 0.3309 0.0000 0.0442
018360 0.6249 0.3309 0.0000 0.0442
018380 0.6249 0.3309 0.0000 0.0442
018400 0.6249 0.3309 0.0000 0.0442
018420 0.6249 0.3309 0.0000 0.0442
018440 0.6249 0.3309 0.0000 0.0442
018460 0.6249 0.3309 0.0000 0.0442
018480 0.6249 0.3309 0.0000 0.0442
018500 0.6249 0.3309 0.0000 0.0442
018520 0.6249 0.3309 0.0000 0.0442
018540 0.6249 0.3309 0.0000 0.0442
018560 0.6249 0.3309 0.0000 0.0442
018580 0.6249 0.3309 0.0000 0.0442
018600 0.6249 0.3309 0.0000 0.0442
018620 0.6249 0.3309 0.0000 0.0442
018640 0.6249 0.3309 0.0000 0.0442
018660 0.6249 0.3309 0.0000 0.0442
018680 0.6249 0.3309 0.0000 0.0442
018700 0.6249 0.3309 0.0000 0.0442
018720 0.6249 0.3309 0.0000 0.0442
018740 0.6249 0.3309 0.0000 0.0442
018760 0.6249 0.3309 0.0000 0.0442
018780 0.6249 0.3309 0.0000 0.0442
018800 0.6249 0.3309 0.0000 0.0442
018820 0.6249 0.3309 0.0000 0.0442
018840 0.6249 0.3309 0.0000 0.0442
018860 0.6249 0.3309 0.0000 0.0442
018880 0.6249 0.3309 0.0000 0.0442
018900 0.6249 0.3309 0.0000 0.0442
018920 0.6249 0.3309 0.0000 0.0442
018940 0.6249 0.3309 0.0000 0.0442
018960 0.6249 0.3309 0.0000 0.0442
018980 0.6249 0.3309 0.0000 0.0442
019000 0.6249 0.3309 0.0000 0.0442
019020 0.6249 0.3309 0.0000 0.0442
019040 0.6249 0.3309 0.0000 0.0442
019060 0.6249 0.3309 0.0000 0.0442
019080 0.6249 0.3309 0.0000 0.0442
019100 0.6249 0.3309 0.0000 0.0442
019120 0.6249 0.3309 0.0000 0.0442
019140 0.6249 0.3309 0.0000 0.0442
019160 0.6249 0.3309 0.0000 0.0442
019180 0.6249 0.3309 0.0000 0.0442
019200 0.6249 0.3309 0.0000 0.0442
019220 0.6249 0.3309 0.0000 0.0442
019240 0.6249 0.3309 0.0000 0.0442
019260 0.6249 0.3309 0.0000 0.0442
019280 0.6249 0.3309 0.0000 0.0442
019300 0.6249 0.3309 0.0000 0.0442
019320 0.6249 0.3309 0.0000 0.0442
019340 0.6249 0.3309 0.0000 0.0442
019360 0.6249 0.3309 0.0000 0.0442
019380 0.6249 0.3309 0.0000 0.0442
019400 0.6249 0.3309 0.0000 0.0442
019420 0.6249 0.3309 0.0000 0.0442
019440 0.6249 0.3309 0.0000 0.0442
019460 0.6249 0.3309 0.0000 0.0442
019480 0.6249 0.3309 0.0000 0.0442
019500 0.6249 0.3309 0.0000 0.0442
019520 0.6249 0.3309 0.0000 0.0442
019540 0.6249 0.3309 0.0000 0.0442
019560 0.6249 0.3309 0.0000 0.0442
019580 0.6249 0.3309 0.0000 0.0442
019600 0.6249 0.3309 0.0000 0.0442
019620 0.6249 0.3309 0.0000 0.0442
019640 0.6249 0.3309 0.0000 0.0442
019660 0.6249 0.3309 0.0000 0.0442
019680 0.6249 0.3309 0.0000 0.0442
019700 0.6249 0.3309 0.0000 0.0442
019720 0.6249 0.3309 0.0000 0.0442
019740 0.6249 0.3309 0.0000 0.0442
019760 0.6249 0.3309 0.0000 0.0442
019780 0.6249 0.3309 0.0000 0.0442
019800 0.6249 0.3309 0.0000 0.0442
019820 0.6249 0.3309 0.0000 0.0442
019840 0.6249 0.3309 0.0000 0.0442
019860 0.6249 0.3309 0.0000 0.0442
019880 0.6249 0.3309 0.0000 0.0442
019900 0.6249 0.3309 0.0000 0.0442
019920 0.6249 0.3309 0.0000 0.0442
019940 0.6249 0.3309 0.0000 0.0442
019960 0.6249 0.3309 0.0000 0.0442
019980 0.6249 0.3309 0.0000 0.0442
020000 0.6249 0.3309 0.0000 0.0442
