000000 0.2500 0.2500 0.2500 0.2500
000020 0.2604 0.2582 0.2297 0.2518
000040 0.2729 0.2669 0.2081 0.2521
000060 0.2845 0.2765 0.1869 0.2521
000080 0.2962 0.2865 0.1664 0.2509
000100 0.3061 0.2965 0.1472 0.2502
000120 0.3152 0.3079 0.1292 0.2477
000140 0.3230 0.3200 0.1122 0.2448
000160 0.3295 0.3332 0.0965 0.2407
000180 0.3354 0.3472 0.0819 0.2355
000200 0.3394 0.3616 0.0689 0.2301
000220 0.3419 0.3774 0.0572 0.2236
000240 0.3427 0.3949 0.0467 0.2158
000260 0.3424 0.4134 0.0371 0.2071
000280 0.3423 0.4310 0.0286 0.1981
000300 0.3411 0.4498 0.0214 0.1876
000320 0.3390 0.4686 0.0154 0.1769
000340 0.3379 0.4874 0.0100 0.1647
000360 0.3358 0.5064 0.0054 0.1524
000380 0.3290 0.5282 0.0021 0.1407
000400 0.3205 0.5534 0.0004 0.1257
000420 0.3102 0.5776 0.0000 0.1121
000440 0.3032 0.6021 0.0000 0.0947
000460 0.2995 0.6200 0.0000 0.0805
000480 0.2995 0.6312 0.0000 0.0693
000500 0.3033 0.6388 0.0000 0.0579
000520 0.3057 0.6450 0.0000 0.0493
000540 0.3100 0.6479 0.0000 0.0421
000560 0.3144 0.6487 0.0000 0.0368
000580 0.3140 0.6527 0.0000 0.0333
000600 0.3123 0.6576 0.0000 0.0301
000620 0.3159 0.6576 0.0000 0.0265
000640 0.3215 0.6525 0.0000 0.0260
000660 0.3270 0.6464 0.0000 0.0266
000680 0.3329 0.6391 0.0000 0.0281
000700 0.3362 0.6339 0.0000 0.0299
000720 0.3377 0.6322 0.0000 0.0301
000740 0.3413 0.6278 0.0000 0.0309
000760 0.3475 0.6215 0.0000 0.0310
000780 0.3559 0.6133 0.0000 0.0309
000800 0.3650 0.6040 0.0000 0.0310
000820 0.3709 0.5941 0.0000 0.0350
000840 0.3738 0.5917 0.0000 0.0345
000860 0.3819 0.5843 0.0000 0.0338
000880 0.3917 0.5734 0.0000 0.0349
000900 0.4045 0.5620 0.0000 0.0335
000920 0.4159 0.5493 0.0000 0.0348
000940 0.4234 0.5403 0.0000 0.0364
000960 0.4284 0.5343 0.0000 0.0373
000980 0.4340 0.5272 0.0000 0.0388
001000 0.4383 0.5207 0.0000 0.0411
001020 0.4429 0.5168 0.0000 0.0403
001040 0.4517 0.5086 0.0000 0.0397
001060 0.4636 0.4974 0.0000 0.0390
001080 0.4800 0.4809 0.0000 0.0391
001100 0.4904 0.4683 0.0000 0.0413
001120 0.5003 0.4580 0.0000 0.0418
001140 0.5046 0.4490 0.0000 0.0464
001160 0.5061 0.4464 0.0000 0.0475
001180 0.5087 0.4455 0.0000 0.0458
001200 0.5123 0.4408 0.0000 0.0469
001220 0.5186 0.4322 0.0000 0.0492
001240 0.5283 0.4242 0.0000 0.0475
001260 0.5432 0.4094 0.0000 0.0474
001280 0.5573 0.3943 0.0000 0.0483
001300 0.5656 0.3833 0.0000 0.0511
001320 0.5743 0.3762 0.0000 0.0495
001340 0.5769 0.3709 0.0000 0.0522
001360 0.5779 0.3692 0.0000 0.0529
001380 0.5805 0.3677 0.0000 0.0518
001400 0.5854 0.3618 0.0000 0.0527
001420 0.5847 0.3622 0.0000 0.0531
001440 0.5854 0.3626 0.0000 0.0520
001460 0.5914 0.3548 0.0000 0.0539
001480 0.5972 0.3488 0.0000 0.0540
001500 0.5979 0.3479 0.0000 0.0542
001520 0.5903 0.3526 0.0000 0.0571
001540 0.5868 0.3576 0.0000 0.0556
001560 0.5854 0.3597 0.0000 0.0549
001580 0.5895 0.3566 0.0000 0.0539
001600 0.5938 0.3520 0.0000 0.0542
001620 0.5994 0.3463 0.0000 0.0543
001640 0.6043 0.3418 0.0000 0.0539
001660 0.5982 0.3431 0.0000 0.0587
001680 0.5868 0.3536 0.0000 0.0596
001700 0.5805 0.3616 0.0000 0.0578
001720 0.5828 0.3617 0.0000 0.0556
001740 0.5890 0.3567 0.0000 0.0543
001760 0.5992 0.3473 0.0000 0.0535
001780 0.6090 0.3395 0.0000 0.0515
001800 0.6168 0.3330 0.0000 0.0502
001820 0.6186 0.3277 0.0000 0.0537
001840 0.6127 0.3317 0.0000 0.0556
001860 0.6005 0.3401 0.0000 0.0594
001880 0.5923 0.3495 0.0000 0.0582
001900 0.5884 0.3536 0.0000 0.0580
001920 0.5890 0.3576 0.0000 0.0534
001940 0.5977 0.3506 0.0000 0.0517
001960 0.6125 0.3358 0.0000 0.0517
001980 0.6192 0.3272 0.0000 0.0536
002000 0.6113 0.3310 0.0000 0.0577
002020 0.5967 0.3434 0.0000 0.0600
002040 0.5834 0.3560 0.0000 0.0606
002060 0.5794 0.3629 0.0000 0.0576
002080 0.5857 0.3604 0.0000 0.0539
002100 0.5979 0.3508 0.0000 0.0514
002120 0.6101 0.3381 0.0000 0.0518
002140 0.6107 0.3328 0.0000 0.0565
002160 0.6026 0.3393 0.0000 0.0581
002180 0.5945 0.3467 0.0000 0.0588
002200 0.5877 0.3550 0.0000 0.0573
002220 0.5876 0.3564 0.0000 0.0559
002240 0.5884 0.3560 0.0000 0.0556
002260 0.5989 0.3491 0.0000 0.0519
002280 0.6081 0.3384 0.0000 0.0536
002300 0.6123 0.3337 0.0000 0.0539
002320 0.6085 0.3360 0.0000 0.0554
002340 0.6089 0.3384 0.0000 0.0527
002360 0.6138 0.3359 0.0000 0.0503
002380 0.6154 0.3321 0.0000 0.0525
002400 0.6107 0.3331 0.0000 0.0561
002420 0.6017 0.3404 0.0000 0.0579
002440 0.5994 0.3458 0.0000 0.0548
002460 0.6044 0.3396 0.0000 0.0560
002480 0.6039 0.3397 0.0000 0.0564
002500 0.5994 0.3455 0.0000 0.0550
002520 0.5970 0.3475 0.0000 0.0555
002540 0.5956 0.3494 0.0000 0.0550
002560 0.5987 0.3471 0.0000 0.0541
002580 0.6003 0.3452 0.0000 0.0545
002600 0.6028 0.3435 0.0000 0.0538
002620 0.6041 0.3393 0.0000 0.0566
002640 0.5989 0.3438 0.0000 0.0572
002660 0.5938 0.3487 0.0000 0.0576
002680 0.5910 0.3533 0.0000 0.0556
002700 0.5888 0.3541 0.0000 0.0571
002720 0.5892 0.3542 0.0000 0.0566
002740 0.5942 0.3524 0.0000 0.0535
002760 0.6033 0.3443 0.0000 0.0524
002780 0.6074 0.3385 0.0000 0.0541
002800 0.6059 0.3378 0.0000 0.0563
002820 0.6018 0.3426 0.0000 0.0556
002840 0.5966 0.3452 0.0000 0.0582
002860 0.5905 0.3519 0.0000 0.0576
002880 0.5911 0.3553 0.0000 0.0537
002900 0.6013 0.3477 0.0000 0.0511
002920 0.6113 0.3363 0.0000 0.0524
002940 0.6117 0.3318 0.0000 0.0564
002960 0.6022 0.3395 0.0000 0.0583
002980 0.5964 0.3486 0.0000 0.0550
003000 0.6007 0.3450 0.0000 0.0544
003020 0.6043 0.3417 0.0000 0.0541
003040 0.5980 0.3440 0.0000 0.0580
003060 0.5899 0.3526 0.0000 0.0575
003080 0.5882 0.3563 0.0000 0.0555
003100 0.5908 0.3544 0.0000 0.0548
003120 0.5930 0.3512 0.0000 0.0558
003140 0.5922 0.3517 0.0000 0.0561
003160 0.5995 0.3492 0.0000 0.0513
003180 0.6127 0.3376 0.0000 0.0497
003200 0.6173 0.3308 0.0000 0.0519
003220 0.6166 0.3290 0.0000 0.0544
003240 0.6089 0.3345 0.0000 0.0567
003260 0.5964 0.3443 0.0000 0.0594
003280 0.5906 0.3518 0.0000 0.0576
003300 0.5901 0.3526 0.0000 0.0573
003320 0.5862 0.3562 0.0000 0.0576
003340 0.5867 0.3580 0.0000 0.0554
003360 0.5909 0.3556 0.0000 0.0534
003380 0.6008 0.3482 0.0000 0.0510
003400 0.6083 0.3385 0.0000 0.0532
003420 0.6111 0.3327 0.0000 0.0561
003440 0.6111 0.3324 0.0000 0.0565
003460 0.6058 0.3390 0.0000 0.0552
003480 0.6023 0.3417 0.0000 0.0560
003500 0.5980 0.3458 0.0000 0.0562
003520 0.5976 0.3467 0.0000 0.0557
003540 0.5932 0.3487 0.0000 0.0581
003560 0.5921 0.3526 0.0000 0.0553
003580 0.6051 0.3433 0.0000 0.0516
003600 0.6152 0.3350 0.0000 0.0498
003620 0.6234 0.3241 0.0000 0.0525
003640 0.6220 0.3230 0.0000 0.0550
003660 0.6123 0.3307 0.0000 0.0570
003680 0.6012 0.3404 0.0000 0.0584
003700 0.5933 0.3491 0.0000 0.0577
003720 0.5875 0.3549 0.0000 0.0576
003740 0.5851 0.3558 0.0000 0.0591
003760 0.5882 0.3572 0.0000 0.0546
003780 0.5950 0.3506 0.0000 0.0543
003800 0.5968 0.3483 0.0000 0.0549
003820 0.5980 0.3474 0.0000 0.0546
003840 0.6006 0.3437 0.0000 0.0557
003860 0.6055 0.3405 0.0000 0.0539
003880 0.6066 0.3387 0.0000 0.0546
003900 0.6008 0.3438 0.0000 0.0553
003920 0.5969 0.3459 0.0000 0.0572
003940 0.5930 0.3508 0.0000 0.0562
003960 0.5940 0.3528 0.0000 0.0531
003980 0.6002 0.3462 0.0000 0.0536
004000 0.6054 0.3403 0.0000 0.0543
004020 0.6151 0.3342 0.0000 0.0507
004040 0.6212 0.3255 0.0000 0.0532
004060 0.6154 0.3274 0.0000 0.0571
004080 0.6032 0.3392 0.0000 0.0576
004100 0.5934 0.3470 0.0000 0.0595
004120 0.5897 0.3542 0.0000 0.0561
004140 0.5911 0.3536 0.0000 0.0553
004160 0.5946 0.3503 0.0000 0.0552
004180 0.5997 0.3463 0.0000 0.0540
004200 0.6020 0.3423 0.0000 0.0557
004220 0.6022 0.3431 0.0000 0.0547
004240 0.6007 0.3439 0.0000 0.0553
004260 0.5938 0.3485 0.0000 0.0577
004280 0.5861 0.3562 0.0000 0.0577
004300 0.5865 0.3589 0.0000 0.0546
004320 0.5921 0.3537 0.0000 0.0543
004340 0.6025 0.3448 0.0000 0.0527
004360 0.6095 0.3380 0.0000 0.0524
004380 0.6150 0.3319 0.0000 0.0530
004400 0.6139 0.3310 0.0000 0.0551
004420 0.6090 0.3349 0.0000 0.0561
004440 0.6013 0.3419 0.0000 0.0567
004460 0.5939 0.3492 0.0000 0.0569
004480 0.5904 0.3527 0.0000 0.0569
004500 0.5872 0.3548 0.0000 0.0580
004520 0.5875 0.3549 0.0000 0.0576
004540 0.5924 0.3536 0.0000 0.0540
004560 0.6053 0.3412 0.0000 0.0535
004580 0.6071 0.3388 0.0000 0.0542
004600 0.6075 0.3389 0.0000 0.0536
004620 0.6040 0.3391 0.0000 0.0569
004640 0.5972 0.3443 0.0000 0.0585
004660 0.5909 0.3510 0.0000 0.0581
004680 0.5813 0.3610 0.0000 0.0577
004700 0.5842 0.3605 0.0000 0.0554
004720 0.5937 0.3511 0.0000 0.0552
004740 0.5967 0.3459 0.0000 0.0575
004760 0.5882 0.3532 0.0000 0.0586
004780 0.5819 0.3611 0.0000 0.0570
004800 0.5859 0.3605 0.0000 0.0536
004820 0.5899 0.3546 0.0000 0.0555
004840 0.5973 0.3494 0.0000 0.0533
004860 0.6046 0.3409 0.0000 0.0545
004880 0.6056 0.3382 0.0000 0.0562
004900 0.5971 0.3444 0.0000 0.0585
004920 0.5866 0.3554 0.0000 0.0580
004940 0.5846 0.3588 0.0000 0.0565
004960 0.5864 0.3584 0.0000 0.0552
004980 0.5934 0.3533 0.0000 0.0532
005000 0.6003 0.3453 0.0000 0.0545
005020 0.6036 0.3435 0.0000 0.0529
005040 0.5991 0.3445 0.0000 0.0564
005060 0.5935 0.3481 0.0000 0.0584
005080 0.5859 0.3558 0.0000 0.0583
005100 0.5874 0.3576 0.0000 0.0551
005120 0.5964 0.3511 0.0000 0.0525
005140 0.6096 0.3405 0.0000 0.0499
005160 0.6208 0.3269 0.0000 0.0523
005180 0.6218 0.3226 0.0000 0.0556
005200 0.6151 0.3266 0.0000 0.0583
005220 0.5988 0.3423 0.0000 0.0589
005240 0.5799 0.3593 0.0000 0.0609
005260 0.5700 0.3693 0.0000 0.0607
005280 0.5666 0.3758 0.0000 0.0576
005300 0.5740 0.3721 0.0000 0.0539
005320 0.5928 0.3556 0.0000 0.0516
005340 0.6039 0.3431 0.0000 0.0531
005360 0.6080 0.3373 0.0000 0.0546
005380 0.6067 0.3391 0.0000 0.0542
005400 0.5991 0.3423 0.0000 0.0586
005420 0.5892 0.3524 0.0000 0.0585
005440 0.5834 0.3577 0.0000 0.0589
005460 0.5823 0.3621 0.0000 0.0556
005480 0.5842 0.3610 0.0000 0.0548
005500 0.5918 0.3528 0.0000 0.0554
005520 0.5982 0.3469 0.0000 0.0550
005540 0.6038 0.3428 0.0000 0.0534
005560 0.6075 0.3379 0.0000 0.0546
005580 0.6043 0.3383 0.0000 0.0574
005600 0.5964 0.3442 0.0000 0.0594
005620 0.5885 0.3538 0.0000 0.0577
005640 0.5881 0.3550 0.0000 0.0569
005660 0.5904 0.3564 0.0000 0.0532
005680 0.5991 0.3495 0.0000 0.0515
005700 0.6043 0.3401 0.0000 0.0555
005720 0.6026 0.3413 0.0000 0.0561
005740 0.5953 0.3475 0.0000 0.0572
005760 0.5919 0.3531 0.0000 0.0550
005780 0.5967 0.3497 0.0000 0.0536
005800 0.6029 0.3450 0.0000 0.0521
005820 0.6104 0.3370 0.0000 0.0526
005840 0.6109 0.3325 0.0000 0.0566
005860 0.6039 0.3375 0.0000 0.0585
005880 0.5934 0.3475 0.0000 0.0592
005900 0.5841 0.3567 0.0000 0.0593
005920 0.5857 0.3589 0.0000 0.0554
005940 0.5967 0.3513 0.0000 0.0520
005960 0.6052 0.3418 0.0000 0.0530
005980 0.6078 0.3378 0.0000 0.0544
006000 0.6025 0.3420 0.0000 0.0555
006020 0.5981 0.3433 0.0000 0.0585
006040 0.5948 0.3486 0.0000 0.0566
006060 0.5952 0.3497 0.0000 0.0550
006080 0.5981 0.3482 0.0000 0.0536
006100 0.6010 0.3440 0.0000 0.0550
006120 0.6042 0.3405 0.0000 0.0553
006140 0.6022 0.3434 0.0000 0.0544
006160 0.6005 0.3440 0.0000 0.0555
006180 0.5943 0.3481 0.0000 0.0576
006200 0.5886 0.3544 0.0000 0.0570
006220 0.5872 0.3568 0.0000 0.0560
006240 0.5926 0.3525 0.0000 0.0550
006260 0.5979 0.3468 0.0000 0.0553
006280 0.5999 0.3449 0.0000 0.0552
006300 0.6030 0.3416 0.0000 0.0554
006320 0.5958 0.3470 0.0000 0.0572
006340 0.5865 0.3535 0.0000 0.0599
006360 0.5810 0.3627 0.0000 0.0563
006380 0.5833 0.3599 0.0000 0.0568
006400 0.5890 0.3556 0.0000 0.0553
006420 0.5928 0.3522 0.0000 0.0550
006440 0.5987 0.3467 0.0000 0.0546
006460 0.5981 0.3464 0.0000 0.0556
006480 0.5933 0.3493 0.0000 0.0574
006500 0.5894 0.3546 0.0000 0.0560
006520 0.5900 0.3535 0.0000 0.0565
006540 0.5895 0.3528 0.0000 0.0578
006560 0.5872 0.3554 0.0000 0.0574
006580 0.5922 0.3526 0.0000 0.0552
006600 0.5914 0.3512 0.0000 0.0575
006620 0.5909 0.3549 0.0000 0.0541
006640 0.6019 0.3461 0.0000 0.0520
006660 0.6125 0.3357 0.0000 0.0518
006680 0.6195 0.3277 0.0000 0.0528
006700 0.6176 0.3279 0.0000 0.0545
006720 0.6071 0.3349 0.0000 0.0580
006740 0.5948 0.3454 0.0000 0.0598
006760 0.5877 0.3547 0.0000 0.0576
006780 0.5888 0.3562 0.0000 0.0550
006800 0.5941 0.3521 0.0000 0.0538
006820 0.6029 0.3447 0.0000 0.0524
006840 0.6042 0.3401 0.0000 0.0558
006860 0.6050 0.3408 0.0000 0.0542
006880 0.6077 0.3384 0.0000 0.0539
006900 0.6075 0.3361 0.0000 0.0564
006920 0.5996 0.3419 0.0000 0.0585
006940 0.5957 0.3490 0.0000 0.0552
006960 0.5923 0.3517 0.0000 0.0560
006980 0.5939 0.3491 0.0000 0.0570
007000 0.5936 0.3501 0.0000 0.0563
007020 0.5972 0.3472 0.0000 0.0556
007040 0.5977 0.3465 0.0000 0.0558
007060 0.5999 0.3472 0.0000 0.0530
007080 0.6010 0.3426 0.0000 0.0564
007100 0.6029 0.3412 0.0000 0.0558
007120 0.6089 0.3394 0.0000 0.0517
007140 0.6146 0.3333 0.0000 0.0521
007160 0.6131 0.3324 0.0000 0.0545
007180 0.6065 0.3371 0.0000 0.0564
007200 0.6034 0.3419 0.0000 0.0547
007220 0.6029 0.3423 0.0000 0.0548
007240 0.6009 0.3454 0.0000 0.0537
007260 0.5977 0.3448 0.0000 0.0575
007280 0.5895 0.3514 0.0000 0.0591
007300 0.5865 0.3573 0.0000 0.0562
007320 0.5937 0.3540 0.0000 0.0523
007340 0.6056 0.3421 0.0000 0.0523
007360 0.6079 0.3372 0.0000 0.0549
007380 0.6085 0.3375 0.0000 0.0540
007400 0.6044 0.3406 0.0000 0.0550
007420 0.6028 0.3430 0.0000 0.0542
007440 0.6014 0.3441 0.0000 0.0545
007460 0.5966 0.3456 0.0000 0.0577
007480 0.5932 0.3504 0.0000 0.0564
007500 0.5931 0.3522 0.0000 0.0547
007520 0.5929 0.3515 0.0000 0.0556
007540 0.5994 0.3475 0.0000 0.0531
007560 0.6081 0.3403 0.0000 0.0517
007580 0.6174 0.3311 0.0000 0.0515
007600 0.6225 0.3252 0.0000 0.0523
007620 0.6153 0.3294 0.0000 0.0552
007640 0.6083 0.3357 0.0000 0.0560
007660 0.6035 0.3393 0.0000 0.0572
007680 0.6014 0.3430 0.0000 0.0556
007700 0.5975 0.3437 0.0000 0.0588
007720 0.5907 0.3535 0.0000 0.0558
007740 0.5924 0.3516 0.0000 0.0560
007760 0.6018 0.3480 0.0000 0.0502
007780 0.6185 0.3328 0.0000 0.0487
007800 0.6273 0.3188 0.0000 0.0539
007820 0.6189 0.3227 0.0000 0.0584
007840 0.6043 0.3389 0.0000 0.0568
007860 0.5955 0.3475 0.0000 0.0570
007880 0.5860 0.3562 0.0000 0.0577
007900 0.5815 0.3597 0.0000 0.0588
007920 0.5805 0.3617 0.0000 0.0578
007940 0.5856 0.3586 0.0000 0.0558
007960 0.5956 0.3518 0.0000 0.0525
007980 0.6072 0.3400 0.0000 0.0528
008000 0.6113 0.3332 0.0000 0.0555
008020 0.6072 0.3376 0.0000 0.0552
008040 0.6016 0.3430 0.0000 0.0554
008060 0.5967 0.3480 0.0000 0.0553
008080 0.5946 0.3488 0.0000 0.0567
008100 0.5946 0.3481 0.0000 0.0573
008120 0.5980 0.3471 0.0000 0.0549
008140 0.6001 0.3454 0.0000 0.0545
008160 0.6068 0.3411 0.0000 0.0521
008180 0.6129 0.3345 0.0000 0.0526
008200 0.6177 0.3285 0.0000 0.0537
008220 0.6184 0.3272 0.0000 0.0545
008240 0.6117 0.3310 0.0000 0.0572
008260 0.5968 0.3416 0.0000 0.0615
008280 0.5851 0.3554 0.0000 0.0595
008300 0.5841 0.3604 0.0000 0.0556
008320 0.5875 0.3558 0.0000 0.0566
008340 0.5926 0.3519 0.0000 0.0554
008360 0.5993 0.3468 0.0000 0.0539
008380 0.6030 0.3424 0.0000 0.0547
008400 0.5993 0.3444 0.0000 0.0563
008420 0.5933 0.3484 0.0000 0.0582
008440 0.5882 0.3548 0.0000 0.0570
008460 0.5890 0.3556 0.0000 0.0554
008480 0.5920 0.3528 0.0000 0.0552
008500 0.5973 0.3491 0.0000 0.0536
008520 0.6051 0.3423 0.0000 0.0526
008540 0.6082 0.3386 0.0000 0.0532
008560 0.6106 0.3354 0.0000 0.0540
008580 0.6126 0.3340 0.0000 0.0534
008600 0.6113 0.3333 0.0000 0.0554
008620 0.6053 0.3387 0.0000 0.0560
008640 0.6007 0.3430 0.0000 0.0562
008660 0.6014 0.3441 0.0000 0.0545
008680 0.6047 0.3411 0.0000 0.0542
008700 0.6068 0.3387 0.0000 0.0545
008720 0.6036 0.3408 0.0000 0.0556
008740 0.5981 0.3443 0.0000 0.0576
008760 0.5899 0.3519 0.0000 0.0582
008780 0.5855 0.3576 0.0000 0.0569
008800 0.5886 0.3568 0.0000 0.0547
008820 0.5982 0.3496 0.0000 0.0522
008840 0.6117 0.3356 0.0000 0.0527
008860 0.6106 0.3335 0.0000 0.0559
008880 0.6038 0.3396 0.0000 0.0566
008900 0.5956 0.3459 0.0000 0.0586
008920 0.5875 0.3552 0.0000 0.0573
008940 0.5905 0.3532 0.0000 0.0563
008960 0.5868 0.3555 0.0000 0.0577
008980 0.5886 0.3550 0.0000 0.0564
009000 0.5917 0.3547 0.0000 0.0536
009020 0.5995 0.3460 0.0000 0.0544
009040 0.6069 0.3415 0.0000 0.0516
009060 0.6080 0.3373 0.0000 0.0547
009080 0.6028 0.3400 0.0000 0.0572
009100 0.5977 0.3458 0.0000 0.0566
009120 0.5965 0.3471 0.0000 0.0564
009140 0.5938 0.3480 0.0000 0.0582
009160 0.5944 0.3506 0.0000 0.0550
009180 0.5984 0.3484 0.0000 0.0532
009200 0.6034 0.3428 0.0000 0.0539
009220 0.6075 0.3393 0.0000 0.0531
009240 0.6125 0.3335 0.0000 0.0540
009260 0.6072 0.3346 0.0000 0.0582
009280 0.5999 0.3431 0.0000 0.0570
009300 0.5950 0.3484 0.0000 0.0567
009320 0.5920 0.3506 0.0000 0.0574
009340 0.5934 0.3493 0.0000 0.0573
009360 0.5913 0.3529 0.0000 0.0558
009380 0.5917 0.3533 0.0000 0.0550
009400 0.5962 0.3495 0.0000 0.0544
009420 0.6025 0.3465 0.0000 0.0510
009440 0.6133 0.3339 0.0000 0.0528
009460 0.6185 0.3295 0.0000 0.0520
009480 0.6203 0.3259 0.0000 0.0538
009500 0.6120 0.3310 0.0000 0.0570
009520 0.5947 0.3453 0.0000 0.0600
009540 0.5825 0.3569 0.0000 0.0606
009560 0.5742 0.3671 0.0000 0.0587
009580 0.5830 0.3635 0.0000 0.0534
009600 0.5978 0.3493 0.0000 0.0529
009620 0.6061 0.3395 0.0000 0.0543
009640 0.6085 0.3366 0.0000 0.0549
009660 0.6028 0.3404 0.0000 0.0568
009680 0.6020 0.3440 0.0000 0.0541
009700 0.6020 0.3431 0.0000 0.0549
009720 0.5999 0.3454 0.0000 0.0547
009740 0.6014 0.3450 0.0000 0.0536
009760 0.6019 0.3427 0.0000 0.0555
009780 0.5985 0.3457 0.0000 0.0558
009800 0.5993 0.3451 0.0000 0.0556
009820 0.5918 0.3494 0.0000 0.0588
009840 0.5816 0.3574 0.0000 0.0610
009860 0.5819 0.3623 0.0000 0.0558
009880 0.5868 0.3597 0.0000 0.0535
009900 0.5944 0.3539 0.0000 0.0517
009920 0.6099 0.3401 0.0000 0.0500
009940 0.6216 0.3278 0.0000 0.0506
009960 0.6242 0.3235 0.0000 0.0523
009980 0.6193 0.3245 0.0000 0.0562
010000 0.6045 0.3376 0.0000 0.0579
010020 0.5880 0.3508 0.0000 0.0612
010040 0.5767 0.3644 0.0000 0.0590
010060 0.5837 0.3655 0.0000 0.0508
010080 0.6030 0.3473 0.0000 0.0497
010100 0.6184 0.3282 0.0000 0.0534
010120 0.6148 0.3286 0.0000 0.0566
010140 0.6034 0.3383 0.0000 0.0583
010160 0.5909 0.3511 0.0000 0.0579
010180 0.5814 0.3598 0.0000 0.0588
010200 0.5807 0.3635 0.0000 0.0558
010220 0.5874 0.3590 0.0000 0.0537
010240 0.5991 0.3499 0.0000 0.0510
010260 0.5991 0.3499 0.0000 0.0510
010280 0.5991 0.3499 0.0000 0.0510
010300 0.5991 0.3499 0.0000 0.0510
010320 0.5991 0.3499 0.0000 0.0510
010340 0.5991 0.3499 0.0000 0.0510
010360 0.5991 0.3499 0.0000 0.0510
010380 0.5991 0.3499 0.0000 0.0510
010400 0.5991 0.3499 0.0000 0.0510
010420 0.5991 0.3499 0.0000 0.0510
010440 0.5991 0.3499 0.0000 0.0510
010460 0.5991 0.3499 0.0000 0.0510
010480 0.5991 0.3499 0.0000 0.0510
010500 0.5991 0.3499 0.0000 0.0510
010520 0.5991 0.3499 0.0000 0.0510
010540 0.5991 0.3499 0.0000 0.0510
010560 0.5991 0.3499 0.0000 0.0510
010580 0.5991 0.3499 0.0000 0.0510
010600 0.5991 0.3499 0.0000 0.0510
010620 0.5991 0.3499 0.0000 0.0510
010640 0.5991 0.3499 0.0000 0.0510
010660 0.5991 0.3499 0.0000 0.0510
010680 0.5991 0.3499 0.0000 0.0510
010700 0.5991 0.3499 0.0000 0.0510
010720 0.5991 0.3499 0.0000 0.0510
010740 0.5991 0.3499 0.0000 0.0510
010760 0.5991 0.3499 0.0000 0.0510
010780 0.5991 0.3499 0.0000 0.0510
010800 0.5991 0.3499 0.0000 0.0510
010820 0.5991 0.3499 0.0000 0.0510
010840 0.5991 0.3499 0.0000 0.0510
010860 0.5991 0.3499 0.0000 0.0510
010880 0.5991 0.3499 0.0000 0.0510
010900 0.5991 0.3499 0.0000 0.0510
010920 0.5991 0.3499 0.0000 0.0510
010940 0.5991 0.3499 0.0000 0.0510
010960 0.5991 0.3499 0.0000 0.0510
010980 0.5991 0.3499 0.0000 0.0510
011000 0.5991 0.3499 0.0000 0.0510
011020 0.5991 0.3499 0.0000 0.0510
011040 0.5991 0.3499 0.0000 0.0510
011060 0.5991 0.3499 0.0000 0.0510
011080 0.5991 0.3499 0.0000 0.0510
011100 0.5991 0.3499 0.0000 0.0510
011120 0.5991 0.3499 0.0000 0.0510
011140 0.5991 0.3499 0.0000 0.0510
011160 0.5991 0.3499 0.0000 0.0510
011180 0.5991 0.3499 0.0000 0.0510
011200 0.5991 0.3499 0.0000 0.0510
011220 0.5991 0.3499 0.0000 0.0510
011240 0.5991 0.3499 0.0000 0.0510
011260 0.5991 0.3499 0.0000 0.0510
011280 0.5991 0.3499 0.0000 0.0510
011300 0.5991 0.3499 0.0000 0.0510
011320 0.5991 0.3499 0.0000 0.0510
011340 0.5991 0.3499 0.0000 0.0510
011360 0.5991 0.3499 0.0000 0.0510
011380 0.5991 0.3499 0.0000 0.0510
011400 0.5991 0.3499 0.0000 0.0510
011420 0.5991 0.3499 0.0000 0.0510
011440 0.5991 0.3499 0.0000 0.0510
011460 0.5991 0.3499 0.0000 0.0510
011480 0.5991 0.3499 0.0000 0.0510
011500 0.5991 0.3499 0.0000 0.0510
011520 0.5991 0.3499 0.0000 0.0510
011540 0.5991 0.3499 0.0000 0.0510
011560 0.5991 0.3499 0.0000 0.0510
011580 0.5991 0.3499 0.0000 0.0510
011600 0.5991 0.3499 0.0000 0.0510
011620 0.5991 0.3499 0.0000 0.0510
011640 0.5991 0.3499 0.0000 0.0510
011660 0.5991 0.3499 0.0000 0.0510
011680 0.5991 0.3499 0.0000 0.0510
011700 0.5991 0.3499 0.0000 0.0510
011720 0.5991 0.3499 0.0000 0.0510
011740 0.5991 0.3499 0.0000 0.0510
011760 0.5991 0.3499 0.0000 0.0510
011780 0.5991 0.3499 0.0000 0.0510
011800 0.5991 0.3499 0.0000 0.0510
011820 0.5991 0.3499 0.0000 0.0510
011840 0.5991 0.3499 0.0000 0.0510
011860 0.5991 0.3499 0.0000 0.0510
011880 0.5991 0.3499 0.0000 0.0510
011900 0.5991 0.3499 0.0000 0.0510
011920 0.5991 0.3499 0.0000 0.0510
011940 0.5991 0.3499 0.0000 0.0510
011960 0.5991 0.3499 0.0000 0.0510
011980 0.5991 0.3499 0.0000 0.0510
012000 0.5991 0.3499 0.0000 0.0510
012020 0.5991 0.3499 0.0000 0.0510
012040 0.5991 0.3499 0.0000 0.0510
012060 0.5991 0.3499 0.0000 0.0510
012080 0.5991 0.3499 0.0000 0.0510
012100 0.5991 0.3499 0.0000 0.0510
012120 0.5991 0.3499 0.0000 0.0510
012140 0.5991 0.3499 0.0000 0.0510
012160 0.5991 0.3499 0.0000 0.0510
012180 0.5991 0.3499 0.0000 0.0510
012200 0.5991 0.3499 0.0000 0.0510
012220 0.5991 0.3499 0.0000 0.0510
012240 0.5991 0.3499 0.0000 0.0510
012260 0.5991 0.3499 0.0000 0.0510
012280 0.5991 0.3499 0.0000 0.0510
012300 0.5991 0.3499 0.0000 0.0510
012320 0.5991 0.3499 0.0000 0.0510
012340 0.5991 0.3499 0.0000 0.0510
012360 0.5991 0.3499 0.0000 0.0510
012380 0.5991 0.3499 0.0000 0.0510
012400 0.5991 0.3499 0.0000 0.0510
012420 0.5991 0.3499 0.0000 0.0510
012440 0.5991 0.3499 0.0000 0.0510
012460 0.5991 0.3499 0.0000 0.0510
012480 0.5991 0.3499 0.0000 0.0510
012500 0.5991 0.3499 0.0000 0.0510
012520 0.5991 0.3499 0.0000 0.0510
012540 0.5991 0.3499 0.0000 0.0510
012560 0.5991 0.3499 0.0000 0.0510
012580 0.5991 0.3499 0.0000 0.0510
012600 0.5991 0.3499 0.0000 0.0510
012620 0.5991 0.3499 0.0000 0.0510
012640 0.5991 0.3499 0.0000 0.0510
012660 0.5991 0.3499 0.0000 0.0510
012680 0.5991 0.3499 0.0000 0.0510
012700 0.5991 0.3499 0.0000 0.0510
012720 0.5991 0.3499 0.0000 0.0510
012740 0.5991 0.3499 0.0000 0.0510
012760 0.5991 0.3499 0.0000 0.0510
012780 0.5991 0.3499 0.0000 0.0510
012800 0.5991 0.3499 0.0000 0.0510
012820 0.5991 0.3499 0.0000 0.0510
012840 0.5991 0.3499 0.0000 0.0510
012860 0.5991 0.3499 0.0000 0.0510
012880 0.5991 0.3499 0.0000 0.0510
012900 0.5991 0.3499 0.0000 0.0510
012920 0.5991 0.3499 0.0000 0.0510
012940 0.5991 0.3499 0.0000 0.0510
012960 0.5991 0.3499 0.0000 0.0510
012980 0.5991 0.3499 0.0000 0.0510
013000 0.5991 0.3499 0.0000 0.0510
013020 0.5991 0.3499 0.0000 0.0510
013040 0.5991 0.3499 0.0000 0.0510
013060 0.5991 0.3499 0.0000 0.0510
013080 0.5991 0.3499 0.0000 0.0510
013100 0.5991 0.3499 0.0000 0.0510
013120 0.5991 0.3499 0.0000 0.0510
013140 0.5991 0.3499 0.0000 0.0510
013160 0.5991 0.3499 0.0000 0.0510
013180 0.5991 0.3499 0.0000 0.0510
013200 0.5991 0.3499 0.0000 0.0510
013220 0.5991 0.3499 0.0000 0.0510
013240 0.5991 0.3499 0.0000 0.0510
013260 0.5991 0.3499 0.0000 0.0510
013280 0.5991 0.3499 0.0000 0.0510
013300 0.5991 0.3499 0.0000 0.0510
013320 0.5991 0.3499 0.0000 0.0510
013340 0.5991 0.3499 0.0000 0.0510
013360 0.5991 0.3499 0.0000 0.0510
013380 0.5991 0.3499 0.0000 0.0510
013400 0.5991 0.3499 0.0000 0.0510
013420 0.5991 0.3499 0.0000 0.0510
013440 0.5991 0.3499 0.0000 0.0510
013460 0.5991 0.3499 0.0000 0.0510
013480 0.5991 0.3499 0.0000 0.0510
013500 0.5991 0.3499 0.0000 0.0510
013520 0.5991 0.3499 0.0000 0.0510
013540 0.5991 0.3499 0.0000 0.0510
013560 0.5991 0.3499 0.0000 0.0510
013580 0.5991 0.3499 0.0000 0.0510
013600 0.5991 0.3499 0.0000 0.0510
013620 0.5991 0.3499 0.0000 0.0510
013640 0.5991 0.3499 0.0000 0.0510
013660 0.5991 0.3499 0.0000 0.0510
013680 0.5991 0.3499 0.0000 0.0510
013700 0.5991 0.3499 0.0000 0.0510
013720 0.5991 0.3499 0.0000 0.0510
013740 0.5991 0.3499 0.0000 0.0510
013760 0.5991 0.3499 0.0000 0.0510
013780 0.5991 0.3499 0.0000 0.0510
013800 0.5991 0.3499 0.0000 0.0510
013820 0.5991 0.3499 0.0000 0.0510
013840 0.5991 0.3499 0.0000 0.0510
013860 0.5991 0.3499 0.0000 0.0510
013880 0.5991 0.3499 0.0000 0.0510
013900 0.5991 0.3499 0.0000 0.0510
013920 0.5991 0.3499 0.0000 0.0510
013940 0.5991 0.3499 0.0000 0.0510
013960 0.5991 0.3499 0.0000 0.0510
013980 0.5991 0.3499 0.0000 0.0510
014000 0.5991 0.3499 0.0000 0.0510
014020 0.5991 0.3499 0.0000 0.0510
014040 0.5991 0.3499 0.0000 0.0510
014060 0.5991 0.3499 0.0000 0.0510
014080 0.5991 0.3499 0.0000 0.0510
014100 0.5991 0.3499 0.0000 0.0510
014120 0.5991 0.3499 0.0000 0.0510
014140 0.5991 0.3499 0.0000 0.0510
014160 0.5991 0.3499 0.0000 0.0510
014180 0.5991 0.3499 0.0000 0.0510
014200 0.5991 0.3499 0.0000 0.0510
014220 0.5991 0.3499 0.0000 0.0510
014240 0.5991 0.3499 0.0000 0.0510
014260 0.5991 0.3499 0.0000 0.0510
014280 0.5991 0.3499 0.0000 0.0510
014300 0.5991 0.3499 0.0000 0.0510
014320 0.5991 0.3499 0.0000 0.0510
014340 0.5991 0.3499 0.0000 0.0510
014360 0.5991 0.3499 0.0000 0.0510
014380 0.5991 0.3499 0.0000 0.0510
014400 0.5991 0.3499 0.0000 0.0510
014420 0.5991 0.3499 0.0000 0.0510
014440 0.5991 0.3499 0.0000 0.0510
014460 0.5991 0.3499 0.0000 0.0510
014480 0.5991 0.3499 0.0000 0.0510
014500 0.5991 0.3499 0.0000 0.0510
014520 0.5991 0.3499 0.0000 0.0510
014540 0.5991 0.3499 0.0000 0.0510
014560 0.5991 0.3499 0.0000 0.0510
014580 0.5991 0.3499 0.0000 0.0510
014600 0.5991 0.3499 0.0000 0.0510
014620 0.5991 0.3499 0.0000 0.0510
014640 0.5991 0.3499 0.0000 0.0510
014660 0.5991 0.3499 0.0000 0.0510
014680 0.5991 0.3499 0.0000 0.0510
014700 0.5991 0.3499 0.0000 0.0510
014720 0.5991 0.3499 0.0000 0.0510
014740 0.5991 0.3499 0.0000 0.0510
014760 0.5991 0.3499 0.0000 0.0510
014780 0.5991 0.3499 0.0000 0.0510
014800 0.5991 0.3499 0.0000 0.0510
014820 0.5991 0.3499 0.0000 0.0510
014840 0.5991 0.3499 0.0000 0.0510
014860 0.5991 0.3499 0.0000 0.0510
014880 0.5991 0.3499 0.0000 0.0510
014900 0.5991 0.3499 0.0000 0.0510
014920 0.5991 0.3499 0.0000 0.0510
014940 0.5991 0.3499 0.0000 0.0510
014960 0.5991 0.3499 0.0000 0.0510
014980 0.5991 0.3499 0.0000 0.0510
015000 0.5991 0.3499 0.0000 0.0510
015020 0.5991 0.3499 0.0000 0.0510
015040 0.5991 0.3499 0.0000 0.0510
015060 0.5991 0.3499 0.0000 0.0510
015080 0.5991 0.3499 0.0000 0.0510
015100 0.5991 0.3499 0.0000 0.0510
015120 0.5991 0.3499 0.0000 0.0510
015140 0.5991 0.3499 0.0000 0.0510
015160 0.5991 0.3499 0.0000 0.0510
015180 0.5991 0.3499 0.0000 0.0510
015200 0.5991 0.3499 0.0000 0.0510
015220 0.5991 0.3499 0.0000 0.0510
015240 0.5991 0.3499 0.0000 0.0510
015260 0.5991 0.3499 0.0000 0.0510
015280 0.5991 0.3499 0.0000 0.0510
015300 0.5991 0.3499 0.0000 0.0510
015320 0.5991 0.3499 0.0000 0.0510
015340 0.5991 0.3499 0.0000 0.0510
015360 0.5991 0.3499 0.0000 0.0510
015380 0.5991 0.3499 0.0000 0.0510
015400 0.5991 0.3499 0.0000 0.0510
015420 0.5991 0.3499 0.0000 0.0510
015440 0.5991 0.3499 0.0000 0.0510
015460 0.5991 0.3499 0.0000 0.0510
015480 0.5991 0.3499 0.0000 0.0510
015500 0.5991 0.3499 0.0000 0.0510
015520 0.5991 0.3499 0.0000 0.0510
015540 0.5991 0.3499 0.0000 0.0510
015560 0.5991 0.3499 0.0000 0.0510
015580 0.5991 0.3499 0.0000 0.0510
015600 0.5991 0.3499 0.0000 0.0510
015620 0.5991 0.3499 0.0000 0.0510
015640 0.5991 0.3499 0.0000 0.0510
015660 0.5991 0.3499 0.0000 0.0510
015680 0.5991 0.3499 0.0000 0.0510
015700 0.5991 0.3499 0.0000 0.0510
015720 0.5991 0.3499 0.0000 0.0510
015740 0.5991 0.3499 0.0000 0.0510
015760 0.5991 0.3499 0.0000 0.0510
015780 0.5991 0.3499 0.0000 0.0510
015800 0.5991 0.3499 0.0000 0.0510
015820 0.5991 0.3499 0.0000 0.0510
015840 0.5991 0.3499 0.0000 0.0510
015860 0.5991 0.3499 0.0000 0.0510
015880 0.5991 0.3499 0.0000 0.0510
015900 0.5991 0.3499 0.0000 0.0510
015920 0.5991 0.3499 0.0000 0.0510
015940 0.5991 0.3499 0.0000 0.0510
015960 0.5991 0.3499 0.0000 0.0510
015980 0.5991 0.3499 0.0000 0.0510
016000 0.5991 0.3499 0.0000 0.0510
016020 0.5991 0.3499 0.0000 0.0510
016040 0.5991 0.3499 0.0000 0.0510
016060 0.5991 0.3499 0.0000 0.0510
016080 0.5991 0.3499 0.0000 0.0510
016100 0.5991 0.3499 0.0000 0.0510
016120 0.5991 0.3499 0.0000 0.0510
016140 0.5991 0.3499 0.0000 0.0510
016160 0.5991 0.3499 0.0000 0.0510
016180 0.5991 0.3499 0.0000 0.0510
016200 0.5991 0.3499 0.0000 0.0510
016220 0.5991 0.3499 0.0000 0.0510
016240 0.5991 0.3499 0.0000 0.0510
016260 0.5991 0.3499 0.0000 0.0510
016280 0.5991 0.3499 0.0000 0.0510
016300 0.5991 0.3499 0.0000 0.0510
016320 0.5991 0.3499 0.0000 0.0510
016340 0.5991 0.3499 0.0000 0.0510
016360 0.5991 0.3499 0.0000 0.0510
016380 0.5991 0.3499 0.0000 0.0510
016400 0.5991 0.3499 0.0000 0.0510
016420 0.5991 0.3499 0.0000 0.0510
016440 0.5991 0.3499 0.0000 0.0510
016460 0.5991 0.3499 0.0000 0.0510
016480 0.5991 0.3499 0.0000 0.0510
016500 0.5991 0.3499 0.0000 0.0510
016520 0.5991 0.3499 0.0000 0.0510
016540 0.5991 0.3499 0.0000 0.0510
016560 0.5991 0.3499 0.0000 0.0510
016580 0.5991 0.3499 0.0000 0.0510
016600 0.5991 0.3499 0.0000 0.0510
016620 0.5991 0.3499 0.0000 0.0510
016640 0.5991 0.3499 0.0000 0.0510
016660 0.5991 0.3499 0.0000 0.0510
016680 0.5991 0.3499 0.0000 0.0510
016700 0.5991 0.3499 0.0000 0.0510
016720 0.5991 0.3499 0.0000 0.0510
016740 0.5991 0.3499 0.0000 0.0510
016760 0.5991 0.3499 0.0000 0.0510
016780 0.5991 0.3499 0.0000 0.0510
016800 0.5991 0.3499 0.0000 0.0510
016820 0.5991 0.3499 0.0000 0.0510
016840 0.5991 0.3499 0.0000 0.0510
016860 0.5991 0.3499 0.0000 0.0510
016880 0.5991 0.3499 0.0000 0.0510
016900 0.5991 0.3499 0.0000 0.0510
016920 0.5991 0.3499 0.0000 0.0510
016940 0.5991 0.3499 0.0000 0.0510
016960 0.5991 0.3499 0.0000 0.0510
016980 0.5991 0.3499 0.0000 0.0510
017000 0.5991 0.3499 0.0000 0.0510
017020 0.5991 0.3499 0.0000 0.0510
017040 0.5991 0.3499 0.0000 0.0510
017060 0.5991 0.3499 0.0000 0.0510
017080 0.5991 0.3499 0.0000 0.0510
017100 0.5991 0.3499 0.0000 0.0510
017120 0.5991 0.3499 0.0000 0.0510
017140 0.5991 0.3499 0.0000 0.0510
017160 0.5991 0.3499 0.0000 0.0510
017180 0.5991 0.3499 0.0000 0.0510
017200 0.5991 0.3499 0.0000 0.0510
017220 0.5991 0.3499 0.0000 0.0510
017240 0.5991 0.3499 0.0000 0.0510
017260 0.5991 0.3499 0.0000 0.0510
017280 0.5991 0.3499 0.0000 0.0510
017300 0.5991 0.3499 0.0000 0.0510
017320 0.5991 0.3499 0.0000 0.0510
017340 0.5991 0.3499 0.0000 0.0510
017360 0.5991 0.3499 0.0000 0.0510
017380 0.5991 0.3499 0.0000 0.0510
017400 0.5991 0.3499 0.0000 0.0510
017420 0.5991 0.3499 0.0000 0.0510
017440 0.5991 0.3499 0.0000 0.0510
017460 0.5991 0.3499 0.0000 0.0510
017480 0.5991 0.3499 0.0000 0.0510
017500 0.5991 0.3499 0.0000 0.0510
017520 0.5991 0.3499 0.0000 0.0510
017540 0.5991 0.3499 0.0000 0.0510
017560 0.5991 0.3499 0.0000 0.0510
017580 0.5991 0.3499 0.0000 0.0510
017600 0.5991 0.3499 0.0000 0.0510
017620 0.5991 0.3499 0.0000 0.0510
017640 0.5991 0.3499 0.0000 0.0510
017660 0.5991 0.3499 0.0000 0.0510
017680 0.5991 0.3499 0.0000 0.0510
017700 0.5991 0.3499 0.0000 0.0510
017720 0.5991 0.3499 0.0000 0.0510
017740 0.5991 0.3499 0.0000 0.0510
017760 0.5991 0.3499 0.0000 0.0510
017780 0.5991 0.3499 0.0000 0.0510
017800 0.5991 0.3499 0.0000 0.0510
017820 0.5991 0.3499 0.0000 0.0510
017840 0.5991 0.3499 0.0000 0.0510
017860 0.5991 0.3499 0.0000 0.0510
017880 0.5991 0.3499 0.0000 0.0510
017900 0.5991 0.3499 0.0000 0.0510
017920 0.5991 0.3499 0.0000 0.0510
017940 0.5991 0.3499 0.0000 0.0510
017960 0.5991 0.3499 0.0000 0.0510
017980 0.5991 0.3499 0.0000 0.0510
018000 0.5991 0.3499 0.0000 0.0510
018020 0.5991 0.3499 0.0000 0.0510
018040 0.5991 0.3499 0.0000 0.0510
018060 0.5991 0.3499 0.0000 0.0510
018080 0.5991 0.3499 0.0000 0.0510
018100 0.5991 0.3499 0.0000 0.0510
018120 0.5991 0.3499 0.0000 0.0510
018140 0.5991 0.3499 0.0000 0.0510
018160 0.5991 0.3499 0.0000 0.0510
018180 0.5991 0.3499 0.0000 0.0510
018200 0.5991 0.3499 0.0000 0.0510
018220 0.5991 0.3499 0.0000 0.0510
018240 0.5991 0.3499 0.0000 0.0510
018260 0.5991 0.3499 0.0000 0.0510
018280 0.5991 0.3499 0.0000 0.0510
018300 0.5991 0.3499 0.0000 0.0510
018320 0.5991 0.3499 0.0000 0.0510
018340 0.5991 0.3499 0.0000 0.0510
018360 0.5991 0.3499 0.0000 0.0510
018380 0.5991 0.3499 0.0000 0.0510
018400 0.5991 0.3499 0.0000 0.0510
018420 0.5991 0.3499 0.0000 0.0510
018440 0.5991 0.3499 0.0000 0.0510
018460 0.5991 0.3499 0.0000 0.0510
018480 0.5991 0.3499 0.0000 0.0510
018500 0.5991 0.3499 0.0000 0.0510
018520 0.5991 0.3499 0.0000 0.0510
018540 0.5991 0.3499 0.0000 0.0510
018560 0.5991 0.3499 0.0000 0.0510
018580 0.5991 0.3499 0.0000 0.0510
018600 0.5991 0.3499 0.0000 0.0510
018620 0.5991 0.3499 0.0000 0.0510
018640 0.5991 0.3499 0.0000 0.0510
018660 0.5991 0.3499 0.0000 0.0510
018680 0.5991 0.3499 0.0000 0.0510
018700 0.5991 0.3499 0.0000 0.0510
018720 0.5991 0.3499 0.0000 0.0510
018740 0.5991 0.3499 0.0000 0.0510
018760 0.5991 0.3499 0.0000 0.0510
018780 0.5991 0.3499 0.0000 0.0510
018800 0.5991 0.3499 0.0000 0.0510
018820 0.5991 0.3499 0.0000 0.0510
018840 0.5991 0.3499 0.0000 0.0510
018860 0.5991 0.3499 0.0000 0.0510
018880 0.5991 0.3499 0.0000 0.0510
018900 0.5991 0.3499 0.0000 0.0510
018920 0.5991 0.3499 0.0000 0.0510
018940 0.5991 0.3499 0.0000 0.0510
018960 0.5991 0.3499 0.0000 0.0510
018980 0.5991 0.3499 0.0000 0.0510
019000 0.5991 0.3499 0.0000 0.0510
019020 0.5991 0.3499 0.0000 0.0510
019040 0.5991 0.3499 0.0000 0.0510
019060 0.5991 0.3499 0.0000 0.0510
019080 0.5991 0.3499 0.0000 0.0510
019100 0.5991 0.3499 0.0000 0.0510
019120 0.5991 0.3499 0.0000 0.0510
019140 0.5991 0.3499 0.0000 0.0510
019160 0.5991 0.3499 0.0000 0.0510
019180 0.5991 0.3499 0.0000 0.0510
019200 0.5991 0.3499 0.0000 0.0510
019220 0.5991 0.3499 0.0000 0.0510
019240 0.5991 0.3499 0.0000 0.0510
019260 0.5991 0.3499 0.0000 0.0510
019280 0.5991 0.3499 0.0000 0.0510
019300 0.5991 0.3499 0.0000 0.0510
019320 0.5991 0.3499 0.0000 0.0510
019340 0.5991 0.3499 0.0000 0.0510
019360 0.5991 0.3499 0.0000 0.0510
019380 0.5991 0.3499 0.0000 0.0510
019400 0.5991 0.3499 0.0000 0.0510
019420 0.5991 0.3499 0.0000 0.0510
019440 0.5991 0.3499 0.0000 0.0510
019460 0.5991 0.3499 0.0000 0.0510
019480 0.5991 0.3499 0.0000 0.0510
019500 0.5991 0.3499 0.0000 0.0510
019520 0.5991 0.3499 0.0000 0.0510
019540 0.5991 0.3499 0.0000 0.0510
019560 0.5991 0.3499 0.0000 0.0510
019580 0.5991 0.3499 0.0000 0.0510
019600 0.5991 0.3499 0.0000 0.0510
019620 0.5991 0.3499 0.0000 0.0510
019640 0.5991 0.3499 0.0000 0.0510
019660 0.5991 0.3499 0.0000 0.0510
019680 0.5991 0.3499 0.0000 0.0510
019700 0.5991 0.3499 0.0000 0.0510
019720 0.5991 0.3499 0.0000 0.0510
019740 0.5991 0.3499 0.0000 0.0510
019760 0.5991 0.3499 0.0000 0.0510
019780 0.5991 0.3499 0.0000 0.0510
019800 0.5991 0.3499 0.0000 0.0510
019820 0.5991 0.3499 0.0000 0.0510
019840 0.5991 0.3499 0.0000 0.0510
019860 0.5991 0.3499 0.0000 0.0510
019880 0.5991 0.3499 0.0000 0.0510
019900 0.5991 0.3499 0.0000 0.0510
019920 0.5991 0.3499 0.0000 0.0510
019940 0.5991 0.3499 0.0000 0.0510
019960 0.5991 0.3499 0.0000 0.0510
019980 0.5991 0.3499 0.0000 0.0510
020000 0.5991 0.3499 0.0000 0.0510
