000000 0.2500 0.2500 0.2500 0.2500
000020 0.2589 0.2602 0.2301 0.2508
000040 0.2695 0.2711 0.2083 0.2512
000060 0.2794 0.2823 0.1870 0.2513
000080 0.2874 0.2949 0.1671 0.2506
000100 0.2948 0.3088 0.1480 0.2485
000120 0.3007 0.3241 0.1297 0.2456
000140 0.3049 0.3407 0.1125 0.2419
000160 0.3071 0.3581 0.0972 0.2376
000180 0.3084 0.3762 0.0827 0.2326
000200 0.3085 0.3949 0.0692 0.2274
000220 0.3078 0.4138 0.0571 0.2212
000240 0.3056 0.4342 0.0459 0.2143
000260 0.3016 0.4556 0.0366 0.2062
000280 0.2969 0.4779 0.0280 0.1972
000300 0.2919 0.5007 0.0205 0.1870
000320 0.2856 0.5241 0.0139 0.1763
000340 0.2782 0.5479 0.0089 0.1650
000360 0.2703 0.5717 0.0051 0.1528
000380 0.2617 0.5976 0.0022 0.1385
000400 0.2521 0.6226 0.0003 0.1249
000420 0.2419 0.6483 0.0000 0.1098
000440 0.2328 0.6761 0.0000 0.0911
000460 0.2279 0.7002 0.0000 0.0719
000480 0.2246 0.7174 0.0000 0.0580
000500 0.2224 0.7321 0.0000 0.0455
000520 0.2226 0.7421 0.0000 0.0353
000540 0.2260 0.7472 0.0000 0.0268
000560 0.2325 0.7491 0.0000 0.0185
000580 0.2420 0.7453 0.0000 0.0127
000600 0.2522 0.7394 0.0000 0.0084
000620 0.2646 0.7302 0.0000 0.0052
000640 0.2784 0.7178 0.0000 0.0038
000660 0.2930 0.7045 0.0000 0.0024
000680 0.3071 0.6907 0.0000 0.0022
000700 0.3225 0.6755 0.0000 0.0020
000720 0.3375 0.6604 0.0000 0.0021
000740 0.3498 0.6477 0.0000 0.0025
000760 0.3605 0.6367 0.0000 0.0028
000780 0.3711 0.6255 0.0000 0.0035
000800 0.3802 0.6154 0.0000 0.0044
000820 0.3867 0.6083 0.0000 0.0050
000840 0.3912 0.6034 0.0000 0.0054
000860 0.3947 0.5992 0.0000 0.0061
000880 0.3971 0.5962 0.0000 0.0067
000900 0.4002 0.5930 0.0000 0.0068
000920 0.4012 0.5918 0.0000 0.0070
000940 0.4029 0.5898 0.0000 0.0074
000960 0.4039 0.5884 0.0000 0.0077
000980 0.4082 0.5835 0.0000 0.0083
001000 0.4103 0.5805 0.0000 0.0092
001020 0.4127 0.5776 0.0000 0.0097
001040 0.4132 0.5773 0.0000 0.0096
001060 0.4136 0.5765 0.0000 0.0099
001080 0.4137 0.5758 0.0000 0.0105
001100 0.4153 0.5733 0.0000 0.0114
001120 0.4155 0.5737 0.0000 0.0108
001140 0.4185 0.5708 0.0000 0.0107
001160 0.4243 0.5659 0.0000 0.0098
001180 0.4335 0.5565 0.0000 0.0101
001200 0.4382 0.5515 0.0000 0.0103
001220 0.4478 0.5426 0.0000 0.0096
001240 0.4564 0.5346 0.0000 0.0090
001260 0.4652 0.5249 0.0000 0.0098
001280 0.4731 0.5169 0.0000 0.0100
001300 0.4801 0.5097 0.0000 0.0102
001320 0.4856 0.5034 0.0000 0.0110
001340 0.4893 0.4985 0.0000 0.0123
001360 0.4913 0.4956 0.0000 0.0131
001380 0.4924 0.4947 0.0000 0.0130
001400 0.4930 0.4923 0.0000 0.0148
001420 0.4926 0.4917 0.0000 0.0157
001440 0.4937 0.4906 0.0000 0.0158
001460 0.4951 0.4881 0.0000 0.0168
001480 0.4931 0.4885 0.0000 0.0185
001500 0.4899 0.4910 0.0000 0.0192
001520 0.4862 0.4924 0.0000 0.0214
001540 0.4832 0.4970 0.0000 0.0198
001560 0.4859 0.4960 0.0000 0.0181
001580 0.4933 0.4895 0.0000 0.0171
001600 0.5033 0.4796 0.0000 0.0171
001620 0.5138 0.4702 0.0000 0.0160
001640 0.5265 0.4586 0.0000 0.0149
001660 0.5361 0.4477 0.0000 0.0162
001680 0.5408 0.4424 0.0000 0.0168
001700 0.5493 0.4338 0.0000 0.0169
001720 0.5571 0.4266 0.0000 0.0163
001740 0.5667 0.4183 0.0000 0.0150
001760 0.5791 0.4059 0.0000 0.0150
001780 0.5905 0.3935 0.0000 0.0161
001800 0.5980 0.3845 0.0000 0.0175
001820 0.5996 0.3817 0.0000 0.0187
001840 0.6014 0.3800 0.0000 0.0186
001860 0.6020 0.3781 0.0000 0.0198
001880 0.6017 0.3772 0.0000 0.0211
001900 0.5992 0.3786 0.0000 0.0221
001920 0.5952 0.3825 0.0000 0.0223
001940 0.5912 0.3846 0.0000 0.0241
001960 0.5865 0.3903 0.0000 0.0232
001980 0.5854 0.3916 0.0000 0.0230
002000 0.5866 0.3893 0.0000 0.0242
002020 0.5839 0.3915 0.0000 0.0246
002040 0.5856 0.3924 0.0000 0.0220
002060 0.5935 0.3861 0.0000 0.0204
002080 0.6030 0.3775 0.0000 0.0195
002100 0.6169 0.3666 0.0000 0.0164
002120 0.6321 0.3525 0.0000 0.0154
002140 0.6469 0.3369 0.0000 0.0162
002160 0.6533 0.3272 0.0000 0.0195
002180 0.6582 0.3218 0.0000 0.0200
002200 0.6609 0.3187 0.0000 0.0205
002220 0.6603 0.3193 0.0000 0.0205
002240 0.6606 0.3189 0.0000 0.0205
002260 0.6627 0.3177 0.0000 0.0196
002280 0.6603 0.3191 0.0000 0.0206
002300 0.6577 0.3205 0.0000 0.0219
002320 0.6557 0.3219 0.0000 0.0225
002340 0.6483 0.3271 0.0000 0.0246
002360 0.6376 0.3369 0.0000 0.0255
002380 0.6338 0.3423 0.0000 0.0239
002400 0.6328 0.3444 0.0000 0.0229
002420 0.6334 0.3445 0.0000 0.0221
002440 0.6367 0.3424 0.0000 0.0209
002460 0.6386 0.3392 0.0000 0.0221
002480 0.6425 0.3361 0.0000 0.0214
002500 0.6456 0.3323 0.0000 0.0221
002520 0.6462 0.3310 0.0000 0.0228
002540 0.6488 0.3302 0.0000 0.0211
002560 0.6503 0.3288 0.0000 0.0209
002580 0.6536 0.3260 0.0000 0.0204
002600 0.6595 0.3210 0.0000 0.0196
002620 0.6619 0.3177 0.0000 0.0203
002640 0.6620 0.3162 0.0000 0.0218
002660 0.6608 0.3167 0.0000 0.0224
002680 0.6547 0.3214 0.0000 0.0239
002700 0.6493 0.3265 0.0000 0.0241
002720 0.6457 0.3310 0.0000 0.0234
002740 0.6394 0.3356 0.0000 0.0250
002760 0.6367 0.3387 0.0000 0.0245
002780 0.6369 0.3402 0.0000 0.0229
002800 0.6368 0.3406 0.0000 0.0226
002820 0.6341 0.3409 0.0000 0.0250
002840 0.6305 0.3445 0.0000 0.0250
002860 0.6270 0.3493 0.0000 0.0237
002880 0.6296 0.3480 0.0000 0.0224
002900 0.6342 0.3442 0.0000 0.0216
002920 0.6379 0.3396 0.0000 0.0225
002940 0.6398 0.3373 0.0000 0.0230
002960 0.6436 0.3351 0.0000 0.0213
002980 0.6463 0.3316 0.0000 0.0221
003000 0.6458 0.3318 0.0000 0.0224
003020 0.6472 0.3302 0.0000 0.0226
003040 0.6445 0.3320 0.0000 0.0234
003060 0.6405 0.3367 0.0000 0.0228
003080 0.6407 0.3376 0.0000 0.0216
003100 0.6433 0.3354 0.0000 0.0213
003120 0.6469 0.3325 0.0000 0.0206
003140 0.6511 0.3280 0.0000 0.0208
003160 0.6538 0.3246 0.0000 0.0217
003180 0.6548 0.3232 0.0000 0.0220
003200 0.6528 0.3250 0.0000 0.0222
003220 0.6521 0.3260 0.0000 0.0219
003240 0.6509 0.3269 0.0000 0.0222
003260 0.6470 0.3291 0.0000 0.0239
003280 0.6452 0.3316 0.0000 0.0231
003300 0.6446 0.3334 0.0000 0.0220
003320 0.6435 0.3344 0.0000 0.0220
003340 0.6395 0.3369 0.0000 0.0236
003360 0.6335 0.3414 0.0000 0.0251
003380 0.6298 0.3450 0.0000 0.0252
003400 0.6269 0.3490 0.0000 0.0240
003420 0.6246 0.3533 0.0000 0.0221
003440 0.6313 0.3504 0.0000 0.0182
003460 0.6437 0.3390 0.0000 0.0173
003480 0.6571 0.3260 0.0000 0.0168
003500 0.6705 0.3113 0.0000 0.0182
003520 0.6784 0.3016 0.0000 0.0200
003540 0.6810 0.2986 0.0000 0.0205
003560 0.6793 0.2981 0.0000 0.0226
003580 0.6745 0.3010 0.0000 0.0246
003600 0.6657 0.3071 0.0000 0.0272
003620 0.6558 0.3196 0.0000 0.0246
003640 0.6476 0.3297 0.0000 0.0227
003660 0.6448 0.3326 0.0000 0.0226
003680 0.6413 0.3341 0.0000 0.0246
003700 0.6364 0.3391 0.0000 0.0245
003720 0.6329 0.3420 0.0000 0.0251
003740 0.6311 0.3449 0.0000 0.0240
003760 0.6313 0.3454 0.0000 0.0233
003780 0.6319 0.3460 0.0000 0.0221
003800 0.6350 0.3440 0.0000 0.0210
003820 0.6437 0.3352 0.0000 0.0211
003840 0.6469 0.3319 0.0000 0.0212
003860 0.6522 0.3265 0.0000 0.0213
003880 0.6521 0.3245 0.0000 0.0233
003900 0.6526 0.3247 0.0000 0.0228
003920 0.6493 0.3278 0.0000 0.0230
003940 0.6462 0.3304 0.0000 0.0234
003960 0.6429 0.3346 0.0000 0.0225
003980 0.6413 0.3355 0.0000 0.0233
004000 0.6369 0.3400 0.0000 0.0230
004020 0.6351 0.3410 0.0000 0.0239
004040 0.6370 0.3399 0.0000 0.0232
004060 0.6345 0.3414 0.0000 0.0241
004080 0.6312 0.3439 0.0000 0.0249
004100 0.6293 0.3472 0.0000 0.0235
004120 0.6303 0.3468 0.0000 0.0230
004140 0.6341 0.3437 0.0000 0.0223
004160 0.6357 0.3416 0.0000 0.0227
004180 0.6405 0.3374 0.0000 0.0221
004200 0.6492 0.3313 0.0000 0.0195
004220 0.6583 0.3229 0.0000 0.0187
004240 0.6678 0.3126 0.0000 0.0196
004260 0.6706 0.3088 0.0000 0.0206
004280 0.6675 0.3083 0.0000 0.0242
004300 0.6581 0.3169 0.0000 0.0250
004320 0.6515 0.3243 0.0000 0.0242
004340 0.6428 0.3315 0.0000 0.0256
004360 0.6321 0.3425 0.0000 0.0254
004380 0.6241 0.3506 0.0000 0.0253
004400 0.6158 0.3584 0.0000 0.0258
004420 0.6145 0.3617 0.0000 0.0238
004440 0.6207 0.3567 0.0000 0.0227
004460 0.6237 0.3535 0.0000 0.0228
004480 0.6261 0.3505 0.0000 0.0235
004500 0.6287 0.3480 0.0000 0.0233
004520 0.6329 0.3446 0.0000 0.0224
004540 0.6404 0.3395 0.0000 0.0201
004560 0.6486 0.3311 0.0000 0.0203
004580 0.6576 0.3219 0.0000 0.0205
004600 0.6637 0.3155 0.0000 0.0207
004620 0.6703 0.3101 0.0000 0.0197
004640 0.6736 0.3061 0.0000 0.0203
004660 0.6745 0.3041 0.0000 0.0214
004680 0.6686 0.3086 0.0000 0.0228
004700 0.6613 0.3141 0.0000 0.0245
004720 0.6519 0.3232 0.0000 0.0250
004740 0.6447 0.3317 0.0000 0.0236
004760 0.6386 0.3370 0.0000 0.0244
004780 0.6318 0.3423 0.0000 0.0259
004800 0.6252 0.3495 0.0000 0.0254
004820 0.6245 0.3530 0.0000 0.0225
004840 0.6305 0.3494 0.0000 0.0201
004860 0.6401 0.3390 0.0000 0.0210
004880 0.6451 0.3323 0.0000 0.0225
004900 0.6493 0.3294 0.0000 0.0214
004920 0.6502 0.3270 0.0000 0.0228
004940 0.6521 0.3259 0.0000 0.0221
004960 0.6525 0.3255 0.0000 0.0220
004980 0.6531 0.3264 0.0000 0.0205
005000 0.6566 0.3235 0.0000 0.0199
005020 0.6601 0.3192 0.0000 0.0207
005040 0.6592 0.3182 0.0000 0.0226
005060 0.6580 0.3191 0.0000 0.0228
005080 0.6585 0.3174 0.0000 0.0241
005100 0.6528 0.3212 0.0000 0.0260
005120 0.6417 0.3316 0.0000 0.0268
005140 0.6296 0.3422 0.0000 0.0282
005160 0.6189 0.3530 0.0000 0.0280
005180 0.6096 0.3636 0.0000 0.0268
005200 0.6028 0.3720 0.0000 0.0252
005220 0.6065 0.3712 0.0000 0.0222
005240 0.6202 0.3606 0.0000 0.0193
005260 0.6344 0.3467 0.0000 0.0189
005280 0.6464 0.3334 0.0000 0.0202
005300 0.6534 0.3265 0.0000 0.0202
005320 0.6608 0.3187 0.0000 0.0205
005340 0.6615 0.3174 0.0000 0.0210
005360 0.6621 0.3156 0.0000 0.0223
005380 0.6586 0.3188 0.0000 0.0226
005400 0.6570 0.3211 0.0000 0.0219
005420 0.6530 0.3243 0.0000 0.0227
005440 0.6511 0.3256 0.0000 0.0233
005460 0.6478 0.3278 0.0000 0.0244
005480 0.6422 0.3336 0.0000 0.0242
005500 0.6406 0.3360 0.0000 0.0235
005520 0.6397 0.3373 0.0000 0.0230
005540 0.6394 0.3366 0.0000 0.0240
005560 0.6346 0.3398 0.0000 0.0256
005580 0.6338 0.3430 0.0000 0.0232
005600 0.6347 0.3427 0.0000 0.0226
005620 0.6381 0.3407 0.0000 0.0212
005640 0.6429 0.3380 0.0000 0.0190
005660 0.6543 0.3270 0.0000 0.0187
005680 0.6664 0.3135 0.0000 0.0201
005700 0.6727 0.3062 0.0000 0.0212
005720 0.6724 0.3045 0.0000 0.0231
005740 0.6675 0.3088 0.0000 0.0238
005760 0.6573 0.3172 0.0000 0.0255
005780 0.6467 0.3284 0.0000 0.0248
005800 0.6399 0.3352 0.0000 0.0248
005820 0.6319 0.3414 0.0000 0.0267
005840 0.6201 0.3519 0.0000 0.0280
005860 0.6153 0.3602 0.0000 0.0245
005880 0.6164 0.3586 0.0000 0.0250
005900 0.6180 0.3596 0.0000 0.0224
005920 0.6250 0.3526 0.0000 0.0224
005940 0.6274 0.3495 0.0000 0.0231
005960 0.6313 0.3466 0.0000 0.0221
005980 0.6396 0.3399 0.0000 0.0205
006000 0.6473 0.3338 0.0000 0.0189
006020 0.6575 0.3240 0.0000 0.0185
006040 0.6656 0.3154 0.0000 0.0189
006060 0.6707 0.3080 0.0000 0.0213
006080 0.6701 0.3079 0.0000 0.0220
006100 0.6649 0.3122 0.0000 0.0229
006120 0.6585 0.3190 0.0000 0.0225
006140 0.6551 0.3220 0.0000 0.0229
006160 0.6483 0.3286 0.0000 0.0231
006180 0.6452 0.3313 0.0000 0.0235
006200 0.6431 0.3327 0.0000 0.0242
006220 0.6415 0.3344 0.0000 0.0241
006240 0.6433 0.3332 0.0000 0.0235
006260 0.6465 0.3311 0.0000 0.0224
006280 0.6487 0.3294 0.0000 0.0219
006300 0.6498 0.3272 0.0000 0.0231
006320 0.6453 0.3295 0.0000 0.0252
006340 0.6396 0.3330 0.0000 0.0274
006360 0.6303 0.3440 0.0000 0.0256
006380 0.6281 0.3507 0.0000 0.0212
006400 0.6334 0.3459 0.0000 0.0206
006420 0.6364 0.3412 0.0000 0.0224
006440 0.6366 0.3401 0.0000 0.0232
006460 0.6362 0.3409 0.0000 0.0229
006480 0.6378 0.3397 0.0000 0.0224
006500 0.6392 0.3388 0.0000 0.0219
006520 0.6416 0.3350 0.0000 0.0234
006540 0.6392 0.3360 0.0000 0.0249
006560 0.6387 0.3387 0.0000 0.0226
006580 0.6404 0.3359 0.0000 0.0237
006600 0.6370 0.3384 0.0000 0.0246
006620 0.6349 0.3418 0.0000 0.0233
006640 0.6340 0.3419 0.0000 0.0241
006660 0.6322 0.3439 0.0000 0.0239
006680 0.6335 0.3444 0.0000 0.0222
006700 0.6406 0.3393 0.0000 0.0202
006720 0.6472 0.3328 0.0000 0.0200
006740 0.6567 0.3247 0.0000 0.0186
006760 0.6633 0.3180 0.0000 0.0187
006780 0.6710 0.3088 0.0000 0.0202
006800 0.6715 0.3066 0.0000 0.0220
006820 0.6700 0.3074 0.0000 0.0226
006840 0.6626 0.3142 0.0000 0.0232
006860 0.6573 0.3192 0.0000 0.0235
006880 0.6480 0.3261 0.0000 0.0259
006900 0.6401 0.3355 0.0000 0.0243
006920 0.6315 0.3437 0.0000 0.0248
006940 0.6252 0.3500 0.0000 0.0248
006960 0.6201 0.3540 0.0000 0.0259
006980 0.6197 0.3561 0.0000 0.0242
007000 0.6206 0.3555 0.0000 0.0238
007020 0.6272 0.3513 0.0000 0.0215
007040 0.6325 0.3461 0.0000 0.0214
007060 0.6369 0.3417 0.0000 0.0214
007080 0.6448 0.3352 0.0000 0.0200
007100 0.6545 0.3268 0.0000 0.0187
007120 0.6629 0.3175 0.0000 0.0196
007140 0.6664 0.3138 0.0000 0.0198
007160 0.6652 0.3134 0.0000 0.0214
007180 0.6643 0.3130 0.0000 0.0227
007200 0.6634 0.3142 0.0000 0.0224
007220 0.6601 0.3170 0.0000 0.0229
007240 0.6539 0.3203 0.0000 0.0258
007260 0.6457 0.3298 0.0000 0.0245
007280 0.6411 0.3347 0.0000 0.0242
007300 0.6372 0.3399 0.0000 0.0229
007320 0.6367 0.3412 0.0000 0.0221
007340 0.6398 0.3375 0.0000 0.0227
007360 0.6412 0.3364 0.0000 0.0224
007380 0.6425 0.3363 0.0000 0.0211
007400 0.6481 0.3307 0.0000 0.0213
007420 0.6528 0.3267 0.0000 0.0206
007440 0.6605 0.3205 0.0000 0.0190
007460 0.6688 0.3123 0.0000 0.0190
007480 0.6732 0.3071 0.0000 0.0197
007500 0.6715 0.3067 0.0000 0.0218
007520 0.6646 0.3121 0.0000 0.0234
007540 0.6582 0.3192 0.0000 0.0226
007560 0.6547 0.3220 0.0000 0.0233
007580 0.6499 0.3266 0.0000 0.0236
007600 0.6472 0.3298 0.0000 0.0230
007620 0.6475 0.3303 0.0000 0.0222
007640 0.6452 0.3320 0.0000 0.0228
007660 0.6430 0.3340 0.0000 0.0230
007680 0.6432 0.3342 0.0000 0.0226
007700 0.6480 0.3316 0.0000 0.0204
007720 0.6554 0.3239 0.0000 0.0207
007740 0.6600 0.3199 0.0000 0.0202
007760 0.6632 0.3156 0.0000 0.0212
007780 0.6615 0.3159 0.0000 0.0225
007800 0.6563 0.3192 0.0000 0.0245
007820 0.6531 0.3224 0.0000 0.0245
007840 0.6469 0.3277 0.0000 0.0254
007860 0.6403 0.3359 0.0000 0.0238
007880 0.6394 0.3380 0.0000 0.0226
007900 0.6374 0.3391 0.0000 0.0235
007920 0.6335 0.3435 0.0000 0.0230
007940 0.6344 0.3436 0.0000 0.0219
007960 0.6391 0.3397 0.0000 0.0212
007980 0.6428 0.3363 0.0000 0.0210
008000 0.6489 0.3306 0.0000 0.0204
008020 0.6562 0.3238 0.0000 0.0201
008040 0.6610 0.3186 0.0000 0.0204
008060 0.6629 0.3155 0.0000 0.0216
008080 0.6617 0.3159 0.0000 0.0225
008100 0.6595 0.3191 0.0000 0.0214
008120 0.6618 0.3171 0.0000 0.0211
008140 0.6588 0.3191 0.0000 0.0221
008160 0.6530 0.3236 0.0000 0.0235
008180 0.6460 0.3288 0.0000 0.0252
008200 0.6374 0.3374 0.0000 0.0252
008220 0.6340 0.3416 0.0000 0.0244
008240 0.6358 0.3406 0.0000 0.0236
008260 0.6360 0.3412 0.0000 0.0228
008280 0.6404 0.3391 0.0000 0.0205
008300 0.6499 0.3311 0.0000 0.0189
008320 0.6553 0.3255 0.0000 0.0192
008340 0.6624 0.3184 0.0000 0.0191
008360 0.6669 0.3118 0.0000 0.0213
008380 0.6641 0.3136 0.0000 0.0222
008400 0.6609 0.3168 0.0000 0.0223
008420 0.6568 0.3211 0.0000 0.0220
008440 0.6561 0.3224 0.0000 0.0214
008460 0.6565 0.3216 0.0000 0.0218
008480 0.6552 0.3223 0.0000 0.0225
008500 0.6553 0.3237 0.0000 0.0209
008520 0.6578 0.3205 0.0000 0.0217
008540 0.6540 0.3223 0.0000 0.0237
008560 0.6515 0.3248 0.0000 0.0237
008580 0.6479 0.3276 0.0000 0.0245
008600 0.6415 0.3326 0.0000 0.0258
008620 0.6354 0.3370 0.0000 0.0276
008640 0.6285 0.3454 0.0000 0.0262
008660 0.6273 0.3493 0.0000 0.0235
008680 0.6280 0.3493 0.0000 0.0226
008700 0.6265 0.3493 0.0000 0.0242
008720 0.6267 0.3502 0.0000 0.0231
008740 0.6311 0.3477 0.0000 0.0212
008760 0.6359 0.3428 0.0000 0.0213
008780 0.6440 0.3355 0.0000 0.0205
008800 0.6483 0.3291 0.0000 0.0226
008820 0.6513 0.3274 0.0000 0.0213
008840 0.6542 0.3262 0.0000 0.0195
008860 0.6575 0.3215 0.0000 0.0210
008880 0.6591 0.3193 0.0000 0.0216
008900 0.6589 0.3190 0.0000 0.0221
008920 0.6600 0.3180 0.0000 0.0220
008940 0.6597 0.3190 0.0000 0.0213
008960 0.6600 0.3180 0.0000 0.0219
008980 0.6567 0.3194 0.0000 0.0240
009000 0.6505 0.3254 0.0000 0.0241
009020 0.6405 0.3344 0.0000 0.0250
009040 0.6352 0.3394 0.0000 0.0254
009060 0.6308 0.3446 0.0000 0.0246
009080 0.6239 0.3502 0.0000 0.0259
009100 0.6193 0.3544 0.0000 0.0263
009120 0.6161 0.3582 0.0000 0.0257
009140 0.6227 0.3548 0.0000 0.0225
009160 0.6269 0.3508 0.0000 0.0223
009180 0.6328 0.3461 0.0000 0.0211
009200 0.6395 0.3393 0.0000 0.0213
009220 0.6436 0.3342 0.0000 0.0222
009240 0.6531 0.3284 0.0000 0.0184
009260 0.6580 0.3214 0.0000 0.0207
009280 0.6617 0.3170 0.0000 0.0213
009300 0.6635 0.3156 0.0000 0.0210
009320 0.6644 0.3137 0.0000 0.0219
009340 0.6624 0.3157 0.0000 0.0219
009360 0.6611 0.3172 0.0000 0.0217
009380 0.6617 0.3176 0.0000 0.0207
009400 0.6651 0.3143 0.0000 0.0207
009420 0.6628 0.3161 0.0000 0.0211
009440 0.6613 0.3171 0.0000 0.0216
009460 0.6592 0.3193 0.0000 0.0214
009480 0.6591 0.3185 0.0000 0.0225
009500 0.6577 0.3189 0.0000 0.0234
009520 0.6519 0.3225 0.0000 0.0257
009540 0.6412 0.3315 0.0000 0.0273
009560 0.6321 0.3405 0.0000 0.0274
009580 0.6243 0.3497 0.0000 0.0261
009600 0.6177 0.3575 0.0000 0.0248
009620 0.6196 0.3599 0.0000 0.0206
009640 0.6277 0.3524 0.0000 0.0198
009660 0.6348 0.3452 0.0000 0.0200
009680 0.6416 0.3379 0.0000 0.0205
009700 0.6474 0.3315 0.0000 0.0210
009720 0.6527 0.3266 0.0000 0.0207
009740 0.6562 0.3238 0.0000 0.0200
009760 0.6633 0.3159 0.0000 0.0208
009780 0.6631 0.3153 0.0000 0.0216
009800 0.6624 0.3163 0.0000 0.0213
009820 0.6619 0.3159 0.0000 0.0222
009840 0.6578 0.3179 0.0000 0.0242
009860 0.6539 0.3210 0.0000 0.0252
009880 0.6525 0.3238 0.0000 0.0237
009900 0.6485 0.3285 0.0000 0.0230
009920 0.6484 0.3286 0.0000 0.0230
009940 0.6451 0.3306 0.0000 0.0244
009960 0.6400 0.3350 0.0000 0.0250
009980 0.6377 0.3387 0.0000 0.0236
010000 0.6355 0.3403 0.0000 0.0242
010020 0.6372 0.3400 0.0000 0.0228
010040 0.6372 0.3400 0.0000 0.0228
010060 0.6372 0.3400 0.0000 0.0228
010080 0.6372 0.3400 0.0000 0.0228
010100 0.6372 0.3400 0.0000 0.0228
010120 0.6372 0.3400 0.0000 0.0228
010140 0.6372 0.3400 0.0000 0.0228
010160 0.6372 0.3400 0.0000 0.0228
010180 0.6372 0.3400 0.0000 0.0228
010200 0.6372 0.3400 0.0000 0.0228
010220 0.6372 0.3400 0.0000 0.0228
010240 0.6372 0.3400 0.0000 0.0228
010260 0.6372 0.3400 0.0000 0.0228
010280 0.6372 0.3400 0.0000 0.0228
010300 0.6372 0.3400 0.0000 0.0228
010320 0.6372 0.3400 0.0000 0.0228
010340 0.6372 0.3400 0.0000 0.0228
010360 0.6372 0.3400 0.0000 0.0228
010380 0.6372 0.3400 0.0000 0.0228
010400 0.6372 0.3400 0.0000 0.0228
010420 0.6372 0.3400 0.0000 0.0228
010440 0.6372 0.3400 0.0000 0.0228
010460 0.6372 0.3400 0.0000 0.0228
010480 0.6372 0.3400 0.0000 0.0228
010500 0.6372 0.3400 0.0000 0.0228
010520 0.6372 0.3400 0.0000 0.0228
010540 0.6372 0.3400 0.0000 0.0228
010560 0.6372 0.3400 0.0000 0.0228
010580 0.6372 0.3400 0.0000 0.0228
010600 0.6372 0.3400 0.0000 0.0228
010620 0.6372 0.3400 0.0000 0.0228
010640 0.6372 0.3400 0.0000 0.0228
010660 0.6372 0.3400 0.0000 0.0228
010680 0.6372 0.3400 0.0000 0.0228
010700 0.6372 0.3400 0.0000 0.0228
010720 0.6372 0.3400 0.0000 0.0228
010740 0.6372 0.3400 0.0000 0.0228
010760 0.6372 0.3400 0.0000 0.0228
010780 0.6372 0.3400 0.0000 0.0228
010800 0.6372 0.3400 0.0000 0.0228
010820 0.6372 0.3400 0.0000 0.0228
010840 0.6372 0.3400 0.0000 0.0228
010860 0.6372 0.3400 0.0000 0.0228
010880 0.6372 0.3400 0.0000 0.0228
010900 0.6372 0.3400 0.0000 0.0228
010920 0.6372 0.3400 0.0000 0.0228
010940 0.6372 0.3400 0.0000 0.0228
010960 0.6372 0.3400 0.0000 0.0228
010980 0.6372 0.3400 0.0000 0.0228
011000 0.6372 0.3400 0.0000 0.0228
011020 0.6372 0.3400 0.0000 0.0228
011040 0.6372 0.3400 0.0000 0.0228
011060 0.6372 0.3400 0.0000 0.0228
011080 0.6372 0.3400 0.0000 0.0228
011100 0.6372 0.3400 0.0000 0.0228
011120 0.6372 0.3400 0.0000 0.0228
011140 0.6372 0.3400 0.0000 0.0228
011160 0.6372 0.3400 0.0000 0.0228
011180 0.6372 0.3400 0.0000 0.0228
011200 0.6372 0.3400 0.0000 0.0228
011220 0.6372 0.3400 0.0000 0.0228
011240 0.6372 0.3400 0.0000 0.0228
011260 0.6372 0.3400 0.0000 0.0228
011280 0.6372 0.3400 0.0000 0.0228
011300 0.6372 0.3400 0.0000 0.0228
011320 0.6372 0.3400 0.0000 0.0228
011340 0.6372 0.3400 0.0000 0.0228
011360 0.6372 0.3400 0.0000 0.0228
011380 0.6372 0.3400 0.0000 0.0228
011400 0.6372 0.3400 0.0000 0.0228
011420 0.6372 0.3400 0.0000 0.0228
011440 0.6372 0.3400 0.0000 0.0228
011460 0.6372 0.3400 0.0000 0.0228
011480 0.6372 0.3400 0.0000 0.0228
011500 0.6372 0.3400 0.0000 0.0228
011520 0.6372 0.3400 0.0000 0.0228
011540 0.6372 0.3400 0.0000 0.0228
011560 0.6372 0.3400 0.0000 0.0228
011580 0.6372 0.3400 0.0000 0.0228
011600 0.6372 0.3400 0.0000 0.0228
011620 0.6372 0.3400 0.0000 0.0228
011640 0.6372 0.3400 0.0000 0.0228
011660 0.6372 0.3400 0.0000 0.0228
011680 0.6372 0.3400 0.0000 0.0228
011700 0.6372 0.3400 0.0000 0.0228
011720 0.6372 0.3400 0.0000 0.0228
011740 0.6372 0.3400 0.0000 0.0228
011760 0.6372 0.3400 0.0000 0.0228
011780 0.6372 0.3400 0.0000 0.0228
011800 0.6372 0.3400 0.0000 0.0228
011820 0.6372 0.3400 0.0000 0.0228
011840 0.6372 0.3400 0.0000 0.0228
011860 0.6372 0.3400 0.0000 0.0228
011880 0.6372 0.3400 0.0000 0.0228
011900 0.6372 0.3400 0.0000 0.0228
011920 0.6372 0.3400 0.0000 0.0228
011940 0.6372 0.3400 0.0000 0.0228
011960 0.6372 0.3400 0.0000 0.0228
011980 0.6372 0.3400 0.0000 0.0228
012000 0.6372 0.3400 0.0000 0.0228
012020 0.6372 0.3400 0.0000 0.0228
012040 0.6372 0.3400 0.0000 0.0228
012060 0.6372 0.3400 0.0000 0.0228
012080 0.6372 0.3400 0.0000 0.0228
012100 0.6372 0.3400 0.0000 0.0228
012120 0.6372 0.3400 0.0000 0.0228
012140 0.6372 0.3400 0.0000 0.0228
012160 0.6372 0.3400 0.0000 0.0228
012180 0.6372 0.3400 0.0000 0.0228
012200 0.6372 0.3400 0.0000 0.0228
012220 0.6372 0.3400 0.0000 0.0228
012240 0.6372 0.3400 0.0000 0.0228
012260 0.6372 0.3400 0.0000 0.0228
012280 0.6372 0.3400 0.0000 0.0228
012300 0.6372 0.3400 0.0000 0.0228
012320 0.6372 0.3400 0.0000 0.0228
012340 0.6372 0.3400 0.0000 0.0228
012360 0.6372 0.3400 0.0000 0.0228
012380 0.6372 0.3400 0.0000 0.0228
012400 0.6372 0.3400 0.0000 0.0228
012420 0.6372 0.3400 0.0000 0.0228
012440 0.6372 0.3400 0.0000 0.0228
012460 0.6372 0.3400 0.0000 0.0228
012480 0.6372 0.3400 0.0000 0.0228
012500 0.6372 0.3400 0.0000 0.0228
012520 0.6372 0.3400 0.0000 0.0228
012540 0.6372 0.3400 0.0000 0.0228
012560 0.6372 0.3400 0.0000 0.0228
012580 0.6372 0.3400 0.0000 0.0228
012600 0.6372 0.3400 0.0000 0.0228
012620 0.6372 0.3400 0.0000 0.0228
012640 0.6372 0.3400 0.0000 0.0228
012660 0.6372 0.3400 0.0000 0.0228
012680 0.6372 0.3400 0.0000 0.0228
012700 0.6372 0.3400 0.0000 0.0228
012720 0.6372 0.3400 0.0000 0.0228
012740 0.6372 0.3400 0.0000 0.0228
012760 0.6372 0.3400 0.0000 0.0228
012780 0.6372 0.3400 0.0000 0.0228
012800 0.6372 0.3400 0.0000 0.0228
012820 0.6372 0.3400 0.0000 0.0228
012840 0.6372 0.3400 0.0000 0.0228
012860 0.6372 0.3400 0.0000 0.0228
012880 0.6372 0.3400 0.0000 0.0228
012900 0.6372 0.3400 0.0000 0.0228
012920 0.6372 0.3400 0.0000 0.0228
012940 0.6372 0.3400 0.0000 0.0228
012960 0.6372 0.3400 0.0000 0.0228
012980 0.6372 0.3400 0.0000 0.0228
013000 0.6372 0.3400 0.0000 0.0228
013020 0.6372 0.3400 0.0000 0.0228
013040 0.6372 0.3400 0.0000 0.0228
013060 0.6372 0.3400 0.0000 0.0228
013080 0.6372 0.3400 0.0000 0.0228
013100 0.6372 0.3400 0.0000 0.0228
013120 0.6372 0.3400 0.0000 0.0228
013140 0.6372 0.3400 0.0000 0.0228
013160 0.6372 0.3400 0.0000 0.0228
013180 0.6372 0.3400 0.0000 0.0228
013200 0.6372 0.3400 0.0000 0.0228
013220 0.6372 0.3400 0.0000 0.0228
013240 0.6372 0.3400 0.0000 0.0228
013260 0.6372 0.3400 0.0000 0.0228
013280 0.6372 0.3400 0.0000 0.0228
013300 0.6372 0.3400 0.0000 0.0228
013320 0.6372 0.3400 0.0000 0.0228
013340 0.6372 0.3400 0.0000 0.0228
013360 0.6372 0.3400 0.0000 0.0228
013380 0.6372 0.3400 0.0000 0.0228
013400 0.6372 0.3400 0.0000 0.0228
013420 0.6372 0.3400 0.0000 0.0228
013440 0.6372 0.3400 0.0000 0.0228
013460 0.6372 0.3400 0.0000 0.0228
013480 0.6372 0.3400 0.0000 0.0228
013500 0.6372 0.3400 0.0000 0.0228
013520 0.6372 0.3400 0.0000 0.0228
013540 0.6372 0.3400 0.0000 0.0228
013560 0.6372 0.3400 0.0000 0.0228
013580 0.6372 0.3400 0.0000 0.0228
013600 0.6372 0.3400 0.0000 0.0228
013620 0.6372 0.3400 0.0000 0.0228
013640 0.6372 0.3400 0.0000 0.0228
013660 0.6372 0.3400 0.0000 0.0228
013680 0.6372 0.3400 0.0000 0.0228
013700 0.6372 0.3400 0.0000 0.0228
013720 0.6372 0.3400 0.0000 0.0228
013740 0.6372 0.3400 0.0000 0.0228
013760 0.6372 0.3400 0.0000 0.0228
013780 0.6372 0.3400 0.0000 0.0228
013800 0.6372 0.3400 0.0000 0.0228
013820 0.6372 0.3400 0.0000 0.0228
013840 0.6372 0.3400 0.0000 0.0228
013860 0.6372 0.3400 0.0000 0.0228
013880 0.6372 0.3400 0.0000 0.0228
013900 0.6372 0.3400 0.0000 0.0228
013920 0.6372 0.3400 0.0000 0.0228
013940 0.6372 0.3400 0.0000 0.0228
013960 0.6372 0.3400 0.0000 0.0228
013980 0.6372 0.3400 0.0000 0.0228
014000 0.6372 0.3400 0.0000 0.0228
014020 0.6372 0.3400 0.0000 0.0228
014040 0.6372 0.3400 0.0000 0.0228
014060 0.6372 0.3400 0.0000 0.0228
014080 0.6372 0.3400 0.0000 0.0228
014100 0.6372 0.3400 0.0000 0.0228
014120 0.6372 0.3400 0.0000 0.0228
014140 0.6372 0.3400 0.0000 0.0228
014160 0.6372 0.3400 0.0000 0.0228
014180 0.6372 0.3400 0.0000 0.0228
014200 0.6372 0.3400 0.0000 0.0228
014220 0.6372 0.3400 0.0000 0.0228
014240 0.6372 0.3400 0.0000 0.0228
014260 0.6372 0.3400 0.0000 0.0228
014280 0.6372 0.3400 0.0000 0.0228
014300 0.6372 0.3400 0.0000 0.0228
014320 0.6372 0.3400 0.0000 0.0228
014340 0.6372 0.3400 0.0000 0.0228
014360 0.6372 0.3400 0.0000 0.0228
014380 0.6372 0.3400 0.0000 0.0228
014400 0.6372 0.3400 0.0000 0.0228
014420 0.6372 0.3400 0.0000 0.0228
014440 0.6372 0.3400 0.0000 0.0228
014460 0.6372 0.3400 0.0000 0.0228
014480 0.6372 0.3400 0.0000 0.0228
014500 0.6372 0.3400 0.0000 0.0228
014520 0.6372 0.3400 0.0000 0.0228
014540 0.6372 0.3400 0.0000 0.0228
014560 0.6372 0.3400 0.0000 0.0228
014580 0.6372 0.3400 0.0000 0.0228
014600 0.6372 0.3400 0.0000 0.0228
014620 0.6372 0.3400 0.0000 0.0228
014640 0.6372 0.3400 0.0000 0.0228
014660 0.6372 0.3400 0.0000 0.0228
014680 0.6372 0.3400 0.0000 0.0228
014700 0.6372 0.3400 0.0000 0.0228
014720 0.6372 0.3400 0.0000 0.0228
014740 0.6372 0.3400 0.0000 0.0228
014760 0.6372 0.3400 0.0000 0.0228
014780 0.6372 0.3400 0.0000 0.0228
014800 0.6372 0.3400 0.0000 0.0228
014820 0.6372 0.3400 0.0000 0.0228
014840 0.6372 0.3400 0.0000 0.0228
014860 0.6372 0.3400 0.0000 0.0228
014880 0.6372 0.3400 0.0000 0.0228
014900 0.6372 0.3400 0.0000 0.0228
014920 0.6372 0.3400 0.0000 0.0228
014940 0.6372 0.3400 0.0000 0.0228
014960 0.6372 0.3400 0.0000 0.0228
014980 0.6372 0.3400 0.0000 0.0228
015000 0.6372 0.3400 0.0000 0.0228
015020 0.6372 0.3400 0.0000 0.0228
015040 0.6372 0.3400 0.0000 0.0228
015060 0.6372 0.3400 0.0000 0.0228
015080 0.6372 0.3400 0.0000 0.0228
015100 0.6372 0.3400 0.0000 0.0228
015120 0.6372 0.3400 0.0000 0.0228
015140 0.6372 0.3400 0.0000 0.0228
015160 0.6372 0.3400 0.0000 0.0228
015180 0.6372 0.3400 0.0000 0.0228
015200 0.6372 0.3400 0.0000 0.0228
015220 0.6372 0.3400 0.0000 0.0228
015240 0.6372 0.3400 0.0000 0.0228
015260 0.6372 0.3400 0.0000 0.0228
015280 0.6372 0.3400 0.0000 0.0228
015300 0.6372 0.3400 0.0000 0.0228
015320 0.6372 0.3400 0.0000 0.0228
015340 0.6372 0.3400 0.0000 0.0228
015360 0.6372 0.3400 0.0000 0.0228
015380 0.6372 0.3400 0.0000 0.0228
015400 0.6372 0.3400 0.0000 0.0228
015420 0.6372 0.3400 0.0000 0.0228
015440 0.6372 0.3400 0.0000 0.0228
015460 0.6372 0.3400 0.0000 0.0228
015480 0.6372 0.3400 0.0000 0.0228
015500 0.6372 0.3400 0.0000 0.0228
015520 0.6372 0.3400 0.0000 0.0228
015540 0.6372 0.3400 0.0000 0.0228
015560 0.6372 0.3400 0.0000 0.0228
015580 0.6372 0.3400 0.0000 0.0228
015600 0.6372 0.3400 0.0000 0.0228
015620 0.6372 0.3400 0.0000 0.0228
015640 0.6372 0.3400 0.0000 0.0228
015660 0.6372 0.3400 0.0000 0.0228
015680 0.6372 0.3400 0.0000 0.0228
015700 0.6372 0.3400 0.0000 0.0228
015720 0.6372 0.3400 0.0000 0.0228
015740 0.6372 0.3400 0.0000 0.0228
015760 0.6372 0.3400 0.0000 0.0228
015780 0.6372 0.3400 0.0000 0.0228
015800 0.6372 0.3400 0.0000 0.0228
015820 0.6372 0.3400 0.0000 0.0228
015840 0.6372 0.3400 0.0000 0.0228
015860 0.6372 0.3400 0.0000 0.0228
015880 0.6372 0.3400 0.0000 0.0228
015900 0.6372 0.3400 0.0000 0.0228
015920 0.6372 0.3400 0.0000 0.0228
015940 0.6372 0.3400 0.0000 0.0228
015960 0.6372 0.3400 0.0000 0.0228
015980 0.6372 0.3400 0.0000 0.0228
016000 0.6372 0.3400 0.0000 0.0228
016020 0.6372 0.3400 0.0000 0.0228
016040 0.6372 0.3400 0.0000 0.0228
016060 0.6372 0.3400 0.0000 0.0228
016080 0.6372 0.3400 0.0000 0.0228
016100 0.6372 0.3400 0.0000 0.0228
016120 0.6372 0.3400 0.0000 0.0228
016140 0.6372 0.3400 0.0000 0.0228
016160 0.6372 0.3400 0.0000 0.0228
016180 0.6372 0.3400 0.0000 0.0228
016200 0.6372 0.3400 0.0000 0.0228
016220 0.6372 0.3400 0.0000 0.0228
016240 0.6372 0.3400 0.0000 0.0228
016260 0.6372 0.3400 0.0000 0.0228
016280 0.6372 0.3400 0.0000 0.0228
016300 0.6372 0.3400 0.0000 0.0228
016320 0.6372 0.3400 0.0000 0.0228
016340 0.6372 0.3400 0.0000 0.0228
016360 0.6372 0.3400 0.0000 0.0228
016380 0.6372 0.3400 0.0000 0.0228
016400 0.6372 0.3400 0.0000 0.0228
016420 0.6372 0.3400 0.0000 0.0228
016440 0.6372 0.3400 0.0000 0.0228
016460 0.6372 0.3400 0.0000 0.0228
016480 0.6372 0.3400 0.0000 0.0228
016500 0.6372 0.3400 0.0000 0.0228
016520 0.6372 0.3400 0.0000 0.0228
016540 0.6372 0.3400 0.0000 0.0228
016560 0.6372 0.3400 0.0000 0.0228
016580 0.6372 0.3400 0.0000 0.0228
016600 0.6372 0.3400 0.0000 0.0228
016620 0.6372 0.3400 0.0000 0.0228
016640 0.6372 0.3400 0.0000 0.0228
016660 0.6372 0.3400 0.0000 0.0228
016680 0.6372 0.3400 0.0000 0.0228
016700 0.6372 0.3400 0.0000 0.0228
016720 0.6372 0.3400 0.0000 0.0228
016740 0.6372 0.3400 0.0000 0.0228
016760 0.6372 0.3400 0.0000 0.0228
016780 0.6372 0.3400 0.0000 0.0228
016800 0.6372 0.3400 0.0000 0.0228
016820 0.6372 0.3400 0.0000 0.0228
016840 0.6372 0.3400 0.0000 0.0228
016860 0.6372 0.3400 0.0000 0.0228
016880 0.6372 0.3400 0.0000 0.0228
016900 0.6372 0.3400 0.0000 0.0228
016920 0.6372 0.3400 0.0000 0.0228
016940 0.6372 0.3400 0.0000 0.0228
016960 0.6372 0.3400 0.0000 0.0228
016980 0.6372 0.3400 0.0000 0.0228
017000 0.6372 0.3400 0.0000 0.0228
017020 0.6372 0.3400 0.0000 0.0228
017040 0.6372 0.3400 0.0000 0.0228
017060 0.6372 0.3400 0.0000 0.0228
017080 0.6372 0.3400 0.0000 0.0228
017100 0.6372 0.3400 0.0000 0.0228
017120 0.6372 0.3400 0.0000 0.0228
017140 0.6372 0.3400 0.0000 0.0228
017160 0.6372 0.3400 0.0000 0.0228
017180 0.6372 0.3400 0.0000 0.0228
017200 0.6372 0.3400 0.0000 0.0228
017220 0.6372 0.3400 0.0000 0.0228
017240 0.6372 0.3400 0.0000 0.0228
017260 0.6372 0.3400 0.0000 0.0228
017280 0.6372 0.3400 0.0000 0.0228
017300 0.6372 0.3400 0.0000 0.0228
017320 0.6372 0.3400 0.0000 0.0228
017340 0.6372 0.3400 0.0000 0.0228
017360 0.6372 0.3400 0.0000 0.0228
017380 0.6372 0.3400 0.0000 0.0228
017400 0.6372 0.3400 0.0000 0.0228
017420 0.6372 0.3400 0.0000 0.0228
017440 0.6372 0.3400 0.0000 0.0228
017460 0.6372 0.3400 0.0000 0.0228
017480 0.6372 0.3400 0.0000 0.0228
017500 0.6372 0.3400 0.0000 0.0228
017520 0.6372 0.3400 0.0000 0.0228
017540 0.6372 0.3400 0.0000 0.0228
017560 0.6372 0.3400 0.0000 0.0228
017580 0.6372 0.3400 0.0000 0.0228
017600 0.6372 0.3400 0.0000 0.0228
017620 0.6372 0.3400 0.0000 0.0228
017640 0.6372 0.3400 0.0000 0.0228
017660 0.6372 0.3400 0.0000 0.0228
017680 0.6372 0.3400 0.0000 0.0228
017700 0.6372 0.3400 0.0000 0.0228
017720 0.6372 0.3400 0.0000 0.0228
017740 0.6372 0.3400 0.0000 0.0228
017760 0.6372 0.3400 0.0000 0.0228
017780 0.6372 0.3400 0.0000 0.0228
017800 0.6372 0.3400 0.0000 0.0228
017820 0.6372 0.3400 0.0000 0.0228
017840 0.6372 0.3400 0.0000 0.0228
017860 0.6372 0.3400 0.0000 0.0228
017880 0.6372 0.3400 0.0000 0.0228
017900 0.6372 0.3400 0.0000 0.0228
017920 0.6372 0.3400 0.0000 0.0228
017940 0.6372 0.3400 0.0000 0.0228
017960 0.6372 0.3400 0.0000 0.0228
017980 0.6372 0.3400 0.0000 0.0228
018000 0.6372 0.3400 0.0000 0.0228
018020 0.6372 0.3400 0.0000 0.0228
018040 0.6372 0.3400 0.0000 0.0228
018060 0.6372 0.3400 0.0000 0.0228
018080 0.6372 0.3400 0.0000 0.0228
018100 0.6372 0.3400 0.0000 0.0228
018120 0.6372 0.3400 0.0000 0.0228
018140 0.6372 0.3400 0.0000 0.0228
018160 0.6372 0.3400 0.0000 0.0228
018180 0.6372 0.3400 0.0000 0.0228
018200 0.6372 0.3400 0.0000 0.0228
018220 0.6372 0.3400 0.0000 0.0228
018240 0.6372 0.3400 0.0000 0.0228
018260 0.6372 0.3400 0.0000 0.0228
018280 0.6372 0.3400 0.0000 0.0228
018300 0.6372 0.3400 0.0000 0.0228
018320 0.6372 0.3400 0.0000 0.0228
018340 0.6372 0.3400 0.0000 0.0228
018360 0.6372 0.3400 0.0000 0.0228
018380 0.6372 0.3400 0.0000 0.0228
018400 0.6372 0.3400 0.0000 0.0228
018420 0.6372 0.3400 0.0000 0.0228
018440 0.6372 0.3400 0.0000 0.0228
018460 0.6372 0.3400 0.0000 0.0228
018480 0.6372 0.3400 0.0000 0.0228
018500 0.6372 0.3400 0.0000 0.0228
018520 0.6372 0.3400 0.0000 0.0228
018540 0.6372 0.3400 0.0000 0.0228
018560 0.6372 0.3400 0.0000 0.0228
018580 0.6372 0.3400 0.0000 0.0228
018600 0.6372 0.3400 0.0000 0.0228
018620 0.6372 0.3400 0.0000 0.0228
018640 0.6372 0.3400 0.0000 0.0228
018660 0.6372 0.3400 0.0000 0.0228
018680 0.6372 0.3400 0.0000 0.0228
018700 0.6372 0.3400 0.0000 0.0228
018720 0.6372 0.3400 0.0000 0.0228
018740 0.6372 0.3400 0.0000 0.0228
018760 0.6372 0.3400 0.0000 0.0228
018780 0.6372 0.3400 0.0000 0.0228
018800 0.6372 0.3400 0.0000 0.0228
018820 0.6372 0.3400 0.0000 0.0228
018840 0.6372 0.3400 0.0000 0.0228
018860 0.6372 0.3400 0.0000 0.0228
018880 0.6372 0.3400 0.0000 0.0228
018900 0.6372 0.3400 0.0000 0.0228
018920 0.6372 0.3400 0.0000 0.0228
018940 0.6372 0.3400 0.0000 0.0228
018960 0.6372 0.3400 0.0000 0.0228
018980 0.6372 0.3400 0.0000 0.0228
019000 0.6372 0.3400 0.0000 0.0228
019020 0.6372 0.3400 0.0000 0.0228
019040 0.6372 0.3400 0.0000 0.0228
019060 0.6372 0.3400 0.0000 0.0228
019080 0.6372 0.3400 0.0000 0.0228
019100 0.6372 0.3400 0.0000 0.0228
019120 0.6372 0.3400 0.0000 0.0228
019140 0.6372 0.3400 0.0000 0.0228
019160 0.6372 0.3400 0.0000 0.0228
019180 0.6372 0.3400 0.0000 0.0228
019200 0.6372 0.3400 0.0000 0.0228
019220 0.6372 0.3400 0.0000 0.0228
019240 0.6372 0.3400 0.0000 0.0228
019260 0.6372 0.3400 0.0000 0.0228
019280 0.6372 0.3400 0.0000 0.0228
019300 0.6372 0.3400 0.0000 0.0228
019320 0.6372 0.3400 0.0000 0.0228
019340 0.6372 0.3400 0.0000 0.0228
019360 0.6372 0.3400 0.0000 0.0228
019380 0.6372 0.3400 0.0000 0.0228
019400 0.6372 0.3400 0.0000 0.0228
019420 0.6372 0.3400 0.0000 0.0228
019440 0.6372 0.3400 0.0000 0.0228
019460 0.6372 0.3400 0.0000 0.0228
019480 0.6372 0.3400 0.0000 0.0228
019500 0.6372 0.3400 0.0000 0.0228
019520 0.6372 0.3400 0.0000 0.0228
019540 0.6372 0.3400 0.0000 0.0228
019560 0.6372 0.3400 0.0000 0.0228
019580 0.6372 0.3400 0.0000 0.0228
019600 0.6372 0.3400 0.0000 0.0228
019620 0.6372 0.3400 0.0000 0.0228
019640 0.6372 0.3400 0.0000 0.0228
019660 0.6372 0.3400 0.0000 0.0228
019680 0.6372 0.3400 0.0000 0.0228
019700 0.6372 0.3400 0.0000 0.0228
019720 0.6372 0.3400 0.0000 0.0228
019740 0.6372 0.3400 0.0000 0.0228
019760 0.6372 0.3400 0.0000 0.0228
019780 0.6372 0.3400 0.0000 0.0228
019800 0.6372 0.3400 0.0000 0.0228
019820 0.6372 0.3400 0.0000 0.0228
019840 0.6372 0.3400 0.0000 0.0228
019860 0.6372 0.3400 0.0000 0.0228
019880 0.6372 0.3400 0.0000 0.0228
019900 0.6372 0.3400 0.0000 0.0228
019920 0.6372 0.3400 0.0000 0.0228
019940 0.6372 0.3400 0.0000 0.0228
019960 0.6372 0.3400 0.0000 0.0228
019980 0.6372 0.3400 0.0000 0.0228
020000 0.6372 0.3400 0.0000 0.0228
