000000 0.2500 0.2500 0.2500 0.2500
000020 0.2603 0.2587 0.2299 0.2512
000040 0.2727 0.2672 0.2081 0.2519
000060 0.2845 0.2764 0.1874 0.2516
000080 0.2957 0.2860 0.1676 0.2506
000100 0.3056 0.2972 0.1487 0.2486
000120 0.3145 0.3091 0.1308 0.2456
000140 0.3227 0.3212 0.1139 0.2422
000160 0.3293 0.3338 0.0983 0.2387
000180 0.3352 0.3473 0.0839 0.2336
000200 0.3404 0.3614 0.0704 0.2277
000220 0.3439 0.3767 0.0585 0.2209
000240 0.3460 0.3927 0.0472 0.2141
000260 0.3466 0.4107 0.0364 0.2063
000280 0.3478 0.4284 0.0272 0.1967
000300 0.3483 0.4453 0.0195 0.1870
000320 0.3457 0.4651 0.0130 0.1762
000340 0.3434 0.4849 0.0081 0.1635
000360 0.3401 0.5047 0.0042 0.1510
000380 0.3340 0.5266 0.0015 0.1380
000400 0.3273 0.5485 0.0001 0.1241
000420 0.3228 0.5681 0.0000 0.1090
000440 0.3166 0.5912 0.0000 0.0922
000460 0.3132 0.6109 0.0000 0.0759
000480 0.3108 0.6238 0.0000 0.0654
000500 0.3131 0.6332 0.0000 0.0537
000520 0.3171 0.6372 0.0000 0.0457
000540 0.3207 0.6388 0.0000 0.0406
000560 0.3227 0.6406 0.0000 0.0367
000580 0.3264 0.6418 0.0000 0.0318
000600 0.3287 0.6414 0.0000 0.0299
000620 0.3273 0.6435 0.0000 0.0293
000640 0.3278 0.6440 0.0000 0.0282
000660 0.3280 0.6433 0.0000 0.0288
000680 0.3314 0.6391 0.0000 0.0295
000700 0.3388 0.6313 0.0000 0.0299
000720 0.3463 0.6230 0.0000 0.0307
000740 0.3568 0.6143 0.0000 0.0289
000760 0.3668 0.6030 0.0000 0.0302
000780 0.3710 0.5971 0.0000 0.0319
000800 0.3756 0.5912 0.0000 0.0332
000820 0.3811 0.5844 0.0000 0.0345
000840 0.3908 0.5772 0.0000 0.0320
000860 0.4009 0.5648 0.0000 0.0343
000880 0.4097 0.5543 0.0000 0.0360
000900 0.4166 0.5476 0.0000 0.0358
000920 0.4203 0.5419 0.0000 0.0378
000940 0.4296 0.5330 0.0000 0.0375
000960 0.4333 0.5252 0.0000 0.0415
000980 0.4327 0.5249 0.0000 0.0424
001000 0.4355 0.5232 0.0000 0.0413
001020 0.4477 0.5122 0.0000 0.0401
001040 0.4628 0.4984 0.0000 0.0388
001060 0.4733 0.4841 0.0000 0.0425
001080 0.4850 0.4743 0.0000 0.0407
001100 0.4973 0.4618 0.0000 0.0409
001120 0.5027 0.4519 0.0000 0.0454
001140 0.5030 0.4484 0.0000 0.0486
001160 0.5028 0.4467 0.0000 0.0505
001180 0.5083 0.4430 0.0000 0.0488
001200 0.5238 0.4315 0.0000 0.0447
001220 0.5425 0.4139 0.0000 0.0436
001240 0.5560 0.3970 0.0000 0.0470
001260 0.5623 0.3866 0.0000 0.0511
001280 0.5655 0.3833 0.0000 0.0513
001300 0.5643 0.3828 0.0000 0.0529
001320 0.5645 0.3817 0.0000 0.0538
001340 0.5668 0.3789 0.0000 0.0543
001360 0.5693 0.3757 0.0000 0.0550
001380 0.5744 0.3705 0.0000 0.0551
001400 0.5759 0.3696 0.0000 0.0544
001420 0.5804 0.3674 0.0000 0.0522
001440 0.5886 0.3589 0.0000 0.0525
001460 0.5949 0.3528 0.0000 0.0523
001480 0.5947 0.3510 0.0000 0.0543
001500 0.5938 0.3508 0.0000 0.0554
001520 0.5914 0.3525 0.0000 0.0561
001540 0.5891 0.3560 0.0000 0.0549
001560 0.5945 0.3519 0.0000 0.0536
001580 0.6012 0.3435 0.0000 0.0553
001600 0.6048 0.3390 0.0000 0.0562
001620 0.5987 0.3457 0.0000 0.0556
001640 0.5921 0.3494 0.0000 0.0586
001660 0.5894 0.3541 0.0000 0.0565
001680 0.5948 0.3514 0.0000 0.0537
001700 0.6039 0.3435 0.0000 0.0527
001720 0.6070 0.3376 0.0000 0.0554
001740 0.6067 0.3380 0.0000 0.0553
001760 0.5994 0.3429 0.0000 0.0577
001780 0.5919 0.3482 0.0000 0.0598
001800 0.5830 0.3582 0.0000 0.0589
001820 0.5883 0.3582 0.0000 0.0535
001840 0.5971 0.3487 0.0000 0.0542
001860 0.6019 0.3406 0.0000 0.0575
001880 0.6000 0.3415 0.0000 0.0585
001900 0.5992 0.3452 0.0000 0.0556
001920 0.5993 0.3454 0.0000 0.0553
001940 0.5973 0.3465 0.0000 0.0563
001960 0.5921 0.3497 0.0000 0.0582
001980 0.5917 0.3515 0.0000 0.0568
002000 0.5944 0.3504 0.0000 0.0552
002020 0.5971 0.3477 0.0000 0.0552
002040 0.5983 0.3472 0.0000 0.0544
002060 0.5986 0.3454 0.0000 0.0560
002080 0.5940 0.3462 0.0000 0.0598
002100 0.5941 0.3506 0.0000 0.0553
002120 0.5983 0.3457 0.0000 0.0560
002140 0.5973 0.3467 0.0000 0.0560
002160 0.6005 0.3440 0.0000 0.0555
002180 0.6015 0.3409 0.0000 0.0577
002200 0.5966 0.3445 0.0000 0.0589
002220 0.5931 0.3484 0.0000 0.0585
002240 0.5899 0.3536 0.0000 0.0565
002260 0.5938 0.3503 0.0000 0.0559
002280 0.5999 0.3431 0.0000 0.0570
002300 0.6022 0.3421 0.0000 0.0557
002320 0.6022 0.3430 0.0000 0.0548
002340 0.5996 0.3441 0.0000 0.0563
002360 0.5946 0.3480 0.0000 0.0574
002380 0.5962 0.3483 0.0000 0.0554
002400 0.6021 0.3454 0.0000 0.0525
002420 0.6047 0.3405 0.0000 0.0548
002440 0.6007 0.3424 0.0000 0.0568
002460 0.5999 0.3443 0.0000 0.0559
002480 0.6049 0.3398 0.0000 0.0552
002500 0.6042 0.3385 0.0000 0.0572
002520 0.5979 0.3429 0.0000 0.0592
002540 0.5944 0.3482 0.0000 0.0574
002560 0.5889 0.3517 0.0000 0.0594
002580 0.5841 0.3593 0.0000 0.0566
002600 0.5844 0.3582 0.0000 0.0575
002620 0.5865 0.3586 0.0000 0.0549
002640 0.5966 0.3513 0.0000 0.0521
002660 0.6053 0.3419 0.0000 0.0527
002680 0.6123 0.3317 0.0000 0.0560
002700 0.6084 0.3351 0.0000 0.0564
002720 0.6036 0.3403 0.0000 0.0562
002740 0.5958 0.3442 0.0000 0.0599
002760 0.5875 0.3539 0.0000 0.0586
002780 0.5878 0.3585 0.0000 0.0536
002800 0.5918 0.3529 0.0000 0.0553
002820 0.5945 0.3499 0.0000 0.0557
002840 0.5986 0.3461 0.0000 0.0553
002860 0.6030 0.3441 0.0000 0.0530
002880 0.6049 0.3403 0.0000 0.0548
002900 0.5998 0.3410 0.0000 0.0592
002920 0.5941 0.3455 0.0000 0.0604
002940 0.5904 0.3501 0.0000 0.0595
002960 0.5867 0.3569 0.0000 0.0563
002980 0.5919 0.3534 0.0000 0.0547
003000 0.5988 0.3466 0.0000 0.0546
003020 0.6024 0.3416 0.0000 0.0561
003040 0.5985 0.3433 0.0000 0.0583
003060 0.5931 0.3499 0.0000 0.0569
003080 0.5959 0.3483 0.0000 0.0558
003100 0.5970 0.3453 0.0000 0.0578
003120 0.5968 0.3477 0.0000 0.0555
003140 0.5995 0.3466 0.0000 0.0539
003160 0.6042 0.3422 0.0000 0.0536
003180 0.6106 0.3355 0.0000 0.0538
003200 0.6083 0.3344 0.0000 0.0574
003220 0.6037 0.3405 0.0000 0.0558
003240 0.6048 0.3413 0.0000 0.0539
003260 0.6082 0.3373 0.0000 0.0545
003280 0.6092 0.3357 0.0000 0.0551
003300 0.6111 0.3347 0.0000 0.0542
003320 0.6053 0.3363 0.0000 0.0583
003340 0.5960 0.3459 0.0000 0.0581
003360 0.5930 0.3512 0.0000 0.0558
003380 0.5912 0.3510 0.0000 0.0578
003400 0.5898 0.3537 0.0000 0.0565
003420 0.5971 0.3497 0.0000 0.0532
003440 0.6037 0.3408 0.0000 0.0555
003460 0.6013 0.3415 0.0000 0.0572
003480 0.5964 0.3465 0.0000 0.0571
003500 0.5952 0.3480 0.0000 0.0568
003520 0.5964 0.3474 0.0000 0.0561
003540 0.5971 0.3458 0.0000 0.0571
003560 0.5945 0.3473 0.0000 0.0582
003580 0.5952 0.3497 0.0000 0.0551
003600 0.5974 0.3445 0.0000 0.0581
003620 0.5921 0.3488 0.0000 0.0591
003640 0.5953 0.3495 0.0000 0.0552
003660 0.5931 0.3471 0.0000 0.0598
003680 0.5888 0.3516 0.0000 0.0596
003700 0.5890 0.3539 0.0000 0.0571
003720 0.5923 0.3496 0.0000 0.0580
003740 0.5944 0.3479 0.0000 0.0577
003760 0.5944 0.3497 0.0000 0.0559
003780 0.5997 0.3451 0.0000 0.0552
003800 0.5963 0.3450 0.0000 0.0586
003820 0.5920 0.3505 0.0000 0.0575
003840 0.5909 0.3516 0.0000 0.0575
003860 0.5965 0.3507 0.0000 0.0528
003880 0.6063 0.3419 0.0000 0.0518
003900 0.6078 0.3363 0.0000 0.0559
003920 0.6030 0.3410 0.0000 0.0560
003940 0.6017 0.3414 0.0000 0.0569
003960 0.6012 0.3432 0.0000 0.0556
003980 0.6094 0.3388 0.0000 0.0518
004000 0.6141 0.3305 0.0000 0.0554
004020 0.6023 0.3388 0.0000 0.0588
004040 0.5844 0.3539 0.0000 0.0617
004060 0.5742 0.3665 0.0000 0.0593
004080 0.5781 0.3669 0.0000 0.0550
004100 0.5906 0.3559 0.0000 0.0535
004120 0.6047 0.3446 0.0000 0.0507
004140 0.6213 0.3275 0.0000 0.0512
004160 0.6234 0.3226 0.0000 0.0540
004180 0.6116 0.3294 0.0000 0.0590
004200 0.5929 0.3454 0.0000 0.0618
004220 0.5818 0.3579 0.0000 0.0603
004240 0.5834 0.3614 0.0000 0.0552
004260 0.5932 0.3527 0.0000 0.0541
004280 0.5984 0.3466 0.0000 0.0550
004300 0.6020 0.3438 0.0000 0.0542
004320 0.6007 0.3429 0.0000 0.0564
004340 0.6007 0.3431 0.0000 0.0562
004360 0.5966 0.3458 0.0000 0.0576
004380 0.5951 0.3482 0.0000 0.0567
004400 0.5930 0.3507 0.0000 0.0563
004420 0.5932 0.3511 0.0000 0.0556
004440 0.5970 0.3498 0.0000 0.0533
004460 0.6068 0.3393 0.0000 0.0540
004480 0.6092 0.3341 0.0000 0.0567
004500 0.6037 0.3402 0.0000 0.0561
004520 0.5968 0.3445 0.0000 0.0588
004540 0.5888 0.3515 0.0000 0.0597
004560 0.5864 0.3565 0.0000 0.0572
004580 0.5888 0.3561 0.0000 0.0552
004600 0.5987 0.3475 0.0000 0.0538
004620 0.6068 0.3397 0.0000 0.0535
004640 0.6108 0.3341 0.0000 0.0551
004660 0.6055 0.3373 0.0000 0.0571
004680 0.5976 0.3459 0.0000 0.0566
004700 0.5873 0.3549 0.0000 0.0578
004720 0.5869 0.3576 0.0000 0.0555
004740 0.5955 0.3521 0.0000 0.0524
004760 0.6081 0.3389 0.0000 0.0530
004780 0.6090 0.3349 0.0000 0.0561
004800 0.6040 0.3374 0.0000 0.0586
004820 0.5901 0.3496 0.0000 0.0602
004840 0.5842 0.3598 0.0000 0.0559
004860 0.5881 0.3580 0.0000 0.0539
004880 0.5938 0.3518 0.0000 0.0544
004900 0.6044 0.3434 0.0000 0.0522
004920 0.6107 0.3345 0.0000 0.0547
004940 0.6094 0.3343 0.0000 0.0562
004960 0.6019 0.3392 0.0000 0.0589
004980 0.5905 0.3486 0.0000 0.0609
005000 0.5840 0.3578 0.0000 0.0582
005020 0.5893 0.3556 0.0000 0.0551
005040 0.6003 0.3488 0.0000 0.0510
005060 0.6113 0.3354 0.0000 0.0532
005080 0.6085 0.3338 0.0000 0.0577
005100 0.6051 0.3378 0.0000 0.0571
005120 0.5983 0.3451 0.0000 0.0567
005140 0.5935 0.3490 0.0000 0.0575
005160 0.5853 0.3553 0.0000 0.0593
005180 0.5878 0.3572 0.0000 0.0550
005200 0.5974 0.3481 0.0000 0.0545
005220 0.6087 0.3380 0.0000 0.0532
005240 0.6079 0.3363 0.0000 0.0557
005260 0.6071 0.3366 0.0000 0.0563
005280 0.6026 0.3404 0.0000 0.0570
005300 0.5976 0.3441 0.0000 0.0583
005320 0.6002 0.3453 0.0000 0.0545
005340 0.6042 0.3402 0.0000 0.0557
005360 0.5996 0.3435 0.0000 0.0569
005380 0.5923 0.3498 0.0000 0.0579
005400 0.5957 0.3490 0.0000 0.0553
005420 0.5976 0.3473 0.0000 0.0551
005440 0.5971 0.3472 0.0000 0.0557
005460 0.5986 0.3465 0.0000 0.0549
005480 0.6030 0.3444 0.0000 0.0526
005500 0.6140 0.3344 0.0000 0.0516
005520 0.6179 0.3276 0.0000 0.0545
005540 0.6130 0.3305 0.0000 0.0565
005560 0.5986 0.3424 0.0000 0.0589
005580 0.5859 0.3547 0.0000 0.0594
005600 0.5823 0.3603 0.0000 0.0574
005620 0.5885 0.3581 0.0000 0.0535
005640 0.6035 0.3454 0.0000 0.0511
005660 0.6192 0.3299 0.0000 0.0509
005680 0.6203 0.3224 0.0000 0.0573
005700 0.6084 0.3327 0.0000 0.0589
005720 0.5981 0.3440 0.0000 0.0579
005740 0.5907 0.3514 0.0000 0.0578
005760 0.5884 0.3546 0.0000 0.0570
005780 0.5953 0.3536 0.0000 0.0512
005800 0.6103 0.3394 0.0000 0.0503
005820 0.6194 0.3279 0.0000 0.0527
005840 0.6196 0.3243 0.0000 0.0561
005860 0.6091 0.3337 0.0000 0.0572
005880 0.5997 0.3432 0.0000 0.0571
005900 0.5924 0.3512 0.0000 0.0565
005920 0.5929 0.3500 0.0000 0.0571
005940 0.5909 0.3504 0.0000 0.0587
005960 0.5922 0.3529 0.0000 0.0550
005980 0.5964 0.3502 0.0000 0.0534
006000 0.6045 0.3417 0.0000 0.0538
006020 0.6063 0.3371 0.0000 0.0566
006040 0.6015 0.3399 0.0000 0.0586
006060 0.5907 0.3497 0.0000 0.0597
006080 0.5814 0.3604 0.0000 0.0582
006100 0.5876 0.3575 0.0000 0.0549
006120 0.5937 0.3514 0.0000 0.0549
006140 0.5985 0.3455 0.0000 0.0559
006160 0.6006 0.3442 0.0000 0.0552
006180 0.6036 0.3419 0.0000 0.0545
006200 0.6047 0.3398 0.0000 0.0555
006220 0.6018 0.3418 0.0000 0.0564
006240 0.6011 0.3421 0.0000 0.0567
006260 0.5978 0.3439 0.0000 0.0584
006280 0.5888 0.3511 0.0000 0.0601
006300 0.5827 0.3603 0.0000 0.0570
006320 0.5844 0.3599 0.0000 0.0557
006340 0.5928 0.3526 0.0000 0.0546
006360 0.6060 0.3410 0.0000 0.0530
006380 0.6140 0.3311 0.0000 0.0548
006400 0.6114 0.3313 0.0000 0.0573
006420 0.6052 0.3383 0.0000 0.0565
006440 0.5912 0.3476 0.0000 0.0612
006460 0.5792 0.3617 0.0000 0.0591
006480 0.5798 0.3639 0.0000 0.0563
006500 0.5883 0.3578 0.0000 0.0539
006520 0.6040 0.3445 0.0000 0.0515
006540 0.6163 0.3316 0.0000 0.0521
006560 0.6208 0.3253 0.0000 0.0539
006580 0.6143 0.3268 0.0000 0.0589
006600 0.6003 0.3387 0.0000 0.0610
006620 0.5840 0.3547 0.0000 0.0613
006640 0.5731 0.3667 0.0000 0.0602
006660 0.5763 0.3669 0.0000 0.0568
006680 0.5887 0.3594 0.0000 0.0519
006700 0.6080 0.3431 0.0000 0.0489
006720 0.6195 0.3287 0.0000 0.0517
006740 0.6189 0.3245 0.0000 0.0566
006760 0.6079 0.3328 0.0000 0.0593
006780 0.5991 0.3424 0.0000 0.0585
006800 0.5890 0.3512 0.0000 0.0598
006820 0.5815 0.3610 0.0000 0.0575
006840 0.5878 0.3576 0.0000 0.0547
006860 0.5978 0.3476 0.0000 0.0546
006880 0.6070 0.3389 0.0000 0.0540
006900 0.6091 0.3335 0.0000 0.0574
006920 0.6024 0.3399 0.0000 0.0578
006940 0.5912 0.3490 0.0000 0.0598
006960 0.5853 0.3571 0.0000 0.0576
006980 0.5908 0.3558 0.0000 0.0534
007000 0.6084 0.3412 0.0000 0.0504
007020 0.6124 0.3310 0.0000 0.0565
007040 0.6023 0.3368 0.0000 0.0610
007060 0.5879 0.3522 0.0000 0.0599
007080 0.5836 0.3580 0.0000 0.0584
007100 0.5855 0.3574 0.0000 0.0571
007120 0.5937 0.3510 0.0000 0.0553
007140 0.6028 0.3431 0.0000 0.0541
007160 0.6086 0.3388 0.0000 0.0526
007180 0.6140 0.3327 0.0000 0.0533
007200 0.6122 0.3318 0.0000 0.0560
007220 0.6014 0.3392 0.0000 0.0593
007240 0.5888 0.3518 0.0000 0.0594
007260 0.5841 0.3585 0.0000 0.0574
007280 0.5854 0.3582 0.0000 0.0564
007300 0.5916 0.3542 0.0000 0.0543
007320 0.5984 0.3474 0.0000 0.0542
007340 0.6034 0.3405 0.0000 0.0560
007360 0.6036 0.3410 0.0000 0.0554
007380 0.6059 0.3381 0.0000 0.0560
007400 0.6028 0.3404 0.0000 0.0569
007420 0.5984 0.3472 0.0000 0.0544
007440 0.6021 0.3437 0.0000 0.0542
007460 0.6063 0.3390 0.0000 0.0548
007480 0.6070 0.3388 0.0000 0.0542
007500 0.6137 0.3337 0.0000 0.0526
007520 0.6117 0.3318 0.0000 0.0565
007540 0.6016 0.3382 0.0000 0.0602
007560 0.5940 0.3463 0.0000 0.0598
007580 0.5888 0.3552 0.0000 0.0560
007600 0.5917 0.3532 0.0000 0.0551
007620 0.5993 0.3461 0.0000 0.0547
007640 0.6041 0.3408 0.0000 0.0551
007660 0.6025 0.3413 0.0000 0.0562
007680 0.5973 0.3459 0.0000 0.0568
007700 0.5947 0.3490 0.0000 0.0563
007720 0.5981 0.3454 0.0000 0.0565
007740 0.5944 0.3482 0.0000 0.0574
007760 0.5933 0.3509 0.0000 0.0558
007780 0.5962 0.3494 0.0000 0.0544
007800 0.6061 0.3408 0.0000 0.0531
007820 0.6127 0.3339 0.0000 0.0533
007840 0.6166 0.3285 0.0000 0.0549
007860 0.6140 0.3289 0.0000 0.0570
007880 0.6078 0.3340 0.0000 0.0582
007900 0.5995 0.3405 0.0000 0.0600
007920 0.5845 0.3531 0.0000 0.0624
007940 0.5714 0.3669 0.0000 0.0616
007960 0.5702 0.3726 0.0000 0.0573
007980 0.5858 0.3596 0.0000 0.0546
008000 0.5990 0.3468 0.0000 0.0541
008020 0.6026 0.3422 0.0000 0.0553
008040 0.6066 0.3386 0.0000 0.0548
008060 0.5996 0.3427 0.0000 0.0577
008080 0.5950 0.3484 0.0000 0.0566
008100 0.5956 0.3505 0.0000 0.0539
008120 0.5982 0.3466 0.0000 0.0552
008140 0.6012 0.3420 0.0000 0.0568
008160 0.6032 0.3404 0.0000 0.0564
008180 0.5997 0.3413 0.0000 0.0590
008200 0.5918 0.3479 0.0000 0.0603
008220 0.5865 0.3564 0.0000 0.0570
008240 0.5877 0.3563 0.0000 0.0560
008260 0.5934 0.3516 0.0000 0.0550
008280 0.6023 0.3447 0.0000 0.0530
008300 0.6090 0.3354 0.0000 0.0556
008320 0.6085 0.3350 0.0000 0.0565
008340 0.6025 0.3402 0.0000 0.0573
008360 0.5952 0.3484 0.0000 0.0565
008380 0.5906 0.3514 0.0000 0.0580
008400 0.5946 0.3513 0.0000 0.0541
008420 0.6055 0.3432 0.0000 0.0513
008440 0.6100 0.3357 0.0000 0.0543
008460 0.6138 0.3331 0.0000 0.0531
008480 0.6097 0.3353 0.0000 0.0550
008500 0.6057 0.3362 0.0000 0.0581
008520 0.5954 0.3444 0.0000 0.0602
008540 0.5874 0.3539 0.0000 0.0586
008560 0.5866 0.3582 0.0000 0.0552
008580 0.5957 0.3501 0.0000 0.0543
008600 0.6001 0.3448 0.0000 0.0551
008620 0.6054 0.3400 0.0000 0.0546
008640 0.6077 0.3359 0.0000 0.0565
008660 0.6092 0.3370 0.0000 0.0538
008680 0.6077 0.3356 0.0000 0.0567
008700 0.6022 0.3413 0.0000 0.0565
008720 0.5991 0.3441 0.0000 0.0568
008740 0.5961 0.3468 0.0000 0.0571
008760 0.5966 0.3475 0.0000 0.0559
008780 0.5942 0.3479 0.0000 0.0579
008800 0.5880 0.3544 0.0000 0.0576
008820 0.5898 0.3558 0.0000 0.0544
008840 0.5975 0.3478 0.0000 0.0547
008860 0.6043 0.3396 0.0000 0.0560
008880 0.6018 0.3424 0.0000 0.0558
008900 0.6022 0.3428 0.0000 0.0550
008920 0.5954 0.3478 0.0000 0.0568
008940 0.5950 0.3506 0.0000 0.0544
008960 0.5982 0.3466 0.0000 0.0552
008980 0.6079 0.3396 0.0000 0.0525
009000 0.6207 0.3277 0.0000 0.0515
009020 0.6206 0.3229 0.0000 0.0565
009040 0.6091 0.3326 0.0000 0.0584
009060 0.5960 0.3448 0.0000 0.0591
009080 0.5887 0.3527 0.0000 0.0586
009100 0.5791 0.3621 0.0000 0.0588
009120 0.5777 0.3645 0.0000 0.0577
009140 0.5890 0.3588 0.0000 0.0522
009160 0.6027 0.3436 0.0000 0.0537
009180 0.6067 0.3394 0.0000 0.0539
009200 0.6114 0.3341 0.0000 0.0545
009220 0.6121 0.3318 0.0000 0.0561
009240 0.6046 0.3393 0.0000 0.0562
009260 0.6009 0.3422 0.0000 0.0569
009280 0.6052 0.3405 0.0000 0.0544
009300 0.6097 0.3363 0.0000 0.0540
009320 0.6078 0.3363 0.0000 0.0559
009340 0.5983 0.3446 0.0000 0.0571
009360 0.5958 0.3485 0.0000 0.0558
009380 0.6023 0.3445 0.0000 0.0532
009400 0.6118 0.3357 0.0000 0.0525
009420 0.6151 0.3300 0.0000 0.0549
009440 0.6111 0.3326 0.0000 0.0563
009460 0.5992 0.3419 0.0000 0.0589
009480 0.5849 0.3551 0.0000 0.0600
009500 0.5824 0.3616 0.0000 0.0561
009520 0.5882 0.3585 0.0000 0.0534
009540 0.5996 0.3492 0.0000 0.0512
009560 0.6151 0.3339 0.0000 0.0510
009580 0.6211 0.3256 0.0000 0.0532
009600 0.6152 0.3287 0.0000 0.0561
009620 0.6066 0.3352 0.0000 0.0582
009640 0.5922 0.3469 0.0000 0.0610
009660 0.5817 0.3595 0.0000 0.0588
009680 0.5875 0.3570 0.0000 0.0555
009700 0.5951 0.3492 0.0000 0.0557
009720 0.5992 0.3457 0.0000 0.0551
009740 0.5986 0.3445 0.0000 0.0569
009760 0.5992 0.3460 0.0000 0.0548
009780 0.6052 0.3418 0.0000 0.0530
009800 0.6103 0.3382 0.0000 0.0515
009820 0.6154 0.3323 0.0000 0.0523
009840 0.6138 0.3319 0.0000 0.0543
009860 0.6094 0.3344 0.0000 0.0562
009880 0.5969 0.3446 0.0000 0.0585
009900 0.5925 0.3507 0.0000 0.0568
009920 0.5890 0.3549 0.0000 0.0561
009940 0.5883 0.3567 0.0000 0.0550
009960 0.5969 0.3505 0.0000 0.0526
009980 0.6036 0.3411 0.0000 0.0552
010000 0.6043 0.3391 0.0000 0.0565
010020 0.5972 0.3437 0.0000 0.0591
010040 0.5972 0.3437 0.0000 0.0591
010060 0.5972 0.3437 0.0000 0.0591
010080 0.5972 0.3437 0.0000 0.0591
010100 0.5972 0.3437 0.0000 0.0591
010120 0.5972 0.3437 0.0000 0.0591
010140 0.5972 0.3437 0.0000 0.0591
010160 0.5972 0.3437 0.0000 0.0591
010180 0.5972 0.3437 0.0000 0.0591
010200 0.5972 0.3437 0.0000 0.0591
010220 0.5972 0.3437 0.0000 0.0591
010240 0.5972 0.3437 0.0000 0.0591
010260 0.5972 0.3437 0.0000 0.0591
010280 0.5972 0.3437 0.0000 0.0591
010300 0.5972 0.3437 0.0000 0.0591
010320 0.5972 0.3437 0.0000 0.0591
010340 0.5972 0.3437 0.0000 0.0591
010360 0.5972 0.3437 0.0000 0.0591
010380 0.5972 0.3437 0.0000 0.0591
010400 0.5972 0.3437 0.0000 0.0591
010420 0.5972 0.3437 0.0000 0.0591
010440 0.5972 0.3437 0.0000 0.0591
010460 0.5972 0.3437 0.0000 0.0591
010480 0.5972 0.3437 0.0000 0.0591
010500 0.5972 0.3437 0.0000 0.0591
010520 0.5972 0.3437 0.0000 0.0591
010540 0.5972 0.3437 0.0000 0.0591
010560 0.5972 0.3437 0.0000 0.0591
010580 0.5972 0.3437 0.0000 0.0591
010600 0.5972 0.3437 0.0000 0.0591
010620 0.5972 0.3437 0.0000 0.0591
010640 0.5972 0.3437 0.0000 0.0591
010660 0.5972 0.3437 0.0000 0.0591
010680 0.5972 0.3437 0.0000 0.0591
010700 0.5972 0.3437 0.0000 0.0591
010720 0.5972 0.3437 0.0000 0.0591
010740 0.5972 0.3437 0.0000 0.0591
010760 0.5972 0.3437 0.0000 0.0591
010780 0.5972 0.3437 0.0000 0.0591
010800 0.5972 0.3437 0.0000 0.0591
010820 0.5972 0.3437 0.0000 0.0591
010840 0.5972 0.3437 0.0000 0.0591
010860 0.5972 0.3437 0.0000 0.0591
010880 0.5972 0.3437 0.0000 0.0591
010900 0.5972 0.3437 0.0000 0.0591
010920 0.5972 0.3437 0.0000 0.0591
010940 0.5972 0.3437 0.0000 0.0591
010960 0.5972 0.3437 0.0000 0.0591
010980 0.5972 0.3437 0.0000 0.0591
011000 0.5972 0.3437 0.0000 0.0591
011020 0.5972 0.3437 0.0000 0.0591
011040 0.5972 0.3437 0.0000 0.0591
011060 0.5972 0.3437 0.0000 0.0591
011080 0.5972 0.3437 0.0000 0.0591
011100 0.5972 0.3437 0.0000 0.0591
011120 0.5972 0.3437 0.0000 0.0591
011140 0.5972 0.3437 0.0000 0.0591
011160 0.5972 0.3437 0.0000 0.0591
011180 0.5972 0.3437 0.0000 0.0591
011200 0.5972 0.3437 0.0000 0.0591
011220 0.5972 0.3437 0.0000 0.0591
011240 0.5972 0.3437 0.0000 0.0591
011260 0.5972 0.3437 0.0000 0.0591
011280 0.5972 0.3437 0.0000 0.0591
011300 0.5972 0.3437 0.0000 0.0591
011320 0.5972 0.3437 0.0000 0.0591
011340 0.5972 0.3437 0.0000 0.0591
011360 0.5972 0.3437 0.0000 0.0591
011380 0.5972 0.3437 0.0000 0.0591
011400 0.5972 0.3437 0.0000 0.0591
011420 0.5972 0.3437 0.0000 0.0591
011440 0.5972 0.3437 0.0000 0.0591
011460 0.5972 0.3437 0.0000 0.0591
011480 0.5972 0.3437 0.0000 0.0591
011500 0.5972 0.3437 0.0000 0.0591
011520 0.5972 0.3437 0.0000 0.0591
011540 0.5972 0.3437 0.0000 0.0591
011560 0.5972 0.3437 0.0000 0.0591
011580 0.5972 0.3437 0.0000 0.0591
011600 0.5972 0.3437 0.0000 0.0591
011620 0.5972 0.3437 0.0000 0.0591
011640 0.5972 0.3437 0.0000 0.0591
011660 0.5972 0.3437 0.0000 0.0591
011680 0.5972 0.3437 0.0000 0.0591
011700 0.5972 0.3437 0.0000 0.0591
011720 0.5972 0.3437 0.0000 0.0591
011740 0.5972 0.3437 0.0000 0.0591
011760 0.5972 0.3437 0.0000 0.0591
011780 0.5972 0.3437 0.0000 0.0591
011800 0.5972 0.3437 0.0000 0.0591
011820 0.5972 0.3437 0.0000 0.0591
011840 0.5972 0.3437 0.0000 0.0591
011860 0.5972 0.3437 0.0000 0.0591
011880 0.5972 0.3437 0.0000 0.0591
011900 0.5972 0.3437 0.0000 0.0591
011920 0.5972 0.3437 0.0000 0.0591
011940 0.5972 0.3437 0.0000 0.0591
011960 0.5972 0.3437 0.0000 0.0591
011980 0.5972 0.3437 0.0000 0.0591
012000 0.5972 0.3437 0.0000 0.0591
012020 0.5972 0.3437 0.0000 0.0591
012040 0.5972 0.3437 0.0000 0.0591
012060 0.5972 0.3437 0.0000 0.0591
012080 0.5972 0.3437 0.0000 0.0591
012100 0.5972 0.3437 0.0000 0.0591
012120 0.5972 0.3437 0.0000 0.0591
012140 0.5972 0.3437 0.0000 0.0591
012160 0.5972 0.3437 0.0000 0.0591
012180 0.5972 0.3437 0.0000 0.0591
012200 0.5972 0.3437 0.0000 0.0591
012220 0.5972 0.3437 0.0000 0.0591
012240 0.5972 0.3437 0.0000 0.0591
012260 0.5972 0.3437 0.0000 0.0591
012280 0.5972 0.3437 0.0000 0.0591
012300 0.5972 0.3437 0.0000 0.0591
012320 0.5972 0.3437 0.0000 0.0591
012340 0.5972 0.3437 0.0000 0.0591
012360 0.5972 0.3437 0.0000 0.0591
012380 0.5972 0.3437 0.0000 0.0591
012400 0.5972 0.3437 0.0000 0.0591
012420 0.5972 0.3437 0.0000 0.0591
012440 0.5972 0.3437 0.0000 0.0591
012460 0.5972 0.3437 0.0000 0.0591
012480 0.5972 0.3437 0.0000 0.0591
012500 0.5972 0.3437 0.0000 0.0591
012520 0.5972 0.3437 0.0000 0.0591
012540 0.5972 0.3437 0.0000 0.0591
012560 0.5972 0.3437 0.0000 0.0591
012580 0.5972 0.3437 0.0000 0.0591
012600 0.5972 0.3437 0.0000 0.0591
012620 0.5972 0.3437 0.0000 0.0591
012640 0.5972 0.3437 0.0000 0.0591
012660 0.5972 0.3437 0.0000 0.0591
012680 0.5972 0.3437 0.0000 0.0591
012700 0.5972 0.3437 0.0000 0.0591
012720 0.5972 0.3437 0.0000 0.0591
012740 0.5972 0.3437 0.0000 0.0591
012760 0.5972 0.3437 0.0000 0.0591
012780 0.5972 0.3437 0.0000 0.0591
012800 0.5972 0.3437 0.0000 0.0591
012820 0.5972 0.3437 0.0000 0.0591
012840 0.5972 0.3437 0.0000 0.0591
012860 0.5972 0.3437 0.0000 0.0591
012880 0.5972 0.3437 0.0000 0.0591
012900 0.5972 0.3437 0.0000 0.0591
012920 0.5972 0.3437 0.0000 0.0591
012940 0.5972 0.3437 0.0000 0.0591
012960 0.5972 0.3437 0.0000 0.0591
012980 0.5972 0.3437 0.0000 0.0591
013000 0.5972 0.3437 0.0000 0.0591
013020 0.5972 0.3437 0.0000 0.0591
013040 0.5972 0.3437 0.0000 0.0591
013060 0.5972 0.3437 0.0000 0.0591
013080 0.5972 0.3437 0.0000 0.0591
013100 0.5972 0.3437 0.0000 0.0591
013120 0.5972 0.3437 0.0000 0.0591
013140 0.5972 0.3437 0.0000 0.0591
013160 0.5972 0.3437 0.0000 0.0591
013180 0.5972 0.3437 0.0000 0.0591
013200 0.5972 0.3437 0.0000 0.0591
013220 0.5972 0.3437 0.0000 0.0591
013240 0.5972 0.3437 0.0000 0.0591
013260 0.5972 0.3437 0.0000 0.0591
013280 0.5972 0.3437 0.0000 0.0591
013300 0.5972 0.3437 0.0000 0.0591
013320 0.5972 0.3437 0.0000 0.0591
013340 0.5972 0.3437 0.0000 0.0591
013360 0.5972 0.3437 0.0000 0.0591
013380 0.5972 0.3437 0.0000 0.0591
013400 0.5972 0.3437 0.0000 0.0591
013420 0.5972 0.3437 0.0000 0.0591
013440 0.5972 0.3437 0.0000 0.0591
013460 0.5972 0.3437 0.0000 0.0591
013480 0.5972 0.3437 0.0000 0.0591
013500 0.5972 0.3437 0.0000 0.0591
013520 0.5972 0.3437 0.0000 0.0591
013540 0.5972 0.3437 0.0000 0.0591
013560 0.5972 0.3437 0.0000 0.0591
013580 0.5972 0.3437 0.0000 0.0591
013600 0.5972 0.3437 0.0000 0.0591
013620 0.5972 0.3437 0.0000 0.0591
013640 0.5972 0.3437 0.0000 0.0591
013660 0.5972 0.3437 0.0000 0.0591
013680 0.5972 0.3437 0.0000 0.0591
013700 0.5972 0.3437 0.0000 0.0591
013720 0.5972 0.3437 0.0000 0.0591
013740 0.5972 0.3437 0.0000 0.0591
013760 0.5972 0.3437 0.0000 0.0591
013780 0.5972 0.3437 0.0000 0.0591
013800 0.5972 0.3437 0.0000 0.0591
013820 0.5972 0.3437 0.0000 0.0591
013840 0.5972 0.3437 0.0000 0.0591
013860 0.5972 0.3437 0.0000 0.0591
013880 0.5972 0.3437 0.0000 0.0591
013900 0.5972 0.3437 0.0000 0.0591
013920 0.5972 0.3437 0.0000 0.0591
013940 0.5972 0.3437 0.0000 0.0591
013960 0.5972 0.3437 0.0000 0.0591
013980 0.5972 0.3437 0.0000 0.0591
014000 0.5972 0.3437 0.0000 0.0591
014020 0.5972 0.3437 0.0000 0.0591
014040 0.5972 0.3437 0.0000 0.0591
014060 0.5972 0.3437 0.0000 0.0591
014080 0.5972 0.3437 0.0000 0.0591
014100 0.5972 0.3437 0.0000 0.0591
014120 0.5972 0.3437 0.0000 0.0591
014140 0.5972 0.3437 0.0000 0.0591
014160 0.5972 0.3437 0.0000 0.0591
014180 0.5972 0.3437 0.0000 0.0591
014200 0.5972 0.3437 0.0000 0.0591
014220 0.5972 0.3437 0.0000 0.0591
014240 0.5972 0.3437 0.0000 0.0591
014260 0.5972 0.3437 0.0000 0.0591
014280 0.5972 0.3437 0.0000 0.0591
014300 0.5972 0.3437 0.0000 0.0591
014320 0.5972 0.3437 0.0000 0.0591
014340 0.5972 0.3437 0.0000 0.0591
014360 0.5972 0.3437 0.0000 0.0591
014380 0.5972 0.3437 0.0000 0.0591
014400 0.5972 0.3437 0.0000 0.0591
014420 0.5972 0.3437 0.0000 0.0591
014440 0.5972 0.3437 0.0000 0.0591
014460 0.5972 0.3437 0.0000 0.0591
014480 0.5972 0.3437 0.0000 0.0591
014500 0.5972 0.3437 0.0000 0.0591
014520 0.5972 0.3437 0.0000 0.0591
014540 0.5972 0.3437 0.0000 0.0591
014560 0.5972 0.3437 0.0000 0.0591
014580 0.5972 0.3437 0.0000 0.0591
014600 0.5972 0.3437 0.0000 0.0591
014620 0.5972 0.3437 0.0000 0.0591
014640 0.5972 0.3437 0.0000 0.0591
014660 0.5972 0.3437 0.0000 0.0591
014680 0.5972 0.3437 0.0000 0.0591
014700 0.5972 0.3437 0.0000 0.0591
014720 0.5972 0.3437 0.0000 0.0591
014740 0.5972 0.3437 0.0000 0.0591
014760 0.5972 0.3437 0.0000 0.0591
014780 0.5972 0.3437 0.0000 0.0591
014800 0.5972 0.3437 0.0000 0.0591
014820 0.5972 0.3437 0.0000 0.0591
014840 0.5972 0.3437 0.0000 0.0591
014860 0.5972 0.3437 0.0000 0.0591
014880 0.5972 0.3437 0.0000 0.0591
014900 0.5972 0.3437 0.0000 0.0591
014920 0.5972 0.3437 0.0000 0.0591
014940 0.5972 0.3437 0.0000 0.0591
014960 0.5972 0.3437 0.0000 0.0591
014980 0.5972 0.3437 0.0000 0.0591
015000 0.5972 0.3437 0.0000 0.0591
015020 0.5972 0.3437 0.0000 0.0591
015040 0.5972 0.3437 0.0000 0.0591
015060 0.5972 0.3437 0.0000 0.0591
015080 0.5972 0.3437 0.0000 0.0591
015100 0.5972 0.3437 0.0000 0.0591
015120 0.5972 0.3437 0.0000 0.0591
015140 0.5972 0.3437 0.0000 0.0591
015160 0.5972 0.3437 0.0000 0.0591
015180 0.5972 0.3437 0.0000 0.0591
015200 0.5972 0.3437 0.0000 0.0591
015220 0.5972 0.3437 0.0000 0.0591
015240 0.5972 0.3437 0.0000 0.0591
015260 0.5972 0.3437 0.0000 0.0591
015280 0.5972 0.3437 0.0000 0.0591
015300 0.5972 0.3437 0.0000 0.0591
015320 0.5972 0.3437 0.0000 0.0591
015340 0.5972 0.3437 0.0000 0.0591
015360 0.5972 0.3437 0.0000 0.0591
015380 0.5972 0.3437 0.0000 0.0591
015400 0.5972 0.3437 0.0000 0.0591
015420 0.5972 0.3437 0.0000 0.0591
015440 0.5972 0.3437 0.0000 0.0591
015460 0.5972 0.3437 0.0000 0.0591
015480 0.5972 0.3437 0.0000 0.0591
015500 0.5972 0.3437 0.0000 0.0591
015520 0.5972 0.3437 0.0000 0.0591
015540 0.5972 0.3437 0.0000 0.0591
015560 0.5972 0.3437 0.0000 0.0591
015580 0.5972 0.3437 0.0000 0.0591
015600 0.5972 0.3437 0.0000 0.0591
015620 0.5972 0.3437 0.0000 0.0591
015640 0.5972 0.3437 0.0000 0.0591
015660 0.5972 0.3437 0.0000 0.0591
015680 0.5972 0.3437 0.0000 0.0591
015700 0.5972 0.3437 0.0000 0.0591
015720 0.5972 0.3437 0.0000 0.0591
015740 0.5972 0.3437 0.0000 0.0591
015760 0.5972 0.3437 0.0000 0.0591
015780 0.5972 0.3437 0.0000 0.0591
015800 0.5972 0.3437 0.0000 0.0591
015820 0.5972 0.3437 0.0000 0.0591
015840 0.5972 0.3437 0.0000 0.0591
015860 0.5972 0.3437 0.0000 0.0591
015880 0.5972 0.3437 0.0000 0.0591
015900 0.5972 0.3437 0.0000 0.0591
015920 0.5972 0.3437 0.0000 0.0591
015940 0.5972 0.3437 0.0000 0.0591
015960 0.5972 0.3437 0.0000 0.0591
015980 0.5972 0.3437 0.0000 0.0591
016000 0.5972 0.3437 0.0000 0.0591
016020 0.5972 0.3437 0.0000 0.0591
016040 0.5972 0.3437 0.0000 0.0591
016060 0.5972 0.3437 0.0000 0.0591
016080 0.5972 0.3437 0.0000 0.0591
016100 0.5972 0.3437 0.0000 0.0591
016120 0.5972 0.3437 0.0000 0.0591
016140 0.5972 0.3437 0.0000 0.0591
016160 0.5972 0.3437 0.0000 0.0591
016180 0.5972 0.3437 0.0000 0.0591
016200 0.5972 0.3437 0.0000 0.0591
016220 0.5972 0.3437 0.0000 0.0591
016240 0.5972 0.3437 0.0000 0.0591
016260 0.5972 0.3437 0.0000 0.0591
016280 0.5972 0.3437 0.0000 0.0591
016300 0.5972 0.3437 0.0000 0.0591
016320 0.5972 0.3437 0.0000 0.0591
016340 0.5972 0.3437 0.0000 0.0591
016360 0.5972 0.3437 0.0000 0.0591
016380 0.5972 0.3437 0.0000 0.0591
016400 0.5972 0.3437 0.0000 0.0591
016420 0.5972 0.3437 0.0000 0.0591
016440 0.5972 0.3437 0.0000 0.0591
016460 0.5972 0.3437 0.0000 0.0591
016480 0.5972 0.3437 0.0000 0.0591
016500 0.5972 0.3437 0.0000 0.0591
016520 0.5972 0.3437 0.0000 0.0591
016540 0.5972 0.3437 0.0000 0.0591
016560 0.5972 0.3437 0.0000 0.0591
016580 0.5972 0.3437 0.0000 0.0591
016600 0.5972 0.3437 0.0000 0.0591
016620 0.5972 0.3437 0.0000 0.0591
016640 0.5972 0.3437 0.0000 0.0591
016660 0.5972 0.3437 0.0000 0.0591
016680 0.5972 0.3437 0.0000 0.0591
016700 0.5972 0.3437 0.0000 0.0591
016720 0.5972 0.3437 0.0000 0.0591
016740 0.5972 0.3437 0.0000 0.0591
016760 0.5972 0.3437 0.0000 0.0591
016780 0.5972 0.3437 0.0000 0.0591
016800 0.5972 0.3437 0.0000 0.0591
016820 0.5972 0.3437 0.0000 0.0591
016840 0.5972 0.3437 0.0000 0.0591
016860 0.5972 0.3437 0.0000 0.0591
016880 0.5972 0.3437 0.0000 0.0591
016900 0.5972 0.3437 0.0000 0.0591
016920 0.5972 0.3437 0.0000 0.0591
016940 0.5972 0.3437 0.0000 0.0591
016960 0.5972 0.3437 0.0000 0.0591
016980 0.5972 0.3437 0.0000 0.0591
017000 0.5972 0.3437 0.0000 0.0591
017020 0.5972 0.3437 0.0000 0.0591
017040 0.5972 0.3437 0.0000 0.0591
017060 0.5972 0.3437 0.0000 0.0591
017080 0.5972 0.3437 0.0000 0.0591
017100 0.5972 0.3437 0.0000 0.0591
017120 0.5972 0.3437 0.0000 0.0591
017140 0.5972 0.3437 0.0000 0.0591
017160 0.5972 0.3437 0.0000 0.0591
017180 0.5972 0.3437 0.0000 0.0591
017200 0.5972 0.3437 0.0000 0.0591
017220 0.5972 0.3437 0.0000 0.0591
017240 0.5972 0.3437 0.0000 0.0591
017260 0.5972 0.3437 0.0000 0.0591
017280 0.5972 0.3437 0.0000 0.0591
017300 0.5972 0.3437 0.0000 0.0591
017320 0.5972 0.3437 0.0000 0.0591
017340 0.5972 0.3437 0.0000 0.0591
017360 0.5972 0.3437 0.0000 0.0591
017380 0.5972 0.3437 0.0000 0.0591
017400 0.5972 0.3437 0.0000 0.0591
017420 0.5972 0.3437 0.0000 0.0591
017440 0.5972 0.3437 0.0000 0.0591
017460 0.5972 0.3437 0.0000 0.0591
017480 0.5972 0.3437 0.0000 0.0591
017500 0.5972 0.3437 0.0000 0.0591
017520 0.5972 0.3437 0.0000 0.0591
017540 0.5972 0.3437 0.0000 0.0591
017560 0.5972 0.3437 0.0000 0.0591
017580 0.5972 0.3437 0.0000 0.0591
017600 0.5972 0.3437 0.0000 0.0591
017620 0.5972 0.3437 0.0000 0.0591
017640 0.5972 0.3437 0.0000 0.0591
017660 0.5972 0.3437 0.0000 0.0591
017680 0.5972 0.3437 0.0000 0.0591
017700 0.5972 0.3437 0.0000 0.0591
017720 0.5972 0.3437 0.0000 0.0591
017740 0.5972 0.3437 0.0000 0.0591
017760 0.5972 0.3437 0.0000 0.0591
017780 0.5972 0.3437 0.0000 0.0591
017800 0.5972 0.3437 0.0000 0.0591
017820 0.5972 0.3437 0.0000 0.0591
017840 0.5972 0.3437 0.0000 0.0591
017860 0.5972 0.3437 0.0000 0.0591
017880 0.5972 0.3437 0.0000 0.0591
017900 0.5972 0.3437 0.0000 0.0591
017920 0.5972 0.3437 0.0000 0.0591
017940 0.5972 0.3437 0.0000 0.0591
017960 0.5972 0.3437 0.0000 0.0591
017980 0.5972 0.3437 0.0000 0.0591
018000 0.5972 0.3437 0.0000 0.0591
018020 0.5972 0.3437 0.0000 0.0591
018040 0.5972 0.3437 0.0000 0.0591
018060 0.5972 0.3437 0.0000 0.0591
018080 0.5972 0.3437 0.0000 0.0591
018100 0.5972 0.3437 0.0000 0.0591
018120 0.5972 0.3437 0.0000 0.0591
018140 0.5972 0.3437 0.0000 0.0591
018160 0.5972 0.3437 0.0000 0.0591
018180 0.5972 0.3437 0.0000 0.0591
018200 0.5972 0.3437 0.0000 0.0591
018220 0.5972 0.3437 0.0000 0.0591
018240 0.5972 0.3437 0.0000 0.0591
018260 0.5972 0.3437 0.0000 0.0591
018280 0.5972 0.3437 0.0000 0.0591
018300 0.5972 0.3437 0.0000 0.0591
018320 0.5972 0.3437 0.0000 0.0591
018340 0.5972 0.3437 0.0000 0.0591
018360 0.5972 0.3437 0.0000 0.0591
018380 0.5972 0.3437 0.0000 0.0591
018400 0.5972 0.3437 0.0000 0.0591
018420 0.5972 0.3437 0.0000 0.0591
018440 0.5972 0.3437 0.0000 0.0591
018460 0.5972 0.3437 0.0000 0.0591
018480 0.5972 0.3437 0.0000 0.0591
018500 0.5972 0.3437 0.0000 0.0591
018520 0.5972 0.3437 0.0000 0.0591
018540 0.5972 0.3437 0.0000 0.0591
018560 0.5972 0.3437 0.0000 0.0591
018580 0.5972 0.3437 0.0000 0.0591
018600 0.5972 0.3437 0.0000 0.0591
018620 0.5972 0.3437 0.0000 0.0591
018640 0.5972 0.3437 0.0000 0.0591
018660 0.5972 0.3437 0.0000 0.0591
018680 0.5972 0.3437 0.0000 0.0591
018700 0.5972 0.3437 0.0000 0.0591
018720 0.5972 0.3437 0.0000 0.0591
018740 0.5972 0.3437 0.0000 0.0591
018760 0.5972 0.3437 0.0000 0.0591
018780 0.5972 0.3437 0.0000 0.0591
018800 0.5972 0.3437 0.0000 0.0591
018820 0.5972 0.3437 0.0000 0.0591
018840 0.5972 0.3437 0.0000 0.0591
018860 0.5972 0.3437 0.0000 0.0591
018880 0.5972 0.3437 0.0000 0.0591
018900 0.5972 0.3437 0.0000 0.0591
018920 0.5972 0.3437 0.0000 0.0591
018940 0.5972 0.3437 0.0000 0.0591
018960 0.5972 0.3437 0.0000 0.0591
018980 0.5972 0.3437 0.0000 0.0591
019000 0.5972 0.3437 0.0000 0.0591
019020 0.5972 0.3437 0.0000 0.0591
019040 0.5972 0.3437 0.0000 0.0591
019060 0.5972 0.3437 0.0000 0.0591
019080 0.5972 0.3437 0.0000 0.0591
019100 0.5972 0.3437 0.0000 0.0591
019120 0.5972 0.3437 0.0000 0.0591
019140 0.5972 0.3437 0.0000 0.0591
019160 0.5972 0.3437 0.0000 0.0591
019180 0.5972 0.3437 0.0000 0.0591
019200 0.5972 0.3437 0.0000 0.0591
019220 0.5972 0.3437 0.0000 0.0591
019240 0.5972 0.3437 0.0000 0.0591
019260 0.5972 0.3437 0.0000 0.0591
019280 0.5972 0.3437 0.0000 0.0591
019300 0.5972 0.3437 0.0000 0.0591
019320 0.5972 0.3437 0.0000 0.0591
019340 0.5972 0.3437 0.0000 0.0591
019360 0.5972 0.3437 0.0000 0.0591
019380 0.5972 0.3437 0.0000 0.0591
019400 0.5972 0.3437 0.0000 0.0591
019420 0.5972 0.3437 0.0000 0.0591
019440 0.5972 0.3437 0.0000 0.0591
019460 0.5972 0.3437 0.0000 0.0591
019480 0.5972 0.3437 0.0000 0.0591
019500 0.5972 0.3437 0.0000 0.0591
019520 0.5972 0.3437 0.0000 0.0591
019540 0.5972 0.3437 0.0000 0.0591
019560 0.5972 0.3437 0.0000 0.0591
019580 0.5972 0.3437 0.0000 0.0591
019600 0.5972 0.3437 0.0000 0.0591
019620 0.5972 0.3437 0.0000 0.0591
019640 0.5972 0.3437 0.0000 0.0591
019660 0.5972 0.3437 0.0000 0.0591
019680 0.5972 0.3437 0.0000 0.0591
019700 0.5972 0.3437 0.0000 0.0591
019720 0.5972 0.3437 0.0000 0.0591
019740 0.5972 0.3437 0.0000 0.0591
019760 0.5972 0.3437 0.0000 0.0591
019780 0.5972 0.3437 0.0000 0.0591
019800 0.5972 0.3437 0.0000 0.0591
019820 0.5972 0.3437 0.0000 0.0591
019840 0.5972 0.3437 0.0000 0.0591
019860 0.5972 0.3437 0.0000 0.0591
019880 0.5972 0.3437 0.0000 0.0591
019900 0.5972 0.3437 0.0000 0.0591
019920 0.5972 0.3437 0.0000 0.0591
019940 0.5972 0.3437 0.0000 0.0591
019960 0.5972 0.3437 0.0000 0.0591
019980 0.5972 0.3437 0.0000 0.0591
020000 0.5972 0.3437 0.0000 0.0591
