000000 0.2500 0.2500 0.2500 0.2500
000020 0.2605 0.2587 0.2297 0.2511
000040 0.2732 0.2676 0.2075 0.2517
000060 0.2853 0.2770 0.1865 0.2511
000080 0.2961 0.2873 0.1667 0.2499
000100 0.3058 0.2980 0.1486 0.2476
000120 0.3141 0.3109 0.1307 0.2444
000140 0.3211 0.3243 0.1141 0.2404
000160 0.3277 0.3385 0.0983 0.2354
000180 0.3330 0.3532 0.0841 0.2296
000200 0.3386 0.3677 0.0706 0.2231
000220 0.3432 0.3834 0.0583 0.2151
000240 0.3478 0.3981 0.0469 0.2071
000260 0.3504 0.4138 0.0370 0.1988
000280 0.3510 0.4307 0.0282 0.1901
000300 0.3505 0.4487 0.0203 0.1805
000320 0.3483 0.4683 0.0140 0.1693
000340 0.3432 0.4895 0.0086 0.1587
000360 0.3363 0.5112 0.0047 0.1478
000380 0.3288 0.5352 0.0020 0.1341
000400 0.3213 0.5582 0.0004 0.1201
000420 0.3116 0.5831 0.0000 0.1053
000440 0.3020 0.6092 0.0000 0.0888
000460 0.2962 0.6297 0.0000 0.0741
000480 0.2938 0.6409 0.0000 0.0653
000500 0.2941 0.6510 0.0000 0.0549
000520 0.2959 0.6578 0.0000 0.0463
000540 0.2970 0.6633 0.0000 0.0397
000560 0.2983 0.6669 0.0000 0.0349
000580 0.3015 0.6683 0.0000 0.0302
000600 0.3061 0.6679 0.0000 0.0260
000620 0.3155 0.6603 0.0000 0.0242
000640 0.3263 0.6493 0.0000 0.0244
000660 0.3327 0.6417 0.0000 0.0256
000680 0.3341 0.6393 0.0000 0.0266
000700 0.3365 0.6341 0.0000 0.0294
000720 0.3358 0.6339 0.0000 0.0303
000740 0.3367 0.6325 0.0000 0.0308
000760 0.3454 0.6261 0.0000 0.0285
000780 0.3576 0.6142 0.0000 0.0283
000800 0.3734 0.5996 0.0000 0.0269
000820 0.3874 0.5854 0.0000 0.0271
000840 0.3964 0.5734 0.0000 0.0302
000860 0.4010 0.5660 0.0000 0.0330
000880 0.3981 0.5655 0.0000 0.0364
000900 0.3941 0.5695 0.0000 0.0364
000920 0.3996 0.5650 0.0000 0.0354
000940 0.4111 0.5548 0.0000 0.0341
000960 0.4237 0.5415 0.0000 0.0348
000980 0.4367 0.5273 0.0000 0.0360
001000 0.4415 0.5192 0.0000 0.0393
001020 0.4453 0.5158 0.0000 0.0389
001040 0.4567 0.5050 0.0000 0.0383
001060 0.4658 0.4940 0.0000 0.0402
001080 0.4691 0.4878 0.0000 0.0431
001100 0.4730 0.4851 0.0000 0.0419
001120 0.4773 0.4799 0.0000 0.0428
001140 0.4840 0.4738 0.0000 0.0421
001160 0.4922 0.4652 0.0000 0.0426
001180 0.5061 0.4512 0.0000 0.0428
001200 0.5205 0.4369 0.0000 0.0427
001220 0.5302 0.4240 0.0000 0.0457
001240 0.5343 0.4191 0.0000 0.0466
001260 0.5464 0.4083 0.0000 0.0452
001280 0.5562 0.3969 0.0000 0.0469
001300 0.5568 0.3945 0.0000 0.0487
001320 0.5597 0.3919 0.0000 0.0484
001340 0.5655 0.3870 0.0000 0.0475
001360 0.5734 0.3789 0.0000 0.0477
001380 0.5804 0.3702 0.0000 0.0494
001400 0.5813 0.3662 0.0000 0.0525
001420 0.5769 0.3700 0.0000 0.0531
001440 0.5739 0.3730 0.0000 0.0531
001460 0.5771 0.3696 0.0000 0.0533
001480 0.5779 0.3692 0.0000 0.0528
001500 0.5784 0.3700 0.0000 0.0516
001520 0.5825 0.3654 0.0000 0.0521
001540 0.5863 0.3621 0.0000 0.0515
001560 0.5858 0.3630 0.0000 0.0512
001580 0.5889 0.3586 0.0000 0.0525
001600 0.5902 0.3570 0.0000 0.0528
001620 0.5935 0.3550 0.0000 0.0515
001640 0.5987 0.3491 0.0000 0.0522
001660 0.6033 0.3455 0.0000 0.0512
001680 0.6061 0.3401 0.0000 0.0538
001700 0.6030 0.3435 0.0000 0.0536
001720 0.5968 0.3489 0.0000 0.0543
001740 0.5946 0.3513 0.0000 0.0541
001760 0.5911 0.3543 0.0000 0.0546
001780 0.5917 0.3581 0.0000 0.0502
001800 0.5981 0.3513 0.0000 0.0506
001820 0.6057 0.3426 0.0000 0.0517
001840 0.6116 0.3378 0.0000 0.0506
001860 0.6132 0.3339 0.0000 0.0529
001880 0.6072 0.3359 0.0000 0.0569
001900 0.5992 0.3461 0.0000 0.0547
001920 0.5933 0.3529 0.0000 0.0538
001940 0.5915 0.3555 0.0000 0.0530
001960 0.5914 0.3540 0.0000 0.0546
001980 0.5881 0.3565 0.0000 0.0554
002000 0.5861 0.3590 0.0000 0.0549
002020 0.5897 0.3582 0.0000 0.0520
002040 0.5977 0.3521 0.0000 0.0502
002060 0.6057 0.3434 0.0000 0.0509
002080 0.6163 0.3343 0.0000 0.0494
002100 0.6161 0.3300 0.0000 0.0539
002120 0.6064 0.3367 0.0000 0.0570
002140 0.5918 0.3516 0.0000 0.0566
002160 0.5878 0.3586 0.0000 0.0536
002180 0.5955 0.3545 0.0000 0.0499
002200 0.6052 0.3435 0.0000 0.0513
002220 0.6093 0.3378 0.0000 0.0529
002240 0.6075 0.3376 0.0000 0.0549
002260 0.5944 0.3468 0.0000 0.0589
002280 0.5778 0.3643 0.0000 0.0578
002300 0.5755 0.3717 0.0000 0.0528
002320 0.5876 0.3616 0.0000 0.0508
002340 0.5988 0.3514 0.0000 0.0497
002360 0.6120 0.3388 0.0000 0.0492
002380 0.6195 0.3308 0.0000 0.0497
002400 0.6181 0.3293 0.0000 0.0526
002420 0.6084 0.3355 0.0000 0.0561
002440 0.5971 0.3451 0.0000 0.0578
002460 0.5873 0.3569 0.0000 0.0557
002480 0.5866 0.3610 0.0000 0.0524
002500 0.5918 0.3571 0.0000 0.0512
002520 0.5982 0.3486 0.0000 0.0532
002540 0.5978 0.3481 0.0000 0.0541
002560 0.5997 0.3476 0.0000 0.0527
002580 0.6048 0.3445 0.0000 0.0507
002600 0.6109 0.3367 0.0000 0.0524
002620 0.6086 0.3371 0.0000 0.0543
002640 0.6010 0.3456 0.0000 0.0535
002660 0.5956 0.3488 0.0000 0.0556
002680 0.5889 0.3544 0.0000 0.0567
002700 0.5857 0.3596 0.0000 0.0547
002720 0.5910 0.3571 0.0000 0.0519
002740 0.5962 0.3525 0.0000 0.0513
002760 0.6029 0.3459 0.0000 0.0512
002780 0.6024 0.3439 0.0000 0.0537
002800 0.5938 0.3508 0.0000 0.0554
002820 0.5915 0.3545 0.0000 0.0540
002840 0.5873 0.3592 0.0000 0.0534
002860 0.5895 0.3583 0.0000 0.0523
002880 0.5986 0.3504 0.0000 0.0510
002900 0.6089 0.3423 0.0000 0.0488
002920 0.6213 0.3287 0.0000 0.0500
002940 0.6277 0.3223 0.0000 0.0500
002960 0.6216 0.3252 0.0000 0.0532
002980 0.6057 0.3365 0.0000 0.0578
003000 0.5843 0.3563 0.0000 0.0594
003020 0.5782 0.3663 0.0000 0.0555
003040 0.5824 0.3641 0.0000 0.0535
003060 0.5932 0.3565 0.0000 0.0504
003080 0.6047 0.3452 0.0000 0.0501
003100 0.6118 0.3366 0.0000 0.0516
003120 0.6162 0.3324 0.0000 0.0513
003140 0.6092 0.3362 0.0000 0.0546
003160 0.5963 0.3466 0.0000 0.0570
003180 0.5899 0.3554 0.0000 0.0547
003200 0.5863 0.3593 0.0000 0.0544
003220 0.5867 0.3596 0.0000 0.0537
003240 0.5925 0.3575 0.0000 0.0500
003260 0.6073 0.3447 0.0000 0.0480
003280 0.6160 0.3328 0.0000 0.0512
003300 0.6194 0.3276 0.0000 0.0530
003320 0.6092 0.3336 0.0000 0.0572
003340 0.5947 0.3478 0.0000 0.0575
003360 0.5860 0.3588 0.0000 0.0552
003380 0.5851 0.3611 0.0000 0.0537
003400 0.5905 0.3583 0.0000 0.0512
003420 0.5968 0.3518 0.0000 0.0514
003440 0.6039 0.3449 0.0000 0.0512
003460 0.6056 0.3415 0.0000 0.0529
003480 0.6020 0.3437 0.0000 0.0543
003500 0.5984 0.3462 0.0000 0.0554
003520 0.5967 0.3499 0.0000 0.0534
003540 0.6021 0.3468 0.0000 0.0511
003560 0.6033 0.3444 0.0000 0.0524
003580 0.6026 0.3442 0.0000 0.0531
003600 0.6055 0.3435 0.0000 0.0510
003620 0.6088 0.3398 0.0000 0.0515
003640 0.6086 0.3370 0.0000 0.0543
003660 0.5972 0.3459 0.0000 0.0569
003680 0.5916 0.3526 0.0000 0.0558
003700 0.5908 0.3554 0.0000 0.0537
003720 0.5903 0.3569 0.0000 0.0528
003740 0.5901 0.3566 0.0000 0.0534
003760 0.5908 0.3568 0.0000 0.0524
003780 0.5958 0.3512 0.0000 0.0529
003800 0.6036 0.3445 0.0000 0.0519
003820 0.6100 0.3404 0.0000 0.0496
003840 0.6161 0.3316 0.0000 0.0523
003860 0.6135 0.3324 0.0000 0.0541
003880 0.6033 0.3395 0.0000 0.0572
003900 0.5943 0.3473 0.0000 0.0584
003920 0.5801 0.3623 0.0000 0.0576
003940 0.5796 0.3669 0.0000 0.0535
003960 0.5906 0.3575 0.0000 0.0519
003980 0.5926 0.3537 0.0000 0.0537
004000 0.5978 0.3510 0.0000 0.0512
004020 0.6030 0.3448 0.0000 0.0522
004040 0.6062 0.3408 0.0000 0.0530
004060 0.6057 0.3393 0.0000 0.0550
004080 0.6058 0.3418 0.0000 0.0524
004100 0.6049 0.3400 0.0000 0.0551
004120 0.5971 0.3476 0.0000 0.0553
004140 0.5930 0.3517 0.0000 0.0553
004160 0.5920 0.3536 0.0000 0.0544
004180 0.5923 0.3521 0.0000 0.0556
004200 0.5930 0.3550 0.0000 0.0520
004220 0.5981 0.3506 0.0000 0.0513
004240 0.6024 0.3458 0.0000 0.0519
004260 0.5983 0.3461 0.0000 0.0557
004280 0.5957 0.3490 0.0000 0.0553
004300 0.5923 0.3542 0.0000 0.0535
004320 0.5944 0.3533 0.0000 0.0523
004340 0.5954 0.3498 0.0000 0.0547
004360 0.5976 0.3495 0.0000 0.0529
004380 0.6020 0.3459 0.0000 0.0521
004400 0.6059 0.3420 0.0000 0.0521
004420 0.6041 0.3421 0.0000 0.0538
004440 0.5974 0.3477 0.0000 0.0549
004460 0.5916 0.3538 0.0000 0.0546
004480 0.5911 0.3539 0.0000 0.0550
004500 0.5896 0.3568 0.0000 0.0536
004520 0.5951 0.3543 0.0000 0.0506
004540 0.6030 0.3455 0.0000 0.0515
004560 0.6125 0.3361 0.0000 0.0513
004580 0.6175 0.3311 0.0000 0.0514
004600 0.6153 0.3325 0.0000 0.0523
004620 0.6075 0.3379 0.0000 0.0546
004640 0.5984 0.3469 0.0000 0.0547
004660 0.5904 0.3525 0.0000 0.0571
004680 0.5875 0.3571 0.0000 0.0554
004700 0.5874 0.3582 0.0000 0.0544
004720 0.5914 0.3553 0.0000 0.0533
004740 0.5911 0.3549 0.0000 0.0540
004760 0.5928 0.3548 0.0000 0.0524
004780 0.6004 0.3502 0.0000 0.0494
004800 0.6089 0.3408 0.0000 0.0503
004820 0.6114 0.3353 0.0000 0.0534
004840 0.6047 0.3392 0.0000 0.0560
004860 0.5983 0.3455 0.0000 0.0562
004880 0.5919 0.3518 0.0000 0.0563
004900 0.5820 0.3611 0.0000 0.0569
004920 0.5753 0.3692 0.0000 0.0556
004940 0.5792 0.3659 0.0000 0.0549
004960 0.5908 0.3587 0.0000 0.0505
004980 0.6033 0.3467 0.0000 0.0500
005000 0.6117 0.3372 0.0000 0.0511
005020 0.6109 0.3369 0.0000 0.0522
005040 0.6056 0.3388 0.0000 0.0556
005060 0.5946 0.3469 0.0000 0.0585
005080 0.5864 0.3582 0.0000 0.0554
005100 0.5885 0.3581 0.0000 0.0534
005120 0.5905 0.3553 0.0000 0.0542
005140 0.5951 0.3535 0.0000 0.0514
005160 0.5994 0.3496 0.0000 0.0510
005180 0.6025 0.3453 0.0000 0.0523
005200 0.6030 0.3450 0.0000 0.0520
005220 0.5985 0.3463 0.0000 0.0552
005240 0.5939 0.3505 0.0000 0.0556
005260 0.5893 0.3547 0.0000 0.0560
005280 0.5890 0.3565 0.0000 0.0545
005300 0.5959 0.3538 0.0000 0.0502
005320 0.6068 0.3434 0.0000 0.0498
005340 0.6159 0.3340 0.0000 0.0501
005360 0.6171 0.3299 0.0000 0.0530
005380 0.6054 0.3381 0.0000 0.0565
005400 0.5937 0.3491 0.0000 0.0571
005420 0.5874 0.3571 0.0000 0.0555
005440 0.5834 0.3608 0.0000 0.0558
005460 0.5830 0.3610 0.0000 0.0561
005480 0.5869 0.3588 0.0000 0.0544
005500 0.5973 0.3511 0.0000 0.0516
005520 0.6046 0.3442 0.0000 0.0513
005540 0.6077 0.3381 0.0000 0.0542
005560 0.5978 0.3440 0.0000 0.0581
005580 0.5789 0.3628 0.0000 0.0583
005600 0.5728 0.3729 0.0000 0.0543
005620 0.5767 0.3710 0.0000 0.0523
005640 0.5893 0.3604 0.0000 0.0502
005660 0.6081 0.3465 0.0000 0.0454
005680 0.6308 0.3239 0.0000 0.0453
005700 0.6374 0.3130 0.0000 0.0496
005720 0.6280 0.3176 0.0000 0.0544
005740 0.6073 0.3344 0.0000 0.0583
005760 0.5908 0.3511 0.0000 0.0582
005780 0.5785 0.3658 0.0000 0.0556
005800 0.5776 0.3685 0.0000 0.0540
005820 0.5863 0.3609 0.0000 0.0528
005840 0.5951 0.3535 0.0000 0.0513
005860 0.6040 0.3446 0.0000 0.0514
005880 0.6087 0.3405 0.0000 0.0507
005900 0.6130 0.3352 0.0000 0.0517
005920 0.6099 0.3362 0.0000 0.0539
005940 0.6020 0.3425 0.0000 0.0555
005960 0.5948 0.3495 0.0000 0.0557
005980 0.5848 0.3583 0.0000 0.0570
006000 0.5810 0.3624 0.0000 0.0566
006020 0.5880 0.3598 0.0000 0.0522
006040 0.5963 0.3516 0.0000 0.0521
006060 0.5979 0.3479 0.0000 0.0543
006080 0.5968 0.3499 0.0000 0.0533
006100 0.6012 0.3465 0.0000 0.0523
006120 0.6039 0.3435 0.0000 0.0526
006140 0.6072 0.3419 0.0000 0.0509
006160 0.6058 0.3409 0.0000 0.0533
006180 0.6064 0.3422 0.0000 0.0515
006200 0.6083 0.3389 0.0000 0.0527
006220 0.6057 0.3398 0.0000 0.0545
006240 0.5963 0.3481 0.0000 0.0556
006260 0.5922 0.3531 0.0000 0.0547
006280 0.5879 0.3566 0.0000 0.0555
006300 0.5847 0.3595 0.0000 0.0557
006320 0.5867 0.3599 0.0000 0.0534
006340 0.5905 0.3559 0.0000 0.0536
006360 0.6006 0.3503 0.0000 0.0491
006380 0.6091 0.3385 0.0000 0.0524
006400 0.6093 0.3361 0.0000 0.0546
006420 0.6042 0.3412 0.0000 0.0545
006440 0.5965 0.3476 0.0000 0.0559
006460 0.5931 0.3533 0.0000 0.0536
006480 0.5921 0.3556 0.0000 0.0523
006500 0.5963 0.3528 0.0000 0.0510
006520 0.6046 0.3450 0.0000 0.0504
006540 0.6085 0.3382 0.0000 0.0532
006560 0.6041 0.3400 0.0000 0.0559
006580 0.5936 0.3500 0.0000 0.0564
006600 0.5880 0.3562 0.0000 0.0558
006620 0.5920 0.3574 0.0000 0.0505
006640 0.6003 0.3510 0.0000 0.0487
006660 0.6127 0.3370 0.0000 0.0503
006680 0.6150 0.3325 0.0000 0.0526
006700 0.6130 0.3334 0.0000 0.0536
006720 0.6025 0.3416 0.0000 0.0559
006740 0.5949 0.3503 0.0000 0.0548
006760 0.5889 0.3540 0.0000 0.0570
006780 0.5812 0.3614 0.0000 0.0573
006800 0.5770 0.3678 0.0000 0.0552
006820 0.5806 0.3660 0.0000 0.0535
006840 0.5877 0.3599 0.0000 0.0524
006860 0.5955 0.3519 0.0000 0.0526
006880 0.6024 0.3481 0.0000 0.0495
006900 0.6103 0.3390 0.0000 0.0506
006920 0.6144 0.3350 0.0000 0.0506
006940 0.6098 0.3366 0.0000 0.0536
006960 0.5999 0.3433 0.0000 0.0568
006980 0.5904 0.3525 0.0000 0.0571
007000 0.5861 0.3591 0.0000 0.0548
007020 0.5899 0.3578 0.0000 0.0522
007040 0.5969 0.3527 0.0000 0.0504
007060 0.6038 0.3458 0.0000 0.0504
007080 0.6098 0.3407 0.0000 0.0495
007100 0.6114 0.3361 0.0000 0.0525
007120 0.6098 0.3364 0.0000 0.0538
007140 0.6060 0.3401 0.0000 0.0539
007160 0.6024 0.3439 0.0000 0.0538
007180 0.5998 0.3473 0.0000 0.0529
007200 0.5985 0.3474 0.0000 0.0541
007220 0.5978 0.3481 0.0000 0.0541
007240 0.5967 0.3494 0.0000 0.0539
007260 0.6005 0.3475 0.0000 0.0519
007280 0.6032 0.3439 0.0000 0.0529
007300 0.6011 0.3444 0.0000 0.0545
007320 0.5946 0.3500 0.0000 0.0554
007340 0.5931 0.3545 0.0000 0.0524
007360 0.5969 0.3518 0.0000 0.0512
007380 0.6018 0.3467 0.0000 0.0515
007400 0.6012 0.3451 0.0000 0.0537
007420 0.6028 0.3455 0.0000 0.0517
007440 0.6063 0.3431 0.0000 0.0507
007460 0.6078 0.3393 0.0000 0.0530
007480 0.6029 0.3412 0.0000 0.0559
007500 0.5980 0.3471 0.0000 0.0550
007520 0.5942 0.3513 0.0000 0.0545
007540 0.5926 0.3552 0.0000 0.0522
007560 0.5991 0.3494 0.0000 0.0515
007580 0.6027 0.3446 0.0000 0.0527
007600 0.6020 0.3450 0.0000 0.0531
007620 0.5983 0.3473 0.0000 0.0544
007640 0.5927 0.3533 0.0000 0.0541
007660 0.5892 0.3571 0.0000 0.0537
007680 0.5907 0.3550 0.0000 0.0543
007700 0.5945 0.3538 0.0000 0.0517
007720 0.6009 0.3468 0.0000 0.0523
007740 0.6025 0.3434 0.0000 0.0542
007760 0.5985 0.3476 0.0000 0.0539
007780 0.5965 0.3498 0.0000 0.0536
007800 0.5933 0.3496 0.0000 0.0571
007820 0.5848 0.3567 0.0000 0.0586
007840 0.5790 0.3652 0.0000 0.0558
007860 0.5853 0.3634 0.0000 0.0513
007880 0.5942 0.3555 0.0000 0.0503
007900 0.6051 0.3437 0.0000 0.0512
007920 0.6105 0.3373 0.0000 0.0522
007940 0.6068 0.3397 0.0000 0.0535
007960 0.5982 0.3465 0.0000 0.0553
007980 0.5886 0.3565 0.0000 0.0548
008000 0.5890 0.3593 0.0000 0.0517
008020 0.5944 0.3538 0.0000 0.0518
008040 0.6074 0.3445 0.0000 0.0481
008060 0.6176 0.3334 0.0000 0.0490
008080 0.6213 0.3277 0.0000 0.0510
008100 0.6133 0.3289 0.0000 0.0578
008120 0.5996 0.3418 0.0000 0.0586
008140 0.5882 0.3548 0.0000 0.0570
008160 0.5855 0.3600 0.0000 0.0545
008180 0.5848 0.3615 0.0000 0.0537
008200 0.5905 0.3578 0.0000 0.0517
008220 0.5965 0.3517 0.0000 0.0518
008240 0.6023 0.3458 0.0000 0.0519
008260 0.6013 0.3440 0.0000 0.0548
008280 0.6026 0.3426 0.0000 0.0547
008300 0.5999 0.3449 0.0000 0.0552
008320 0.5913 0.3512 0.0000 0.0575
008340 0.5849 0.3600 0.0000 0.0551
008360 0.5885 0.3611 0.0000 0.0504
008380 0.5978 0.3515 0.0000 0.0508
008400 0.6081 0.3408 0.0000 0.0511
008420 0.6101 0.3367 0.0000 0.0532
008440 0.5991 0.3447 0.0000 0.0562
008460 0.5902 0.3532 0.0000 0.0566
008480 0.5860 0.3595 0.0000 0.0545
008500 0.5859 0.3619 0.0000 0.0522
008520 0.5886 0.3591 0.0000 0.0522
008540 0.5979 0.3512 0.0000 0.0508
008560 0.6127 0.3392 0.0000 0.0481
008580 0.6214 0.3290 0.0000 0.0496
008600 0.6253 0.3227 0.0000 0.0520
008620 0.6158 0.3285 0.0000 0.0557
008640 0.5988 0.3435 0.0000 0.0577
008660 0.5842 0.3588 0.0000 0.0570
008680 0.5793 0.3654 0.0000 0.0553
008700 0.5846 0.3633 0.0000 0.0521
008720 0.5924 0.3547 0.0000 0.0529
008740 0.5967 0.3509 0.0000 0.0524
008760 0.6013 0.3463 0.0000 0.0524
008780 0.6044 0.3428 0.0000 0.0528
008800 0.6023 0.3438 0.0000 0.0540
008820 0.5969 0.3468 0.0000 0.0563
008840 0.5846 0.3576 0.0000 0.0578
008860 0.5807 0.3658 0.0000 0.0535
008880 0.5891 0.3599 0.0000 0.0511
008900 0.6006 0.3479 0.0000 0.0515
008920 0.6056 0.3418 0.0000 0.0525
008940 0.6060 0.3399 0.0000 0.0541
008960 0.5981 0.3473 0.0000 0.0547
008980 0.5923 0.3532 0.0000 0.0545
009000 0.5963 0.3532 0.0000 0.0505
009020 0.5998 0.3474 0.0000 0.0528
009040 0.6035 0.3451 0.0000 0.0514
009060 0.6089 0.3408 0.0000 0.0503
009080 0.6149 0.3354 0.0000 0.0497
009100 0.6154 0.3339 0.0000 0.0507
009120 0.6131 0.3333 0.0000 0.0536
009140 0.6055 0.3364 0.0000 0.0581
009160 0.5907 0.3503 0.0000 0.0590
009180 0.5816 0.3610 0.0000 0.0575
009200 0.5746 0.3690 0.0000 0.0565
009220 0.5769 0.3711 0.0000 0.0520
009240 0.5857 0.3633 0.0000 0.0510
009260 0.5988 0.3514 0.0000 0.0499
009280 0.6058 0.3433 0.0000 0.0509
009300 0.6065 0.3390 0.0000 0.0545
009320 0.5978 0.3468 0.0000 0.0554
009340 0.5862 0.3564 0.0000 0.0574
009360 0.5795 0.3659 0.0000 0.0546
009380 0.5805 0.3670 0.0000 0.0526
009400 0.5894 0.3589 0.0000 0.0517
009420 0.5989 0.3474 0.0000 0.0537
009440 0.5992 0.3448 0.0000 0.0559
009460 0.5953 0.3518 0.0000 0.0529
009480 0.5992 0.3494 0.0000 0.0514
009500 0.6025 0.3450 0.0000 0.0525
009520 0.5986 0.3461 0.0000 0.0553
009540 0.5957 0.3486 0.0000 0.0557
009560 0.5955 0.3522 0.0000 0.0523
009580 0.6023 0.3452 0.0000 0.0525
009600 0.6008 0.3438 0.0000 0.0554
009620 0.5964 0.3507 0.0000 0.0529
009640 0.5945 0.3515 0.0000 0.0540
009660 0.5951 0.3512 0.0000 0.0537
009680 0.5941 0.3514 0.0000 0.0545
009700 0.5962 0.3506 0.0000 0.0531
009720 0.5972 0.3500 0.0000 0.0527
009740 0.6039 0.3464 0.0000 0.0496
009760 0.6088 0.3396 0.0000 0.0516
009780 0.6085 0.3377 0.0000 0.0538
009800 0.6062 0.3404 0.0000 0.0534
009820 0.6029 0.3428 0.0000 0.0543
009840 0.5950 0.3491 0.0000 0.0559
009860 0.5916 0.3545 0.0000 0.0539
009880 0.5932 0.3531 0.0000 0.0537
009900 0.5942 0.3516 0.0000 0.0542
009920 0.5986 0.3488 0.0000 0.0526
009940 0.6046 0.3436 0.0000 0.0518
009960 0.6078 0.3381 0.0000 0.0541
009980 0.5972 0.3450 0.0000 0.0578
010000 0.5876 0.3560 0.0000 0.0565
010020 0.5800 0.3645 0.0000 0.0554
010040 0.5828 0.3628 0.0000 0.0543
010060 0.5847 0.3622 0.0000 0.0531
010080 0.5847 0.3622 0.0000 0.0531
010100 0.5847 0.3622 0.0000 0.0531
010120 0.5847 0.3622 0.0000 0.0531
010140 0.5847 0.3622 0.0000 0.0531
010160 0.5847 0.3622 0.0000 0.0531
010180 0.5847 0.3622 0.0000 0.0531
010200 0.5847 0.3622 0.0000 0.0531
010220 0.5847 0.3622 0.0000 0.0531
010240 0.5847 0.3622 0.0000 0.0531
010260 0.5847 0.3622 0.0000 0.0531
010280 0.5847 0.3622 0.0000 0.0531
010300 0.5847 0.3622 0.0000 0.0531
010320 0.5847 0.3622 0.0000 0.0531
010340 0.5847 0.3622 0.0000 0.0531
010360 0.5847 0.3622 0.0000 0.0531
010380 0.5847 0.3622 0.0000 0.0531
010400 0.5847 0.3622 0.0000 0.0531
010420 0.5847 0.3622 0.0000 0.0531
010440 0.5847 0.3622 0.0000 0.0531
010460 0.5847 0.3622 0.0000 0.0531
010480 0.5847 0.3622 0.0000 0.0531
010500 0.5847 0.3622 0.0000 0.0531
010520 0.5847 0.3622 0.0000 0.0531
010540 0.5847 0.3622 0.0000 0.0531
010560 0.5847 0.3622 0.0000 0.0531
010580 0.5847 0.3622 0.0000 0.0531
010600 0.5847 0.3622 0.0000 0.0531
010620 0.5847 0.3622 0.0000 0.0531
010640 0.5847 0.3622 0.0000 0.0531
010660 0.5847 0.3622 0.0000 0.0531
010680 0.5847 0.3622 0.0000 0.0531
010700 0.5847 0.3622 0.0000 0.0531
010720 0.5847 0.3622 0.0000 0.0531
010740 0.5847 0.3622 0.0000 0.0531
010760 0.5847 0.3622 0.0000 0.0531
010780 0.5847 0.3622 0.0000 0.0531
010800 0.5847 0.3622 0.0000 0.0531
010820 0.5847 0.3622 0.0000 0.0531
010840 0.5847 0.3622 0.0000 0.0531
010860 0.5847 0.3622 0.0000 0.0531
010880 0.5847 0.3622 0.0000 0.0531
010900 0.5847 0.3622 0.0000 0.0531
010920 0.5847 0.3622 0.0000 0.0531
010940 0.5847 0.3622 0.0000 0.0531
010960 0.5847 0.3622 0.0000 0.0531
010980 0.5847 0.3622 0.0000 0.0531
011000 0.5847 0.3622 0.0000 0.0531
011020 0.5847 0.3622 0.0000 0.0531
011040 0.5847 0.3622 0.0000 0.0531
011060 0.5847 0.3622 0.0000 0.0531
011080 0.5847 0.3622 0.0000 0.0531
011100 0.5847 0.3622 0.0000 0.0531
011120 0.5847 0.3622 0.0000 0.0531
011140 0.5847 0.3622 0.0000 0.0531
011160 0.5847 0.3622 0.0000 0.0531
011180 0.5847 0.3622 0.0000 0.0531
011200 0.5847 0.3622 0.0000 0.0531
011220 0.5847 0.3622 0.0000 0.0531
011240 0.5847 0.3622 0.0000 0.0531
011260 0.5847 0.3622 0.0000 0.0531
011280 0.5847 0.3622 0.0000 0.0531
011300 0.5847 0.3622 0.0000 0.0531
011320 0.5847 0.3622 0.0000 0.0531
011340 0.5847 0.3622 0.0000 0.0531
011360 0.5847 0.3622 0.0000 0.0531
011380 0.5847 0.3622 0.0000 0.0531
011400 0.5847 0.3622 0.0000 0.0531
011420 0.5847 0.3622 0.0000 0.0531
011440 0.5847 0.3622 0.0000 0.0531
011460 0.5847 0.3622 0.0000 0.0531
011480 0.5847 0.3622 0.0000 0.0531
011500 0.5847 0.3622 0.0000 0.0531
011520 0.5847 0.3622 0.0000 0.0531
011540 0.5847 0.3622 0.0000 0.0531
011560 0.5847 0.3622 0.0000 0.0531
011580 0.5847 0.3622 0.0000 0.0531
011600 0.5847 0.3622 0.0000 0.0531
011620 0.5847 0.3622 0.0000 0.0531
011640 0.5847 0.3622 0.0000 0.0531
011660 0.5847 0.3622 0.0000 0.0531
011680 0.5847 0.3622 0.0000 0.0531
011700 0.5847 0.3622 0.0000 0.0531
011720 0.5847 0.3622 0.0000 0.0531
011740 0.5847 0.3622 0.0000 0.0531
011760 0.5847 0.3622 0.0000 0.0531
011780 0.5847 0.3622 0.0000 0.0531
011800 0.5847 0.3622 0.0000 0.0531
011820 0.5847 0.3622 0.0000 0.0531
011840 0.5847 0.3622 0.0000 0.0531
011860 0.5847 0.3622 0.0000 0.0531
011880 0.5847 0.3622 0.0000 0.0531
011900 0.5847 0.3622 0.0000 0.0531
011920 0.5847 0.3622 0.0000 0.0531
011940 0.5847 0.3622 0.0000 0.0531
011960 0.5847 0.3622 0.0000 0.0531
011980 0.5847 0.3622 0.0000 0.0531
012000 0.5847 0.3622 0.0000 0.0531
012020 0.5847 0.3622 0.0000 0.0531
012040 0.5847 0.3622 0.0000 0.0531
012060 0.5847 0.3622 0.0000 0.0531
012080 0.5847 0.3622 0.0000 0.0531
012100 0.5847 0.3622 0.0000 0.0531
012120 0.5847 0.3622 0.0000 0.0531
012140 0.5847 0.3622 0.0000 0.0531
012160 0.5847 0.3622 0.0000 0.0531
012180 0.5847 0.3622 0.0000 0.0531
012200 0.5847 0.3622 0.0000 0.0531
012220 0.5847 0.3622 0.0000 0.0531
012240 0.5847 0.3622 0.0000 0.0531
012260 0.5847 0.3622 0.0000 0.0531
012280 0.5847 0.3622 0.0000 0.0531
012300 0.5847 0.3622 0.0000 0.0531
012320 0.5847 0.3622 0.0000 0.0531
012340 0.5847 0.3622 0.0000 0.0531
012360 0.5847 0.3622 0.0000 0.0531
012380 0.5847 0.3622 0.0000 0.0531
012400 0.5847 0.3622 0.0000 0.0531
012420 0.5847 0.3622 0.0000 0.0531
012440 0.5847 0.3622 0.0000 0.0531
012460 0.5847 0.3622 0.0000 0.0531
012480 0.5847 0.3622 0.0000 0.0531
012500 0.5847 0.3622 0.0000 0.0531
012520 0.5847 0.3622 0.0000 0.0531
012540 0.5847 0.3622 0.0000 0.0531
012560 0.5847 0.3622 0.0000 0.0531
012580 0.5847 0.3622 0.0000 0.0531
012600 0.5847 0.3622 0.0000 0.0531
012620 0.5847 0.3622 0.0000 0.0531
012640 0.5847 0.3622 0.0000 0.0531
012660 0.5847 0.3622 0.0000 0.0531
012680 0.5847 0.3622 0.0000 0.0531
012700 0.5847 0.3622 0.0000 0.0531
012720 0.5847 0.3622 0.0000 0.0531
012740 0.5847 0.3622 0.0000 0.0531
012760 0.5847 0.3622 0.0000 0.0531
012780 0.5847 0.3622 0.0000 0.0531
012800 0.5847 0.3622 0.0000 0.0531
012820 0.5847 0.3622 0.0000 0.0531
012840 0.5847 0.3622 0.0000 0.0531
012860 0.5847 0.3622 0.0000 0.0531
012880 0.5847 0.3622 0.0000 0.0531
012900 0.5847 0.3622 0.0000 0.0531
012920 0.5847 0.3622 0.0000 0.0531
012940 0.5847 0.3622 0.0000 0.0531
012960 0.5847 0.3622 0.0000 0.0531
012980 0.5847 0.3622 0.0000 0.0531
013000 0.5847 0.3622 0.0000 0.0531
013020 0.5847 0.3622 0.0000 0.0531
013040 0.5847 0.3622 0.0000 0.0531
013060 0.5847 0.3622 0.0000 0.0531
013080 0.5847 0.3622 0.0000 0.0531
013100 0.5847 0.3622 0.0000 0.0531
013120 0.5847 0.3622 0.0000 0.0531
013140 0.5847 0.3622 0.0000 0.0531
013160 0.5847 0.3622 0.0000 0.0531
013180 0.5847 0.3622 0.0000 0.0531
013200 0.5847 0.3622 0.0000 0.0531
013220 0.5847 0.3622 0.0000 0.0531
013240 0.5847 0.3622 0.0000 0.0531
013260 0.5847 0.3622 0.0000 0.0531
013280 0.5847 0.3622 0.0000 0.0531
013300 0.5847 0.3622 0.0000 0.0531
013320 0.5847 0.3622 0.0000 0.0531
013340 0.5847 0.3622 0.0000 0.0531
013360 0.5847 0.3622 0.0000 0.0531
013380 0.5847 0.3622 0.0000 0.0531
013400 0.5847 0.3622 0.0000 0.0531
013420 0.5847 0.3622 0.0000 0.0531
013440 0.5847 0.3622 0.0000 0.0531
013460 0.5847 0.3622 0.0000 0.0531
013480 0.5847 0.3622 0.0000 0.0531
013500 0.5847 0.3622 0.0000 0.0531
013520 0.5847 0.3622 0.0000 0.0531
013540 0.5847 0.3622 0.0000 0.0531
013560 0.5847 0.3622 0.0000 0.0531
013580 0.5847 0.3622 0.0000 0.0531
013600 0.5847 0.3622 0.0000 0.0531
013620 0.5847 0.3622 0.0000 0.0531
013640 0.5847 0.3622 0.0000 0.0531
013660 0.5847 0.3622 0.0000 0.0531
013680 0.5847 0.3622 0.0000 0.0531
013700 0.5847 0.3622 0.0000 0.0531
013720 0.5847 0.3622 0.0000 0.0531
013740 0.5847 0.3622 0.0000 0.0531
013760 0.5847 0.3622 0.0000 0.0531
013780 0.5847 0.3622 0.0000 0.0531
013800 0.5847 0.3622 0.0000 0.0531
013820 0.5847 0.3622 0.0000 0.0531
013840 0.5847 0.3622 0.0000 0.0531
013860 0.5847 0.3622 0.0000 0.0531
013880 0.5847 0.3622 0.0000 0.0531
013900 0.5847 0.3622 0.0000 0.0531
013920 0.5847 0.3622 0.0000 0.0531
013940 0.5847 0.3622 0.0000 0.0531
013960 0.5847 0.3622 0.0000 0.0531
013980 0.5847 0.3622 0.0000 0.0531
014000 0.5847 0.3622 0.0000 0.0531
014020 0.5847 0.3622 0.0000 0.0531
014040 0.5847 0.3622 0.0000 0.0531
014060 0.5847 0.3622 0.0000 0.0531
014080 0.5847 0.3622 0.0000 0.0531
014100 0.5847 0.3622 0.0000 0.0531
014120 0.5847 0.3622 0.0000 0.0531
014140 0.5847 0.3622 0.0000 0.0531
014160 0.5847 0.3622 0.0000 0.0531
014180 0.5847 0.3622 0.0000 0.0531
014200 0.5847 0.3622 0.0000 0.0531
014220 0.5847 0.3622 0.0000 0.0531
014240 0.5847 0.3622 0.0000 0.0531
014260 0.5847 0.3622 0.0000 0.0531
014280 0.5847 0.3622 0.0000 0.0531
014300 0.5847 0.3622 0.0000 0.0531
014320 0.5847 0.3622 0.0000 0.0531
014340 0.5847 0.3622 0.0000 0.0531
014360 0.5847 0.3622 0.0000 0.0531
014380 0.5847 0.3622 0.0000 0.0531
014400 0.5847 0.3622 0.0000 0.0531
014420 0.5847 0.3622 0.0000 0.0531
014440 0.5847 0.3622 0.0000 0.0531
014460 0.5847 0.3622 0.0000 0.0531
014480 0.5847 0.3622 0.0000 0.0531
014500 0.5847 0.3622 0.0000 0.0531
014520 0.5847 0.3622 0.0000 0.0531
014540 0.5847 0.3622 0.0000 0.0531
014560 0.5847 0.3622 0.0000 0.0531
014580 0.5847 0.3622 0.0000 0.0531
014600 0.5847 0.3622 0.0000 0.0531
014620 0.5847 0.3622 0.0000 0.0531
014640 0.5847 0.3622 0.0000 0.0531
014660 0.5847 0.3622 0.0000 0.0531
014680 0.5847 0.3622 0.0000 0.0531
014700 0.5847 0.3622 0.0000 0.0531
014720 0.5847 0.3622 0.0000 0.0531
014740 0.5847 0.3622 0.0000 0.0531
014760 0.5847 0.3622 0.0000 0.0531
014780 0.5847 0.3622 0.0000 0.0531
014800 0.5847 0.3622 0.0000 0.0531
014820 0.5847 0.3622 0.0000 0.0531
014840 0.5847 0.3622 0.0000 0.0531
014860 0.5847 0.3622 0.0000 0.0531
014880 0.5847 0.3622 0.0000 0.0531
014900 0.5847 0.3622 0.0000 0.0531
014920 0.5847 0.3622 0.0000 0.0531
014940 0.5847 0.3622 0.0000 0.0531
014960 0.5847 0.3622 0.0000 0.0531
014980 0.5847 0.3622 0.0000 0.0531
015000 0.5847 0.3622 0.0000 0.0531
015020 0.5847 0.3622 0.0000 0.0531
015040 0.5847 0.3622 0.0000 0.0531
015060 0.5847 0.3622 0.0000 0.0531
015080 0.5847 0.3622 0.0000 0.0531
015100 0.5847 0.3622 0.0000 0.0531
015120 0.5847 0.3622 0.0000 0.0531
015140 0.5847 0.3622 0.0000 0.0531
015160 0.5847 0.3622 0.0000 0.0531
015180 0.5847 0.3622 0.0000 0.0531
015200 0.5847 0.3622 0.0000 0.0531
015220 0.5847 0.3622 0.0000 0.0531
015240 0.5847 0.3622 0.0000 0.0531
015260 0.5847 0.3622 0.0000 0.0531
015280 0.5847 0.3622 0.0000 0.0531
015300 0.5847 0.3622 0.0000 0.0531
015320 0.5847 0.3622 0.0000 0.0531
015340 0.5847 0.3622 0.0000 0.0531
015360 0.5847 0.3622 0.0000 0.0531
015380 0.5847 0.3622 0.0000 0.0531
015400 0.5847 0.3622 0.0000 0.0531
015420 0.5847 0.3622 0.0000 0.0531
015440 0.5847 0.3622 0.0000 0.0531
015460 0.5847 0.3622 0.0000 0.0531
015480 0.5847 0.3622 0.0000 0.0531
015500 0.5847 0.3622 0.0000 0.0531
015520 0.5847 0.3622 0.0000 0.0531
015540 0.5847 0.3622 0.0000 0.0531
015560 0.5847 0.3622 0.0000 0.0531
015580 0.5847 0.3622 0.0000 0.0531
015600 0.5847 0.3622 0.0000 0.0531
015620 0.5847 0.3622 0.0000 0.0531
015640 0.5847 0.3622 0.0000 0.0531
015660 0.5847 0.3622 0.0000 0.0531
015680 0.5847 0.3622 0.0000 0.0531
015700 0.5847 0.3622 0.0000 0.0531
015720 0.5847 0.3622 0.0000 0.0531
015740 0.5847 0.3622 0.0000 0.0531
015760 0.5847 0.3622 0.0000 0.0531
015780 0.5847 0.3622 0.0000 0.0531
015800 0.5847 0.3622 0.0000 0.0531
015820 0.5847 0.3622 0.0000 0.0531
015840 0.5847 0.3622 0.0000 0.0531
015860 0.5847 0.3622 0.0000 0.0531
015880 0.5847 0.3622 0.0000 0.0531
015900 0.5847 0.3622 0.0000 0.0531
015920 0.5847 0.3622 0.0000 0.0531
015940 0.5847 0.3622 0.0000 0.0531
015960 0.5847 0.3622 0.0000 0.0531
015980 0.5847 0.3622 0.0000 0.0531
016000 0.5847 0.3622 0.0000 0.0531
016020 0.5847 0.3622 0.0000 0.0531
016040 0.5847 0.3622 0.0000 0.0531
016060 0.5847 0.3622 0.0000 0.0531
016080 0.5847 0.3622 0.0000 0.0531
016100 0.5847 0.3622 0.0000 0.0531
016120 0.5847 0.3622 0.0000 0.0531
016140 0.5847 0.3622 0.0000 0.0531
016160 0.5847 0.3622 0.0000 0.0531
016180 0.5847 0.3622 0.0000 0.0531
016200 0.5847 0.3622 0.0000 0.0531
016220 0.5847 0.3622 0.0000 0.0531
016240 0.5847 0.3622 0.0000 0.0531
016260 0.5847 0.3622 0.0000 0.0531
016280 0.5847 0.3622 0.0000 0.0531
016300 0.5847 0.3622 0.0000 0.0531
016320 0.5847 0.3622 0.0000 0.0531
016340 0.5847 0.3622 0.0000 0.0531
016360 0.5847 0.3622 0.0000 0.0531
016380 0.5847 0.3622 0.0000 0.0531
016400 0.5847 0.3622 0.0000 0.0531
016420 0.5847 0.3622 0.0000 0.0531
016440 0.5847 0.3622 0.0000 0.0531
016460 0.5847 0.3622 0.0000 0.0531
016480 0.5847 0.3622 0.0000 0.0531
016500 0.5847 0.3622 0.0000 0.0531
016520 0.5847 0.3622 0.0000 0.0531
016540 0.5847 0.3622 0.0000 0.0531
016560 0.5847 0.3622 0.0000 0.0531
016580 0.5847 0.3622 0.0000 0.0531
016600 0.5847 0.3622 0.0000 0.0531
016620 0.5847 0.3622 0.0000 0.0531
016640 0.5847 0.3622 0.0000 0.0531
016660 0.5847 0.3622 0.0000 0.0531
016680 0.5847 0.3622 0.0000 0.0531
016700 0.5847 0.3622 0.0000 0.0531
016720 0.5847 0.3622 0.0000 0.0531
016740 0.5847 0.3622 0.0000 0.0531
016760 0.5847 0.3622 0.0000 0.0531
016780 0.5847 0.3622 0.0000 0.0531
016800 0.5847 0.3622 0.0000 0.0531
016820 0.5847 0.3622 0.0000 0.0531
016840 0.5847 0.3622 0.0000 0.0531
016860 0.5847 0.3622 0.0000 0.0531
016880 0.5847 0.3622 0.0000 0.0531
016900 0.5847 0.3622 0.0000 0.0531
016920 0.5847 0.3622 0.0000 0.0531
016940 0.5847 0.3622 0.0000 0.0531
016960 0.5847 0.3622 0.0000 0.0531
016980 0.5847 0.3622 0.0000 0.0531
017000 0.5847 0.3622 0.0000 0.0531
017020 0.5847 0.3622 0.0000 0.0531
017040 0.5847 0.3622 0.0000 0.0531
017060 0.5847 0.3622 0.0000 0.0531
017080 0.5847 0.3622 0.0000 0.0531
017100 0.5847 0.3622 0.0000 0.0531
017120 0.5847 0.3622 0.0000 0.0531
017140 0.5847 0.3622 0.0000 0.0531
017160 0.5847 0.3622 0.0000 0.0531
017180 0.5847 0.3622 0.0000 0.0531
017200 0.5847 0.3622 0.0000 0.0531
017220 0.5847 0.3622 0.0000 0.0531
017240 0.5847 0.3622 0.0000 0.0531
017260 0.5847 0.3622 0.0000 0.0531
017280 0.5847 0.3622 0.0000 0.0531
017300 0.5847 0.3622 0.0000 0.0531
017320 0.5847 0.3622 0.0000 0.0531
017340 0.5847 0.3622 0.0000 0.0531
017360 0.5847 0.3622 0.0000 0.0531
017380 0.5847 0.3622 0.0000 0.0531
017400 0.5847 0.3622 0.0000 0.0531
017420 0.5847 0.3622 0.0000 0.0531
017440 0.5847 0.3622 0.0000 0.0531
017460 0.5847 0.3622 0.0000 0.0531
017480 0.5847 0.3622 0.0000 0.0531
017500 0.5847 0.3622 0.0000 0.0531
017520 0.5847 0.3622 0.0000 0.0531
017540 0.5847 0.3622 0.0000 0.0531
017560 0.5847 0.3622 0.0000 0.0531
017580 0.5847 0.3622 0.0000 0.0531
017600 0.5847 0.3622 0.0000 0.0531
017620 0.5847 0.3622 0.0000 0.0531
017640 0.5847 0.3622 0.0000 0.0531
017660 0.5847 0.3622 0.0000 0.0531
017680 0.5847 0.3622 0.0000 0.0531
017700 0.5847 0.3622 0.0000 0.0531
017720 0.5847 0.3622 0.0000 0.0531
017740 0.5847 0.3622 0.0000 0.0531
017760 0.5847 0.3622 0.0000 0.0531
017780 0.5847 0.3622 0.0000 0.0531
017800 0.5847 0.3622 0.0000 0.0531
017820 0.5847 0.3622 0.0000 0.0531
017840 0.5847 0.3622 0.0000 0.0531
017860 0.5847 0.3622 0.0000 0.0531
017880 0.5847 0.3622 0.0000 0.0531
017900 0.5847 0.3622 0.0000 0.0531
017920 0.5847 0.3622 0.0000 0.0531
017940 0.5847 0.3622 0.0000 0.0531
017960 0.5847 0.3622 0.0000 0.0531
017980 0.5847 0.3622 0.0000 0.0531
018000 0.5847 0.3622 0.0000 0.0531
018020 0.5847 0.3622 0.0000 0.0531
018040 0.5847 0.3622 0.0000 0.0531
018060 0.5847 0.3622 0.0000 0.0531
018080 0.5847 0.3622 0.0000 0.0531
018100 0.5847 0.3622 0.0000 0.0531
018120 0.5847 0.3622 0.0000 0.0531
018140 0.5847 0.3622 0.0000 0.0531
018160 0.5847 0.3622 0.0000 0.0531
018180 0.5847 0.3622 0.0000 0.0531
018200 0.5847 0.3622 0.0000 0.0531
018220 0.5847 0.3622 0.0000 0.0531
018240 0.5847 0.3622 0.0000 0.0531
018260 0.5847 0.3622 0.0000 0.0531
018280 0.5847 0.3622 0.0000 0.0531
018300 0.5847 0.3622 0.0000 0.0531
018320 0.5847 0.3622 0.0000 0.0531
018340 0.5847 0.3622 0.0000 0.0531
018360 0.5847 0.3622 0.0000 0.0531
018380 0.5847 0.3622 0.0000 0.0531
018400 0.5847 0.3622 0.0000 0.0531
018420 0.5847 0.3622 0.0000 0.0531
018440 0.5847 0.3622 0.0000 0.0531
018460 0.5847 0.3622 0.0000 0.0531
018480 0.5847 0.3622 0.0000 0.0531
018500 0.5847 0.3622 0.0000 0.0531
018520 0.5847 0.3622 0.0000 0.0531
018540 0.5847 0.3622 0.0000 0.0531
018560 0.5847 0.3622 0.0000 0.0531
018580 0.5847 0.3622 0.0000 0.0531
018600 0.5847 0.3622 0.0000 0.0531
018620 0.5847 0.3622 0.0000 0.0531
018640 0.5847 0.3622 0.0000 0.0531
018660 0.5847 0.3622 0.0000 0.0531
018680 0.5847 0.3622 0.0000 0.0531
018700 0.5847 0.3622 0.0000 0.0531
018720 0.5847 0.3622 0.0000 0.0531
018740 0.5847 0.3622 0.0000 0.0531
018760 0.5847 0.3622 0.0000 0.0531
018780 0.5847 0.3622 0.0000 0.0531
018800 0.5847 0.3622 0.0000 0.0531
018820 0.5847 0.3622 0.0000 0.0531
018840 0.5847 0.3622 0.0000 0.0531
018860 0.5847 0.3622 0.0000 0.0531
018880 0.5847 0.3622 0.0000 0.0531
018900 0.5847 0.3622 0.0000 0.0531
018920 0.5847 0.3622 0.0000 0.0531
018940 0.5847 0.3622 0.0000 0.0531
018960 0.5847 0.3622 0.0000 0.0531
018980 0.5847 0.3622 0.0000 0.0531
019000 0.5847 0.3622 0.0000 0.0531
019020 0.5847 0.3622 0.0000 0.0531
019040 0.5847 0.3622 0.0000 0.0531
019060 0.5847 0.3622 0.0000 0.0531
019080 0.5847 0.3622 0.0000 0.0531
019100 0.5847 0.3622 0.0000 0.0531
019120 0.5847 0.3622 0.0000 0.0531
019140 0.5847 0.3622 0.0000 0.0531
019160 0.5847 0.3622 0.0000 0.0531
019180 0.5847 0.3622 0.0000 0.0531
019200 0.5847 0.3622 0.0000 0.0531
019220 0.5847 0.3622 0.0000 0.0531
019240 0.5847 0.3622 0.0000 0.0531
019260 0.5847 0.3622 0.0000 0.0531
019280 0.5847 0.3622 0.0000 0.0531
019300 0.5847 0.3622 0.0000 0.0531
019320 0.5847 0.3622 0.0000 0.0531
019340 0.5847 0.3622 0.0000 0.0531
019360 0.5847 0.3622 0.0000 0.0531
019380 0.5847 0.3622 0.0000 0.0531
019400 0.5847 0.3622 0.0000 0.0531
019420 0.5847 0.3622 0.0000 0.0531
019440 0.5847 0.3622 0.0000 0.0531
019460 0.5847 0.3622 0.0000 0.0531
019480 0.5847 0.3622 0.0000 0.0531
019500 0.5847 0.3622 0.0000 0.0531
019520 0.5847 0.3622 0.0000 0.0531
019540 0.5847 0.3622 0.0000 0.0531
019560 0.5847 0.3622 0.0000 0.0531
019580 0.5847 0.3622 0.0000 0.0531
019600 0.5847 0.3622 0.0000 0.0531
019620 0.5847 0.3622 0.0000 0.0531
019640 0.5847 0.3622 0.0000 0.0531
019660 0.5847 0.3622 0.0000 0.0531
019680 0.5847 0.3622 0.0000 0.0531
019700 0.5847 0.3622 0.0000 0.0531
019720 0.5847 0.3622 0.0000 0.0531
019740 0.5847 0.3622 0.0000 0.0531
019760 0.5847 0.3622 0.0000 0.0531
019780 0.5847 0.3622 0.0000 0.0531
019800 0.5847 0.3622 0.0000 0.0531
019820 0.5847 0.3622 0.0000 0.0531
019840 0.5847 0.3622 0.0000 0.0531
019860 0.5847 0.3622 0.0000 0.0531
019880 0.5847 0.3622 0.0000 0.0531
019900 0.5847 0.3622 0.0000 0.0531
019920 0.5847 0.3622 0.0000 0.0531
019940 0.5847 0.3622 0.0000 0.0531
019960 0.5847 0.3622 0.0000 0.0531
019980 0.5847 0.3622 0.0000 0.0531
020000 0.5847 0.3622 0.0000 0.0531
