000000 0.2500 0.2500 0.2500 0.2500
000020 0.2600 0.2595 0.2291 0.2515
000040 0.2710 0.2704 0.2074 0.2512
000060 0.2809 0.2816 0.1865 0.2510
000080 0.2898 0.2936 0.1671 0.2495
000100 0.2975 0.3070 0.1485 0.2470
000120 0.3041 0.3201 0.1306 0.2452
000140 0.3096 0.3348 0.1142 0.2414
000160 0.3143 0.3500 0.0983 0.2373
000180 0.3179 0.3660 0.0839 0.2322
000200 0.3204 0.3823 0.0707 0.2266
000220 0.3218 0.3996 0.0581 0.2205
000240 0.3211 0.4187 0.0470 0.2132
000260 0.3201 0.4379 0.0371 0.2049
000280 0.3170 0.4590 0.0286 0.1954
000300 0.3141 0.4793 0.0208 0.1858
000320 0.3080 0.5022 0.0143 0.1755
000340 0.3010 0.5261 0.0090 0.1639
000360 0.2919 0.5523 0.0048 0.1510
000380 0.2822 0.5773 0.0020 0.1385
000400 0.2713 0.6045 0.0004 0.1238
000420 0.2606 0.6310 0.0000 0.1084
000440 0.2521 0.6574 0.0000 0.0905
000460 0.2463 0.6796 0.0000 0.0741
000480 0.2432 0.6959 0.0000 0.0610
000500 0.2438 0.7073 0.0000 0.0489
000520 0.2458 0.7160 0.0000 0.0382
000540 0.2490 0.7206 0.0000 0.0304
000560 0.2550 0.7209 0.0000 0.0241
000580 0.2618 0.7207 0.0000 0.0175
000600 0.2707 0.7152 0.0000 0.0141
000620 0.2815 0.7078 0.0000 0.0107
000640 0.2901 0.7007 0.0000 0.0091
000660 0.2993 0.6915 0.0000 0.0092
000680 0.3072 0.6835 0.0000 0.0092
000700 0.3150 0.6754 0.0000 0.0097
000720 0.3233 0.6666 0.0000 0.0101
000740 0.3329 0.6573 0.0000 0.0098
000760 0.3408 0.6494 0.0000 0.0098
000780 0.3482 0.6418 0.0000 0.0100
000800 0.3529 0.6364 0.0000 0.0107
000820 0.3575 0.6306 0.0000 0.0119
000840 0.3599 0.6267 0.0000 0.0134
000860 0.3615 0.6246 0.0000 0.0139
000880 0.3617 0.6241 0.0000 0.0143
000900 0.3630 0.6226 0.0000 0.0144
000920 0.3663 0.6194 0.0000 0.0142
000940 0.3703 0.6143 0.0000 0.0154
000960 0.3749 0.6089 0.0000 0.0161
000980 0.3789 0.6042 0.0000 0.0169
001000 0.3796 0.6033 0.0000 0.0171
001020 0.3825 0.6006 0.0000 0.0169
001040 0.3848 0.5974 0.0000 0.0178
001060 0.3895 0.5934 0.0000 0.0171
001080 0.3935 0.5892 0.0000 0.0174
001100 0.3979 0.5845 0.0000 0.0176
001120 0.4075 0.5758 0.0000 0.0167
001140 0.4178 0.5647 0.0000 0.0176
001160 0.4236 0.5583 0.0000 0.0181
001180 0.4315 0.5504 0.0000 0.0181
001200 0.4347 0.5460 0.0000 0.0194
001220 0.4407 0.5394 0.0000 0.0199
001240 0.4460 0.5337 0.0000 0.0203
001260 0.4530 0.5278 0.0000 0.0192
001280 0.4604 0.5204 0.0000 0.0192
001300 0.4660 0.5125 0.0000 0.0215
001320 0.4671 0.5105 0.0000 0.0224
001340 0.4679 0.5085 0.0000 0.0236
001360 0.4700 0.5059 0.0000 0.0241
001380 0.4731 0.5017 0.0000 0.0252
001400 0.4784 0.4973 0.0000 0.0243
001420 0.4838 0.4915 0.0000 0.0247
001440 0.4904 0.4857 0.0000 0.0239
001460 0.4978 0.4801 0.0000 0.0221
001480 0.5093 0.4681 0.0000 0.0226
001500 0.5185 0.4576 0.0000 0.0239
001520 0.5271 0.4477 0.0000 0.0252
001540 0.5354 0.4403 0.0000 0.0243
001560 0.5409 0.4336 0.0000 0.0255
001580 0.5430 0.4297 0.0000 0.0273
001600 0.5454 0.4279 0.0000 0.0267
001620 0.5523 0.4214 0.0000 0.0262
001640 0.5616 0.4142 0.0000 0.0242
001660 0.5734 0.4016 0.0000 0.0251
001680 0.5814 0.3922 0.0000 0.0264
001700 0.5894 0.3846 0.0000 0.0259
001720 0.5977 0.3753 0.0000 0.0269
001740 0.6007 0.3703 0.0000 0.0289
001760 0.6018 0.3681 0.0000 0.0301
001780 0.5994 0.3693 0.0000 0.0313
001800 0.5955 0.3731 0.0000 0.0314
001820 0.5899 0.3767 0.0000 0.0334
001840 0.5849 0.3804 0.0000 0.0347
001860 0.5815 0.3838 0.0000 0.0347
001880 0.5792 0.3876 0.0000 0.0332
001900 0.5797 0.3892 0.0000 0.0311
001920 0.5846 0.3865 0.0000 0.0289
001940 0.5908 0.3818 0.0000 0.0274
001960 0.5996 0.3731 0.0000 0.0273
001980 0.6087 0.3641 0.0000 0.0272
002000 0.6123 0.3569 0.0000 0.0309
002020 0.6121 0.3558 0.0000 0.0321
002040 0.6084 0.3583 0.0000 0.0333
002060 0.6095 0.3576 0.0000 0.0329
002080 0.6042 0.3627 0.0000 0.0332
002100 0.6023 0.3656 0.0000 0.0321
002120 0.6038 0.3638 0.0000 0.0324
002140 0.6078 0.3609 0.0000 0.0313
002160 0.6154 0.3543 0.0000 0.0304
002180 0.6177 0.3518 0.0000 0.0306
002200 0.6198 0.3491 0.0000 0.0311
002220 0.6180 0.3509 0.0000 0.0311
002240 0.6158 0.3512 0.0000 0.0330
002260 0.6148 0.3531 0.0000 0.0321
002280 0.6117 0.3558 0.0000 0.0325
002300 0.6117 0.3552 0.0000 0.0332
002320 0.6108 0.3573 0.0000 0.0319
002340 0.6119 0.3572 0.0000 0.0309
002360 0.6168 0.3541 0.0000 0.0291
002380 0.6208 0.3500 0.0000 0.0292
002400 0.6267 0.3426 0.0000 0.0307
002420 0.6262 0.3402 0.0000 0.0337
002440 0.6203 0.3454 0.0000 0.0343
002460 0.6166 0.3500 0.0000 0.0334
002480 0.6116 0.3547 0.0000 0.0337
002500 0.6083 0.3583 0.0000 0.0334
002520 0.6087 0.3582 0.0000 0.0331
002540 0.6045 0.3602 0.0000 0.0353
002560 0.6041 0.3644 0.0000 0.0315
002580 0.6056 0.3626 0.0000 0.0319
002600 0.6026 0.3654 0.0000 0.0320
002620 0.6056 0.3638 0.0000 0.0306
002640 0.6102 0.3598 0.0000 0.0301
002660 0.6165 0.3549 0.0000 0.0286
002680 0.6252 0.3467 0.0000 0.0281
002700 0.6317 0.3386 0.0000 0.0297
002720 0.6313 0.3368 0.0000 0.0319
002740 0.6306 0.3382 0.0000 0.0312
002760 0.6269 0.3416 0.0000 0.0315
002780 0.6262 0.3433 0.0000 0.0305
002800 0.6232 0.3433 0.0000 0.0335
002820 0.6156 0.3499 0.0000 0.0345
002840 0.6108 0.3553 0.0000 0.0339
002860 0.6026 0.3631 0.0000 0.0343
002880 0.5953 0.3698 0.0000 0.0349
002900 0.5914 0.3751 0.0000 0.0336
002920 0.5925 0.3749 0.0000 0.0326
002940 0.5942 0.3737 0.0000 0.0321
002960 0.6002 0.3693 0.0000 0.0305
002980 0.6098 0.3615 0.0000 0.0287
003000 0.6224 0.3496 0.0000 0.0280
003020 0.6374 0.3367 0.0000 0.0259
003040 0.6503 0.3225 0.0000 0.0272
003060 0.6569 0.3154 0.0000 0.0277
003080 0.6602 0.3112 0.0000 0.0286
003100 0.6549 0.3137 0.0000 0.0314
003120 0.6464 0.3207 0.0000 0.0330
003140 0.6340 0.3298 0.0000 0.0362
003160 0.6138 0.3488 0.0000 0.0374
003180 0.5994 0.3643 0.0000 0.0363
003200 0.5900 0.3741 0.0000 0.0359
003220 0.5819 0.3816 0.0000 0.0365
003240 0.5796 0.3861 0.0000 0.0343
003260 0.5822 0.3857 0.0000 0.0320
003280 0.5908 0.3789 0.0000 0.0303
003300 0.6018 0.3695 0.0000 0.0287
003320 0.6129 0.3588 0.0000 0.0283
003340 0.6269 0.3457 0.0000 0.0274
003360 0.6345 0.3386 0.0000 0.0269
003380 0.6413 0.3315 0.0000 0.0272
003400 0.6432 0.3267 0.0000 0.0301
003420 0.6403 0.3289 0.0000 0.0308
003440 0.6350 0.3339 0.0000 0.0311
003460 0.6299 0.3386 0.0000 0.0315
003480 0.6259 0.3422 0.0000 0.0319
003500 0.6212 0.3472 0.0000 0.0315
003520 0.6193 0.3493 0.0000 0.0315
003540 0.6147 0.3524 0.0000 0.0329
003560 0.6090 0.3568 0.0000 0.0342
003580 0.6082 0.3594 0.0000 0.0323
003600 0.6122 0.3591 0.0000 0.0288
003620 0.6186 0.3511 0.0000 0.0304
003640 0.6206 0.3497 0.0000 0.0297
003660 0.6249 0.3464 0.0000 0.0286
003680 0.6275 0.3418 0.0000 0.0306
003700 0.6235 0.3431 0.0000 0.0334
003720 0.6161 0.3501 0.0000 0.0338
003740 0.6062 0.3585 0.0000 0.0353
003760 0.6005 0.3632 0.0000 0.0363
003780 0.5930 0.3716 0.0000 0.0354
003800 0.5916 0.3766 0.0000 0.0318
003820 0.5963 0.3736 0.0000 0.0301
003840 0.6051 0.3671 0.0000 0.0278
003860 0.6156 0.3569 0.0000 0.0274
003880 0.6293 0.3444 0.0000 0.0263
003900 0.6401 0.3330 0.0000 0.0269
003920 0.6449 0.3255 0.0000 0.0295
003940 0.6440 0.3236 0.0000 0.0324
003960 0.6370 0.3292 0.0000 0.0338
003980 0.6253 0.3395 0.0000 0.0352
004000 0.6179 0.3498 0.0000 0.0322
004020 0.6170 0.3522 0.0000 0.0308
004040 0.6185 0.3480 0.0000 0.0335
004060 0.6126 0.3514 0.0000 0.0360
004080 0.6041 0.3595 0.0000 0.0364
004100 0.5997 0.3660 0.0000 0.0343
004120 0.5964 0.3701 0.0000 0.0335
004140 0.5992 0.3698 0.0000 0.0310
004160 0.6098 0.3615 0.0000 0.0287
004180 0.6189 0.3524 0.0000 0.0287
004200 0.6267 0.3468 0.0000 0.0265
004220 0.6325 0.3393 0.0000 0.0282
004240 0.6336 0.3353 0.0000 0.0311
004260 0.6285 0.3393 0.0000 0.0323
004280 0.6256 0.3425 0.0000 0.0320
004300 0.6236 0.3437 0.0000 0.0326
004320 0.6244 0.3447 0.0000 0.0309
004340 0.6262 0.3427 0.0000 0.0311
004360 0.6220 0.3450 0.0000 0.0330
004380 0.6148 0.3509 0.0000 0.0343
004400 0.6091 0.3557 0.0000 0.0352
004420 0.5979 0.3660 0.0000 0.0361
004440 0.5913 0.3746 0.0000 0.0340
004460 0.5888 0.3774 0.0000 0.0338
004480 0.5934 0.3755 0.0000 0.0311
004500 0.6022 0.3685 0.0000 0.0292
004520 0.6134 0.3588 0.0000 0.0278
004540 0.6226 0.3482 0.0000 0.0292
004560 0.6265 0.3442 0.0000 0.0293
004580 0.6283 0.3407 0.0000 0.0309
004600 0.6265 0.3407 0.0000 0.0328
004620 0.6233 0.3424 0.0000 0.0343
004640 0.6148 0.3516 0.0000 0.0336
004660 0.6055 0.3589 0.0000 0.0356
004680 0.5978 0.3666 0.0000 0.0356
004700 0.5905 0.3748 0.0000 0.0347
004720 0.5906 0.3764 0.0000 0.0330
004740 0.5937 0.3749 0.0000 0.0315
004760 0.6018 0.3680 0.0000 0.0302
004780 0.6127 0.3589 0.0000 0.0284
004800 0.6209 0.3503 0.0000 0.0288
004820 0.6343 0.3388 0.0000 0.0269
004840 0.6392 0.3329 0.0000 0.0279
004860 0.6405 0.3284 0.0000 0.0311
004880 0.6373 0.3298 0.0000 0.0329
004900 0.6289 0.3369 0.0000 0.0342
004920 0.6211 0.3453 0.0000 0.0336
004940 0.6092 0.3554 0.0000 0.0354
004960 0.5989 0.3672 0.0000 0.0340
004980 0.5944 0.3715 0.0000 0.0340
005000 0.5914 0.3750 0.0000 0.0335
005020 0.5984 0.3701 0.0000 0.0315
005040 0.6092 0.3634 0.0000 0.0273
005060 0.6258 0.3475 0.0000 0.0267
005080 0.6375 0.3339 0.0000 0.0286
005100 0.6440 0.3270 0.0000 0.0290
005120 0.6413 0.3271 0.0000 0.0316
005140 0.6354 0.3316 0.0000 0.0330
005160 0.6234 0.3401 0.0000 0.0365
005180 0.6094 0.3525 0.0000 0.0381
005200 0.6007 0.3637 0.0000 0.0356
005220 0.5949 0.3694 0.0000 0.0357
005240 0.5899 0.3755 0.0000 0.0346
005260 0.5885 0.3785 0.0000 0.0330
005280 0.5897 0.3780 0.0000 0.0322
005300 0.5990 0.3710 0.0000 0.0300
005320 0.6104 0.3614 0.0000 0.0282
005340 0.6195 0.3520 0.0000 0.0285
005360 0.6249 0.3458 0.0000 0.0292
005380 0.6316 0.3404 0.0000 0.0280
005400 0.6362 0.3335 0.0000 0.0302
005420 0.6358 0.3327 0.0000 0.0316
005440 0.6334 0.3335 0.0000 0.0331
005460 0.6304 0.3374 0.0000 0.0322
005480 0.6267 0.3405 0.0000 0.0329
005500 0.6207 0.3455 0.0000 0.0338
005520 0.6091 0.3554 0.0000 0.0354
005540 0.5995 0.3668 0.0000 0.0337
005560 0.5965 0.3703 0.0000 0.0332
005580 0.5969 0.3714 0.0000 0.0317
005600 0.6052 0.3656 0.0000 0.0293
005620 0.6094 0.3597 0.0000 0.0309
005640 0.6128 0.3570 0.0000 0.0303
005660 0.6227 0.3495 0.0000 0.0278
005680 0.6348 0.3392 0.0000 0.0260
005700 0.6444 0.3271 0.0000 0.0285
005720 0.6466 0.3229 0.0000 0.0304
005740 0.6457 0.3236 0.0000 0.0307
005760 0.6392 0.3286 0.0000 0.0323
005780 0.6310 0.3358 0.0000 0.0332
005800 0.6236 0.3428 0.0000 0.0336
005820 0.6124 0.3499 0.0000 0.0377
005840 0.5945 0.3668 0.0000 0.0387
005860 0.5815 0.3817 0.0000 0.0368
005880 0.5765 0.3890 0.0000 0.0345
005900 0.5813 0.3873 0.0000 0.0314
005920 0.5923 0.3793 0.0000 0.0284
005940 0.6027 0.3679 0.0000 0.0294
005960 0.6109 0.3591 0.0000 0.0300
005980 0.6175 0.3526 0.0000 0.0299
006000 0.6207 0.3492 0.0000 0.0301
006020 0.6273 0.3448 0.0000 0.0278
006040 0.6341 0.3370 0.0000 0.0289
006060 0.6397 0.3311 0.0000 0.0292
006080 0.6425 0.3286 0.0000 0.0289
006100 0.6392 0.3294 0.0000 0.0314
006120 0.6282 0.3373 0.0000 0.0345
006140 0.6177 0.3472 0.0000 0.0351
006160 0.6080 0.3574 0.0000 0.0345
006180 0.6058 0.3622 0.0000 0.0320
006200 0.6076 0.3606 0.0000 0.0317
006220 0.6130 0.3556 0.0000 0.0314
006240 0.6149 0.3541 0.0000 0.0310
006260 0.6176 0.3521 0.0000 0.0304
006280 0.6194 0.3500 0.0000 0.0306
006300 0.6263 0.3460 0.0000 0.0276
006320 0.6372 0.3358 0.0000 0.0269
006340 0.6460 0.3266 0.0000 0.0274
006360 0.6473 0.3220 0.0000 0.0307
006380 0.6448 0.3219 0.0000 0.0334
006400 0.6382 0.3280 0.0000 0.0338
006420 0.6251 0.3383 0.0000 0.0366
006440 0.6095 0.3534 0.0000 0.0371
006460 0.5921 0.3694 0.0000 0.0385
006480 0.5866 0.3792 0.0000 0.0342
006500 0.5838 0.3836 0.0000 0.0326
006520 0.5904 0.3801 0.0000 0.0295
006540 0.6017 0.3706 0.0000 0.0277
006560 0.6168 0.3565 0.0000 0.0267
006580 0.6322 0.3410 0.0000 0.0268
006600 0.6428 0.3300 0.0000 0.0272
006620 0.6468 0.3244 0.0000 0.0288
006640 0.6498 0.3215 0.0000 0.0286
006660 0.6546 0.3180 0.0000 0.0273
006680 0.6548 0.3161 0.0000 0.0292
006700 0.6468 0.3212 0.0000 0.0320
006720 0.6388 0.3298 0.0000 0.0313
006740 0.6320 0.3340 0.0000 0.0340
006760 0.6222 0.3431 0.0000 0.0347
006780 0.6098 0.3556 0.0000 0.0346
006800 0.6069 0.3608 0.0000 0.0322
006820 0.6094 0.3596 0.0000 0.0311
006840 0.6110 0.3563 0.0000 0.0327
006860 0.6111 0.3570 0.0000 0.0319
006880 0.6151 0.3541 0.0000 0.0308
006900 0.6165 0.3525 0.0000 0.0309
006920 0.6199 0.3492 0.0000 0.0310
006940 0.6255 0.3457 0.0000 0.0288
006960 0.6297 0.3411 0.0000 0.0292
006980 0.6347 0.3357 0.0000 0.0296
007000 0.6350 0.3353 0.0000 0.0298
007020 0.6341 0.3344 0.0000 0.0315
007040 0.6274 0.3392 0.0000 0.0334
007060 0.6224 0.3442 0.0000 0.0334
007080 0.6162 0.3522 0.0000 0.0316
007100 0.6155 0.3542 0.0000 0.0303
007120 0.6184 0.3523 0.0000 0.0293
007140 0.6195 0.3498 0.0000 0.0307
007160 0.6212 0.3475 0.0000 0.0313
007180 0.6201 0.3471 0.0000 0.0328
007200 0.6176 0.3498 0.0000 0.0327
007220 0.6147 0.3522 0.0000 0.0331
007240 0.6093 0.3564 0.0000 0.0343
007260 0.6053 0.3617 0.0000 0.0330
007280 0.6021 0.3654 0.0000 0.0325
007300 0.6027 0.3647 0.0000 0.0326
007320 0.6058 0.3621 0.0000 0.0320
007340 0.6111 0.3590 0.0000 0.0299
007360 0.6140 0.3548 0.0000 0.0312
007380 0.6145 0.3531 0.0000 0.0324
007400 0.6141 0.3542 0.0000 0.0317
007420 0.6161 0.3535 0.0000 0.0304
007440 0.6163 0.3536 0.0000 0.0301
007460 0.6222 0.3482 0.0000 0.0297
007480 0.6287 0.3417 0.0000 0.0296
007500 0.6297 0.3399 0.0000 0.0304
007520 0.6293 0.3384 0.0000 0.0323
007540 0.6233 0.3452 0.0000 0.0315
007560 0.6233 0.3462 0.0000 0.0305
007580 0.6225 0.3449 0.0000 0.0325
007600 0.6175 0.3487 0.0000 0.0338
007620 0.6130 0.3532 0.0000 0.0338
007640 0.6140 0.3551 0.0000 0.0309
007660 0.6172 0.3520 0.0000 0.0308
007680 0.6165 0.3517 0.0000 0.0317
007700 0.6161 0.3514 0.0000 0.0325
007720 0.6125 0.3539 0.0000 0.0336
007740 0.6097 0.3578 0.0000 0.0326
007760 0.6074 0.3610 0.0000 0.0316
007780 0.6029 0.3640 0.0000 0.0331
007800 0.5986 0.3672 0.0000 0.0342
007820 0.5979 0.3682 0.0000 0.0339
007840 0.6041 0.3649 0.0000 0.0310
007860 0.6109 0.3595 0.0000 0.0296
007880 0.6214 0.3504 0.0000 0.0282
007900 0.6314 0.3415 0.0000 0.0271
007920 0.6373 0.3343 0.0000 0.0284
007940 0.6372 0.3312 0.0000 0.0317
007960 0.6334 0.3346 0.0000 0.0320
007980 0.6317 0.3367 0.0000 0.0316
008000 0.6271 0.3408 0.0000 0.0321
008020 0.6219 0.3463 0.0000 0.0318
008040 0.6179 0.3504 0.0000 0.0317
008060 0.6160 0.3517 0.0000 0.0323
008080 0.6149 0.3528 0.0000 0.0324
008100 0.6132 0.3541 0.0000 0.0326
008120 0.6154 0.3537 0.0000 0.0309
008140 0.6181 0.3523 0.0000 0.0296
008160 0.6205 0.3488 0.0000 0.0307
008180 0.6185 0.3476 0.0000 0.0338
008200 0.6108 0.3537 0.0000 0.0355
008220 0.6084 0.3586 0.0000 0.0330
008240 0.6045 0.3640 0.0000 0.0315
008260 0.6030 0.3652 0.0000 0.0319
008280 0.6044 0.3632 0.0000 0.0324
008300 0.6065 0.3606 0.0000 0.0328
008320 0.6106 0.3586 0.0000 0.0308
008340 0.6128 0.3580 0.0000 0.0292
008360 0.6169 0.3536 0.0000 0.0296
008380 0.6227 0.3467 0.0000 0.0306
008400 0.6245 0.3434 0.0000 0.0321
008420 0.6214 0.3480 0.0000 0.0306
008440 0.6224 0.3473 0.0000 0.0303
008460 0.6229 0.3456 0.0000 0.0315
008480 0.6233 0.3467 0.0000 0.0299
008500 0.6207 0.3468 0.0000 0.0326
008520 0.6208 0.3476 0.0000 0.0316
008540 0.6175 0.3506 0.0000 0.0319
008560 0.6183 0.3510 0.0000 0.0306
008580 0.6127 0.3542 0.0000 0.0332
008600 0.6083 0.3577 0.0000 0.0340
008620 0.6086 0.3594 0.0000 0.0320
008640 0.6108 0.3580 0.0000 0.0312
008660 0.6145 0.3547 0.0000 0.0307
008680 0.6169 0.3524 0.0000 0.0307
008700 0.6165 0.3531 0.0000 0.0304
008720 0.6190 0.3493 0.0000 0.0317
008740 0.6172 0.3501 0.0000 0.0327
008760 0.6132 0.3538 0.0000 0.0330
008780 0.6109 0.3568 0.0000 0.0323
008800 0.6116 0.3565 0.0000 0.0319
008820 0.6114 0.3558 0.0000 0.0327
008840 0.6092 0.3590 0.0000 0.0318
008860 0.6101 0.3577 0.0000 0.0322
008880 0.6113 0.3577 0.0000 0.0310
008900 0.6133 0.3560 0.0000 0.0307
008920 0.6170 0.3537 0.0000 0.0293
008940 0.6205 0.3484 0.0000 0.0312
008960 0.6194 0.3500 0.0000 0.0306
008980 0.6225 0.3477 0.0000 0.0298
009000 0.6281 0.3433 0.0000 0.0286
009020 0.6288 0.3406 0.0000 0.0306
009040 0.6314 0.3382 0.0000 0.0304
009060 0.6312 0.3374 0.0000 0.0314
009080 0.6267 0.3402 0.0000 0.0331
009100 0.6174 0.3477 0.0000 0.0349
009120 0.6061 0.3607 0.0000 0.0332
009140 0.6035 0.3647 0.0000 0.0319
009160 0.6019 0.3658 0.0000 0.0324
009180 0.6025 0.3655 0.0000 0.0319
009200 0.6076 0.3604 0.0000 0.0320
009220 0.6134 0.3553 0.0000 0.0312
009240 0.6179 0.3522 0.0000 0.0299
009260 0.6259 0.3448 0.0000 0.0293
009280 0.6321 0.3391 0.0000 0.0288
009300 0.6366 0.3337 0.0000 0.0297
009320 0.6343 0.3341 0.0000 0.0317
009340 0.6315 0.3362 0.0000 0.0322
009360 0.6287 0.3384 0.0000 0.0329
009380 0.6230 0.3443 0.0000 0.0327
009400 0.6169 0.3509 0.0000 0.0323
009420 0.6127 0.3537 0.0000 0.0337
009440 0.6050 0.3607 0.0000 0.0343
009460 0.6006 0.3662 0.0000 0.0332
009480 0.5990 0.3685 0.0000 0.0325
009500 0.6015 0.3672 0.0000 0.0313
009520 0.6051 0.3643 0.0000 0.0306
009540 0.6119 0.3585 0.0000 0.0296
009560 0.6167 0.3522 0.0000 0.0311
009580 0.6198 0.3487 0.0000 0.0316
009600 0.6188 0.3482 0.0000 0.0330
009620 0.6101 0.3563 0.0000 0.0336
009640 0.6066 0.3610 0.0000 0.0324
009660 0.6102 0.3585 0.0000 0.0312
009680 0.6121 0.3576 0.0000 0.0304
009700 0.6160 0.3531 0.0000 0.0309
009720 0.6217 0.3477 0.0000 0.0306
009740 0.6229 0.3459 0.0000 0.0312
009760 0.6269 0.3445 0.0000 0.0287
009780 0.6322 0.3392 0.0000 0.0286
009800 0.6347 0.3352 0.0000 0.0301
009820 0.6305 0.3357 0.0000 0.0338
009840 0.6225 0.3427 0.0000 0.0348
009860 0.6135 0.3520 0.0000 0.0345
009880 0.6081 0.3586 0.0000 0.0333
009900 0.6057 0.3607 0.0000 0.0336
009920 0.6018 0.3643 0.0000 0.0339
009940 0.5986 0.3670 0.0000 0.0344
009960 0.5919 0.3737 0.0000 0.0343
009980 0.5867 0.3789 0.0000 0.0344
010000 0.5901 0.3782 0.0000 0.0317
010020 0.5984 0.3722 0.0000 0.0294
010040 0.5984 0.3722 0.0000 0.0294
010060 0.5984 0.3722 0.0000 0.0294
010080 0.5984 0.3722 0.0000 0.0294
010100 0.5984 0.3722 0.0000 0.0294
010120 0.5984 0.3722 0.0000 0.0294
010140 0.5984 0.3722 0.0000 0.0294
010160 0.5984 0.3722 0.0000 0.0294
010180 0.5984 0.3722 0.0000 0.0294
010200 0.5984 0.3722 0.0000 0.0294
010220 0.5984 0.3722 0.0000 0.0294
010240 0.5984 0.3722 0.0000 0.0294
010260 0.5984 0.3722 0.0000 0.0294
010280 0.5984 0.3722 0.0000 0.0294
010300 0.5984 0.3722 0.0000 0.0294
010320 0.5984 0.3722 0.0000 0.0294
010340 0.5984 0.3722 0.0000 0.0294
010360 0.5984 0.3722 0.0000 0.0294
010380 0.5984 0.3722 0.0000 0.0294
010400 0.5984 0.3722 0.0000 0.0294
010420 0.5984 0.3722 0.0000 0.0294
010440 0.5984 0.3722 0.0000 0.0294
010460 0.5984 0.3722 0.0000 0.0294
010480 0.5984 0.3722 0.0000 0.0294
010500 0.5984 0.3722 0.0000 0.0294
010520 0.5984 0.3722 0.0000 0.0294
010540 0.5984 0.3722 0.0000 0.0294
010560 0.5984 0.3722 0.0000 0.0294
010580 0.5984 0.3722 0.0000 0.0294
010600 0.5984 0.3722 0.0000 0.0294
010620 0.5984 0.3722 0.0000 0.0294
010640 0.5984 0.3722 0.0000 0.0294
010660 0.5984 0.3722 0.0000 0.0294
010680 0.5984 0.3722 0.0000 0.0294
010700 0.5984 0.3722 0.0000 0.0294
010720 0.5984 0.3722 0.0000 0.0294
010740 0.5984 0.3722 0.0000 0.0294
010760 0.5984 0.3722 0.0000 0.0294
010780 0.5984 0.3722 0.0000 0.0294
010800 0.5984 0.3722 0.0000 0.0294
010820 0.5984 0.3722 0.0000 0.0294
010840 0.5984 0.3722 0.0000 0.0294
010860 0.5984 0.3722 0.0000 0.0294
010880 0.5984 0.3722 0.0000 0.0294
010900 0.5984 0.3722 0.0000 0.0294
010920 0.5984 0.3722 0.0000 0.0294
010940 0.5984 0.3722 0.0000 0.0294
010960 0.5984 0.3722 0.0000 0.0294
010980 0.5984 0.3722 0.0000 0.0294
011000 0.5984 0.3722 0.0000 0.0294
011020 0.5984 0.3722 0.0000 0.0294
011040 0.5984 0.3722 0.0000 0.0294
011060 0.5984 0.3722 0.0000 0.0294
011080 0.5984 0.3722 0.0000 0.0294
011100 0.5984 0.3722 0.0000 0.0294
011120 0.5984 0.3722 0.0000 0.0294
011140 0.5984 0.3722 0.0000 0.0294
011160 0.5984 0.3722 0.0000 0.0294
011180 0.5984 0.3722 0.0000 0.0294
011200 0.5984 0.3722 0.0000 0.0294
011220 0.5984 0.3722 0.0000 0.0294
011240 0.5984 0.3722 0.0000 0.0294
011260 0.5984 0.3722 0.0000 0.0294
011280 0.5984 0.3722 0.0000 0.0294
011300 0.5984 0.3722 0.0000 0.0294
011320 0.5984 0.3722 0.0000 0.0294
011340 0.5984 0.3722 0.0000 0.0294
011360 0.5984 0.3722 0.0000 0.0294
011380 0.5984 0.3722 0.0000 0.0294
011400 0.5984 0.3722 0.0000 0.0294
011420 0.5984 0.3722 0.0000 0.0294
011440 0.5984 0.3722 0.0000 0.0294
011460 0.5984 0.3722 0.0000 0.0294
011480 0.5984 0.3722 0.0000 0.0294
011500 0.5984 0.3722 0.0000 0.0294
011520 0.5984 0.3722 0.0000 0.0294
011540 0.5984 0.3722 0.0000 0.0294
011560 0.5984 0.3722 0.0000 0.0294
011580 0.5984 0.3722 0.0000 0.0294
011600 0.5984 0.3722 0.0000 0.0294
011620 0.5984 0.3722 0.0000 0.0294
011640 0.5984 0.3722 0.0000 0.0294
011660 0.5984 0.3722 0.0000 0.0294
011680 0.5984 0.3722 0.0000 0.0294
011700 0.5984 0.3722 0.0000 0.0294
011720 0.5984 0.3722 0.0000 0.0294
011740 0.5984 0.3722 0.0000 0.0294
011760 0.5984 0.3722 0.0000 0.0294
011780 0.5984 0.3722 0.0000 0.0294
011800 0.5984 0.3722 0.0000 0.0294
011820 0.5984 0.3722 0.0000 0.0294
011840 0.5984 0.3722 0.0000 0.0294
011860 0.5984 0.3722 0.0000 0.0294
011880 0.5984 0.3722 0.0000 0.0294
011900 0.5984 0.3722 0.0000 0.0294
011920 0.5984 0.3722 0.0000 0.0294
011940 0.5984 0.3722 0.0000 0.0294
011960 0.5984 0.3722 0.0000 0.0294
011980 0.5984 0.3722 0.0000 0.0294
012000 0.5984 0.3722 0.0000 0.0294
012020 0.5984 0.3722 0.0000 0.0294
012040 0.5984 0.3722 0.0000 0.0294
012060 0.5984 0.3722 0.0000 0.0294
012080 0.5984 0.3722 0.0000 0.0294
012100 0.5984 0.3722 0.0000 0.0294
012120 0.5984 0.3722 0.0000 0.0294
012140 0.5984 0.3722 0.0000 0.0294
012160 0.5984 0.3722 0.0000 0.0294
012180 0.5984 0.3722 0.0000 0.0294
012200 0.5984 0.3722 0.0000 0.0294
012220 0.5984 0.3722 0.0000 0.0294
012240 0.5984 0.3722 0.0000 0.0294
012260 0.5984 0.3722 0.0000 0.0294
012280 0.5984 0.3722 0.0000 0.0294
012300 0.5984 0.3722 0.0000 0.0294
012320 0.5984 0.3722 0.0000 0.0294
012340 0.5984 0.3722 0.0000 0.0294
012360 0.5984 0.3722 0.0000 0.0294
012380 0.5984 0.3722 0.0000 0.0294
012400 0.5984 0.3722 0.0000 0.0294
012420 0.5984 0.3722 0.0000 0.0294
012440 0.5984 0.3722 0.0000 0.0294
012460 0.5984 0.3722 0.0000 0.0294
012480 0.5984 0.3722 0.0000 0.0294
012500 0.5984 0.3722 0.0000 0.0294
012520 0.5984 0.3722 0.0000 0.0294
012540 0.5984 0.3722 0.0000 0.0294
012560 0.5984 0.3722 0.0000 0.0294
012580 0.5984 0.3722 0.0000 0.0294
012600 0.5984 0.3722 0.0000 0.0294
012620 0.5984 0.3722 0.0000 0.0294
012640 0.5984 0.3722 0.0000 0.0294
012660 0.5984 0.3722 0.0000 0.0294
012680 0.5984 0.3722 0.0000 0.0294
012700 0.5984 0.3722 0.0000 0.0294
012720 0.5984 0.3722 0.0000 0.0294
012740 0.5984 0.3722 0.0000 0.0294
012760 0.5984 0.3722 0.0000 0.0294
012780 0.5984 0.3722 0.0000 0.0294
012800 0.5984 0.3722 0.0000 0.0294
012820 0.5984 0.3722 0.0000 0.0294
012840 0.5984 0.3722 0.0000 0.0294
012860 0.5984 0.3722 0.0000 0.0294
012880 0.5984 0.3722 0.0000 0.0294
012900 0.5984 0.3722 0.0000 0.0294
012920 0.5984 0.3722 0.0000 0.0294
012940 0.5984 0.3722 0.0000 0.0294
012960 0.5984 0.3722 0.0000 0.0294
012980 0.5984 0.3722 0.0000 0.0294
013000 0.5984 0.3722 0.0000 0.0294
013020 0.5984 0.3722 0.0000 0.0294
013040 0.5984 0.3722 0.0000 0.0294
013060 0.5984 0.3722 0.0000 0.0294
013080 0.5984 0.3722 0.0000 0.0294
013100 0.5984 0.3722 0.0000 0.0294
013120 0.5984 0.3722 0.0000 0.0294
013140 0.5984 0.3722 0.0000 0.0294
013160 0.5984 0.3722 0.0000 0.0294
013180 0.5984 0.3722 0.0000 0.0294
013200 0.5984 0.3722 0.0000 0.0294
013220 0.5984 0.3722 0.0000 0.0294
013240 0.5984 0.3722 0.0000 0.0294
013260 0.5984 0.3722 0.0000 0.0294
013280 0.5984 0.3722 0.0000 0.0294
013300 0.5984 0.3722 0.0000 0.0294
013320 0.5984 0.3722 0.0000 0.0294
013340 0.5984 0.3722 0.0000 0.0294
013360 0.5984 0.3722 0.0000 0.0294
013380 0.5984 0.3722 0.0000 0.0294
013400 0.5984 0.3722 0.0000 0.0294
013420 0.5984 0.3722 0.0000 0.0294
013440 0.5984 0.3722 0.0000 0.0294
013460 0.5984 0.3722 0.0000 0.0294
013480 0.5984 0.3722 0.0000 0.0294
013500 0.5984 0.3722 0.0000 0.0294
013520 0.5984 0.3722 0.0000 0.0294
013540 0.5984 0.3722 0.0000 0.0294
013560 0.5984 0.3722 0.0000 0.0294
013580 0.5984 0.3722 0.0000 0.0294
013600 0.5984 0.3722 0.0000 0.0294
013620 0.5984 0.3722 0.0000 0.0294
013640 0.5984 0.3722 0.0000 0.0294
013660 0.5984 0.3722 0.0000 0.0294
013680 0.5984 0.3722 0.0000 0.0294
013700 0.5984 0.3722 0.0000 0.0294
013720 0.5984 0.3722 0.0000 0.0294
013740 0.5984 0.3722 0.0000 0.0294
013760 0.5984 0.3722 0.0000 0.0294
013780 0.5984 0.3722 0.0000 0.0294
013800 0.5984 0.3722 0.0000 0.0294
013820 0.5984 0.3722 0.0000 0.0294
013840 0.5984 0.3722 0.0000 0.0294
013860 0.5984 0.3722 0.0000 0.0294
013880 0.5984 0.3722 0.0000 0.0294
013900 0.5984 0.3722 0.0000 0.0294
013920 0.5984 0.3722 0.0000 0.0294
013940 0.5984 0.3722 0.0000 0.0294
013960 0.5984 0.3722 0.0000 0.0294
013980 0.5984 0.3722 0.0000 0.0294
014000 0.5984 0.3722 0.0000 0.0294
014020 0.5984 0.3722 0.0000 0.0294
014040 0.5984 0.3722 0.0000 0.0294
014060 0.5984 0.3722 0.0000 0.0294
014080 0.5984 0.3722 0.0000 0.0294
014100 0.5984 0.3722 0.0000 0.0294
014120 0.5984 0.3722 0.0000 0.0294
014140 0.5984 0.3722 0.0000 0.0294
014160 0.5984 0.3722 0.0000 0.0294
014180 0.5984 0.3722 0.0000 0.0294
014200 0.5984 0.3722 0.0000 0.0294
014220 0.5984 0.3722 0.0000 0.0294
014240 0.5984 0.3722 0.0000 0.0294
014260 0.5984 0.3722 0.0000 0.0294
014280 0.5984 0.3722 0.0000 0.0294
014300 0.5984 0.3722 0.0000 0.0294
014320 0.5984 0.3722 0.0000 0.0294
014340 0.5984 0.3722 0.0000 0.0294
014360 0.5984 0.3722 0.0000 0.0294
014380 0.5984 0.3722 0.0000 0.0294
014400 0.5984 0.3722 0.0000 0.0294
014420 0.5984 0.3722 0.0000 0.0294
014440 0.5984 0.3722 0.0000 0.0294
014460 0.5984 0.3722 0.0000 0.0294
014480 0.5984 0.3722 0.0000 0.0294
014500 0.5984 0.3722 0.0000 0.0294
014520 0.5984 0.3722 0.0000 0.0294
014540 0.5984 0.3722 0.0000 0.0294
014560 0.5984 0.3722 0.0000 0.0294
014580 0.5984 0.3722 0.0000 0.0294
014600 0.5984 0.3722 0.0000 0.0294
014620 0.5984 0.3722 0.0000 0.0294
014640 0.5984 0.3722 0.0000 0.0294
014660 0.5984 0.3722 0.0000 0.0294
014680 0.5984 0.3722 0.0000 0.0294
014700 0.5984 0.3722 0.0000 0.0294
014720 0.5984 0.3722 0.0000 0.0294
014740 0.5984 0.3722 0.0000 0.0294
014760 0.5984 0.3722 0.0000 0.0294
014780 0.5984 0.3722 0.0000 0.0294
014800 0.5984 0.3722 0.0000 0.0294
014820 0.5984 0.3722 0.0000 0.0294
014840 0.5984 0.3722 0.0000 0.0294
014860 0.5984 0.3722 0.0000 0.0294
014880 0.5984 0.3722 0.0000 0.0294
014900 0.5984 0.3722 0.0000 0.0294
014920 0.5984 0.3722 0.0000 0.0294
014940 0.5984 0.3722 0.0000 0.0294
014960 0.5984 0.3722 0.0000 0.0294
014980 0.5984 0.3722 0.0000 0.0294
015000 0.5984 0.3722 0.0000 0.0294
015020 0.5984 0.3722 0.0000 0.0294
015040 0.5984 0.3722 0.0000 0.0294
015060 0.5984 0.3722 0.0000 0.0294
015080 0.5984 0.3722 0.0000 0.0294
015100 0.5984 0.3722 0.0000 0.0294
015120 0.5984 0.3722 0.0000 0.0294
015140 0.5984 0.3722 0.0000 0.0294
015160 0.5984 0.3722 0.0000 0.0294
015180 0.5984 0.3722 0.0000 0.0294
015200 0.5984 0.3722 0.0000 0.0294
015220 0.5984 0.3722 0.0000 0.0294
015240 0.5984 0.3722 0.0000 0.0294
015260 0.5984 0.3722 0.0000 0.0294
015280 0.5984 0.3722 0.0000 0.0294
015300 0.5984 0.3722 0.0000 0.0294
015320 0.5984 0.3722 0.0000 0.0294
015340 0.5984 0.3722 0.0000 0.0294
015360 0.5984 0.3722 0.0000 0.0294
015380 0.5984 0.3722 0.0000 0.0294
015400 0.5984 0.3722 0.0000 0.0294
015420 0.5984 0.3722 0.0000 0.0294
015440 0.5984 0.3722 0.0000 0.0294
015460 0.5984 0.3722 0.0000 0.0294
015480 0.5984 0.3722 0.0000 0.0294
015500 0.5984 0.3722 0.0000 0.0294
015520 0.5984 0.3722 0.0000 0.0294
015540 0.5984 0.3722 0.0000 0.0294
015560 0.5984 0.3722 0.0000 0.0294
015580 0.5984 0.3722 0.0000 0.0294
015600 0.5984 0.3722 0.0000 0.0294
015620 0.5984 0.3722 0.0000 0.0294
015640 0.5984 0.3722 0.0000 0.0294
015660 0.5984 0.3722 0.0000 0.0294
015680 0.5984 0.3722 0.0000 0.0294
015700 0.5984 0.3722 0.0000 0.0294
015720 0.5984 0.3722 0.0000 0.0294
015740 0.5984 0.3722 0.0000 0.0294
015760 0.5984 0.3722 0.0000 0.0294
015780 0.5984 0.3722 0.0000 0.0294
015800 0.5984 0.3722 0.0000 0.0294
015820 0.5984 0.3722 0.0000 0.0294
015840 0.5984 0.3722 0.0000 0.0294
015860 0.5984 0.3722 0.0000 0.0294
015880 0.5984 0.3722 0.0000 0.0294
015900 0.5984 0.3722 0.0000 0.0294
015920 0.5984 0.3722 0.0000 0.0294
015940 0.5984 0.3722 0.0000 0.0294
015960 0.5984 0.3722 0.0000 0.0294
015980 0.5984 0.3722 0.0000 0.0294
016000 0.5984 0.3722 0.0000 0.0294
016020 0.5984 0.3722 0.0000 0.0294
016040 0.5984 0.3722 0.0000 0.0294
016060 0.5984 0.3722 0.0000 0.0294
016080 0.5984 0.3722 0.0000 0.0294
016100 0.5984 0.3722 0.0000 0.0294
016120 0.5984 0.3722 0.0000 0.0294
016140 0.5984 0.3722 0.0000 0.0294
016160 0.5984 0.3722 0.0000 0.0294
016180 0.5984 0.3722 0.0000 0.0294
016200 0.5984 0.3722 0.0000 0.0294
016220 0.5984 0.3722 0.0000 0.0294
016240 0.5984 0.3722 0.0000 0.0294
016260 0.5984 0.3722 0.0000 0.0294
016280 0.5984 0.3722 0.0000 0.0294
016300 0.5984 0.3722 0.0000 0.0294
016320 0.5984 0.3722 0.0000 0.0294
016340 0.5984 0.3722 0.0000 0.0294
016360 0.5984 0.3722 0.0000 0.0294
016380 0.5984 0.3722 0.0000 0.0294
016400 0.5984 0.3722 0.0000 0.0294
016420 0.5984 0.3722 0.0000 0.0294
016440 0.5984 0.3722 0.0000 0.0294
016460 0.5984 0.3722 0.0000 0.0294
016480 0.5984 0.3722 0.0000 0.0294
016500 0.5984 0.3722 0.0000 0.0294
016520 0.5984 0.3722 0.0000 0.0294
016540 0.5984 0.3722 0.0000 0.0294
016560 0.5984 0.3722 0.0000 0.0294
016580 0.5984 0.3722 0.0000 0.0294
016600 0.5984 0.3722 0.0000 0.0294
016620 0.5984 0.3722 0.0000 0.0294
016640 0.5984 0.3722 0.0000 0.0294
016660 0.5984 0.3722 0.0000 0.0294
016680 0.5984 0.3722 0.0000 0.0294
016700 0.5984 0.3722 0.0000 0.0294
016720 0.5984 0.3722 0.0000 0.0294
016740 0.5984 0.3722 0.0000 0.0294
016760 0.5984 0.3722 0.0000 0.0294
016780 0.5984 0.3722 0.0000 0.0294
016800 0.5984 0.3722 0.0000 0.0294
016820 0.5984 0.3722 0.0000 0.0294
016840 0.5984 0.3722 0.0000 0.0294
016860 0.5984 0.3722 0.0000 0.0294
016880 0.5984 0.3722 0.0000 0.0294
016900 0.5984 0.3722 0.0000 0.0294
016920 0.5984 0.3722 0.0000 0.0294
016940 0.5984 0.3722 0.0000 0.0294
016960 0.5984 0.3722 0.0000 0.0294
016980 0.5984 0.3722 0.0000 0.0294
017000 0.5984 0.3722 0.0000 0.0294
017020 0.5984 0.3722 0.0000 0.0294
017040 0.5984 0.3722 0.0000 0.0294
017060 0.5984 0.3722 0.0000 0.0294
017080 0.5984 0.3722 0.0000 0.0294
017100 0.5984 0.3722 0.0000 0.0294
017120 0.5984 0.3722 0.0000 0.0294
017140 0.5984 0.3722 0.0000 0.0294
017160 0.5984 0.3722 0.0000 0.0294
017180 0.5984 0.3722 0.0000 0.0294
017200 0.5984 0.3722 0.0000 0.0294
017220 0.5984 0.3722 0.0000 0.0294
017240 0.5984 0.3722 0.0000 0.0294
017260 0.5984 0.3722 0.0000 0.0294
017280 0.5984 0.3722 0.0000 0.0294
017300 0.5984 0.3722 0.0000 0.0294
017320 0.5984 0.3722 0.0000 0.0294
017340 0.5984 0.3722 0.0000 0.0294
017360 0.5984 0.3722 0.0000 0.0294
017380 0.5984 0.3722 0.0000 0.0294
017400 0.5984 0.3722 0.0000 0.0294
017420 0.5984 0.3722 0.0000 0.0294
017440 0.5984 0.3722 0.0000 0.0294
017460 0.5984 0.3722 0.0000 0.0294
017480 0.5984 0.3722 0.0000 0.0294
017500 0.5984 0.3722 0.0000 0.0294
017520 0.5984 0.3722 0.0000 0.0294
017540 0.5984 0.3722 0.0000 0.0294
017560 0.5984 0.3722 0.0000 0.0294
017580 0.5984 0.3722 0.0000 0.0294
017600 0.5984 0.3722 0.0000 0.0294
017620 0.5984 0.3722 0.0000 0.0294
017640 0.5984 0.3722 0.0000 0.0294
017660 0.5984 0.3722 0.0000 0.0294
017680 0.5984 0.3722 0.0000 0.0294
017700 0.5984 0.3722 0.0000 0.0294
017720 0.5984 0.3722 0.0000 0.0294
017740 0.5984 0.3722 0.0000 0.0294
017760 0.5984 0.3722 0.0000 0.0294
017780 0.5984 0.3722 0.0000 0.0294
017800 0.5984 0.3722 0.0000 0.0294
017820 0.5984 0.3722 0.0000 0.0294
017840 0.5984 0.3722 0.0000 0.0294
017860 0.5984 0.3722 0.0000 0.0294
017880 0.5984 0.3722 0.0000 0.0294
017900 0.5984 0.3722 0.0000 0.0294
017920 0.5984 0.3722 0.0000 0.0294
017940 0.5984 0.3722 0.0000 0.0294
017960 0.5984 0.3722 0.0000 0.0294
017980 0.5984 0.3722 0.0000 0.0294
018000 0.5984 0.3722 0.0000 0.0294
018020 0.5984 0.3722 0.0000 0.0294
018040 0.5984 0.3722 0.0000 0.0294
018060 0.5984 0.3722 0.0000 0.0294
018080 0.5984 0.3722 0.0000 0.0294
018100 0.5984 0.3722 0.0000 0.0294
018120 0.5984 0.3722 0.0000 0.0294
018140 0.5984 0.3722 0.0000 0.0294
018160 0.5984 0.3722 0.0000 0.0294
018180 0.5984 0.3722 0.0000 0.0294
018200 0.5984 0.3722 0.0000 0.0294
018220 0.5984 0.3722 0.0000 0.0294
018240 0.5984 0.3722 0.0000 0.0294
018260 0.5984 0.3722 0.0000 0.0294
018280 0.5984 0.3722 0.0000 0.0294
018300 0.5984 0.3722 0.0000 0.0294
018320 0.5984 0.3722 0.0000 0.0294
018340 0.5984 0.3722 0.0000 0.0294
018360 0.5984 0.3722 0.0000 0.0294
018380 0.5984 0.3722 0.0000 0.0294
018400 0.5984 0.3722 0.0000 0.0294
018420 0.5984 0.3722 0.0000 0.0294
018440 0.5984 0.3722 0.0000 0.0294
018460 0.5984 0.3722 0.0000 0.0294
018480 0.5984 0.3722 0.0000 0.0294
018500 0.5984 0.3722 0.0000 0.0294
018520 0.5984 0.3722 0.0000 0.0294
018540 0.5984 0.3722 0.0000 0.0294
018560 0.5984 0.3722 0.0000 0.0294
018580 0.5984 0.3722 0.0000 0.0294
018600 0.5984 0.3722 0.0000 0.0294
018620 0.5984 0.3722 0.0000 0.0294
018640 0.5984 0.3722 0.0000 0.0294
018660 0.5984 0.3722 0.0000 0.0294
018680 0.5984 0.3722 0.0000 0.0294
018700 0.5984 0.3722 0.0000 0.0294
018720 0.5984 0.3722 0.0000 0.0294
018740 0.5984 0.3722 0.0000 0.0294
018760 0.5984 0.3722 0.0000 0.0294
018780 0.5984 0.3722 0.0000 0.0294
018800 0.5984 0.3722 0.0000 0.0294
018820 0.5984 0.3722 0.0000 0.0294
018840 0.5984 0.3722 0.0000 0.0294
018860 0.5984 0.3722 0.0000 0.0294
018880 0.5984 0.3722 0.0000 0.0294
018900 0.5984 0.3722 0.0000 0.0294
018920 0.5984 0.3722 0.0000 0.0294
018940 0.5984 0.3722 0.0000 0.0294
018960 0.5984 0.3722 0.0000 0.0294
018980 0.5984 0.3722 0.0000 0.0294
019000 0.5984 0.3722 0.0000 0.0294
019020 0.5984 0.3722 0.0000 0.0294
019040 0.5984 0.3722 0.0000 0.0294
019060 0.5984 0.3722 0.0000 0.0294
019080 0.5984 0.3722 0.0000 0.0294
019100 0.5984 0.3722 0.0000 0.0294
019120 0.5984 0.3722 0.0000 0.0294
019140 0.5984 0.3722 0.0000 0.0294
019160 0.5984 0.3722 0.0000 0.0294
019180 0.5984 0.3722 0.0000 0.0294
019200 0.5984 0.3722 0.0000 0.0294
019220 0.5984 0.3722 0.0000 0.0294
019240 0.5984 0.3722 0.0000 0.0294
019260 0.5984 0.3722 0.0000 0.0294
019280 0.5984 0.3722 0.0000 0.0294
019300 0.5984 0.3722 0.0000 0.0294
019320 0.5984 0.3722 0.0000 0.0294
019340 0.5984 0.3722 0.0000 0.0294
019360 0.5984 0.3722 0.0000 0.0294
019380 0.5984 0.3722 0.0000 0.0294
019400 0.5984 0.3722 0.0000 0.0294
019420 0.5984 0.3722 0.0000 0.0294
019440 0.5984 0.3722 0.0000 0.0294
019460 0.5984 0.3722 0.0000 0.0294
019480 0.5984 0.3722 0.0000 0.0294
019500 0.5984 0.3722 0.0000 0.0294
019520 0.5984 0.3722 0.0000 0.0294
019540 0.5984 0.3722 0.0000 0.0294
019560 0.5984 0.3722 0.0000 0.0294
019580 0.5984 0.3722 0.0000 0.0294
019600 0.5984 0.3722 0.0000 0.0294
019620 0.5984 0.3722 0.0000 0.0294
019640 0.5984 0.3722 0.0000 0.0294
019660 0.5984 0.3722 0.0000 0.0294
019680 0.5984 0.3722 0.0000 0.0294
019700 0.5984 0.3722 0.0000 0.0294
019720 0.5984 0.3722 0.0000 0.0294
019740 0.5984 0.3722 0.0000 0.0294
019760 0.5984 0.3722 0.0000 0.0294
019780 0.5984 0.3722 0.0000 0.0294
019800 0.5984 0.3722 0.0000 0.0294
019820 0.5984 0.3722 0.0000 0.0294
019840 0.5984 0.3722 0.0000 0.0294
019860 0.5984 0.3722 0.0000 0.0294
019880 0.5984 0.3722 0.0000 0.0294
019900 0.5984 0.3722 0.0000 0.0294
019920 0.5984 0.3722 0.0000 0.0294
019940 0.5984 0.3722 0.0000 0.0294
019960 0.5984 0.3722 0.0000 0.0294
019980 0.5984 0.3722 0.0000 0.0294
020000 0.5984 0.3722 0.0000 0.0294
