000000 0.2499 0.2509 0.2497 0.2495
000020 0.5225 0.4612 0.0000 0.0163
000040 0.8878 0.0901 0.0000 0.0221
000060 0.8624 0.0810 0.0000 0.0566
000080 0.7392 0.1687 0.0000 0.0921
000100 0.6266 0.2703 0.0000 0.1031
000120 0.5821 0.3247 0.0000 0.0933
000140 0.6036 0.3205 0.0000 0.0759
000160 0.6461 0.2867 0.0000 0.0672
000180 0.6750 0.2543 0.0000 0.0707
000200 0.6743 0.2504 0.0000 0.0752
000220 0.6569 0.2637 0.0000 0.0794
000240 0.6467 0.2743 0.0000 0.0791
000260 0.6444 0.2790 0.0000 0.0766
000280 0.6448 0.2792 0.0000 0.0760
000300 0.6473 0.2753 0.0000 0.0774
000320 0.6498 0.2736 0.0000 0.0766
000340 0.6533 0.2722 0.0000 0.0746
000360 0.6485 0.2741 0.0000 0.0774
000380 0.6404 0.2808 0.0000 0.0788
000400 0.6421 0.2803 0.0000 0.0776
000420 0.6477 0.2763 0.0000 0.0760
000440 0.6546 0.2695 0.0000 0.0759
000460 0.6496 0.2727 0.0000 0.0777
000480 0.6411 0.2804 0.0000 0.0785
000500 0.6457 0.2777 0.0000 0.0766
000520 0.6506 0.2753 0.0000 0.0742
000540 0.6490 0.2724 0.0000 0.0787
000560 0.6428 0.2771 0.0000 0.0801
000580 0.6372 0.2827 0.0000 0.0801
000600 0.6415 0.2791 0.0000 0.0794
000620 0.6432 0.2786 0.0000 0.0782
000640 0.6478 0.2765 0.0000 0.0757
000660 0.6537 0.2695 0.0000 0.0768
000680 0.6529 0.2705 0.0000 0.0766
000700 0.6523 0.2722 0.0000 0.0755
000720 0.6543 0.2697 0.0000 0.0760
000740 0.6517 0.2716 0.0000 0.0767
000760 0.6531 0.2689 0.0000 0.0780
000780 0.6488 0.2720 0.0000 0.0792
000800 0.6482 0.2739 0.0000 0.0779
000820 0.6462 0.2749 0.0000 0.0789
000840 0.6426 0.2779 0.0000 0.0794
000860 0.6430 0.2801 0.0000 0.0769
000880 0.6452 0.2808 0.0000 0.0740
000900 0.6569 0.2707 0.0000 0.0723
000920 0.6633 0.2612 0.0000 0.0755
000940 0.6618 0.2606 0.0000 0.0776
000960 0.6496 0.2705 0.0000 0.0800
000980 0.6307 0.2900 0.0000 0.0793
001000 0.6319 0.2895 0.0000 0.0786
001020 0.6429 0.2781 0.0000 0.0790
001040 0.6457 0.2760 0.0000 0.0782
001060 0.6491 0.2745 0.0000 0.0764
001080 0.6512 0.2723 0.0000 0.0765
001100 0.6472 0.2759 0.0000 0.0769
001120 0.6453 0.2777 0.0000 0.0769
001140 0.6442 0.2793 0.0000 0.0765
001160 0.6514 0.2737 0.0000 0.0749
001180 0.6574 0.2690 0.0000 0.0736
001200 0.6547 0.2693 0.0000 0.0759
001220 0.6467 0.2742 0.0000 0.0790
001240 0.6405 0.2787 0.0000 0.0808
001260 0.6441 0.2801 0.0000 0.0758
001280 0.6520 0.2736 0.0000 0.0744
001300 0.6573 0.2676 0.0000 0.0752
001320 0.6554 0.2660 0.0000 0.0786
001340 0.6438 0.2752 0.0000 0.0810
001360 0.6318 0.2864 0.0000 0.0817
001380 0.6334 0.2878 0.0000 0.0788
001400 0.6395 0.2838 0.0000 0.0767
001420 0.6456 0.2765 0.0000 0.0778
001440 0.6475 0.2731 0.0000 0.0794
001460 0.6467 0.2752 0.0000 0.0782
001480 0.6459 0.2784 0.0000 0.0757
001500 0.6482 0.2749 0.0000 0.0769
001520 0.6511 0.2733 0.0000 0.0756
001540 0.6555 0.2715 0.0000 0.0730
001560 0.6618 0.2633 0.0000 0.0748
001580 0.6556 0.2670 0.0000 0.0774
001600 0.6467 0.2759 0.0000 0.0774
001620 0.6461 0.2768 0.0000 0.0771
001640 0.6434 0.2779 0.0000 0.0786
001660 0.6435 0.2800 0.0000 0.0765
001680 0.6490 0.2726 0.0000 0.0784
001700 0.6476 0.2747 0.0000 0.0778
001720 0.6439 0.2790 0.0000 0.0771
001740 0.6495 0.2746 0.0000 0.0759
001760 0.6534 0.2709 0.0000 0.0757
001780 0.6528 0.2695 0.0000 0.0777
001800 0.6453 0.2760 0.0000 0.0787
001820 0.6409 0.2822 0.0000 0.0769
001840 0.6450 0.2782 0.0000 0.0768
001860 0.6451 0.2768 0.0000 0.0781
001880 0.6415 0.2766 0.0000 0.0819
001900 0.6359 0.2843 0.0000 0.0798
001920 0.6366 0.2872 0.0000 0.0762
001940 0.6478 0.2780 0.0000 0.0742
001960 0.6529 0.2700 0.0000 0.0771
001980 0.6520 0.2727 0.0000 0.0753
002000 0.6487 0.2744 0.0000 0.0769
002020 0.6489 0.2731 0.0000 0.0780
002040 0.6504 0.2759 0.0000 0.0737
002060 0.6561 0.2695 0.0000 0.0745
002080 0.6584 0.2656 0.0000 0.0760
002100 0.6556 0.2687 0.0000 0.0756
002120 0.6496 0.2722 0.0000 0.0782
002140 0.6430 0.2793 0.0000 0.0777
002160 0.6435 0.2786 0.0000 0.0779
002180 0.6456 0.2786 0.0000 0.0758
002200 0.6496 0.2744 0.0000 0.0760
002220 0.6548 0.2675 0.0000 0.0777
002240 0.6486 0.2720 0.0000 0.0793
002260 0.6409 0.2772 0.0000 0.0819
002280 0.6396 0.2836 0.0000 0.0768
002300 0.6461 0.2775 0.0000 0.0764
002320 0.6470 0.2767 0.0000 0.0763
002340 0.6478 0.2765 0.0000 0.0757
002360 0.6505 0.2755 0.0000 0.0741
002380 0.6576 0.2696 0.0000 0.0729
002400 0.6552 0.2675 0.0000 0.0772
002420 0.6460 0.2753 0.0000 0.0787
002440 0.6412 0.2812 0.0000 0.0776
002460 0.6459 0.2794 0.0000 0.0747
002480 0.6546 0.2700 0.0000 0.0754
002500 0.6546 0.2710 0.0000 0.0744
002520 0.6566 0.2660 0.0000 0.0774
002540 0.6496 0.2712 0.0000 0.0792
002560 0.6448 0.2778 0.0000 0.0774
002580 0.6478 0.2772 0.0000 0.0750
002600 0.6523 0.2704 0.0000 0.0774
002620 0.6541 0.2693 0.0000 0.0767
002640 0.6495 0.2696 0.0000 0.0808
002660 0.6446 0.2755 0.0000 0.0799
002680 0.6355 0.2849 0.0000 0.0796
002700 0.6367 0.2876 0.0000 0.0756
002720 0.6414 0.2811 0.0000 0.0776
002740 0.6478 0.2755 0.0000 0.0767
002760 0.6467 0.2742 0.0000 0.0791
002780 0.6439 0.2763 0.0000 0.0798
002800 0.6426 0.2787 0.0000 0.0787
002820 0.6486 0.2781 0.0000 0.0733
002840 0.6544 0.2686 0.0000 0.0770
002860 0.6511 0.2689 0.0000 0.0801
002880 0.6433 0.2790 0.0000 0.0777
002900 0.6440 0.2773 0.0000 0.0786
002920 0.6480 0.2730 0.0000 0.0791
002940 0.6406 0.2790 0.0000 0.0803
002960 0.6403 0.2814 0.0000 0.0783
002980 0.6485 0.2742 0.0000 0.0773
003000 0.6474 0.2757 0.0000 0.0769
003020 0.6545 0.2712 0.0000 0.0743
003040 0.6511 0.2699 0.0000 0.0790
003060 0.6453 0.2747 0.0000 0.0800
003080 0.6354 0.2848 0.0000 0.0798
003100 0.6400 0.2831 0.0000 0.0769
003120 0.6473 0.2780 0.0000 0.0748
003140 0.6549 0.2702 0.0000 0.0750
003160 0.6542 0.2679 0.0000 0.0779
003180 0.6425 0.2789 0.0000 0.0786
003200 0.6422 0.2799 0.0000 0.0779
003220 0.6417 0.2788 0.0000 0.0794
003240 0.6410 0.2809 0.0000 0.0781
003260 0.6434 0.2796 0.0000 0.0770
003280 0.6517 0.2724 0.0000 0.0759
003300 0.6535 0.2708 0.0000 0.0757
003320 0.6490 0.2737 0.0000 0.0773
003340 0.6491 0.2775 0.0000 0.0733
003360 0.6509 0.2712 0.0000 0.0779
003380 0.6441 0.2766 0.0000 0.0793
003400 0.6440 0.2791 0.0000 0.0770
003420 0.6482 0.2753 0.0000 0.0765
003440 0.6558 0.2696 0.0000 0.0746
003460 0.6541 0.2715 0.0000 0.0744
003480 0.6550 0.2715 0.0000 0.0735
003500 0.6561 0.2679 0.0000 0.0760
003520 0.6497 0.2715 0.0000 0.0788
003540 0.6442 0.2792 0.0000 0.0766
003560 0.6493 0.2745 0.0000 0.0762
003580 0.6478 0.2731 0.0000 0.0792
003600 0.6398 0.2790 0.0000 0.0813
003620 0.6368 0.2841 0.0000 0.0790
003640 0.6409 0.2832 0.0000 0.0759
003660 0.6457 0.2790 0.0000 0.0752
003680 0.6530 0.2717 0.0000 0.0753
003700 0.6496 0.2702 0.0000 0.0801
003720 0.6383 0.2806 0.0000 0.0811
003740 0.6359 0.2856 0.0000 0.0785
003760 0.6456 0.2803 0.0000 0.0741
003780 0.6547 0.2702 0.0000 0.0751
003800 0.6516 0.2714 0.0000 0.0769
003820 0.6435 0.2778 0.0000 0.0788
003840 0.6432 0.2791 0.0000 0.0776
003860 0.6424 0.2798 0.0000 0.0778
003880 0.6474 0.2746 0.0000 0.0780
003900 0.6443 0.2757 0.0000 0.0800
003920 0.6394 0.2815 0.0000 0.0792
003940 0.6401 0.2829 0.0000 0.0770
003960 0.6403 0.2815 0.0000 0.0782
003980 0.6405 0.2821 0.0000 0.0774
004000 0.6445 0.2788 0.0000 0.0767
004020 0.6470 0.2764 0.0000 0.0766
004040 0.6504 0.2744 0.0000 0.0752
004060 0.6553 0.2705 0.0000 0.0742
004080 0.6549 0.2678 0.0000 0.0774
004100 0.6476 0.2747 0.0000 0.0777
004120 0.6485 0.2748 0.0000 0.0767
004140 0.6444 0.2746 0.0000 0.0811
004160 0.6348 0.2832 0.0000 0.0820
004180 0.6288 0.2912 0.0000 0.0800
004200 0.6321 0.2909 0.0000 0.0770
004220 0.6459 0.2790 0.0000 0.0751
004240 0.6554 0.2697 0.0000 0.0749
004260 0.6537 0.2692 0.0000 0.0771
004280 0.6511 0.2718 0.0000 0.0771
004300 0.6504 0.2721 0.0000 0.0776
004320 0.6514 0.2710 0.0000 0.0776
004340 0.6463 0.2754 0.0000 0.0782
004360 0.6505 0.2726 0.0000 0.0769
004380 0.6501 0.2731 0.0000 0.0768
004400 0.6433 0.2767 0.0000 0.0800
004420 0.6357 0.2839 0.0000 0.0804
004440 0.6418 0.2822 0.0000 0.0760
004460 0.6498 0.2750 0.0000 0.0752
004480 0.6510 0.2722 0.0000 0.0768
004500 0.6492 0.2732 0.0000 0.0776
004520 0.6489 0.2734 0.0000 0.0777
004540 0.6494 0.2734 0.0000 0.0772
004560 0.6474 0.2744 0.0000 0.0782
004580 0.6411 0.2805 0.0000 0.0785
004600 0.6401 0.2828 0.0000 0.0771
004620 0.6406 0.2822 0.0000 0.0772
004640 0.6422 0.2822 0.0000 0.0756
004660 0.6490 0.2752 0.0000 0.0757
004680 0.6513 0.2717 0.0000 0.0770
004700 0.6480 0.2740 0.0000 0.0780
004720 0.6491 0.2748 0.0000 0.0761
004740 0.6480 0.2741 0.0000 0.0779
004760 0.6462 0.2772 0.0000 0.0766
004780 0.6398 0.2801 0.0000 0.0801
004800 0.6416 0.2819 0.0000 0.0765
004820 0.6523 0.2744 0.0000 0.0733
004840 0.6570 0.2677 0.0000 0.0753
004860 0.6560 0.2691 0.0000 0.0749
004880 0.6546 0.2694 0.0000 0.0760
004900 0.6537 0.2680 0.0000 0.0784
004920 0.6441 0.2745 0.0000 0.0814
004940 0.6363 0.2826 0.0000 0.0811
004960 0.6377 0.2802 0.0000 0.0821
004980 0.6394 0.2832 0.0000 0.0774
005000 0.6499 0.2755 0.0000 0.0746
005020 0.6531 0.2699 0.0000 0.0770
005040 0.6425 0.2778 0.0000 0.0797
005060 0.6345 0.2867 0.0000 0.0788
005080 0.6383 0.2838 0.0000 0.0779
005100 0.6509 0.2758 0.0000 0.0732
005120 0.6515 0.2707 0.0000 0.0778
005140 0.6429 0.2783 0.0000 0.0788
005160 0.6413 0.2803 0.0000 0.0784
005180 0.6461 0.2771 0.0000 0.0768
005200 0.6476 0.2749 0.0000 0.0776
005220 0.6456 0.2770 0.0000 0.0774
005240 0.6443 0.2785 0.0000 0.0771
005260 0.6445 0.2776 0.0000 0.0778
005280 0.6458 0.2785 0.0000 0.0757
005300 0.6519 0.2720 0.0000 0.0761
005320 0.6542 0.2696 0.0000 0.0762
005340 0.6479 0.2726 0.0000 0.0795
005360 0.6383 0.2808 0.0000 0.0810
005380 0.6364 0.2867 0.0000 0.0769
005400 0.6489 0.2789 0.0000 0.0722
005420 0.6607 0.2639 0.0000 0.0754
005440 0.6575 0.2627 0.0000 0.0798
005460 0.6444 0.2758 0.0000 0.0798
005480 0.6411 0.2775 0.0000 0.0814
005500 0.6332 0.2863 0.0000 0.0804
005520 0.6378 0.2851 0.0000 0.0771
005540 0.6422 0.2805 0.0000 0.0772
005560 0.6451 0.2767 0.0000 0.0783
005580 0.6503 0.2722 0.0000 0.0775
005600 0.6513 0.2726 0.0000 0.0760
005620 0.6557 0.2697 0.0000 0.0746
005640 0.6523 0.2706 0.0000 0.0770
005660 0.6466 0.2751 0.0000 0.0783
005680 0.6440 0.2775 0.0000 0.0786
005700 0.6520 0.2757 0.0000 0.0722
005720 0.6663 0.2617 0.0000 0.0720
005740 0.6572 0.2644 0.0000 0.0784
005760 0.6408 0.2782 0.0000 0.0810
005780 0.6324 0.2859 0.0000 0.0817
005800 0.6330 0.2901 0.0000 0.0770
005820 0.6501 0.2770 0.0000 0.0730
005840 0.6601 0.2657 0.0000 0.0742
005860 0.6585 0.2636 0.0000 0.0779
005880 0.6455 0.2740 0.0000 0.0804
005900 0.6350 0.2860 0.0000 0.0790
005920 0.6419 0.2838 0.0000 0.0743
005940 0.6561 0.2724 0.0000 0.0715
005960 0.6648 0.2610 0.0000 0.0741
005980 0.6579 0.2650 0.0000 0.0771
006000 0.6503 0.2723 0.0000 0.0775
006020 0.6465 0.2772 0.0000 0.0762
006040 0.6491 0.2734 0.0000 0.0774
006060 0.6472 0.2757 0.0000 0.0771
006080 0.6444 0.2775 0.0000 0.0781
006100 0.6437 0.2784 0.0000 0.0780
006120 0.6458 0.2770 0.0000 0.0772
006140 0.6472 0.2770 0.0000 0.0757
006160 0.6572 0.2684 0.0000 0.0744
006180 0.6547 0.2683 0.0000 0.0770
006200 0.6423 0.2787 0.0000 0.0790
006220 0.6412 0.2795 0.0000 0.0792
006240 0.6410 0.2794 0.0000 0.0795
006260 0.6423 0.2796 0.0000 0.0781
006280 0.6478 0.2761 0.0000 0.0761
006300 0.6452 0.2761 0.0000 0.0787
006320 0.6422 0.2791 0.0000 0.0787
006340 0.6463 0.2781 0.0000 0.0755
006360 0.6509 0.2716 0.0000 0.0775
006380 0.6482 0.2744 0.0000 0.0774
006400 0.6484 0.2753 0.0000 0.0764
006420 0.6533 0.2711 0.0000 0.0756
006440 0.6560 0.2690 0.0000 0.0750
006460 0.6499 0.2715 0.0000 0.0786
006480 0.6404 0.2811 0.0000 0.0784
006500 0.6434 0.2817 0.0000 0.0749
006520 0.6512 0.2743 0.0000 0.0744
006540 0.6574 0.2687 0.0000 0.0739
006560 0.6608 0.2660 0.0000 0.0733
006580 0.6553 0.2664 0.0000 0.0783
006600 0.6433 0.2754 0.0000 0.0813
006620 0.6353 0.2849 0.0000 0.0798
006640 0.6333 0.2862 0.0000 0.0805
006660 0.6371 0.2862 0.0000 0.0767
006680 0.6507 0.2775 0.0000 0.0718
006700 0.6590 0.2661 0.0000 0.0749
006720 0.6556 0.2660 0.0000 0.0784
006740 0.6506 0.2729 0.0000 0.0765
006760 0.6518 0.2720 0.0000 0.0762
006780 0.6508 0.2731 0.0000 0.0761
006800 0.6553 0.2678 0.0000 0.0770
006820 0.6519 0.2690 0.0000 0.0791
006840 0.6451 0.2769 0.0000 0.0780
006860 0.6463 0.2766 0.0000 0.0771
006880 0.6448 0.2754 0.0000 0.0797
006900 0.6388 0.2835 0.0000 0.0777
006920 0.6439 0.2804 0.0000 0.0757
006940 0.6450 0.2768 0.0000 0.0782
006960 0.6423 0.2785 0.0000 0.0793
006980 0.6473 0.2754 0.0000 0.0773
007000 0.6479 0.2709 0.0000 0.0812
007020 0.6399 0.2779 0.0000 0.0822
007040 0.6318 0.2876 0.0000 0.0806
007060 0.6305 0.2899 0.0000 0.0796
007080 0.6393 0.2832 0.0000 0.0776
007100 0.6472 0.2800 0.0000 0.0728
007120 0.6590 0.2695 0.0000 0.0716
007140 0.6653 0.2602 0.0000 0.0745
007160 0.6586 0.2633 0.0000 0.0781
007180 0.6487 0.2723 0.0000 0.0791
007200 0.6450 0.2785 0.0000 0.0765
007220 0.6470 0.2759 0.0000 0.0771
007240 0.6486 0.2736 0.0000 0.0778
007260 0.6495 0.2721 0.0000 0.0784
007280 0.6399 0.2818 0.0000 0.0783
007300 0.6442 0.2784 0.0000 0.0774
007320 0.6509 0.2708 0.0000 0.0783
007340 0.6467 0.2723 0.0000 0.0810
007360 0.6408 0.2790 0.0000 0.0802
007380 0.6459 0.2773 0.0000 0.0768
007400 0.6503 0.2757 0.0000 0.0740
007420 0.6539 0.2695 0.0000 0.0766
007440 0.6518 0.2690 0.0000 0.0791
007460 0.6473 0.2736 0.0000 0.0791
007480 0.6458 0.2778 0.0000 0.0763
007500 0.6525 0.2707 0.0000 0.0769
007520 0.6514 0.2705 0.0000 0.0781
007540 0.6460 0.2765 0.0000 0.0775
007560 0.6460 0.2784 0.0000 0.0756
007580 0.6525 0.2730 0.0000 0.0745
007600 0.6547 0.2682 0.0000 0.0771
007620 0.6519 0.2699 0.0000 0.0782
007640 0.6484 0.2755 0.0000 0.0761
007660 0.6493 0.2753 0.0000 0.0755
007680 0.6565 0.2686 0.0000 0.0748
007700 0.6616 0.2641 0.0000 0.0744
007720 0.6609 0.2643 0.0000 0.0748
007740 0.6529 0.2708 0.0000 0.0763
007760 0.6518 0.2726 0.0000 0.0756
007780 0.6514 0.2717 0.0000 0.0770
007800 0.6511 0.2718 0.0000 0.0771
007820 0.6484 0.2732 0.0000 0.0784
007840 0.6443 0.2760 0.0000 0.0797
007860 0.6385 0.2800 0.0000 0.0815
007880 0.6349 0.2849 0.0000 0.0802
007900 0.6388 0.2850 0.0000 0.0761
007920 0.6541 0.2719 0.0000 0.0740
007940 0.6570 0.2651 0.0000 0.0779
007960 0.6485 0.2734 0.0000 0.0781
007980 0.6430 0.2785 0.0000 0.0785
008000 0.6407 0.2790 0.0000 0.0803
008020 0.6384 0.2812 0.0000 0.0804
008040 0.6377 0.2860 0.0000 0.0763
008060 0.6495 0.2779 0.0000 0.0726
008080 0.6595 0.2674 0.0000 0.0731
008100 0.6633 0.2641 0.0000 0.0726
008120 0.6600 0.2626 0.0000 0.0774
008140 0.6467 0.2726 0.0000 0.0807
008160 0.6372 0.2847 0.0000 0.0780
008180 0.6443 0.2802 0.0000 0.0754
008200 0.6530 0.2701 0.0000 0.0769
008220 0.6487 0.2732 0.0000 0.0781
008240 0.6419 0.2799 0.0000 0.0782
008260 0.6457 0.2782 0.0000 0.0761
008280 0.6473 0.2745 0.0000 0.0782
008300 0.6480 0.2748 0.0000 0.0772
008320 0.6542 0.2732 0.0000 0.0725
008340 0.6609 0.2670 0.0000 0.0722
008360 0.6605 0.2639 0.0000 0.0756
008380 0.6486 0.2714 0.0000 0.0800
008400 0.6374 0.2822 0.0000 0.0804
008420 0.6317 0.2868 0.0000 0.0815
008440 0.6351 0.2865 0.0000 0.0784
008460 0.6506 0.2758 0.0000 0.0736
008480 0.6607 0.2630 0.0000 0.0763
008500 0.6544 0.2672 0.0000 0.0785
008520 0.6482 0.2740 0.0000 0.0778
008540 0.6472 0.2770 0.0000 0.0758
008560 0.6487 0.2751 0.0000 0.0762
008580 0.6480 0.2732 0.0000 0.0788
008600 0.6465 0.2740 0.0000 0.0795
008620 0.6409 0.2782 0.0000 0.0809
008640 0.6428 0.2804 0.0000 0.0768
008660 0.6451 0.2790 0.0000 0.0759
008680 0.6507 0.2748 0.0000 0.0745
008700 0.6564 0.2695 0.0000 0.0742
008720 0.6569 0.2677 0.0000 0.0754
008740 0.6510 0.2683 0.0000 0.0807
008760 0.6392 0.2792 0.0000 0.0816
008780 0.6354 0.2864 0.0000 0.0782
008800 0.6393 0.2836 0.0000 0.0771
008820 0.6466 0.2762 0.0000 0.0773
008840 0.6522 0.2737 0.0000 0.0741
008860 0.6568 0.2672 0.0000 0.0760
008880 0.6517 0.2697 0.0000 0.0787
008900 0.6427 0.2792 0.0000 0.0781
008920 0.6466 0.2772 0.0000 0.0762
008940 0.6461 0.2772 0.0000 0.0768
008960 0.6487 0.2741 0.0000 0.0773
008980 0.6516 0.2711 0.0000 0.0773
009000 0.6465 0.2754 0.0000 0.0782
009020 0.6414 0.2818 0.0000 0.0768
009040 0.6465 0.2778 0.0000 0.0757
009060 0.6533 0.2722 0.0000 0.0745
009080 0.6581 0.2662 0.0000 0.0757
009100 0.6558 0.2702 0.0000 0.0740
009120 0.6551 0.2688 0.0000 0.0761
009140 0.6477 0.2720 0.0000 0.0803
009160 0.6385 0.2829 0.0000 0.0787
009180 0.6391 0.2846 0.0000 0.0762
009200 0.6529 0.2728 0.0000 0.0743
009220 0.6582 0.2657 0.0000 0.0761
009240 0.6544 0.2676 0.0000 0.0780
009260 0.6441 0.2777 0.0000 0.0782
009280 0.6436 0.2775 0.0000 0.0789
009300 0.6457 0.2757 0.0000 0.0786
009320 0.6444 0.2773 0.0000 0.0783
009340 0.6440 0.2801 0.0000 0.0759
009360 0.6534 0.2719 0.0000 0.0747
009380 0.6586 0.2658 0.0000 0.0756
009400 0.6444 0.2756 0.0000 0.0801
009420 0.6353 0.2854 0.0000 0.0792
009440 0.6402 0.2847 0.0000 0.0751
009460 0.6541 0.2728 0.0000 0.0731
009480 0.6618 0.2622 0.0000 0.0760
009500 0.6554 0.2687 0.0000 0.0759
009520 0.6455 0.2751 0.0000 0.0794
009540 0.6371 0.2838 0.0000 0.0791
009560 0.6361 0.2834 0.0000 0.0805
009580 0.6346 0.2864 0.0000 0.0791
009600 0.6432 0.2801 0.0000 0.0768
009620 0.6471 0.2739 0.0000 0.0790
009640 0.6384 0.2822 0.0000 0.0794
009660 0.6395 0.2863 0.0000 0.0742
009680 0.6550 0.2728 0.0000 0.0722
009700 0.6637 0.2620 0.0000 0.0742
009720 0.6593 0.2625 0.0000 0.0782
009740 0.6490 0.2730 0.0000 0.0780
009760 0.6442 0.2777 0.0000 0.0781
009780 0.6505 0.2737 0.0000 0.0758
009800 0.6566 0.2676 0.0000 0.0758
009820 0.6528 0.2692 0.0000 0.0780
009840 0.6478 0.2738 0.0000 0.0785
009860 0.6429 0.2777 0.0000 0.0793
009880 0.6370 0.2817 0.0000 0.0813
009900 0.6353 0.2850 0.0000 0.0796
009920 0.6377 0.2829 0.0000 0.0794
009940 0.6423 0.2802 0.0000 0.0775
009960 0.6476 0.2757 0.0000 0.0767
009980 0.6510 0.2725 0.0000 0.0765
010000 0.6466 0.2743 0.0000 0.0791
010020 0.6423 0.2782 0.0000 0.0795
010040 0.6423 0.2782 0.0000 0.0795
010060 0.6423 0.2782 0.0000 0.0795
010080 0.6423 0.2782 0.0000 0.0795
010100 0.6423 0.2782 0.0000 0.0795
010120 0.6423 0.2782 0.0000 0.0795
010140 0.6423 0.2782 0.0000 0.0795
010160 0.6423 0.2782 0.0000 0.0795
010180 0.6423 0.2782 0.0000 0.0795
010200 0.6423 0.2782 0.0000 0.0795
010220 0.6423 0.2782 0.0000 0.0795
010240 0.6423 0.2782 0.0000 0.0795
010260 0.6423 0.2782 0.0000 0.0795
010280 0.6423 0.2782 0.0000 0.0795
010300 0.6423 0.2782 0.0000 0.0795
010320 0.6423 0.2782 0.0000 0.0795
010340 0.6423 0.2782 0.0000 0.0795
010360 0.6423 0.2782 0.0000 0.0795
010380 0.6423 0.2782 0.0000 0.0795
010400 0.6423 0.2782 0.0000 0.0795
010420 0.6423 0.2782 0.0000 0.0795
010440 0.6423 0.2782 0.0000 0.0795
010460 0.6423 0.2782 0.0000 0.0795
010480 0.6423 0.2782 0.0000 0.0795
010500 0.6423 0.2782 0.0000 0.0795
010520 0.6423 0.2782 0.0000 0.0795
010540 0.6423 0.2782 0.0000 0.0795
010560 0.6423 0.2782 0.0000 0.0795
010580 0.6423 0.2782 0.0000 0.0795
010600 0.6423 0.2782 0.0000 0.0795
010620 0.6423 0.2782 0.0000 0.0795
010640 0.6423 0.2782 0.0000 0.0795
010660 0.6423 0.2782 0.0000 0.0795
010680 0.6423 0.2782 0.0000 0.0795
010700 0.6423 0.2782 0.0000 0.0795
010720 0.6423 0.2782 0.0000 0.0795
010740 0.6423 0.2782 0.0000 0.0795
010760 0.6423 0.2782 0.0000 0.0795
010780 0.6423 0.2782 0.0000 0.0795
010800 0.6423 0.2782 0.0000 0.0795
010820 0.6423 0.2782 0.0000 0.0795
010840 0.6423 0.2782 0.0000 0.0795
010860 0.6423 0.2782 0.0000 0.0795
010880 0.6423 0.2782 0.0000 0.0795
010900 0.6423 0.2782 0.0000 0.0795
010920 0.6423 0.2782 0.0000 0.0795
010940 0.6423 0.2782 0.0000 0.0795
010960 0.6423 0.2782 0.0000 0.0795
010980 0.6423 0.2782 0.0000 0.0795
011000 0.6423 0.2782 0.0000 0.0795
011020 0.6423 0.2782 0.0000 0.0795
011040 0.6423 0.2782 0.0000 0.0795
011060 0.6423 0.2782 0.0000 0.0795
011080 0.6423 0.2782 0.0000 0.0795
011100 0.6423 0.2782 0.0000 0.0795
011120 0.6423 0.2782 0.0000 0.0795
011140 0.6423 0.2782 0.0000 0.0795
011160 0.6423 0.2782 0.0000 0.0795
011180 0.6423 0.2782 0.0000 0.0795
011200 0.6423 0.2782 0.0000 0.0795
011220 0.6423 0.2782 0.0000 0.0795
011240 0.6423 0.2782 0.0000 0.0795
011260 0.6423 0.2782 0.0000 0.0795
011280 0.6423 0.2782 0.0000 0.0795
011300 0.6423 0.2782 0.0000 0.0795
011320 0.6423 0.2782 0.0000 0.0795
011340 0.6423 0.2782 0.0000 0.0795
011360 0.6423 0.2782 0.0000 0.0795
011380 0.6423 0.2782 0.0000 0.0795
011400 0.6423 0.2782 0.0000 0.0795
011420 0.6423 0.2782 0.0000 0.0795
011440 0.6423 0.2782 0.0000 0.0795
011460 0.6423 0.2782 0.0000 0.0795
011480 0.6423 0.2782 0.0000 0.0795
011500 0.6423 0.2782 0.0000 0.0795
011520 0.6423 0.2782 0.0000 0.0795
011540 0.6423 0.2782 0.0000 0.0795
011560 0.6423 0.2782 0.0000 0.0795
011580 0.6423 0.2782 0.0000 0.0795
011600 0.6423 0.2782 0.0000 0.0795
011620 0.6423 0.2782 0.0000 0.0795
011640 0.6423 0.2782 0.0000 0.0795
011660 0.6423 0.2782 0.0000 0.0795
011680 0.6423 0.2782 0.0000 0.0795
011700 0.6423 0.2782 0.0000 0.0795
011720 0.6423 0.2782 0.0000 0.0795
011740 0.6423 0.2782 0.0000 0.0795
011760 0.6423 0.2782 0.0000 0.0795
011780 0.6423 0.2782 0.0000 0.0795
011800 0.6423 0.2782 0.0000 0.0795
011820 0.6423 0.2782 0.0000 0.0795
011840 0.6423 0.2782 0.0000 0.0795
011860 0.6423 0.2782 0.0000 0.0795
011880 0.6423 0.2782 0.0000 0.0795
011900 0.6423 0.2782 0.0000 0.0795
011920 0.6423 0.2782 0.0000 0.0795
011940 0.6423 0.2782 0.0000 0.0795
011960 0.6423 0.2782 0.0000 0.0795
011980 0.6423 0.2782 0.0000 0.0795
012000 0.6423 0.2782 0.0000 0.0795
012020 0.6423 0.2782 0.0000 0.0795
012040 0.6423 0.2782 0.0000 0.0795
012060 0.6423 0.2782 0.0000 0.0795
012080 0.6423 0.2782 0.0000 0.0795
012100 0.6423 0.2782 0.0000 0.0795
012120 0.6423 0.2782 0.0000 0.0795
012140 0.6423 0.2782 0.0000 0.0795
012160 0.6423 0.2782 0.0000 0.0795
012180 0.6423 0.2782 0.0000 0.0795
012200 0.6423 0.2782 0.0000 0.0795
012220 0.6423 0.2782 0.0000 0.0795
012240 0.6423 0.2782 0.0000 0.0795
012260 0.6423 0.2782 0.0000 0.0795
012280 0.6423 0.2782 0.0000 0.0795
012300 0.6423 0.2782 0.0000 0.0795
012320 0.6423 0.2782 0.0000 0.0795
012340 0.6423 0.2782 0.0000 0.0795
012360 0.6423 0.2782 0.0000 0.0795
012380 0.6423 0.2782 0.0000 0.0795
012400 0.6423 0.2782 0.0000 0.0795
012420 0.6423 0.2782 0.0000 0.0795
012440 0.6423 0.2782 0.0000 0.0795
012460 0.6423 0.2782 0.0000 0.0795
012480 0.6423 0.2782 0.0000 0.0795
012500 0.6423 0.2782 0.0000 0.0795
012520 0.6423 0.2782 0.0000 0.0795
012540 0.6423 0.2782 0.0000 0.0795
012560 0.6423 0.2782 0.0000 0.0795
012580 0.6423 0.2782 0.0000 0.0795
012600 0.6423 0.2782 0.0000 0.0795
012620 0.6423 0.2782 0.0000 0.0795
012640 0.6423 0.2782 0.0000 0.0795
012660 0.6423 0.2782 0.0000 0.0795
012680 0.6423 0.2782 0.0000 0.0795
012700 0.6423 0.2782 0.0000 0.0795
012720 0.6423 0.2782 0.0000 0.0795
012740 0.6423 0.2782 0.0000 0.0795
012760 0.6423 0.2782 0.0000 0.0795
012780 0.6423 0.2782 0.0000 0.0795
012800 0.6423 0.2782 0.0000 0.0795
012820 0.6423 0.2782 0.0000 0.0795
012840 0.6423 0.2782 0.0000 0.0795
012860 0.6423 0.2782 0.0000 0.0795
012880 0.6423 0.2782 0.0000 0.0795
012900 0.6423 0.2782 0.0000 0.0795
012920 0.6423 0.2782 0.0000 0.0795
012940 0.6423 0.2782 0.0000 0.0795
012960 0.6423 0.2782 0.0000 0.0795
012980 0.6423 0.2782 0.0000 0.0795
013000 0.6423 0.2782 0.0000 0.0795
013020 0.6423 0.2782 0.0000 0.0795
013040 0.6423 0.2782 0.0000 0.0795
013060 0.6423 0.2782 0.0000 0.0795
013080 0.6423 0.2782 0.0000 0.0795
013100 0.6423 0.2782 0.0000 0.0795
013120 0.6423 0.2782 0.0000 0.0795
013140 0.6423 0.2782 0.0000 0.0795
013160 0.6423 0.2782 0.0000 0.0795
013180 0.6423 0.2782 0.0000 0.0795
013200 0.6423 0.2782 0.0000 0.0795
013220 0.6423 0.2782 0.0000 0.0795
013240 0.6423 0.2782 0.0000 0.0795
013260 0.6423 0.2782 0.0000 0.0795
013280 0.6423 0.2782 0.0000 0.0795
013300 0.6423 0.2782 0.0000 0.0795
013320 0.6423 0.2782 0.0000 0.0795
013340 0.6423 0.2782 0.0000 0.0795
013360 0.6423 0.2782 0.0000 0.0795
013380 0.6423 0.2782 0.0000 0.0795
013400 0.6423 0.2782 0.0000 0.0795
013420 0.6423 0.2782 0.0000 0.0795
013440 0.6423 0.2782 0.0000 0.0795
013460 0.6423 0.2782 0.0000 0.0795
013480 0.6423 0.2782 0.0000 0.0795
013500 0.6423 0.2782 0.0000 0.0795
013520 0.6423 0.2782 0.0000 0.0795
013540 0.6423 0.2782 0.0000 0.0795
013560 0.6423 0.2782 0.0000 0.0795
013580 0.6423 0.2782 0.0000 0.0795
013600 0.6423 0.2782 0.0000 0.0795
013620 0.6423 0.2782 0.0000 0.0795
013640 0.6423 0.2782 0.0000 0.0795
013660 0.6423 0.2782 0.0000 0.0795
013680 0.6423 0.2782 0.0000 0.0795
013700 0.6423 0.2782 0.0000 0.0795
013720 0.6423 0.2782 0.0000 0.0795
013740 0.6423 0.2782 0.0000 0.0795
013760 0.6423 0.2782 0.0000 0.0795
013780 0.6423 0.2782 0.0000 0.0795
013800 0.6423 0.2782 0.0000 0.0795
013820 0.6423 0.2782 0.0000 0.0795
013840 0.6423 0.2782 0.0000 0.0795
013860 0.6423 0.2782 0.0000 0.0795
013880 0.6423 0.2782 0.0000 0.0795
013900 0.6423 0.2782 0.0000 0.0795
013920 0.6423 0.2782 0.0000 0.0795
013940 0.6423 0.2782 0.0000 0.0795
013960 0.6423 0.2782 0.0000 0.0795
013980 0.6423 0.2782 0.0000 0.0795
014000 0.6423 0.2782 0.0000 0.0795
014020 0.6423 0.2782 0.0000 0.0795
014040 0.6423 0.2782 0.0000 0.0795
014060 0.6423 0.2782 0.0000 0.0795
014080 0.6423 0.2782 0.0000 0.0795
014100 0.6423 0.2782 0.0000 0.0795
014120 0.6423 0.2782 0.0000 0.0795
014140 0.6423 0.2782 0.0000 0.0795
014160 0.6423 0.2782 0.0000 0.0795
014180 0.6423 0.2782 0.0000 0.0795
014200 0.6423 0.2782 0.0000 0.0795
014220 0.6423 0.2782 0.0000 0.0795
014240 0.6423 0.2782 0.0000 0.0795
014260 0.6423 0.2782 0.0000 0.0795
014280 0.6423 0.2782 0.0000 0.0795
014300 0.6423 0.2782 0.0000 0.0795
014320 0.6423 0.2782 0.0000 0.0795
014340 0.6423 0.2782 0.0000 0.0795
014360 0.6423 0.2782 0.0000 0.0795
014380 0.6423 0.2782 0.0000 0.0795
014400 0.6423 0.2782 0.0000 0.0795
014420 0.6423 0.2782 0.0000 0.0795
014440 0.6423 0.2782 0.0000 0.0795
014460 0.6423 0.2782 0.0000 0.0795
014480 0.6423 0.2782 0.0000 0.0795
014500 0.6423 0.2782 0.0000 0.0795
014520 0.6423 0.2782 0.0000 0.0795
014540 0.6423 0.2782 0.0000 0.0795
014560 0.6423 0.2782 0.0000 0.0795
014580 0.6423 0.2782 0.0000 0.0795
014600 0.6423 0.2782 0.0000 0.0795
014620 0.6423 0.2782 0.0000 0.0795
014640 0.6423 0.2782 0.0000 0.0795
014660 0.6423 0.2782 0.0000 0.0795
014680 0.6423 0.2782 0.0000 0.0795
014700 0.6423 0.2782 0.0000 0.0795
014720 0.6423 0.2782 0.0000 0.0795
014740 0.6423 0.2782 0.0000 0.0795
014760 0.6423 0.2782 0.0000 0.0795
014780 0.6423 0.2782 0.0000 0.0795
014800 0.6423 0.2782 0.0000 0.0795
014820 0.6423 0.2782 0.0000 0.0795
014840 0.6423 0.2782 0.0000 0.0795
014860 0.6423 0.2782 0.0000 0.0795
014880 0.6423 0.2782 0.0000 0.0795
014900 0.6423 0.2782 0.0000 0.0795
014920 0.6423 0.2782 0.0000 0.0795
014940 0.6423 0.2782 0.0000 0.0795
014960 0.6423 0.2782 0.0000 0.0795
014980 0.6423 0.2782 0.0000 0.0795
015000 0.6423 0.2782 0.0000 0.0795
015020 0.6423 0.2782 0.0000 0.0795
015040 0.6423 0.2782 0.0000 0.0795
015060 0.6423 0.2782 0.0000 0.0795
015080 0.6423 0.2782 0.0000 0.0795
015100 0.6423 0.2782 0.0000 0.0795
015120 0.6423 0.2782 0.0000 0.0795
015140 0.6423 0.2782 0.0000 0.0795
015160 0.6423 0.2782 0.0000 0.0795
015180 0.6423 0.2782 0.0000 0.0795
015200 0.6423 0.2782 0.0000 0.0795
015220 0.6423 0.2782 0.0000 0.0795
015240 0.6423 0.2782 0.0000 0.0795
015260 0.6423 0.2782 0.0000 0.0795
015280 0.6423 0.2782 0.0000 0.0795
015300 0.6423 0.2782 0.0000 0.0795
015320 0.6423 0.2782 0.0000 0.0795
015340 0.6423 0.2782 0.0000 0.0795
015360 0.6423 0.2782 0.0000 0.0795
015380 0.6423 0.2782 0.0000 0.0795
015400 0.6423 0.2782 0.0000 0.0795
015420 0.6423 0.2782 0.0000 0.0795
015440 0.6423 0.2782 0.0000 0.0795
015460 0.6423 0.2782 0.0000 0.0795
015480 0.6423 0.2782 0.0000 0.0795
015500 0.6423 0.2782 0.0000 0.0795
015520 0.6423 0.2782 0.0000 0.0795
015540 0.6423 0.2782 0.0000 0.0795
015560 0.6423 0.2782 0.0000 0.0795
015580 0.6423 0.2782 0.0000 0.0795
015600 0.6423 0.2782 0.0000 0.0795
015620 0.6423 0.2782 0.0000 0.0795
015640 0.6423 0.2782 0.0000 0.0795
015660 0.6423 0.2782 0.0000 0.0795
015680 0.6423 0.2782 0.0000 0.0795
015700 0.6423 0.2782 0.0000 0.0795
015720 0.6423 0.2782 0.0000 0.0795
015740 0.6423 0.2782 0.0000 0.0795
015760 0.6423 0.2782 0.0000 0.0795
015780 0.6423 0.2782 0.0000 0.0795
015800 0.6423 0.2782 0.0000 0.0795
015820 0.6423 0.2782 0.0000 0.0795
015840 0.6423 0.2782 0.0000 0.0795
015860 0.6423 0.2782 0.0000 0.0795
015880 0.6423 0.2782 0.0000 0.0795
015900 0.6423 0.2782 0.0000 0.0795
015920 0.6423 0.2782 0.0000 0.0795
015940 0.6423 0.2782 0.0000 0.0795
015960 0.6423 0.2782 0.0000 0.0795
015980 0.6423 0.2782 0.0000 0.0795
016000 0.6423 0.2782 0.0000 0.0795
016020 0.6423 0.2782 0.0000 0.0795
016040 0.6423 0.2782 0.0000 0.0795
016060 0.6423 0.2782 0.0000 0.0795
016080 0.6423 0.2782 0.0000 0.0795
016100 0.6423 0.2782 0.0000 0.0795
016120 0.6423 0.2782 0.0000 0.0795
016140 0.6423 0.2782 0.0000 0.0795
016160 0.6423 0.2782 0.0000 0.0795
016180 0.6423 0.2782 0.0000 0.0795
016200 0.6423 0.2782 0.0000 0.0795
016220 0.6423 0.2782 0.0000 0.0795
016240 0.6423 0.2782 0.0000 0.0795
016260 0.6423 0.2782 0.0000 0.0795
016280 0.6423 0.2782 0.0000 0.0795
016300 0.6423 0.2782 0.0000 0.0795
016320 0.6423 0.2782 0.0000 0.0795
016340 0.6423 0.2782 0.0000 0.0795
016360 0.6423 0.2782 0.0000 0.0795
016380 0.6423 0.2782 0.0000 0.0795
016400 0.6423 0.2782 0.0000 0.0795
016420 0.6423 0.2782 0.0000 0.0795
016440 0.6423 0.2782 0.0000 0.0795
016460 0.6423 0.2782 0.0000 0.0795
016480 0.6423 0.2782 0.0000 0.0795
016500 0.6423 0.2782 0.0000 0.0795
016520 0.6423 0.2782 0.0000 0.0795
016540 0.6423 0.2782 0.0000 0.0795
016560 0.6423 0.2782 0.0000 0.0795
016580 0.6423 0.2782 0.0000 0.0795
016600 0.6423 0.2782 0.0000 0.0795
016620 0.6423 0.2782 0.0000 0.0795
016640 0.6423 0.2782 0.0000 0.0795
016660 0.6423 0.2782 0.0000 0.0795
016680 0.6423 0.2782 0.0000 0.0795
016700 0.6423 0.2782 0.0000 0.0795
016720 0.6423 0.2782 0.0000 0.0795
016740 0.6423 0.2782 0.0000 0.0795
016760 0.6423 0.2782 0.0000 0.0795
016780 0.6423 0.2782 0.0000 0.0795
016800 0.6423 0.2782 0.0000 0.0795
016820 0.6423 0.2782 0.0000 0.0795
016840 0.6423 0.2782 0.0000 0.0795
016860 0.6423 0.2782 0.0000 0.0795
016880 0.6423 0.2782 0.0000 0.0795
016900 0.6423 0.2782 0.0000 0.0795
016920 0.6423 0.2782 0.0000 0.0795
016940 0.6423 0.2782 0.0000 0.0795
016960 0.6423 0.2782 0.0000 0.0795
016980 0.6423 0.2782 0.0000 0.0795
017000 0.6423 0.2782 0.0000 0.0795
017020 0.6423 0.2782 0.0000 0.0795
017040 0.6423 0.2782 0.0000 0.0795
017060 0.6423 0.2782 0.0000 0.0795
017080 0.6423 0.2782 0.0000 0.0795
017100 0.6423 0.2782 0.0000 0.0795
017120 0.6423 0.2782 0.0000 0.0795
017140 0.6423 0.2782 0.0000 0.0795
017160 0.6423 0.2782 0.0000 0.0795
017180 0.6423 0.2782 0.0000 0.0795
017200 0.6423 0.2782 0.0000 0.0795
017220 0.6423 0.2782 0.0000 0.0795
017240 0.6423 0.2782 0.0000 0.0795
017260 0.6423 0.2782 0.0000 0.0795
017280 0.6423 0.2782 0.0000 0.0795
017300 0.6423 0.2782 0.0000 0.0795
017320 0.6423 0.2782 0.0000 0.0795
017340 0.6423 0.2782 0.0000 0.0795
017360 0.6423 0.2782 0.0000 0.0795
017380 0.6423 0.2782 0.0000 0.0795
017400 0.6423 0.2782 0.0000 0.0795
017420 0.6423 0.2782 0.0000 0.0795
017440 0.6423 0.2782 0.0000 0.0795
017460 0.6423 0.2782 0.0000 0.0795
017480 0.6423 0.2782 0.0000 0.0795
017500 0.6423 0.2782 0.0000 0.0795
017520 0.6423 0.2782 0.0000 0.0795
017540 0.6423 0.2782 0.0000 0.0795
017560 0.6423 0.2782 0.0000 0.0795
017580 0.6423 0.2782 0.0000 0.0795
017600 0.6423 0.2782 0.0000 0.0795
017620 0.6423 0.2782 0.0000 0.0795
017640 0.6423 0.2782 0.0000 0.0795
017660 0.6423 0.2782 0.0000 0.0795
017680 0.6423 0.2782 0.0000 0.0795
017700 0.6423 0.2782 0.0000 0.0795
017720 0.6423 0.2782 0.0000 0.0795
017740 0.6423 0.2782 0.0000 0.0795
017760 0.6423 0.2782 0.0000 0.0795
017780 0.6423 0.2782 0.0000 0.0795
017800 0.6423 0.2782 0.0000 0.0795
017820 0.6423 0.2782 0.0000 0.0795
017840 0.6423 0.2782 0.0000 0.0795
017860 0.6423 0.2782 0.0000 0.0795
017880 0.6423 0.2782 0.0000 0.0795
017900 0.6423 0.2782 0.0000 0.0795
017920 0.6423 0.2782 0.0000 0.0795
017940 0.6423 0.2782 0.0000 0.0795
017960 0.6423 0.2782 0.0000 0.0795
017980 0.6423 0.2782 0.0000 0.0795
018000 0.6423 0.2782 0.0000 0.0795
018020 0.6423 0.2782 0.0000 0.0795
018040 0.6423 0.2782 0.0000 0.0795
018060 0.6423 0.2782 0.0000 0.0795
018080 0.6423 0.2782 0.0000 0.0795
018100 0.6423 0.2782 0.0000 0.0795
018120 0.6423 0.2782 0.0000 0.0795
018140 0.6423 0.2782 0.0000 0.0795
018160 0.6423 0.2782 0.0000 0.0795
018180 0.6423 0.2782 0.0000 0.0795
018200 0.6423 0.2782 0.0000 0.0795
018220 0.6423 0.2782 0.0000 0.0795
018240 0.6423 0.2782 0.0000 0.0795
018260 0.6423 0.2782 0.0000 0.0795
018280 0.6423 0.2782 0.0000 0.0795
018300 0.6423 0.2782 0.0000 0.0795
018320 0.6423 0.2782 0.0000 0.0795
018340 0.6423 0.2782 0.0000 0.0795
018360 0.6423 0.2782 0.0000 0.0795
018380 0.6423 0.2782 0.0000 0.0795
018400 0.6423 0.2782 0.0000 0.0795
018420 0.6423 0.2782 0.0000 0.0795
018440 0.6423 0.2782 0.0000 0.0795
018460 0.6423 0.2782 0.0000 0.0795
018480 0.6423 0.2782 0.0000 0.0795
018500 0.6423 0.2782 0.0000 0.0795
018520 0.6423 0.2782 0.0000 0.0795
018540 0.6423 0.2782 0.0000 0.0795
018560 0.6423 0.2782 0.0000 0.0795
018580 0.6423 0.2782 0.0000 0.0795
018600 0.6423 0.2782 0.0000 0.0795
018620 0.6423 0.2782 0.0000 0.0795
018640 0.6423 0.2782 0.0000 0.0795
018660 0.6423 0.2782 0.0000 0.0795
018680 0.6423 0.2782 0.0000 0.0795
018700 0.6423 0.2782 0.0000 0.0795
018720 0.6423 0.2782 0.0000 0.0795
018740 0.6423 0.2782 0.0000 0.0795
018760 0.6423 0.2782 0.0000 0.0795
018780 0.6423 0.2782 0.0000 0.0795
018800 0.6423 0.2782 0.0000 0.0795
018820 0.6423 0.2782 0.0000 0.0795
018840 0.6423 0.2782 0.0000 0.0795
018860 0.6423 0.2782 0.0000 0.0795
018880 0.6423 0.2782 0.0000 0.0795
018900 0.6423 0.2782 0.0000 0.0795
018920 0.6423 0.2782 0.0000 0.0795
018940 0.6423 0.2782 0.0000 0.0795
018960 0.6423 0.2782 0.0000 0.0795
018980 0.6423 0.2782 0.0000 0.0795
019000 0.6423 0.2782 0.0000 0.0795
019020 0.6423 0.2782 0.0000 0.0795
019040 0.6423 0.2782 0.0000 0.0795
019060 0.6423 0.2782 0.0000 0.0795
019080 0.6423 0.2782 0.0000 0.0795
019100 0.6423 0.2782 0.0000 0.0795
019120 0.6423 0.2782 0.0000 0.0795
019140 0.6423 0.2782 0.0000 0.0795
019160 0.6423 0.2782 0.0000 0.0795
019180 0.6423 0.2782 0.0000 0.0795
019200 0.6423 0.2782 0.0000 0.0795
019220 0.6423 0.2782 0.0000 0.0795
019240 0.6423 0.2782 0.0000 0.0795
019260 0.6423 0.2782 0.0000 0.0795
019280 0.6423 0.2782 0.0000 0.0795
019300 0.6423 0.2782 0.0000 0.0795
019320 0.6423 0.2782 0.0000 0.0795
019340 0.6423 0.2782 0.0000 0.0795
019360 0.6423 0.2782 0.0000 0.0795
019380 0.6423 0.2782 0.0000 0.0795
019400 0.6423 0.2782 0.0000 0.0795
019420 0.6423 0.2782 0.0000 0.0795
019440 0.6423 0.2782 0.0000 0.0795
019460 0.6423 0.2782 0.0000 0.0795
019480 0.6423 0.2782 0.0000 0.0795
019500 0.6423 0.2782 0.0000 0.0795
019520 0.6423 0.2782 0.0000 0.0795
019540 0.6423 0.2782 0.0000 0.0795
019560 0.6423 0.2782 0.0000 0.0795
019580 0.6423 0.2782 0.0000 0.0795
019600 0.6423 0.2782 0.0000 0.0795
019620 0.6423 0.2782 0.0000 0.0795
019640 0.6423 0.2782 0.0000 0.0795
019660 0.6423 0.2782 0.0000 0.0795
019680 0.6423 0.2782 0.0000 0.0795
019700 0.6423 0.2782 0.0000 0.0795
019720 0.6423 0.2782 0.0000 0.0795
019740 0.6423 0.2782 0.0000 0.0795
019760 0.6423 0.2782 0.0000 0.0795
019780 0.6423 0.2782 0.0000 0.0795
019800 0.6423 0.2782 0.0000 0.0795
019820 0.6423 0.2782 0.0000 0.0795
019840 0.6423 0.2782 0.0000 0.0795
019860 0.6423 0.2782 0.0000 0.0795
019880 0.6423 0.2782 0.0000 0.0795
019900 0.6423 0.2782 0.0000 0.0795
019920 0.6423 0.2782 0.0000 0.0795
019940 0.6423 0.2782 0.0000 0.0795
019960 0.6423 0.2782 0.0000 0.0795
019980 0.6423 0.2782 0.0000 0.0795
020000 0.6423 0.2782 0.0000 0.0795
