000000 0.2494 0.2502 0.2499 0.2505
000020 0.4059 0.5802 0.0000 0.0139
000040 0.7948 0.1947 0.0000 0.0105
000060 0.9054 0.0714 0.0000 0.0232
000080 0.8506 0.1003 0.0000 0.0491
000100 0.7406 0.1834 0.0000 0.0761
000120 0.6243 0.2880 0.0000 0.0877
000140 0.5483 0.3673 0.0000 0.0844
000160 0.5360 0.3946 0.0000 0.0694
000180 0.5756 0.3659 0.0000 0.0585
000200 0.6259 0.3214 0.0000 0.0527
000220 0.6550 0.2884 0.0000 0.0565
000240 0.6475 0.2853 0.0000 0.0672
000260 0.6214 0.3081 0.0000 0.0706
000280 0.6059 0.3259 0.0000 0.0682
000300 0.6058 0.3272 0.0000 0.0670
000320 0.6119 0.3223 0.0000 0.0659
000340 0.6185 0.3187 0.0000 0.0628
000360 0.6275 0.3097 0.0000 0.0628
000380 0.6262 0.3053 0.0000 0.0685
000400 0.6047 0.3232 0.0000 0.0721
000420 0.5922 0.3402 0.0000 0.0676
000440 0.5978 0.3354 0.0000 0.0668
000460 0.6098 0.3267 0.0000 0.0635
000480 0.6203 0.3156 0.0000 0.0641
000500 0.6227 0.3112 0.0000 0.0660
000520 0.6170 0.3138 0.0000 0.0692
000540 0.6088 0.3217 0.0000 0.0695
000560 0.5973 0.3333 0.0000 0.0694
000580 0.5997 0.3353 0.0000 0.0651
000600 0.6162 0.3198 0.0000 0.0640
000620 0.6208 0.3110 0.0000 0.0683
000640 0.6164 0.3157 0.0000 0.0679
000660 0.6093 0.3220 0.0000 0.0687
000680 0.6016 0.3291 0.0000 0.0694
000700 0.6012 0.3332 0.0000 0.0656
000720 0.6120 0.3249 0.0000 0.0631
000740 0.6237 0.3129 0.0000 0.0634
000760 0.6276 0.3087 0.0000 0.0638
000780 0.6283 0.3070 0.0000 0.0647
000800 0.6218 0.3100 0.0000 0.0682
000820 0.6161 0.3164 0.0000 0.0675
000840 0.6107 0.3216 0.0000 0.0676
000860 0.6135 0.3213 0.0000 0.0651
000880 0.6208 0.3160 0.0000 0.0633
000900 0.6282 0.3089 0.0000 0.0630
000920 0.6258 0.3085 0.0000 0.0656
000940 0.6227 0.3115 0.0000 0.0658
000960 0.6138 0.3170 0.0000 0.0693
000980 0.6094 0.3238 0.0000 0.0668
001000 0.6139 0.3200 0.0000 0.0661
001020 0.6173 0.3174 0.0000 0.0654
001040 0.6197 0.3159 0.0000 0.0644
001060 0.6176 0.3158 0.0000 0.0665
001080 0.6111 0.3220 0.0000 0.0669
001100 0.6096 0.3234 0.0000 0.0670
001120 0.6146 0.3230 0.0000 0.0625
001140 0.6263 0.3118 0.0000 0.0619
001160 0.6349 0.3021 0.0000 0.0629
001180 0.6304 0.3027 0.0000 0.0669
001200 0.6192 0.3119 0.0000 0.0689
001220 0.6099 0.3209 0.0000 0.0692
001240 0.6074 0.3245 0.0000 0.0682
001260 0.6030 0.3275 0.0000 0.0695
001280 0.6048 0.3302 0.0000 0.0649
001300 0.6154 0.3211 0.0000 0.0634
001320 0.6240 0.3098 0.0000 0.0662
001340 0.6243 0.3090 0.0000 0.0667
001360 0.6198 0.3142 0.0000 0.0660
001380 0.6146 0.3181 0.0000 0.0673
001400 0.6108 0.3219 0.0000 0.0673
001420 0.6120 0.3227 0.0000 0.0653
001440 0.6197 0.3170 0.0000 0.0633
001460 0.6216 0.3110 0.0000 0.0674
001480 0.6138 0.3176 0.0000 0.0686
001500 0.6053 0.3271 0.0000 0.0676
001520 0.6059 0.3269 0.0000 0.0672
001540 0.6161 0.3214 0.0000 0.0625
001560 0.6257 0.3101 0.0000 0.0641
001580 0.6230 0.3114 0.0000 0.0655
001600 0.6137 0.3188 0.0000 0.0674
001620 0.6120 0.3216 0.0000 0.0663
001640 0.6145 0.3196 0.0000 0.0659
001660 0.6179 0.3172 0.0000 0.0649
001680 0.6193 0.3148 0.0000 0.0659
001700 0.6188 0.3146 0.0000 0.0666
001720 0.6178 0.3169 0.0000 0.0654
001740 0.6198 0.3140 0.0000 0.0662
001760 0.6185 0.3156 0.0000 0.0659
001780 0.6157 0.3187 0.0000 0.0656
001800 0.6153 0.3186 0.0000 0.0661
001820 0.6175 0.3184 0.0000 0.0641
001840 0.6200 0.3167 0.0000 0.0633
001860 0.6255 0.3110 0.0000 0.0635
001880 0.6327 0.3041 0.0000 0.0632
001900 0.6309 0.3039 0.0000 0.0653
001920 0.6218 0.3096 0.0000 0.0686
001940 0.6107 0.3200 0.0000 0.0693
001960 0.6093 0.3252 0.0000 0.0655
001980 0.6181 0.3196 0.0000 0.0623
002000 0.6280 0.3103 0.0000 0.0617
002020 0.6325 0.3049 0.0000 0.0626
002040 0.6300 0.3052 0.0000 0.0648
002060 0.6201 0.3117 0.0000 0.0682
002080 0.6074 0.3224 0.0000 0.0702
002100 0.6055 0.3284 0.0000 0.0661
002120 0.6161 0.3217 0.0000 0.0622
002140 0.6258 0.3117 0.0000 0.0625
002160 0.6289 0.3066 0.0000 0.0645
002180 0.6264 0.3097 0.0000 0.0639
002200 0.6173 0.3144 0.0000 0.0683
002220 0.6089 0.3223 0.0000 0.0688
002240 0.6014 0.3302 0.0000 0.0684
002260 0.6034 0.3308 0.0000 0.0659
002280 0.6136 0.3245 0.0000 0.0619
002300 0.6243 0.3138 0.0000 0.0618
002320 0.6314 0.3037 0.0000 0.0649
002340 0.6256 0.3061 0.0000 0.0682
002360 0.6093 0.3205 0.0000 0.0702
002380 0.6030 0.3297 0.0000 0.0673
002400 0.6090 0.3268 0.0000 0.0642
002420 0.6189 0.3159 0.0000 0.0652
002440 0.6239 0.3106 0.0000 0.0655
002460 0.6232 0.3105 0.0000 0.0663
002480 0.6134 0.3176 0.0000 0.0690
002500 0.6109 0.3228 0.0000 0.0663
002520 0.6151 0.3195 0.0000 0.0654
002540 0.6182 0.3166 0.0000 0.0652
002560 0.6173 0.3147 0.0000 0.0680
002580 0.6142 0.3171 0.0000 0.0687
002600 0.6054 0.3273 0.0000 0.0672
002620 0.6014 0.3322 0.0000 0.0664
002640 0.6049 0.3285 0.0000 0.0666
002660 0.6101 0.3235 0.0000 0.0664
002680 0.6137 0.3198 0.0000 0.0665
002700 0.6188 0.3162 0.0000 0.0650
002720 0.6241 0.3111 0.0000 0.0648
002740 0.6202 0.3126 0.0000 0.0672
002760 0.6083 0.3235 0.0000 0.0681
002780 0.6109 0.3262 0.0000 0.0630
002800 0.6245 0.3126 0.0000 0.0630
002820 0.6320 0.3050 0.0000 0.0630
002840 0.6322 0.3019 0.0000 0.0659
002860 0.6219 0.3114 0.0000 0.0667
002880 0.6112 0.3216 0.0000 0.0671
002900 0.6117 0.3219 0.0000 0.0664
002920 0.6121 0.3226 0.0000 0.0653
002940 0.6137 0.3206 0.0000 0.0657
002960 0.6173 0.3176 0.0000 0.0651
002980 0.6196 0.3159 0.0000 0.0645
003000 0.6272 0.3101 0.0000 0.0628
003020 0.6254 0.3085 0.0000 0.0661
003040 0.6116 0.3185 0.0000 0.0698
003060 0.6036 0.3293 0.0000 0.0671
003080 0.6098 0.3255 0.0000 0.0647
003100 0.6183 0.3189 0.0000 0.0628
003120 0.6234 0.3131 0.0000 0.0635
003140 0.6246 0.3088 0.0000 0.0665
003160 0.6216 0.3096 0.0000 0.0688
003180 0.6125 0.3193 0.0000 0.0682
003200 0.6114 0.3235 0.0000 0.0651
003220 0.6160 0.3199 0.0000 0.0641
003240 0.6150 0.3179 0.0000 0.0672
003260 0.6107 0.3191 0.0000 0.0702
003280 0.6075 0.3237 0.0000 0.0688
003300 0.6084 0.3258 0.0000 0.0658
003320 0.6177 0.3182 0.0000 0.0642
003340 0.6248 0.3101 0.0000 0.0651
003360 0.6249 0.3109 0.0000 0.0642
003380 0.6170 0.3117 0.0000 0.0712
003400 0.6019 0.3257 0.0000 0.0724
003420 0.5954 0.3344 0.0000 0.0702
003440 0.6047 0.3312 0.0000 0.0641
003460 0.6220 0.3164 0.0000 0.0616
003480 0.6324 0.3035 0.0000 0.0641
003500 0.6294 0.3051 0.0000 0.0655
003520 0.6182 0.3121 0.0000 0.0697
003540 0.6056 0.3245 0.0000 0.0699
003560 0.5987 0.3341 0.0000 0.0671
003580 0.6079 0.3297 0.0000 0.0623
003600 0.6229 0.3118 0.0000 0.0653
003620 0.6261 0.3078 0.0000 0.0661
003640 0.6235 0.3097 0.0000 0.0668
003660 0.6170 0.3135 0.0000 0.0695
003680 0.6015 0.3284 0.0000 0.0700
003700 0.6008 0.3341 0.0000 0.0651
003720 0.6128 0.3237 0.0000 0.0635
003740 0.6259 0.3098 0.0000 0.0644
003760 0.6311 0.3042 0.0000 0.0647
003780 0.6309 0.3045 0.0000 0.0647
003800 0.6229 0.3095 0.0000 0.0677
003820 0.6101 0.3195 0.0000 0.0704
003840 0.6011 0.3302 0.0000 0.0686
003860 0.6030 0.3322 0.0000 0.0648
003880 0.6077 0.3267 0.0000 0.0655
003900 0.6119 0.3205 0.0000 0.0676
003920 0.6115 0.3214 0.0000 0.0671
003940 0.6137 0.3186 0.0000 0.0677
003960 0.6152 0.3196 0.0000 0.0652
003980 0.6099 0.3219 0.0000 0.0682
004000 0.6023 0.3286 0.0000 0.0691
004020 0.6017 0.3303 0.0000 0.0680
004040 0.5992 0.3317 0.0000 0.0691
004060 0.5990 0.3309 0.0000 0.0701
004080 0.6062 0.3277 0.0000 0.0660
004100 0.6132 0.3210 0.0000 0.0658
004120 0.6198 0.3151 0.0000 0.0650
004140 0.6151 0.3181 0.0000 0.0668
004160 0.6143 0.3198 0.0000 0.0658
004180 0.6080 0.3237 0.0000 0.0683
004200 0.6081 0.3254 0.0000 0.0665
004220 0.6112 0.3238 0.0000 0.0650
004240 0.6193 0.3155 0.0000 0.0652
004260 0.6229 0.3126 0.0000 0.0645
004280 0.6230 0.3106 0.0000 0.0665
004300 0.6134 0.3167 0.0000 0.0699
004320 0.6029 0.3278 0.0000 0.0693
004340 0.5965 0.3362 0.0000 0.0673
004360 0.6055 0.3321 0.0000 0.0625
004380 0.6191 0.3184 0.0000 0.0625
004400 0.6202 0.3131 0.0000 0.0667
004420 0.6167 0.3160 0.0000 0.0673
004440 0.6102 0.3226 0.0000 0.0672
004460 0.6054 0.3259 0.0000 0.0688
004480 0.6044 0.3304 0.0000 0.0652
004500 0.6103 0.3260 0.0000 0.0637
004520 0.6223 0.3147 0.0000 0.0631
004540 0.6272 0.3078 0.0000 0.0649
004560 0.6225 0.3100 0.0000 0.0675
004580 0.6135 0.3187 0.0000 0.0677
004600 0.6094 0.3235 0.0000 0.0672
004620 0.6120 0.3216 0.0000 0.0664
004640 0.6247 0.3134 0.0000 0.0619
004660 0.6331 0.3035 0.0000 0.0634
004680 0.6252 0.3044 0.0000 0.0704
004700 0.6116 0.3189 0.0000 0.0695
004720 0.6073 0.3252 0.0000 0.0675
004740 0.6088 0.3236 0.0000 0.0676
004760 0.6127 0.3217 0.0000 0.0656
004780 0.6120 0.3217 0.0000 0.0663
004800 0.6133 0.3216 0.0000 0.0651
004820 0.6194 0.3153 0.0000 0.0653
004840 0.6197 0.3130 0.0000 0.0673
004860 0.6170 0.3155 0.0000 0.0675
004880 0.6121 0.3196 0.0000 0.0683
004900 0.6116 0.3212 0.0000 0.0673
004920 0.6109 0.3233 0.0000 0.0657
004940 0.6153 0.3193 0.0000 0.0654
004960 0.6157 0.3170 0.0000 0.0674
004980 0.6133 0.3203 0.0000 0.0665
005000 0.6129 0.3220 0.0000 0.0651
005020 0.6151 0.3169 0.0000 0.0679
005040 0.6109 0.3213 0.0000 0.0678
005060 0.6085 0.3247 0.0000 0.0668
005080 0.6079 0.3256 0.0000 0.0665
005100 0.6090 0.3256 0.0000 0.0654
005120 0.6169 0.3196 0.0000 0.0635
005140 0.6216 0.3128 0.0000 0.0656
005160 0.6209 0.3124 0.0000 0.0667
005180 0.6200 0.3139 0.0000 0.0662
005200 0.6141 0.3179 0.0000 0.0680
005220 0.6104 0.3231 0.0000 0.0665
005240 0.6121 0.3212 0.0000 0.0667
005260 0.6090 0.3229 0.0000 0.0680
005280 0.6037 0.3293 0.0000 0.0671
005300 0.6057 0.3283 0.0000 0.0660
005320 0.6183 0.3183 0.0000 0.0634
005340 0.6266 0.3100 0.0000 0.0634
005360 0.6284 0.3055 0.0000 0.0660
005380 0.6191 0.3135 0.0000 0.0673
005400 0.6093 0.3228 0.0000 0.0678
005420 0.6068 0.3244 0.0000 0.0688
005440 0.6131 0.3235 0.0000 0.0634
005460 0.6222 0.3118 0.0000 0.0660
005480 0.6244 0.3089 0.0000 0.0667
005500 0.6165 0.3148 0.0000 0.0687
005520 0.6010 0.3273 0.0000 0.0716
005540 0.5965 0.3388 0.0000 0.0648
005560 0.6073 0.3295 0.0000 0.0631
005580 0.6222 0.3156 0.0000 0.0621
005600 0.6289 0.3068 0.0000 0.0643
005620 0.6248 0.3082 0.0000 0.0670
005640 0.6137 0.3166 0.0000 0.0696
005660 0.6128 0.3231 0.0000 0.0641
005680 0.6204 0.3152 0.0000 0.0644
005700 0.6234 0.3108 0.0000 0.0658
005720 0.6204 0.3141 0.0000 0.0655
005740 0.6181 0.3153 0.0000 0.0666
005760 0.6134 0.3184 0.0000 0.0682
005780 0.6041 0.3265 0.0000 0.0694
005800 0.6017 0.3318 0.0000 0.0665
005820 0.6059 0.3286 0.0000 0.0655
005840 0.6157 0.3208 0.0000 0.0635
005860 0.6229 0.3125 0.0000 0.0647
005880 0.6248 0.3096 0.0000 0.0656
005900 0.6180 0.3149 0.0000 0.0671
005920 0.6104 0.3220 0.0000 0.0676
005940 0.6063 0.3252 0.0000 0.0684
005960 0.6104 0.3249 0.0000 0.0647
005980 0.6205 0.3152 0.0000 0.0643
006000 0.6237 0.3095 0.0000 0.0667
006020 0.6172 0.3154 0.0000 0.0674
006040 0.6082 0.3239 0.0000 0.0679
006060 0.6048 0.3254 0.0000 0.0698
006080 0.6055 0.3269 0.0000 0.0677
006100 0.6089 0.3252 0.0000 0.0659
006120 0.6128 0.3231 0.0000 0.0641
006140 0.6223 0.3147 0.0000 0.0630
006160 0.6298 0.3049 0.0000 0.0653
006180 0.6272 0.3053 0.0000 0.0675
006200 0.6156 0.3139 0.0000 0.0705
006220 0.6076 0.3250 0.0000 0.0674
006240 0.6122 0.3222 0.0000 0.0656
006260 0.6155 0.3183 0.0000 0.0661
006280 0.6124 0.3210 0.0000 0.0666
006300 0.6104 0.3226 0.0000 0.0670
006320 0.6131 0.3206 0.0000 0.0663
006340 0.6193 0.3172 0.0000 0.0635
006360 0.6268 0.3108 0.0000 0.0624
006380 0.6268 0.3087 0.0000 0.0644
006400 0.6237 0.3117 0.0000 0.0647
006420 0.6238 0.3106 0.0000 0.0656
006440 0.6168 0.3152 0.0000 0.0680
006460 0.6113 0.3217 0.0000 0.0670
006480 0.6153 0.3217 0.0000 0.0630
006500 0.6253 0.3106 0.0000 0.0640
006520 0.6287 0.3079 0.0000 0.0634
006540 0.6325 0.3058 0.0000 0.0617
006560 0.6336 0.3028 0.0000 0.0637
006580 0.6278 0.3042 0.0000 0.0680
006600 0.6169 0.3131 0.0000 0.0700
006620 0.6058 0.3240 0.0000 0.0702
006640 0.6025 0.3309 0.0000 0.0666
006660 0.6069 0.3261 0.0000 0.0671
006680 0.6091 0.3241 0.0000 0.0668
006700 0.6173 0.3195 0.0000 0.0632
006720 0.6250 0.3115 0.0000 0.0635
006740 0.6258 0.3090 0.0000 0.0652
006760 0.6229 0.3102 0.0000 0.0669
006780 0.6176 0.3139 0.0000 0.0685
006800 0.6114 0.3213 0.0000 0.0673
006820 0.6162 0.3170 0.0000 0.0669
006840 0.6152 0.3177 0.0000 0.0671
006860 0.6103 0.3227 0.0000 0.0670
006880 0.6087 0.3245 0.0000 0.0668
006900 0.6168 0.3204 0.0000 0.0627
006920 0.6196 0.3150 0.0000 0.0654
006940 0.6175 0.3154 0.0000 0.0671
006960 0.6149 0.3166 0.0000 0.0685
006980 0.6048 0.3253 0.0000 0.0699
007000 0.6038 0.3271 0.0000 0.0691
007020 0.6057 0.3253 0.0000 0.0691
007040 0.6064 0.3283 0.0000 0.0653
007060 0.6107 0.3244 0.0000 0.0649
007080 0.6150 0.3185 0.0000 0.0664
007100 0.6127 0.3196 0.0000 0.0677
007120 0.6120 0.3213 0.0000 0.0667
007140 0.6151 0.3202 0.0000 0.0647
007160 0.6175 0.3144 0.0000 0.0681
007180 0.6145 0.3177 0.0000 0.0677
007200 0.6132 0.3197 0.0000 0.0671
007220 0.6126 0.3224 0.0000 0.0650
007240 0.6175 0.3187 0.0000 0.0638
007260 0.6275 0.3117 0.0000 0.0608
007280 0.6367 0.3014 0.0000 0.0619
007300 0.6315 0.2989 0.0000 0.0696
007320 0.6118 0.3164 0.0000 0.0718
007340 0.5967 0.3328 0.0000 0.0704
007360 0.5964 0.3353 0.0000 0.0684
007380 0.6035 0.3303 0.0000 0.0662
007400 0.6156 0.3185 0.0000 0.0659
007420 0.6175 0.3152 0.0000 0.0673
007440 0.6131 0.3190 0.0000 0.0678
007460 0.6073 0.3240 0.0000 0.0687
007480 0.6026 0.3287 0.0000 0.0687
007500 0.6011 0.3306 0.0000 0.0683
007520 0.6041 0.3303 0.0000 0.0657
007540 0.6115 0.3210 0.0000 0.0674
007560 0.6151 0.3185 0.0000 0.0665
007580 0.6191 0.3161 0.0000 0.0647
007600 0.6224 0.3128 0.0000 0.0648
007620 0.6178 0.3156 0.0000 0.0666
007640 0.6122 0.3201 0.0000 0.0677
007660 0.6124 0.3206 0.0000 0.0671
007680 0.6137 0.3194 0.0000 0.0669
007700 0.6076 0.3248 0.0000 0.0676
007720 0.6098 0.3237 0.0000 0.0665
007740 0.6099 0.3229 0.0000 0.0672
007760 0.6087 0.3237 0.0000 0.0676
007780 0.6116 0.3209 0.0000 0.0675
007800 0.6118 0.3224 0.0000 0.0658
007820 0.6213 0.3154 0.0000 0.0634
007840 0.6243 0.3100 0.0000 0.0657
007860 0.6206 0.3114 0.0000 0.0680
007880 0.6157 0.3177 0.0000 0.0666
007900 0.6140 0.3197 0.0000 0.0663
007920 0.6164 0.3174 0.0000 0.0662
007940 0.6122 0.3186 0.0000 0.0692
007960 0.6040 0.3272 0.0000 0.0688
007980 0.6067 0.3299 0.0000 0.0634
008000 0.6187 0.3190 0.0000 0.0623
008020 0.6254 0.3113 0.0000 0.0633
008040 0.6247 0.3074 0.0000 0.0680
008060 0.6174 0.3136 0.0000 0.0691
008080 0.6081 0.3233 0.0000 0.0686
008100 0.6035 0.3293 0.0000 0.0671
008120 0.6078 0.3257 0.0000 0.0665
008140 0.6162 0.3189 0.0000 0.0649
008160 0.6225 0.3138 0.0000 0.0637
008180 0.6269 0.3077 0.0000 0.0654
008200 0.6201 0.3112 0.0000 0.0687
008220 0.6022 0.3245 0.0000 0.0732
008240 0.5942 0.3367 0.0000 0.0690
008260 0.6006 0.3343 0.0000 0.0651
008280 0.6202 0.3222 0.0000 0.0576
008300 0.6365 0.3027 0.0000 0.0608
008320 0.6350 0.2994 0.0000 0.0656
008340 0.6201 0.3092 0.0000 0.0707
008360 0.6037 0.3267 0.0000 0.0696
008380 0.6018 0.3299 0.0000 0.0683
008400 0.6116 0.3233 0.0000 0.0651
008420 0.6185 0.3187 0.0000 0.0628
008440 0.6231 0.3110 0.0000 0.0659
008460 0.6195 0.3124 0.0000 0.0681
008480 0.6080 0.3225 0.0000 0.0695
008500 0.5994 0.3316 0.0000 0.0690
008520 0.5995 0.3325 0.0000 0.0680
008540 0.6102 0.3268 0.0000 0.0630
008560 0.6182 0.3179 0.0000 0.0639
008580 0.6235 0.3111 0.0000 0.0654
008600 0.6212 0.3114 0.0000 0.0674
008620 0.6132 0.3188 0.0000 0.0680
008640 0.6043 0.3239 0.0000 0.0718
008660 0.6016 0.3328 0.0000 0.0656
008680 0.6084 0.3271 0.0000 0.0645
008700 0.6169 0.3181 0.0000 0.0649
008720 0.6209 0.3114 0.0000 0.0678
008740 0.6205 0.3134 0.0000 0.0661
008760 0.6114 0.3211 0.0000 0.0675
008780 0.6080 0.3254 0.0000 0.0665
008800 0.6120 0.3236 0.0000 0.0644
008820 0.6175 0.3175 0.0000 0.0650
008840 0.6248 0.3099 0.0000 0.0653
008860 0.6253 0.3093 0.0000 0.0654
008880 0.6219 0.3119 0.0000 0.0662
008900 0.6142 0.3178 0.0000 0.0680
008920 0.6109 0.3227 0.0000 0.0664
008940 0.6117 0.3218 0.0000 0.0664
008960 0.6198 0.3161 0.0000 0.0642
008980 0.6250 0.3092 0.0000 0.0658
009000 0.6236 0.3111 0.0000 0.0653
009020 0.6202 0.3135 0.0000 0.0663
009040 0.6097 0.3187 0.0000 0.0716
009060 0.6012 0.3299 0.0000 0.0689
009080 0.6042 0.3275 0.0000 0.0683
009100 0.6132 0.3189 0.0000 0.0679
009120 0.6105 0.3205 0.0000 0.0690
009140 0.6103 0.3239 0.0000 0.0658
009160 0.6128 0.3201 0.0000 0.0672
009180 0.6104 0.3222 0.0000 0.0674
009200 0.6160 0.3200 0.0000 0.0640
009220 0.6217 0.3148 0.0000 0.0635
009240 0.6241 0.3107 0.0000 0.0652
009260 0.6205 0.3124 0.0000 0.0671
009280 0.6130 0.3176 0.0000 0.0693
009300 0.6088 0.3239 0.0000 0.0673
009320 0.6091 0.3235 0.0000 0.0674
009340 0.6200 0.3189 0.0000 0.0611
009360 0.6324 0.3054 0.0000 0.0621
009380 0.6366 0.2993 0.0000 0.0641
009400 0.6255 0.3067 0.0000 0.0678
009420 0.6112 0.3185 0.0000 0.0704
009440 0.6023 0.3290 0.0000 0.0688
009460 0.6060 0.3293 0.0000 0.0647
009480 0.6119 0.3219 0.0000 0.0662
009500 0.6161 0.3178 0.0000 0.0661
009520 0.6131 0.3174 0.0000 0.0695
009540 0.6056 0.3255 0.0000 0.0689
009560 0.6006 0.3316 0.0000 0.0678
009580 0.6066 0.3280 0.0000 0.0653
009600 0.6163 0.3194 0.0000 0.0644
009620 0.6214 0.3131 0.0000 0.0654
009640 0.6204 0.3137 0.0000 0.0659
009660 0.6127 0.3173 0.0000 0.0700
009680 0.6000 0.3283 0.0000 0.0717
009700 0.5971 0.3354 0.0000 0.0675
009720 0.6029 0.3322 0.0000 0.0648
009740 0.6190 0.3187 0.0000 0.0623
009760 0.6296 0.3074 0.0000 0.0630
009780 0.6256 0.3083 0.0000 0.0661
009800 0.6140 0.3162 0.0000 0.0698
009820 0.6061 0.3267 0.0000 0.0672
009840 0.6123 0.3235 0.0000 0.0642
009860 0.6161 0.3176 0.0000 0.0663
009880 0.6188 0.3142 0.0000 0.0670
009900 0.6156 0.3163 0.0000 0.0681
009920 0.6121 0.3221 0.0000 0.0658
009940 0.6115 0.3229 0.0000 0.0656
009960 0.6195 0.3159 0.0000 0.0646
009980 0.6215 0.3136 0.0000 0.0649
010000 0.6183 0.3140 0.0000 0.0677
010020 0.6104 0.3213 0.0000 0.0683
010040 0.6104 0.3213 0.0000 0.0683
010060 0.6104 0.3213 0.0000 0.0683
010080 0.6104 0.3213 0.0000 0.0683
010100 0.6104 0.3213 0.0000 0.0683
010120 0.6104 0.3213 0.0000 0.0683
010140 0.6104 0.3213 0.0000 0.0683
010160 0.6104 0.3213 0.0000 0.0683
010180 0.6104 0.3213 0.0000 0.0683
010200 0.6104 0.3213 0.0000 0.0683
010220 0.6104 0.3213 0.0000 0.0683
010240 0.6104 0.3213 0.0000 0.0683
010260 0.6104 0.3213 0.0000 0.0683
010280 0.6104 0.3213 0.0000 0.0683
010300 0.6104 0.3213 0.0000 0.0683
010320 0.6104 0.3213 0.0000 0.0683
010340 0.6104 0.3213 0.0000 0.0683
010360 0.6104 0.3213 0.0000 0.0683
010380 0.6104 0.3213 0.0000 0.0683
010400 0.6104 0.3213 0.0000 0.0683
010420 0.6104 0.3213 0.0000 0.0683
010440 0.6104 0.3213 0.0000 0.0683
010460 0.6104 0.3213 0.0000 0.0683
010480 0.6104 0.3213 0.0000 0.0683
010500 0.6104 0.3213 0.0000 0.0683
010520 0.6104 0.3213 0.0000 0.0683
010540 0.6104 0.3213 0.0000 0.0683
010560 0.6104 0.3213 0.0000 0.0683
010580 0.6104 0.3213 0.0000 0.0683
010600 0.6104 0.3213 0.0000 0.0683
010620 0.6104 0.3213 0.0000 0.0683
010640 0.6104 0.3213 0.0000 0.0683
010660 0.6104 0.3213 0.0000 0.0683
010680 0.6104 0.3213 0.0000 0.0683
010700 0.6104 0.3213 0.0000 0.0683
010720 0.6104 0.3213 0.0000 0.0683
010740 0.6104 0.3213 0.0000 0.0683
010760 0.6104 0.3213 0.0000 0.0683
010780 0.6104 0.3213 0.0000 0.0683
010800 0.6104 0.3213 0.0000 0.0683
010820 0.6104 0.3213 0.0000 0.0683
010840 0.6104 0.3213 0.0000 0.0683
010860 0.6104 0.3213 0.0000 0.0683
010880 0.6104 0.3213 0.0000 0.0683
010900 0.6104 0.3213 0.0000 0.0683
010920 0.6104 0.3213 0.0000 0.0683
010940 0.6104 0.3213 0.0000 0.0683
010960 0.6104 0.3213 0.0000 0.0683
010980 0.6104 0.3213 0.0000 0.0683
011000 0.6104 0.3213 0.0000 0.0683
011020 0.6104 0.3213 0.0000 0.0683
011040 0.6104 0.3213 0.0000 0.0683
011060 0.6104 0.3213 0.0000 0.0683
011080 0.6104 0.3213 0.0000 0.0683
011100 0.6104 0.3213 0.0000 0.0683
011120 0.6104 0.3213 0.0000 0.0683
011140 0.6104 0.3213 0.0000 0.0683
011160 0.6104 0.3213 0.0000 0.0683
011180 0.6104 0.3213 0.0000 0.0683
011200 0.6104 0.3213 0.0000 0.0683
011220 0.6104 0.3213 0.0000 0.0683
011240 0.6104 0.3213 0.0000 0.0683
011260 0.6104 0.3213 0.0000 0.0683
011280 0.6104 0.3213 0.0000 0.0683
011300 0.6104 0.3213 0.0000 0.0683
011320 0.6104 0.3213 0.0000 0.0683
011340 0.6104 0.3213 0.0000 0.0683
011360 0.6104 0.3213 0.0000 0.0683
011380 0.6104 0.3213 0.0000 0.0683
011400 0.6104 0.3213 0.0000 0.0683
011420 0.6104 0.3213 0.0000 0.0683
011440 0.6104 0.3213 0.0000 0.0683
011460 0.6104 0.3213 0.0000 0.0683
011480 0.6104 0.3213 0.0000 0.0683
011500 0.6104 0.3213 0.0000 0.0683
011520 0.6104 0.3213 0.0000 0.0683
011540 0.6104 0.3213 0.0000 0.0683
011560 0.6104 0.3213 0.0000 0.0683
011580 0.6104 0.3213 0.0000 0.0683
011600 0.6104 0.3213 0.0000 0.0683
011620 0.6104 0.3213 0.0000 0.0683
011640 0.6104 0.3213 0.0000 0.0683
011660 0.6104 0.3213 0.0000 0.0683
011680 0.6104 0.3213 0.0000 0.0683
011700 0.6104 0.3213 0.0000 0.0683
011720 0.6104 0.3213 0.0000 0.0683
011740 0.6104 0.3213 0.0000 0.0683
011760 0.6104 0.3213 0.0000 0.0683
011780 0.6104 0.3213 0.0000 0.0683
011800 0.6104 0.3213 0.0000 0.0683
011820 0.6104 0.3213 0.0000 0.0683
011840 0.6104 0.3213 0.0000 0.0683
011860 0.6104 0.3213 0.0000 0.0683
011880 0.6104 0.3213 0.0000 0.0683
011900 0.6104 0.3213 0.0000 0.0683
011920 0.6104 0.3213 0.0000 0.0683
011940 0.6104 0.3213 0.0000 0.0683
011960 0.6104 0.3213 0.0000 0.0683
011980 0.6104 0.3213 0.0000 0.0683
012000 0.6104 0.3213 0.0000 0.0683
012020 0.6104 0.3213 0.0000 0.0683
012040 0.6104 0.3213 0.0000 0.0683
012060 0.6104 0.3213 0.0000 0.0683
012080 0.6104 0.3213 0.0000 0.0683
012100 0.6104 0.3213 0.0000 0.0683
012120 0.6104 0.3213 0.0000 0.0683
012140 0.6104 0.3213 0.0000 0.0683
012160 0.6104 0.3213 0.0000 0.0683
012180 0.6104 0.3213 0.0000 0.0683
012200 0.6104 0.3213 0.0000 0.0683
012220 0.6104 0.3213 0.0000 0.0683
012240 0.6104 0.3213 0.0000 0.0683
012260 0.6104 0.3213 0.0000 0.0683
012280 0.6104 0.3213 0.0000 0.0683
012300 0.6104 0.3213 0.0000 0.0683
012320 0.6104 0.3213 0.0000 0.0683
012340 0.6104 0.3213 0.0000 0.0683
012360 0.6104 0.3213 0.0000 0.0683
012380 0.6104 0.3213 0.0000 0.0683
012400 0.6104 0.3213 0.0000 0.0683
012420 0.6104 0.3213 0.0000 0.0683
012440 0.6104 0.3213 0.0000 0.0683
012460 0.6104 0.3213 0.0000 0.0683
012480 0.6104 0.3213 0.0000 0.0683
012500 0.6104 0.3213 0.0000 0.0683
012520 0.6104 0.3213 0.0000 0.0683
012540 0.6104 0.3213 0.0000 0.0683
012560 0.6104 0.3213 0.0000 0.0683
012580 0.6104 0.3213 0.0000 0.0683
012600 0.6104 0.3213 0.0000 0.0683
012620 0.6104 0.3213 0.0000 0.0683
012640 0.6104 0.3213 0.0000 0.0683
012660 0.6104 0.3213 0.0000 0.0683
012680 0.6104 0.3213 0.0000 0.0683
012700 0.6104 0.3213 0.0000 0.0683
012720 0.6104 0.3213 0.0000 0.0683
012740 0.6104 0.3213 0.0000 0.0683
012760 0.6104 0.3213 0.0000 0.0683
012780 0.6104 0.3213 0.0000 0.0683
012800 0.6104 0.3213 0.0000 0.0683
012820 0.6104 0.3213 0.0000 0.0683
012840 0.6104 0.3213 0.0000 0.0683
012860 0.6104 0.3213 0.0000 0.0683
012880 0.6104 0.3213 0.0000 0.0683
012900 0.6104 0.3213 0.0000 0.0683
012920 0.6104 0.3213 0.0000 0.0683
012940 0.6104 0.3213 0.0000 0.0683
012960 0.6104 0.3213 0.0000 0.0683
012980 0.6104 0.3213 0.0000 0.0683
013000 0.6104 0.3213 0.0000 0.0683
013020 0.6104 0.3213 0.0000 0.0683
013040 0.6104 0.3213 0.0000 0.0683
013060 0.6104 0.3213 0.0000 0.0683
013080 0.6104 0.3213 0.0000 0.0683
013100 0.6104 0.3213 0.0000 0.0683
013120 0.6104 0.3213 0.0000 0.0683
013140 0.6104 0.3213 0.0000 0.0683
013160 0.6104 0.3213 0.0000 0.0683
013180 0.6104 0.3213 0.0000 0.0683
013200 0.6104 0.3213 0.0000 0.0683
013220 0.6104 0.3213 0.0000 0.0683
013240 0.6104 0.3213 0.0000 0.0683
013260 0.6104 0.3213 0.0000 0.0683
013280 0.6104 0.3213 0.0000 0.0683
013300 0.6104 0.3213 0.0000 0.0683
013320 0.6104 0.3213 0.0000 0.0683
013340 0.6104 0.3213 0.0000 0.0683
013360 0.6104 0.3213 0.0000 0.0683
013380 0.6104 0.3213 0.0000 0.0683
013400 0.6104 0.3213 0.0000 0.0683
013420 0.6104 0.3213 0.0000 0.0683
013440 0.6104 0.3213 0.0000 0.0683
013460 0.6104 0.3213 0.0000 0.0683
013480 0.6104 0.3213 0.0000 0.0683
013500 0.6104 0.3213 0.0000 0.0683
013520 0.6104 0.3213 0.0000 0.0683
013540 0.6104 0.3213 0.0000 0.0683
013560 0.6104 0.3213 0.0000 0.0683
013580 0.6104 0.3213 0.0000 0.0683
013600 0.6104 0.3213 0.0000 0.0683
013620 0.6104 0.3213 0.0000 0.0683
013640 0.6104 0.3213 0.0000 0.0683
013660 0.6104 0.3213 0.0000 0.0683
013680 0.6104 0.3213 0.0000 0.0683
013700 0.6104 0.3213 0.0000 0.0683
013720 0.6104 0.3213 0.0000 0.0683
013740 0.6104 0.3213 0.0000 0.0683
013760 0.6104 0.3213 0.0000 0.0683
013780 0.6104 0.3213 0.0000 0.0683
013800 0.6104 0.3213 0.0000 0.0683
013820 0.6104 0.3213 0.0000 0.0683
013840 0.6104 0.3213 0.0000 0.0683
013860 0.6104 0.3213 0.0000 0.0683
013880 0.6104 0.3213 0.0000 0.0683
013900 0.6104 0.3213 0.0000 0.0683
013920 0.6104 0.3213 0.0000 0.0683
013940 0.6104 0.3213 0.0000 0.0683
013960 0.6104 0.3213 0.0000 0.0683
013980 0.6104 0.3213 0.0000 0.0683
014000 0.6104 0.3213 0.0000 0.0683
014020 0.6104 0.3213 0.0000 0.0683
014040 0.6104 0.3213 0.0000 0.0683
014060 0.6104 0.3213 0.0000 0.0683
014080 0.6104 0.3213 0.0000 0.0683
014100 0.6104 0.3213 0.0000 0.0683
014120 0.6104 0.3213 0.0000 0.0683
014140 0.6104 0.3213 0.0000 0.0683
014160 0.6104 0.3213 0.0000 0.0683
014180 0.6104 0.3213 0.0000 0.0683
014200 0.6104 0.3213 0.0000 0.0683
014220 0.6104 0.3213 0.0000 0.0683
014240 0.6104 0.3213 0.0000 0.0683
014260 0.6104 0.3213 0.0000 0.0683
014280 0.6104 0.3213 0.0000 0.0683
014300 0.6104 0.3213 0.0000 0.0683
014320 0.6104 0.3213 0.0000 0.0683
014340 0.6104 0.3213 0.0000 0.0683
014360 0.6104 0.3213 0.0000 0.0683
014380 0.6104 0.3213 0.0000 0.0683
014400 0.6104 0.3213 0.0000 0.0683
014420 0.6104 0.3213 0.0000 0.0683
014440 0.6104 0.3213 0.0000 0.0683
014460 0.6104 0.3213 0.0000 0.0683
014480 0.6104 0.3213 0.0000 0.0683
014500 0.6104 0.3213 0.0000 0.0683
014520 0.6104 0.3213 0.0000 0.0683
014540 0.6104 0.3213 0.0000 0.0683
014560 0.6104 0.3213 0.0000 0.0683
014580 0.6104 0.3213 0.0000 0.0683
014600 0.6104 0.3213 0.0000 0.0683
014620 0.6104 0.3213 0.0000 0.0683
014640 0.6104 0.3213 0.0000 0.0683
014660 0.6104 0.3213 0.0000 0.0683
014680 0.6104 0.3213 0.0000 0.0683
014700 0.6104 0.3213 0.0000 0.0683
014720 0.6104 0.3213 0.0000 0.0683
014740 0.6104 0.3213 0.0000 0.0683
014760 0.6104 0.3213 0.0000 0.0683
014780 0.6104 0.3213 0.0000 0.0683
014800 0.6104 0.3213 0.0000 0.0683
014820 0.6104 0.3213 0.0000 0.0683
014840 0.6104 0.3213 0.0000 0.0683
014860 0.6104 0.3213 0.0000 0.0683
014880 0.6104 0.3213 0.0000 0.0683
014900 0.6104 0.3213 0.0000 0.0683
014920 0.6104 0.3213 0.0000 0.0683
014940 0.6104 0.3213 0.0000 0.0683
014960 0.6104 0.3213 0.0000 0.0683
014980 0.6104 0.3213 0.0000 0.0683
015000 0.6104 0.3213 0.0000 0.0683
015020 0.6104 0.3213 0.0000 0.0683
015040 0.6104 0.3213 0.0000 0.0683
015060 0.6104 0.3213 0.0000 0.0683
015080 0.6104 0.3213 0.0000 0.0683
015100 0.6104 0.3213 0.0000 0.0683
015120 0.6104 0.3213 0.0000 0.0683
015140 0.6104 0.3213 0.0000 0.0683
015160 0.6104 0.3213 0.0000 0.0683
015180 0.6104 0.3213 0.0000 0.0683
015200 0.6104 0.3213 0.0000 0.0683
015220 0.6104 0.3213 0.0000 0.0683
015240 0.6104 0.3213 0.0000 0.0683
015260 0.6104 0.3213 0.0000 0.0683
015280 0.6104 0.3213 0.0000 0.0683
015300 0.6104 0.3213 0.0000 0.0683
015320 0.6104 0.3213 0.0000 0.0683
015340 0.6104 0.3213 0.0000 0.0683
015360 0.6104 0.3213 0.0000 0.0683
015380 0.6104 0.3213 0.0000 0.0683
015400 0.6104 0.3213 0.0000 0.0683
015420 0.6104 0.3213 0.0000 0.0683
015440 0.6104 0.3213 0.0000 0.0683
015460 0.6104 0.3213 0.0000 0.0683
015480 0.6104 0.3213 0.0000 0.0683
015500 0.6104 0.3213 0.0000 0.0683
015520 0.6104 0.3213 0.0000 0.0683
015540 0.6104 0.3213 0.0000 0.0683
015560 0.6104 0.3213 0.0000 0.0683
015580 0.6104 0.3213 0.0000 0.0683
015600 0.6104 0.3213 0.0000 0.0683
015620 0.6104 0.3213 0.0000 0.0683
015640 0.6104 0.3213 0.0000 0.0683
015660 0.6104 0.3213 0.0000 0.0683
015680 0.6104 0.3213 0.0000 0.0683
015700 0.6104 0.3213 0.0000 0.0683
015720 0.6104 0.3213 0.0000 0.0683
015740 0.6104 0.3213 0.0000 0.0683
015760 0.6104 0.3213 0.0000 0.0683
015780 0.6104 0.3213 0.0000 0.0683
015800 0.6104 0.3213 0.0000 0.0683
015820 0.6104 0.3213 0.0000 0.0683
015840 0.6104 0.3213 0.0000 0.0683
015860 0.6104 0.3213 0.0000 0.0683
015880 0.6104 0.3213 0.0000 0.0683
015900 0.6104 0.3213 0.0000 0.0683
015920 0.6104 0.3213 0.0000 0.0683
015940 0.6104 0.3213 0.0000 0.0683
015960 0.6104 0.3213 0.0000 0.0683
015980 0.6104 0.3213 0.0000 0.0683
016000 0.6104 0.3213 0.0000 0.0683
016020 0.6104 0.3213 0.0000 0.0683
016040 0.6104 0.3213 0.0000 0.0683
016060 0.6104 0.3213 0.0000 0.0683
016080 0.6104 0.3213 0.0000 0.0683
016100 0.6104 0.3213 0.0000 0.0683
016120 0.6104 0.3213 0.0000 0.0683
016140 0.6104 0.3213 0.0000 0.0683
016160 0.6104 0.3213 0.0000 0.0683
016180 0.6104 0.3213 0.0000 0.0683
016200 0.6104 0.3213 0.0000 0.0683
016220 0.6104 0.3213 0.0000 0.0683
016240 0.6104 0.3213 0.0000 0.0683
016260 0.6104 0.3213 0.0000 0.0683
016280 0.6104 0.3213 0.0000 0.0683
016300 0.6104 0.3213 0.0000 0.0683
016320 0.6104 0.3213 0.0000 0.0683
016340 0.6104 0.3213 0.0000 0.0683
016360 0.6104 0.3213 0.0000 0.0683
016380 0.6104 0.3213 0.0000 0.0683
016400 0.6104 0.3213 0.0000 0.0683
016420 0.6104 0.3213 0.0000 0.0683
016440 0.6104 0.3213 0.0000 0.0683
016460 0.6104 0.3213 0.0000 0.0683
016480 0.6104 0.3213 0.0000 0.0683
016500 0.6104 0.3213 0.0000 0.0683
016520 0.6104 0.3213 0.0000 0.0683
016540 0.6104 0.3213 0.0000 0.0683
016560 0.6104 0.3213 0.0000 0.0683
016580 0.6104 0.3213 0.0000 0.0683
016600 0.6104 0.3213 0.0000 0.0683
016620 0.6104 0.3213 0.0000 0.0683
016640 0.6104 0.3213 0.0000 0.0683
016660 0.6104 0.3213 0.0000 0.0683
016680 0.6104 0.3213 0.0000 0.0683
016700 0.6104 0.3213 0.0000 0.0683
016720 0.6104 0.3213 0.0000 0.0683
016740 0.6104 0.3213 0.0000 0.0683
016760 0.6104 0.3213 0.0000 0.0683
016780 0.6104 0.3213 0.0000 0.0683
016800 0.6104 0.3213 0.0000 0.0683
016820 0.6104 0.3213 0.0000 0.0683
016840 0.6104 0.3213 0.0000 0.0683
016860 0.6104 0.3213 0.0000 0.0683
016880 0.6104 0.3213 0.0000 0.0683
016900 0.6104 0.3213 0.0000 0.0683
016920 0.6104 0.3213 0.0000 0.0683
016940 0.6104 0.3213 0.0000 0.0683
016960 0.6104 0.3213 0.0000 0.0683
016980 0.6104 0.3213 0.0000 0.0683
017000 0.6104 0.3213 0.0000 0.0683
017020 0.6104 0.3213 0.0000 0.0683
017040 0.6104 0.3213 0.0000 0.0683
017060 0.6104 0.3213 0.0000 0.0683
017080 0.6104 0.3213 0.0000 0.0683
017100 0.6104 0.3213 0.0000 0.0683
017120 0.6104 0.3213 0.0000 0.0683
017140 0.6104 0.3213 0.0000 0.0683
017160 0.6104 0.3213 0.0000 0.0683
017180 0.6104 0.3213 0.0000 0.0683
017200 0.6104 0.3213 0.0000 0.0683
017220 0.6104 0.3213 0.0000 0.0683
017240 0.6104 0.3213 0.0000 0.0683
017260 0.6104 0.3213 0.0000 0.0683
017280 0.6104 0.3213 0.0000 0.0683
017300 0.6104 0.3213 0.0000 0.0683
017320 0.6104 0.3213 0.0000 0.0683
017340 0.6104 0.3213 0.0000 0.0683
017360 0.6104 0.3213 0.0000 0.0683
017380 0.6104 0.3213 0.0000 0.0683
017400 0.6104 0.3213 0.0000 0.0683
017420 0.6104 0.3213 0.0000 0.0683
017440 0.6104 0.3213 0.0000 0.0683
017460 0.6104 0.3213 0.0000 0.0683
017480 0.6104 0.3213 0.0000 0.0683
017500 0.6104 0.3213 0.0000 0.0683
017520 0.6104 0.3213 0.0000 0.0683
017540 0.6104 0.3213 0.0000 0.0683
017560 0.6104 0.3213 0.0000 0.0683
017580 0.6104 0.3213 0.0000 0.0683
017600 0.6104 0.3213 0.0000 0.0683
017620 0.6104 0.3213 0.0000 0.0683
017640 0.6104 0.3213 0.0000 0.0683
017660 0.6104 0.3213 0.0000 0.0683
017680 0.6104 0.3213 0.0000 0.0683
017700 0.6104 0.3213 0.0000 0.0683
017720 0.6104 0.3213 0.0000 0.0683
017740 0.6104 0.3213 0.0000 0.0683
017760 0.6104 0.3213 0.0000 0.0683
017780 0.6104 0.3213 0.0000 0.0683
017800 0.6104 0.3213 0.0000 0.0683
017820 0.6104 0.3213 0.0000 0.0683
017840 0.6104 0.3213 0.0000 0.0683
017860 0.6104 0.3213 0.0000 0.0683
017880 0.6104 0.3213 0.0000 0.0683
017900 0.6104 0.3213 0.0000 0.0683
017920 0.6104 0.3213 0.0000 0.0683
017940 0.6104 0.3213 0.0000 0.0683
017960 0.6104 0.3213 0.0000 0.0683
017980 0.6104 0.3213 0.0000 0.0683
018000 0.6104 0.3213 0.0000 0.0683
018020 0.6104 0.3213 0.0000 0.0683
018040 0.6104 0.3213 0.0000 0.0683
018060 0.6104 0.3213 0.0000 0.0683
018080 0.6104 0.3213 0.0000 0.0683
018100 0.6104 0.3213 0.0000 0.0683
018120 0.6104 0.3213 0.0000 0.0683
018140 0.6104 0.3213 0.0000 0.0683
018160 0.6104 0.3213 0.0000 0.0683
018180 0.6104 0.3213 0.0000 0.0683
018200 0.6104 0.3213 0.0000 0.0683
018220 0.6104 0.3213 0.0000 0.0683
018240 0.6104 0.3213 0.0000 0.0683
018260 0.6104 0.3213 0.0000 0.0683
018280 0.6104 0.3213 0.0000 0.0683
018300 0.6104 0.3213 0.0000 0.0683
018320 0.6104 0.3213 0.0000 0.0683
018340 0.6104 0.3213 0.0000 0.0683
018360 0.6104 0.3213 0.0000 0.0683
018380 0.6104 0.3213 0.0000 0.0683
018400 0.6104 0.3213 0.0000 0.0683
018420 0.6104 0.3213 0.0000 0.0683
018440 0.6104 0.3213 0.0000 0.0683
018460 0.6104 0.3213 0.0000 0.0683
018480 0.6104 0.3213 0.0000 0.0683
018500 0.6104 0.3213 0.0000 0.0683
018520 0.6104 0.3213 0.0000 0.0683
018540 0.6104 0.3213 0.0000 0.0683
018560 0.6104 0.3213 0.0000 0.0683
018580 0.6104 0.3213 0.0000 0.0683
018600 0.6104 0.3213 0.0000 0.0683
018620 0.6104 0.3213 0.0000 0.0683
018640 0.6104 0.3213 0.0000 0.0683
018660 0.6104 0.3213 0.0000 0.0683
018680 0.6104 0.3213 0.0000 0.0683
018700 0.6104 0.3213 0.0000 0.0683
018720 0.6104 0.3213 0.0000 0.0683
018740 0.6104 0.3213 0.0000 0.0683
018760 0.6104 0.3213 0.0000 0.0683
018780 0.6104 0.3213 0.0000 0.0683
018800 0.6104 0.3213 0.0000 0.0683
018820 0.6104 0.3213 0.0000 0.0683
018840 0.6104 0.3213 0.0000 0.0683
018860 0.6104 0.3213 0.0000 0.0683
018880 0.6104 0.3213 0.0000 0.0683
018900 0.6104 0.3213 0.0000 0.0683
018920 0.6104 0.3213 0.0000 0.0683
018940 0.6104 0.3213 0.0000 0.0683
018960 0.6104 0.3213 0.0000 0.0683
018980 0.6104 0.3213 0.0000 0.0683
019000 0.6104 0.3213 0.0000 0.0683
019020 0.6104 0.3213 0.0000 0.0683
019040 0.6104 0.3213 0.0000 0.0683
019060 0.6104 0.3213 0.0000 0.0683
019080 0.6104 0.3213 0.0000 0.0683
019100 0.6104 0.3213 0.0000 0.0683
019120 0.6104 0.3213 0.0000 0.0683
019140 0.6104 0.3213 0.0000 0.0683
019160 0.6104 0.3213 0.0000 0.0683
019180 0.6104 0.3213 0.0000 0.0683
019200 0.6104 0.3213 0.0000 0.0683
019220 0.6104 0.3213 0.0000 0.0683
019240 0.6104 0.3213 0.0000 0.0683
019260 0.6104 0.3213 0.0000 0.0683
019280 0.6104 0.3213 0.0000 0.0683
019300 0.6104 0.3213 0.0000 0.0683
019320 0.6104 0.3213 0.0000 0.0683
019340 0.6104 0.3213 0.0000 0.0683
019360 0.6104 0.3213 0.0000 0.0683
019380 0.6104 0.3213 0.0000 0.0683
019400 0.6104 0.3213 0.0000 0.0683
019420 0.6104 0.3213 0.0000 0.0683
019440 0.6104 0.3213 0.0000 0.0683
019460 0.6104 0.3213 0.0000 0.0683
019480 0.6104 0.3213 0.0000 0.0683
019500 0.6104 0.3213 0.0000 0.0683
019520 0.6104 0.3213 0.0000 0.0683
019540 0.6104 0.3213 0.0000 0.0683
019560 0.6104 0.3213 0.0000 0.0683
019580 0.6104 0.3213 0.0000 0.0683
019600 0.6104 0.3213 0.0000 0.0683
019620 0.6104 0.3213 0.0000 0.0683
019640 0.6104 0.3213 0.0000 0.0683
019660 0.6104 0.3213 0.0000 0.0683
019680 0.6104 0.3213 0.0000 0.0683
019700 0.6104 0.3213 0.0000 0.0683
019720 0.6104 0.3213 0.0000 0.0683
019740 0.6104 0.3213 0.0000 0.0683
019760 0.6104 0.3213 0.0000 0.0683
019780 0.6104 0.3213 0.0000 0.0683
019800 0.6104 0.3213 0.0000 0.0683
019820 0.6104 0.3213 0.0000 0.0683
019840 0.6104 0.3213 0.0000 0.0683
019860 0.6104 0.3213 0.0000 0.0683
019880 0.6104 0.3213 0.0000 0.0683
019900 0.6104 0.3213 0.0000 0.0683
019920 0.6104 0.3213 0.0000 0.0683
019940 0.6104 0.3213 0.0000 0.0683
019960 0.6104 0.3213 0.0000 0.0683
019980 0.6104 0.3213 0.0000 0.0683
020000 0.6104 0.3213 0.0000 0.0683
