000000 0.2496 0.2498 0.2505 0.2501
000020 0.4026 0.5840 0.0000 0.0133
000040 0.7871 0.2035 0.0000 0.0095
000060 0.9075 0.0721 0.0000 0.0203
000080 0.8694 0.0896 0.0000 0.0410
000100 0.7698 0.1625 0.0000 0.0677
000120 0.6510 0.2647 0.0000 0.0843
000140 0.5614 0.3549 0.0000 0.0837
000160 0.5371 0.3937 0.0000 0.0692
000180 0.5759 0.3712 0.0000 0.0529
000200 0.6319 0.3191 0.0000 0.0490
000220 0.6673 0.2792 0.0000 0.0535
000240 0.6653 0.2708 0.0000 0.0640
000260 0.6310 0.2943 0.0000 0.0747
000280 0.5897 0.3335 0.0000 0.0768
000300 0.5694 0.3608 0.0000 0.0697
000320 0.5806 0.3585 0.0000 0.0609
000340 0.6046 0.3353 0.0000 0.0601
000360 0.6242 0.3154 0.0000 0.0604
000380 0.6318 0.3045 0.0000 0.0637
000400 0.6246 0.3102 0.0000 0.0652
000420 0.6170 0.3187 0.0000 0.0643
000440 0.6179 0.3160 0.0000 0.0661
000460 0.6138 0.3183 0.0000 0.0679
000480 0.6080 0.3266 0.0000 0.0654
000500 0.6077 0.3269 0.0000 0.0654
000520 0.6103 0.3252 0.0000 0.0645
000540 0.6098 0.3250 0.0000 0.0652
000560 0.6090 0.3240 0.0000 0.0670
000580 0.6101 0.3252 0.0000 0.0647
000600 0.6142 0.3228 0.0000 0.0631
000620 0.6129 0.3220 0.0000 0.0651
000640 0.6127 0.3202 0.0000 0.0671
000660 0.6072 0.3242 0.0000 0.0686
000680 0.6050 0.3311 0.0000 0.0639
000700 0.6089 0.3256 0.0000 0.0655
000720 0.6083 0.3246 0.0000 0.0671
000740 0.6020 0.3297 0.0000 0.0683
000760 0.6068 0.3274 0.0000 0.0658
000780 0.6098 0.3248 0.0000 0.0654
000800 0.6125 0.3209 0.0000 0.0665
000820 0.6051 0.3261 0.0000 0.0687
000840 0.5989 0.3329 0.0000 0.0682
000860 0.5961 0.3364 0.0000 0.0675
000880 0.6044 0.3321 0.0000 0.0635
000900 0.6141 0.3218 0.0000 0.0641
000920 0.6130 0.3188 0.0000 0.0682
000940 0.6041 0.3271 0.0000 0.0689
000960 0.6011 0.3341 0.0000 0.0648
000980 0.6082 0.3275 0.0000 0.0643
001000 0.6155 0.3197 0.0000 0.0648
001020 0.6167 0.3186 0.0000 0.0647
001040 0.6141 0.3185 0.0000 0.0673
001060 0.6075 0.3248 0.0000 0.0677
001080 0.6075 0.3289 0.0000 0.0636
001100 0.6097 0.3265 0.0000 0.0638
001120 0.6152 0.3212 0.0000 0.0636
001140 0.6204 0.3179 0.0000 0.0618
001160 0.6251 0.3111 0.0000 0.0638
001180 0.6201 0.3146 0.0000 0.0653
001200 0.6138 0.3196 0.0000 0.0666
001220 0.6062 0.3255 0.0000 0.0683
001240 0.6015 0.3317 0.0000 0.0667
001260 0.6027 0.3323 0.0000 0.0650
001280 0.6081 0.3271 0.0000 0.0647
001300 0.6154 0.3211 0.0000 0.0635
001320 0.6214 0.3168 0.0000 0.0618
001340 0.6160 0.3180 0.0000 0.0661
001360 0.6046 0.3269 0.0000 0.0685
001380 0.6024 0.3327 0.0000 0.0649
001400 0.6134 0.3257 0.0000 0.0609
001420 0.6278 0.3109 0.0000 0.0613
001440 0.6319 0.3043 0.0000 0.0638
001460 0.6216 0.3116 0.0000 0.0668
001480 0.6065 0.3254 0.0000 0.0681
001500 0.5998 0.3349 0.0000 0.0653
001520 0.6090 0.3268 0.0000 0.0642
001540 0.6173 0.3196 0.0000 0.0631
001560 0.6210 0.3156 0.0000 0.0633
001580 0.6178 0.3192 0.0000 0.0630
001600 0.6182 0.3170 0.0000 0.0647
001620 0.6185 0.3178 0.0000 0.0638
001640 0.6172 0.3156 0.0000 0.0672
001660 0.6109 0.3214 0.0000 0.0677
001680 0.6079 0.3277 0.0000 0.0645
001700 0.6089 0.3268 0.0000 0.0643
001720 0.6161 0.3205 0.0000 0.0634
001740 0.6166 0.3158 0.0000 0.0676
001760 0.6111 0.3234 0.0000 0.0654
001780 0.6093 0.3255 0.0000 0.0652
001800 0.6108 0.3244 0.0000 0.0648
001820 0.6116 0.3221 0.0000 0.0662
001840 0.6062 0.3249 0.0000 0.0689
001860 0.6001 0.3320 0.0000 0.0679
001880 0.6075 0.3272 0.0000 0.0652
001900 0.6156 0.3207 0.0000 0.0637
001920 0.6191 0.3157 0.0000 0.0653
001940 0.6158 0.3164 0.0000 0.0678
001960 0.6027 0.3293 0.0000 0.0680
001980 0.5983 0.3355 0.0000 0.0662
002000 0.6011 0.3343 0.0000 0.0646
002020 0.6071 0.3285 0.0000 0.0644
002040 0.6128 0.3228 0.0000 0.0644
002060 0.6149 0.3203 0.0000 0.0647
002080 0.6171 0.3194 0.0000 0.0635
002100 0.6224 0.3151 0.0000 0.0625
002120 0.6250 0.3095 0.0000 0.0655
002140 0.6191 0.3141 0.0000 0.0668
002160 0.6139 0.3210 0.0000 0.0651
002180 0.6132 0.3212 0.0000 0.0656
002200 0.6117 0.3219 0.0000 0.0664
002220 0.6122 0.3249 0.0000 0.0628
002240 0.6213 0.3173 0.0000 0.0614
002260 0.6271 0.3093 0.0000 0.0636
002280 0.6224 0.3113 0.0000 0.0663
002300 0.6134 0.3192 0.0000 0.0674
002320 0.6069 0.3260 0.0000 0.0671
002340 0.6047 0.3305 0.0000 0.0648
002360 0.6093 0.3267 0.0000 0.0640
002380 0.6182 0.3193 0.0000 0.0626
002400 0.6217 0.3148 0.0000 0.0634
002420 0.6184 0.3145 0.0000 0.0671
002440 0.6121 0.3222 0.0000 0.0656
002460 0.6105 0.3249 0.0000 0.0646
002480 0.6129 0.3227 0.0000 0.0644
002500 0.6121 0.3204 0.0000 0.0674
002520 0.6109 0.3242 0.0000 0.0650
002540 0.6096 0.3245 0.0000 0.0659
002560 0.6013 0.3283 0.0000 0.0704
002580 0.5942 0.3389 0.0000 0.0669
002600 0.5919 0.3409 0.0000 0.0671
002620 0.6012 0.3354 0.0000 0.0633
002640 0.6173 0.3218 0.0000 0.0609
002660 0.6273 0.3103 0.0000 0.0624
002680 0.6263 0.3095 0.0000 0.0643
002700 0.6215 0.3111 0.0000 0.0674
002720 0.6115 0.3205 0.0000 0.0681
002740 0.6010 0.3310 0.0000 0.0680
002760 0.5972 0.3349 0.0000 0.0679
002780 0.6047 0.3326 0.0000 0.0627
002800 0.6203 0.3182 0.0000 0.0615
002820 0.6312 0.3068 0.0000 0.0619
002840 0.6261 0.3069 0.0000 0.0670
002860 0.6083 0.3221 0.0000 0.0696
002880 0.5957 0.3365 0.0000 0.0678
002900 0.5965 0.3380 0.0000 0.0655
002920 0.6088 0.3277 0.0000 0.0636
002940 0.6204 0.3164 0.0000 0.0632
002960 0.6238 0.3123 0.0000 0.0640
002980 0.6210 0.3117 0.0000 0.0672
003000 0.6089 0.3202 0.0000 0.0709
003020 0.5980 0.3329 0.0000 0.0691
003040 0.5954 0.3398 0.0000 0.0648
003060 0.6086 0.3321 0.0000 0.0593
003080 0.6229 0.3147 0.0000 0.0624
003100 0.6251 0.3089 0.0000 0.0660
003120 0.6107 0.3195 0.0000 0.0698
003140 0.6011 0.3316 0.0000 0.0673
003160 0.6024 0.3317 0.0000 0.0659
003180 0.6060 0.3297 0.0000 0.0643
003200 0.6179 0.3204 0.0000 0.0617
003220 0.6221 0.3142 0.0000 0.0637
003240 0.6182 0.3176 0.0000 0.0641
003260 0.6175 0.3169 0.0000 0.0657
003280 0.6110 0.3204 0.0000 0.0686
003300 0.5985 0.3318 0.0000 0.0698
003320 0.5932 0.3380 0.0000 0.0689
003340 0.6029 0.3339 0.0000 0.0632
003360 0.6217 0.3183 0.0000 0.0601
003380 0.6315 0.3066 0.0000 0.0619
003400 0.6317 0.3044 0.0000 0.0639
003420 0.6225 0.3104 0.0000 0.0671
003440 0.6118 0.3185 0.0000 0.0697
003460 0.5946 0.3347 0.0000 0.0708
003480 0.5868 0.3452 0.0000 0.0680
003500 0.5926 0.3411 0.0000 0.0663
003520 0.6063 0.3300 0.0000 0.0637
003540 0.6166 0.3195 0.0000 0.0638
003560 0.6182 0.3166 0.0000 0.0652
003580 0.6173 0.3202 0.0000 0.0625
003600 0.6212 0.3161 0.0000 0.0627
003620 0.6263 0.3104 0.0000 0.0633
003640 0.6213 0.3130 0.0000 0.0658
003660 0.6112 0.3210 0.0000 0.0678
003680 0.6082 0.3249 0.0000 0.0668
003700 0.6073 0.3289 0.0000 0.0638
003720 0.6146 0.3223 0.0000 0.0631
003740 0.6208 0.3163 0.0000 0.0629
003760 0.6194 0.3161 0.0000 0.0646
003780 0.6138 0.3191 0.0000 0.0671
003800 0.6122 0.3235 0.0000 0.0643
003820 0.6110 0.3222 0.0000 0.0668
003840 0.6170 0.3180 0.0000 0.0650
003860 0.6182 0.3164 0.0000 0.0654
003880 0.6108 0.3232 0.0000 0.0660
003900 0.6133 0.3231 0.0000 0.0635
003920 0.6189 0.3182 0.0000 0.0629
003940 0.6249 0.3124 0.0000 0.0627
003960 0.6245 0.3128 0.0000 0.0628
003980 0.6204 0.3132 0.0000 0.0664
004000 0.6113 0.3223 0.0000 0.0664
004020 0.6080 0.3244 0.0000 0.0676
004040 0.6079 0.3253 0.0000 0.0668
004060 0.6062 0.3279 0.0000 0.0658
004080 0.6078 0.3284 0.0000 0.0637
004100 0.6183 0.3201 0.0000 0.0616
004120 0.6259 0.3105 0.0000 0.0636
004140 0.6256 0.3105 0.0000 0.0639
004160 0.6136 0.3156 0.0000 0.0708
004180 0.5931 0.3364 0.0000 0.0705
004200 0.5890 0.3433 0.0000 0.0677
004220 0.6014 0.3350 0.0000 0.0636
004240 0.6188 0.3213 0.0000 0.0599
004260 0.6309 0.3085 0.0000 0.0606
004280 0.6259 0.3084 0.0000 0.0657
004300 0.6117 0.3206 0.0000 0.0677
004320 0.6057 0.3279 0.0000 0.0664
004340 0.6054 0.3274 0.0000 0.0672
004360 0.6068 0.3281 0.0000 0.0651
004380 0.6072 0.3267 0.0000 0.0661
004400 0.6075 0.3267 0.0000 0.0659
004420 0.6106 0.3248 0.0000 0.0647
004440 0.6095 0.3234 0.0000 0.0671
004460 0.6040 0.3290 0.0000 0.0670
004480 0.6041 0.3300 0.0000 0.0659
004500 0.6042 0.3305 0.0000 0.0653
004520 0.6139 0.3222 0.0000 0.0639
004540 0.6178 0.3175 0.0000 0.0647
004560 0.6131 0.3193 0.0000 0.0676
004580 0.6125 0.3229 0.0000 0.0646
004600 0.6078 0.3252 0.0000 0.0670
004620 0.6079 0.3284 0.0000 0.0637
004640 0.6120 0.3231 0.0000 0.0649
004660 0.6149 0.3220 0.0000 0.0631
004680 0.6161 0.3184 0.0000 0.0654
004700 0.6145 0.3190 0.0000 0.0665
004720 0.6082 0.3234 0.0000 0.0684
004740 0.6041 0.3294 0.0000 0.0665
004760 0.6016 0.3320 0.0000 0.0663
004780 0.6072 0.3285 0.0000 0.0643
004800 0.6176 0.3208 0.0000 0.0616
004820 0.6270 0.3117 0.0000 0.0613
004840 0.6331 0.3055 0.0000 0.0614
004860 0.6246 0.3085 0.0000 0.0669
004880 0.6140 0.3177 0.0000 0.0683
004900 0.6101 0.3241 0.0000 0.0657
004920 0.6121 0.3217 0.0000 0.0662
004940 0.6129 0.3225 0.0000 0.0646
004960 0.6110 0.3241 0.0000 0.0649
004980 0.6134 0.3236 0.0000 0.0630
005000 0.6119 0.3219 0.0000 0.0661
005020 0.6085 0.3229 0.0000 0.0686
005040 0.6065 0.3276 0.0000 0.0659
005060 0.6038 0.3285 0.0000 0.0677
005080 0.6068 0.3280 0.0000 0.0652
005100 0.6100 0.3251 0.0000 0.0649
005120 0.6115 0.3240 0.0000 0.0645
005140 0.6076 0.3248 0.0000 0.0676
005160 0.6026 0.3290 0.0000 0.0684
005180 0.6073 0.3268 0.0000 0.0659
005200 0.6100 0.3241 0.0000 0.0659
005220 0.6063 0.3288 0.0000 0.0649
005240 0.6118 0.3238 0.0000 0.0644
005260 0.6167 0.3199 0.0000 0.0634
005280 0.6194 0.3164 0.0000 0.0642
005300 0.6210 0.3163 0.0000 0.0626
005320 0.6201 0.3155 0.0000 0.0645
005340 0.6141 0.3181 0.0000 0.0679
005360 0.6070 0.3271 0.0000 0.0659
005380 0.6109 0.3257 0.0000 0.0634
005400 0.6173 0.3193 0.0000 0.0635
005420 0.6207 0.3148 0.0000 0.0645
005440 0.6174 0.3150 0.0000 0.0676
005460 0.6065 0.3231 0.0000 0.0704
005480 0.5988 0.3328 0.0000 0.0684
005500 0.6062 0.3327 0.0000 0.0611
005520 0.6180 0.3196 0.0000 0.0624
005540 0.6200 0.3162 0.0000 0.0639
005560 0.6197 0.3157 0.0000 0.0646
005580 0.6128 0.3199 0.0000 0.0673
005600 0.6036 0.3285 0.0000 0.0679
005620 0.6027 0.3324 0.0000 0.0649
005640 0.6036 0.3307 0.0000 0.0657
005660 0.6047 0.3301 0.0000 0.0651
005680 0.6102 0.3256 0.0000 0.0643
005700 0.6155 0.3199 0.0000 0.0646
005720 0.6194 0.3183 0.0000 0.0623
005740 0.6143 0.3185 0.0000 0.0673
005760 0.6071 0.3239 0.0000 0.0690
005780 0.6048 0.3292 0.0000 0.0660
005800 0.6044 0.3305 0.0000 0.0651
005820 0.6095 0.3259 0.0000 0.0645
005840 0.6127 0.3217 0.0000 0.0656
005860 0.6125 0.3218 0.0000 0.0657
005880 0.6102 0.3242 0.0000 0.0656
005900 0.6176 0.3184 0.0000 0.0640
005920 0.6197 0.3167 0.0000 0.0636
005940 0.6186 0.3147 0.0000 0.0668
005960 0.6131 0.3208 0.0000 0.0661
005980 0.6094 0.3236 0.0000 0.0670
006000 0.6074 0.3272 0.0000 0.0654
006020 0.6168 0.3215 0.0000 0.0617
006040 0.6208 0.3157 0.0000 0.0635
006060 0.6183 0.3149 0.0000 0.0669
006080 0.6068 0.3243 0.0000 0.0689
006100 0.5987 0.3350 0.0000 0.0663
006120 0.6022 0.3326 0.0000 0.0652
006140 0.6057 0.3290 0.0000 0.0653
006160 0.6106 0.3233 0.0000 0.0661
006180 0.6165 0.3203 0.0000 0.0632
006200 0.6207 0.3150 0.0000 0.0642
006220 0.6107 0.3213 0.0000 0.0680
006240 0.6022 0.3309 0.0000 0.0669
006260 0.6035 0.3309 0.0000 0.0656
006280 0.6124 0.3242 0.0000 0.0635
006300 0.6204 0.3164 0.0000 0.0632
006320 0.6226 0.3112 0.0000 0.0662
006340 0.6161 0.3142 0.0000 0.0697
006360 0.6080 0.3232 0.0000 0.0689
006380 0.5998 0.3322 0.0000 0.0679
006400 0.5946 0.3379 0.0000 0.0675
006420 0.5997 0.3384 0.0000 0.0619
006440 0.6218 0.3179 0.0000 0.0602
006460 0.6345 0.3025 0.0000 0.0630
006480 0.6298 0.3049 0.0000 0.0654
006500 0.6167 0.3152 0.0000 0.0681
006520 0.6027 0.3289 0.0000 0.0684
006540 0.6025 0.3339 0.0000 0.0637
006560 0.6088 0.3284 0.0000 0.0628
006580 0.6181 0.3189 0.0000 0.0630
006600 0.6234 0.3127 0.0000 0.0639
006620 0.6245 0.3122 0.0000 0.0633
006640 0.6183 0.3139 0.0000 0.0678
006660 0.6095 0.3207 0.0000 0.0698
006680 0.6008 0.3315 0.0000 0.0677
006700 0.6049 0.3314 0.0000 0.0637
006720 0.6170 0.3208 0.0000 0.0623
006740 0.6235 0.3124 0.0000 0.0640
006760 0.6162 0.3159 0.0000 0.0678
006780 0.6006 0.3291 0.0000 0.0703
006800 0.5966 0.3358 0.0000 0.0676
006820 0.6025 0.3306 0.0000 0.0669
006840 0.6111 0.3260 0.0000 0.0629
006860 0.6169 0.3201 0.0000 0.0630
006880 0.6233 0.3151 0.0000 0.0616
006900 0.6204 0.3131 0.0000 0.0665
006920 0.6107 0.3235 0.0000 0.0658
006940 0.6032 0.3298 0.0000 0.0670
006960 0.6041 0.3308 0.0000 0.0651
006980 0.6079 0.3271 0.0000 0.0650
007000 0.6105 0.3246 0.0000 0.0649
007020 0.6192 0.3164 0.0000 0.0644
007040 0.6201 0.3136 0.0000 0.0663
007060 0.6121 0.3214 0.0000 0.0665
007080 0.6043 0.3288 0.0000 0.0668
007100 0.6045 0.3308 0.0000 0.0647
007120 0.6132 0.3250 0.0000 0.0618
007140 0.6258 0.3124 0.0000 0.0618
007160 0.6211 0.3131 0.0000 0.0658
007180 0.6101 0.3215 0.0000 0.0683
007200 0.6010 0.3300 0.0000 0.0691
007220 0.5986 0.3347 0.0000 0.0666
007240 0.6090 0.3268 0.0000 0.0643
007260 0.6126 0.3214 0.0000 0.0660
007280 0.6120 0.3223 0.0000 0.0657
007300 0.6073 0.3259 0.0000 0.0668
007320 0.6105 0.3250 0.0000 0.0645
007340 0.6142 0.3223 0.0000 0.0636
007360 0.6184 0.3197 0.0000 0.0619
007380 0.6166 0.3160 0.0000 0.0674
007400 0.6069 0.3258 0.0000 0.0673
007420 0.6025 0.3330 0.0000 0.0645
007440 0.6045 0.3312 0.0000 0.0643
007460 0.6125 0.3240 0.0000 0.0635
007480 0.6164 0.3182 0.0000 0.0654
007500 0.6141 0.3207 0.0000 0.0652
007520 0.6095 0.3240 0.0000 0.0666
007540 0.6038 0.3289 0.0000 0.0672
007560 0.6040 0.3304 0.0000 0.0657
007580 0.6115 0.3258 0.0000 0.0628
007600 0.6247 0.3161 0.0000 0.0591
007620 0.6372 0.3011 0.0000 0.0617
007640 0.6299 0.3023 0.0000 0.0678
007660 0.6166 0.3171 0.0000 0.0663
007680 0.6046 0.3245 0.0000 0.0709
007700 0.5972 0.3341 0.0000 0.0687
007720 0.6005 0.3351 0.0000 0.0644
007740 0.6084 0.3296 0.0000 0.0620
007760 0.6178 0.3193 0.0000 0.0628
007780 0.6191 0.3145 0.0000 0.0664
007800 0.6145 0.3204 0.0000 0.0651
007820 0.6136 0.3200 0.0000 0.0663
007840 0.6130 0.3222 0.0000 0.0648
007860 0.6101 0.3238 0.0000 0.0661
007880 0.6082 0.3245 0.0000 0.0673
007900 0.6084 0.3262 0.0000 0.0654
007920 0.6099 0.3248 0.0000 0.0653
007940 0.6147 0.3224 0.0000 0.0629
007960 0.6238 0.3130 0.0000 0.0632
007980 0.6231 0.3121 0.0000 0.0648
008000 0.6137 0.3196 0.0000 0.0667
008020 0.6098 0.3249 0.0000 0.0653
008040 0.6113 0.3241 0.0000 0.0645
008060 0.6073 0.3249 0.0000 0.0678
008080 0.6033 0.3288 0.0000 0.0679
008100 0.6065 0.3296 0.0000 0.0639
008120 0.6191 0.3177 0.0000 0.0632
008140 0.6182 0.3157 0.0000 0.0661
008160 0.6141 0.3207 0.0000 0.0652
008180 0.6138 0.3219 0.0000 0.0643
008200 0.6164 0.3180 0.0000 0.0656
008220 0.6111 0.3200 0.0000 0.0689
008240 0.6050 0.3260 0.0000 0.0690
008260 0.6026 0.3316 0.0000 0.0658
008280 0.6061 0.3291 0.0000 0.0648
008300 0.6110 0.3248 0.0000 0.0642
008320 0.6125 0.3218 0.0000 0.0657
008340 0.6154 0.3197 0.0000 0.0650
008360 0.6190 0.3162 0.0000 0.0648
008380 0.6210 0.3162 0.0000 0.0628
008400 0.6200 0.3133 0.0000 0.0666
008420 0.6146 0.3188 0.0000 0.0666
008440 0.6115 0.3227 0.0000 0.0658
008460 0.6108 0.3242 0.0000 0.0650
008480 0.6179 0.3202 0.0000 0.0619
008500 0.6257 0.3122 0.0000 0.0620
008520 0.6288 0.3065 0.0000 0.0647
008540 0.6212 0.3121 0.0000 0.0667
008560 0.6122 0.3200 0.0000 0.0677
008580 0.6049 0.3297 0.0000 0.0654
008600 0.6092 0.3277 0.0000 0.0632
008620 0.6159 0.3202 0.0000 0.0639
008640 0.6182 0.3185 0.0000 0.0633
008660 0.6198 0.3160 0.0000 0.0642
008680 0.6162 0.3165 0.0000 0.0673
008700 0.6085 0.3239 0.0000 0.0676
008720 0.6048 0.3287 0.0000 0.0665
008740 0.6062 0.3309 0.0000 0.0629
008760 0.6152 0.3204 0.0000 0.0644
008780 0.6198 0.3153 0.0000 0.0649
008800 0.6191 0.3169 0.0000 0.0640
008820 0.6153 0.3172 0.0000 0.0675
008840 0.6108 0.3229 0.0000 0.0662
008860 0.6141 0.3218 0.0000 0.0641
008880 0.6137 0.3201 0.0000 0.0662
008900 0.6133 0.3209 0.0000 0.0658
008920 0.6131 0.3218 0.0000 0.0652
008940 0.6134 0.3205 0.0000 0.0661
008960 0.6102 0.3241 0.0000 0.0657
008980 0.6079 0.3256 0.0000 0.0665
009000 0.6079 0.3271 0.0000 0.0650
009020 0.6093 0.3247 0.0000 0.0659
009040 0.6148 0.3208 0.0000 0.0643
009060 0.6181 0.3193 0.0000 0.0626
009080 0.6171 0.3165 0.0000 0.0664
009100 0.6148 0.3187 0.0000 0.0665
009120 0.6077 0.3256 0.0000 0.0667
009140 0.6029 0.3290 0.0000 0.0681
009160 0.6044 0.3310 0.0000 0.0646
009180 0.6102 0.3259 0.0000 0.0639
009200 0.6202 0.3169 0.0000 0.0629
009220 0.6273 0.3108 0.0000 0.0619
009240 0.6250 0.3117 0.0000 0.0633
009260 0.6195 0.3136 0.0000 0.0669
009280 0.6115 0.3209 0.0000 0.0677
009300 0.6076 0.3262 0.0000 0.0661
009320 0.6059 0.3285 0.0000 0.0656
009340 0.6126 0.3256 0.0000 0.0618
009360 0.6244 0.3141 0.0000 0.0615
009380 0.6234 0.3077 0.0000 0.0689
009400 0.6094 0.3202 0.0000 0.0704
009420 0.6097 0.3265 0.0000 0.0638
009440 0.6128 0.3229 0.0000 0.0643
009460 0.6204 0.3174 0.0000 0.0622
009480 0.6253 0.3118 0.0000 0.0629
009500 0.6236 0.3099 0.0000 0.0665
009520 0.6072 0.3237 0.0000 0.0691
009540 0.6006 0.3341 0.0000 0.0653
009560 0.6091 0.3275 0.0000 0.0634
009580 0.6157 0.3201 0.0000 0.0642
009600 0.6156 0.3193 0.0000 0.0650
009620 0.6129 0.3213 0.0000 0.0657
009640 0.6108 0.3247 0.0000 0.0645
009660 0.6094 0.3250 0.0000 0.0656
009680 0.6127 0.3236 0.0000 0.0637
009700 0.6221 0.3138 0.0000 0.0641
009720 0.6262 0.3116 0.0000 0.0623
009740 0.6274 0.3112 0.0000 0.0615
009760 0.6241 0.3115 0.0000 0.0643
009780 0.6163 0.3175 0.0000 0.0663
009800 0.6086 0.3245 0.0000 0.0669
009820 0.6093 0.3265 0.0000 0.0643
009840 0.6173 0.3199 0.0000 0.0628
009860 0.6229 0.3135 0.0000 0.0636
009880 0.6234 0.3118 0.0000 0.0648
009900 0.6177 0.3166 0.0000 0.0657
009920 0.6124 0.3221 0.0000 0.0656
009940 0.6084 0.3269 0.0000 0.0647
009960 0.6169 0.3220 0.0000 0.0611
009980 0.6285 0.3100 0.0000 0.0615
010000 0.6269 0.3080 0.0000 0.0651
010020 0.6153 0.3190 0.0000 0.0657
010040 0.6153 0.3190 0.0000 0.0657
010060 0.6153 0.3190 0.0000 0.0657
010080 0.6153 0.3190 0.0000 0.0657
010100 0.6153 0.3190 0.0000 0.0657
010120 0.6153 0.3190 0.0000 0.0657
010140 0.6153 0.3190 0.0000 0.0657
010160 0.6153 0.3190 0.0000 0.0657
010180 0.6153 0.3190 0.0000 0.0657
010200 0.6153 0.3190 0.0000 0.0657
010220 0.6153 0.3190 0.0000 0.0657
010240 0.6153 0.3190 0.0000 0.0657
010260 0.6153 0.3190 0.0000 0.0657
010280 0.6153 0.3190 0.0000 0.0657
010300 0.6153 0.3190 0.0000 0.0657
010320 0.6153 0.3190 0.0000 0.0657
010340 0.6153 0.3190 0.0000 0.0657
010360 0.6153 0.3190 0.0000 0.0657
010380 0.6153 0.3190 0.0000 0.0657
010400 0.6153 0.3190 0.0000 0.0657
010420 0.6153 0.3190 0.0000 0.0657
010440 0.6153 0.3190 0.0000 0.0657
010460 0.6153 0.3190 0.0000 0.0657
010480 0.6153 0.3190 0.0000 0.0657
010500 0.6153 0.3190 0.0000 0.0657
010520 0.6153 0.3190 0.0000 0.0657
010540 0.6153 0.3190 0.0000 0.0657
010560 0.6153 0.3190 0.0000 0.0657
010580 0.6153 0.3190 0.0000 0.0657
010600 0.6153 0.3190 0.0000 0.0657
010620 0.6153 0.3190 0.0000 0.0657
010640 0.6153 0.3190 0.0000 0.0657
010660 0.6153 0.3190 0.0000 0.0657
010680 0.6153 0.3190 0.0000 0.0657
010700 0.6153 0.3190 0.0000 0.0657
010720 0.6153 0.3190 0.0000 0.0657
010740 0.6153 0.3190 0.0000 0.0657
010760 0.6153 0.3190 0.0000 0.0657
010780 0.6153 0.3190 0.0000 0.0657
010800 0.6153 0.3190 0.0000 0.0657
010820 0.6153 0.3190 0.0000 0.0657
010840 0.6153 0.3190 0.0000 0.0657
010860 0.6153 0.3190 0.0000 0.0657
010880 0.6153 0.3190 0.0000 0.0657
010900 0.6153 0.3190 0.0000 0.0657
010920 0.6153 0.3190 0.0000 0.0657
010940 0.6153 0.3190 0.0000 0.0657
010960 0.6153 0.3190 0.0000 0.0657
010980 0.6153 0.3190 0.0000 0.0657
011000 0.6153 0.3190 0.0000 0.0657
011020 0.6153 0.3190 0.0000 0.0657
011040 0.6153 0.3190 0.0000 0.0657
011060 0.6153 0.3190 0.0000 0.0657
011080 0.6153 0.3190 0.0000 0.0657
011100 0.6153 0.3190 0.0000 0.0657
011120 0.6153 0.3190 0.0000 0.0657
011140 0.6153 0.3190 0.0000 0.0657
011160 0.6153 0.3190 0.0000 0.0657
011180 0.6153 0.3190 0.0000 0.0657
011200 0.6153 0.3190 0.0000 0.0657
011220 0.6153 0.3190 0.0000 0.0657
011240 0.6153 0.3190 0.0000 0.0657
011260 0.6153 0.3190 0.0000 0.0657
011280 0.6153 0.3190 0.0000 0.0657
011300 0.6153 0.3190 0.0000 0.0657
011320 0.6153 0.3190 0.0000 0.0657
011340 0.6153 0.3190 0.0000 0.0657
011360 0.6153 0.3190 0.0000 0.0657
011380 0.6153 0.3190 0.0000 0.0657
011400 0.6153 0.3190 0.0000 0.0657
011420 0.6153 0.3190 0.0000 0.0657
011440 0.6153 0.3190 0.0000 0.0657
011460 0.6153 0.3190 0.0000 0.0657
011480 0.6153 0.3190 0.0000 0.0657
011500 0.6153 0.3190 0.0000 0.0657
011520 0.6153 0.3190 0.0000 0.0657
011540 0.6153 0.3190 0.0000 0.0657
011560 0.6153 0.3190 0.0000 0.0657
011580 0.6153 0.3190 0.0000 0.0657
011600 0.6153 0.3190 0.0000 0.0657
011620 0.6153 0.3190 0.0000 0.0657
011640 0.6153 0.3190 0.0000 0.0657
011660 0.6153 0.3190 0.0000 0.0657
011680 0.6153 0.3190 0.0000 0.0657
011700 0.6153 0.3190 0.0000 0.0657
011720 0.6153 0.3190 0.0000 0.0657
011740 0.6153 0.3190 0.0000 0.0657
011760 0.6153 0.3190 0.0000 0.0657
011780 0.6153 0.3190 0.0000 0.0657
011800 0.6153 0.3190 0.0000 0.0657
011820 0.6153 0.3190 0.0000 0.0657
011840 0.6153 0.3190 0.0000 0.0657
011860 0.6153 0.3190 0.0000 0.0657
011880 0.6153 0.3190 0.0000 0.0657
011900 0.6153 0.3190 0.0000 0.0657
011920 0.6153 0.3190 0.0000 0.0657
011940 0.6153 0.3190 0.0000 0.0657
011960 0.6153 0.3190 0.0000 0.0657
011980 0.6153 0.3190 0.0000 0.0657
012000 0.6153 0.3190 0.0000 0.0657
012020 0.6153 0.3190 0.0000 0.0657
012040 0.6153 0.3190 0.0000 0.0657
012060 0.6153 0.3190 0.0000 0.0657
012080 0.6153 0.3190 0.0000 0.0657
012100 0.6153 0.3190 0.0000 0.0657
012120 0.6153 0.3190 0.0000 0.0657
012140 0.6153 0.3190 0.0000 0.0657
012160 0.6153 0.3190 0.0000 0.0657
012180 0.6153 0.3190 0.0000 0.0657
012200 0.6153 0.3190 0.0000 0.0657
012220 0.6153 0.3190 0.0000 0.0657
012240 0.6153 0.3190 0.0000 0.0657
012260 0.6153 0.3190 0.0000 0.0657
012280 0.6153 0.3190 0.0000 0.0657
012300 0.6153 0.3190 0.0000 0.0657
012320 0.6153 0.3190 0.0000 0.0657
012340 0.6153 0.3190 0.0000 0.0657
012360 0.6153 0.3190 0.0000 0.0657
012380 0.6153 0.3190 0.0000 0.0657
012400 0.6153 0.3190 0.0000 0.0657
012420 0.6153 0.3190 0.0000 0.0657
012440 0.6153 0.3190 0.0000 0.0657
012460 0.6153 0.3190 0.0000 0.0657
012480 0.6153 0.3190 0.0000 0.0657
012500 0.6153 0.3190 0.0000 0.0657
012520 0.6153 0.3190 0.0000 0.0657
012540 0.6153 0.3190 0.0000 0.0657
012560 0.6153 0.3190 0.0000 0.0657
012580 0.6153 0.3190 0.0000 0.0657
012600 0.6153 0.3190 0.0000 0.0657
012620 0.6153 0.3190 0.0000 0.0657
012640 0.6153 0.3190 0.0000 0.0657
012660 0.6153 0.3190 0.0000 0.0657
012680 0.6153 0.3190 0.0000 0.0657
012700 0.6153 0.3190 0.0000 0.0657
012720 0.6153 0.3190 0.0000 0.0657
012740 0.6153 0.3190 0.0000 0.0657
012760 0.6153 0.3190 0.0000 0.0657
012780 0.6153 0.3190 0.0000 0.0657
012800 0.6153 0.3190 0.0000 0.0657
012820 0.6153 0.3190 0.0000 0.0657
012840 0.6153 0.3190 0.0000 0.0657
012860 0.6153 0.3190 0.0000 0.0657
012880 0.6153 0.3190 0.0000 0.0657
012900 0.6153 0.3190 0.0000 0.0657
012920 0.6153 0.3190 0.0000 0.0657
012940 0.6153 0.3190 0.0000 0.0657
012960 0.6153 0.3190 0.0000 0.0657
012980 0.6153 0.3190 0.0000 0.0657
013000 0.6153 0.3190 0.0000 0.0657
013020 0.6153 0.3190 0.0000 0.0657
013040 0.6153 0.3190 0.0000 0.0657
013060 0.6153 0.3190 0.0000 0.0657
013080 0.6153 0.3190 0.0000 0.0657
013100 0.6153 0.3190 0.0000 0.0657
013120 0.6153 0.3190 0.0000 0.0657
013140 0.6153 0.3190 0.0000 0.0657
013160 0.6153 0.3190 0.0000 0.0657
013180 0.6153 0.3190 0.0000 0.0657
013200 0.6153 0.3190 0.0000 0.0657
013220 0.6153 0.3190 0.0000 0.0657
013240 0.6153 0.3190 0.0000 0.0657
013260 0.6153 0.3190 0.0000 0.0657
013280 0.6153 0.3190 0.0000 0.0657
013300 0.6153 0.3190 0.0000 0.0657
013320 0.6153 0.3190 0.0000 0.0657
013340 0.6153 0.3190 0.0000 0.0657
013360 0.6153 0.3190 0.0000 0.0657
013380 0.6153 0.3190 0.0000 0.0657
013400 0.6153 0.3190 0.0000 0.0657
013420 0.6153 0.3190 0.0000 0.0657
013440 0.6153 0.3190 0.0000 0.0657
013460 0.6153 0.3190 0.0000 0.0657
013480 0.6153 0.3190 0.0000 0.0657
013500 0.6153 0.3190 0.0000 0.0657
013520 0.6153 0.3190 0.0000 0.0657
013540 0.6153 0.3190 0.0000 0.0657
013560 0.6153 0.3190 0.0000 0.0657
013580 0.6153 0.3190 0.0000 0.0657
013600 0.6153 0.3190 0.0000 0.0657
013620 0.6153 0.3190 0.0000 0.0657
013640 0.6153 0.3190 0.0000 0.0657
013660 0.6153 0.3190 0.0000 0.0657
013680 0.6153 0.3190 0.0000 0.0657
013700 0.6153 0.3190 0.0000 0.0657
013720 0.6153 0.3190 0.0000 0.0657
013740 0.6153 0.3190 0.0000 0.0657
013760 0.6153 0.3190 0.0000 0.0657
013780 0.6153 0.3190 0.0000 0.0657
013800 0.6153 0.3190 0.0000 0.0657
013820 0.6153 0.3190 0.0000 0.0657
013840 0.6153 0.3190 0.0000 0.0657
013860 0.6153 0.3190 0.0000 0.0657
013880 0.6153 0.3190 0.0000 0.0657
013900 0.6153 0.3190 0.0000 0.0657
013920 0.6153 0.3190 0.0000 0.0657
013940 0.6153 0.3190 0.0000 0.0657
013960 0.6153 0.3190 0.0000 0.0657
013980 0.6153 0.3190 0.0000 0.0657
014000 0.6153 0.3190 0.0000 0.0657
014020 0.6153 0.3190 0.0000 0.0657
014040 0.6153 0.3190 0.0000 0.0657
014060 0.6153 0.3190 0.0000 0.0657
014080 0.6153 0.3190 0.0000 0.0657
014100 0.6153 0.3190 0.0000 0.0657
014120 0.6153 0.3190 0.0000 0.0657
014140 0.6153 0.3190 0.0000 0.0657
014160 0.6153 0.3190 0.0000 0.0657
014180 0.6153 0.3190 0.0000 0.0657
014200 0.6153 0.3190 0.0000 0.0657
014220 0.6153 0.3190 0.0000 0.0657
014240 0.6153 0.3190 0.0000 0.0657
014260 0.6153 0.3190 0.0000 0.0657
014280 0.6153 0.3190 0.0000 0.0657
014300 0.6153 0.3190 0.0000 0.0657
014320 0.6153 0.3190 0.0000 0.0657
014340 0.6153 0.3190 0.0000 0.0657
014360 0.6153 0.3190 0.0000 0.0657
014380 0.6153 0.3190 0.0000 0.0657
014400 0.6153 0.3190 0.0000 0.0657
014420 0.6153 0.3190 0.0000 0.0657
014440 0.6153 0.3190 0.0000 0.0657
014460 0.6153 0.3190 0.0000 0.0657
014480 0.6153 0.3190 0.0000 0.0657
014500 0.6153 0.3190 0.0000 0.0657
014520 0.6153 0.3190 0.0000 0.0657
014540 0.6153 0.3190 0.0000 0.0657
014560 0.6153 0.3190 0.0000 0.0657
014580 0.6153 0.3190 0.0000 0.0657
014600 0.6153 0.3190 0.0000 0.0657
014620 0.6153 0.3190 0.0000 0.0657
014640 0.6153 0.3190 0.0000 0.0657
014660 0.6153 0.3190 0.0000 0.0657
014680 0.6153 0.3190 0.0000 0.0657
014700 0.6153 0.3190 0.0000 0.0657
014720 0.6153 0.3190 0.0000 0.0657
014740 0.6153 0.3190 0.0000 0.0657
014760 0.6153 0.3190 0.0000 0.0657
014780 0.6153 0.3190 0.0000 0.0657
014800 0.6153 0.3190 0.0000 0.0657
014820 0.6153 0.3190 0.0000 0.0657
014840 0.6153 0.3190 0.0000 0.0657
014860 0.6153 0.3190 0.0000 0.0657
014880 0.6153 0.3190 0.0000 0.0657
014900 0.6153 0.3190 0.0000 0.0657
014920 0.6153 0.3190 0.0000 0.0657
014940 0.6153 0.3190 0.0000 0.0657
014960 0.6153 0.3190 0.0000 0.0657
014980 0.6153 0.3190 0.0000 0.0657
015000 0.6153 0.3190 0.0000 0.0657
015020 0.6153 0.3190 0.0000 0.0657
015040 0.6153 0.3190 0.0000 0.0657
015060 0.6153 0.3190 0.0000 0.0657
015080 0.6153 0.3190 0.0000 0.0657
015100 0.6153 0.3190 0.0000 0.0657
015120 0.6153 0.3190 0.0000 0.0657
015140 0.6153 0.3190 0.0000 0.0657
015160 0.6153 0.3190 0.0000 0.0657
015180 0.6153 0.3190 0.0000 0.0657
015200 0.6153 0.3190 0.0000 0.0657
015220 0.6153 0.3190 0.0000 0.0657
015240 0.6153 0.3190 0.0000 0.0657
015260 0.6153 0.3190 0.0000 0.0657
015280 0.6153 0.3190 0.0000 0.0657
015300 0.6153 0.3190 0.0000 0.0657
015320 0.6153 0.3190 0.0000 0.0657
015340 0.6153 0.3190 0.0000 0.0657
015360 0.6153 0.3190 0.0000 0.0657
015380 0.6153 0.3190 0.0000 0.0657
015400 0.6153 0.3190 0.0000 0.0657
015420 0.6153 0.3190 0.0000 0.0657
015440 0.6153 0.3190 0.0000 0.0657
015460 0.6153 0.3190 0.0000 0.0657
015480 0.6153 0.3190 0.0000 0.0657
015500 0.6153 0.3190 0.0000 0.0657
015520 0.6153 0.3190 0.0000 0.0657
015540 0.6153 0.3190 0.0000 0.0657
015560 0.6153 0.3190 0.0000 0.0657
015580 0.6153 0.3190 0.0000 0.0657
015600 0.6153 0.3190 0.0000 0.0657
015620 0.6153 0.3190 0.0000 0.0657
015640 0.6153 0.3190 0.0000 0.0657
015660 0.6153 0.3190 0.0000 0.0657
015680 0.6153 0.3190 0.0000 0.0657
015700 0.6153 0.3190 0.0000 0.0657
015720 0.6153 0.3190 0.0000 0.0657
015740 0.6153 0.3190 0.0000 0.0657
015760 0.6153 0.3190 0.0000 0.0657
015780 0.6153 0.3190 0.0000 0.0657
015800 0.6153 0.3190 0.0000 0.0657
015820 0.6153 0.3190 0.0000 0.0657
015840 0.6153 0.3190 0.0000 0.0657
015860 0.6153 0.3190 0.0000 0.0657
015880 0.6153 0.3190 0.0000 0.0657
015900 0.6153 0.3190 0.0000 0.0657
015920 0.6153 0.3190 0.0000 0.0657
015940 0.6153 0.3190 0.0000 0.0657
015960 0.6153 0.3190 0.0000 0.0657
015980 0.6153 0.3190 0.0000 0.0657
016000 0.6153 0.3190 0.0000 0.0657
016020 0.6153 0.3190 0.0000 0.0657
016040 0.6153 0.3190 0.0000 0.0657
016060 0.6153 0.3190 0.0000 0.0657
016080 0.6153 0.3190 0.0000 0.0657
016100 0.6153 0.3190 0.0000 0.0657
016120 0.6153 0.3190 0.0000 0.0657
016140 0.6153 0.3190 0.0000 0.0657
016160 0.6153 0.3190 0.0000 0.0657
016180 0.6153 0.3190 0.0000 0.0657
016200 0.6153 0.3190 0.0000 0.0657
016220 0.6153 0.3190 0.0000 0.0657
016240 0.6153 0.3190 0.0000 0.0657
016260 0.6153 0.3190 0.0000 0.0657
016280 0.6153 0.3190 0.0000 0.0657
016300 0.6153 0.3190 0.0000 0.0657
016320 0.6153 0.3190 0.0000 0.0657
016340 0.6153 0.3190 0.0000 0.0657
016360 0.6153 0.3190 0.0000 0.0657
016380 0.6153 0.3190 0.0000 0.0657
016400 0.6153 0.3190 0.0000 0.0657
016420 0.6153 0.3190 0.0000 0.0657
016440 0.6153 0.3190 0.0000 0.0657
016460 0.6153 0.3190 0.0000 0.0657
016480 0.6153 0.3190 0.0000 0.0657
016500 0.6153 0.3190 0.0000 0.0657
016520 0.6153 0.3190 0.0000 0.0657
016540 0.6153 0.3190 0.0000 0.0657
016560 0.6153 0.3190 0.0000 0.0657
016580 0.6153 0.3190 0.0000 0.0657
016600 0.6153 0.3190 0.0000 0.0657
016620 0.6153 0.3190 0.0000 0.0657
016640 0.6153 0.3190 0.0000 0.0657
016660 0.6153 0.3190 0.0000 0.0657
016680 0.6153 0.3190 0.0000 0.0657
016700 0.6153 0.3190 0.0000 0.0657
016720 0.6153 0.3190 0.0000 0.0657
016740 0.6153 0.3190 0.0000 0.0657
016760 0.6153 0.3190 0.0000 0.0657
016780 0.6153 0.3190 0.0000 0.0657
016800 0.6153 0.3190 0.0000 0.0657
016820 0.6153 0.3190 0.0000 0.0657
016840 0.6153 0.3190 0.0000 0.0657
016860 0.6153 0.3190 0.0000 0.0657
016880 0.6153 0.3190 0.0000 0.0657
016900 0.6153 0.3190 0.0000 0.0657
016920 0.6153 0.3190 0.0000 0.0657
016940 0.6153 0.3190 0.0000 0.0657
016960 0.6153 0.3190 0.0000 0.0657
016980 0.6153 0.3190 0.0000 0.0657
017000 0.6153 0.3190 0.0000 0.0657
017020 0.6153 0.3190 0.0000 0.0657
017040 0.6153 0.3190 0.0000 0.0657
017060 0.6153 0.3190 0.0000 0.0657
017080 0.6153 0.3190 0.0000 0.0657
017100 0.6153 0.3190 0.0000 0.0657
017120 0.6153 0.3190 0.0000 0.0657
017140 0.6153 0.3190 0.0000 0.0657
017160 0.6153 0.3190 0.0000 0.0657
017180 0.6153 0.3190 0.0000 0.0657
017200 0.6153 0.3190 0.0000 0.0657
017220 0.6153 0.3190 0.0000 0.0657
017240 0.6153 0.3190 0.0000 0.0657
017260 0.6153 0.3190 0.0000 0.0657
017280 0.6153 0.3190 0.0000 0.0657
017300 0.6153 0.3190 0.0000 0.0657
017320 0.6153 0.3190 0.0000 0.0657
017340 0.6153 0.3190 0.0000 0.0657
017360 0.6153 0.3190 0.0000 0.0657
017380 0.6153 0.3190 0.0000 0.0657
017400 0.6153 0.3190 0.0000 0.0657
017420 0.6153 0.3190 0.0000 0.0657
017440 0.6153 0.3190 0.0000 0.0657
017460 0.6153 0.3190 0.0000 0.0657
017480 0.6153 0.3190 0.0000 0.0657
017500 0.6153 0.3190 0.0000 0.0657
017520 0.6153 0.3190 0.0000 0.0657
017540 0.6153 0.3190 0.0000 0.0657
017560 0.6153 0.3190 0.0000 0.0657
017580 0.6153 0.3190 0.0000 0.0657
017600 0.6153 0.3190 0.0000 0.0657
017620 0.6153 0.3190 0.0000 0.0657
017640 0.6153 0.3190 0.0000 0.0657
017660 0.6153 0.3190 0.0000 0.0657
017680 0.6153 0.3190 0.0000 0.0657
017700 0.6153 0.3190 0.0000 0.0657
017720 0.6153 0.3190 0.0000 0.0657
017740 0.6153 0.3190 0.0000 0.0657
017760 0.6153 0.3190 0.0000 0.0657
017780 0.6153 0.3190 0.0000 0.0657
017800 0.6153 0.3190 0.0000 0.0657
017820 0.6153 0.3190 0.0000 0.0657
017840 0.6153 0.3190 0.0000 0.0657
017860 0.6153 0.3190 0.0000 0.0657
017880 0.6153 0.3190 0.0000 0.0657
017900 0.6153 0.3190 0.0000 0.0657
017920 0.6153 0.3190 0.0000 0.0657
017940 0.6153 0.3190 0.0000 0.0657
017960 0.6153 0.3190 0.0000 0.0657
017980 0.6153 0.3190 0.0000 0.0657
018000 0.6153 0.3190 0.0000 0.0657
018020 0.6153 0.3190 0.0000 0.0657
018040 0.6153 0.3190 0.0000 0.0657
018060 0.6153 0.3190 0.0000 0.0657
018080 0.6153 0.3190 0.0000 0.0657
018100 0.6153 0.3190 0.0000 0.0657
018120 0.6153 0.3190 0.0000 0.0657
018140 0.6153 0.3190 0.0000 0.0657
018160 0.6153 0.3190 0.0000 0.0657
018180 0.6153 0.3190 0.0000 0.0657
018200 0.6153 0.3190 0.0000 0.0657
018220 0.6153 0.3190 0.0000 0.0657
018240 0.6153 0.3190 0.0000 0.0657
018260 0.6153 0.3190 0.0000 0.0657
018280 0.6153 0.3190 0.0000 0.0657
018300 0.6153 0.3190 0.0000 0.0657
018320 0.6153 0.3190 0.0000 0.0657
018340 0.6153 0.3190 0.0000 0.0657
018360 0.6153 0.3190 0.0000 0.0657
018380 0.6153 0.3190 0.0000 0.0657
018400 0.6153 0.3190 0.0000 0.0657
018420 0.6153 0.3190 0.0000 0.0657
018440 0.6153 0.3190 0.0000 0.0657
018460 0.6153 0.3190 0.0000 0.0657
018480 0.6153 0.3190 0.0000 0.0657
018500 0.6153 0.3190 0.0000 0.0657
018520 0.6153 0.3190 0.0000 0.0657
018540 0.6153 0.3190 0.0000 0.0657
018560 0.6153 0.3190 0.0000 0.0657
018580 0.6153 0.3190 0.0000 0.0657
018600 0.6153 0.3190 0.0000 0.0657
018620 0.6153 0.3190 0.0000 0.0657
018640 0.6153 0.3190 0.0000 0.0657
018660 0.6153 0.3190 0.0000 0.0657
018680 0.6153 0.3190 0.0000 0.0657
018700 0.6153 0.3190 0.0000 0.0657
018720 0.6153 0.3190 0.0000 0.0657
018740 0.6153 0.3190 0.0000 0.0657
018760 0.6153 0.3190 0.0000 0.0657
018780 0.6153 0.3190 0.0000 0.0657
018800 0.6153 0.3190 0.0000 0.0657
018820 0.6153 0.3190 0.0000 0.0657
018840 0.6153 0.3190 0.0000 0.0657
018860 0.6153 0.3190 0.0000 0.0657
018880 0.6153 0.3190 0.0000 0.0657
018900 0.6153 0.3190 0.0000 0.0657
018920 0.6153 0.3190 0.0000 0.0657
018940 0.6153 0.3190 0.0000 0.0657
018960 0.6153 0.3190 0.0000 0.0657
018980 0.6153 0.3190 0.0000 0.0657
019000 0.6153 0.3190 0.0000 0.0657
019020 0.6153 0.3190 0.0000 0.0657
019040 0.6153 0.3190 0.0000 0.0657
019060 0.6153 0.3190 0.0000 0.0657
019080 0.6153 0.3190 0.0000 0.0657
019100 0.6153 0.3190 0.0000 0.0657
019120 0.6153 0.3190 0.0000 0.0657
019140 0.6153 0.3190 0.0000 0.0657
019160 0.6153 0.3190 0.0000 0.0657
019180 0.6153 0.3190 0.0000 0.0657
019200 0.6153 0.3190 0.0000 0.0657
019220 0.6153 0.3190 0.0000 0.0657
019240 0.6153 0.3190 0.0000 0.0657
019260 0.6153 0.3190 0.0000 0.0657
019280 0.6153 0.3190 0.0000 0.0657
019300 0.6153 0.3190 0.0000 0.0657
019320 0.6153 0.3190 0.0000 0.0657
019340 0.6153 0.3190 0.0000 0.0657
019360 0.6153 0.3190 0.0000 0.0657
019380 0.6153 0.3190 0.0000 0.0657
019400 0.6153 0.3190 0.0000 0.0657
019420 0.6153 0.3190 0.0000 0.0657
019440 0.6153 0.3190 0.0000 0.0657
019460 0.6153 0.3190 0.0000 0.0657
019480 0.6153 0.3190 0.0000 0.0657
019500 0.6153 0.3190 0.0000 0.0657
019520 0.6153 0.3190 0.0000 0.0657
019540 0.6153 0.3190 0.0000 0.0657
019560 0.6153 0.3190 0.0000 0.0657
019580 0.6153 0.3190 0.0000 0.0657
019600 0.6153 0.3190 0.0000 0.0657
019620 0.6153 0.3190 0.0000 0.0657
019640 0.6153 0.3190 0.0000 0.0657
019660 0.6153 0.3190 0.0000 0.0657
019680 0.6153 0.3190 0.0000 0.0657
019700 0.6153 0.3190 0.0000 0.0657
019720 0.6153 0.3190 0.0000 0.0657
019740 0.6153 0.3190 0.0000 0.0657
019760 0.6153 0.3190 0.0000 0.0657
019780 0.6153 0.3190 0.0000 0.0657
019800 0.6153 0.3190 0.0000 0.0657
019820 0.6153 0.3190 0.0000 0.0657
019840 0.6153 0.3190 0.0000 0.0657
019860 0.6153 0.3190 0.0000 0.0657
019880 0.6153 0.3190 0.0000 0.0657
019900 0.6153 0.3190 0.0000 0.0657
019920 0.6153 0.3190 0.0000 0.0657
019940 0.6153 0.3190 0.0000 0.0657
019960 0.6153 0.3190 0.0000 0.0657
019980 0.6153 0.3190 0.0000 0.0657
020000 0.6153 0.3190 0.0000 0.0657
