000000 0.2503 0.2498 0.2500 0.2500
000020 0.2461 0.7439 0.0000 0.0099
000040 0.4905 0.5075 0.0000 0.0020
000060 0.6820 0.3169 0.0000 0.0011
000080 0.8015 0.1973 0.0000 0.0013
000100 0.8715 0.1263 0.0000 0.0022
000120 0.9106 0.0859 0.0000 0.0035
000140 0.9282 0.0659 0.0000 0.0059
000160 0.9296 0.0606 0.0000 0.0098
000180 0.9165 0.0685 0.0000 0.0150
000200 0.8890 0.0892 0.0000 0.0218
000220 0.8474 0.1229 0.0000 0.0297
000240 0.7958 0.1676 0.0000 0.0366
000260 0.7369 0.2186 0.0000 0.0445
000280 0.6798 0.2715 0.0000 0.0487
000300 0.6301 0.3206 0.0000 0.0493
000320 0.5877 0.3635 0.0000 0.0488
000340 0.5646 0.3935 0.0000 0.0419
000360 0.5591 0.4047 0.0000 0.0362
000380 0.5645 0.4030 0.0000 0.0325
000400 0.5806 0.3926 0.0000 0.0268
000420 0.6000 0.3737 0.0000 0.0263
000440 0.6184 0.3544 0.0000 0.0271
000460 0.6346 0.3396 0.0000 0.0257
000480 0.6476 0.3254 0.0000 0.0269
000500 0.6574 0.3152 0.0000 0.0274
000520 0.6613 0.3093 0.0000 0.0294
000540 0.6568 0.3101 0.0000 0.0331
000560 0.6491 0.3153 0.0000 0.0355
000580 0.6359 0.3263 0.0000 0.0378
000600 0.6218 0.3412 0.0000 0.0370
000620 0.6101 0.3509 0.0000 0.0389
000640 0.5994 0.3617 0.0000 0.0389
000660 0.5968 0.3666 0.0000 0.0366
000680 0.5987 0.3659 0.0000 0.0354
000700 0.6036 0.3624 0.0000 0.0340
000720 0.6108 0.3557 0.0000 0.0335
000740 0.6151 0.3511 0.0000 0.0337
000760 0.6180 0.3481 0.0000 0.0339
000780 0.6191 0.3466 0.0000 0.0343
000800 0.6191 0.3456 0.0000 0.0354
000820 0.6181 0.3458 0.0000 0.0362
000840 0.6142 0.3479 0.0000 0.0379
000860 0.6037 0.3555 0.0000 0.0408
000880 0.5902 0.3684 0.0000 0.0414
000900 0.5765 0.3816 0.0000 0.0419
000920 0.5723 0.3905 0.0000 0.0372
000940 0.5758 0.3889 0.0000 0.0353
000960 0.5830 0.3828 0.0000 0.0342
000980 0.5907 0.3733 0.0000 0.0360
001000 0.5992 0.3670 0.0000 0.0338
001020 0.6048 0.3603 0.0000 0.0349
001040 0.6117 0.3557 0.0000 0.0326
001060 0.6165 0.3499 0.0000 0.0337
001080 0.6146 0.3487 0.0000 0.0367
001100 0.6149 0.3506 0.0000 0.0345
001120 0.6124 0.3529 0.0000 0.0347
001140 0.6169 0.3489 0.0000 0.0341
001160 0.6156 0.3478 0.0000 0.0366
001180 0.6111 0.3516 0.0000 0.0373
001200 0.6067 0.3565 0.0000 0.0368
001220 0.6027 0.3595 0.0000 0.0377
001240 0.6015 0.3609 0.0000 0.0376
001260 0.6014 0.3618 0.0000 0.0368
001280 0.6059 0.3588 0.0000 0.0353
001300 0.6073 0.3533 0.0000 0.0395
001320 0.6009 0.3578 0.0000 0.0413
001340 0.6011 0.3617 0.0000 0.0372
001360 0.5984 0.3640 0.0000 0.0376
001380 0.5923 0.3693 0.0000 0.0385
001400 0.5879 0.3745 0.0000 0.0376
001420 0.5867 0.3764 0.0000 0.0369
001440 0.5917 0.3737 0.0000 0.0345
001460 0.6004 0.3652 0.0000 0.0344
001480 0.6028 0.3622 0.0000 0.0350
001500 0.6053 0.3591 0.0000 0.0356
001520 0.6067 0.3577 0.0000 0.0356
001540 0.6108 0.3533 0.0000 0.0360
001560 0.6144 0.3516 0.0000 0.0340
001580 0.6111 0.3507 0.0000 0.0383
001600 0.6085 0.3556 0.0000 0.0359
001620 0.6105 0.3548 0.0000 0.0347
001640 0.6142 0.3503 0.0000 0.0355
001660 0.6075 0.3518 0.0000 0.0407
001680 0.5975 0.3613 0.0000 0.0411
001700 0.5926 0.3708 0.0000 0.0366
001720 0.5895 0.3738 0.0000 0.0367
001740 0.5914 0.3723 0.0000 0.0363
001760 0.5972 0.3667 0.0000 0.0361
001780 0.6042 0.3608 0.0000 0.0350
001800 0.6068 0.3589 0.0000 0.0343
001820 0.6099 0.3569 0.0000 0.0331
001840 0.6125 0.3524 0.0000 0.0351
001860 0.6101 0.3517 0.0000 0.0382
001880 0.6060 0.3547 0.0000 0.0393
001900 0.6008 0.3592 0.0000 0.0401
001920 0.5951 0.3650 0.0000 0.0399
001940 0.5925 0.3707 0.0000 0.0368
001960 0.5911 0.3708 0.0000 0.0381
001980 0.5922 0.3709 0.0000 0.0369
002000 0.5970 0.3678 0.0000 0.0351
002020 0.6064 0.3596 0.0000 0.0340
002040 0.6141 0.3511 0.0000 0.0348
002060 0.6133 0.3503 0.0000 0.0364
002080 0.6112 0.3525 0.0000 0.0363
002100 0.6109 0.3535 0.0000 0.0356
002120 0.6137 0.3519 0.0000 0.0343
002140 0.6180 0.3481 0.0000 0.0339
002160 0.6175 0.3482 0.0000 0.0344
002180 0.6142 0.3493 0.0000 0.0364
002200 0.6147 0.3505 0.0000 0.0347
002220 0.6196 0.3483 0.0000 0.0321
002240 0.6235 0.3437 0.0000 0.0328
002260 0.6222 0.3423 0.0000 0.0354
002280 0.6179 0.3442 0.0000 0.0379
002300 0.6122 0.3508 0.0000 0.0369
002320 0.6107 0.3530 0.0000 0.0363
002340 0.6040 0.3583 0.0000 0.0377
002360 0.6030 0.3609 0.0000 0.0361
002380 0.5990 0.3623 0.0000 0.0388
002400 0.5990 0.3639 0.0000 0.0371
002420 0.5967 0.3667 0.0000 0.0366
002440 0.5985 0.3664 0.0000 0.0351
002460 0.6000 0.3654 0.0000 0.0346
002480 0.6046 0.3598 0.0000 0.0356
002500 0.6102 0.3541 0.0000 0.0356
002520 0.6120 0.3516 0.0000 0.0364
002540 0.6093 0.3529 0.0000 0.0378
002560 0.6045 0.3579 0.0000 0.0376
002580 0.5992 0.3634 0.0000 0.0374
002600 0.5974 0.3655 0.0000 0.0371
002620 0.5977 0.3652 0.0000 0.0372
002640 0.5980 0.3659 0.0000 0.0361
002660 0.6024 0.3628 0.0000 0.0349
002680 0.6042 0.3607 0.0000 0.0351
002700 0.6065 0.3576 0.0000 0.0359
002720 0.6042 0.3566 0.0000 0.0391
002740 0.6010 0.3611 0.0000 0.0379
002760 0.5950 0.3669 0.0000 0.0381
002780 0.5915 0.3710 0.0000 0.0375
002800 0.5953 0.3709 0.0000 0.0338
002820 0.6024 0.3639 0.0000 0.0337
002840 0.6098 0.3559 0.0000 0.0343
002860 0.6132 0.3524 0.0000 0.0344
002880 0.6166 0.3478 0.0000 0.0355
002900 0.6162 0.3459 0.0000 0.0379
002920 0.6080 0.3531 0.0000 0.0390
002940 0.6050 0.3580 0.0000 0.0370
002960 0.6010 0.3625 0.0000 0.0365
002980 0.6020 0.3631 0.0000 0.0349
003000 0.6073 0.3579 0.0000 0.0347
003020 0.6123 0.3525 0.0000 0.0351
003040 0.6126 0.3498 0.0000 0.0376
003060 0.6068 0.3545 0.0000 0.0388
003080 0.6024 0.3586 0.0000 0.0390
003100 0.6003 0.3618 0.0000 0.0379
003120 0.6035 0.3592 0.0000 0.0373
003140 0.6007 0.3612 0.0000 0.0381
003160 0.6019 0.3627 0.0000 0.0354
003180 0.6031 0.3614 0.0000 0.0355
003200 0.6081 0.3580 0.0000 0.0339
003220 0.6145 0.3507 0.0000 0.0348
003240 0.6131 0.3507 0.0000 0.0361
003260 0.6089 0.3559 0.0000 0.0352
003280 0.6082 0.3568 0.0000 0.0351
003300 0.6067 0.3565 0.0000 0.0369
003320 0.6044 0.3589 0.0000 0.0367
003340 0.6069 0.3577 0.0000 0.0353
003360 0.6059 0.3573 0.0000 0.0369
003380 0.6055 0.3587 0.0000 0.0358
003400 0.6071 0.3581 0.0000 0.0348
003420 0.6089 0.3547 0.0000 0.0365
003440 0.6106 0.3549 0.0000 0.0345
003460 0.6168 0.3497 0.0000 0.0335
003480 0.6160 0.3465 0.0000 0.0375
003500 0.6069 0.3524 0.0000 0.0406
003520 0.5993 0.3633 0.0000 0.0374
003540 0.5951 0.3663 0.0000 0.0386
003560 0.5947 0.3686 0.0000 0.0367
003580 0.5983 0.3662 0.0000 0.0356
003600 0.5998 0.3643 0.0000 0.0359
003620 0.6001 0.3631 0.0000 0.0369
003640 0.5982 0.3657 0.0000 0.0360
003660 0.6007 0.3634 0.0000 0.0359
003680 0.6065 0.3590 0.0000 0.0345
003700 0.6158 0.3508 0.0000 0.0334
003720 0.6264 0.3412 0.0000 0.0324
003740 0.6346 0.3331 0.0000 0.0323
003760 0.6411 0.3269 0.0000 0.0320
003780 0.6416 0.3244 0.0000 0.0339
003800 0.6368 0.3270 0.0000 0.0363
003820 0.6281 0.3339 0.0000 0.0381
003840 0.6168 0.3440 0.0000 0.0392
003860 0.6043 0.3554 0.0000 0.0404
003880 0.5903 0.3683 0.0000 0.0413
003900 0.5812 0.3798 0.0000 0.0391
003920 0.5775 0.3854 0.0000 0.0371
003940 0.5791 0.3834 0.0000 0.0375
003960 0.5857 0.3797 0.0000 0.0346
003980 0.5946 0.3711 0.0000 0.0343
004000 0.6023 0.3639 0.0000 0.0338
004020 0.6119 0.3547 0.0000 0.0334
004040 0.6147 0.3504 0.0000 0.0349
004060 0.6218 0.3453 0.0000 0.0329
004080 0.6267 0.3385 0.0000 0.0349
004100 0.6259 0.3383 0.0000 0.0358
004120 0.6165 0.3453 0.0000 0.0382
004140 0.6085 0.3536 0.0000 0.0379
004160 0.6048 0.3583 0.0000 0.0370
004180 0.6071 0.3570 0.0000 0.0359
004200 0.6073 0.3565 0.0000 0.0363
004220 0.6090 0.3545 0.0000 0.0366
004240 0.6091 0.3534 0.0000 0.0375
004260 0.6008 0.3591 0.0000 0.0401
004280 0.5921 0.3690 0.0000 0.0388
004300 0.5901 0.3746 0.0000 0.0353
004320 0.5936 0.3709 0.0000 0.0355
004340 0.5995 0.3649 0.0000 0.0355
004360 0.6118 0.3557 0.0000 0.0325
004380 0.6199 0.3458 0.0000 0.0344
004400 0.6271 0.3400 0.0000 0.0329
004420 0.6330 0.3349 0.0000 0.0321
004440 0.6352 0.3316 0.0000 0.0332
004460 0.6325 0.3330 0.0000 0.0344
004480 0.6239 0.3381 0.0000 0.0379
004500 0.6100 0.3496 0.0000 0.0404
004520 0.5981 0.3617 0.0000 0.0402
004540 0.5921 0.3693 0.0000 0.0386
004560 0.5845 0.3759 0.0000 0.0396
004580 0.5770 0.3859 0.0000 0.0371
004600 0.5874 0.3813 0.0000 0.0313
004620 0.6005 0.3686 0.0000 0.0310
004640 0.6113 0.3555 0.0000 0.0332
004660 0.6136 0.3495 0.0000 0.0370
004680 0.6130 0.3495 0.0000 0.0375
004700 0.6089 0.3532 0.0000 0.0379
004720 0.6119 0.3534 0.0000 0.0346
004740 0.6146 0.3493 0.0000 0.0362
004760 0.6129 0.3488 0.0000 0.0384
004780 0.6095 0.3530 0.0000 0.0375
004800 0.6078 0.3583 0.0000 0.0339
004820 0.6097 0.3557 0.0000 0.0347
004840 0.6121 0.3524 0.0000 0.0356
004860 0.6098 0.3538 0.0000 0.0364
004880 0.6049 0.3584 0.0000 0.0367
004900 0.5985 0.3624 0.0000 0.0392
004920 0.5891 0.3708 0.0000 0.0401
004940 0.5883 0.3736 0.0000 0.0381
004960 0.5928 0.3708 0.0000 0.0364
004980 0.5967 0.3684 0.0000 0.0349
005000 0.6040 0.3627 0.0000 0.0333
005020 0.6104 0.3565 0.0000 0.0331
005040 0.6134 0.3510 0.0000 0.0356
005060 0.6127 0.3493 0.0000 0.0380
005080 0.6081 0.3539 0.0000 0.0380
005100 0.6079 0.3552 0.0000 0.0369
005120 0.6122 0.3531 0.0000 0.0347
005140 0.6145 0.3495 0.0000 0.0360
005160 0.6113 0.3509 0.0000 0.0377
005180 0.6093 0.3535 0.0000 0.0372
005200 0.6043 0.3580 0.0000 0.0377
005220 0.5997 0.3632 0.0000 0.0371
005240 0.5999 0.3633 0.0000 0.0368
005260 0.5998 0.3631 0.0000 0.0371
005280 0.6007 0.3609 0.0000 0.0384
005300 0.5965 0.3641 0.0000 0.0394
005320 0.5876 0.3724 0.0000 0.0399
005340 0.5856 0.3783 0.0000 0.0361
005360 0.5890 0.3755 0.0000 0.0355
005380 0.5919 0.3725 0.0000 0.0355
005400 0.5963 0.3699 0.0000 0.0338
005420 0.6054 0.3597 0.0000 0.0349
005440 0.6089 0.3553 0.0000 0.0358
005460 0.6168 0.3491 0.0000 0.0341
005480 0.6208 0.3426 0.0000 0.0366
005500 0.6157 0.3447 0.0000 0.0396
005520 0.6114 0.3507 0.0000 0.0379
005540 0.6028 0.3574 0.0000 0.0398
005560 0.5968 0.3653 0.0000 0.0379
005580 0.5966 0.3665 0.0000 0.0369
005600 0.5936 0.3692 0.0000 0.0372
005620 0.5956 0.3681 0.0000 0.0363
005640 0.6004 0.3649 0.0000 0.0347
005660 0.6120 0.3553 0.0000 0.0327
005680 0.6214 0.3453 0.0000 0.0333
005700 0.6267 0.3378 0.0000 0.0356
005720 0.6271 0.3364 0.0000 0.0365
005740 0.6230 0.3404 0.0000 0.0366
005760 0.6142 0.3474 0.0000 0.0384
005780 0.6069 0.3551 0.0000 0.0380
005800 0.5993 0.3618 0.0000 0.0388
005820 0.5946 0.3672 0.0000 0.0383
005840 0.5921 0.3710 0.0000 0.0368
005860 0.5913 0.3722 0.0000 0.0365
005880 0.5915 0.3705 0.0000 0.0380
005900 0.5920 0.3720 0.0000 0.0360
005920 0.6015 0.3657 0.0000 0.0328
005940 0.6133 0.3566 0.0000 0.0301
005960 0.6249 0.3441 0.0000 0.0311
005980 0.6319 0.3366 0.0000 0.0315
006000 0.6314 0.3337 0.0000 0.0349
006020 0.6257 0.3357 0.0000 0.0386
006040 0.6147 0.3450 0.0000 0.0403
006060 0.5980 0.3609 0.0000 0.0411
006080 0.5881 0.3723 0.0000 0.0397
006100 0.5855 0.3779 0.0000 0.0366
006120 0.5872 0.3770 0.0000 0.0358
006140 0.5918 0.3745 0.0000 0.0336
006160 0.6003 0.3669 0.0000 0.0328
006180 0.6073 0.3583 0.0000 0.0344
006200 0.6119 0.3526 0.0000 0.0354
006220 0.6138 0.3495 0.0000 0.0367
006240 0.6095 0.3531 0.0000 0.0374
006260 0.6058 0.3580 0.0000 0.0362
006280 0.6004 0.3624 0.0000 0.0372
006300 0.5997 0.3641 0.0000 0.0362
006320 0.6019 0.3619 0.0000 0.0362
006340 0.6044 0.3585 0.0000 0.0371
006360 0.6042 0.3579 0.0000 0.0379
006380 0.5998 0.3616 0.0000 0.0387
006400 0.5927 0.3669 0.0000 0.0404
006420 0.5840 0.3758 0.0000 0.0402
006440 0.5775 0.3850 0.0000 0.0375
006460 0.5801 0.3850 0.0000 0.0350
006480 0.5904 0.3761 0.0000 0.0335
006500 0.5967 0.3678 0.0000 0.0355
006520 0.6041 0.3614 0.0000 0.0344
006540 0.6130 0.3527 0.0000 0.0343
006560 0.6141 0.3493 0.0000 0.0366
006580 0.6078 0.3533 0.0000 0.0389
006600 0.6032 0.3584 0.0000 0.0384
006620 0.5971 0.3630 0.0000 0.0399
006640 0.5920 0.3668 0.0000 0.0412
006660 0.5870 0.3736 0.0000 0.0394
006680 0.5882 0.3737 0.0000 0.0381
006700 0.5900 0.3747 0.0000 0.0353
006720 0.5981 0.3664 0.0000 0.0355
006740 0.5999 0.3630 0.0000 0.0371
006760 0.6010 0.3622 0.0000 0.0368
006780 0.5958 0.3660 0.0000 0.0382
006800 0.5935 0.3708 0.0000 0.0357
006820 0.5942 0.3714 0.0000 0.0344
006840 0.6010 0.3654 0.0000 0.0335
006860 0.6082 0.3577 0.0000 0.0341
006880 0.6060 0.3560 0.0000 0.0380
006900 0.6050 0.3580 0.0000 0.0370
006920 0.6065 0.3577 0.0000 0.0358
006940 0.6052 0.3578 0.0000 0.0370
006960 0.6064 0.3573 0.0000 0.0363
006980 0.6108 0.3555 0.0000 0.0337
007000 0.6130 0.3510 0.0000 0.0360
007020 0.6101 0.3517 0.0000 0.0382
007040 0.6029 0.3593 0.0000 0.0378
007060 0.5948 0.3664 0.0000 0.0387
007080 0.5928 0.3695 0.0000 0.0377
007100 0.5973 0.3690 0.0000 0.0337
007120 0.6050 0.3625 0.0000 0.0325
007140 0.6108 0.3553 0.0000 0.0339
007160 0.6183 0.3489 0.0000 0.0328
007180 0.6242 0.3418 0.0000 0.0340
007200 0.6310 0.3366 0.0000 0.0324
007220 0.6380 0.3290 0.0000 0.0330
007240 0.6397 0.3271 0.0000 0.0332
007260 0.6403 0.3247 0.0000 0.0351
007280 0.6277 0.3316 0.0000 0.0407
007300 0.6096 0.3478 0.0000 0.0426
007320 0.5916 0.3659 0.0000 0.0425
007340 0.5803 0.3783 0.0000 0.0413
007360 0.5735 0.3866 0.0000 0.0398
007380 0.5714 0.3903 0.0000 0.0383
007400 0.5826 0.3828 0.0000 0.0347
007420 0.5961 0.3727 0.0000 0.0312
007440 0.6144 0.3546 0.0000 0.0310
007460 0.6256 0.3433 0.0000 0.0311
007480 0.6311 0.3344 0.0000 0.0345
007500 0.6280 0.3361 0.0000 0.0359
007520 0.6221 0.3425 0.0000 0.0354
007540 0.6143 0.3484 0.0000 0.0373
007560 0.6074 0.3545 0.0000 0.0381
007580 0.6001 0.3615 0.0000 0.0385
007600 0.5951 0.3656 0.0000 0.0393
007620 0.5929 0.3682 0.0000 0.0389
007640 0.5957 0.3690 0.0000 0.0352
007660 0.6015 0.3632 0.0000 0.0353
007680 0.6044 0.3594 0.0000 0.0361
007700 0.6029 0.3597 0.0000 0.0374
007720 0.6072 0.3570 0.0000 0.0358
007740 0.6081 0.3564 0.0000 0.0355
007760 0.6099 0.3549 0.0000 0.0352
007780 0.6083 0.3546 0.0000 0.0371
007800 0.6031 0.3596 0.0000 0.0373
007820 0.5998 0.3639 0.0000 0.0362
007840 0.6017 0.3638 0.0000 0.0346
007860 0.6036 0.3610 0.0000 0.0354
007880 0.6013 0.3607 0.0000 0.0380
007900 0.6000 0.3614 0.0000 0.0386
007920 0.6000 0.3632 0.0000 0.0367
007940 0.6058 0.3599 0.0000 0.0344
007960 0.6129 0.3557 0.0000 0.0314
007980 0.6193 0.3474 0.0000 0.0333
008000 0.6238 0.3421 0.0000 0.0340
008020 0.6221 0.3419 0.0000 0.0361
008040 0.6192 0.3441 0.0000 0.0368
008060 0.6125 0.3499 0.0000 0.0376
008080 0.6058 0.3547 0.0000 0.0395
008100 0.5963 0.3649 0.0000 0.0387
008120 0.5926 0.3692 0.0000 0.0382
008140 0.5886 0.3739 0.0000 0.0374
008160 0.5877 0.3755 0.0000 0.0368
008180 0.5960 0.3702 0.0000 0.0339
008200 0.6029 0.3622 0.0000 0.0349
008220 0.6069 0.3579 0.0000 0.0352
008240 0.6069 0.3566 0.0000 0.0364
008260 0.6052 0.3579 0.0000 0.0369
008280 0.6043 0.3580 0.0000 0.0377
008300 0.5988 0.3619 0.0000 0.0393
008320 0.5943 0.3674 0.0000 0.0384
008340 0.5977 0.3673 0.0000 0.0351
008360 0.6006 0.3646 0.0000 0.0348
008380 0.6044 0.3615 0.0000 0.0341
008400 0.6082 0.3569 0.0000 0.0349
008420 0.6102 0.3544 0.0000 0.0354
008440 0.6143 0.3504 0.0000 0.0352
008460 0.6163 0.3476 0.0000 0.0360
008480 0.6164 0.3468 0.0000 0.0367
008500 0.6116 0.3496 0.0000 0.0388
008520 0.6057 0.3551 0.0000 0.0392
008540 0.6014 0.3596 0.0000 0.0391
008560 0.5927 0.3671 0.0000 0.0403
008580 0.5813 0.3773 0.0000 0.0414
008600 0.5757 0.3834 0.0000 0.0409
008620 0.5711 0.3906 0.0000 0.0384
008640 0.5795 0.3861 0.0000 0.0344
008660 0.5887 0.3777 0.0000 0.0336
008680 0.5986 0.3674 0.0000 0.0340
008700 0.6072 0.3588 0.0000 0.0340
008720 0.6145 0.3528 0.0000 0.0327
008740 0.6224 0.3450 0.0000 0.0326
008760 0.6248 0.3400 0.0000 0.0352
008780 0.6156 0.3457 0.0000 0.0387
008800 0.6046 0.3551 0.0000 0.0403
008820 0.5936 0.3664 0.0000 0.0400
008840 0.5885 0.3722 0.0000 0.0393
008860 0.5848 0.3765 0.0000 0.0387
008880 0.5858 0.3779 0.0000 0.0363
008900 0.5947 0.3712 0.0000 0.0341
008920 0.6027 0.3632 0.0000 0.0341
008940 0.6127 0.3536 0.0000 0.0337
008960 0.6168 0.3483 0.0000 0.0349
008980 0.6198 0.3457 0.0000 0.0345
009000 0.6179 0.3465 0.0000 0.0356
009020 0.6148 0.3477 0.0000 0.0376
009040 0.6089 0.3524 0.0000 0.0387
009060 0.6004 0.3604 0.0000 0.0392
009080 0.5931 0.3684 0.0000 0.0385
009100 0.5888 0.3732 0.0000 0.0380
009120 0.5884 0.3748 0.0000 0.0367
009140 0.5967 0.3700 0.0000 0.0333
009160 0.6060 0.3607 0.0000 0.0332
009180 0.6128 0.3549 0.0000 0.0323
009200 0.6172 0.3479 0.0000 0.0349
009220 0.6178 0.3464 0.0000 0.0357
009240 0.6193 0.3469 0.0000 0.0338
009260 0.6189 0.3463 0.0000 0.0348
009280 0.6162 0.3481 0.0000 0.0357
009300 0.6082 0.3528 0.0000 0.0390
009320 0.5977 0.3629 0.0000 0.0394
009340 0.5919 0.3694 0.0000 0.0386
009360 0.5949 0.3701 0.0000 0.0350
009380 0.6051 0.3618 0.0000 0.0331
009400 0.6140 0.3531 0.0000 0.0329
009420 0.6238 0.3455 0.0000 0.0308
009440 0.6319 0.3357 0.0000 0.0324
009460 0.6323 0.3327 0.0000 0.0350
009480 0.6265 0.3371 0.0000 0.0364
009500 0.6182 0.3443 0.0000 0.0375
009520 0.6115 0.3497 0.0000 0.0388
009540 0.6024 0.3578 0.0000 0.0397
009560 0.5974 0.3644 0.0000 0.0383
009580 0.5921 0.3693 0.0000 0.0386
009600 0.5869 0.3745 0.0000 0.0387
009620 0.5884 0.3738 0.0000 0.0378
009640 0.5905 0.3724 0.0000 0.0371
009660 0.5933 0.3712 0.0000 0.0355
009680 0.5925 0.3691 0.0000 0.0384
009700 0.5915 0.3707 0.0000 0.0378
009720 0.5920 0.3725 0.0000 0.0355
009740 0.5956 0.3685 0.0000 0.0359
009760 0.5946 0.3666 0.0000 0.0388
009780 0.5861 0.3742 0.0000 0.0397
009800 0.5820 0.3794 0.0000 0.0386
009820 0.5835 0.3805 0.0000 0.0360
009840 0.5883 0.3779 0.0000 0.0338
009860 0.6028 0.3666 0.0000 0.0306
009880 0.6176 0.3512 0.0000 0.0313
009900 0.6316 0.3357 0.0000 0.0328
009920 0.6401 0.3259 0.0000 0.0340
009940 0.6381 0.3262 0.0000 0.0357
009960 0.6254 0.3345 0.0000 0.0401
009980 0.6103 0.3483 0.0000 0.0414
010000 0.5964 0.3635 0.0000 0.0401
010020 0.5857 0.3741 0.0000 0.0402
010040 0.5810 0.3800 0.0000 0.0391
010060 0.5828 0.3812 0.0000 0.0360
010080 0.5923 0.3758 0.0000 0.0319
010100 0.5923 0.3758 0.0000 0.0319
010120 0.5923 0.3758 0.0000 0.0319
010140 0.5923 0.3758 0.0000 0.0319
010160 0.5923 0.3758 0.0000 0.0319
010180 0.5923 0.3758 0.0000 0.0319
010200 0.5923 0.3758 0.0000 0.0319
010220 0.5923 0.3758 0.0000 0.0319
010240 0.5923 0.3758 0.0000 0.0319
010260 0.5923 0.3758 0.0000 0.0319
010280 0.5923 0.3758 0.0000 0.0319
010300 0.5923 0.3758 0.0000 0.0319
010320 0.5923 0.3758 0.0000 0.0319
010340 0.5923 0.3758 0.0000 0.0319
010360 0.5923 0.3758 0.0000 0.0319
010380 0.5923 0.3758 0.0000 0.0319
010400 0.5923 0.3758 0.0000 0.0319
010420 0.5923 0.3758 0.0000 0.0319
010440 0.5923 0.3758 0.0000 0.0319
010460 0.5923 0.3758 0.0000 0.0319
010480 0.5923 0.3758 0.0000 0.0319
010500 0.5923 0.3758 0.0000 0.0319
010520 0.5923 0.3758 0.0000 0.0319
010540 0.5923 0.3758 0.0000 0.0319
010560 0.5923 0.3758 0.0000 0.0319
010580 0.5923 0.3758 0.0000 0.0319
010600 0.5923 0.3758 0.0000 0.0319
010620 0.5923 0.3758 0.0000 0.0319
010640 0.5923 0.3758 0.0000 0.0319
010660 0.5923 0.3758 0.0000 0.0319
010680 0.5923 0.3758 0.0000 0.0319
010700 0.5923 0.3758 0.0000 0.0319
010720 0.5923 0.3758 0.0000 0.0319
010740 0.5923 0.3758 0.0000 0.0319
010760 0.5923 0.3758 0.0000 0.0319
010780 0.5923 0.3758 0.0000 0.0319
010800 0.5923 0.3758 0.0000 0.0319
010820 0.5923 0.3758 0.0000 0.0319
010840 0.5923 0.3758 0.0000 0.0319
010860 0.5923 0.3758 0.0000 0.0319
010880 0.5923 0.3758 0.0000 0.0319
010900 0.5923 0.3758 0.0000 0.0319
010920 0.5923 0.3758 0.0000 0.0319
010940 0.5923 0.3758 0.0000 0.0319
010960 0.5923 0.3758 0.0000 0.0319
010980 0.5923 0.3758 0.0000 0.0319
011000 0.5923 0.3758 0.0000 0.0319
011020 0.5923 0.3758 0.0000 0.0319
011040 0.5923 0.3758 0.0000 0.0319
011060 0.5923 0.3758 0.0000 0.0319
011080 0.5923 0.3758 0.0000 0.0319
011100 0.5923 0.3758 0.0000 0.0319
011120 0.5923 0.3758 0.0000 0.0319
011140 0.5923 0.3758 0.0000 0.0319
011160 0.5923 0.3758 0.0000 0.0319
011180 0.5923 0.3758 0.0000 0.0319
011200 0.5923 0.3758 0.0000 0.0319
011220 0.5923 0.3758 0.0000 0.0319
011240 0.5923 0.3758 0.0000 0.0319
011260 0.5923 0.3758 0.0000 0.0319
011280 0.5923 0.3758 0.0000 0.0319
011300 0.5923 0.3758 0.0000 0.0319
011320 0.5923 0.3758 0.0000 0.0319
011340 0.5923 0.3758 0.0000 0.0319
011360 0.5923 0.3758 0.0000 0.0319
011380 0.5923 0.3758 0.0000 0.0319
011400 0.5923 0.3758 0.0000 0.0319
011420 0.5923 0.3758 0.0000 0.0319
011440 0.5923 0.3758 0.0000 0.0319
011460 0.5923 0.3758 0.0000 0.0319
011480 0.5923 0.3758 0.0000 0.0319
011500 0.5923 0.3758 0.0000 0.0319
011520 0.5923 0.3758 0.0000 0.0319
011540 0.5923 0.3758 0.0000 0.0319
011560 0.5923 0.3758 0.0000 0.0319
011580 0.5923 0.3758 0.0000 0.0319
011600 0.5923 0.3758 0.0000 0.0319
011620 0.5923 0.3758 0.0000 0.0319
011640 0.5923 0.3758 0.0000 0.0319
011660 0.5923 0.3758 0.0000 0.0319
011680 0.5923 0.3758 0.0000 0.0319
011700 0.5923 0.3758 0.0000 0.0319
011720 0.5923 0.3758 0.0000 0.0319
011740 0.5923 0.3758 0.0000 0.0319
011760 0.5923 0.3758 0.0000 0.0319
011780 0.5923 0.3758 0.0000 0.0319
011800 0.5923 0.3758 0.0000 0.0319
011820 0.5923 0.3758 0.0000 0.0319
011840 0.5923 0.3758 0.0000 0.0319
011860 0.5923 0.3758 0.0000 0.0319
011880 0.5923 0.3758 0.0000 0.0319
011900 0.5923 0.3758 0.0000 0.0319
011920 0.5923 0.3758 0.0000 0.0319
011940 0.5923 0.3758 0.0000 0.0319
011960 0.5923 0.3758 0.0000 0.0319
011980 0.5923 0.3758 0.0000 0.0319
012000 0.5923 0.3758 0.0000 0.0319
012020 0.5923 0.3758 0.0000 0.0319
012040 0.5923 0.3758 0.0000 0.0319
012060 0.5923 0.3758 0.0000 0.0319
012080 0.5923 0.3758 0.0000 0.0319
012100 0.5923 0.3758 0.0000 0.0319
012120 0.5923 0.3758 0.0000 0.0319
012140 0.5923 0.3758 0.0000 0.0319
012160 0.5923 0.3758 0.0000 0.0319
012180 0.5923 0.3758 0.0000 0.0319
012200 0.5923 0.3758 0.0000 0.0319
012220 0.5923 0.3758 0.0000 0.0319
012240 0.5923 0.3758 0.0000 0.0319
012260 0.5923 0.3758 0.0000 0.0319
012280 0.5923 0.3758 0.0000 0.0319
012300 0.5923 0.3758 0.0000 0.0319
012320 0.5923 0.3758 0.0000 0.0319
012340 0.5923 0.3758 0.0000 0.0319
012360 0.5923 0.3758 0.0000 0.0319
012380 0.5923 0.3758 0.0000 0.0319
012400 0.5923 0.3758 0.0000 0.0319
012420 0.5923 0.3758 0.0000 0.0319
012440 0.5923 0.3758 0.0000 0.0319
012460 0.5923 0.3758 0.0000 0.0319
012480 0.5923 0.3758 0.0000 0.0319
012500 0.5923 0.3758 0.0000 0.0319
012520 0.5923 0.3758 0.0000 0.0319
012540 0.5923 0.3758 0.0000 0.0319
012560 0.5923 0.3758 0.0000 0.0319
012580 0.5923 0.3758 0.0000 0.0319
012600 0.5923 0.3758 0.0000 0.0319
012620 0.5923 0.3758 0.0000 0.0319
012640 0.5923 0.3758 0.0000 0.0319
012660 0.5923 0.3758 0.0000 0.0319
012680 0.5923 0.3758 0.0000 0.0319
012700 0.5923 0.3758 0.0000 0.0319
012720 0.5923 0.3758 0.0000 0.0319
012740 0.5923 0.3758 0.0000 0.0319
012760 0.5923 0.3758 0.0000 0.0319
012780 0.5923 0.3758 0.0000 0.0319
012800 0.5923 0.3758 0.0000 0.0319
012820 0.5923 0.3758 0.0000 0.0319
012840 0.5923 0.3758 0.0000 0.0319
012860 0.5923 0.3758 0.0000 0.0319
012880 0.5923 0.3758 0.0000 0.0319
012900 0.5923 0.3758 0.0000 0.0319
012920 0.5923 0.3758 0.0000 0.0319
012940 0.5923 0.3758 0.0000 0.0319
012960 0.5923 0.3758 0.0000 0.0319
012980 0.5923 0.3758 0.0000 0.0319
013000 0.5923 0.3758 0.0000 0.0319
013020 0.5923 0.3758 0.0000 0.0319
013040 0.5923 0.3758 0.0000 0.0319
013060 0.5923 0.3758 0.0000 0.0319
013080 0.5923 0.3758 0.0000 0.0319
013100 0.5923 0.3758 0.0000 0.0319
013120 0.5923 0.3758 0.0000 0.0319
013140 0.5923 0.3758 0.0000 0.0319
013160 0.5923 0.3758 0.0000 0.0319
013180 0.5923 0.3758 0.0000 0.0319
013200 0.5923 0.3758 0.0000 0.0319
013220 0.5923 0.3758 0.0000 0.0319
013240 0.5923 0.3758 0.0000 0.0319
013260 0.5923 0.3758 0.0000 0.0319
013280 0.5923 0.3758 0.0000 0.0319
013300 0.5923 0.3758 0.0000 0.0319
013320 0.5923 0.3758 0.0000 0.0319
013340 0.5923 0.3758 0.0000 0.0319
013360 0.5923 0.3758 0.0000 0.0319
013380 0.5923 0.3758 0.0000 0.0319
013400 0.5923 0.3758 0.0000 0.0319
013420 0.5923 0.3758 0.0000 0.0319
013440 0.5923 0.3758 0.0000 0.0319
013460 0.5923 0.3758 0.0000 0.0319
013480 0.5923 0.3758 0.0000 0.0319
013500 0.5923 0.3758 0.0000 0.0319
013520 0.5923 0.3758 0.0000 0.0319
013540 0.5923 0.3758 0.0000 0.0319
013560 0.5923 0.3758 0.0000 0.0319
013580 0.5923 0.3758 0.0000 0.0319
013600 0.5923 0.3758 0.0000 0.0319
013620 0.5923 0.3758 0.0000 0.0319
013640 0.5923 0.3758 0.0000 0.0319
013660 0.5923 0.3758 0.0000 0.0319
013680 0.5923 0.3758 0.0000 0.0319
013700 0.5923 0.3758 0.0000 0.0319
013720 0.5923 0.3758 0.0000 0.0319
013740 0.5923 0.3758 0.0000 0.0319
013760 0.5923 0.3758 0.0000 0.0319
013780 0.5923 0.3758 0.0000 0.0319
013800 0.5923 0.3758 0.0000 0.0319
013820 0.5923 0.3758 0.0000 0.0319
013840 0.5923 0.3758 0.0000 0.0319
013860 0.5923 0.3758 0.0000 0.0319
013880 0.5923 0.3758 0.0000 0.0319
013900 0.5923 0.3758 0.0000 0.0319
013920 0.5923 0.3758 0.0000 0.0319
013940 0.5923 0.3758 0.0000 0.0319
013960 0.5923 0.3758 0.0000 0.0319
013980 0.5923 0.3758 0.0000 0.0319
014000 0.5923 0.3758 0.0000 0.0319
014020 0.5923 0.3758 0.0000 0.0319
014040 0.5923 0.3758 0.0000 0.0319
014060 0.5923 0.3758 0.0000 0.0319
014080 0.5923 0.3758 0.0000 0.0319
014100 0.5923 0.3758 0.0000 0.0319
014120 0.5923 0.3758 0.0000 0.0319
014140 0.5923 0.3758 0.0000 0.0319
014160 0.5923 0.3758 0.0000 0.0319
014180 0.5923 0.3758 0.0000 0.0319
014200 0.5923 0.3758 0.0000 0.0319
014220 0.5923 0.3758 0.0000 0.0319
014240 0.5923 0.3758 0.0000 0.0319
014260 0.5923 0.3758 0.0000 0.0319
014280 0.5923 0.3758 0.0000 0.0319
014300 0.5923 0.3758 0.0000 0.0319
014320 0.5923 0.3758 0.0000 0.0319
014340 0.5923 0.3758 0.0000 0.0319
014360 0.5923 0.3758 0.0000 0.0319
014380 0.5923 0.3758 0.0000 0.0319
014400 0.5923 0.3758 0.0000 0.0319
014420 0.5923 0.3758 0.0000 0.0319
014440 0.5923 0.3758 0.0000 0.0319
014460 0.5923 0.3758 0.0000 0.0319
014480 0.5923 0.3758 0.0000 0.0319
014500 0.5923 0.3758 0.0000 0.0319
014520 0.5923 0.3758 0.0000 0.0319
014540 0.5923 0.3758 0.0000 0.0319
014560 0.5923 0.3758 0.0000 0.0319
014580 0.5923 0.3758 0.0000 0.0319
014600 0.5923 0.3758 0.0000 0.0319
014620 0.5923 0.3758 0.0000 0.0319
014640 0.5923 0.3758 0.0000 0.0319
014660 0.5923 0.3758 0.0000 0.0319
014680 0.5923 0.3758 0.0000 0.0319
014700 0.5923 0.3758 0.0000 0.0319
014720 0.5923 0.3758 0.0000 0.0319
014740 0.5923 0.3758 0.0000 0.0319
014760 0.5923 0.3758 0.0000 0.0319
014780 0.5923 0.3758 0.0000 0.0319
014800 0.5923 0.3758 0.0000 0.0319
014820 0.5923 0.3758 0.0000 0.0319
014840 0.5923 0.3758 0.0000 0.0319
014860 0.5923 0.3758 0.0000 0.0319
014880 0.5923 0.3758 0.0000 0.0319
014900 0.5923 0.3758 0.0000 0.0319
014920 0.5923 0.3758 0.0000 0.0319
014940 0.5923 0.3758 0.0000 0.0319
014960 0.5923 0.3758 0.0000 0.0319
014980 0.5923 0.3758 0.0000 0.0319
015000 0.5923 0.3758 0.0000 0.0319
015020 0.5923 0.3758 0.0000 0.0319
015040 0.5923 0.3758 0.0000 0.0319
015060 0.5923 0.3758 0.0000 0.0319
015080 0.5923 0.3758 0.0000 0.0319
015100 0.5923 0.3758 0.0000 0.0319
015120 0.5923 0.3758 0.0000 0.0319
015140 0.5923 0.3758 0.0000 0.0319
015160 0.5923 0.3758 0.0000 0.0319
015180 0.5923 0.3758 0.0000 0.0319
015200 0.5923 0.3758 0.0000 0.0319
015220 0.5923 0.3758 0.0000 0.0319
015240 0.5923 0.3758 0.0000 0.0319
015260 0.5923 0.3758 0.0000 0.0319
015280 0.5923 0.3758 0.0000 0.0319
015300 0.5923 0.3758 0.0000 0.0319
015320 0.5923 0.3758 0.0000 0.0319
015340 0.5923 0.3758 0.0000 0.0319
015360 0.5923 0.3758 0.0000 0.0319
015380 0.5923 0.3758 0.0000 0.0319
015400 0.5923 0.3758 0.0000 0.0319
015420 0.5923 0.3758 0.0000 0.0319
015440 0.5923 0.3758 0.0000 0.0319
015460 0.5923 0.3758 0.0000 0.0319
015480 0.5923 0.3758 0.0000 0.0319
015500 0.5923 0.3758 0.0000 0.0319
015520 0.5923 0.3758 0.0000 0.0319
015540 0.5923 0.3758 0.0000 0.0319
015560 0.5923 0.3758 0.0000 0.0319
015580 0.5923 0.3758 0.0000 0.0319
015600 0.5923 0.3758 0.0000 0.0319
015620 0.5923 0.3758 0.0000 0.0319
015640 0.5923 0.3758 0.0000 0.0319
015660 0.5923 0.3758 0.0000 0.0319
015680 0.5923 0.3758 0.0000 0.0319
015700 0.5923 0.3758 0.0000 0.0319
015720 0.5923 0.3758 0.0000 0.0319
015740 0.5923 0.3758 0.0000 0.0319
015760 0.5923 0.3758 0.0000 0.0319
015780 0.5923 0.3758 0.0000 0.0319
015800 0.5923 0.3758 0.0000 0.0319
015820 0.5923 0.3758 0.0000 0.0319
015840 0.5923 0.3758 0.0000 0.0319
015860 0.5923 0.3758 0.0000 0.0319
015880 0.5923 0.3758 0.0000 0.0319
015900 0.5923 0.3758 0.0000 0.0319
015920 0.5923 0.3758 0.0000 0.0319
015940 0.5923 0.3758 0.0000 0.0319
015960 0.5923 0.3758 0.0000 0.0319
015980 0.5923 0.3758 0.0000 0.0319
016000 0.5923 0.3758 0.0000 0.0319
016020 0.5923 0.3758 0.0000 0.0319
016040 0.5923 0.3758 0.0000 0.0319
016060 0.5923 0.3758 0.0000 0.0319
016080 0.5923 0.3758 0.0000 0.0319
016100 0.5923 0.3758 0.0000 0.0319
016120 0.5923 0.3758 0.0000 0.0319
016140 0.5923 0.3758 0.0000 0.0319
016160 0.5923 0.3758 0.0000 0.0319
016180 0.5923 0.3758 0.0000 0.0319
016200 0.5923 0.3758 0.0000 0.0319
016220 0.5923 0.3758 0.0000 0.0319
016240 0.5923 0.3758 0.0000 0.0319
016260 0.5923 0.3758 0.0000 0.0319
016280 0.5923 0.3758 0.0000 0.0319
016300 0.5923 0.3758 0.0000 0.0319
016320 0.5923 0.3758 0.0000 0.0319
016340 0.5923 0.3758 0.0000 0.0319
016360 0.5923 0.3758 0.0000 0.0319
016380 0.5923 0.3758 0.0000 0.0319
016400 0.5923 0.3758 0.0000 0.0319
016420 0.5923 0.3758 0.0000 0.0319
016440 0.5923 0.3758 0.0000 0.0319
016460 0.5923 0.3758 0.0000 0.0319
016480 0.5923 0.3758 0.0000 0.0319
016500 0.5923 0.3758 0.0000 0.0319
016520 0.5923 0.3758 0.0000 0.0319
016540 0.5923 0.3758 0.0000 0.0319
016560 0.5923 0.3758 0.0000 0.0319
016580 0.5923 0.3758 0.0000 0.0319
016600 0.5923 0.3758 0.0000 0.0319
016620 0.5923 0.3758 0.0000 0.0319
016640 0.5923 0.3758 0.0000 0.0319
016660 0.5923 0.3758 0.0000 0.0319
016680 0.5923 0.3758 0.0000 0.0319
016700 0.5923 0.3758 0.0000 0.0319
016720 0.5923 0.3758 0.0000 0.0319
016740 0.5923 0.3758 0.0000 0.0319
016760 0.5923 0.3758 0.0000 0.0319
016780 0.5923 0.3758 0.0000 0.0319
016800 0.5923 0.3758 0.0000 0.0319
016820 0.5923 0.3758 0.0000 0.0319
016840 0.5923 0.3758 0.0000 0.0319
016860 0.5923 0.3758 0.0000 0.0319
016880 0.5923 0.3758 0.0000 0.0319
016900 0.5923 0.3758 0.0000 0.0319
016920 0.5923 0.3758 0.0000 0.0319
016940 0.5923 0.3758 0.0000 0.0319
016960 0.5923 0.3758 0.0000 0.0319
016980 0.5923 0.3758 0.0000 0.0319
017000 0.5923 0.3758 0.0000 0.0319
017020 0.5923 0.3758 0.0000 0.0319
017040 0.5923 0.3758 0.0000 0.0319
017060 0.5923 0.3758 0.0000 0.0319
017080 0.5923 0.3758 0.0000 0.0319
017100 0.5923 0.3758 0.0000 0.0319
017120 0.5923 0.3758 0.0000 0.0319
017140 0.5923 0.3758 0.0000 0.0319
017160 0.5923 0.3758 0.0000 0.0319
017180 0.5923 0.3758 0.0000 0.0319
017200 0.5923 0.3758 0.0000 0.0319
017220 0.5923 0.3758 0.0000 0.0319
017240 0.5923 0.3758 0.0000 0.0319
017260 0.5923 0.3758 0.0000 0.0319
017280 0.5923 0.3758 0.0000 0.0319
017300 0.5923 0.3758 0.0000 0.0319
017320 0.5923 0.3758 0.0000 0.0319
017340 0.5923 0.3758 0.0000 0.0319
017360 0.5923 0.3758 0.0000 0.0319
017380 0.5923 0.3758 0.0000 0.0319
017400 0.5923 0.3758 0.0000 0.0319
017420 0.5923 0.3758 0.0000 0.0319
017440 0.5923 0.3758 0.0000 0.0319
017460 0.5923 0.3758 0.0000 0.0319
017480 0.5923 0.3758 0.0000 0.0319
017500 0.5923 0.3758 0.0000 0.0319
017520 0.5923 0.3758 0.0000 0.0319
017540 0.5923 0.3758 0.0000 0.0319
017560 0.5923 0.3758 0.0000 0.0319
017580 0.5923 0.3758 0.0000 0.0319
017600 0.5923 0.3758 0.0000 0.0319
017620 0.5923 0.3758 0.0000 0.0319
017640 0.5923 0.3758 0.0000 0.0319
017660 0.5923 0.3758 0.0000 0.0319
017680 0.5923 0.3758 0.0000 0.0319
017700 0.5923 0.3758 0.0000 0.0319
017720 0.5923 0.3758 0.0000 0.0319
017740 0.5923 0.3758 0.0000 0.0319
017760 0.5923 0.3758 0.0000 0.0319
017780 0.5923 0.3758 0.0000 0.0319
017800 0.5923 0.3758 0.0000 0.0319
017820 0.5923 0.3758 0.0000 0.0319
017840 0.5923 0.3758 0.0000 0.0319
017860 0.5923 0.3758 0.0000 0.0319
017880 0.5923 0.3758 0.0000 0.0319
017900 0.5923 0.3758 0.0000 0.0319
017920 0.5923 0.3758 0.0000 0.0319
017940 0.5923 0.3758 0.0000 0.0319
017960 0.5923 0.3758 0.0000 0.0319
017980 0.5923 0.3758 0.0000 0.0319
018000 0.5923 0.3758 0.0000 0.0319
018020 0.5923 0.3758 0.0000 0.0319
018040 0.5923 0.3758 0.0000 0.0319
018060 0.5923 0.3758 0.0000 0.0319
018080 0.5923 0.3758 0.0000 0.0319
018100 0.5923 0.3758 0.0000 0.0319
018120 0.5923 0.3758 0.0000 0.0319
018140 0.5923 0.3758 0.0000 0.0319
018160 0.5923 0.3758 0.0000 0.0319
018180 0.5923 0.3758 0.0000 0.0319
018200 0.5923 0.3758 0.0000 0.0319
018220 0.5923 0.3758 0.0000 0.0319
018240 0.5923 0.3758 0.0000 0.0319
018260 0.5923 0.3758 0.0000 0.0319
018280 0.5923 0.3758 0.0000 0.0319
018300 0.5923 0.3758 0.0000 0.0319
018320 0.5923 0.3758 0.0000 0.0319
018340 0.5923 0.3758 0.0000 0.0319
018360 0.5923 0.3758 0.0000 0.0319
018380 0.5923 0.3758 0.0000 0.0319
018400 0.5923 0.3758 0.0000 0.0319
018420 0.5923 0.3758 0.0000 0.0319
018440 0.5923 0.3758 0.0000 0.0319
018460 0.5923 0.3758 0.0000 0.0319
018480 0.5923 0.3758 0.0000 0.0319
018500 0.5923 0.3758 0.0000 0.0319
018520 0.5923 0.3758 0.0000 0.0319
018540 0.5923 0.3758 0.0000 0.0319
018560 0.5923 0.3758 0.0000 0.0319
018580 0.5923 0.3758 0.0000 0.0319
018600 0.5923 0.3758 0.0000 0.0319
018620 0.5923 0.3758 0.0000 0.0319
018640 0.5923 0.3758 0.0000 0.0319
018660 0.5923 0.3758 0.0000 0.0319
018680 0.5923 0.3758 0.0000 0.0319
018700 0.5923 0.3758 0.0000 0.0319
018720 0.5923 0.3758 0.0000 0.0319
018740 0.5923 0.3758 0.0000 0.0319
018760 0.5923 0.3758 0.0000 0.0319
018780 0.5923 0.3758 0.0000 0.0319
018800 0.5923 0.3758 0.0000 0.0319
018820 0.5923 0.3758 0.0000 0.0319
018840 0.5923 0.3758 0.0000 0.0319
018860 0.5923 0.3758 0.0000 0.0319
018880 0.5923 0.3758 0.0000 0.0319
018900 0.5923 0.3758 0.0000 0.0319
018920 0.5923 0.3758 0.0000 0.0319
018940 0.5923 0.3758 0.0000 0.0319
018960 0.5923 0.3758 0.0000 0.0319
018980 0.5923 0.3758 0.0000 0.0319
019000 0.5923 0.3758 0.0000 0.0319
019020 0.5923 0.3758 0.0000 0.0319
019040 0.5923 0.3758 0.0000 0.0319
019060 0.5923 0.3758 0.0000 0.0319
019080 0.5923 0.3758 0.0000 0.0319
019100 0.5923 0.3758 0.0000 0.0319
019120 0.5923 0.3758 0.0000 0.0319
019140 0.5923 0.3758 0.0000 0.0319
019160 0.5923 0.3758 0.0000 0.0319
019180 0.5923 0.3758 0.0000 0.0319
019200 0.5923 0.3758 0.0000 0.0319
019220 0.5923 0.3758 0.0000 0.0319
019240 0.5923 0.3758 0.0000 0.0319
019260 0.5923 0.3758 0.0000 0.0319
019280 0.5923 0.3758 0.0000 0.0319
019300 0.5923 0.3758 0.0000 0.0319
019320 0.5923 0.3758 0.0000 0.0319
019340 0.5923 0.3758 0.0000 0.0319
019360 0.5923 0.3758 0.0000 0.0319
019380 0.5923 0.3758 0.0000 0.0319
019400 0.5923 0.3758 0.0000 0.0319
019420 0.5923 0.3758 0.0000 0.0319
019440 0.5923 0.3758 0.0000 0.0319
019460 0.5923 0.3758 0.0000 0.0319
019480 0.5923 0.3758 0.0000 0.0319
019500 0.5923 0.3758 0.0000 0.0319
019520 0.5923 0.3758 0.0000 0.0319
019540 0.5923 0.3758 0.0000 0.0319
019560 0.5923 0.3758 0.0000 0.0319
019580 0.5923 0.3758 0.0000 0.0319
019600 0.5923 0.3758 0.0000 0.0319
019620 0.5923 0.3758 0.0000 0.0319
019640 0.5923 0.3758 0.0000 0.0319
019660 0.5923 0.3758 0.0000 0.0319
019680 0.5923 0.3758 0.0000 0.0319
019700 0.5923 0.3758 0.0000 0.0319
019720 0.5923 0.3758 0.0000 0.0319
019740 0.5923 0.3758 0.0000 0.0319
019760 0.5923 0.3758 0.0000 0.0319
019780 0.5923 0.3758 0.0000 0.0319
019800 0.5923 0.3758 0.0000 0.0319
019820 0.5923 0.3758 0.0000 0.0319
019840 0.5923 0.3758 0.0000 0.0319
019860 0.5923 0.3758 0.0000 0.0319
019880 0.5923 0.3758 0.0000 0.0319
019900 0.5923 0.3758 0.0000 0.0319
019920 0.5923 0.3758 0.0000 0.0319
019940 0.5923 0.3758 0.0000 0.0319
019960 0.5923 0.3758 0.0000 0.0319
019980 0.5923 0.3758 0.0000 0.0319
020000 0.5923 0.3758 0.0000 0.0319
