000000 0.2498 0.2498 0.2507 0.2497
000020 0.1788 0.8130 0.0000 0.0081
000040 0.3307 0.6685 0.0000 0.0008
000060 0.4531 0.5467 0.0000 0.0001
000080 0.5338 0.4662 0.0000 0.0001
000100 0.5947 0.4053 0.0000 0.0000
000120 0.6334 0.3666 0.0000 0.0000
000140 0.6589 0.3411 0.0000 0.0000
000160 0.6824 0.3176 0.0000 0.0000
000180 0.6962 0.3038 0.0000 0.0000
000200 0.7067 0.2933 0.0000 0.0000
000220 0.7169 0.2831 0.0000 0.0000
000240 0.7241 0.2759 0.0000 0.0000
000260 0.7308 0.2692 0.0000 0.0000
000280 0.7368 0.2632 0.0000 0.0000
000300 0.7391 0.2609 0.0000 0.0000
000320 0.7428 0.2572 0.0000 0.0000
000340 0.7442 0.2558 0.0000 0.0000
000360 0.7464 0.2536 0.0000 0.0000
000380 0.7498 0.2502 0.0000 0.0000
000400 0.7498 0.2502 0.0000 0.0000
000420 0.7534 0.2466 0.0000 0.0000
000440 0.7581 0.2419 0.0000 0.0000
000460 0.7581 0.2419 0.0000 0.0000
000480 0.7593 0.2407 0.0000 0.0000
000500 0.7615 0.2385 0.0000 0.0000
000520 0.7635 0.2365 0.0000 0.0000
000540 0.7662 0.2338 0.0000 0.0000
000560 0.7652 0.2348 0.0000 0.0000
000580 0.7660 0.2340 0.0000 0.0000
000600 0.7698 0.2302 0.0000 0.0000
000620 0.7687 0.2313 0.0000 0.0000
000640 0.7713 0.2287 0.0000 0.0000
000660 0.7719 0.2281 0.0000 0.0000
000680 0.7727 0.2273 0.0000 0.0000
000700 0.7759 0.2241 0.0000 0.0000
000720 0.7778 0.2222 0.0000 0.0000
000740 0.7788 0.2212 0.0000 0.0000
000760 0.7814 0.2186 0.0000 0.0000
000780 0.7800 0.2200 0.0000 0.0000
000800 0.7787 0.2213 0.0000 0.0000
000820 0.7775 0.2225 0.0000 0.0000
000840 0.7777 0.2223 0.0000 0.0000
000860 0.7781 0.2219 0.0000 0.0000
000880 0.7787 0.2213 0.0000 0.0000
000900 0.7811 0.2189 0.0000 0.0000
000920 0.7810 0.2190 0.0000 0.0000
000940 0.7809 0.2191 0.0000 0.0000
000960 0.7806 0.2194 0.0000 0.0000
000980 0.7801 0.2199 0.0000 0.0000
001000 0.7793 0.2207 0.0000 0.0000
001020 0.7809 0.2191 0.0000 0.0000
001040 0.7825 0.2175 0.0000 0.0000
001060 0.7835 0.2165 0.0000 0.0000
001080 0.7818 0.2182 0.0000 0.0000
001100 0.7810 0.2190 0.0000 0.0000
001120 0.7829 0.2171 0.0000 0.0000
001140 0.7833 0.2167 0.0000 0.0000
001160 0.7835 0.2165 0.0000 0.0000
001180 0.7839 0.2161 0.0000 0.0000
001200 0.7845 0.2155 0.0000 0.0000
001220 0.7853 0.2147 0.0000 0.0000
001240 0.7868 0.2132 0.0000 0.0000
001260 0.7870 0.2130 0.0000 0.0000
001280 0.7866 0.2134 0.0000 0.0000
001300 0.7869 0.2131 0.0000 0.0000
001320 0.7869 0.2131 0.0000 0.0000
001340 0.7886 0.2114 0.0000 0.0000
001360 0.7889 0.2111 0.0000 0.0000
001380 0.7922 0.2078 0.0000 0.0000
001400 0.7905 0.2095 0.0000 0.0000
001420 0.7906 0.2094 0.0000 0.0000
001440 0.7910 0.2090 0.0000 0.0000
001460 0.7913 0.2087 0.0000 0.0000
001480 0.7913 0.2087 0.0000 0.0000
001500 0.7901 0.2099 0.0000 0.0000
001520 0.7902 0.2098 0.0000 0.0000
001540 0.7909 0.2091 0.0000 0.0000
001560 0.7903 0.2097 0.0000 0.0000
001580 0.7910 0.2090 0.0000 0.0000
001600 0.7911 0.2089 0.0000 0.0000
001620 0.7921 0.2079 0.0000 0.0000
001640 0.7904 0.2096 0.0000 0.0000
001660 0.7882 0.2118 0.0000 0.0000
001680 0.7908 0.2092 0.0000 0.0000
001700 0.7904 0.2096 0.0000 0.0000
001720 0.7891 0.2109 0.0000 0.0000
001740 0.7912 0.2088 0.0000 0.0000
001760 0.7900 0.2100 0.0000 0.0000
001780 0.7898 0.2102 0.0000 0.0000
001800 0.7916 0.2084 0.0000 0.0000
001820 0.7918 0.2082 0.0000 0.0000
001840 0.7915 0.2085 0.0000 0.0000
001860 0.7920 0.2080 0.0000 0.0000
001880 0.7910 0.2090 0.0000 0.0000
001900 0.7904 0.2096 0.0000 0.0000
001920 0.7897 0.2102 0.0000 0.0000
001940 0.7889 0.2111 0.0000 0.0000
001960 0.7892 0.2108 0.0000 0.0000
001980 0.7897 0.2103 0.0000 0.0000
002000 0.7914 0.2086 0.0000 0.0000
002020 0.7936 0.2064 0.0000 0.0000
002040 0.7924 0.2076 0.0000 0.0000
002060 0.7924 0.2076 0.0000 0.0000
002080 0.7931 0.2069 0.0000 0.0000
002100 0.7940 0.2060 0.0000 0.0000
002120 0.7924 0.2076 0.0000 0.0000
002140 0.7938 0.2062 0.0000 0.0000
002160 0.7918 0.2082 0.0000 0.0000
002180 0.7903 0.2097 0.0000 0.0000
002200 0.7902 0.2098 0.0000 0.0000
002220 0.7884 0.2116 0.0000 0.0000
002240 0.7905 0.2095 0.0000 0.0000
002260 0.7910 0.2090 0.0000 0.0000
002280 0.7935 0.2065 0.0000 0.0000
002300 0.7937 0.2063 0.0000 0.0000
002320 0.7958 0.2042 0.0000 0.0000
002340 0.7953 0.2047 0.0000 0.0000
002360 0.7959 0.2041 0.0000 0.0000
002380 0.7973 0.2027 0.0000 0.0000
002400 0.7978 0.2022 0.0000 0.0000
002420 0.7987 0.2013 0.0000 0.0000
002440 0.7952 0.2048 0.0000 0.0000
002460 0.7968 0.2032 0.0000 0.0000
002480 0.7965 0.2035 0.0000 0.0000
002500 0.7968 0.2032 0.0000 0.0000
002520 0.7944 0.2056 0.0000 0.0000
002540 0.7940 0.2060 0.0000 0.0000
002560 0.7950 0.2050 0.0000 0.0000
002580 0.7908 0.2092 0.0000 0.0000
002600 0.7906 0.2094 0.0000 0.0000
002620 0.7890 0.2110 0.0000 0.0000
002640 0.7899 0.2101 0.0000 0.0000
002660 0.7901 0.2099 0.0000 0.0000
002680 0.7901 0.2099 0.0000 0.0000
002700 0.7909 0.2091 0.0000 0.0000
002720 0.7898 0.2102 0.0000 0.0000
002740 0.7892 0.2108 0.0000 0.0000
002760 0.7891 0.2109 0.0000 0.0000
002780 0.7880 0.2120 0.0000 0.0000
002800 0.7897 0.2103 0.0000 0.0000
002820 0.7917 0.2083 0.0000 0.0000
002840 0.7924 0.2076 0.0000 0.0000
002860 0.7918 0.2082 0.0000 0.0000
002880 0.7925 0.2075 0.0000 0.0000
002900 0.7934 0.2066 0.0000 0.0000
002920 0.7947 0.2053 0.0000 0.0000
002940 0.7937 0.2063 0.0000 0.0000
002960 0.7922 0.2078 0.0000 0.0000
002980 0.7927 0.2072 0.0000 0.0000
003000 0.7903 0.2097 0.0000 0.0000
003020 0.7904 0.2096 0.0000 0.0000
003040 0.7884 0.2116 0.0000 0.0000
003060 0.7893 0.2107 0.0000 0.0000
003080 0.7912 0.2088 0.0000 0.0000
003100 0.7927 0.2073 0.0000 0.0000
003120 0.7924 0.2076 0.0000 0.0000
003140 0.7901 0.2099 0.0000 0.0000
003160 0.7899 0.2101 0.0000 0.0000
003180 0.7896 0.2104 0.0000 0.0000
003200 0.7871 0.2129 0.0000 0.0000
003220 0.7867 0.2133 0.0000 0.0000
003240 0.7886 0.2114 0.0000 0.0000
003260 0.7890 0.2110 0.0000 0.0000
003280 0.7878 0.2122 0.0000 0.0000
003300 0.7870 0.2130 0.0000 0.0000
003320 0.7901 0.2099 0.0000 0.0000
003340 0.7890 0.2110 0.0000 0.0000
003360 0.7895 0.2105 0.0000 0.0000
003380 0.7889 0.2111 0.0000 0.0000
003400 0.7883 0.2117 0.0000 0.0000
003420 0.7865 0.2135 0.0000 0.0000
003440 0.7883 0.2117 0.0000 0.0000
003460 0.7902 0.2098 0.0000 0.0000
003480 0.7898 0.2102 0.0000 0.0000
003500 0.7903 0.2097 0.0000 0.0000
003520 0.7902 0.2098 0.0000 0.0000
003540 0.7927 0.2073 0.0000 0.0000
003560 0.7923 0.2077 0.0000 0.0000
003580 0.7934 0.2066 0.0000 0.0000
003600 0.7926 0.2074 0.0000 0.0000
003620 0.7902 0.2098 0.0000 0.0000
003640 0.7900 0.2100 0.0000 0.0000
003660 0.7903 0.2097 0.0000 0.0000
003680 0.7892 0.2108 0.0000 0.0000
003700 0.7893 0.2107 0.0000 0.0000
003720 0.7887 0.2113 0.0000 0.0000
003740 0.7879 0.2121 0.0000 0.0000
003760 0.7897 0.2103 0.0000 0.0000
003780 0.7912 0.2088 0.0000 0.0000
003800 0.7901 0.2099 0.0000 0.0000
003820 0.7890 0.2110 0.0000 0.0000
003840 0.7884 0.2116 0.0000 0.0000
003860 0.7880 0.2120 0.0000 0.0000
003880 0.7886 0.2114 0.0000 0.0000
003900 0.7897 0.2103 0.0000 0.0000
003920 0.7869 0.2131 0.0000 0.0000
003940 0.7884 0.2116 0.0000 0.0000
003960 0.7906 0.2094 0.0000 0.0000
003980 0.7905 0.2095 0.0000 0.0000
004000 0.7914 0.2086 0.0000 0.0000
004020 0.7878 0.2122 0.0000 0.0000
004040 0.7862 0.2138 0.0000 0.0000
004060 0.7843 0.2157 0.0000 0.0000
004080 0.7867 0.2133 0.0000 0.0000
004100 0.7901 0.2099 0.0000 0.0000
004120 0.7901 0.2099 0.0000 0.0000
004140 0.7892 0.2108 0.0000 0.0000
004160 0.7885 0.2115 0.0000 0.0000
004180 0.7893 0.2107 0.0000 0.0000
004200 0.7883 0.2117 0.0000 0.0000
004220 0.7876 0.2124 0.0000 0.0000
004240 0.7884 0.2116 0.0000 0.0000
004260 0.7875 0.2125 0.0000 0.0000
004280 0.7862 0.2138 0.0000 0.0000
004300 0.7854 0.2146 0.0000 0.0000
004320 0.7841 0.2159 0.0000 0.0000
004340 0.7838 0.2162 0.0000 0.0000
004360 0.7846 0.2154 0.0000 0.0000
004380 0.7852 0.2148 0.0000 0.0000
004400 0.7856 0.2144 0.0000 0.0000
004420 0.7872 0.2128 0.0000 0.0000
004440 0.7879 0.2121 0.0000 0.0000
004460 0.7885 0.2115 0.0000 0.0000
004480 0.7861 0.2139 0.0000 0.0000
004500 0.7862 0.2138 0.0000 0.0000
004520 0.7872 0.2128 0.0000 0.0000
004540 0.7888 0.2112 0.0000 0.0000
004560 0.7887 0.2113 0.0000 0.0000
004580 0.7869 0.2131 0.0000 0.0000
004600 0.7869 0.2131 0.0000 0.0000
004620 0.7872 0.2128 0.0000 0.0000
004640 0.7880 0.2120 0.0000 0.0000
004660 0.7886 0.2114 0.0000 0.0000
004680 0.7876 0.2124 0.0000 0.0000
004700 0.7895 0.2105 0.0000 0.0000
004720 0.7880 0.2120 0.0000 0.0000
004740 0.7876 0.2124 0.0000 0.0000
004760 0.7879 0.2121 0.0000 0.0000
004780 0.7892 0.2108 0.0000 0.0000
004800 0.7915 0.2085 0.0000 0.0000
004820 0.7926 0.2074 0.0000 0.0000
004840 0.7896 0.2104 0.0000 0.0000
004860 0.7909 0.2091 0.0000 0.0000
004880 0.7905 0.2095 0.0000 0.0000
004900 0.7895 0.2105 0.0000 0.0000
004920 0.7894 0.2106 0.0000 0.0000
004940 0.7884 0.2116 0.0000 0.0000
004960 0.7887 0.2113 0.0000 0.0000
004980 0.7885 0.2115 0.0000 0.0000
005000 0.7888 0.2112 0.0000 0.0000
005020 0.7900 0.2100 0.0000 0.0000
005040 0.7885 0.2115 0.0000 0.0000
005060 0.7886 0.2114 0.0000 0.0000
005080 0.7916 0.2084 0.0000 0.0000
005100 0.7896 0.2104 0.0000 0.0000
005120 0.7903 0.2097 0.0000 0.0000
005140 0.7906 0.2094 0.0000 0.0000
005160 0.7880 0.2120 0.0000 0.0000
005180 0.7887 0.2113 0.0000 0.0000
005200 0.7883 0.2117 0.0000 0.0000
005220 0.7875 0.2125 0.0000 0.0000
005240 0.7876 0.2124 0.0000 0.0000
005260 0.7871 0.2129 0.0000 0.0000
005280 0.7903 0.2097 0.0000 0.0000
005300 0.7891 0.2109 0.0000 0.0000
005320 0.7892 0.2108 0.0000 0.0000
005340 0.7881 0.2119 0.0000 0.0000
005360 0.7859 0.2141 0.0000 0.0000
005380 0.7867 0.2133 0.0000 0.0000
005400 0.7872 0.2128 0.0000 0.0000
005420 0.7873 0.2127 0.0000 0.0000
005440 0.7869 0.2131 0.0000 0.0000
005460 0.7866 0.2134 0.0000 0.0000
005480 0.7874 0.2126 0.0000 0.0000
005500 0.7853 0.2147 0.0000 0.0000
005520 0.7857 0.2143 0.0000 0.0000
005540 0.7857 0.2143 0.0000 0.0000
005560 0.7866 0.2134 0.0000 0.0000
005580 0.7869 0.2131 0.0000 0.0000
005600 0.7864 0.2136 0.0000 0.0000
005620 0.7864 0.2136 0.0000 0.0000
005640 0.7871 0.2129 0.0000 0.0000
005660 0.7874 0.2126 0.0000 0.0000
005680 0.7872 0.2128 0.0000 0.0000
005700 0.7859 0.2141 0.0000 0.0000
005720 0.7860 0.2140 0.0000 0.0000
005740 0.7863 0.2137 0.0000 0.0000
005760 0.7863 0.2137 0.0000 0.0000
005780 0.7853 0.2147 0.0000 0.0000
005800 0.7861 0.2139 0.0000 0.0000
005820 0.7857 0.2143 0.0000 0.0000
005840 0.7882 0.2118 0.0000 0.0000
005860 0.7891 0.2109 0.0000 0.0000
005880 0.7885 0.2115 0.0000 0.0000
005900 0.7877 0.2123 0.0000 0.0000
005920 0.7894 0.2106 0.0000 0.0000
005940 0.7880 0.2120 0.0000 0.0000
005960 0.7884 0.2116 0.0000 0.0000
005980 0.7883 0.2117 0.0000 0.0000
006000 0.7889 0.2111 0.0000 0.0000
006020 0.7881 0.2119 0.0000 0.0000
006040 0.7877 0.2123 0.0000 0.0000
006060 0.7882 0.2118 0.0000 0.0000
006080 0.7883 0.2117 0.0000 0.0000
006100 0.7898 0.2102 0.0000 0.0000
006120 0.7871 0.2129 0.0000 0.0000
006140 0.7893 0.2107 0.0000 0.0000
006160 0.7894 0.2106 0.0000 0.0000
006180 0.7891 0.2109 0.0000 0.0000
006200 0.7903 0.2097 0.0000 0.0000
006220 0.7894 0.2106 0.0000 0.0000
006240 0.7898 0.2102 0.0000 0.0000
006260 0.7898 0.2102 0.0000 0.0000
006280 0.7896 0.2104 0.0000 0.0000
006300 0.7892 0.2108 0.0000 0.0000
006320 0.7879 0.2121 0.0000 0.0000
006340 0.7899 0.2101 0.0000 0.0000
006360 0.7893 0.2107 0.0000 0.0000
006380 0.7884 0.2116 0.0000 0.0000
006400 0.7874 0.2126 0.0000 0.0000
006420 0.7904 0.2096 0.0000 0.0000
006440 0.7899 0.2101 0.0000 0.0000
006460 0.7908 0.2092 0.0000 0.0000
006480 0.7909 0.2091 0.0000 0.0000
006500 0.7916 0.2084 0.0000 0.0000
006520 0.7912 0.2088 0.0000 0.0000
006540 0.7917 0.2083 0.0000 0.0000
006560 0.7916 0.2084 0.0000 0.0000
006580 0.7917 0.2083 0.0000 0.0000
006600 0.7895 0.2105 0.0000 0.0000
006620 0.7901 0.2099 0.0000 0.0000
006640 0.7891 0.2109 0.0000 0.0000
006660 0.7919 0.2081 0.0000 0.0000
006680 0.7909 0.2091 0.0000 0.0000
006700 0.7892 0.2108 0.0000 0.0000
006720 0.7914 0.2086 0.0000 0.0000
006740 0.7894 0.2106 0.0000 0.0000
006760 0.7892 0.2108 0.0000 0.0000
006780 0.7910 0.2090 0.0000 0.0000
006800 0.7924 0.2076 0.0000 0.0000
006820 0.7942 0.2058 0.0000 0.0000
006840 0.7953 0.2047 0.0000 0.0000
006860 0.7952 0.2048 0.0000 0.0000
006880 0.7971 0.2029 0.0000 0.0000
006900 0.7989 0.2011 0.0000 0.0000
006920 0.7992 0.2008 0.0000 0.0000
006940 0.7969 0.2031 0.0000 0.0000
006960 0.7968 0.2032 0.0000 0.0000
006980 0.7955 0.2045 0.0000 0.0000
007000 0.7964 0.2036 0.0000 0.0000
007020 0.7952 0.2048 0.0000 0.0000
007040 0.7939 0.2061 0.0000 0.0000
007060 0.7929 0.2071 0.0000 0.0000
007080 0.7922 0.2078 0.0000 0.0000
007100 0.7902 0.2098 0.0000 0.0000
007120 0.7909 0.2091 0.0000 0.0000
007140 0.7895 0.2105 0.0000 0.0000
007160 0.7905 0.2095 0.0000 0.0000
007180 0.7900 0.2100 0.0000 0.0000
007200 0.7896 0.2104 0.0000 0.0000
007220 0.7889 0.2111 0.0000 0.0000
007240 0.7899 0.2101 0.0000 0.0000
007260 0.7885 0.2115 0.0000 0.0000
007280 0.7883 0.2117 0.0000 0.0000
007300 0.7878 0.2122 0.0000 0.0000
007320 0.7868 0.2132 0.0000 0.0000
007340 0.7875 0.2125 0.0000 0.0000
007360 0.7877 0.2123 0.0000 0.0000
007380 0.7873 0.2127 0.0000 0.0000
007400 0.7879 0.2121 0.0000 0.0000
007420 0.7884 0.2116 0.0000 0.0000
007440 0.7851 0.2149 0.0000 0.0000
007460 0.7875 0.2125 0.0000 0.0000
007480 0.7873 0.2127 0.0000 0.0000
007500 0.7855 0.2145 0.0000 0.0000
007520 0.7841 0.2159 0.0000 0.0000
007540 0.7851 0.2149 0.0000 0.0000
007560 0.7885 0.2115 0.0000 0.0000
007580 0.7875 0.2124 0.0000 0.0000
007600 0.7867 0.2133 0.0000 0.0000
007620 0.7867 0.2133 0.0000 0.0000
007640 0.7847 0.2153 0.0000 0.0000
007660 0.7856 0.2144 0.0000 0.0000
007680 0.7865 0.2135 0.0000 0.0000
007700 0.7865 0.2135 0.0000 0.0000
007720 0.7870 0.2130 0.0000 0.0000
007740 0.7862 0.2138 0.0000 0.0000
007760 0.7879 0.2121 0.0000 0.0000
007780 0.7884 0.2116 0.0000 0.0000
007800 0.7883 0.2117 0.0000 0.0000
007820 0.7890 0.2110 0.0000 0.0000
007840 0.7873 0.2127 0.0000 0.0000
007860 0.7889 0.2111 0.0000 0.0000
007880 0.7899 0.2101 0.0000 0.0000
007900 0.7882 0.2118 0.0000 0.0000
007920 0.7911 0.2089 0.0000 0.0000
007940 0.7917 0.2083 0.0000 0.0000
007960 0.7911 0.2089 0.0000 0.0000
007980 0.7927 0.2073 0.0000 0.0000
008000 0.7923 0.2077 0.0000 0.0000
008020 0.7916 0.2084 0.0000 0.0000
008040 0.7908 0.2092 0.0000 0.0000
008060 0.7916 0.2084 0.0000 0.0000
008080 0.7902 0.2098 0.0000 0.0000
008100 0.7910 0.2090 0.0000 0.0000
008120 0.7881 0.2119 0.0000 0.0000
008140 0.7900 0.2100 0.0000 0.0000
008160 0.7914 0.2086 0.0000 0.0000
008180 0.7892 0.2108 0.0000 0.0000
008200 0.7894 0.2106 0.0000 0.0000
008220 0.7908 0.2092 0.0000 0.0000
008240 0.7928 0.2072 0.0000 0.0000
008260 0.7938 0.2062 0.0000 0.0000
008280 0.7932 0.2068 0.0000 0.0000
008300 0.7937 0.2063 0.0000 0.0000
008320 0.7939 0.2061 0.0000 0.0000
008340 0.7927 0.2073 0.0000 0.0000
008360 0.7897 0.2103 0.0000 0.0000
008380 0.7908 0.2092 0.0000 0.0000
008400 0.7907 0.2093 0.0000 0.0000
008420 0.7897 0.2103 0.0000 0.0000
008440 0.7904 0.2096 0.0000 0.0000
008460 0.7910 0.2090 0.0000 0.0000
008480 0.7914 0.2086 0.0000 0.0000
008500 0.7929 0.2071 0.0000 0.0000
008520 0.7932 0.2068 0.0000 0.0000
008540 0.7947 0.2053 0.0000 0.0000
008560 0.7972 0.2028 0.0000 0.0000
008580 0.7980 0.2020 0.0000 0.0000
008600 0.7957 0.2043 0.0000 0.0000
008620 0.7957 0.2043 0.0000 0.0000
008640 0.7962 0.2038 0.0000 0.0000
008660 0.7949 0.2051 0.0000 0.0000
008680 0.7972 0.2028 0.0000 0.0000
008700 0.7950 0.2050 0.0000 0.0000
008720 0.7957 0.2043 0.0000 0.0000
008740 0.7938 0.2062 0.0000 0.0000
008760 0.7948 0.2052 0.0000 0.0000
008780 0.7948 0.2052 0.0000 0.0000
008800 0.7924 0.2076 0.0000 0.0000
008820 0.7920 0.2080 0.0000 0.0000
008840 0.7931 0.2069 0.0000 0.0000
008860 0.7936 0.2064 0.0000 0.0000
008880 0.7926 0.2074 0.0000 0.0000
008900 0.7930 0.2070 0.0000 0.0000
008920 0.7908 0.2092 0.0000 0.0000
008940 0.7908 0.2092 0.0000 0.0000
008960 0.7894 0.2106 0.0000 0.0000
008980 0.7893 0.2107 0.0000 0.0000
009000 0.7881 0.2119 0.0000 0.0000
009020 0.7885 0.2115 0.0000 0.0000
009040 0.7882 0.2118 0.0000 0.0000
009060 0.7857 0.2143 0.0000 0.0000
009080 0.7870 0.2130 0.0000 0.0000
009100 0.7851 0.2149 0.0000 0.0000
009120 0.7889 0.2111 0.0000 0.0000
009140 0.7926 0.2074 0.0000 0.0000
009160 0.7917 0.2083 0.0000 0.0000
009180 0.7923 0.2077 0.0000 0.0000
009200 0.7916 0.2084 0.0000 0.0000
009220 0.7915 0.2085 0.0000 0.0000
009240 0.7916 0.2084 0.0000 0.0000
009260 0.7894 0.2106 0.0000 0.0000
009280 0.7912 0.2088 0.0000 0.0000
009300 0.7934 0.2066 0.0000 0.0000
009320 0.7931 0.2069 0.0000 0.0000
009340 0.7942 0.2058 0.0000 0.0000
009360 0.7947 0.2053 0.0000 0.0000
009380 0.7929 0.2071 0.0000 0.0000
009400 0.7926 0.2074 0.0000 0.0000
009420 0.7939 0.2061 0.0000 0.0000
009440 0.7913 0.2087 0.0000 0.0000
009460 0.7907 0.2093 0.0000 0.0000
009480 0.7910 0.2090 0.0000 0.0000
009500 0.7906 0.2094 0.0000 0.0000
009520 0.7929 0.2071 0.0000 0.0000
009540 0.7934 0.2066 0.0000 0.0000
009560 0.7949 0.2051 0.0000 0.0000
009580 0.7950 0.2050 0.0000 0.0000
009600 0.7941 0.2059 0.0000 0.0000
009620 0.7931 0.2069 0.0000 0.0000
009640 0.7936 0.2064 0.0000 0.0000
009660 0.7932 0.2068 0.0000 0.0000
009680 0.7905 0.2095 0.0000 0.0000
009700 0.7887 0.2113 0.0000 0.0000
009720 0.7905 0.2095 0.0000 0.0000
009740 0.7918 0.2082 0.0000 0.0000
009760 0.7918 0.2082 0.0000 0.0000
009780 0.7930 0.2070 0.0000 0.0000
009800 0.7919 0.2081 0.0000 0.0000
009820 0.7928 0.2072 0.0000 0.0000
009840 0.7918 0.2082 0.0000 0.0000
009860 0.7913 0.2087 0.0000 0.0000
009880 0.7904 0.2096 0.0000 0.0000
009900 0.7905 0.2095 0.0000 0.0000
009920 0.7890 0.2110 0.0000 0.0000
009940 0.7892 0.2108 0.0000 0.0000
009960 0.7882 0.2118 0.0000 0.0000
009980 0.7876 0.2124 0.0000 0.0000
010000 0.7865 0.2135 0.0000 0.0000
010020 0.7886 0.2114 0.0000 0.0000
010040 0.7886 0.2114 0.0000 0.0000
010060 0.7886 0.2114 0.0000 0.0000
010080 0.7886 0.2114 0.0000 0.0000
010100 0.7886 0.2114 0.0000 0.0000
010120 0.7886 0.2114 0.0000 0.0000
010140 0.7886 0.2114 0.0000 0.0000
010160 0.7886 0.2114 0.0000 0.0000
010180 0.7886 0.2114 0.0000 0.0000
010200 0.7886 0.2114 0.0000 0.0000
010220 0.7886 0.2114 0.0000 0.0000
010240 0.7886 0.2114 0.0000 0.0000
010260 0.7886 0.2114 0.0000 0.0000
010280 0.7886 0.2114 0.0000 0.0000
010300 0.7886 0.2114 0.0000 0.0000
010320 0.7886 0.2114 0.0000 0.0000
010340 0.7886 0.2114 0.0000 0.0000
010360 0.7886 0.2114 0.0000 0.0000
010380 0.7886 0.2114 0.0000 0.0000
010400 0.7886 0.2114 0.0000 0.0000
010420 0.7886 0.2114 0.0000 0.0000
010440 0.7886 0.2114 0.0000 0.0000
010460 0.7886 0.2114 0.0000 0.0000
010480 0.7886 0.2114 0.0000 0.0000
010500 0.7886 0.2114 0.0000 0.0000
010520 0.7886 0.2114 0.0000 0.0000
010540 0.7886 0.2114 0.0000 0.0000
010560 0.7886 0.2114 0.0000 0.0000
010580 0.7886 0.2114 0.0000 0.0000
010600 0.7886 0.2114 0.0000 0.0000
010620 0.7886 0.2114 0.0000 0.0000
010640 0.7886 0.2114 0.0000 0.0000
010660 0.7886 0.2114 0.0000 0.0000
010680 0.7886 0.2114 0.0000 0.0000
010700 0.7886 0.2114 0.0000 0.0000
010720 0.7886 0.2114 0.0000 0.0000
010740 0.7886 0.2114 0.0000 0.0000
010760 0.7886 0.2114 0.0000 0.0000
010780 0.7886 0.2114 0.0000 0.0000
010800 0.7886 0.2114 0.0000 0.0000
010820 0.7886 0.2114 0.0000 0.0000
010840 0.7886 0.2114 0.0000 0.0000
010860 0.7886 0.2114 0.0000 0.0000
010880 0.7886 0.2114 0.0000 0.0000
010900 0.7886 0.2114 0.0000 0.0000
010920 0.7886 0.2114 0.0000 0.0000
010940 0.7886 0.2114 0.0000 0.0000
010960 0.7886 0.2114 0.0000 0.0000
010980 0.7886 0.2114 0.0000 0.0000
011000 0.7886 0.2114 0.0000 0.0000
011020 0.7886 0.2114 0.0000 0.0000
011040 0.7886 0.2114 0.0000 0.0000
011060 0.7886 0.2114 0.0000 0.0000
011080 0.7886 0.2114 0.0000 0.0000
011100 0.7886 0.2114 0.0000 0.0000
011120 0.7886 0.2114 0.0000 0.0000
011140 0.7886 0.2114 0.0000 0.0000
011160 0.7886 0.2114 0.0000 0.0000
011180 0.7886 0.2114 0.0000 0.0000
011200 0.7886 0.2114 0.0000 0.0000
011220 0.7886 0.2114 0.0000 0.0000
011240 0.7886 0.2114 0.0000 0.0000
011260 0.7886 0.2114 0.0000 0.0000
011280 0.7886 0.2114 0.0000 0.0000
011300 0.7886 0.2114 0.0000 0.0000
011320 0.7886 0.2114 0.0000 0.0000
011340 0.7886 0.2114 0.0000 0.0000
011360 0.7886 0.2114 0.0000 0.0000
011380 0.7886 0.2114 0.0000 0.0000
011400 0.7886 0.2114 0.0000 0.0000
011420 0.7886 0.2114 0.0000 0.0000
011440 0.7886 0.2114 0.0000 0.0000
011460 0.7886 0.2114 0.0000 0.0000
011480 0.7886 0.2114 0.0000 0.0000
011500 0.7886 0.2114 0.0000 0.0000
011520 0.7886 0.2114 0.0000 0.0000
011540 0.7886 0.2114 0.0000 0.0000
011560 0.7886 0.2114 0.0000 0.0000
011580 0.7886 0.2114 0.0000 0.0000
011600 0.7886 0.2114 0.0000 0.0000
011620 0.7886 0.2114 0.0000 0.0000
011640 0.7886 0.2114 0.0000 0.0000
011660 0.7886 0.2114 0.0000 0.0000
011680 0.7886 0.2114 0.0000 0.0000
011700 0.7886 0.2114 0.0000 0.0000
011720 0.7886 0.2114 0.0000 0.0000
011740 0.7886 0.2114 0.0000 0.0000
011760 0.7886 0.2114 0.0000 0.0000
011780 0.7886 0.2114 0.0000 0.0000
011800 0.7886 0.2114 0.0000 0.0000
011820 0.7886 0.2114 0.0000 0.0000
011840 0.7886 0.2114 0.0000 0.0000
011860 0.7886 0.2114 0.0000 0.0000
011880 0.7886 0.2114 0.0000 0.0000
011900 0.7886 0.2114 0.0000 0.0000
011920 0.7886 0.2114 0.0000 0.0000
011940 0.7886 0.2114 0.0000 0.0000
011960 0.7886 0.2114 0.0000 0.0000
011980 0.7886 0.2114 0.0000 0.0000
012000 0.7886 0.2114 0.0000 0.0000
012020 0.7886 0.2114 0.0000 0.0000
012040 0.7886 0.2114 0.0000 0.0000
012060 0.7886 0.2114 0.0000 0.0000
012080 0.7886 0.2114 0.0000 0.0000
012100 0.7886 0.2114 0.0000 0.0000
012120 0.7886 0.2114 0.0000 0.0000
012140 0.7886 0.2114 0.0000 0.0000
012160 0.7886 0.2114 0.0000 0.0000
012180 0.7886 0.2114 0.0000 0.0000
012200 0.7886 0.2114 0.0000 0.0000
012220 0.7886 0.2114 0.0000 0.0000
012240 0.7886 0.2114 0.0000 0.0000
012260 0.7886 0.2114 0.0000 0.0000
012280 0.7886 0.2114 0.0000 0.0000
012300 0.7886 0.2114 0.0000 0.0000
012320 0.7886 0.2114 0.0000 0.0000
012340 0.7886 0.2114 0.0000 0.0000
012360 0.7886 0.2114 0.0000 0.0000
012380 0.7886 0.2114 0.0000 0.0000
012400 0.7886 0.2114 0.0000 0.0000
012420 0.7886 0.2114 0.0000 0.0000
012440 0.7886 0.2114 0.0000 0.0000
012460 0.7886 0.2114 0.0000 0.0000
012480 0.7886 0.2114 0.0000 0.0000
012500 0.7886 0.2114 0.0000 0.0000
012520 0.7886 0.2114 0.0000 0.0000
012540 0.7886 0.2114 0.0000 0.0000
012560 0.7886 0.2114 0.0000 0.0000
012580 0.7886 0.2114 0.0000 0.0000
012600 0.7886 0.2114 0.0000 0.0000
012620 0.7886 0.2114 0.0000 0.0000
012640 0.7886 0.2114 0.0000 0.0000
012660 0.7886 0.2114 0.0000 0.0000
012680 0.7886 0.2114 0.0000 0.0000
012700 0.7886 0.2114 0.0000 0.0000
012720 0.7886 0.2114 0.0000 0.0000
012740 0.7886 0.2114 0.0000 0.0000
012760 0.7886 0.2114 0.0000 0.0000
012780 0.7886 0.2114 0.0000 0.0000
012800 0.7886 0.2114 0.0000 0.0000
012820 0.7886 0.2114 0.0000 0.0000
012840 0.7886 0.2114 0.0000 0.0000
012860 0.7886 0.2114 0.0000 0.0000
012880 0.7886 0.2114 0.0000 0.0000
012900 0.7886 0.2114 0.0000 0.0000
012920 0.7886 0.2114 0.0000 0.0000
012940 0.7886 0.2114 0.0000 0.0000
012960 0.7886 0.2114 0.0000 0.0000
012980 0.7886 0.2114 0.0000 0.0000
013000 0.7886 0.2114 0.0000 0.0000
013020 0.7886 0.2114 0.0000 0.0000
013040 0.7886 0.2114 0.0000 0.0000
013060 0.7886 0.2114 0.0000 0.0000
013080 0.7886 0.2114 0.0000 0.0000
013100 0.7886 0.2114 0.0000 0.0000
013120 0.7886 0.2114 0.0000 0.0000
013140 0.7886 0.2114 0.0000 0.0000
013160 0.7886 0.2114 0.0000 0.0000
013180 0.7886 0.2114 0.0000 0.0000
013200 0.7886 0.2114 0.0000 0.0000
013220 0.7886 0.2114 0.0000 0.0000
013240 0.7886 0.2114 0.0000 0.0000
013260 0.7886 0.2114 0.0000 0.0000
013280 0.7886 0.2114 0.0000 0.0000
013300 0.7886 0.2114 0.0000 0.0000
013320 0.7886 0.2114 0.0000 0.0000
013340 0.7886 0.2114 0.0000 0.0000
013360 0.7886 0.2114 0.0000 0.0000
013380 0.7886 0.2114 0.0000 0.0000
013400 0.7886 0.2114 0.0000 0.0000
013420 0.7886 0.2114 0.0000 0.0000
013440 0.7886 0.2114 0.0000 0.0000
013460 0.7886 0.2114 0.0000 0.0000
013480 0.7886 0.2114 0.0000 0.0000
013500 0.7886 0.2114 0.0000 0.0000
013520 0.7886 0.2114 0.0000 0.0000
013540 0.7886 0.2114 0.0000 0.0000
013560 0.7886 0.2114 0.0000 0.0000
013580 0.7886 0.2114 0.0000 0.0000
013600 0.7886 0.2114 0.0000 0.0000
013620 0.7886 0.2114 0.0000 0.0000
013640 0.7886 0.2114 0.0000 0.0000
013660 0.7886 0.2114 0.0000 0.0000
013680 0.7886 0.2114 0.0000 0.0000
013700 0.7886 0.2114 0.0000 0.0000
013720 0.7886 0.2114 0.0000 0.0000
013740 0.7886 0.2114 0.0000 0.0000
013760 0.7886 0.2114 0.0000 0.0000
013780 0.7886 0.2114 0.0000 0.0000
013800 0.7886 0.2114 0.0000 0.0000
013820 0.7886 0.2114 0.0000 0.0000
013840 0.7886 0.2114 0.0000 0.0000
013860 0.7886 0.2114 0.0000 0.0000
013880 0.7886 0.2114 0.0000 0.0000
013900 0.7886 0.2114 0.0000 0.0000
013920 0.7886 0.2114 0.0000 0.0000
013940 0.7886 0.2114 0.0000 0.0000
013960 0.7886 0.2114 0.0000 0.0000
013980 0.7886 0.2114 0.0000 0.0000
014000 0.7886 0.2114 0.0000 0.0000
014020 0.7886 0.2114 0.0000 0.0000
014040 0.7886 0.2114 0.0000 0.0000
014060 0.7886 0.2114 0.0000 0.0000
014080 0.7886 0.2114 0.0000 0.0000
014100 0.7886 0.2114 0.0000 0.0000
014120 0.7886 0.2114 0.0000 0.0000
014140 0.7886 0.2114 0.0000 0.0000
014160 0.7886 0.2114 0.0000 0.0000
014180 0.7886 0.2114 0.0000 0.0000
014200 0.7886 0.2114 0.0000 0.0000
014220 0.7886 0.2114 0.0000 0.0000
014240 0.7886 0.2114 0.0000 0.0000
014260 0.7886 0.2114 0.0000 0.0000
014280 0.7886 0.2114 0.0000 0.0000
014300 0.7886 0.2114 0.0000 0.0000
014320 0.7886 0.2114 0.0000 0.0000
014340 0.7886 0.2114 0.0000 0.0000
014360 0.7886 0.2114 0.0000 0.0000
014380 0.7886 0.2114 0.0000 0.0000
014400 0.7886 0.2114 0.0000 0.0000
014420 0.7886 0.2114 0.0000 0.0000
014440 0.7886 0.2114 0.0000 0.0000
014460 0.7886 0.2114 0.0000 0.0000
014480 0.7886 0.2114 0.0000 0.0000
014500 0.7886 0.2114 0.0000 0.0000
014520 0.7886 0.2114 0.0000 0.0000
014540 0.7886 0.2114 0.0000 0.0000
014560 0.7886 0.2114 0.0000 0.0000
014580 0.7886 0.2114 0.0000 0.0000
014600 0.7886 0.2114 0.0000 0.0000
014620 0.7886 0.2114 0.0000 0.0000
014640 0.7886 0.2114 0.0000 0.0000
014660 0.7886 0.2114 0.0000 0.0000
014680 0.7886 0.2114 0.0000 0.0000
014700 0.7886 0.2114 0.0000 0.0000
014720 0.7886 0.2114 0.0000 0.0000
014740 0.7886 0.2114 0.0000 0.0000
014760 0.7886 0.2114 0.0000 0.0000
014780 0.7886 0.2114 0.0000 0.0000
014800 0.7886 0.2114 0.0000 0.0000
014820 0.7886 0.2114 0.0000 0.0000
014840 0.7886 0.2114 0.0000 0.0000
014860 0.7886 0.2114 0.0000 0.0000
014880 0.7886 0.2114 0.0000 0.0000
014900 0.7886 0.2114 0.0000 0.0000
014920 0.7886 0.2114 0.0000 0.0000
014940 0.7886 0.2114 0.0000 0.0000
014960 0.7886 0.2114 0.0000 0.0000
014980 0.7886 0.2114 0.0000 0.0000
015000 0.7886 0.2114 0.0000 0.0000
015020 0.7886 0.2114 0.0000 0.0000
015040 0.7886 0.2114 0.0000 0.0000
015060 0.7886 0.2114 0.0000 0.0000
015080 0.7886 0.2114 0.0000 0.0000
015100 0.7886 0.2114 0.0000 0.0000
015120 0.7886 0.2114 0.0000 0.0000
015140 0.7886 0.2114 0.0000 0.0000
015160 0.7886 0.2114 0.0000 0.0000
015180 0.7886 0.2114 0.0000 0.0000
015200 0.7886 0.2114 0.0000 0.0000
015220 0.7886 0.2114 0.0000 0.0000
015240 0.7886 0.2114 0.0000 0.0000
015260 0.7886 0.2114 0.0000 0.0000
015280 0.7886 0.2114 0.0000 0.0000
015300 0.7886 0.2114 0.0000 0.0000
015320 0.7886 0.2114 0.0000 0.0000
015340 0.7886 0.2114 0.0000 0.0000
015360 0.7886 0.2114 0.0000 0.0000
015380 0.7886 0.2114 0.0000 0.0000
015400 0.7886 0.2114 0.0000 0.0000
015420 0.7886 0.2114 0.0000 0.0000
015440 0.7886 0.2114 0.0000 0.0000
015460 0.7886 0.2114 0.0000 0.0000
015480 0.7886 0.2114 0.0000 0.0000
015500 0.7886 0.2114 0.0000 0.0000
015520 0.7886 0.2114 0.0000 0.0000
015540 0.7886 0.2114 0.0000 0.0000
015560 0.7886 0.2114 0.0000 0.0000
015580 0.7886 0.2114 0.0000 0.0000
015600 0.7886 0.2114 0.0000 0.0000
015620 0.7886 0.2114 0.0000 0.0000
015640 0.7886 0.2114 0.0000 0.0000
015660 0.7886 0.2114 0.0000 0.0000
015680 0.7886 0.2114 0.0000 0.0000
015700 0.7886 0.2114 0.0000 0.0000
015720 0.7886 0.2114 0.0000 0.0000
015740 0.7886 0.2114 0.0000 0.0000
015760 0.7886 0.2114 0.0000 0.0000
015780 0.7886 0.2114 0.0000 0.0000
015800 0.7886 0.2114 0.0000 0.0000
015820 0.7886 0.2114 0.0000 0.0000
015840 0.7886 0.2114 0.0000 0.0000
015860 0.7886 0.2114 0.0000 0.0000
015880 0.7886 0.2114 0.0000 0.0000
015900 0.7886 0.2114 0.0000 0.0000
015920 0.7886 0.2114 0.0000 0.0000
015940 0.7886 0.2114 0.0000 0.0000
015960 0.7886 0.2114 0.0000 0.0000
015980 0.7886 0.2114 0.0000 0.0000
016000 0.7886 0.2114 0.0000 0.0000
016020 0.7886 0.2114 0.0000 0.0000
016040 0.7886 0.2114 0.0000 0.0000
016060 0.7886 0.2114 0.0000 0.0000
016080 0.7886 0.2114 0.0000 0.0000
016100 0.7886 0.2114 0.0000 0.0000
016120 0.7886 0.2114 0.0000 0.0000
016140 0.7886 0.2114 0.0000 0.0000
016160 0.7886 0.2114 0.0000 0.0000
016180 0.7886 0.2114 0.0000 0.0000
016200 0.7886 0.2114 0.0000 0.0000
016220 0.7886 0.2114 0.0000 0.0000
016240 0.7886 0.2114 0.0000 0.0000
016260 0.7886 0.2114 0.0000 0.0000
016280 0.7886 0.2114 0.0000 0.0000
016300 0.7886 0.2114 0.0000 0.0000
016320 0.7886 0.2114 0.0000 0.0000
016340 0.7886 0.2114 0.0000 0.0000
016360 0.7886 0.2114 0.0000 0.0000
016380 0.7886 0.2114 0.0000 0.0000
016400 0.7886 0.2114 0.0000 0.0000
016420 0.7886 0.2114 0.0000 0.0000
016440 0.7886 0.2114 0.0000 0.0000
016460 0.7886 0.2114 0.0000 0.0000
016480 0.7886 0.2114 0.0000 0.0000
016500 0.7886 0.2114 0.0000 0.0000
016520 0.7886 0.2114 0.0000 0.0000
016540 0.7886 0.2114 0.0000 0.0000
016560 0.7886 0.2114 0.0000 0.0000
016580 0.7886 0.2114 0.0000 0.0000
016600 0.7886 0.2114 0.0000 0.0000
016620 0.7886 0.2114 0.0000 0.0000
016640 0.7886 0.2114 0.0000 0.0000
016660 0.7886 0.2114 0.0000 0.0000
016680 0.7886 0.2114 0.0000 0.0000
016700 0.7886 0.2114 0.0000 0.0000
016720 0.7886 0.2114 0.0000 0.0000
016740 0.7886 0.2114 0.0000 0.0000
016760 0.7886 0.2114 0.0000 0.0000
016780 0.7886 0.2114 0.0000 0.0000
016800 0.7886 0.2114 0.0000 0.0000
016820 0.7886 0.2114 0.0000 0.0000
016840 0.7886 0.2114 0.0000 0.0000
016860 0.7886 0.2114 0.0000 0.0000
016880 0.7886 0.2114 0.0000 0.0000
016900 0.7886 0.2114 0.0000 0.0000
016920 0.7886 0.2114 0.0000 0.0000
016940 0.7886 0.2114 0.0000 0.0000
016960 0.7886 0.2114 0.0000 0.0000
016980 0.7886 0.2114 0.0000 0.0000
017000 0.7886 0.2114 0.0000 0.0000
017020 0.7886 0.2114 0.0000 0.0000
017040 0.7886 0.2114 0.0000 0.0000
017060 0.7886 0.2114 0.0000 0.0000
017080 0.7886 0.2114 0.0000 0.0000
017100 0.7886 0.2114 0.0000 0.0000
017120 0.7886 0.2114 0.0000 0.0000
017140 0.7886 0.2114 0.0000 0.0000
017160 0.7886 0.2114 0.0000 0.0000
017180 0.7886 0.2114 0.0000 0.0000
017200 0.7886 0.2114 0.0000 0.0000
017220 0.7886 0.2114 0.0000 0.0000
017240 0.7886 0.2114 0.0000 0.0000
017260 0.7886 0.2114 0.0000 0.0000
017280 0.7886 0.2114 0.0000 0.0000
017300 0.7886 0.2114 0.0000 0.0000
017320 0.7886 0.2114 0.0000 0.0000
017340 0.7886 0.2114 0.0000 0.0000
017360 0.7886 0.2114 0.0000 0.0000
017380 0.7886 0.2114 0.0000 0.0000
017400 0.7886 0.2114 0.0000 0.0000
017420 0.7886 0.2114 0.0000 0.0000
017440 0.7886 0.2114 0.0000 0.0000
017460 0.7886 0.2114 0.0000 0.0000
017480 0.7886 0.2114 0.0000 0.0000
017500 0.7886 0.2114 0.0000 0.0000
017520 0.7886 0.2114 0.0000 0.0000
017540 0.7886 0.2114 0.0000 0.0000
017560 0.7886 0.2114 0.0000 0.0000
017580 0.7886 0.2114 0.0000 0.0000
017600 0.7886 0.2114 0.0000 0.0000
017620 0.7886 0.2114 0.0000 0.0000
017640 0.7886 0.2114 0.0000 0.0000
017660 0.7886 0.2114 0.0000 0.0000
017680 0.7886 0.2114 0.0000 0.0000
017700 0.7886 0.2114 0.0000 0.0000
017720 0.7886 0.2114 0.0000 0.0000
017740 0.7886 0.2114 0.0000 0.0000
017760 0.7886 0.2114 0.0000 0.0000
017780 0.7886 0.2114 0.0000 0.0000
017800 0.7886 0.2114 0.0000 0.0000
017820 0.7886 0.2114 0.0000 0.0000
017840 0.7886 0.2114 0.0000 0.0000
017860 0.7886 0.2114 0.0000 0.0000
017880 0.7886 0.2114 0.0000 0.0000
017900 0.7886 0.2114 0.0000 0.0000
017920 0.7886 0.2114 0.0000 0.0000
017940 0.7886 0.2114 0.0000 0.0000
017960 0.7886 0.2114 0.0000 0.0000
017980 0.7886 0.2114 0.0000 0.0000
018000 0.7886 0.2114 0.0000 0.0000
018020 0.7886 0.2114 0.0000 0.0000
018040 0.7886 0.2114 0.0000 0.0000
018060 0.7886 0.2114 0.0000 0.0000
018080 0.7886 0.2114 0.0000 0.0000
018100 0.7886 0.2114 0.0000 0.0000
018120 0.7886 0.2114 0.0000 0.0000
018140 0.7886 0.2114 0.0000 0.0000
018160 0.7886 0.2114 0.0000 0.0000
018180 0.7886 0.2114 0.0000 0.0000
018200 0.7886 0.2114 0.0000 0.0000
018220 0.7886 0.2114 0.0000 0.0000
018240 0.7886 0.2114 0.0000 0.0000
018260 0.7886 0.2114 0.0000 0.0000
018280 0.7886 0.2114 0.0000 0.0000
018300 0.7886 0.2114 0.0000 0.0000
018320 0.7886 0.2114 0.0000 0.0000
018340 0.7886 0.2114 0.0000 0.0000
018360 0.7886 0.2114 0.0000 0.0000
018380 0.7886 0.2114 0.0000 0.0000
018400 0.7886 0.2114 0.0000 0.0000
018420 0.7886 0.2114 0.0000 0.0000
018440 0.7886 0.2114 0.0000 0.0000
018460 0.7886 0.2114 0.0000 0.0000
018480 0.7886 0.2114 0.0000 0.0000
018500 0.7886 0.2114 0.0000 0.0000
018520 0.7886 0.2114 0.0000 0.0000
018540 0.7886 0.2114 0.0000 0.0000
018560 0.7886 0.2114 0.0000 0.0000
018580 0.7886 0.2114 0.0000 0.0000
018600 0.7886 0.2114 0.0000 0.0000
018620 0.7886 0.2114 0.0000 0.0000
018640 0.7886 0.2114 0.0000 0.0000
018660 0.7886 0.2114 0.0000 0.0000
018680 0.7886 0.2114 0.0000 0.0000
018700 0.7886 0.2114 0.0000 0.0000
018720 0.7886 0.2114 0.0000 0.0000
018740 0.7886 0.2114 0.0000 0.0000
018760 0.7886 0.2114 0.0000 0.0000
018780 0.7886 0.2114 0.0000 0.0000
018800 0.7886 0.2114 0.0000 0.0000
018820 0.7886 0.2114 0.0000 0.0000
018840 0.7886 0.2114 0.0000 0.0000
018860 0.7886 0.2114 0.0000 0.0000
018880 0.7886 0.2114 0.0000 0.0000
018900 0.7886 0.2114 0.0000 0.0000
018920 0.7886 0.2114 0.0000 0.0000
018940 0.7886 0.2114 0.0000 0.0000
018960 0.7886 0.2114 0.0000 0.0000
018980 0.7886 0.2114 0.0000 0.0000
019000 0.7886 0.2114 0.0000 0.0000
019020 0.7886 0.2114 0.0000 0.0000
019040 0.7886 0.2114 0.0000 0.0000
019060 0.7886 0.2114 0.0000 0.0000
019080 0.7886 0.2114 0.0000 0.0000
019100 0.7886 0.2114 0.0000 0.0000
019120 0.7886 0.2114 0.0000 0.0000
019140 0.7886 0.2114 0.0000 0.0000
019160 0.7886 0.2114 0.0000 0.0000
019180 0.7886 0.2114 0.0000 0.0000
019200 0.7886 0.2114 0.0000 0.0000
019220 0.7886 0.2114 0.0000 0.0000
019240 0.7886 0.2114 0.0000 0.0000
019260 0.7886 0.2114 0.0000 0.0000
019280 0.7886 0.2114 0.0000 0.0000
019300 0.7886 0.2114 0.0000 0.0000
019320 0.7886 0.2114 0.0000 0.0000
019340 0.7886 0.2114 0.0000 0.0000
019360 0.7886 0.2114 0.0000 0.0000
019380 0.7886 0.2114 0.0000 0.0000
019400 0.7886 0.2114 0.0000 0.0000
019420 0.7886 0.2114 0.0000 0.0000
019440 0.7886 0.2114 0.0000 0.0000
019460 0.7886 0.2114 0.0000 0.0000
019480 0.7886 0.2114 0.0000 0.0000
019500 0.7886 0.2114 0.0000 0.0000
019520 0.7886 0.2114 0.0000 0.0000
019540 0.7886 0.2114 0.0000 0.0000
019560 0.7886 0.2114 0.0000 0.0000
019580 0.7886 0.2114 0.0000 0.0000
019600 0.7886 0.2114 0.0000 0.0000
019620 0.7886 0.2114 0.0000 0.0000
019640 0.7886 0.2114 0.0000 0.0000
019660 0.7886 0.2114 0.0000 0.0000
019680 0.7886 0.2114 0.0000 0.0000
019700 0.7886 0.2114 0.0000 0.0000
019720 0.7886 0.2114 0.0000 0.0000
019740 0.7886 0.2114 0.0000 0.0000
019760 0.7886 0.2114 0.0000 0.0000
019780 0.7886 0.2114 0.0000 0.0000
019800 0.7886 0.2114 0.0000 0.0000
019820 0.7886 0.2114 0.0000 0.0000
019840 0.7886 0.2114 0.0000 0.0000
019860 0.7886 0.2114 0.0000 0.0000
019880 0.7886 0.2114 0.0000 0.0000
019900 0.7886 0.2114 0.0000 0.0000
019920 0.7886 0.2114 0.0000 0.0000
019940 0.7886 0.2114 0.0000 0.0000
019960 0.7886 0.2114 0.0000 0.0000
019980 0.7886 0.2114 0.0000 0.0000
020000 0.7886 0.2114 0.0000 0.0000
