000000 0.2493 0.2502 0.2497 0.2509
000020 0.2080 0.7833 0.0000 0.0088
000040 0.3946 0.6040 0.0000 0.0014
000060 0.5457 0.4540 0.0000 0.0003
000080 0.6495 0.3504 0.0000 0.0001
000100 0.7220 0.2779 0.0000 0.0001
000120 0.7743 0.2256 0.0000 0.0001
000140 0.8094 0.1904 0.0000 0.0002
000160 0.8346 0.1652 0.0000 0.0002
000180 0.8565 0.1432 0.0000 0.0003
000200 0.8735 0.1262 0.0000 0.0003
000220 0.8893 0.1104 0.0000 0.0003
000240 0.9004 0.0990 0.0000 0.0005
000260 0.9113 0.0878 0.0000 0.0009
000280 0.9184 0.0801 0.0000 0.0016
000300 0.9236 0.0739 0.0000 0.0024
000320 0.9262 0.0712 0.0000 0.0026
000340 0.9276 0.0696 0.0000 0.0028
000360 0.9274 0.0692 0.0000 0.0034
000380 0.9263 0.0693 0.0000 0.0044
000400 0.9235 0.0709 0.0000 0.0056
000420 0.9161 0.0766 0.0000 0.0073
000440 0.9089 0.0828 0.0000 0.0083
000460 0.9007 0.0899 0.0000 0.0093
000480 0.8909 0.0983 0.0000 0.0108
000500 0.8788 0.1087 0.0000 0.0125
000520 0.8660 0.1202 0.0000 0.0138
000540 0.8524 0.1324 0.0000 0.0152
000560 0.8382 0.1454 0.0000 0.0164
000580 0.8227 0.1602 0.0000 0.0171
000600 0.8074 0.1746 0.0000 0.0179
000620 0.7929 0.1889 0.0000 0.0182
000640 0.7771 0.2031 0.0000 0.0198
000660 0.7619 0.2176 0.0000 0.0205
000680 0.7476 0.2320 0.0000 0.0204
000700 0.7345 0.2455 0.0000 0.0201
000720 0.7219 0.2571 0.0000 0.0210
000740 0.7084 0.2706 0.0000 0.0210
000760 0.6954 0.2816 0.0000 0.0231
000780 0.6796 0.2956 0.0000 0.0247
000800 0.6693 0.3071 0.0000 0.0236
000820 0.6588 0.3172 0.0000 0.0240
000840 0.6522 0.3239 0.0000 0.0240
000860 0.6439 0.3320 0.0000 0.0241
000880 0.6405 0.3375 0.0000 0.0220
000900 0.6443 0.3367 0.0000 0.0190
000920 0.6487 0.3324 0.0000 0.0190
000940 0.6535 0.3283 0.0000 0.0182
000960 0.6608 0.3225 0.0000 0.0167
000980 0.6700 0.3139 0.0000 0.0161
001000 0.6803 0.3050 0.0000 0.0147
001020 0.6905 0.2956 0.0000 0.0139
001040 0.6959 0.2896 0.0000 0.0145
001060 0.7008 0.2835 0.0000 0.0157
001080 0.7069 0.2774 0.0000 0.0157
001100 0.7132 0.2707 0.0000 0.0160
001120 0.7170 0.2665 0.0000 0.0164
001140 0.7165 0.2664 0.0000 0.0171
001160 0.7157 0.2679 0.0000 0.0164
001180 0.7169 0.2676 0.0000 0.0155
001200 0.7214 0.2627 0.0000 0.0159
001220 0.7212 0.2618 0.0000 0.0171
001240 0.7190 0.2631 0.0000 0.0179
001260 0.7170 0.2642 0.0000 0.0188
001280 0.7140 0.2669 0.0000 0.0191
001300 0.7113 0.2705 0.0000 0.0182
001320 0.7096 0.2722 0.0000 0.0181
001340 0.7067 0.2734 0.0000 0.0199
001360 0.7012 0.2784 0.0000 0.0204
001380 0.6942 0.2847 0.0000 0.0211
001400 0.6863 0.2921 0.0000 0.0216
001420 0.6762 0.3009 0.0000 0.0229
001440 0.6687 0.3085 0.0000 0.0228
001460 0.6612 0.3165 0.0000 0.0223
001480 0.6544 0.3224 0.0000 0.0231
001500 0.6445 0.3319 0.0000 0.0236
001520 0.6373 0.3375 0.0000 0.0252
001540 0.6311 0.3440 0.0000 0.0248
001560 0.6284 0.3492 0.0000 0.0224
001580 0.6285 0.3495 0.0000 0.0220
001600 0.6261 0.3528 0.0000 0.0211
001620 0.6274 0.3516 0.0000 0.0210
001640 0.6258 0.3519 0.0000 0.0223
001660 0.6240 0.3525 0.0000 0.0235
001680 0.6241 0.3541 0.0000 0.0218
001700 0.6241 0.3546 0.0000 0.0213
001720 0.6249 0.3546 0.0000 0.0204
001740 0.6301 0.3510 0.0000 0.0189
001760 0.6390 0.3439 0.0000 0.0171
001780 0.6482 0.3339 0.0000 0.0179
001800 0.6565 0.3251 0.0000 0.0184
001820 0.6614 0.3208 0.0000 0.0178
001840 0.6661 0.3160 0.0000 0.0179
001860 0.6713 0.3106 0.0000 0.0181
001880 0.6747 0.3074 0.0000 0.0178
001900 0.6746 0.3067 0.0000 0.0187
001920 0.6751 0.3046 0.0000 0.0203
001940 0.6713 0.3072 0.0000 0.0214
001960 0.6656 0.3130 0.0000 0.0214
001980 0.6594 0.3185 0.0000 0.0221
002000 0.6534 0.3239 0.0000 0.0226
002020 0.6508 0.3275 0.0000 0.0216
002040 0.6472 0.3310 0.0000 0.0218
002060 0.6408 0.3357 0.0000 0.0235
002080 0.6397 0.3387 0.0000 0.0216
002100 0.6404 0.3385 0.0000 0.0211
002120 0.6428 0.3368 0.0000 0.0203
002140 0.6448 0.3354 0.0000 0.0199
002160 0.6520 0.3295 0.0000 0.0186
002180 0.6601 0.3211 0.0000 0.0189
002200 0.6637 0.3169 0.0000 0.0194
002220 0.6627 0.3185 0.0000 0.0188
002240 0.6630 0.3185 0.0000 0.0185
002260 0.6650 0.3180 0.0000 0.0170
002280 0.6713 0.3121 0.0000 0.0166
002300 0.6770 0.3062 0.0000 0.0168
002320 0.6781 0.3037 0.0000 0.0182
002340 0.6787 0.3023 0.0000 0.0190
002360 0.6779 0.3028 0.0000 0.0193
002380 0.6770 0.3027 0.0000 0.0204
002400 0.6725 0.3066 0.0000 0.0210
002420 0.6691 0.3103 0.0000 0.0206
002440 0.6635 0.3156 0.0000 0.0208
002460 0.6584 0.3204 0.0000 0.0212
002480 0.6555 0.3237 0.0000 0.0208
002500 0.6522 0.3263 0.0000 0.0215
002520 0.6491 0.3286 0.0000 0.0224
002540 0.6461 0.3318 0.0000 0.0222
002560 0.6458 0.3337 0.0000 0.0206
002580 0.6448 0.3348 0.0000 0.0204
002600 0.6466 0.3331 0.0000 0.0204
002620 0.6461 0.3338 0.0000 0.0201
002640 0.6481 0.3310 0.0000 0.0210
002660 0.6494 0.3296 0.0000 0.0210
002680 0.6506 0.3287 0.0000 0.0207
002700 0.6533 0.3263 0.0000 0.0204
002720 0.6520 0.3252 0.0000 0.0227
002740 0.6482 0.3299 0.0000 0.0219
002760 0.6440 0.3348 0.0000 0.0212
002780 0.6436 0.3360 0.0000 0.0204
002800 0.6471 0.3328 0.0000 0.0201
002820 0.6511 0.3289 0.0000 0.0200
002840 0.6514 0.3276 0.0000 0.0210
002860 0.6537 0.3258 0.0000 0.0205
002880 0.6545 0.3260 0.0000 0.0195
002900 0.6564 0.3231 0.0000 0.0204
002920 0.6554 0.3248 0.0000 0.0198
002940 0.6582 0.3229 0.0000 0.0189
002960 0.6614 0.3202 0.0000 0.0184
002980 0.6625 0.3163 0.0000 0.0212
003000 0.6593 0.3187 0.0000 0.0220
003020 0.6545 0.3243 0.0000 0.0212
003040 0.6540 0.3267 0.0000 0.0192
003060 0.6585 0.3234 0.0000 0.0181
003080 0.6595 0.3211 0.0000 0.0194
003100 0.6577 0.3231 0.0000 0.0192
003120 0.6625 0.3184 0.0000 0.0191
003140 0.6634 0.3167 0.0000 0.0199
003160 0.6594 0.3199 0.0000 0.0207
003180 0.6574 0.3229 0.0000 0.0197
003200 0.6567 0.3223 0.0000 0.0210
003220 0.6516 0.3269 0.0000 0.0214
003240 0.6497 0.3298 0.0000 0.0205
003260 0.6518 0.3285 0.0000 0.0197
003280 0.6523 0.3274 0.0000 0.0203
003300 0.6551 0.3246 0.0000 0.0202
003320 0.6546 0.3248 0.0000 0.0206
003340 0.6534 0.3256 0.0000 0.0209
003360 0.6509 0.3274 0.0000 0.0217
003380 0.6483 0.3298 0.0000 0.0219
003400 0.6442 0.3325 0.0000 0.0233
003420 0.6435 0.3341 0.0000 0.0225
003440 0.6412 0.3364 0.0000 0.0224
003460 0.6387 0.3391 0.0000 0.0223
003480 0.6370 0.3408 0.0000 0.0222
003500 0.6360 0.3431 0.0000 0.0210
003520 0.6341 0.3448 0.0000 0.0211
003540 0.6379 0.3428 0.0000 0.0193
003560 0.6434 0.3371 0.0000 0.0194
003580 0.6450 0.3344 0.0000 0.0205
003600 0.6470 0.3328 0.0000 0.0202
003620 0.6521 0.3273 0.0000 0.0206
003640 0.6530 0.3280 0.0000 0.0190
003660 0.6569 0.3240 0.0000 0.0191
003680 0.6559 0.3241 0.0000 0.0200
003700 0.6557 0.3238 0.0000 0.0205
003720 0.6529 0.3257 0.0000 0.0215
003740 0.6515 0.3288 0.0000 0.0197
003760 0.6563 0.3245 0.0000 0.0192
003780 0.6605 0.3206 0.0000 0.0190
003800 0.6590 0.3205 0.0000 0.0206
003820 0.6545 0.3232 0.0000 0.0224
003840 0.6507 0.3266 0.0000 0.0227
003860 0.6460 0.3321 0.0000 0.0218
003880 0.6443 0.3345 0.0000 0.0213
003900 0.6457 0.3343 0.0000 0.0200
003920 0.6486 0.3305 0.0000 0.0208
003940 0.6460 0.3329 0.0000 0.0211
003960 0.6461 0.3335 0.0000 0.0205
003980 0.6500 0.3306 0.0000 0.0195
004000 0.6543 0.3254 0.0000 0.0203
004020 0.6529 0.3247 0.0000 0.0224
004040 0.6500 0.3279 0.0000 0.0221
004060 0.6474 0.3314 0.0000 0.0213
004080 0.6440 0.3346 0.0000 0.0214
004100 0.6410 0.3365 0.0000 0.0225
004120 0.6361 0.3416 0.0000 0.0223
004140 0.6325 0.3458 0.0000 0.0217
004160 0.6339 0.3464 0.0000 0.0197
004180 0.6359 0.3446 0.0000 0.0194
004200 0.6429 0.3395 0.0000 0.0176
004220 0.6516 0.3316 0.0000 0.0168
004240 0.6607 0.3227 0.0000 0.0166
004260 0.6725 0.3117 0.0000 0.0158
004280 0.6829 0.3007 0.0000 0.0164
004300 0.6869 0.2972 0.0000 0.0159
004320 0.6878 0.2948 0.0000 0.0174
004340 0.6866 0.2945 0.0000 0.0189
004360 0.6851 0.2953 0.0000 0.0196
004380 0.6841 0.2962 0.0000 0.0197
004400 0.6750 0.3047 0.0000 0.0203
004420 0.6648 0.3131 0.0000 0.0221
004440 0.6550 0.3208 0.0000 0.0241
004460 0.6449 0.3308 0.0000 0.0244
004480 0.6366 0.3400 0.0000 0.0234
004500 0.6299 0.3473 0.0000 0.0228
004520 0.6278 0.3513 0.0000 0.0209
004540 0.6317 0.3486 0.0000 0.0197
004560 0.6383 0.3421 0.0000 0.0196
004580 0.6458 0.3350 0.0000 0.0192
004600 0.6496 0.3300 0.0000 0.0205
004620 0.6509 0.3293 0.0000 0.0197
004640 0.6552 0.3255 0.0000 0.0193
004660 0.6593 0.3214 0.0000 0.0192
004680 0.6650 0.3167 0.0000 0.0184
004700 0.6703 0.3107 0.0000 0.0189
004720 0.6734 0.3064 0.0000 0.0202
004740 0.6741 0.3059 0.0000 0.0200
004760 0.6725 0.3083 0.0000 0.0192
004780 0.6736 0.3078 0.0000 0.0186
004800 0.6727 0.3080 0.0000 0.0192
004820 0.6700 0.3096 0.0000 0.0204
004840 0.6671 0.3118 0.0000 0.0211
004860 0.6652 0.3142 0.0000 0.0206
004880 0.6659 0.3142 0.0000 0.0199
004900 0.6617 0.3183 0.0000 0.0199
004920 0.6551 0.3229 0.0000 0.0220
004940 0.6497 0.3269 0.0000 0.0234
004960 0.6429 0.3338 0.0000 0.0233
004980 0.6385 0.3388 0.0000 0.0226
005000 0.6368 0.3408 0.0000 0.0224
005020 0.6356 0.3420 0.0000 0.0224
005040 0.6312 0.3464 0.0000 0.0224
005060 0.6318 0.3460 0.0000 0.0222
005080 0.6348 0.3435 0.0000 0.0217
005100 0.6377 0.3400 0.0000 0.0224
005120 0.6404 0.3377 0.0000 0.0219
005140 0.6422 0.3375 0.0000 0.0203
005160 0.6442 0.3371 0.0000 0.0187
005180 0.6488 0.3319 0.0000 0.0193
005200 0.6495 0.3319 0.0000 0.0186
005220 0.6573 0.3257 0.0000 0.0170
005240 0.6649 0.3173 0.0000 0.0178
005260 0.6693 0.3114 0.0000 0.0193
005280 0.6720 0.3085 0.0000 0.0196
005300 0.6706 0.3104 0.0000 0.0190
005320 0.6714 0.3091 0.0000 0.0195
005340 0.6683 0.3108 0.0000 0.0209
005360 0.6623 0.3178 0.0000 0.0199
005380 0.6619 0.3189 0.0000 0.0191
005400 0.6650 0.3157 0.0000 0.0194
005420 0.6629 0.3156 0.0000 0.0215
005440 0.6583 0.3190 0.0000 0.0227
005460 0.6521 0.3246 0.0000 0.0233
005480 0.6463 0.3311 0.0000 0.0226
005500 0.6372 0.3386 0.0000 0.0242
005520 0.6333 0.3438 0.0000 0.0230
005540 0.6309 0.3465 0.0000 0.0225
005560 0.6275 0.3503 0.0000 0.0221
005580 0.6282 0.3498 0.0000 0.0221
005600 0.6318 0.3473 0.0000 0.0209
005620 0.6359 0.3443 0.0000 0.0198
005640 0.6439 0.3379 0.0000 0.0182
005660 0.6488 0.3320 0.0000 0.0192
005680 0.6511 0.3279 0.0000 0.0210
005700 0.6533 0.3262 0.0000 0.0205
005720 0.6560 0.3240 0.0000 0.0201
005740 0.6550 0.3254 0.0000 0.0196
005760 0.6579 0.3225 0.0000 0.0196
005780 0.6625 0.3184 0.0000 0.0191
005800 0.6641 0.3167 0.0000 0.0192
005820 0.6668 0.3134 0.0000 0.0198
005840 0.6632 0.3165 0.0000 0.0203
005860 0.6590 0.3195 0.0000 0.0215
005880 0.6583 0.3223 0.0000 0.0194
005900 0.6630 0.3181 0.0000 0.0188
005920 0.6669 0.3143 0.0000 0.0188
005940 0.6679 0.3126 0.0000 0.0194
005960 0.6672 0.3127 0.0000 0.0201
005980 0.6633 0.3156 0.0000 0.0211
006000 0.6580 0.3185 0.0000 0.0235
006020 0.6518 0.3264 0.0000 0.0218
006040 0.6495 0.3295 0.0000 0.0210
006060 0.6478 0.3298 0.0000 0.0224
006080 0.6476 0.3322 0.0000 0.0202
006100 0.6493 0.3304 0.0000 0.0203
006120 0.6473 0.3317 0.0000 0.0209
006140 0.6508 0.3298 0.0000 0.0194
006160 0.6534 0.3270 0.0000 0.0196
006180 0.6534 0.3279 0.0000 0.0187
006200 0.6585 0.3234 0.0000 0.0181
006220 0.6624 0.3192 0.0000 0.0185
006240 0.6651 0.3161 0.0000 0.0189
006260 0.6629 0.3160 0.0000 0.0211
006280 0.6583 0.3195 0.0000 0.0223
006300 0.6494 0.3263 0.0000 0.0242
006320 0.6445 0.3324 0.0000 0.0230
006340 0.6385 0.3384 0.0000 0.0231
006360 0.6343 0.3432 0.0000 0.0225
006380 0.6309 0.3467 0.0000 0.0223
006400 0.6324 0.3461 0.0000 0.0215
006420 0.6357 0.3439 0.0000 0.0205
006440 0.6398 0.3405 0.0000 0.0197
006460 0.6476 0.3338 0.0000 0.0186
006480 0.6556 0.3256 0.0000 0.0188
006500 0.6595 0.3215 0.0000 0.0190
006520 0.6644 0.3165 0.0000 0.0191
006540 0.6678 0.3136 0.0000 0.0186
006560 0.6697 0.3114 0.0000 0.0189
006580 0.6682 0.3120 0.0000 0.0198
006600 0.6667 0.3124 0.0000 0.0209
006620 0.6604 0.3167 0.0000 0.0228
006640 0.6567 0.3220 0.0000 0.0212
006660 0.6539 0.3258 0.0000 0.0202
006680 0.6492 0.3290 0.0000 0.0218
006700 0.6431 0.3345 0.0000 0.0224
006720 0.6366 0.3399 0.0000 0.0235
006740 0.6307 0.3457 0.0000 0.0236
006760 0.6274 0.3501 0.0000 0.0225
006780 0.6251 0.3534 0.0000 0.0215
006800 0.6282 0.3510 0.0000 0.0208
006820 0.6277 0.3508 0.0000 0.0216
006840 0.6311 0.3486 0.0000 0.0203
006860 0.6390 0.3423 0.0000 0.0187
006880 0.6454 0.3356 0.0000 0.0190
006900 0.6505 0.3304 0.0000 0.0191
006920 0.6533 0.3263 0.0000 0.0204
006940 0.6565 0.3241 0.0000 0.0194
006960 0.6595 0.3223 0.0000 0.0182
006980 0.6662 0.3159 0.0000 0.0179
007000 0.6700 0.3132 0.0000 0.0168
007020 0.6735 0.3077 0.0000 0.0188
007040 0.6734 0.3071 0.0000 0.0195
007060 0.6760 0.3042 0.0000 0.0197
007080 0.6719 0.3065 0.0000 0.0216
007100 0.6637 0.3141 0.0000 0.0222
007120 0.6549 0.3214 0.0000 0.0236
007140 0.6451 0.3315 0.0000 0.0233
007160 0.6352 0.3401 0.0000 0.0247
007180 0.6261 0.3493 0.0000 0.0246
007200 0.6237 0.3527 0.0000 0.0236
007220 0.6243 0.3530 0.0000 0.0227
007240 0.6282 0.3517 0.0000 0.0201
007260 0.6339 0.3481 0.0000 0.0180
007280 0.6438 0.3390 0.0000 0.0172
007300 0.6516 0.3299 0.0000 0.0186
007320 0.6549 0.3247 0.0000 0.0203
007340 0.6555 0.3240 0.0000 0.0206
007360 0.6571 0.3234 0.0000 0.0195
007380 0.6579 0.3230 0.0000 0.0190
007400 0.6615 0.3198 0.0000 0.0188
007420 0.6656 0.3157 0.0000 0.0186
007440 0.6677 0.3132 0.0000 0.0191
007460 0.6628 0.3168 0.0000 0.0204
007480 0.6602 0.3200 0.0000 0.0198
007500 0.6571 0.3214 0.0000 0.0215
007520 0.6535 0.3241 0.0000 0.0224
007540 0.6530 0.3263 0.0000 0.0207
007560 0.6531 0.3258 0.0000 0.0210
007580 0.6522 0.3257 0.0000 0.0221
007600 0.6471 0.3303 0.0000 0.0226
007620 0.6423 0.3338 0.0000 0.0239
007640 0.6345 0.3411 0.0000 0.0244
007660 0.6308 0.3457 0.0000 0.0235
007680 0.6293 0.3494 0.0000 0.0213
007700 0.6307 0.3483 0.0000 0.0211
007720 0.6338 0.3456 0.0000 0.0207
007740 0.6399 0.3404 0.0000 0.0197
007760 0.6478 0.3353 0.0000 0.0170
007780 0.6570 0.3266 0.0000 0.0165
007800 0.6668 0.3163 0.0000 0.0169
007820 0.6735 0.3099 0.0000 0.0166
007840 0.6773 0.3048 0.0000 0.0180
007860 0.6756 0.3044 0.0000 0.0200
007880 0.6732 0.3057 0.0000 0.0211
007900 0.6678 0.3117 0.0000 0.0204
007920 0.6648 0.3152 0.0000 0.0201
007940 0.6619 0.3186 0.0000 0.0195
007960 0.6626 0.3188 0.0000 0.0186
007980 0.6595 0.3198 0.0000 0.0207
008000 0.6540 0.3249 0.0000 0.0211
008020 0.6499 0.3292 0.0000 0.0209
008040 0.6476 0.3309 0.0000 0.0215
008060 0.6466 0.3327 0.0000 0.0207
008080 0.6418 0.3361 0.0000 0.0220
008100 0.6410 0.3373 0.0000 0.0218
008120 0.6416 0.3370 0.0000 0.0215
008140 0.6424 0.3359 0.0000 0.0217
008160 0.6413 0.3372 0.0000 0.0215
008180 0.6428 0.3370 0.0000 0.0202
008200 0.6457 0.3350 0.0000 0.0193
008220 0.6491 0.3319 0.0000 0.0191
008240 0.6560 0.3258 0.0000 0.0182
008260 0.6589 0.3222 0.0000 0.0189
008280 0.6638 0.3176 0.0000 0.0186
008300 0.6667 0.3146 0.0000 0.0187
008320 0.6672 0.3117 0.0000 0.0211
008340 0.6622 0.3157 0.0000 0.0221
008360 0.6595 0.3188 0.0000 0.0216
008380 0.6587 0.3211 0.0000 0.0202
008400 0.6543 0.3243 0.0000 0.0214
008420 0.6513 0.3284 0.0000 0.0203
008440 0.6527 0.3283 0.0000 0.0190
008460 0.6491 0.3299 0.0000 0.0210
008480 0.6443 0.3331 0.0000 0.0225
008500 0.6410 0.3357 0.0000 0.0233
008520 0.6389 0.3384 0.0000 0.0226
008540 0.6399 0.3382 0.0000 0.0219
008560 0.6425 0.3382 0.0000 0.0193
008580 0.6491 0.3338 0.0000 0.0171
008600 0.6579 0.3255 0.0000 0.0167
008620 0.6651 0.3176 0.0000 0.0174
008640 0.6699 0.3116 0.0000 0.0185
008660 0.6763 0.3054 0.0000 0.0182
008680 0.6792 0.3030 0.0000 0.0177
008700 0.6797 0.3038 0.0000 0.0165
008720 0.6800 0.3020 0.0000 0.0180
008740 0.6795 0.3004 0.0000 0.0201
008760 0.6776 0.3011 0.0000 0.0213
008780 0.6732 0.3053 0.0000 0.0215
008800 0.6654 0.3128 0.0000 0.0218
008820 0.6571 0.3209 0.0000 0.0221
008840 0.6491 0.3271 0.0000 0.0239
008860 0.6426 0.3337 0.0000 0.0237
008880 0.6371 0.3399 0.0000 0.0229
008900 0.6309 0.3450 0.0000 0.0241
008920 0.6254 0.3516 0.0000 0.0231
008940 0.6261 0.3522 0.0000 0.0217
008960 0.6302 0.3503 0.0000 0.0195
008980 0.6383 0.3426 0.0000 0.0191
009000 0.6436 0.3377 0.0000 0.0187
009020 0.6492 0.3317 0.0000 0.0192
009040 0.6539 0.3272 0.0000 0.0189
009060 0.6584 0.3229 0.0000 0.0186
009080 0.6627 0.3187 0.0000 0.0186
009100 0.6662 0.3155 0.0000 0.0183
009120 0.6679 0.3143 0.0000 0.0178
009140 0.6704 0.3105 0.0000 0.0191
009160 0.6726 0.3074 0.0000 0.0200
009180 0.6719 0.3085 0.0000 0.0196
009200 0.6694 0.3092 0.0000 0.0214
009220 0.6672 0.3127 0.0000 0.0201
009240 0.6672 0.3132 0.0000 0.0196
009260 0.6630 0.3174 0.0000 0.0196
009280 0.6596 0.3188 0.0000 0.0216
009300 0.6497 0.3254 0.0000 0.0249
009320 0.6358 0.3397 0.0000 0.0245
009340 0.6310 0.3450 0.0000 0.0240
009360 0.6279 0.3503 0.0000 0.0218
009380 0.6275 0.3517 0.0000 0.0208
009400 0.6347 0.3462 0.0000 0.0191
009420 0.6436 0.3378 0.0000 0.0186
009440 0.6510 0.3306 0.0000 0.0184
009460 0.6579 0.3241 0.0000 0.0180
009480 0.6644 0.3181 0.0000 0.0175
009500 0.6733 0.3107 0.0000 0.0160
009520 0.6782 0.3066 0.0000 0.0152
009540 0.6823 0.3022 0.0000 0.0155
009560 0.6900 0.2933 0.0000 0.0167
009580 0.6930 0.2907 0.0000 0.0163
009600 0.6927 0.2891 0.0000 0.0182
009620 0.6893 0.2922 0.0000 0.0186
009640 0.6892 0.2915 0.0000 0.0192
009660 0.6877 0.2919 0.0000 0.0204
009680 0.6790 0.2982 0.0000 0.0228
009700 0.6676 0.3100 0.0000 0.0224
009720 0.6609 0.3172 0.0000 0.0219
009740 0.6562 0.3218 0.0000 0.0220
009760 0.6506 0.3265 0.0000 0.0229
009780 0.6447 0.3314 0.0000 0.0239
009800 0.6396 0.3368 0.0000 0.0236
009820 0.6369 0.3397 0.0000 0.0234
009840 0.6370 0.3418 0.0000 0.0212
009860 0.6373 0.3421 0.0000 0.0206
009880 0.6433 0.3375 0.0000 0.0193
009900 0.6484 0.3339 0.0000 0.0177
009920 0.6550 0.3289 0.0000 0.0161
009940 0.6619 0.3207 0.0000 0.0174
009960 0.6683 0.3150 0.0000 0.0167
009980 0.6750 0.3088 0.0000 0.0162
010000 0.6812 0.3011 0.0000 0.0178
010020 0.6822 0.2998 0.0000 0.0180
010040 0.6796 0.3019 0.0000 0.0185
010060 0.6796 0.3019 0.0000 0.0185
010080 0.6796 0.3019 0.0000 0.0185
010100 0.6796 0.3019 0.0000 0.0185
010120 0.6796 0.3019 0.0000 0.0185
010140 0.6796 0.3019 0.0000 0.0185
010160 0.6796 0.3019 0.0000 0.0185
010180 0.6796 0.3019 0.0000 0.0185
010200 0.6796 0.3019 0.0000 0.0185
010220 0.6796 0.3019 0.0000 0.0185
010240 0.6796 0.3019 0.0000 0.0185
010260 0.6796 0.3019 0.0000 0.0185
010280 0.6796 0.3019 0.0000 0.0185
010300 0.6796 0.3019 0.0000 0.0185
010320 0.6796 0.3019 0.0000 0.0185
010340 0.6796 0.3019 0.0000 0.0185
010360 0.6796 0.3019 0.0000 0.0185
010380 0.6796 0.3019 0.0000 0.0185
010400 0.6796 0.3019 0.0000 0.0185
010420 0.6796 0.3019 0.0000 0.0185
010440 0.6796 0.3019 0.0000 0.0185
010460 0.6796 0.3019 0.0000 0.0185
010480 0.6796 0.3019 0.0000 0.0185
010500 0.6796 0.3019 0.0000 0.0185
010520 0.6796 0.3019 0.0000 0.0185
010540 0.6796 0.3019 0.0000 0.0185
010560 0.6796 0.3019 0.0000 0.0185
010580 0.6796 0.3019 0.0000 0.0185
010600 0.6796 0.3019 0.0000 0.0185
010620 0.6796 0.3019 0.0000 0.0185
010640 0.6796 0.3019 0.0000 0.0185
010660 0.6796 0.3019 0.0000 0.0185
010680 0.6796 0.3019 0.0000 0.0185
010700 0.6796 0.3019 0.0000 0.0185
010720 0.6796 0.3019 0.0000 0.0185
010740 0.6796 0.3019 0.0000 0.0185
010760 0.6796 0.3019 0.0000 0.0185
010780 0.6796 0.3019 0.0000 0.0185
010800 0.6796 0.3019 0.0000 0.0185
010820 0.6796 0.3019 0.0000 0.0185
010840 0.6796 0.3019 0.0000 0.0185
010860 0.6796 0.3019 0.0000 0.0185
010880 0.6796 0.3019 0.0000 0.0185
010900 0.6796 0.3019 0.0000 0.0185
010920 0.6796 0.3019 0.0000 0.0185
010940 0.6796 0.3019 0.0000 0.0185
010960 0.6796 0.3019 0.0000 0.0185
010980 0.6796 0.3019 0.0000 0.0185
011000 0.6796 0.3019 0.0000 0.0185
011020 0.6796 0.3019 0.0000 0.0185
011040 0.6796 0.3019 0.0000 0.0185
011060 0.6796 0.3019 0.0000 0.0185
011080 0.6796 0.3019 0.0000 0.0185
011100 0.6796 0.3019 0.0000 0.0185
011120 0.6796 0.3019 0.0000 0.0185
011140 0.6796 0.3019 0.0000 0.0185
011160 0.6796 0.3019 0.0000 0.0185
011180 0.6796 0.3019 0.0000 0.0185
011200 0.6796 0.3019 0.0000 0.0185
011220 0.6796 0.3019 0.0000 0.0185
011240 0.6796 0.3019 0.0000 0.0185
011260 0.6796 0.3019 0.0000 0.0185
011280 0.6796 0.3019 0.0000 0.0185
011300 0.6796 0.3019 0.0000 0.0185
011320 0.6796 0.3019 0.0000 0.0185
011340 0.6796 0.3019 0.0000 0.0185
011360 0.6796 0.3019 0.0000 0.0185
011380 0.6796 0.3019 0.0000 0.0185
011400 0.6796 0.3019 0.0000 0.0185
011420 0.6796 0.3019 0.0000 0.0185
011440 0.6796 0.3019 0.0000 0.0185
011460 0.6796 0.3019 0.0000 0.0185
011480 0.6796 0.3019 0.0000 0.0185
011500 0.6796 0.3019 0.0000 0.0185
011520 0.6796 0.3019 0.0000 0.0185
011540 0.6796 0.3019 0.0000 0.0185
011560 0.6796 0.3019 0.0000 0.0185
011580 0.6796 0.3019 0.0000 0.0185
011600 0.6796 0.3019 0.0000 0.0185
011620 0.6796 0.3019 0.0000 0.0185
011640 0.6796 0.3019 0.0000 0.0185
011660 0.6796 0.3019 0.0000 0.0185
011680 0.6796 0.3019 0.0000 0.0185
011700 0.6796 0.3019 0.0000 0.0185
011720 0.6796 0.3019 0.0000 0.0185
011740 0.6796 0.3019 0.0000 0.0185
011760 0.6796 0.3019 0.0000 0.0185
011780 0.6796 0.3019 0.0000 0.0185
011800 0.6796 0.3019 0.0000 0.0185
011820 0.6796 0.3019 0.0000 0.0185
011840 0.6796 0.3019 0.0000 0.0185
011860 0.6796 0.3019 0.0000 0.0185
011880 0.6796 0.3019 0.0000 0.0185
011900 0.6796 0.3019 0.0000 0.0185
011920 0.6796 0.3019 0.0000 0.0185
011940 0.6796 0.3019 0.0000 0.0185
011960 0.6796 0.3019 0.0000 0.0185
011980 0.6796 0.3019 0.0000 0.0185
012000 0.6796 0.3019 0.0000 0.0185
012020 0.6796 0.3019 0.0000 0.0185
012040 0.6796 0.3019 0.0000 0.0185
012060 0.6796 0.3019 0.0000 0.0185
012080 0.6796 0.3019 0.0000 0.0185
012100 0.6796 0.3019 0.0000 0.0185
012120 0.6796 0.3019 0.0000 0.0185
012140 0.6796 0.3019 0.0000 0.0185
012160 0.6796 0.3019 0.0000 0.0185
012180 0.6796 0.3019 0.0000 0.0185
012200 0.6796 0.3019 0.0000 0.0185
012220 0.6796 0.3019 0.0000 0.0185
012240 0.6796 0.3019 0.0000 0.0185
012260 0.6796 0.3019 0.0000 0.0185
012280 0.6796 0.3019 0.0000 0.0185
012300 0.6796 0.3019 0.0000 0.0185
012320 0.6796 0.3019 0.0000 0.0185
012340 0.6796 0.3019 0.0000 0.0185
012360 0.6796 0.3019 0.0000 0.0185
012380 0.6796 0.3019 0.0000 0.0185
012400 0.6796 0.3019 0.0000 0.0185
012420 0.6796 0.3019 0.0000 0.0185
012440 0.6796 0.3019 0.0000 0.0185
012460 0.6796 0.3019 0.0000 0.0185
012480 0.6796 0.3019 0.0000 0.0185
012500 0.6796 0.3019 0.0000 0.0185
012520 0.6796 0.3019 0.0000 0.0185
012540 0.6796 0.3019 0.0000 0.0185
012560 0.6796 0.3019 0.0000 0.0185
012580 0.6796 0.3019 0.0000 0.0185
012600 0.6796 0.3019 0.0000 0.0185
012620 0.6796 0.3019 0.0000 0.0185
012640 0.6796 0.3019 0.0000 0.0185
012660 0.6796 0.3019 0.0000 0.0185
012680 0.6796 0.3019 0.0000 0.0185
012700 0.6796 0.3019 0.0000 0.0185
012720 0.6796 0.3019 0.0000 0.0185
012740 0.6796 0.3019 0.0000 0.0185
012760 0.6796 0.3019 0.0000 0.0185
012780 0.6796 0.3019 0.0000 0.0185
012800 0.6796 0.3019 0.0000 0.0185
012820 0.6796 0.3019 0.0000 0.0185
012840 0.6796 0.3019 0.0000 0.0185
012860 0.6796 0.3019 0.0000 0.0185
012880 0.6796 0.3019 0.0000 0.0185
012900 0.6796 0.3019 0.0000 0.0185
012920 0.6796 0.3019 0.0000 0.0185
012940 0.6796 0.3019 0.0000 0.0185
012960 0.6796 0.3019 0.0000 0.0185
012980 0.6796 0.3019 0.0000 0.0185
013000 0.6796 0.3019 0.0000 0.0185
013020 0.6796 0.3019 0.0000 0.0185
013040 0.6796 0.3019 0.0000 0.0185
013060 0.6796 0.3019 0.0000 0.0185
013080 0.6796 0.3019 0.0000 0.0185
013100 0.6796 0.3019 0.0000 0.0185
013120 0.6796 0.3019 0.0000 0.0185
013140 0.6796 0.3019 0.0000 0.0185
013160 0.6796 0.3019 0.0000 0.0185
013180 0.6796 0.3019 0.0000 0.0185
013200 0.6796 0.3019 0.0000 0.0185
013220 0.6796 0.3019 0.0000 0.0185
013240 0.6796 0.3019 0.0000 0.0185
013260 0.6796 0.3019 0.0000 0.0185
013280 0.6796 0.3019 0.0000 0.0185
013300 0.6796 0.3019 0.0000 0.0185
013320 0.6796 0.3019 0.0000 0.0185
013340 0.6796 0.3019 0.0000 0.0185
013360 0.6796 0.3019 0.0000 0.0185
013380 0.6796 0.3019 0.0000 0.0185
013400 0.6796 0.3019 0.0000 0.0185
013420 0.6796 0.3019 0.0000 0.0185
013440 0.6796 0.3019 0.0000 0.0185
013460 0.6796 0.3019 0.0000 0.0185
013480 0.6796 0.3019 0.0000 0.0185
013500 0.6796 0.3019 0.0000 0.0185
013520 0.6796 0.3019 0.0000 0.0185
013540 0.6796 0.3019 0.0000 0.0185
013560 0.6796 0.3019 0.0000 0.0185
013580 0.6796 0.3019 0.0000 0.0185
013600 0.6796 0.3019 0.0000 0.0185
013620 0.6796 0.3019 0.0000 0.0185
013640 0.6796 0.3019 0.0000 0.0185
013660 0.6796 0.3019 0.0000 0.0185
013680 0.6796 0.3019 0.0000 0.0185
013700 0.6796 0.3019 0.0000 0.0185
013720 0.6796 0.3019 0.0000 0.0185
013740 0.6796 0.3019 0.0000 0.0185
013760 0.6796 0.3019 0.0000 0.0185
013780 0.6796 0.3019 0.0000 0.0185
013800 0.6796 0.3019 0.0000 0.0185
013820 0.6796 0.3019 0.0000 0.0185
013840 0.6796 0.3019 0.0000 0.0185
013860 0.6796 0.3019 0.0000 0.0185
013880 0.6796 0.3019 0.0000 0.0185
013900 0.6796 0.3019 0.0000 0.0185
013920 0.6796 0.3019 0.0000 0.0185
013940 0.6796 0.3019 0.0000 0.0185
013960 0.6796 0.3019 0.0000 0.0185
013980 0.6796 0.3019 0.0000 0.0185
014000 0.6796 0.3019 0.0000 0.0185
014020 0.6796 0.3019 0.0000 0.0185
014040 0.6796 0.3019 0.0000 0.0185
014060 0.6796 0.3019 0.0000 0.0185
014080 0.6796 0.3019 0.0000 0.0185
014100 0.6796 0.3019 0.0000 0.0185
014120 0.6796 0.3019 0.0000 0.0185
014140 0.6796 0.3019 0.0000 0.0185
014160 0.6796 0.3019 0.0000 0.0185
014180 0.6796 0.3019 0.0000 0.0185
014200 0.6796 0.3019 0.0000 0.0185
014220 0.6796 0.3019 0.0000 0.0185
014240 0.6796 0.3019 0.0000 0.0185
014260 0.6796 0.3019 0.0000 0.0185
014280 0.6796 0.3019 0.0000 0.0185
014300 0.6796 0.3019 0.0000 0.0185
014320 0.6796 0.3019 0.0000 0.0185
014340 0.6796 0.3019 0.0000 0.0185
014360 0.6796 0.3019 0.0000 0.0185
014380 0.6796 0.3019 0.0000 0.0185
014400 0.6796 0.3019 0.0000 0.0185
014420 0.6796 0.3019 0.0000 0.0185
014440 0.6796 0.3019 0.0000 0.0185
014460 0.6796 0.3019 0.0000 0.0185
014480 0.6796 0.3019 0.0000 0.0185
014500 0.6796 0.3019 0.0000 0.0185
014520 0.6796 0.3019 0.0000 0.0185
014540 0.6796 0.3019 0.0000 0.0185
014560 0.6796 0.3019 0.0000 0.0185
014580 0.6796 0.3019 0.0000 0.0185
014600 0.6796 0.3019 0.0000 0.0185
014620 0.6796 0.3019 0.0000 0.0185
014640 0.6796 0.3019 0.0000 0.0185
014660 0.6796 0.3019 0.0000 0.0185
014680 0.6796 0.3019 0.0000 0.0185
014700 0.6796 0.3019 0.0000 0.0185
014720 0.6796 0.3019 0.0000 0.0185
014740 0.6796 0.3019 0.0000 0.0185
014760 0.6796 0.3019 0.0000 0.0185
014780 0.6796 0.3019 0.0000 0.0185
014800 0.6796 0.3019 0.0000 0.0185
014820 0.6796 0.3019 0.0000 0.0185
014840 0.6796 0.3019 0.0000 0.0185
014860 0.6796 0.3019 0.0000 0.0185
014880 0.6796 0.3019 0.0000 0.0185
014900 0.6796 0.3019 0.0000 0.0185
014920 0.6796 0.3019 0.0000 0.0185
014940 0.6796 0.3019 0.0000 0.0185
014960 0.6796 0.3019 0.0000 0.0185
014980 0.6796 0.3019 0.0000 0.0185
015000 0.6796 0.3019 0.0000 0.0185
015020 0.6796 0.3019 0.0000 0.0185
015040 0.6796 0.3019 0.0000 0.0185
015060 0.6796 0.3019 0.0000 0.0185
015080 0.6796 0.3019 0.0000 0.0185
015100 0.6796 0.3019 0.0000 0.0185
015120 0.6796 0.3019 0.0000 0.0185
015140 0.6796 0.3019 0.0000 0.0185
015160 0.6796 0.3019 0.0000 0.0185
015180 0.6796 0.3019 0.0000 0.0185
015200 0.6796 0.3019 0.0000 0.0185
015220 0.6796 0.3019 0.0000 0.0185
015240 0.6796 0.3019 0.0000 0.0185
015260 0.6796 0.3019 0.0000 0.0185
015280 0.6796 0.3019 0.0000 0.0185
015300 0.6796 0.3019 0.0000 0.0185
015320 0.6796 0.3019 0.0000 0.0185
015340 0.6796 0.3019 0.0000 0.0185
015360 0.6796 0.3019 0.0000 0.0185
015380 0.6796 0.3019 0.0000 0.0185
015400 0.6796 0.3019 0.0000 0.0185
015420 0.6796 0.3019 0.0000 0.0185
015440 0.6796 0.3019 0.0000 0.0185
015460 0.6796 0.3019 0.0000 0.0185
015480 0.6796 0.3019 0.0000 0.0185
015500 0.6796 0.3019 0.0000 0.0185
015520 0.6796 0.3019 0.0000 0.0185
015540 0.6796 0.3019 0.0000 0.0185
015560 0.6796 0.3019 0.0000 0.0185
015580 0.6796 0.3019 0.0000 0.0185
015600 0.6796 0.3019 0.0000 0.0185
015620 0.6796 0.3019 0.0000 0.0185
015640 0.6796 0.3019 0.0000 0.0185
015660 0.6796 0.3019 0.0000 0.0185
015680 0.6796 0.3019 0.0000 0.0185
015700 0.6796 0.3019 0.0000 0.0185
015720 0.6796 0.3019 0.0000 0.0185
015740 0.6796 0.3019 0.0000 0.0185
015760 0.6796 0.3019 0.0000 0.0185
015780 0.6796 0.3019 0.0000 0.0185
015800 0.6796 0.3019 0.0000 0.0185
015820 0.6796 0.3019 0.0000 0.0185
015840 0.6796 0.3019 0.0000 0.0185
015860 0.6796 0.3019 0.0000 0.0185
015880 0.6796 0.3019 0.0000 0.0185
015900 0.6796 0.3019 0.0000 0.0185
015920 0.6796 0.3019 0.0000 0.0185
015940 0.6796 0.3019 0.0000 0.0185
015960 0.6796 0.3019 0.0000 0.0185
015980 0.6796 0.3019 0.0000 0.0185
016000 0.6796 0.3019 0.0000 0.0185
016020 0.6796 0.3019 0.0000 0.0185
016040 0.6796 0.3019 0.0000 0.0185
016060 0.6796 0.3019 0.0000 0.0185
016080 0.6796 0.3019 0.0000 0.0185
016100 0.6796 0.3019 0.0000 0.0185
016120 0.6796 0.3019 0.0000 0.0185
016140 0.6796 0.3019 0.0000 0.0185
016160 0.6796 0.3019 0.0000 0.0185
016180 0.6796 0.3019 0.0000 0.0185
016200 0.6796 0.3019 0.0000 0.0185
016220 0.6796 0.3019 0.0000 0.0185
016240 0.6796 0.3019 0.0000 0.0185
016260 0.6796 0.3019 0.0000 0.0185
016280 0.6796 0.3019 0.0000 0.0185
016300 0.6796 0.3019 0.0000 0.0185
016320 0.6796 0.3019 0.0000 0.0185
016340 0.6796 0.3019 0.0000 0.0185
016360 0.6796 0.3019 0.0000 0.0185
016380 0.6796 0.3019 0.0000 0.0185
016400 0.6796 0.3019 0.0000 0.0185
016420 0.6796 0.3019 0.0000 0.0185
016440 0.6796 0.3019 0.0000 0.0185
016460 0.6796 0.3019 0.0000 0.0185
016480 0.6796 0.3019 0.0000 0.0185
016500 0.6796 0.3019 0.0000 0.0185
016520 0.6796 0.3019 0.0000 0.0185
016540 0.6796 0.3019 0.0000 0.0185
016560 0.6796 0.3019 0.0000 0.0185
016580 0.6796 0.3019 0.0000 0.0185
016600 0.6796 0.3019 0.0000 0.0185
016620 0.6796 0.3019 0.0000 0.0185
016640 0.6796 0.3019 0.0000 0.0185
016660 0.6796 0.3019 0.0000 0.0185
016680 0.6796 0.3019 0.0000 0.0185
016700 0.6796 0.3019 0.0000 0.0185
016720 0.6796 0.3019 0.0000 0.0185
016740 0.6796 0.3019 0.0000 0.0185
016760 0.6796 0.3019 0.0000 0.0185
016780 0.6796 0.3019 0.0000 0.0185
016800 0.6796 0.3019 0.0000 0.0185
016820 0.6796 0.3019 0.0000 0.0185
016840 0.6796 0.3019 0.0000 0.0185
016860 0.6796 0.3019 0.0000 0.0185
016880 0.6796 0.3019 0.0000 0.0185
016900 0.6796 0.3019 0.0000 0.0185
016920 0.6796 0.3019 0.0000 0.0185
016940 0.6796 0.3019 0.0000 0.0185
016960 0.6796 0.3019 0.0000 0.0185
016980 0.6796 0.3019 0.0000 0.0185
017000 0.6796 0.3019 0.0000 0.0185
017020 0.6796 0.3019 0.0000 0.0185
017040 0.6796 0.3019 0.0000 0.0185
017060 0.6796 0.3019 0.0000 0.0185
017080 0.6796 0.3019 0.0000 0.0185
017100 0.6796 0.3019 0.0000 0.0185
017120 0.6796 0.3019 0.0000 0.0185
017140 0.6796 0.3019 0.0000 0.0185
017160 0.6796 0.3019 0.0000 0.0185
017180 0.6796 0.3019 0.0000 0.0185
017200 0.6796 0.3019 0.0000 0.0185
017220 0.6796 0.3019 0.0000 0.0185
017240 0.6796 0.3019 0.0000 0.0185
017260 0.6796 0.3019 0.0000 0.0185
017280 0.6796 0.3019 0.0000 0.0185
017300 0.6796 0.3019 0.0000 0.0185
017320 0.6796 0.3019 0.0000 0.0185
017340 0.6796 0.3019 0.0000 0.0185
017360 0.6796 0.3019 0.0000 0.0185
017380 0.6796 0.3019 0.0000 0.0185
017400 0.6796 0.3019 0.0000 0.0185
017420 0.6796 0.3019 0.0000 0.0185
017440 0.6796 0.3019 0.0000 0.0185
017460 0.6796 0.3019 0.0000 0.0185
017480 0.6796 0.3019 0.0000 0.0185
017500 0.6796 0.3019 0.0000 0.0185
017520 0.6796 0.3019 0.0000 0.0185
017540 0.6796 0.3019 0.0000 0.0185
017560 0.6796 0.3019 0.0000 0.0185
017580 0.6796 0.3019 0.0000 0.0185
017600 0.6796 0.3019 0.0000 0.0185
017620 0.6796 0.3019 0.0000 0.0185
017640 0.6796 0.3019 0.0000 0.0185
017660 0.6796 0.3019 0.0000 0.0185
017680 0.6796 0.3019 0.0000 0.0185
017700 0.6796 0.3019 0.0000 0.0185
017720 0.6796 0.3019 0.0000 0.0185
017740 0.6796 0.3019 0.0000 0.0185
017760 0.6796 0.3019 0.0000 0.0185
017780 0.6796 0.3019 0.0000 0.0185
017800 0.6796 0.3019 0.0000 0.0185
017820 0.6796 0.3019 0.0000 0.0185
017840 0.6796 0.3019 0.0000 0.0185
017860 0.6796 0.3019 0.0000 0.0185
017880 0.6796 0.3019 0.0000 0.0185
017900 0.6796 0.3019 0.0000 0.0185
017920 0.6796 0.3019 0.0000 0.0185
017940 0.6796 0.3019 0.0000 0.0185
017960 0.6796 0.3019 0.0000 0.0185
017980 0.6796 0.3019 0.0000 0.0185
018000 0.6796 0.3019 0.0000 0.0185
018020 0.6796 0.3019 0.0000 0.0185
018040 0.6796 0.3019 0.0000 0.0185
018060 0.6796 0.3019 0.0000 0.0185
018080 0.6796 0.3019 0.0000 0.0185
018100 0.6796 0.3019 0.0000 0.0185
018120 0.6796 0.3019 0.0000 0.0185
018140 0.6796 0.3019 0.0000 0.0185
018160 0.6796 0.3019 0.0000 0.0185
018180 0.6796 0.3019 0.0000 0.0185
018200 0.6796 0.3019 0.0000 0.0185
018220 0.6796 0.3019 0.0000 0.0185
018240 0.6796 0.3019 0.0000 0.0185
018260 0.6796 0.3019 0.0000 0.0185
018280 0.6796 0.3019 0.0000 0.0185
018300 0.6796 0.3019 0.0000 0.0185
018320 0.6796 0.3019 0.0000 0.0185
018340 0.6796 0.3019 0.0000 0.0185
018360 0.6796 0.3019 0.0000 0.0185
018380 0.6796 0.3019 0.0000 0.0185
018400 0.6796 0.3019 0.0000 0.0185
018420 0.6796 0.3019 0.0000 0.0185
018440 0.6796 0.3019 0.0000 0.0185
018460 0.6796 0.3019 0.0000 0.0185
018480 0.6796 0.3019 0.0000 0.0185
018500 0.6796 0.3019 0.0000 0.0185
018520 0.6796 0.3019 0.0000 0.0185
018540 0.6796 0.3019 0.0000 0.0185
018560 0.6796 0.3019 0.0000 0.0185
018580 0.6796 0.3019 0.0000 0.0185
018600 0.6796 0.3019 0.0000 0.0185
018620 0.6796 0.3019 0.0000 0.0185
018640 0.6796 0.3019 0.0000 0.0185
018660 0.6796 0.3019 0.0000 0.0185
018680 0.6796 0.3019 0.0000 0.0185
018700 0.6796 0.3019 0.0000 0.0185
018720 0.6796 0.3019 0.0000 0.0185
018740 0.6796 0.3019 0.0000 0.0185
018760 0.6796 0.3019 0.0000 0.0185
018780 0.6796 0.3019 0.0000 0.0185
018800 0.6796 0.3019 0.0000 0.0185
018820 0.6796 0.3019 0.0000 0.0185
018840 0.6796 0.3019 0.0000 0.0185
018860 0.6796 0.3019 0.0000 0.0185
018880 0.6796 0.3019 0.0000 0.0185
018900 0.6796 0.3019 0.0000 0.0185
018920 0.6796 0.3019 0.0000 0.0185
018940 0.6796 0.3019 0.0000 0.0185
018960 0.6796 0.3019 0.0000 0.0185
018980 0.6796 0.3019 0.0000 0.0185
019000 0.6796 0.3019 0.0000 0.0185
019020 0.6796 0.3019 0.0000 0.0185
019040 0.6796 0.3019 0.0000 0.0185
019060 0.6796 0.3019 0.0000 0.0185
019080 0.6796 0.3019 0.0000 0.0185
019100 0.6796 0.3019 0.0000 0.0185
019120 0.6796 0.3019 0.0000 0.0185
019140 0.6796 0.3019 0.0000 0.0185
019160 0.6796 0.3019 0.0000 0.0185
019180 0.6796 0.3019 0.0000 0.0185
019200 0.6796 0.3019 0.0000 0.0185
019220 0.6796 0.3019 0.0000 0.0185
019240 0.6796 0.3019 0.0000 0.0185
019260 0.6796 0.3019 0.0000 0.0185
019280 0.6796 0.3019 0.0000 0.0185
019300 0.6796 0.3019 0.0000 0.0185
019320 0.6796 0.3019 0.0000 0.0185
019340 0.6796 0.3019 0.0000 0.0185
019360 0.6796 0.3019 0.0000 0.0185
019380 0.6796 0.3019 0.0000 0.0185
019400 0.6796 0.3019 0.0000 0.0185
019420 0.6796 0.3019 0.0000 0.0185
019440 0.6796 0.3019 0.0000 0.0185
019460 0.6796 0.3019 0.0000 0.0185
019480 0.6796 0.3019 0.0000 0.0185
019500 0.6796 0.3019 0.0000 0.0185
019520 0.6796 0.3019 0.0000 0.0185
019540 0.6796 0.3019 0.0000 0.0185
019560 0.6796 0.3019 0.0000 0.0185
019580 0.6796 0.3019 0.0000 0.0185
019600 0.6796 0.3019 0.0000 0.0185
019620 0.6796 0.3019 0.0000 0.0185
019640 0.6796 0.3019 0.0000 0.0185
019660 0.6796 0.3019 0.0000 0.0185
019680 0.6796 0.3019 0.0000 0.0185
019700 0.6796 0.3019 0.0000 0.0185
019720 0.6796 0.3019 0.0000 0.0185
019740 0.6796 0.3019 0.0000 0.0185
019760 0.6796 0.3019 0.0000 0.0185
019780 0.6796 0.3019 0.0000 0.0185
019800 0.6796 0.3019 0.0000 0.0185
019820 0.6796 0.3019 0.0000 0.0185
019840 0.6796 0.3019 0.0000 0.0185
019860 0.6796 0.3019 0.0000 0.0185
019880 0.6796 0.3019 0.0000 0.0185
019900 0.6796 0.3019 0.0000 0.0185
019920 0.6796 0.3019 0.0000 0.0185
019940 0.6796 0.3019 0.0000 0.0185
019960 0.6796 0.3019 0.0000 0.0185
019980 0.6796 0.3019 0.0000 0.0185
020000 0.6796 0.3019 0.0000 0.0185
