000000 0.2500 0.2500 0.2500 0.2500
000020 0.2589 0.2595 0.2299 0.2517
000040 0.2693 0.2703 0.2083 0.2521
000060 0.2793 0.2812 0.1877 0.2518
000080 0.2881 0.2930 0.1679 0.2510
000100 0.2951 0.3060 0.1493 0.2495
000120 0.3015 0.3200 0.1318 0.2467
000140 0.3065 0.3347 0.1150 0.2438
000160 0.3099 0.3506 0.0995 0.2400
000180 0.3121 0.3680 0.0847 0.2353
000200 0.3138 0.3850 0.0708 0.2305
000220 0.3142 0.4033 0.0581 0.2244
000240 0.3137 0.4215 0.0468 0.2180
000260 0.3121 0.4407 0.0367 0.2104
000280 0.3098 0.4608 0.0282 0.2012
000300 0.3053 0.4829 0.0202 0.1916
000320 0.3006 0.5049 0.0139 0.1806
000340 0.2939 0.5278 0.0087 0.1697
000360 0.2862 0.5518 0.0045 0.1575
000380 0.2762 0.5775 0.0017 0.1447
000400 0.2654 0.6033 0.0002 0.1311
000420 0.2544 0.6298 0.0000 0.1157
000440 0.2463 0.6563 0.0000 0.0974
000460 0.2406 0.6804 0.0000 0.0790
000480 0.2371 0.6971 0.0000 0.0659
000500 0.2355 0.7109 0.0000 0.0536
000520 0.2351 0.7227 0.0000 0.0422
000540 0.2355 0.7320 0.0000 0.0325
000560 0.2387 0.7362 0.0000 0.0250
000580 0.2428 0.7388 0.0000 0.0184
000600 0.2507 0.7370 0.0000 0.0123
000620 0.2604 0.7312 0.0000 0.0083
000640 0.2716 0.7232 0.0000 0.0052
000660 0.2824 0.7137 0.0000 0.0038
000680 0.2962 0.7009 0.0000 0.0029
000700 0.3099 0.6875 0.0000 0.0026
000720 0.3235 0.6739 0.0000 0.0026
000740 0.3362 0.6612 0.0000 0.0026
000760 0.3478 0.6486 0.0000 0.0036
000780 0.3581 0.6383 0.0000 0.0036
000800 0.3676 0.6286 0.0000 0.0038
000820 0.3763 0.6201 0.0000 0.0036
000840 0.3851 0.6112 0.0000 0.0037
000860 0.3934 0.6024 0.0000 0.0042
000880 0.4004 0.5952 0.0000 0.0044
000900 0.4076 0.5876 0.0000 0.0048
000920 0.4131 0.5819 0.0000 0.0050
000940 0.4182 0.5765 0.0000 0.0052
000960 0.4229 0.5714 0.0000 0.0057
000980 0.4294 0.5644 0.0000 0.0063
001000 0.4347 0.5586 0.0000 0.0067
001020 0.4392 0.5535 0.0000 0.0073
001040 0.4423 0.5505 0.0000 0.0072
001060 0.4459 0.5465 0.0000 0.0077
001080 0.4463 0.5455 0.0000 0.0082
001100 0.4483 0.5424 0.0000 0.0094
001120 0.4487 0.5411 0.0000 0.0102
001140 0.4468 0.5419 0.0000 0.0112
001160 0.4457 0.5425 0.0000 0.0117
001180 0.4470 0.5420 0.0000 0.0110
001200 0.4500 0.5398 0.0000 0.0103
001220 0.4573 0.5326 0.0000 0.0100
001240 0.4620 0.5271 0.0000 0.0109
001260 0.4694 0.5202 0.0000 0.0104
001280 0.4767 0.5125 0.0000 0.0108
001300 0.4847 0.5044 0.0000 0.0109
001320 0.4903 0.4974 0.0000 0.0123
001340 0.4951 0.4926 0.0000 0.0123
001360 0.4990 0.4880 0.0000 0.0130
001380 0.5013 0.4847 0.0000 0.0140
001400 0.5033 0.4830 0.0000 0.0137
001420 0.5065 0.4790 0.0000 0.0145
001440 0.5076 0.4775 0.0000 0.0149
001460 0.5084 0.4760 0.0000 0.0155
001480 0.5080 0.4757 0.0000 0.0163
001500 0.5073 0.4748 0.0000 0.0178
001520 0.5050 0.4766 0.0000 0.0185
001540 0.5036 0.4779 0.0000 0.0185
001560 0.5029 0.4800 0.0000 0.0171
001580 0.5028 0.4795 0.0000 0.0176
001600 0.5060 0.4757 0.0000 0.0183
001620 0.5115 0.4700 0.0000 0.0184
001640 0.5181 0.4629 0.0000 0.0190
001660 0.5250 0.4579 0.0000 0.0171
001680 0.5349 0.4485 0.0000 0.0166
001700 0.5458 0.4369 0.0000 0.0173
001720 0.5552 0.4276 0.0000 0.0171
001740 0.5631 0.4202 0.0000 0.0167
001760 0.5703 0.4111 0.0000 0.0186
001780 0.5754 0.4058 0.0000 0.0188
001800 0.5846 0.3983 0.0000 0.0172
001820 0.5930 0.3903 0.0000 0.0167
001840 0.6052 0.3782 0.0000 0.0166
001860 0.6115 0.3702 0.0000 0.0183
001880 0.6150 0.3653 0.0000 0.0197
001900 0.6173 0.3611 0.0000 0.0216
001920 0.6128 0.3639 0.0000 0.0233
001940 0.6063 0.3693 0.0000 0.0244
001960 0.6027 0.3742 0.0000 0.0231
001980 0.6055 0.3728 0.0000 0.0217
002000 0.6080 0.3701 0.0000 0.0218
002020 0.6141 0.3663 0.0000 0.0196
002040 0.6237 0.3581 0.0000 0.0182
002060 0.6340 0.3472 0.0000 0.0188
002080 0.6424 0.3383 0.0000 0.0193
002100 0.6509 0.3313 0.0000 0.0178
002120 0.6608 0.3211 0.0000 0.0181
002140 0.6667 0.3149 0.0000 0.0184
002160 0.6734 0.3078 0.0000 0.0188
002180 0.6754 0.3047 0.0000 0.0199
002200 0.6748 0.3037 0.0000 0.0215
002220 0.6673 0.3088 0.0000 0.0239
002240 0.6600 0.3160 0.0000 0.0240
002260 0.6535 0.3235 0.0000 0.0230
002280 0.6483 0.3264 0.0000 0.0253
002300 0.6407 0.3335 0.0000 0.0258
002320 0.6312 0.3429 0.0000 0.0259
002340 0.6222 0.3533 0.0000 0.0244
002360 0.6215 0.3562 0.0000 0.0223
002380 0.6244 0.3544 0.0000 0.0212
002400 0.6294 0.3478 0.0000 0.0228
002420 0.6333 0.3438 0.0000 0.0230
002440 0.6364 0.3401 0.0000 0.0235
002460 0.6392 0.3367 0.0000 0.0241
002480 0.6401 0.3368 0.0000 0.0231
002500 0.6430 0.3348 0.0000 0.0222
002520 0.6461 0.3333 0.0000 0.0205
002540 0.6479 0.3310 0.0000 0.0210
002560 0.6474 0.3299 0.0000 0.0227
002580 0.6466 0.3308 0.0000 0.0226
002600 0.6456 0.3308 0.0000 0.0236
002620 0.6421 0.3342 0.0000 0.0236
002640 0.6386 0.3380 0.0000 0.0234
002660 0.6319 0.3449 0.0000 0.0232
002680 0.6296 0.3464 0.0000 0.0239
002700 0.6263 0.3493 0.0000 0.0244
002720 0.6252 0.3514 0.0000 0.0234
002740 0.6262 0.3512 0.0000 0.0227
002760 0.6306 0.3481 0.0000 0.0213
002780 0.6331 0.3451 0.0000 0.0218
002800 0.6395 0.3390 0.0000 0.0215
002820 0.6464 0.3344 0.0000 0.0192
002840 0.6539 0.3265 0.0000 0.0196
002860 0.6617 0.3184 0.0000 0.0199
002880 0.6666 0.3140 0.0000 0.0195
002900 0.6677 0.3116 0.0000 0.0207
002920 0.6685 0.3094 0.0000 0.0221
002940 0.6660 0.3110 0.0000 0.0230
002960 0.6635 0.3136 0.0000 0.0229
002980 0.6643 0.3151 0.0000 0.0206
003000 0.6680 0.3130 0.0000 0.0190
003020 0.6709 0.3096 0.0000 0.0196
003040 0.6721 0.3071 0.0000 0.0208
003060 0.6689 0.3085 0.0000 0.0226
003080 0.6668 0.3090 0.0000 0.0241
003100 0.6621 0.3145 0.0000 0.0233
003120 0.6568 0.3197 0.0000 0.0235
003140 0.6517 0.3254 0.0000 0.0229
003160 0.6472 0.3285 0.0000 0.0243
003180 0.6426 0.3319 0.0000 0.0255
003200 0.6351 0.3392 0.0000 0.0257
003220 0.6336 0.3419 0.0000 0.0245
003240 0.6319 0.3435 0.0000 0.0247
003260 0.6298 0.3461 0.0000 0.0240
003280 0.6289 0.3473 0.0000 0.0239
003300 0.6316 0.3463 0.0000 0.0221
003320 0.6371 0.3432 0.0000 0.0197
003340 0.6409 0.3386 0.0000 0.0206
003360 0.6473 0.3327 0.0000 0.0200
003380 0.6553 0.3245 0.0000 0.0201
003400 0.6619 0.3177 0.0000 0.0205
003420 0.6661 0.3131 0.0000 0.0209
003440 0.6688 0.3103 0.0000 0.0209
003460 0.6700 0.3094 0.0000 0.0206
003480 0.6728 0.3075 0.0000 0.0197
003500 0.6745 0.3051 0.0000 0.0204
003520 0.6704 0.3064 0.0000 0.0232
003540 0.6629 0.3114 0.0000 0.0257
003560 0.6505 0.3225 0.0000 0.0270
003580 0.6350 0.3379 0.0000 0.0271
003600 0.6249 0.3468 0.0000 0.0283
003620 0.6138 0.3595 0.0000 0.0267
003640 0.6094 0.3649 0.0000 0.0257
003660 0.6098 0.3654 0.0000 0.0247
003680 0.6157 0.3616 0.0000 0.0227
003700 0.6190 0.3565 0.0000 0.0245
003720 0.6184 0.3572 0.0000 0.0243
003740 0.6237 0.3537 0.0000 0.0226
003760 0.6332 0.3464 0.0000 0.0203
003780 0.6436 0.3381 0.0000 0.0182
003800 0.6565 0.3260 0.0000 0.0175
003820 0.6629 0.3188 0.0000 0.0183
003840 0.6681 0.3114 0.0000 0.0205
003860 0.6699 0.3086 0.0000 0.0215
003880 0.6683 0.3093 0.0000 0.0224
003900 0.6677 0.3106 0.0000 0.0217
003920 0.6666 0.3112 0.0000 0.0222
003940 0.6604 0.3142 0.0000 0.0254
003960 0.6504 0.3237 0.0000 0.0259
003980 0.6419 0.3326 0.0000 0.0256
004000 0.6366 0.3376 0.0000 0.0258
004020 0.6331 0.3429 0.0000 0.0240
004040 0.6365 0.3414 0.0000 0.0222
004060 0.6432 0.3379 0.0000 0.0189
004080 0.6534 0.3284 0.0000 0.0182
004100 0.6643 0.3179 0.0000 0.0179
004120 0.6728 0.3088 0.0000 0.0183
004140 0.6769 0.3031 0.0000 0.0200
004160 0.6771 0.3009 0.0000 0.0220
004180 0.6743 0.3029 0.0000 0.0228
004200 0.6670 0.3095 0.0000 0.0235
004220 0.6619 0.3151 0.0000 0.0231
004240 0.6599 0.3166 0.0000 0.0235
004260 0.6566 0.3190 0.0000 0.0245
004280 0.6467 0.3292 0.0000 0.0240
004300 0.6426 0.3341 0.0000 0.0233
004320 0.6358 0.3387 0.0000 0.0255
004340 0.6320 0.3434 0.0000 0.0245
004360 0.6320 0.3442 0.0000 0.0238
004380 0.6323 0.3448 0.0000 0.0229
004400 0.6341 0.3427 0.0000 0.0233
004420 0.6395 0.3394 0.0000 0.0211
004440 0.6474 0.3312 0.0000 0.0214
004460 0.6531 0.3249 0.0000 0.0220
004480 0.6597 0.3195 0.0000 0.0208
004500 0.6634 0.3156 0.0000 0.0210
004520 0.6631 0.3147 0.0000 0.0222
004540 0.6624 0.3159 0.0000 0.0217
004560 0.6620 0.3157 0.0000 0.0223
004580 0.6623 0.3145 0.0000 0.0233
004600 0.6584 0.3190 0.0000 0.0226
004620 0.6563 0.3222 0.0000 0.0214
004640 0.6503 0.3263 0.0000 0.0234
004660 0.6423 0.3331 0.0000 0.0245
004680 0.6355 0.3401 0.0000 0.0244
004700 0.6328 0.3428 0.0000 0.0244
004720 0.6289 0.3449 0.0000 0.0262
004740 0.6249 0.3487 0.0000 0.0264
004760 0.6210 0.3521 0.0000 0.0269
004780 0.6164 0.3592 0.0000 0.0244
004800 0.6205 0.3563 0.0000 0.0232
004820 0.6283 0.3515 0.0000 0.0203
004840 0.6358 0.3439 0.0000 0.0203
004860 0.6440 0.3366 0.0000 0.0194
004880 0.6522 0.3273 0.0000 0.0205
004900 0.6560 0.3243 0.0000 0.0197
004920 0.6608 0.3183 0.0000 0.0209
004940 0.6623 0.3160 0.0000 0.0217
004960 0.6630 0.3145 0.0000 0.0225
004980 0.6572 0.3191 0.0000 0.0237
005000 0.6535 0.3232 0.0000 0.0233
005020 0.6490 0.3266 0.0000 0.0245
005040 0.6457 0.3310 0.0000 0.0233
005060 0.6408 0.3346 0.0000 0.0247
005080 0.6381 0.3377 0.0000 0.0242
005100 0.6354 0.3411 0.0000 0.0235
005120 0.6358 0.3416 0.0000 0.0225
005140 0.6362 0.3409 0.0000 0.0229
005160 0.6380 0.3385 0.0000 0.0234
005180 0.6414 0.3342 0.0000 0.0244
005200 0.6372 0.3368 0.0000 0.0260
005220 0.6354 0.3416 0.0000 0.0230
005240 0.6328 0.3443 0.0000 0.0228
005260 0.6291 0.3481 0.0000 0.0228
005280 0.6295 0.3474 0.0000 0.0230
005300 0.6325 0.3451 0.0000 0.0224
005320 0.6362 0.3414 0.0000 0.0225
005340 0.6373 0.3385 0.0000 0.0241
005360 0.6371 0.3387 0.0000 0.0243
005380 0.6405 0.3365 0.0000 0.0230
005400 0.6448 0.3350 0.0000 0.0202
005420 0.6499 0.3292 0.0000 0.0209
005440 0.6502 0.3277 0.0000 0.0222
005460 0.6492 0.3282 0.0000 0.0226
005480 0.6494 0.3282 0.0000 0.0224
005500 0.6472 0.3298 0.0000 0.0230
005520 0.6462 0.3321 0.0000 0.0217
005540 0.6446 0.3339 0.0000 0.0215
005560 0.6448 0.3343 0.0000 0.0208
005580 0.6495 0.3282 0.0000 0.0223
005600 0.6506 0.3258 0.0000 0.0236
005620 0.6473 0.3288 0.0000 0.0239
005640 0.6417 0.3331 0.0000 0.0253
005660 0.6361 0.3393 0.0000 0.0247
005680 0.6334 0.3435 0.0000 0.0231
005700 0.6306 0.3462 0.0000 0.0231
005720 0.6292 0.3465 0.0000 0.0243
005740 0.6266 0.3501 0.0000 0.0233
005760 0.6276 0.3502 0.0000 0.0222
005780 0.6345 0.3448 0.0000 0.0206
005800 0.6407 0.3396 0.0000 0.0197
005820 0.6477 0.3307 0.0000 0.0216
005840 0.6489 0.3295 0.0000 0.0216
005860 0.6538 0.3249 0.0000 0.0213
005880 0.6559 0.3220 0.0000 0.0220
005900 0.6587 0.3210 0.0000 0.0203
005920 0.6634 0.3157 0.0000 0.0209
005940 0.6647 0.3145 0.0000 0.0209
005960 0.6647 0.3139 0.0000 0.0215
005980 0.6637 0.3140 0.0000 0.0223
006000 0.6596 0.3162 0.0000 0.0241
006020 0.6525 0.3229 0.0000 0.0247
006040 0.6481 0.3278 0.0000 0.0242
006060 0.6423 0.3327 0.0000 0.0250
006080 0.6357 0.3398 0.0000 0.0245
006100 0.6310 0.3452 0.0000 0.0239
006120 0.6314 0.3452 0.0000 0.0233
006140 0.6350 0.3431 0.0000 0.0219
006160 0.6436 0.3359 0.0000 0.0205
006180 0.6509 0.3284 0.0000 0.0208
006200 0.6547 0.3240 0.0000 0.0213
006220 0.6609 0.3194 0.0000 0.0197
006240 0.6673 0.3138 0.0000 0.0190
006260 0.6708 0.3097 0.0000 0.0195
006280 0.6757 0.3045 0.0000 0.0199
006300 0.6744 0.3036 0.0000 0.0220
006320 0.6719 0.3054 0.0000 0.0227
006340 0.6691 0.3078 0.0000 0.0230
006360 0.6609 0.3137 0.0000 0.0254
006380 0.6498 0.3241 0.0000 0.0261
006400 0.6417 0.3322 0.0000 0.0261
006420 0.6313 0.3427 0.0000 0.0259
006440 0.6265 0.3466 0.0000 0.0269
006460 0.6178 0.3548 0.0000 0.0274
006480 0.6090 0.3627 0.0000 0.0284
006500 0.6068 0.3683 0.0000 0.0250
006520 0.6138 0.3644 0.0000 0.0218
006540 0.6240 0.3553 0.0000 0.0208
006560 0.6290 0.3487 0.0000 0.0223
006580 0.6302 0.3476 0.0000 0.0222
006600 0.6317 0.3467 0.0000 0.0215
006620 0.6384 0.3413 0.0000 0.0203
006640 0.6474 0.3327 0.0000 0.0199
006660 0.6556 0.3246 0.0000 0.0199
006680 0.6612 0.3183 0.0000 0.0204
006700 0.6685 0.3115 0.0000 0.0200
006720 0.6731 0.3080 0.0000 0.0189
006740 0.6793 0.3013 0.0000 0.0194
006760 0.6762 0.3013 0.0000 0.0225
006780 0.6694 0.3076 0.0000 0.0230
006800 0.6614 0.3138 0.0000 0.0248
006820 0.6565 0.3193 0.0000 0.0242
006840 0.6505 0.3248 0.0000 0.0247
006860 0.6432 0.3313 0.0000 0.0255
006880 0.6346 0.3392 0.0000 0.0262
006900 0.6276 0.3473 0.0000 0.0251
006920 0.6258 0.3496 0.0000 0.0247
006940 0.6232 0.3528 0.0000 0.0239
006960 0.6222 0.3546 0.0000 0.0232
006980 0.6211 0.3555 0.0000 0.0234
007000 0.6246 0.3529 0.0000 0.0224
007020 0.6322 0.3464 0.0000 0.0214
007040 0.6395 0.3389 0.0000 0.0216
007060 0.6450 0.3327 0.0000 0.0223
007080 0.6462 0.3330 0.0000 0.0208
007100 0.6564 0.3253 0.0000 0.0183
007120 0.6652 0.3163 0.0000 0.0186
007140 0.6669 0.3124 0.0000 0.0206
007160 0.6688 0.3089 0.0000 0.0224
007180 0.6676 0.3100 0.0000 0.0224
007200 0.6610 0.3145 0.0000 0.0245
007220 0.6537 0.3217 0.0000 0.0246
007240 0.6476 0.3285 0.0000 0.0238
007260 0.6438 0.3328 0.0000 0.0234
007280 0.6417 0.3354 0.0000 0.0230
007300 0.6377 0.3398 0.0000 0.0225
007320 0.6400 0.3387 0.0000 0.0213
007340 0.6397 0.3370 0.0000 0.0233
007360 0.6386 0.3391 0.0000 0.0223
007380 0.6410 0.3377 0.0000 0.0213
007400 0.6466 0.3329 0.0000 0.0206
007420 0.6532 0.3269 0.0000 0.0199
007440 0.6621 0.3174 0.0000 0.0205
007460 0.6670 0.3131 0.0000 0.0199
007480 0.6673 0.3120 0.0000 0.0208
007500 0.6648 0.3124 0.0000 0.0228
007520 0.6607 0.3160 0.0000 0.0233
007540 0.6563 0.3213 0.0000 0.0224
007560 0.6563 0.3212 0.0000 0.0225
007580 0.6544 0.3227 0.0000 0.0229
007600 0.6494 0.3252 0.0000 0.0254
007620 0.6447 0.3312 0.0000 0.0241
007640 0.6417 0.3332 0.0000 0.0250
007660 0.6380 0.3383 0.0000 0.0237
007680 0.6359 0.3406 0.0000 0.0235
007700 0.6356 0.3407 0.0000 0.0237
007720 0.6364 0.3405 0.0000 0.0231
007740 0.6382 0.3392 0.0000 0.0225
007760 0.6411 0.3373 0.0000 0.0216
007780 0.6429 0.3367 0.0000 0.0205
007800 0.6451 0.3345 0.0000 0.0205
007820 0.6502 0.3304 0.0000 0.0194
007840 0.6636 0.3192 0.0000 0.0171
007860 0.6753 0.3087 0.0000 0.0160
007880 0.6890 0.2949 0.0000 0.0161
007900 0.6912 0.2894 0.0000 0.0194
007920 0.6917 0.2885 0.0000 0.0198
007940 0.6886 0.2898 0.0000 0.0215
007960 0.6818 0.2944 0.0000 0.0238
007980 0.6742 0.3024 0.0000 0.0235
008000 0.6686 0.3085 0.0000 0.0229
008020 0.6589 0.3166 0.0000 0.0244
008040 0.6489 0.3241 0.0000 0.0270
008060 0.6391 0.3338 0.0000 0.0271
008080 0.6312 0.3410 0.0000 0.0278
008100 0.6196 0.3525 0.0000 0.0279
008120 0.6091 0.3630 0.0000 0.0279
008140 0.6044 0.3697 0.0000 0.0259
008160 0.6034 0.3721 0.0000 0.0245
008180 0.6068 0.3700 0.0000 0.0232
008200 0.6121 0.3645 0.0000 0.0234
008220 0.6190 0.3600 0.0000 0.0211
008240 0.6288 0.3507 0.0000 0.0205
008260 0.6380 0.3409 0.0000 0.0211
008280 0.6414 0.3369 0.0000 0.0217
008300 0.6444 0.3340 0.0000 0.0216
008320 0.6500 0.3290 0.0000 0.0210
008340 0.6534 0.3260 0.0000 0.0206
008360 0.6567 0.3226 0.0000 0.0208
008380 0.6586 0.3206 0.0000 0.0208
008400 0.6602 0.3176 0.0000 0.0222
008420 0.6581 0.3200 0.0000 0.0219
008440 0.6558 0.3222 0.0000 0.0220
008460 0.6540 0.3242 0.0000 0.0218
008480 0.6488 0.3270 0.0000 0.0243
008500 0.6427 0.3311 0.0000 0.0262
008520 0.6390 0.3355 0.0000 0.0256
008540 0.6335 0.3424 0.0000 0.0241
008560 0.6322 0.3440 0.0000 0.0238
008580 0.6292 0.3466 0.0000 0.0242
008600 0.6270 0.3488 0.0000 0.0242
008620 0.6307 0.3466 0.0000 0.0226
008640 0.6369 0.3435 0.0000 0.0196
008660 0.6500 0.3328 0.0000 0.0172
008680 0.6636 0.3175 0.0000 0.0188
008700 0.6688 0.3101 0.0000 0.0211
008720 0.6675 0.3114 0.0000 0.0211
008740 0.6701 0.3097 0.0000 0.0202
008760 0.6697 0.3087 0.0000 0.0216
008780 0.6623 0.3140 0.0000 0.0237
008800 0.6554 0.3213 0.0000 0.0233
008820 0.6542 0.3243 0.0000 0.0216
008840 0.6500 0.3284 0.0000 0.0216
008860 0.6481 0.3299 0.0000 0.0220
008880 0.6438 0.3321 0.0000 0.0241
008900 0.6393 0.3365 0.0000 0.0241
008920 0.6389 0.3378 0.0000 0.0233
008940 0.6411 0.3363 0.0000 0.0226
008960 0.6453 0.3324 0.0000 0.0223
008980 0.6503 0.3279 0.0000 0.0218
009000 0.6502 0.3268 0.0000 0.0229
009020 0.6529 0.3253 0.0000 0.0218
009040 0.6575 0.3221 0.0000 0.0203
009060 0.6593 0.3189 0.0000 0.0217
009080 0.6584 0.3196 0.0000 0.0219
009100 0.6544 0.3228 0.0000 0.0228
009120 0.6524 0.3245 0.0000 0.0230
009140 0.6478 0.3284 0.0000 0.0238
009160 0.6422 0.3336 0.0000 0.0241
009180 0.6386 0.3381 0.0000 0.0233
009200 0.6364 0.3391 0.0000 0.0245
009220 0.6335 0.3417 0.0000 0.0248
009240 0.6291 0.3465 0.0000 0.0244
009260 0.6290 0.3475 0.0000 0.0234
009280 0.6297 0.3467 0.0000 0.0236
009300 0.6321 0.3452 0.0000 0.0227
009320 0.6381 0.3416 0.0000 0.0203
009340 0.6467 0.3349 0.0000 0.0184
009360 0.6567 0.3245 0.0000 0.0188
009380 0.6635 0.3171 0.0000 0.0194
009400 0.6653 0.3147 0.0000 0.0200
009420 0.6622 0.3157 0.0000 0.0222
009440 0.6612 0.3166 0.0000 0.0222
009460 0.6572 0.3177 0.0000 0.0251
009480 0.6481 0.3259 0.0000 0.0260
009500 0.6343 0.3389 0.0000 0.0268
009520 0.6295 0.3461 0.0000 0.0244
009540 0.6295 0.3482 0.0000 0.0224
009560 0.6310 0.3474 0.0000 0.0216
009580 0.6343 0.3449 0.0000 0.0208
009600 0.6377 0.3409 0.0000 0.0214
009620 0.6433 0.3352 0.0000 0.0215
009640 0.6443 0.3346 0.0000 0.0211
009660 0.6480 0.3291 0.0000 0.0229
009680 0.6507 0.3266 0.0000 0.0226
009700 0.6490 0.3272 0.0000 0.0239
009720 0.6460 0.3292 0.0000 0.0247
009740 0.6394 0.3355 0.0000 0.0250
009760 0.6376 0.3380 0.0000 0.0244
009780 0.6339 0.3417 0.0000 0.0244
009800 0.6311 0.3458 0.0000 0.0231
009820 0.6263 0.3494 0.0000 0.0243
009840 0.6277 0.3479 0.0000 0.0244
009860 0.6348 0.3425 0.0000 0.0227
009880 0.6420 0.3353 0.0000 0.0227
009900 0.6463 0.3339 0.0000 0.0199
009920 0.6546 0.3265 0.0000 0.0190
009940 0.6630 0.3187 0.0000 0.0183
009960 0.6711 0.3102 0.0000 0.0187
009980 0.6753 0.3059 0.0000 0.0188
010000 0.6780 0.3013 0.0000 0.0207
010020 0.6736 0.3046 0.0000 0.0218
010040 0.6736 0.3046 0.0000 0.0218
010060 0.6736 0.3046 0.0000 0.0218
010080 0.6736 0.3046 0.0000 0.0218
010100 0.6736 0.3046 0.0000 0.0218
010120 0.6736 0.3046 0.0000 0.0218
010140 0.6736 0.3046 0.0000 0.0218
010160 0.6736 0.3046 0.0000 0.0218
010180 0.6736 0.3046 0.0000 0.0218
010200 0.6736 0.3046 0.0000 0.0218
010220 0.6736 0.3046 0.0000 0.0218
010240 0.6736 0.3046 0.0000 0.0218
010260 0.6736 0.3046 0.0000 0.0218
010280 0.6736 0.3046 0.0000 0.0218
010300 0.6736 0.3046 0.0000 0.0218
010320 0.6736 0.3046 0.0000 0.0218
010340 0.6736 0.3046 0.0000 0.0218
010360 0.6736 0.3046 0.0000 0.0218
010380 0.6736 0.3046 0.0000 0.0218
010400 0.6736 0.3046 0.0000 0.0218
010420 0.6736 0.3046 0.0000 0.0218
010440 0.6736 0.3046 0.0000 0.0218
010460 0.6736 0.3046 0.0000 0.0218
010480 0.6736 0.3046 0.0000 0.0218
010500 0.6736 0.3046 0.0000 0.0218
010520 0.6736 0.3046 0.0000 0.0218
010540 0.6736 0.3046 0.0000 0.0218
010560 0.6736 0.3046 0.0000 0.0218
010580 0.6736 0.3046 0.0000 0.0218
010600 0.6736 0.3046 0.0000 0.0218
010620 0.6736 0.3046 0.0000 0.0218
010640 0.6736 0.3046 0.0000 0.0218
010660 0.6736 0.3046 0.0000 0.0218
010680 0.6736 0.3046 0.0000 0.0218
010700 0.6736 0.3046 0.0000 0.0218
010720 0.6736 0.3046 0.0000 0.0218
010740 0.6736 0.3046 0.0000 0.0218
010760 0.6736 0.3046 0.0000 0.0218
010780 0.6736 0.3046 0.0000 0.0218
010800 0.6736 0.3046 0.0000 0.0218
010820 0.6736 0.3046 0.0000 0.0218
010840 0.6736 0.3046 0.0000 0.0218
010860 0.6736 0.3046 0.0000 0.0218
010880 0.6736 0.3046 0.0000 0.0218
010900 0.6736 0.3046 0.0000 0.0218
010920 0.6736 0.3046 0.0000 0.0218
010940 0.6736 0.3046 0.0000 0.0218
010960 0.6736 0.3046 0.0000 0.0218
010980 0.6736 0.3046 0.0000 0.0218
011000 0.6736 0.3046 0.0000 0.0218
011020 0.6736 0.3046 0.0000 0.0218
011040 0.6736 0.3046 0.0000 0.0218
011060 0.6736 0.3046 0.0000 0.0218
011080 0.6736 0.3046 0.0000 0.0218
011100 0.6736 0.3046 0.0000 0.0218
011120 0.6736 0.3046 0.0000 0.0218
011140 0.6736 0.3046 0.0000 0.0218
011160 0.6736 0.3046 0.0000 0.0218
011180 0.6736 0.3046 0.0000 0.0218
011200 0.6736 0.3046 0.0000 0.0218
011220 0.6736 0.3046 0.0000 0.0218
011240 0.6736 0.3046 0.0000 0.0218
011260 0.6736 0.3046 0.0000 0.0218
011280 0.6736 0.3046 0.0000 0.0218
011300 0.6736 0.3046 0.0000 0.0218
011320 0.6736 0.3046 0.0000 0.0218
011340 0.6736 0.3046 0.0000 0.0218
011360 0.6736 0.3046 0.0000 0.0218
011380 0.6736 0.3046 0.0000 0.0218
011400 0.6736 0.3046 0.0000 0.0218
011420 0.6736 0.3046 0.0000 0.0218
011440 0.6736 0.3046 0.0000 0.0218
011460 0.6736 0.3046 0.0000 0.0218
011480 0.6736 0.3046 0.0000 0.0218
011500 0.6736 0.3046 0.0000 0.0218
011520 0.6736 0.3046 0.0000 0.0218
011540 0.6736 0.3046 0.0000 0.0218
011560 0.6736 0.3046 0.0000 0.0218
011580 0.6736 0.3046 0.0000 0.0218
011600 0.6736 0.3046 0.0000 0.0218
011620 0.6736 0.3046 0.0000 0.0218
011640 0.6736 0.3046 0.0000 0.0218
011660 0.6736 0.3046 0.0000 0.0218
011680 0.6736 0.3046 0.0000 0.0218
011700 0.6736 0.3046 0.0000 0.0218
011720 0.6736 0.3046 0.0000 0.0218
011740 0.6736 0.3046 0.0000 0.0218
011760 0.6736 0.3046 0.0000 0.0218
011780 0.6736 0.3046 0.0000 0.0218
011800 0.6736 0.3046 0.0000 0.0218
011820 0.6736 0.3046 0.0000 0.0218
011840 0.6736 0.3046 0.0000 0.0218
011860 0.6736 0.3046 0.0000 0.0218
011880 0.6736 0.3046 0.0000 0.0218
011900 0.6736 0.3046 0.0000 0.0218
011920 0.6736 0.3046 0.0000 0.0218
011940 0.6736 0.3046 0.0000 0.0218
011960 0.6736 0.3046 0.0000 0.0218
011980 0.6736 0.3046 0.0000 0.0218
012000 0.6736 0.3046 0.0000 0.0218
012020 0.6736 0.3046 0.0000 0.0218
012040 0.6736 0.3046 0.0000 0.0218
012060 0.6736 0.3046 0.0000 0.0218
012080 0.6736 0.3046 0.0000 0.0218
012100 0.6736 0.3046 0.0000 0.0218
012120 0.6736 0.3046 0.0000 0.0218
012140 0.6736 0.3046 0.0000 0.0218
012160 0.6736 0.3046 0.0000 0.0218
012180 0.6736 0.3046 0.0000 0.0218
012200 0.6736 0.3046 0.0000 0.0218
012220 0.6736 0.3046 0.0000 0.0218
012240 0.6736 0.3046 0.0000 0.0218
012260 0.6736 0.3046 0.0000 0.0218
012280 0.6736 0.3046 0.0000 0.0218
012300 0.6736 0.3046 0.0000 0.0218
012320 0.6736 0.3046 0.0000 0.0218
012340 0.6736 0.3046 0.0000 0.0218
012360 0.6736 0.3046 0.0000 0.0218
012380 0.6736 0.3046 0.0000 0.0218
012400 0.6736 0.3046 0.0000 0.0218
012420 0.6736 0.3046 0.0000 0.0218
012440 0.6736 0.3046 0.0000 0.0218
012460 0.6736 0.3046 0.0000 0.0218
012480 0.6736 0.3046 0.0000 0.0218
012500 0.6736 0.3046 0.0000 0.0218
012520 0.6736 0.3046 0.0000 0.0218
012540 0.6736 0.3046 0.0000 0.0218
012560 0.6736 0.3046 0.0000 0.0218
012580 0.6736 0.3046 0.0000 0.0218
012600 0.6736 0.3046 0.0000 0.0218
012620 0.6736 0.3046 0.0000 0.0218
012640 0.6736 0.3046 0.0000 0.0218
012660 0.6736 0.3046 0.0000 0.0218
012680 0.6736 0.3046 0.0000 0.0218
012700 0.6736 0.3046 0.0000 0.0218
012720 0.6736 0.3046 0.0000 0.0218
012740 0.6736 0.3046 0.0000 0.0218
012760 0.6736 0.3046 0.0000 0.0218
012780 0.6736 0.3046 0.0000 0.0218
012800 0.6736 0.3046 0.0000 0.0218
012820 0.6736 0.3046 0.0000 0.0218
012840 0.6736 0.3046 0.0000 0.0218
012860 0.6736 0.3046 0.0000 0.0218
012880 0.6736 0.3046 0.0000 0.0218
012900 0.6736 0.3046 0.0000 0.0218
012920 0.6736 0.3046 0.0000 0.0218
012940 0.6736 0.3046 0.0000 0.0218
012960 0.6736 0.3046 0.0000 0.0218
012980 0.6736 0.3046 0.0000 0.0218
013000 0.6736 0.3046 0.0000 0.0218
013020 0.6736 0.3046 0.0000 0.0218
013040 0.6736 0.3046 0.0000 0.0218
013060 0.6736 0.3046 0.0000 0.0218
013080 0.6736 0.3046 0.0000 0.0218
013100 0.6736 0.3046 0.0000 0.0218
013120 0.6736 0.3046 0.0000 0.0218
013140 0.6736 0.3046 0.0000 0.0218
013160 0.6736 0.3046 0.0000 0.0218
013180 0.6736 0.3046 0.0000 0.0218
013200 0.6736 0.3046 0.0000 0.0218
013220 0.6736 0.3046 0.0000 0.0218
013240 0.6736 0.3046 0.0000 0.0218
013260 0.6736 0.3046 0.0000 0.0218
013280 0.6736 0.3046 0.0000 0.0218
013300 0.6736 0.3046 0.0000 0.0218
013320 0.6736 0.3046 0.0000 0.0218
013340 0.6736 0.3046 0.0000 0.0218
013360 0.6736 0.3046 0.0000 0.0218
013380 0.6736 0.3046 0.0000 0.0218
013400 0.6736 0.3046 0.0000 0.0218
013420 0.6736 0.3046 0.0000 0.0218
013440 0.6736 0.3046 0.0000 0.0218
013460 0.6736 0.3046 0.0000 0.0218
013480 0.6736 0.3046 0.0000 0.0218
013500 0.6736 0.3046 0.0000 0.0218
013520 0.6736 0.3046 0.0000 0.0218
013540 0.6736 0.3046 0.0000 0.0218
013560 0.6736 0.3046 0.0000 0.0218
013580 0.6736 0.3046 0.0000 0.0218
013600 0.6736 0.3046 0.0000 0.0218
013620 0.6736 0.3046 0.0000 0.0218
013640 0.6736 0.3046 0.0000 0.0218
013660 0.6736 0.3046 0.0000 0.0218
013680 0.6736 0.3046 0.0000 0.0218
013700 0.6736 0.3046 0.0000 0.0218
013720 0.6736 0.3046 0.0000 0.0218
013740 0.6736 0.3046 0.0000 0.0218
013760 0.6736 0.3046 0.0000 0.0218
013780 0.6736 0.3046 0.0000 0.0218
013800 0.6736 0.3046 0.0000 0.0218
013820 0.6736 0.3046 0.0000 0.0218
013840 0.6736 0.3046 0.0000 0.0218
013860 0.6736 0.3046 0.0000 0.0218
013880 0.6736 0.3046 0.0000 0.0218
013900 0.6736 0.3046 0.0000 0.0218
013920 0.6736 0.3046 0.0000 0.0218
013940 0.6736 0.3046 0.0000 0.0218
013960 0.6736 0.3046 0.0000 0.0218
013980 0.6736 0.3046 0.0000 0.0218
014000 0.6736 0.3046 0.0000 0.0218
014020 0.6736 0.3046 0.0000 0.0218
014040 0.6736 0.3046 0.0000 0.0218
014060 0.6736 0.3046 0.0000 0.0218
014080 0.6736 0.3046 0.0000 0.0218
014100 0.6736 0.3046 0.0000 0.0218
014120 0.6736 0.3046 0.0000 0.0218
014140 0.6736 0.3046 0.0000 0.0218
014160 0.6736 0.3046 0.0000 0.0218
014180 0.6736 0.3046 0.0000 0.0218
014200 0.6736 0.3046 0.0000 0.0218
014220 0.6736 0.3046 0.0000 0.0218
014240 0.6736 0.3046 0.0000 0.0218
014260 0.6736 0.3046 0.0000 0.0218
014280 0.6736 0.3046 0.0000 0.0218
014300 0.6736 0.3046 0.0000 0.0218
014320 0.6736 0.3046 0.0000 0.0218
014340 0.6736 0.3046 0.0000 0.0218
014360 0.6736 0.3046 0.0000 0.0218
014380 0.6736 0.3046 0.0000 0.0218
014400 0.6736 0.3046 0.0000 0.0218
014420 0.6736 0.3046 0.0000 0.0218
014440 0.6736 0.3046 0.0000 0.0218
014460 0.6736 0.3046 0.0000 0.0218
014480 0.6736 0.3046 0.0000 0.0218
014500 0.6736 0.3046 0.0000 0.0218
014520 0.6736 0.3046 0.0000 0.0218
014540 0.6736 0.3046 0.0000 0.0218
014560 0.6736 0.3046 0.0000 0.0218
014580 0.6736 0.3046 0.0000 0.0218
014600 0.6736 0.3046 0.0000 0.0218
014620 0.6736 0.3046 0.0000 0.0218
014640 0.6736 0.3046 0.0000 0.0218
014660 0.6736 0.3046 0.0000 0.0218
014680 0.6736 0.3046 0.0000 0.0218
014700 0.6736 0.3046 0.0000 0.0218
014720 0.6736 0.3046 0.0000 0.0218
014740 0.6736 0.3046 0.0000 0.0218
014760 0.6736 0.3046 0.0000 0.0218
014780 0.6736 0.3046 0.0000 0.0218
014800 0.6736 0.3046 0.0000 0.0218
014820 0.6736 0.3046 0.0000 0.0218
014840 0.6736 0.3046 0.0000 0.0218
014860 0.6736 0.3046 0.0000 0.0218
014880 0.6736 0.3046 0.0000 0.0218
014900 0.6736 0.3046 0.0000 0.0218
014920 0.6736 0.3046 0.0000 0.0218
014940 0.6736 0.3046 0.0000 0.0218
014960 0.6736 0.3046 0.0000 0.0218
014980 0.6736 0.3046 0.0000 0.0218
015000 0.6736 0.3046 0.0000 0.0218
015020 0.6736 0.3046 0.0000 0.0218
015040 0.6736 0.3046 0.0000 0.0218
015060 0.6736 0.3046 0.0000 0.0218
015080 0.6736 0.3046 0.0000 0.0218
015100 0.6736 0.3046 0.0000 0.0218
015120 0.6736 0.3046 0.0000 0.0218
015140 0.6736 0.3046 0.0000 0.0218
015160 0.6736 0.3046 0.0000 0.0218
015180 0.6736 0.3046 0.0000 0.0218
015200 0.6736 0.3046 0.0000 0.0218
015220 0.6736 0.3046 0.0000 0.0218
015240 0.6736 0.3046 0.0000 0.0218
015260 0.6736 0.3046 0.0000 0.0218
015280 0.6736 0.3046 0.0000 0.0218
015300 0.6736 0.3046 0.0000 0.0218
015320 0.6736 0.3046 0.0000 0.0218
015340 0.6736 0.3046 0.0000 0.0218
015360 0.6736 0.3046 0.0000 0.0218
015380 0.6736 0.3046 0.0000 0.0218
015400 0.6736 0.3046 0.0000 0.0218
015420 0.6736 0.3046 0.0000 0.0218
015440 0.6736 0.3046 0.0000 0.0218
015460 0.6736 0.3046 0.0000 0.0218
015480 0.6736 0.3046 0.0000 0.0218
015500 0.6736 0.3046 0.0000 0.0218
015520 0.6736 0.3046 0.0000 0.0218
015540 0.6736 0.3046 0.0000 0.0218
015560 0.6736 0.3046 0.0000 0.0218
015580 0.6736 0.3046 0.0000 0.0218
015600 0.6736 0.3046 0.0000 0.0218
015620 0.6736 0.3046 0.0000 0.0218
015640 0.6736 0.3046 0.0000 0.0218
015660 0.6736 0.3046 0.0000 0.0218
015680 0.6736 0.3046 0.0000 0.0218
015700 0.6736 0.3046 0.0000 0.0218
015720 0.6736 0.3046 0.0000 0.0218
015740 0.6736 0.3046 0.0000 0.0218
015760 0.6736 0.3046 0.0000 0.0218
015780 0.6736 0.3046 0.0000 0.0218
015800 0.6736 0.3046 0.0000 0.0218
015820 0.6736 0.3046 0.0000 0.0218
015840 0.6736 0.3046 0.0000 0.0218
015860 0.6736 0.3046 0.0000 0.0218
015880 0.6736 0.3046 0.0000 0.0218
015900 0.6736 0.3046 0.0000 0.0218
015920 0.6736 0.3046 0.0000 0.0218
015940 0.6736 0.3046 0.0000 0.0218
015960 0.6736 0.3046 0.0000 0.0218
015980 0.6736 0.3046 0.0000 0.0218
016000 0.6736 0.3046 0.0000 0.0218
016020 0.6736 0.3046 0.0000 0.0218
016040 0.6736 0.3046 0.0000 0.0218
016060 0.6736 0.3046 0.0000 0.0218
016080 0.6736 0.3046 0.0000 0.0218
016100 0.6736 0.3046 0.0000 0.0218
016120 0.6736 0.3046 0.0000 0.0218
016140 0.6736 0.3046 0.0000 0.0218
016160 0.6736 0.3046 0.0000 0.0218
016180 0.6736 0.3046 0.0000 0.0218
016200 0.6736 0.3046 0.0000 0.0218
016220 0.6736 0.3046 0.0000 0.0218
016240 0.6736 0.3046 0.0000 0.0218
016260 0.6736 0.3046 0.0000 0.0218
016280 0.6736 0.3046 0.0000 0.0218
016300 0.6736 0.3046 0.0000 0.0218
016320 0.6736 0.3046 0.0000 0.0218
016340 0.6736 0.3046 0.0000 0.0218
016360 0.6736 0.3046 0.0000 0.0218
016380 0.6736 0.3046 0.0000 0.0218
016400 0.6736 0.3046 0.0000 0.0218
016420 0.6736 0.3046 0.0000 0.0218
016440 0.6736 0.3046 0.0000 0.0218
016460 0.6736 0.3046 0.0000 0.0218
016480 0.6736 0.3046 0.0000 0.0218
016500 0.6736 0.3046 0.0000 0.0218
016520 0.6736 0.3046 0.0000 0.0218
016540 0.6736 0.3046 0.0000 0.0218
016560 0.6736 0.3046 0.0000 0.0218
016580 0.6736 0.3046 0.0000 0.0218
016600 0.6736 0.3046 0.0000 0.0218
016620 0.6736 0.3046 0.0000 0.0218
016640 0.6736 0.3046 0.0000 0.0218
016660 0.6736 0.3046 0.0000 0.0218
016680 0.6736 0.3046 0.0000 0.0218
016700 0.6736 0.3046 0.0000 0.0218
016720 0.6736 0.3046 0.0000 0.0218
016740 0.6736 0.3046 0.0000 0.0218
016760 0.6736 0.3046 0.0000 0.0218
016780 0.6736 0.3046 0.0000 0.0218
016800 0.6736 0.3046 0.0000 0.0218
016820 0.6736 0.3046 0.0000 0.0218
016840 0.6736 0.3046 0.0000 0.0218
016860 0.6736 0.3046 0.0000 0.0218
016880 0.6736 0.3046 0.0000 0.0218
016900 0.6736 0.3046 0.0000 0.0218
016920 0.6736 0.3046 0.0000 0.0218
016940 0.6736 0.3046 0.0000 0.0218
016960 0.6736 0.3046 0.0000 0.0218
016980 0.6736 0.3046 0.0000 0.0218
017000 0.6736 0.3046 0.0000 0.0218
017020 0.6736 0.3046 0.0000 0.0218
017040 0.6736 0.3046 0.0000 0.0218
017060 0.6736 0.3046 0.0000 0.0218
017080 0.6736 0.3046 0.0000 0.0218
017100 0.6736 0.3046 0.0000 0.0218
017120 0.6736 0.3046 0.0000 0.0218
017140 0.6736 0.3046 0.0000 0.0218
017160 0.6736 0.3046 0.0000 0.0218
017180 0.6736 0.3046 0.0000 0.0218
017200 0.6736 0.3046 0.0000 0.0218
017220 0.6736 0.3046 0.0000 0.0218
017240 0.6736 0.3046 0.0000 0.0218
017260 0.6736 0.3046 0.0000 0.0218
017280 0.6736 0.3046 0.0000 0.0218
017300 0.6736 0.3046 0.0000 0.0218
017320 0.6736 0.3046 0.0000 0.0218
017340 0.6736 0.3046 0.0000 0.0218
017360 0.6736 0.3046 0.0000 0.0218
017380 0.6736 0.3046 0.0000 0.0218
017400 0.6736 0.3046 0.0000 0.0218
017420 0.6736 0.3046 0.0000 0.0218
017440 0.6736 0.3046 0.0000 0.0218
017460 0.6736 0.3046 0.0000 0.0218
017480 0.6736 0.3046 0.0000 0.0218
017500 0.6736 0.3046 0.0000 0.0218
017520 0.6736 0.3046 0.0000 0.0218
017540 0.6736 0.3046 0.0000 0.0218
017560 0.6736 0.3046 0.0000 0.0218
017580 0.6736 0.3046 0.0000 0.0218
017600 0.6736 0.3046 0.0000 0.0218
017620 0.6736 0.3046 0.0000 0.0218
017640 0.6736 0.3046 0.0000 0.0218
017660 0.6736 0.3046 0.0000 0.0218
017680 0.6736 0.3046 0.0000 0.0218
017700 0.6736 0.3046 0.0000 0.0218
017720 0.6736 0.3046 0.0000 0.0218
017740 0.6736 0.3046 0.0000 0.0218
017760 0.6736 0.3046 0.0000 0.0218
017780 0.6736 0.3046 0.0000 0.0218
017800 0.6736 0.3046 0.0000 0.0218
017820 0.6736 0.3046 0.0000 0.0218
017840 0.6736 0.3046 0.0000 0.0218
017860 0.6736 0.3046 0.0000 0.0218
017880 0.6736 0.3046 0.0000 0.0218
017900 0.6736 0.3046 0.0000 0.0218
017920 0.6736 0.3046 0.0000 0.0218
017940 0.6736 0.3046 0.0000 0.0218
017960 0.6736 0.3046 0.0000 0.0218
017980 0.6736 0.3046 0.0000 0.0218
018000 0.6736 0.3046 0.0000 0.0218
018020 0.6736 0.3046 0.0000 0.0218
018040 0.6736 0.3046 0.0000 0.0218
018060 0.6736 0.3046 0.0000 0.0218
018080 0.6736 0.3046 0.0000 0.0218
018100 0.6736 0.3046 0.0000 0.0218
018120 0.6736 0.3046 0.0000 0.0218
018140 0.6736 0.3046 0.0000 0.0218
018160 0.6736 0.3046 0.0000 0.0218
018180 0.6736 0.3046 0.0000 0.0218
018200 0.6736 0.3046 0.0000 0.0218
018220 0.6736 0.3046 0.0000 0.0218
018240 0.6736 0.3046 0.0000 0.0218
018260 0.6736 0.3046 0.0000 0.0218
018280 0.6736 0.3046 0.0000 0.0218
018300 0.6736 0.3046 0.0000 0.0218
018320 0.6736 0.3046 0.0000 0.0218
018340 0.6736 0.3046 0.0000 0.0218
018360 0.6736 0.3046 0.0000 0.0218
018380 0.6736 0.3046 0.0000 0.0218
018400 0.6736 0.3046 0.0000 0.0218
018420 0.6736 0.3046 0.0000 0.0218
018440 0.6736 0.3046 0.0000 0.0218
018460 0.6736 0.3046 0.0000 0.0218
018480 0.6736 0.3046 0.0000 0.0218
018500 0.6736 0.3046 0.0000 0.0218
018520 0.6736 0.3046 0.0000 0.0218
018540 0.6736 0.3046 0.0000 0.0218
018560 0.6736 0.3046 0.0000 0.0218
018580 0.6736 0.3046 0.0000 0.0218
018600 0.6736 0.3046 0.0000 0.0218
018620 0.6736 0.3046 0.0000 0.0218
018640 0.6736 0.3046 0.0000 0.0218
018660 0.6736 0.3046 0.0000 0.0218
018680 0.6736 0.3046 0.0000 0.0218
018700 0.6736 0.3046 0.0000 0.0218
018720 0.6736 0.3046 0.0000 0.0218
018740 0.6736 0.3046 0.0000 0.0218
018760 0.6736 0.3046 0.0000 0.0218
018780 0.6736 0.3046 0.0000 0.0218
018800 0.6736 0.3046 0.0000 0.0218
018820 0.6736 0.3046 0.0000 0.0218
018840 0.6736 0.3046 0.0000 0.0218
018860 0.6736 0.3046 0.0000 0.0218
018880 0.6736 0.3046 0.0000 0.0218
018900 0.6736 0.3046 0.0000 0.0218
018920 0.6736 0.3046 0.0000 0.0218
018940 0.6736 0.3046 0.0000 0.0218
018960 0.6736 0.3046 0.0000 0.0218
018980 0.6736 0.3046 0.0000 0.0218
019000 0.6736 0.3046 0.0000 0.0218
019020 0.6736 0.3046 0.0000 0.0218
019040 0.6736 0.3046 0.0000 0.0218
019060 0.6736 0.3046 0.0000 0.0218
019080 0.6736 0.3046 0.0000 0.0218
019100 0.6736 0.3046 0.0000 0.0218
019120 0.6736 0.3046 0.0000 0.0218
019140 0.6736 0.3046 0.0000 0.0218
019160 0.6736 0.3046 0.0000 0.0218
019180 0.6736 0.3046 0.0000 0.0218
019200 0.6736 0.3046 0.0000 0.0218
019220 0.6736 0.3046 0.0000 0.0218
019240 0.6736 0.3046 0.0000 0.0218
019260 0.6736 0.3046 0.0000 0.0218
019280 0.6736 0.3046 0.0000 0.0218
019300 0.6736 0.3046 0.0000 0.0218
019320 0.6736 0.3046 0.0000 0.0218
019340 0.6736 0.3046 0.0000 0.0218
019360 0.6736 0.3046 0.0000 0.0218
019380 0.6736 0.3046 0.0000 0.0218
019400 0.6736 0.3046 0.0000 0.0218
019420 0.6736 0.3046 0.0000 0.0218
019440 0.6736 0.3046 0.0000 0.0218
019460 0.6736 0.3046 0.0000 0.0218
019480 0.6736 0.3046 0.0000 0.0218
019500 0.6736 0.3046 0.0000 0.0218
019520 0.6736 0.3046 0.0000 0.0218
019540 0.6736 0.3046 0.0000 0.0218
019560 0.6736 0.3046 0.0000 0.0218
019580 0.6736 0.3046 0.0000 0.0218
019600 0.6736 0.3046 0.0000 0.0218
019620 0.6736 0.3046 0.0000 0.0218
019640 0.6736 0.3046 0.0000 0.0218
019660 0.6736 0.3046 0.0000 0.0218
019680 0.6736 0.3046 0.0000 0.0218
019700 0.6736 0.3046 0.0000 0.0218
019720 0.6736 0.3046 0.0000 0.0218
019740 0.6736 0.3046 0.0000 0.0218
019760 0.6736 0.3046 0.0000 0.0218
019780 0.6736 0.3046 0.0000 0.0218
019800 0.6736 0.3046 0.0000 0.0218
019820 0.6736 0.3046 0.0000 0.0218
019840 0.6736 0.3046 0.0000 0.0218
019860 0.6736 0.3046 0.0000 0.0218
019880 0.6736 0.3046 0.0000 0.0218
019900 0.6736 0.3046 0.0000 0.0218
019920 0.6736 0.3046 0.0000 0.0218
019940 0.6736 0.3046 0.0000 0.0218
019960 0.6736 0.3046 0.0000 0.0218
019980 0.6736 0.3046 0.0000 0.0218
020000 0.6736 0.3046 0.0000 0.0218
