000000 0.2500 0.2500 0.2500 0.2500
000020 0.2607 0.2582 0.2296 0.2514
000040 0.2733 0.2671 0.2075 0.2521
000060 0.2852 0.2761 0.1866 0.2521
000080 0.2961 0.2863 0.1663 0.2513
000100 0.3071 0.2967 0.1467 0.2495
000120 0.3162 0.3081 0.1287 0.2470
000140 0.3248 0.3197 0.1118 0.2437
000160 0.3335 0.3309 0.0962 0.2393
000180 0.3416 0.3422 0.0820 0.2341
000200 0.3486 0.3544 0.0686 0.2283
000220 0.3546 0.3671 0.0565 0.2218
000240 0.3584 0.3816 0.0456 0.2144
000260 0.3610 0.3974 0.0359 0.2058
000280 0.3617 0.4137 0.0273 0.1973
000300 0.3612 0.4311 0.0199 0.1878
000320 0.3607 0.4478 0.0136 0.1780
000340 0.3583 0.4671 0.0084 0.1663
000360 0.3541 0.4861 0.0042 0.1556
000380 0.3471 0.5079 0.0017 0.1433
000400 0.3389 0.5321 0.0003 0.1287
000420 0.3318 0.5548 0.0000 0.1134
000440 0.3292 0.5752 0.0000 0.0956
000460 0.3278 0.5938 0.0000 0.0784
000480 0.3253 0.6071 0.0000 0.0677
000500 0.3232 0.6188 0.0000 0.0580
000520 0.3189 0.6308 0.0000 0.0502
000540 0.3136 0.6415 0.0000 0.0449
000560 0.3115 0.6497 0.0000 0.0388
000580 0.3136 0.6526 0.0000 0.0339
000600 0.3201 0.6504 0.0000 0.0295
000620 0.3323 0.6415 0.0000 0.0262
000640 0.3425 0.6306 0.0000 0.0269
000660 0.3460 0.6246 0.0000 0.0294
000680 0.3462 0.6232 0.0000 0.0306
000700 0.3447 0.6237 0.0000 0.0316
000720 0.3511 0.6159 0.0000 0.0329
000740 0.3573 0.6084 0.0000 0.0343
000760 0.3622 0.6021 0.0000 0.0357
000780 0.3659 0.5987 0.0000 0.0354
000800 0.3749 0.5910 0.0000 0.0341
000820 0.3877 0.5784 0.0000 0.0339
000840 0.4001 0.5643 0.0000 0.0356
000860 0.4079 0.5554 0.0000 0.0367
000880 0.4113 0.5509 0.0000 0.0378
000900 0.4170 0.5438 0.0000 0.0392
000920 0.4246 0.5356 0.0000 0.0399
000940 0.4289 0.5308 0.0000 0.0403
000960 0.4335 0.5248 0.0000 0.0417
000980 0.4449 0.5160 0.0000 0.0391
001000 0.4577 0.5000 0.0000 0.0423
001020 0.4683 0.4889 0.0000 0.0428
001040 0.4750 0.4813 0.0000 0.0437
001060 0.4887 0.4687 0.0000 0.0426
001080 0.5023 0.4538 0.0000 0.0439
001100 0.5127 0.4433 0.0000 0.0440
001120 0.5163 0.4361 0.0000 0.0475
001140 0.5201 0.4321 0.0000 0.0478
001160 0.5258 0.4242 0.0000 0.0500
001180 0.5317 0.4189 0.0000 0.0494
001200 0.5444 0.4059 0.0000 0.0497
001220 0.5616 0.3903 0.0000 0.0481
001240 0.5758 0.3755 0.0000 0.0487
001260 0.5792 0.3681 0.0000 0.0527
001280 0.5837 0.3623 0.0000 0.0541
001300 0.5801 0.3636 0.0000 0.0563
001320 0.5770 0.3676 0.0000 0.0554
001340 0.5767 0.3667 0.0000 0.0566
001360 0.5823 0.3631 0.0000 0.0546
001380 0.5919 0.3536 0.0000 0.0545
001400 0.5969 0.3471 0.0000 0.0560
001420 0.5956 0.3471 0.0000 0.0573
001440 0.5965 0.3482 0.0000 0.0552
001460 0.5977 0.3436 0.0000 0.0588
001480 0.5962 0.3451 0.0000 0.0587
001500 0.5939 0.3472 0.0000 0.0589
001520 0.5927 0.3498 0.0000 0.0574
001540 0.5944 0.3475 0.0000 0.0581
001560 0.5991 0.3425 0.0000 0.0584
001580 0.5970 0.3432 0.0000 0.0597
001600 0.5931 0.3471 0.0000 0.0597
001620 0.5870 0.3521 0.0000 0.0609
001640 0.5902 0.3514 0.0000 0.0584
001660 0.5962 0.3471 0.0000 0.0567
001680 0.6085 0.3359 0.0000 0.0557
001700 0.6171 0.3277 0.0000 0.0552
001720 0.6236 0.3212 0.0000 0.0552
001740 0.6194 0.3216 0.0000 0.0590
001760 0.6089 0.3303 0.0000 0.0608
001780 0.5979 0.3408 0.0000 0.0613
001800 0.5926 0.3471 0.0000 0.0602
001820 0.5944 0.3476 0.0000 0.0580
001840 0.5975 0.3435 0.0000 0.0590
001860 0.6041 0.3401 0.0000 0.0558
001880 0.6093 0.3338 0.0000 0.0570
001900 0.6115 0.3313 0.0000 0.0572
001920 0.6073 0.3352 0.0000 0.0575
001940 0.6078 0.3344 0.0000 0.0577
001960 0.5996 0.3382 0.0000 0.0622
001980 0.5882 0.3494 0.0000 0.0624
002000 0.5876 0.3541 0.0000 0.0583
002020 0.5982 0.3460 0.0000 0.0558
002040 0.6112 0.3358 0.0000 0.0530
002060 0.6202 0.3261 0.0000 0.0537
002080 0.6210 0.3217 0.0000 0.0573
002100 0.6114 0.3270 0.0000 0.0616
002120 0.5933 0.3430 0.0000 0.0636
002140 0.5812 0.3574 0.0000 0.0614
002160 0.5832 0.3589 0.0000 0.0579
002180 0.5869 0.3532 0.0000 0.0599
002200 0.5885 0.3524 0.0000 0.0591
002220 0.5948 0.3483 0.0000 0.0569
002240 0.6032 0.3393 0.0000 0.0575
002260 0.5995 0.3397 0.0000 0.0608
002280 0.5918 0.3463 0.0000 0.0619
002300 0.5892 0.3509 0.0000 0.0599
002320 0.5949 0.3483 0.0000 0.0568
002340 0.6003 0.3437 0.0000 0.0560
002360 0.6055 0.3372 0.0000 0.0573
002380 0.6072 0.3336 0.0000 0.0592
002400 0.6028 0.3365 0.0000 0.0607
002420 0.5991 0.3400 0.0000 0.0609
002440 0.5984 0.3430 0.0000 0.0587
002460 0.6048 0.3398 0.0000 0.0554
002480 0.6157 0.3328 0.0000 0.0516
002500 0.6244 0.3212 0.0000 0.0544
002520 0.6186 0.3216 0.0000 0.0598
002540 0.6095 0.3286 0.0000 0.0618
002560 0.5959 0.3398 0.0000 0.0644
002580 0.5827 0.3554 0.0000 0.0619
002600 0.5816 0.3610 0.0000 0.0574
002620 0.5991 0.3494 0.0000 0.0515
002640 0.6213 0.3270 0.0000 0.0517
002660 0.6304 0.3150 0.0000 0.0546
002680 0.6271 0.3150 0.0000 0.0579
002700 0.6126 0.3239 0.0000 0.0636
002720 0.5975 0.3401 0.0000 0.0624
002740 0.5921 0.3488 0.0000 0.0591
002760 0.5946 0.3479 0.0000 0.0575
002780 0.5996 0.3460 0.0000 0.0544
002800 0.6124 0.3334 0.0000 0.0542
002820 0.6236 0.3219 0.0000 0.0545
002840 0.6223 0.3195 0.0000 0.0582
002860 0.6097 0.3296 0.0000 0.0607
002880 0.5918 0.3453 0.0000 0.0629
002900 0.5801 0.3577 0.0000 0.0623
002920 0.5834 0.3582 0.0000 0.0584
002940 0.5950 0.3485 0.0000 0.0565
002960 0.6108 0.3357 0.0000 0.0535
002980 0.6201 0.3255 0.0000 0.0544
003000 0.6183 0.3231 0.0000 0.0586
003020 0.6086 0.3301 0.0000 0.0613
003040 0.5963 0.3415 0.0000 0.0623
003060 0.5880 0.3534 0.0000 0.0585
003080 0.5967 0.3474 0.0000 0.0559
003100 0.6098 0.3332 0.0000 0.0570
003120 0.6157 0.3266 0.0000 0.0577
003140 0.6109 0.3299 0.0000 0.0592
003160 0.6032 0.3381 0.0000 0.0587
003180 0.5975 0.3441 0.0000 0.0584
003200 0.5982 0.3435 0.0000 0.0583
003220 0.6013 0.3396 0.0000 0.0590
003240 0.6030 0.3393 0.0000 0.0577
003260 0.6021 0.3400 0.0000 0.0579
003280 0.6022 0.3392 0.0000 0.0587
003300 0.6049 0.3358 0.0000 0.0593
003320 0.6031 0.3377 0.0000 0.0592
003340 0.6010 0.3403 0.0000 0.0587
003360 0.6006 0.3409 0.0000 0.0585
003380 0.6023 0.3386 0.0000 0.0592
003400 0.5988 0.3420 0.0000 0.0591
003420 0.5932 0.3464 0.0000 0.0604
003440 0.5949 0.3459 0.0000 0.0593
003460 0.6008 0.3428 0.0000 0.0563
003480 0.6089 0.3367 0.0000 0.0544
003500 0.6141 0.3298 0.0000 0.0562
003520 0.6139 0.3274 0.0000 0.0587
003540 0.6041 0.3344 0.0000 0.0615
003560 0.5928 0.3458 0.0000 0.0614
003580 0.5920 0.3488 0.0000 0.0592
003600 0.6010 0.3419 0.0000 0.0571
003620 0.6002 0.3405 0.0000 0.0594
003640 0.6015 0.3413 0.0000 0.0573
003660 0.5980 0.3431 0.0000 0.0589
003680 0.6004 0.3417 0.0000 0.0580
003700 0.6021 0.3387 0.0000 0.0592
003720 0.6031 0.3372 0.0000 0.0597
003740 0.6026 0.3393 0.0000 0.0581
003760 0.6002 0.3410 0.0000 0.0588
003780 0.5996 0.3401 0.0000 0.0603
003800 0.5950 0.3450 0.0000 0.0600
003820 0.5909 0.3485 0.0000 0.0607
003840 0.5889 0.3521 0.0000 0.0590
003860 0.6020 0.3429 0.0000 0.0551
003880 0.6112 0.3319 0.0000 0.0568
003900 0.6182 0.3244 0.0000 0.0574
003920 0.6156 0.3267 0.0000 0.0577
003940 0.6099 0.3309 0.0000 0.0592
003960 0.5963 0.3410 0.0000 0.0628
003980 0.5896 0.3497 0.0000 0.0607
004000 0.5928 0.3501 0.0000 0.0571
004020 0.6030 0.3423 0.0000 0.0547
004040 0.6141 0.3309 0.0000 0.0549
004060 0.6161 0.3263 0.0000 0.0576
004080 0.6090 0.3313 0.0000 0.0597
004100 0.6010 0.3381 0.0000 0.0610
004120 0.5899 0.3477 0.0000 0.0623
004140 0.5853 0.3549 0.0000 0.0598
004160 0.5910 0.3527 0.0000 0.0563
004180 0.6063 0.3390 0.0000 0.0547
004200 0.6164 0.3276 0.0000 0.0559
004220 0.6140 0.3259 0.0000 0.0601
004240 0.6055 0.3335 0.0000 0.0611
004260 0.5981 0.3424 0.0000 0.0595
004280 0.6002 0.3437 0.0000 0.0562
004300 0.6050 0.3377 0.0000 0.0573
004320 0.6054 0.3356 0.0000 0.0590
004340 0.6061 0.3360 0.0000 0.0579
004360 0.6064 0.3363 0.0000 0.0573
004380 0.6074 0.3343 0.0000 0.0583
004400 0.6036 0.3379 0.0000 0.0585
004420 0.6042 0.3383 0.0000 0.0574
004440 0.6055 0.3362 0.0000 0.0583
004460 0.6043 0.3372 0.0000 0.0585
004480 0.6037 0.3389 0.0000 0.0575
004500 0.6037 0.3369 0.0000 0.0594
004520 0.6045 0.3376 0.0000 0.0579
004540 0.6028 0.3368 0.0000 0.0603
004560 0.6019 0.3381 0.0000 0.0600
004580 0.6003 0.3396 0.0000 0.0601
004600 0.5996 0.3418 0.0000 0.0586
004620 0.5933 0.3470 0.0000 0.0597
004640 0.5976 0.3470 0.0000 0.0555
004660 0.6073 0.3358 0.0000 0.0569
004680 0.6153 0.3287 0.0000 0.0560
004700 0.6155 0.3285 0.0000 0.0560
004720 0.6160 0.3284 0.0000 0.0556
004740 0.6102 0.3309 0.0000 0.0589
004760 0.6027 0.3378 0.0000 0.0595
004780 0.6002 0.3418 0.0000 0.0580
004800 0.6122 0.3340 0.0000 0.0538
004820 0.6169 0.3258 0.0000 0.0573
004840 0.6102 0.3293 0.0000 0.0605
004860 0.6029 0.3382 0.0000 0.0590
004880 0.5981 0.3416 0.0000 0.0603
004900 0.5927 0.3483 0.0000 0.0590
004920 0.5928 0.3491 0.0000 0.0581
004940 0.5980 0.3433 0.0000 0.0587
004960 0.6045 0.3390 0.0000 0.0565
004980 0.6050 0.3338 0.0000 0.0613
005000 0.5970 0.3422 0.0000 0.0609
005020 0.5904 0.3488 0.0000 0.0608
005040 0.5913 0.3523 0.0000 0.0564
005060 0.6033 0.3405 0.0000 0.0563
005080 0.6088 0.3313 0.0000 0.0599
005100 0.6069 0.3334 0.0000 0.0598
005120 0.6083 0.3342 0.0000 0.0574
005140 0.6046 0.3347 0.0000 0.0607
005160 0.5983 0.3408 0.0000 0.0608
005180 0.5987 0.3422 0.0000 0.0591
005200 0.6081 0.3367 0.0000 0.0552
005220 0.6066 0.3352 0.0000 0.0582
005240 0.6011 0.3392 0.0000 0.0597
005260 0.5990 0.3416 0.0000 0.0594
005280 0.5979 0.3436 0.0000 0.0585
005300 0.6035 0.3395 0.0000 0.0570
005320 0.6110 0.3330 0.0000 0.0560
005340 0.6161 0.3271 0.0000 0.0568
005360 0.6132 0.3288 0.0000 0.0580
005380 0.6022 0.3372 0.0000 0.0606
005400 0.5917 0.3474 0.0000 0.0609
005420 0.5939 0.3486 0.0000 0.0575
005440 0.6013 0.3429 0.0000 0.0557
005460 0.6162 0.3292 0.0000 0.0546
005480 0.6170 0.3255 0.0000 0.0574
005500 0.6098 0.3298 0.0000 0.0604
005520 0.6003 0.3397 0.0000 0.0600
005540 0.6009 0.3412 0.0000 0.0579
005560 0.6035 0.3390 0.0000 0.0575
005580 0.6069 0.3341 0.0000 0.0590
005600 0.6026 0.3365 0.0000 0.0610
005620 0.5952 0.3441 0.0000 0.0607
005640 0.5906 0.3521 0.0000 0.0574
005660 0.6003 0.3454 0.0000 0.0543
005680 0.6136 0.3316 0.0000 0.0548
005700 0.6240 0.3197 0.0000 0.0562
005720 0.6219 0.3208 0.0000 0.0574
005740 0.6107 0.3293 0.0000 0.0600
005760 0.6024 0.3403 0.0000 0.0573
005780 0.6043 0.3393 0.0000 0.0565
005800 0.6085 0.3329 0.0000 0.0586
005820 0.6067 0.3333 0.0000 0.0600
005840 0.6007 0.3396 0.0000 0.0596
005860 0.5967 0.3434 0.0000 0.0599
005880 0.5919 0.3480 0.0000 0.0602
005900 0.5912 0.3502 0.0000 0.0586
005920 0.5970 0.3467 0.0000 0.0563
005940 0.6051 0.3395 0.0000 0.0554
005960 0.6144 0.3311 0.0000 0.0545
005980 0.6221 0.3236 0.0000 0.0543
006000 0.6197 0.3218 0.0000 0.0585
006020 0.6082 0.3304 0.0000 0.0614
006040 0.5954 0.3425 0.0000 0.0621
006060 0.5883 0.3507 0.0000 0.0610
006080 0.5882 0.3531 0.0000 0.0587
006100 0.5916 0.3504 0.0000 0.0580
006120 0.5987 0.3445 0.0000 0.0568
006140 0.6087 0.3366 0.0000 0.0547
006160 0.6112 0.3309 0.0000 0.0579
006180 0.6078 0.3315 0.0000 0.0606
006200 0.6021 0.3367 0.0000 0.0612
006220 0.5940 0.3440 0.0000 0.0620
006240 0.5881 0.3524 0.0000 0.0595
006260 0.5956 0.3489 0.0000 0.0555
006280 0.6057 0.3395 0.0000 0.0548
006300 0.6125 0.3309 0.0000 0.0566
006320 0.6163 0.3273 0.0000 0.0564
006340 0.6102 0.3288 0.0000 0.0610
006360 0.6030 0.3380 0.0000 0.0590
006380 0.6014 0.3398 0.0000 0.0588
006400 0.5974 0.3426 0.0000 0.0600
006420 0.5933 0.3456 0.0000 0.0611
006440 0.5973 0.3452 0.0000 0.0575
006460 0.6018 0.3399 0.0000 0.0583
006480 0.6051 0.3385 0.0000 0.0563
006500 0.6052 0.3372 0.0000 0.0576
006520 0.6022 0.3385 0.0000 0.0593
006540 0.5974 0.3419 0.0000 0.0607
006560 0.5943 0.3486 0.0000 0.0571
006580 0.5984 0.3442 0.0000 0.0573
006600 0.6089 0.3349 0.0000 0.0562
006620 0.6127 0.3292 0.0000 0.0581
006640 0.6027 0.3361 0.0000 0.0612
006660 0.5961 0.3451 0.0000 0.0588
006680 0.5903 0.3480 0.0000 0.0617
006700 0.5899 0.3511 0.0000 0.0590
006720 0.5943 0.3463 0.0000 0.0594
006740 0.5952 0.3457 0.0000 0.0590
006760 0.5942 0.3462 0.0000 0.0595
006780 0.5910 0.3475 0.0000 0.0615
006800 0.5893 0.3516 0.0000 0.0591
006820 0.5897 0.3523 0.0000 0.0581
006840 0.5952 0.3475 0.0000 0.0573
006860 0.6030 0.3401 0.0000 0.0569
006880 0.6065 0.3360 0.0000 0.0575
006900 0.6050 0.3346 0.0000 0.0604
006920 0.5971 0.3444 0.0000 0.0585
006940 0.5985 0.3444 0.0000 0.0572
006960 0.6055 0.3376 0.0000 0.0569
006980 0.6114 0.3307 0.0000 0.0579
007000 0.6086 0.3322 0.0000 0.0592
007020 0.6080 0.3331 0.0000 0.0589
007040 0.6058 0.3342 0.0000 0.0600
007060 0.5967 0.3422 0.0000 0.0611
007080 0.5928 0.3467 0.0000 0.0605
007100 0.5892 0.3503 0.0000 0.0604
007120 0.5948 0.3488 0.0000 0.0564
007140 0.6026 0.3407 0.0000 0.0567
007160 0.6103 0.3327 0.0000 0.0569
007180 0.6115 0.3299 0.0000 0.0586
007200 0.6000 0.3388 0.0000 0.0612
007220 0.5925 0.3471 0.0000 0.0603
007240 0.5936 0.3471 0.0000 0.0593
007260 0.5940 0.3458 0.0000 0.0602
007280 0.5938 0.3486 0.0000 0.0576
007300 0.5966 0.3458 0.0000 0.0576
007320 0.6050 0.3397 0.0000 0.0553
007340 0.6167 0.3285 0.0000 0.0547
007360 0.6153 0.3245 0.0000 0.0602
007380 0.6079 0.3306 0.0000 0.0614
007400 0.5987 0.3413 0.0000 0.0600
007420 0.5910 0.3495 0.0000 0.0595
007440 0.5922 0.3511 0.0000 0.0567
007460 0.6005 0.3436 0.0000 0.0559
007480 0.6126 0.3327 0.0000 0.0547
007500 0.6190 0.3248 0.0000 0.0562
007520 0.6171 0.3251 0.0000 0.0579
007540 0.6078 0.3305 0.0000 0.0617
007560 0.5938 0.3433 0.0000 0.0630
007580 0.5891 0.3503 0.0000 0.0605
007600 0.5911 0.3506 0.0000 0.0583
007620 0.5962 0.3479 0.0000 0.0560
007640 0.6060 0.3390 0.0000 0.0550
007660 0.6161 0.3280 0.0000 0.0559
007680 0.6165 0.3246 0.0000 0.0589
007700 0.6085 0.3315 0.0000 0.0600
007720 0.6027 0.3400 0.0000 0.0573
007740 0.6034 0.3394 0.0000 0.0572
007760 0.6034 0.3376 0.0000 0.0590
007780 0.6007 0.3400 0.0000 0.0593
007800 0.5957 0.3436 0.0000 0.0607
007820 0.5922 0.3488 0.0000 0.0590
007840 0.5980 0.3442 0.0000 0.0577
007860 0.6012 0.3391 0.0000 0.0598
007880 0.6058 0.3368 0.0000 0.0573
007900 0.6073 0.3345 0.0000 0.0582
007920 0.6016 0.3378 0.0000 0.0606
007940 0.6027 0.3388 0.0000 0.0586
007960 0.6063 0.3365 0.0000 0.0571
007980 0.6076 0.3341 0.0000 0.0583
008000 0.6073 0.3345 0.0000 0.0582
008020 0.6039 0.3356 0.0000 0.0606
008040 0.5959 0.3411 0.0000 0.0630
008060 0.5889 0.3499 0.0000 0.0613
008080 0.5891 0.3538 0.0000 0.0572
008100 0.5993 0.3436 0.0000 0.0571
008120 0.6047 0.3378 0.0000 0.0575
008140 0.6019 0.3377 0.0000 0.0604
008160 0.5956 0.3435 0.0000 0.0609
008180 0.5927 0.3473 0.0000 0.0600
008200 0.5995 0.3443 0.0000 0.0563
008220 0.6047 0.3365 0.0000 0.0588
008240 0.6063 0.3344 0.0000 0.0593
008260 0.6061 0.3363 0.0000 0.0576
008280 0.6034 0.3367 0.0000 0.0599
008300 0.6060 0.3369 0.0000 0.0572
008320 0.6062 0.3353 0.0000 0.0585
008340 0.6017 0.3378 0.0000 0.0605
008360 0.5955 0.3443 0.0000 0.0603
008380 0.5907 0.3496 0.0000 0.0597
008400 0.5879 0.3519 0.0000 0.0601
008420 0.5955 0.3475 0.0000 0.0570
008440 0.6017 0.3426 0.0000 0.0557
008460 0.6082 0.3372 0.0000 0.0545
008480 0.6109 0.3314 0.0000 0.0577
008500 0.6025 0.3350 0.0000 0.0625
008520 0.5924 0.3459 0.0000 0.0617
008540 0.5932 0.3501 0.0000 0.0568
008560 0.6043 0.3417 0.0000 0.0540
008580 0.6115 0.3315 0.0000 0.0571
008600 0.6106 0.3303 0.0000 0.0590
008620 0.6068 0.3340 0.0000 0.0592
008640 0.6029 0.3377 0.0000 0.0594
008660 0.6011 0.3399 0.0000 0.0590
008680 0.5978 0.3414 0.0000 0.0608
008700 0.5972 0.3427 0.0000 0.0601
008720 0.5983 0.3454 0.0000 0.0563
008740 0.6065 0.3379 0.0000 0.0556
008760 0.6126 0.3320 0.0000 0.0555
008780 0.6157 0.3269 0.0000 0.0574
008800 0.6142 0.3270 0.0000 0.0587
008820 0.6123 0.3296 0.0000 0.0581
008840 0.6077 0.3347 0.0000 0.0576
008860 0.6064 0.3345 0.0000 0.0591
008880 0.6044 0.3362 0.0000 0.0594
008900 0.6028 0.3399 0.0000 0.0573
008920 0.6025 0.3385 0.0000 0.0590
008940 0.5958 0.3428 0.0000 0.0614
008960 0.5961 0.3455 0.0000 0.0584
008980 0.5992 0.3437 0.0000 0.0571
009000 0.5970 0.3444 0.0000 0.0586
009020 0.5934 0.3482 0.0000 0.0585
009040 0.6001 0.3455 0.0000 0.0544
009060 0.6174 0.3299 0.0000 0.0527
009080 0.6251 0.3165 0.0000 0.0584
009100 0.6191 0.3193 0.0000 0.0616
009120 0.6030 0.3365 0.0000 0.0605
009140 0.5935 0.3488 0.0000 0.0577
009160 0.5959 0.3439 0.0000 0.0602
009180 0.5948 0.3432 0.0000 0.0620
009200 0.5996 0.3435 0.0000 0.0569
009220 0.6104 0.3342 0.0000 0.0554
009240 0.6173 0.3291 0.0000 0.0535
009260 0.6167 0.3267 0.0000 0.0566
009280 0.6113 0.3288 0.0000 0.0599
009300 0.6047 0.3369 0.0000 0.0584
009320 0.5973 0.3434 0.0000 0.0593
009340 0.5962 0.3441 0.0000 0.0598
009360 0.6013 0.3409 0.0000 0.0578
009380 0.6083 0.3353 0.0000 0.0564
009400 0.6103 0.3312 0.0000 0.0585
009420 0.6019 0.3373 0.0000 0.0608
009440 0.5932 0.3471 0.0000 0.0597
009460 0.5947 0.3494 0.0000 0.0559
009480 0.6032 0.3417 0.0000 0.0551
009500 0.6103 0.3341 0.0000 0.0556
009520 0.6157 0.3276 0.0000 0.0566
009540 0.6135 0.3271 0.0000 0.0595
009560 0.6054 0.3347 0.0000 0.0599
009580 0.5948 0.3420 0.0000 0.0632
009600 0.5907 0.3480 0.0000 0.0613
009620 0.5914 0.3492 0.0000 0.0595
009640 0.5945 0.3497 0.0000 0.0559
009660 0.6052 0.3391 0.0000 0.0557
009680 0.6107 0.3321 0.0000 0.0572
009700 0.6067 0.3335 0.0000 0.0598
009720 0.6011 0.3414 0.0000 0.0576
009740 0.5977 0.3413 0.0000 0.0610
009760 0.5939 0.3449 0.0000 0.0611
009780 0.5899 0.3507 0.0000 0.0594
009800 0.5969 0.3482 0.0000 0.0549
009820 0.6060 0.3363 0.0000 0.0578
009840 0.6052 0.3330 0.0000 0.0618
009860 0.5980 0.3406 0.0000 0.0613
009880 0.5925 0.3486 0.0000 0.0589
009900 0.5926 0.3464 0.0000 0.0610
009920 0.5948 0.3469 0.0000 0.0582
009940 0.5942 0.3455 0.0000 0.0603
009960 0.5963 0.3440 0.0000 0.0597
009980 0.5983 0.3447 0.0000 0.0570
010000 0.6039 0.3392 0.0000 0.0569
010020 0.6063 0.3363 0.0000 0.0575
010040 0.6063 0.3363 0.0000 0.0575
010060 0.6063 0.3363 0.0000 0.0575
010080 0.6063 0.3363 0.0000 0.0575
010100 0.6063 0.3363 0.0000 0.0575
010120 0.6063 0.3363 0.0000 0.0575
010140 0.6063 0.3363 0.0000 0.0575
010160 0.6063 0.3363 0.0000 0.0575
010180 0.6063 0.3363 0.0000 0.0575
010200 0.6063 0.3363 0.0000 0.0575
010220 0.6063 0.3363 0.0000 0.0575
010240 0.6063 0.3363 0.0000 0.0575
010260 0.6063 0.3363 0.0000 0.0575
010280 0.6063 0.3363 0.0000 0.0575
010300 0.6063 0.3363 0.0000 0.0575
010320 0.6063 0.3363 0.0000 0.0575
010340 0.6063 0.3363 0.0000 0.0575
010360 0.6063 0.3363 0.0000 0.0575
010380 0.6063 0.3363 0.0000 0.0575
010400 0.6063 0.3363 0.0000 0.0575
010420 0.6063 0.3363 0.0000 0.0575
010440 0.6063 0.3363 0.0000 0.0575
010460 0.6063 0.3363 0.0000 0.0575
010480 0.6063 0.3363 0.0000 0.0575
010500 0.6063 0.3363 0.0000 0.0575
010520 0.6063 0.3363 0.0000 0.0575
010540 0.6063 0.3363 0.0000 0.0575
010560 0.6063 0.3363 0.0000 0.0575
010580 0.6063 0.3363 0.0000 0.0575
010600 0.6063 0.3363 0.0000 0.0575
010620 0.6063 0.3363 0.0000 0.0575
010640 0.6063 0.3363 0.0000 0.0575
010660 0.6063 0.3363 0.0000 0.0575
010680 0.6063 0.3363 0.0000 0.0575
010700 0.6063 0.3363 0.0000 0.0575
010720 0.6063 0.3363 0.0000 0.0575
010740 0.6063 0.3363 0.0000 0.0575
010760 0.6063 0.3363 0.0000 0.0575
010780 0.6063 0.3363 0.0000 0.0575
010800 0.6063 0.3363 0.0000 0.0575
010820 0.6063 0.3363 0.0000 0.0575
010840 0.6063 0.3363 0.0000 0.0575
010860 0.6063 0.3363 0.0000 0.0575
010880 0.6063 0.3363 0.0000 0.0575
010900 0.6063 0.3363 0.0000 0.0575
010920 0.6063 0.3363 0.0000 0.0575
010940 0.6063 0.3363 0.0000 0.0575
010960 0.6063 0.3363 0.0000 0.0575
010980 0.6063 0.3363 0.0000 0.0575
011000 0.6063 0.3363 0.0000 0.0575
011020 0.6063 0.3363 0.0000 0.0575
011040 0.6063 0.3363 0.0000 0.0575
011060 0.6063 0.3363 0.0000 0.0575
011080 0.6063 0.3363 0.0000 0.0575
011100 0.6063 0.3363 0.0000 0.0575
011120 0.6063 0.3363 0.0000 0.0575
011140 0.6063 0.3363 0.0000 0.0575
011160 0.6063 0.3363 0.0000 0.0575
011180 0.6063 0.3363 0.0000 0.0575
011200 0.6063 0.3363 0.0000 0.0575
011220 0.6063 0.3363 0.0000 0.0575
011240 0.6063 0.3363 0.0000 0.0575
011260 0.6063 0.3363 0.0000 0.0575
011280 0.6063 0.3363 0.0000 0.0575
011300 0.6063 0.3363 0.0000 0.0575
011320 0.6063 0.3363 0.0000 0.0575
011340 0.6063 0.3363 0.0000 0.0575
011360 0.6063 0.3363 0.0000 0.0575
011380 0.6063 0.3363 0.0000 0.0575
011400 0.6063 0.3363 0.0000 0.0575
011420 0.6063 0.3363 0.0000 0.0575
011440 0.6063 0.3363 0.0000 0.0575
011460 0.6063 0.3363 0.0000 0.0575
011480 0.6063 0.3363 0.0000 0.0575
011500 0.6063 0.3363 0.0000 0.0575
011520 0.6063 0.3363 0.0000 0.0575
011540 0.6063 0.3363 0.0000 0.0575
011560 0.6063 0.3363 0.0000 0.0575
011580 0.6063 0.3363 0.0000 0.0575
011600 0.6063 0.3363 0.0000 0.0575
011620 0.6063 0.3363 0.0000 0.0575
011640 0.6063 0.3363 0.0000 0.0575
011660 0.6063 0.3363 0.0000 0.0575
011680 0.6063 0.3363 0.0000 0.0575
011700 0.6063 0.3363 0.0000 0.0575
011720 0.6063 0.3363 0.0000 0.0575
011740 0.6063 0.3363 0.0000 0.0575
011760 0.6063 0.3363 0.0000 0.0575
011780 0.6063 0.3363 0.0000 0.0575
011800 0.6063 0.3363 0.0000 0.0575
011820 0.6063 0.3363 0.0000 0.0575
011840 0.6063 0.3363 0.0000 0.0575
011860 0.6063 0.3363 0.0000 0.0575
011880 0.6063 0.3363 0.0000 0.0575
011900 0.6063 0.3363 0.0000 0.0575
011920 0.6063 0.3363 0.0000 0.0575
011940 0.6063 0.3363 0.0000 0.0575
011960 0.6063 0.3363 0.0000 0.0575
011980 0.6063 0.3363 0.0000 0.0575
012000 0.6063 0.3363 0.0000 0.0575
012020 0.6063 0.3363 0.0000 0.0575
012040 0.6063 0.3363 0.0000 0.0575
012060 0.6063 0.3363 0.0000 0.0575
012080 0.6063 0.3363 0.0000 0.0575
012100 0.6063 0.3363 0.0000 0.0575
012120 0.6063 0.3363 0.0000 0.0575
012140 0.6063 0.3363 0.0000 0.0575
012160 0.6063 0.3363 0.0000 0.0575
012180 0.6063 0.3363 0.0000 0.0575
012200 0.6063 0.3363 0.0000 0.0575
012220 0.6063 0.3363 0.0000 0.0575
012240 0.6063 0.3363 0.0000 0.0575
012260 0.6063 0.3363 0.0000 0.0575
012280 0.6063 0.3363 0.0000 0.0575
012300 0.6063 0.3363 0.0000 0.0575
012320 0.6063 0.3363 0.0000 0.0575
012340 0.6063 0.3363 0.0000 0.0575
012360 0.6063 0.3363 0.0000 0.0575
012380 0.6063 0.3363 0.0000 0.0575
012400 0.6063 0.3363 0.0000 0.0575
012420 0.6063 0.3363 0.0000 0.0575
012440 0.6063 0.3363 0.0000 0.0575
012460 0.6063 0.3363 0.0000 0.0575
012480 0.6063 0.3363 0.0000 0.0575
012500 0.6063 0.3363 0.0000 0.0575
012520 0.6063 0.3363 0.0000 0.0575
012540 0.6063 0.3363 0.0000 0.0575
012560 0.6063 0.3363 0.0000 0.0575
012580 0.6063 0.3363 0.0000 0.0575
012600 0.6063 0.3363 0.0000 0.0575
012620 0.6063 0.3363 0.0000 0.0575
012640 0.6063 0.3363 0.0000 0.0575
012660 0.6063 0.3363 0.0000 0.0575
012680 0.6063 0.3363 0.0000 0.0575
012700 0.6063 0.3363 0.0000 0.0575
012720 0.6063 0.3363 0.0000 0.0575
012740 0.6063 0.3363 0.0000 0.0575
012760 0.6063 0.3363 0.0000 0.0575
012780 0.6063 0.3363 0.0000 0.0575
012800 0.6063 0.3363 0.0000 0.0575
012820 0.6063 0.3363 0.0000 0.0575
012840 0.6063 0.3363 0.0000 0.0575
012860 0.6063 0.3363 0.0000 0.0575
012880 0.6063 0.3363 0.0000 0.0575
012900 0.6063 0.3363 0.0000 0.0575
012920 0.6063 0.3363 0.0000 0.0575
012940 0.6063 0.3363 0.0000 0.0575
012960 0.6063 0.3363 0.0000 0.0575
012980 0.6063 0.3363 0.0000 0.0575
013000 0.6063 0.3363 0.0000 0.0575
013020 0.6063 0.3363 0.0000 0.0575
013040 0.6063 0.3363 0.0000 0.0575
013060 0.6063 0.3363 0.0000 0.0575
013080 0.6063 0.3363 0.0000 0.0575
013100 0.6063 0.3363 0.0000 0.0575
013120 0.6063 0.3363 0.0000 0.0575
013140 0.6063 0.3363 0.0000 0.0575
013160 0.6063 0.3363 0.0000 0.0575
013180 0.6063 0.3363 0.0000 0.0575
013200 0.6063 0.3363 0.0000 0.0575
013220 0.6063 0.3363 0.0000 0.0575
013240 0.6063 0.3363 0.0000 0.0575
013260 0.6063 0.3363 0.0000 0.0575
013280 0.6063 0.3363 0.0000 0.0575
013300 0.6063 0.3363 0.0000 0.0575
013320 0.6063 0.3363 0.0000 0.0575
013340 0.6063 0.3363 0.0000 0.0575
013360 0.6063 0.3363 0.0000 0.0575
013380 0.6063 0.3363 0.0000 0.0575
013400 0.6063 0.3363 0.0000 0.0575
013420 0.6063 0.3363 0.0000 0.0575
013440 0.6063 0.3363 0.0000 0.0575
013460 0.6063 0.3363 0.0000 0.0575
013480 0.6063 0.3363 0.0000 0.0575
013500 0.6063 0.3363 0.0000 0.0575
013520 0.6063 0.3363 0.0000 0.0575
013540 0.6063 0.3363 0.0000 0.0575
013560 0.6063 0.3363 0.0000 0.0575
013580 0.6063 0.3363 0.0000 0.0575
013600 0.6063 0.3363 0.0000 0.0575
013620 0.6063 0.3363 0.0000 0.0575
013640 0.6063 0.3363 0.0000 0.0575
013660 0.6063 0.3363 0.0000 0.0575
013680 0.6063 0.3363 0.0000 0.0575
013700 0.6063 0.3363 0.0000 0.0575
013720 0.6063 0.3363 0.0000 0.0575
013740 0.6063 0.3363 0.0000 0.0575
013760 0.6063 0.3363 0.0000 0.0575
013780 0.6063 0.3363 0.0000 0.0575
013800 0.6063 0.3363 0.0000 0.0575
013820 0.6063 0.3363 0.0000 0.0575
013840 0.6063 0.3363 0.0000 0.0575
013860 0.6063 0.3363 0.0000 0.0575
013880 0.6063 0.3363 0.0000 0.0575
013900 0.6063 0.3363 0.0000 0.0575
013920 0.6063 0.3363 0.0000 0.0575
013940 0.6063 0.3363 0.0000 0.0575
013960 0.6063 0.3363 0.0000 0.0575
013980 0.6063 0.3363 0.0000 0.0575
014000 0.6063 0.3363 0.0000 0.0575
014020 0.6063 0.3363 0.0000 0.0575
014040 0.6063 0.3363 0.0000 0.0575
014060 0.6063 0.3363 0.0000 0.0575
014080 0.6063 0.3363 0.0000 0.0575
014100 0.6063 0.3363 0.0000 0.0575
014120 0.6063 0.3363 0.0000 0.0575
014140 0.6063 0.3363 0.0000 0.0575
014160 0.6063 0.3363 0.0000 0.0575
014180 0.6063 0.3363 0.0000 0.0575
014200 0.6063 0.3363 0.0000 0.0575
014220 0.6063 0.3363 0.0000 0.0575
014240 0.6063 0.3363 0.0000 0.0575
014260 0.6063 0.3363 0.0000 0.0575
014280 0.6063 0.3363 0.0000 0.0575
014300 0.6063 0.3363 0.0000 0.0575
014320 0.6063 0.3363 0.0000 0.0575
014340 0.6063 0.3363 0.0000 0.0575
014360 0.6063 0.3363 0.0000 0.0575
014380 0.6063 0.3363 0.0000 0.0575
014400 0.6063 0.3363 0.0000 0.0575
014420 0.6063 0.3363 0.0000 0.0575
014440 0.6063 0.3363 0.0000 0.0575
014460 0.6063 0.3363 0.0000 0.0575
014480 0.6063 0.3363 0.0000 0.0575
014500 0.6063 0.3363 0.0000 0.0575
014520 0.6063 0.3363 0.0000 0.0575
014540 0.6063 0.3363 0.0000 0.0575
014560 0.6063 0.3363 0.0000 0.0575
014580 0.6063 0.3363 0.0000 0.0575
014600 0.6063 0.3363 0.0000 0.0575
014620 0.6063 0.3363 0.0000 0.0575
014640 0.6063 0.3363 0.0000 0.0575
014660 0.6063 0.3363 0.0000 0.0575
014680 0.6063 0.3363 0.0000 0.0575
014700 0.6063 0.3363 0.0000 0.0575
014720 0.6063 0.3363 0.0000 0.0575
014740 0.6063 0.3363 0.0000 0.0575
014760 0.6063 0.3363 0.0000 0.0575
014780 0.6063 0.3363 0.0000 0.0575
014800 0.6063 0.3363 0.0000 0.0575
014820 0.6063 0.3363 0.0000 0.0575
014840 0.6063 0.3363 0.0000 0.0575
014860 0.6063 0.3363 0.0000 0.0575
014880 0.6063 0.3363 0.0000 0.0575
014900 0.6063 0.3363 0.0000 0.0575
014920 0.6063 0.3363 0.0000 0.0575
014940 0.6063 0.3363 0.0000 0.0575
014960 0.6063 0.3363 0.0000 0.0575
014980 0.6063 0.3363 0.0000 0.0575
015000 0.6063 0.3363 0.0000 0.0575
015020 0.6063 0.3363 0.0000 0.0575
015040 0.6063 0.3363 0.0000 0.0575
015060 0.6063 0.3363 0.0000 0.0575
015080 0.6063 0.3363 0.0000 0.0575
015100 0.6063 0.3363 0.0000 0.0575
015120 0.6063 0.3363 0.0000 0.0575
015140 0.6063 0.3363 0.0000 0.0575
015160 0.6063 0.3363 0.0000 0.0575
015180 0.6063 0.3363 0.0000 0.0575
015200 0.6063 0.3363 0.0000 0.0575
015220 0.6063 0.3363 0.0000 0.0575
015240 0.6063 0.3363 0.0000 0.0575
015260 0.6063 0.3363 0.0000 0.0575
015280 0.6063 0.3363 0.0000 0.0575
015300 0.6063 0.3363 0.0000 0.0575
015320 0.6063 0.3363 0.0000 0.0575
015340 0.6063 0.3363 0.0000 0.0575
015360 0.6063 0.3363 0.0000 0.0575
015380 0.6063 0.3363 0.0000 0.0575
015400 0.6063 0.3363 0.0000 0.0575
015420 0.6063 0.3363 0.0000 0.0575
015440 0.6063 0.3363 0.0000 0.0575
015460 0.6063 0.3363 0.0000 0.0575
015480 0.6063 0.3363 0.0000 0.0575
015500 0.6063 0.3363 0.0000 0.0575
015520 0.6063 0.3363 0.0000 0.0575
015540 0.6063 0.3363 0.0000 0.0575
015560 0.6063 0.3363 0.0000 0.0575
015580 0.6063 0.3363 0.0000 0.0575
015600 0.6063 0.3363 0.0000 0.0575
015620 0.6063 0.3363 0.0000 0.0575
015640 0.6063 0.3363 0.0000 0.0575
015660 0.6063 0.3363 0.0000 0.0575
015680 0.6063 0.3363 0.0000 0.0575
015700 0.6063 0.3363 0.0000 0.0575
015720 0.6063 0.3363 0.0000 0.0575
015740 0.6063 0.3363 0.0000 0.0575
015760 0.6063 0.3363 0.0000 0.0575
015780 0.6063 0.3363 0.0000 0.0575
015800 0.6063 0.3363 0.0000 0.0575
015820 0.6063 0.3363 0.0000 0.0575
015840 0.6063 0.3363 0.0000 0.0575
015860 0.6063 0.3363 0.0000 0.0575
015880 0.6063 0.3363 0.0000 0.0575
015900 0.6063 0.3363 0.0000 0.0575
015920 0.6063 0.3363 0.0000 0.0575
015940 0.6063 0.3363 0.0000 0.0575
015960 0.6063 0.3363 0.0000 0.0575
015980 0.6063 0.3363 0.0000 0.0575
016000 0.6063 0.3363 0.0000 0.0575
016020 0.6063 0.3363 0.0000 0.0575
016040 0.6063 0.3363 0.0000 0.0575
016060 0.6063 0.3363 0.0000 0.0575
016080 0.6063 0.3363 0.0000 0.0575
016100 0.6063 0.3363 0.0000 0.0575
016120 0.6063 0.3363 0.0000 0.0575
016140 0.6063 0.3363 0.0000 0.0575
016160 0.6063 0.3363 0.0000 0.0575
016180 0.6063 0.3363 0.0000 0.0575
016200 0.6063 0.3363 0.0000 0.0575
016220 0.6063 0.3363 0.0000 0.0575
016240 0.6063 0.3363 0.0000 0.0575
016260 0.6063 0.3363 0.0000 0.0575
016280 0.6063 0.3363 0.0000 0.0575
016300 0.6063 0.3363 0.0000 0.0575
016320 0.6063 0.3363 0.0000 0.0575
016340 0.6063 0.3363 0.0000 0.0575
016360 0.6063 0.3363 0.0000 0.0575
016380 0.6063 0.3363 0.0000 0.0575
016400 0.6063 0.3363 0.0000 0.0575
016420 0.6063 0.3363 0.0000 0.0575
016440 0.6063 0.3363 0.0000 0.0575
016460 0.6063 0.3363 0.0000 0.0575
016480 0.6063 0.3363 0.0000 0.0575
016500 0.6063 0.3363 0.0000 0.0575
016520 0.6063 0.3363 0.0000 0.0575
016540 0.6063 0.3363 0.0000 0.0575
016560 0.6063 0.3363 0.0000 0.0575
016580 0.6063 0.3363 0.0000 0.0575
016600 0.6063 0.3363 0.0000 0.0575
016620 0.6063 0.3363 0.0000 0.0575
016640 0.6063 0.3363 0.0000 0.0575
016660 0.6063 0.3363 0.0000 0.0575
016680 0.6063 0.3363 0.0000 0.0575
016700 0.6063 0.3363 0.0000 0.0575
016720 0.6063 0.3363 0.0000 0.0575
016740 0.6063 0.3363 0.0000 0.0575
016760 0.6063 0.3363 0.0000 0.0575
016780 0.6063 0.3363 0.0000 0.0575
016800 0.6063 0.3363 0.0000 0.0575
016820 0.6063 0.3363 0.0000 0.0575
016840 0.6063 0.3363 0.0000 0.0575
016860 0.6063 0.3363 0.0000 0.0575
016880 0.6063 0.3363 0.0000 0.0575
016900 0.6063 0.3363 0.0000 0.0575
016920 0.6063 0.3363 0.0000 0.0575
016940 0.6063 0.3363 0.0000 0.0575
016960 0.6063 0.3363 0.0000 0.0575
016980 0.6063 0.3363 0.0000 0.0575
017000 0.6063 0.3363 0.0000 0.0575
017020 0.6063 0.3363 0.0000 0.0575
017040 0.6063 0.3363 0.0000 0.0575
017060 0.6063 0.3363 0.0000 0.0575
017080 0.6063 0.3363 0.0000 0.0575
017100 0.6063 0.3363 0.0000 0.0575
017120 0.6063 0.3363 0.0000 0.0575
017140 0.6063 0.3363 0.0000 0.0575
017160 0.6063 0.3363 0.0000 0.0575
017180 0.6063 0.3363 0.0000 0.0575
017200 0.6063 0.3363 0.0000 0.0575
017220 0.6063 0.3363 0.0000 0.0575
017240 0.6063 0.3363 0.0000 0.0575
017260 0.6063 0.3363 0.0000 0.0575
017280 0.6063 0.3363 0.0000 0.0575
017300 0.6063 0.3363 0.0000 0.0575
017320 0.6063 0.3363 0.0000 0.0575
017340 0.6063 0.3363 0.0000 0.0575
017360 0.6063 0.3363 0.0000 0.0575
017380 0.6063 0.3363 0.0000 0.0575
017400 0.6063 0.3363 0.0000 0.0575
017420 0.6063 0.3363 0.0000 0.0575
017440 0.6063 0.3363 0.0000 0.0575
017460 0.6063 0.3363 0.0000 0.0575
017480 0.6063 0.3363 0.0000 0.0575
017500 0.6063 0.3363 0.0000 0.0575
017520 0.6063 0.3363 0.0000 0.0575
017540 0.6063 0.3363 0.0000 0.0575
017560 0.6063 0.3363 0.0000 0.0575
017580 0.6063 0.3363 0.0000 0.0575
017600 0.6063 0.3363 0.0000 0.0575
017620 0.6063 0.3363 0.0000 0.0575
017640 0.6063 0.3363 0.0000 0.0575
017660 0.6063 0.3363 0.0000 0.0575
017680 0.6063 0.3363 0.0000 0.0575
017700 0.6063 0.3363 0.0000 0.0575
017720 0.6063 0.3363 0.0000 0.0575
017740 0.6063 0.3363 0.0000 0.0575
017760 0.6063 0.3363 0.0000 0.0575
017780 0.6063 0.3363 0.0000 0.0575
017800 0.6063 0.3363 0.0000 0.0575
017820 0.6063 0.3363 0.0000 0.0575
017840 0.6063 0.3363 0.0000 0.0575
017860 0.6063 0.3363 0.0000 0.0575
017880 0.6063 0.3363 0.0000 0.0575
017900 0.6063 0.3363 0.0000 0.0575
017920 0.6063 0.3363 0.0000 0.0575
017940 0.6063 0.3363 0.0000 0.0575
017960 0.6063 0.3363 0.0000 0.0575
017980 0.6063 0.3363 0.0000 0.0575
018000 0.6063 0.3363 0.0000 0.0575
018020 0.6063 0.3363 0.0000 0.0575
018040 0.6063 0.3363 0.0000 0.0575
018060 0.6063 0.3363 0.0000 0.0575
018080 0.6063 0.3363 0.0000 0.0575
018100 0.6063 0.3363 0.0000 0.0575
018120 0.6063 0.3363 0.0000 0.0575
018140 0.6063 0.3363 0.0000 0.0575
018160 0.6063 0.3363 0.0000 0.0575
018180 0.6063 0.3363 0.0000 0.0575
018200 0.6063 0.3363 0.0000 0.0575
018220 0.6063 0.3363 0.0000 0.0575
018240 0.6063 0.3363 0.0000 0.0575
018260 0.6063 0.3363 0.0000 0.0575
018280 0.6063 0.3363 0.0000 0.0575
018300 0.6063 0.3363 0.0000 0.0575
018320 0.6063 0.3363 0.0000 0.0575
018340 0.6063 0.3363 0.0000 0.0575
018360 0.6063 0.3363 0.0000 0.0575
018380 0.6063 0.3363 0.0000 0.0575
018400 0.6063 0.3363 0.0000 0.0575
018420 0.6063 0.3363 0.0000 0.0575
018440 0.6063 0.3363 0.0000 0.0575
018460 0.6063 0.3363 0.0000 0.0575
018480 0.6063 0.3363 0.0000 0.0575
018500 0.6063 0.3363 0.0000 0.0575
018520 0.6063 0.3363 0.0000 0.0575
018540 0.6063 0.3363 0.0000 0.0575
018560 0.6063 0.3363 0.0000 0.0575
018580 0.6063 0.3363 0.0000 0.0575
018600 0.6063 0.3363 0.0000 0.0575
018620 0.6063 0.3363 0.0000 0.0575
018640 0.6063 0.3363 0.0000 0.0575
018660 0.6063 0.3363 0.0000 0.0575
018680 0.6063 0.3363 0.0000 0.0575
018700 0.6063 0.3363 0.0000 0.0575
018720 0.6063 0.3363 0.0000 0.0575
018740 0.6063 0.3363 0.0000 0.0575
018760 0.6063 0.3363 0.0000 0.0575
018780 0.6063 0.3363 0.0000 0.0575
018800 0.6063 0.3363 0.0000 0.0575
018820 0.6063 0.3363 0.0000 0.0575
018840 0.6063 0.3363 0.0000 0.0575
018860 0.6063 0.3363 0.0000 0.0575
018880 0.6063 0.3363 0.0000 0.0575
018900 0.6063 0.3363 0.0000 0.0575
018920 0.6063 0.3363 0.0000 0.0575
018940 0.6063 0.3363 0.0000 0.0575
018960 0.6063 0.3363 0.0000 0.0575
018980 0.6063 0.3363 0.0000 0.0575
019000 0.6063 0.3363 0.0000 0.0575
019020 0.6063 0.3363 0.0000 0.0575
019040 0.6063 0.3363 0.0000 0.0575
019060 0.6063 0.3363 0.0000 0.0575
019080 0.6063 0.3363 0.0000 0.0575
019100 0.6063 0.3363 0.0000 0.0575
019120 0.6063 0.3363 0.0000 0.0575
019140 0.6063 0.3363 0.0000 0.0575
019160 0.6063 0.3363 0.0000 0.0575
019180 0.6063 0.3363 0.0000 0.0575
019200 0.6063 0.3363 0.0000 0.0575
019220 0.6063 0.3363 0.0000 0.0575
019240 0.6063 0.3363 0.0000 0.0575
019260 0.6063 0.3363 0.0000 0.0575
019280 0.6063 0.3363 0.0000 0.0575
019300 0.6063 0.3363 0.0000 0.0575
019320 0.6063 0.3363 0.0000 0.0575
019340 0.6063 0.3363 0.0000 0.0575
019360 0.6063 0.3363 0.0000 0.0575
019380 0.6063 0.3363 0.0000 0.0575
019400 0.6063 0.3363 0.0000 0.0575
019420 0.6063 0.3363 0.0000 0.0575
019440 0.6063 0.3363 0.0000 0.0575
019460 0.6063 0.3363 0.0000 0.0575
019480 0.6063 0.3363 0.0000 0.0575
019500 0.6063 0.3363 0.0000 0.0575
019520 0.6063 0.3363 0.0000 0.0575
019540 0.6063 0.3363 0.0000 0.0575
019560 0.6063 0.3363 0.0000 0.0575
019580 0.6063 0.3363 0.0000 0.0575
019600 0.6063 0.3363 0.0000 0.0575
019620 0.6063 0.3363 0.0000 0.0575
019640 0.6063 0.3363 0.0000 0.0575
019660 0.6063 0.3363 0.0000 0.0575
019680 0.6063 0.3363 0.0000 0.0575
019700 0.6063 0.3363 0.0000 0.0575
019720 0.6063 0.3363 0.0000 0.0575
019740 0.6063 0.3363 0.0000 0.0575
019760 0.6063 0.3363 0.0000 0.0575
019780 0.6063 0.3363 0.0000 0.0575
019800 0.6063 0.3363 0.0000 0.0575
019820 0.6063 0.3363 0.0000 0.0575
019840 0.6063 0.3363 0.0000 0.0575
019860 0.6063 0.3363 0.0000 0.0575
019880 0.6063 0.3363 0.0000 0.0575
019900 0.6063 0.3363 0.0000 0.0575
019920 0.6063 0.3363 0.0000 0.0575
019940 0.6063 0.3363 0.0000 0.0575
019960 0.6063 0.3363 0.0000 0.0575
019980 0.6063 0.3363 0.0000 0.0575
020000 0.6063 0.3363 0.0000 0.0575
