000000 0.2500 0.2500 0.2500 0.2500
000020 0.2606 0.2588 0.2294 0.2512
000040 0.2727 0.2686 0.2073 0.2514
000060 0.2844 0.2790 0.1856 0.2510
000080 0.2939 0.2900 0.1656 0.2505
000100 0.3027 0.3014 0.1468 0.2491
000120 0.3107 0.3141 0.1286 0.2466
000140 0.3179 0.3267 0.1117 0.2438
000160 0.3236 0.3405 0.0964 0.2395
000180 0.3288 0.3547 0.0818 0.2347
000200 0.3328 0.3699 0.0684 0.2289
000220 0.3357 0.3855 0.0562 0.2225
000240 0.3370 0.4023 0.0456 0.2152
000260 0.3373 0.4189 0.0359 0.2079
000280 0.3365 0.4378 0.0273 0.1984
000300 0.3364 0.4557 0.0200 0.1880
000320 0.3357 0.4736 0.0132 0.1775
000340 0.3322 0.4928 0.0082 0.1667
000360 0.3260 0.5144 0.0045 0.1551
000380 0.3159 0.5395 0.0021 0.1425
000400 0.3054 0.5657 0.0003 0.1285
000420 0.2942 0.5930 0.0000 0.1128
000440 0.2848 0.6181 0.0000 0.0971
000460 0.2761 0.6442 0.0000 0.0797
000480 0.2716 0.6595 0.0000 0.0689
000500 0.2693 0.6732 0.0000 0.0575
000520 0.2685 0.6830 0.0000 0.0485
000540 0.2683 0.6909 0.0000 0.0408
000560 0.2707 0.6949 0.0000 0.0344
000580 0.2771 0.6938 0.0000 0.0290
000600 0.2855 0.6902 0.0000 0.0243
000620 0.2957 0.6822 0.0000 0.0221
000640 0.3064 0.6734 0.0000 0.0202
000660 0.3152 0.6649 0.0000 0.0199
000680 0.3215 0.6576 0.0000 0.0209
000700 0.3273 0.6508 0.0000 0.0219
000720 0.3320 0.6442 0.0000 0.0239
000740 0.3295 0.6447 0.0000 0.0258
000760 0.3260 0.6471 0.0000 0.0269
000780 0.3256 0.6470 0.0000 0.0274
000800 0.3285 0.6453 0.0000 0.0262
000820 0.3373 0.6377 0.0000 0.0250
000840 0.3473 0.6273 0.0000 0.0254
000860 0.3616 0.6147 0.0000 0.0237
000880 0.3725 0.6027 0.0000 0.0248
000900 0.3826 0.5930 0.0000 0.0243
000920 0.3948 0.5805 0.0000 0.0247
000940 0.4030 0.5691 0.0000 0.0279
000960 0.4048 0.5648 0.0000 0.0303
000980 0.4041 0.5655 0.0000 0.0303
001000 0.4021 0.5659 0.0000 0.0320
001020 0.4036 0.5638 0.0000 0.0326
001040 0.4044 0.5605 0.0000 0.0352
001060 0.4102 0.5560 0.0000 0.0338
001080 0.4229 0.5452 0.0000 0.0319
001100 0.4350 0.5331 0.0000 0.0319
001120 0.4474 0.5212 0.0000 0.0313
001140 0.4586 0.5095 0.0000 0.0318
001160 0.4713 0.4952 0.0000 0.0335
001180 0.4757 0.4878 0.0000 0.0365
001200 0.4769 0.4859 0.0000 0.0372
001220 0.4778 0.4847 0.0000 0.0375
001240 0.4782 0.4820 0.0000 0.0397
001260 0.4810 0.4792 0.0000 0.0398
001280 0.4896 0.4722 0.0000 0.0382
001300 0.5015 0.4612 0.0000 0.0373
001320 0.5170 0.4450 0.0000 0.0379
001340 0.5290 0.4323 0.0000 0.0387
001360 0.5408 0.4207 0.0000 0.0385
001380 0.5526 0.4087 0.0000 0.0387
001400 0.5601 0.3997 0.0000 0.0402
001420 0.5616 0.3970 0.0000 0.0415
001440 0.5664 0.3910 0.0000 0.0426
001460 0.5634 0.3910 0.0000 0.0456
001480 0.5565 0.3954 0.0000 0.0480
001500 0.5530 0.4006 0.0000 0.0464
001520 0.5612 0.3950 0.0000 0.0438
001540 0.5689 0.3884 0.0000 0.0427
001560 0.5837 0.3751 0.0000 0.0412
001580 0.5942 0.3614 0.0000 0.0443
001600 0.6027 0.3535 0.0000 0.0438
001620 0.6069 0.3484 0.0000 0.0447
001640 0.5992 0.3512 0.0000 0.0496
001660 0.5817 0.3670 0.0000 0.0513
001680 0.5727 0.3783 0.0000 0.0490
001700 0.5678 0.3834 0.0000 0.0488
001720 0.5738 0.3810 0.0000 0.0452
001740 0.5855 0.3704 0.0000 0.0441
001760 0.5959 0.3595 0.0000 0.0445
001780 0.5976 0.3563 0.0000 0.0462
001800 0.5945 0.3564 0.0000 0.0491
001820 0.5942 0.3562 0.0000 0.0495
001840 0.5917 0.3589 0.0000 0.0494
001860 0.5929 0.3595 0.0000 0.0476
001880 0.5976 0.3558 0.0000 0.0466
001900 0.5998 0.3528 0.0000 0.0474
001920 0.5888 0.3611 0.0000 0.0501
001940 0.5794 0.3731 0.0000 0.0476
001960 0.5829 0.3711 0.0000 0.0459
001980 0.5903 0.3630 0.0000 0.0468
002000 0.5987 0.3567 0.0000 0.0446
002020 0.6063 0.3496 0.0000 0.0441
002040 0.6093 0.3429 0.0000 0.0478
002060 0.6095 0.3447 0.0000 0.0458
002080 0.6085 0.3445 0.0000 0.0469
002100 0.5986 0.3523 0.0000 0.0491
002120 0.5907 0.3612 0.0000 0.0481
002140 0.5930 0.3626 0.0000 0.0444
002160 0.6032 0.3543 0.0000 0.0426
002180 0.6108 0.3446 0.0000 0.0446
002200 0.6111 0.3407 0.0000 0.0482
002220 0.6070 0.3448 0.0000 0.0483
002240 0.5966 0.3526 0.0000 0.0508
002260 0.5849 0.3634 0.0000 0.0517
002280 0.5817 0.3702 0.0000 0.0482
002300 0.5839 0.3695 0.0000 0.0466
002320 0.5953 0.3605 0.0000 0.0442
002340 0.6074 0.3487 0.0000 0.0439
002360 0.6134 0.3411 0.0000 0.0455
002380 0.6135 0.3414 0.0000 0.0451
002400 0.6092 0.3435 0.0000 0.0473
002420 0.6045 0.3483 0.0000 0.0472
002440 0.6020 0.3514 0.0000 0.0465
002460 0.6000 0.3526 0.0000 0.0474
002480 0.5989 0.3536 0.0000 0.0475
002500 0.5992 0.3531 0.0000 0.0477
002520 0.5981 0.3547 0.0000 0.0472
002540 0.5984 0.3545 0.0000 0.0471
002560 0.5998 0.3543 0.0000 0.0459
002580 0.6012 0.3521 0.0000 0.0467
002600 0.6001 0.3504 0.0000 0.0495
002620 0.5976 0.3547 0.0000 0.0477
002640 0.5962 0.3555 0.0000 0.0483
002660 0.5899 0.3594 0.0000 0.0507
002680 0.5866 0.3640 0.0000 0.0494
002700 0.5878 0.3645 0.0000 0.0477
002720 0.5919 0.3613 0.0000 0.0468
002740 0.5982 0.3568 0.0000 0.0451
002760 0.6013 0.3525 0.0000 0.0463
002780 0.6025 0.3504 0.0000 0.0472
002800 0.6034 0.3507 0.0000 0.0459
002820 0.6031 0.3488 0.0000 0.0481
002840 0.6007 0.3517 0.0000 0.0476
002860 0.6002 0.3526 0.0000 0.0472
002880 0.5962 0.3559 0.0000 0.0479
002900 0.5928 0.3589 0.0000 0.0483
002920 0.5916 0.3613 0.0000 0.0471
002940 0.6008 0.3561 0.0000 0.0431
002960 0.6101 0.3455 0.0000 0.0444
002980 0.6124 0.3413 0.0000 0.0462
003000 0.6099 0.3430 0.0000 0.0471
003020 0.6061 0.3450 0.0000 0.0489
003040 0.6003 0.3528 0.0000 0.0469
003060 0.5988 0.3533 0.0000 0.0479
003080 0.5904 0.3586 0.0000 0.0509
003100 0.5801 0.3694 0.0000 0.0505
003120 0.5824 0.3708 0.0000 0.0469
003140 0.5852 0.3672 0.0000 0.0476
003160 0.5934 0.3629 0.0000 0.0437
003180 0.6108 0.3480 0.0000 0.0412
003200 0.6194 0.3379 0.0000 0.0427
003220 0.6220 0.3323 0.0000 0.0457
003240 0.6146 0.3351 0.0000 0.0504
003260 0.6007 0.3448 0.0000 0.0544
003280 0.5825 0.3661 0.0000 0.0514
003300 0.5744 0.3738 0.0000 0.0518
003320 0.5746 0.3764 0.0000 0.0491
003340 0.5780 0.3737 0.0000 0.0483
003360 0.5895 0.3671 0.0000 0.0434
003380 0.6013 0.3554 0.0000 0.0432
003400 0.6115 0.3469 0.0000 0.0417
003420 0.6199 0.3373 0.0000 0.0428
003440 0.6239 0.3313 0.0000 0.0448
003460 0.6232 0.3307 0.0000 0.0462
003480 0.6205 0.3322 0.0000 0.0473
003500 0.6072 0.3408 0.0000 0.0520
003520 0.5889 0.3571 0.0000 0.0541
003540 0.5791 0.3719 0.0000 0.0490
003560 0.5794 0.3734 0.0000 0.0472
003580 0.5844 0.3699 0.0000 0.0458
003600 0.5980 0.3587 0.0000 0.0433
003620 0.6099 0.3466 0.0000 0.0435
003640 0.6178 0.3372 0.0000 0.0451
003660 0.6197 0.3339 0.0000 0.0464
003680 0.6146 0.3357 0.0000 0.0497
003700 0.6029 0.3459 0.0000 0.0513
003720 0.5908 0.3583 0.0000 0.0508
003740 0.5840 0.3655 0.0000 0.0504
003760 0.5797 0.3723 0.0000 0.0480
003780 0.5832 0.3709 0.0000 0.0459
003800 0.5890 0.3649 0.0000 0.0461
003820 0.5948 0.3592 0.0000 0.0460
003840 0.6021 0.3533 0.0000 0.0446
003860 0.6056 0.3487 0.0000 0.0457
003880 0.6108 0.3442 0.0000 0.0450
003900 0.6058 0.3457 0.0000 0.0485
003920 0.6039 0.3499 0.0000 0.0462
003940 0.6066 0.3491 0.0000 0.0443
003960 0.6126 0.3429 0.0000 0.0444
003980 0.6117 0.3407 0.0000 0.0475
004000 0.6069 0.3442 0.0000 0.0489
004020 0.5935 0.3556 0.0000 0.0510
004040 0.5821 0.3670 0.0000 0.0509
004060 0.5733 0.3735 0.0000 0.0532
004080 0.5710 0.3783 0.0000 0.0507
004100 0.5777 0.3757 0.0000 0.0466
004120 0.5876 0.3683 0.0000 0.0441
004140 0.5978 0.3589 0.0000 0.0433
004160 0.6096 0.3465 0.0000 0.0438
004180 0.6213 0.3368 0.0000 0.0419
004200 0.6272 0.3289 0.0000 0.0439
004220 0.6214 0.3305 0.0000 0.0481
004240 0.6102 0.3396 0.0000 0.0502
004260 0.5996 0.3504 0.0000 0.0500
004280 0.5872 0.3608 0.0000 0.0520
004300 0.5817 0.3679 0.0000 0.0504
004320 0.5842 0.3679 0.0000 0.0479
004340 0.5869 0.3656 0.0000 0.0475
004360 0.5899 0.3631 0.0000 0.0470
004380 0.6004 0.3546 0.0000 0.0450
004400 0.6083 0.3458 0.0000 0.0459
004420 0.6056 0.3463 0.0000 0.0480
004440 0.6056 0.3480 0.0000 0.0464
004460 0.6046 0.3499 0.0000 0.0455
004480 0.6046 0.3476 0.0000 0.0478
004500 0.6042 0.3468 0.0000 0.0491
004520 0.6014 0.3486 0.0000 0.0500
004540 0.5927 0.3560 0.0000 0.0512
004560 0.5862 0.3651 0.0000 0.0487
004580 0.5829 0.3696 0.0000 0.0475
004600 0.5829 0.3698 0.0000 0.0473
004620 0.5895 0.3637 0.0000 0.0468
004640 0.5959 0.3581 0.0000 0.0459
004660 0.5988 0.3533 0.0000 0.0479
004680 0.5975 0.3534 0.0000 0.0492
004700 0.5902 0.3615 0.0000 0.0483
004720 0.5937 0.3619 0.0000 0.0443
004740 0.6008 0.3551 0.0000 0.0441
004760 0.6065 0.3483 0.0000 0.0453
004780 0.6042 0.3481 0.0000 0.0477
004800 0.6033 0.3504 0.0000 0.0464
004820 0.5985 0.3530 0.0000 0.0486
004840 0.5949 0.3572 0.0000 0.0478
004860 0.5955 0.3571 0.0000 0.0474
004880 0.5998 0.3543 0.0000 0.0459
004900 0.5998 0.3533 0.0000 0.0469
004920 0.6020 0.3502 0.0000 0.0477
004940 0.5994 0.3513 0.0000 0.0493
004960 0.5977 0.3530 0.0000 0.0493
004980 0.5923 0.3576 0.0000 0.0501
005000 0.5811 0.3679 0.0000 0.0510
005020 0.5757 0.3749 0.0000 0.0494
005040 0.5762 0.3746 0.0000 0.0492
005060 0.5800 0.3721 0.0000 0.0478
005080 0.5899 0.3645 0.0000 0.0457
005100 0.5994 0.3539 0.0000 0.0467
005120 0.6030 0.3502 0.0000 0.0467
005140 0.6030 0.3498 0.0000 0.0472
005160 0.5979 0.3541 0.0000 0.0479
005180 0.5907 0.3623 0.0000 0.0470
005200 0.5897 0.3636 0.0000 0.0467
005220 0.5887 0.3627 0.0000 0.0486
005240 0.5894 0.3620 0.0000 0.0486
005260 0.5938 0.3584 0.0000 0.0478
005280 0.5987 0.3562 0.0000 0.0451
005300 0.6018 0.3515 0.0000 0.0467
005320 0.5988 0.3532 0.0000 0.0480
005340 0.5995 0.3531 0.0000 0.0474
005360 0.5992 0.3530 0.0000 0.0477
005380 0.5939 0.3580 0.0000 0.0482
005400 0.5888 0.3605 0.0000 0.0506
005420 0.5844 0.3675 0.0000 0.0481
005440 0.5840 0.3699 0.0000 0.0461
005460 0.5910 0.3641 0.0000 0.0449
005480 0.5957 0.3573 0.0000 0.0470
005500 0.5979 0.3537 0.0000 0.0484
005520 0.5959 0.3551 0.0000 0.0490
005540 0.5953 0.3573 0.0000 0.0474
005560 0.5956 0.3562 0.0000 0.0483
005580 0.5934 0.3585 0.0000 0.0481
005600 0.5924 0.3615 0.0000 0.0461
005620 0.5985 0.3553 0.0000 0.0462
005640 0.5990 0.3524 0.0000 0.0486
005660 0.5933 0.3573 0.0000 0.0494
005680 0.5855 0.3636 0.0000 0.0509
005700 0.5788 0.3713 0.0000 0.0499
005720 0.5748 0.3768 0.0000 0.0484
005740 0.5770 0.3763 0.0000 0.0467
005760 0.5860 0.3694 0.0000 0.0446
005780 0.5958 0.3564 0.0000 0.0478
005800 0.6025 0.3511 0.0000 0.0464
005820 0.6052 0.3482 0.0000 0.0466
005840 0.6054 0.3489 0.0000 0.0457
005860 0.6052 0.3483 0.0000 0.0465
005880 0.6003 0.3506 0.0000 0.0491
005900 0.5979 0.3515 0.0000 0.0506
005920 0.5886 0.3604 0.0000 0.0510
005940 0.5819 0.3691 0.0000 0.0490
005960 0.5775 0.3717 0.0000 0.0508
005980 0.5824 0.3696 0.0000 0.0480
006000 0.5881 0.3648 0.0000 0.0471
006020 0.5964 0.3577 0.0000 0.0459
006040 0.6027 0.3516 0.0000 0.0456
006060 0.6006 0.3508 0.0000 0.0485
006080 0.5984 0.3523 0.0000 0.0494
006100 0.5922 0.3583 0.0000 0.0495
006120 0.5882 0.3635 0.0000 0.0483
006140 0.5863 0.3633 0.0000 0.0503
006160 0.5873 0.3652 0.0000 0.0475
006180 0.5932 0.3607 0.0000 0.0462
006200 0.6019 0.3547 0.0000 0.0435
006220 0.6085 0.3473 0.0000 0.0442
006240 0.6082 0.3423 0.0000 0.0495
006260 0.6028 0.3467 0.0000 0.0505
006280 0.5920 0.3569 0.0000 0.0510
006300 0.5851 0.3642 0.0000 0.0507
006320 0.5788 0.3705 0.0000 0.0507
006340 0.5806 0.3712 0.0000 0.0483
006360 0.5814 0.3712 0.0000 0.0474
006380 0.5843 0.3689 0.0000 0.0468
006400 0.5880 0.3649 0.0000 0.0471
006420 0.5900 0.3618 0.0000 0.0482
006440 0.5920 0.3594 0.0000 0.0485
006460 0.5931 0.3581 0.0000 0.0488
006480 0.5890 0.3633 0.0000 0.0477
006500 0.5898 0.3631 0.0000 0.0471
006520 0.5933 0.3588 0.0000 0.0479
006540 0.5916 0.3601 0.0000 0.0483
006560 0.5923 0.3613 0.0000 0.0464
006580 0.5999 0.3560 0.0000 0.0441
006600 0.6035 0.3486 0.0000 0.0479
006620 0.6018 0.3488 0.0000 0.0494
006640 0.5962 0.3556 0.0000 0.0483
006660 0.5954 0.3586 0.0000 0.0460
006680 0.5938 0.3592 0.0000 0.0470
006700 0.5945 0.3584 0.0000 0.0471
006720 0.5964 0.3562 0.0000 0.0474
006740 0.5973 0.3536 0.0000 0.0491
006760 0.5989 0.3544 0.0000 0.0466
006780 0.5998 0.3557 0.0000 0.0445
006800 0.6003 0.3535 0.0000 0.0462
006820 0.6010 0.3525 0.0000 0.0465
006840 0.6028 0.3499 0.0000 0.0473
006860 0.5972 0.3521 0.0000 0.0507
006880 0.5897 0.3610 0.0000 0.0493
006900 0.5877 0.3651 0.0000 0.0472
006920 0.5974 0.3567 0.0000 0.0459
006940 0.6025 0.3518 0.0000 0.0457
006960 0.6064 0.3479 0.0000 0.0457
006980 0.6079 0.3462 0.0000 0.0459
007000 0.6060 0.3474 0.0000 0.0467
007020 0.6045 0.3488 0.0000 0.0467
007040 0.6053 0.3486 0.0000 0.0461
007060 0.6018 0.3490 0.0000 0.0492
007080 0.5964 0.3553 0.0000 0.0484
007100 0.5934 0.3591 0.0000 0.0476
007120 0.5934 0.3590 0.0000 0.0476
007140 0.5920 0.3587 0.0000 0.0493
007160 0.5873 0.3628 0.0000 0.0500
007180 0.5846 0.3663 0.0000 0.0492
007200 0.5829 0.3686 0.0000 0.0485
007220 0.5841 0.3679 0.0000 0.0480
007240 0.5884 0.3651 0.0000 0.0465
007260 0.5952 0.3595 0.0000 0.0453
007280 0.6007 0.3540 0.0000 0.0453
007300 0.6000 0.3521 0.0000 0.0479
007320 0.5974 0.3538 0.0000 0.0488
007340 0.5971 0.3553 0.0000 0.0476
007360 0.6025 0.3503 0.0000 0.0472
007380 0.6034 0.3496 0.0000 0.0470
007400 0.5949 0.3536 0.0000 0.0514
007420 0.5885 0.3639 0.0000 0.0475
007440 0.5912 0.3623 0.0000 0.0464
007460 0.5936 0.3590 0.0000 0.0474
007480 0.5982 0.3553 0.0000 0.0465
007500 0.6027 0.3513 0.0000 0.0459
007520 0.6017 0.3500 0.0000 0.0484
007540 0.5958 0.3555 0.0000 0.0487
007560 0.5875 0.3641 0.0000 0.0485
007580 0.5853 0.3654 0.0000 0.0492
007600 0.5853 0.3653 0.0000 0.0494
007620 0.5882 0.3645 0.0000 0.0474
007640 0.5894 0.3626 0.0000 0.0480
007660 0.5901 0.3619 0.0000 0.0480
007680 0.5911 0.3624 0.0000 0.0465
007700 0.5934 0.3601 0.0000 0.0465
007720 0.5962 0.3564 0.0000 0.0473
007740 0.5982 0.3559 0.0000 0.0460
007760 0.6034 0.3516 0.0000 0.0451
007780 0.6079 0.3469 0.0000 0.0452
007800 0.6066 0.3454 0.0000 0.0480
007820 0.6028 0.3473 0.0000 0.0499
007840 0.5954 0.3540 0.0000 0.0506
007860 0.5865 0.3641 0.0000 0.0494
007880 0.5810 0.3692 0.0000 0.0499
007900 0.5765 0.3734 0.0000 0.0500
007920 0.5762 0.3755 0.0000 0.0483
007940 0.5858 0.3688 0.0000 0.0454
007960 0.5979 0.3585 0.0000 0.0436
007980 0.6094 0.3468 0.0000 0.0438
008000 0.6141 0.3421 0.0000 0.0438
008020 0.6119 0.3413 0.0000 0.0468
008040 0.6087 0.3438 0.0000 0.0475
008060 0.6063 0.3458 0.0000 0.0479
008080 0.5982 0.3529 0.0000 0.0489
008100 0.5976 0.3545 0.0000 0.0479
008120 0.5969 0.3557 0.0000 0.0474
008140 0.5982 0.3549 0.0000 0.0468
008160 0.5950 0.3565 0.0000 0.0486
008180 0.5902 0.3606 0.0000 0.0492
008200 0.5813 0.3675 0.0000 0.0513
008220 0.5790 0.3739 0.0000 0.0471
008240 0.5881 0.3674 0.0000 0.0445
008260 0.5987 0.3573 0.0000 0.0440
008280 0.6070 0.3490 0.0000 0.0440
008300 0.6137 0.3394 0.0000 0.0469
008320 0.6037 0.3449 0.0000 0.0514
008340 0.5948 0.3539 0.0000 0.0513
008360 0.5847 0.3651 0.0000 0.0502
008380 0.5852 0.3669 0.0000 0.0479
008400 0.5845 0.3678 0.0000 0.0477
008420 0.5897 0.3646 0.0000 0.0457
008440 0.5914 0.3611 0.0000 0.0475
008460 0.5951 0.3584 0.0000 0.0464
008480 0.5958 0.3556 0.0000 0.0485
008500 0.5902 0.3571 0.0000 0.0527
008520 0.5912 0.3590 0.0000 0.0497
008540 0.5966 0.3560 0.0000 0.0474
008560 0.5976 0.3523 0.0000 0.0501
008580 0.5905 0.3610 0.0000 0.0485
008600 0.5903 0.3618 0.0000 0.0479
008620 0.5864 0.3648 0.0000 0.0488
008640 0.5851 0.3666 0.0000 0.0482
008660 0.5866 0.3675 0.0000 0.0460
008680 0.5909 0.3614 0.0000 0.0476
008700 0.5906 0.3601 0.0000 0.0493
008720 0.5872 0.3632 0.0000 0.0496
008740 0.5868 0.3664 0.0000 0.0468
008760 0.5909 0.3634 0.0000 0.0457
008780 0.5980 0.3577 0.0000 0.0442
008800 0.6051 0.3510 0.0000 0.0440
008820 0.6054 0.3442 0.0000 0.0505
008840 0.5987 0.3501 0.0000 0.0512
008860 0.5898 0.3603 0.0000 0.0499
008880 0.5912 0.3624 0.0000 0.0464
008900 0.5916 0.3622 0.0000 0.0463
008920 0.5985 0.3563 0.0000 0.0452
008940 0.6035 0.3508 0.0000 0.0458
008960 0.6067 0.3474 0.0000 0.0460
008980 0.6067 0.3460 0.0000 0.0473
009000 0.6108 0.3437 0.0000 0.0455
009020 0.6104 0.3415 0.0000 0.0481
009040 0.5975 0.3511 0.0000 0.0515
009060 0.5868 0.3628 0.0000 0.0504
009080 0.5812 0.3700 0.0000 0.0489
009100 0.5839 0.3720 0.0000 0.0441
009120 0.5985 0.3591 0.0000 0.0424
009140 0.6093 0.3468 0.0000 0.0440
009160 0.6193 0.3357 0.0000 0.0450
009180 0.6102 0.3386 0.0000 0.0513
009200 0.5933 0.3539 0.0000 0.0529
009220 0.5767 0.3718 0.0000 0.0516
009240 0.5746 0.3777 0.0000 0.0477
009260 0.5800 0.3742 0.0000 0.0458
009280 0.5858 0.3676 0.0000 0.0466
009300 0.5924 0.3619 0.0000 0.0458
009320 0.5994 0.3554 0.0000 0.0453
009340 0.5998 0.3512 0.0000 0.0491
009360 0.5965 0.3554 0.0000 0.0481
009380 0.5991 0.3556 0.0000 0.0453
009400 0.6004 0.3523 0.0000 0.0473
009420 0.5995 0.3514 0.0000 0.0491
009440 0.5984 0.3548 0.0000 0.0468
009460 0.5995 0.3549 0.0000 0.0457
009480 0.5983 0.3541 0.0000 0.0476
009500 0.6002 0.3535 0.0000 0.0463
009520 0.6026 0.3491 0.0000 0.0483
009540 0.5983 0.3509 0.0000 0.0508
009560 0.5890 0.3600 0.0000 0.0510
009580 0.5884 0.3647 0.0000 0.0468
009600 0.5926 0.3609 0.0000 0.0465
009620 0.5950 0.3575 0.0000 0.0475
009640 0.5959 0.3559 0.0000 0.0482
009660 0.5932 0.3597 0.0000 0.0471
009680 0.5942 0.3590 0.0000 0.0468
009700 0.5957 0.3543 0.0000 0.0500
009720 0.5913 0.3577 0.0000 0.0509
009740 0.5870 0.3662 0.0000 0.0468
009760 0.5892 0.3646 0.0000 0.0462
009780 0.5936 0.3610 0.0000 0.0454
009800 0.6009 0.3537 0.0000 0.0454
009820 0.6059 0.3478 0.0000 0.0462
009840 0.6082 0.3446 0.0000 0.0472
009860 0.6044 0.3469 0.0000 0.0487
009880 0.5981 0.3520 0.0000 0.0499
009900 0.5864 0.3635 0.0000 0.0500
009920 0.5833 0.3680 0.0000 0.0488
009940 0.5868 0.3676 0.0000 0.0456
009960 0.5981 0.3596 0.0000 0.0422
009980 0.6107 0.3464 0.0000 0.0429
010000 0.6211 0.3354 0.0000 0.0435
010020 0.6259 0.3299 0.0000 0.0442
010040 0.6256 0.3282 0.0000 0.0462
010060 0.6128 0.3370 0.0000 0.0502
010080 0.6128 0.3370 0.0000 0.0502
010100 0.6128 0.3370 0.0000 0.0502
010120 0.6128 0.3370 0.0000 0.0502
010140 0.6128 0.3370 0.0000 0.0502
010160 0.6128 0.3370 0.0000 0.0502
010180 0.6128 0.3370 0.0000 0.0502
010200 0.6128 0.3370 0.0000 0.0502
010220 0.6128 0.3370 0.0000 0.0502
010240 0.6128 0.3370 0.0000 0.0502
010260 0.6128 0.3370 0.0000 0.0502
010280 0.6128 0.3370 0.0000 0.0502
010300 0.6128 0.3370 0.0000 0.0502
010320 0.6128 0.3370 0.0000 0.0502
010340 0.6128 0.3370 0.0000 0.0502
010360 0.6128 0.3370 0.0000 0.0502
010380 0.6128 0.3370 0.0000 0.0502
010400 0.6128 0.3370 0.0000 0.0502
010420 0.6128 0.3370 0.0000 0.0502
010440 0.6128 0.3370 0.0000 0.0502
010460 0.6128 0.3370 0.0000 0.0502
010480 0.6128 0.3370 0.0000 0.0502
010500 0.6128 0.3370 0.0000 0.0502
010520 0.6128 0.3370 0.0000 0.0502
010540 0.6128 0.3370 0.0000 0.0502
010560 0.6128 0.3370 0.0000 0.0502
010580 0.6128 0.3370 0.0000 0.0502
010600 0.6128 0.3370 0.0000 0.0502
010620 0.6128 0.3370 0.0000 0.0502
010640 0.6128 0.3370 0.0000 0.0502
010660 0.6128 0.3370 0.0000 0.0502
010680 0.6128 0.3370 0.0000 0.0502
010700 0.6128 0.3370 0.0000 0.0502
010720 0.6128 0.3370 0.0000 0.0502
010740 0.6128 0.3370 0.0000 0.0502
010760 0.6128 0.3370 0.0000 0.0502
010780 0.6128 0.3370 0.0000 0.0502
010800 0.6128 0.3370 0.0000 0.0502
010820 0.6128 0.3370 0.0000 0.0502
010840 0.6128 0.3370 0.0000 0.0502
010860 0.6128 0.3370 0.0000 0.0502
010880 0.6128 0.3370 0.0000 0.0502
010900 0.6128 0.3370 0.0000 0.0502
010920 0.6128 0.3370 0.0000 0.0502
010940 0.6128 0.3370 0.0000 0.0502
010960 0.6128 0.3370 0.0000 0.0502
010980 0.6128 0.3370 0.0000 0.0502
011000 0.6128 0.3370 0.0000 0.0502
011020 0.6128 0.3370 0.0000 0.0502
011040 0.6128 0.3370 0.0000 0.0502
011060 0.6128 0.3370 0.0000 0.0502
011080 0.6128 0.3370 0.0000 0.0502
011100 0.6128 0.3370 0.0000 0.0502
011120 0.6128 0.3370 0.0000 0.0502
011140 0.6128 0.3370 0.0000 0.0502
011160 0.6128 0.3370 0.0000 0.0502
011180 0.6128 0.3370 0.0000 0.0502
011200 0.6128 0.3370 0.0000 0.0502
011220 0.6128 0.3370 0.0000 0.0502
011240 0.6128 0.3370 0.0000 0.0502
011260 0.6128 0.3370 0.0000 0.0502
011280 0.6128 0.3370 0.0000 0.0502
011300 0.6128 0.3370 0.0000 0.0502
011320 0.6128 0.3370 0.0000 0.0502
011340 0.6128 0.3370 0.0000 0.0502
011360 0.6128 0.3370 0.0000 0.0502
011380 0.6128 0.3370 0.0000 0.0502
011400 0.6128 0.3370 0.0000 0.0502
011420 0.6128 0.3370 0.0000 0.0502
011440 0.6128 0.3370 0.0000 0.0502
011460 0.6128 0.3370 0.0000 0.0502
011480 0.6128 0.3370 0.0000 0.0502
011500 0.6128 0.3370 0.0000 0.0502
011520 0.6128 0.3370 0.0000 0.0502
011540 0.6128 0.3370 0.0000 0.0502
011560 0.6128 0.3370 0.0000 0.0502
011580 0.6128 0.3370 0.0000 0.0502
011600 0.6128 0.3370 0.0000 0.0502
011620 0.6128 0.3370 0.0000 0.0502
011640 0.6128 0.3370 0.0000 0.0502
011660 0.6128 0.3370 0.0000 0.0502
011680 0.6128 0.3370 0.0000 0.0502
011700 0.6128 0.3370 0.0000 0.0502
011720 0.6128 0.3370 0.0000 0.0502
011740 0.6128 0.3370 0.0000 0.0502
011760 0.6128 0.3370 0.0000 0.0502
011780 0.6128 0.3370 0.0000 0.0502
011800 0.6128 0.3370 0.0000 0.0502
011820 0.6128 0.3370 0.0000 0.0502
011840 0.6128 0.3370 0.0000 0.0502
011860 0.6128 0.3370 0.0000 0.0502
011880 0.6128 0.3370 0.0000 0.0502
011900 0.6128 0.3370 0.0000 0.0502
011920 0.6128 0.3370 0.0000 0.0502
011940 0.6128 0.3370 0.0000 0.0502
011960 0.6128 0.3370 0.0000 0.0502
011980 0.6128 0.3370 0.0000 0.0502
012000 0.6128 0.3370 0.0000 0.0502
012020 0.6128 0.3370 0.0000 0.0502
012040 0.6128 0.3370 0.0000 0.0502
012060 0.6128 0.3370 0.0000 0.0502
012080 0.6128 0.3370 0.0000 0.0502
012100 0.6128 0.3370 0.0000 0.0502
012120 0.6128 0.3370 0.0000 0.0502
012140 0.6128 0.3370 0.0000 0.0502
012160 0.6128 0.3370 0.0000 0.0502
012180 0.6128 0.3370 0.0000 0.0502
012200 0.6128 0.3370 0.0000 0.0502
012220 0.6128 0.3370 0.0000 0.0502
012240 0.6128 0.3370 0.0000 0.0502
012260 0.6128 0.3370 0.0000 0.0502
012280 0.6128 0.3370 0.0000 0.0502
012300 0.6128 0.3370 0.0000 0.0502
012320 0.6128 0.3370 0.0000 0.0502
012340 0.6128 0.3370 0.0000 0.0502
012360 0.6128 0.3370 0.0000 0.0502
012380 0.6128 0.3370 0.0000 0.0502
012400 0.6128 0.3370 0.0000 0.0502
012420 0.6128 0.3370 0.0000 0.0502
012440 0.6128 0.3370 0.0000 0.0502
012460 0.6128 0.3370 0.0000 0.0502
012480 0.6128 0.3370 0.0000 0.0502
012500 0.6128 0.3370 0.0000 0.0502
012520 0.6128 0.3370 0.0000 0.0502
012540 0.6128 0.3370 0.0000 0.0502
012560 0.6128 0.3370 0.0000 0.0502
012580 0.6128 0.3370 0.0000 0.0502
012600 0.6128 0.3370 0.0000 0.0502
012620 0.6128 0.3370 0.0000 0.0502
012640 0.6128 0.3370 0.0000 0.0502
012660 0.6128 0.3370 0.0000 0.0502
012680 0.6128 0.3370 0.0000 0.0502
012700 0.6128 0.3370 0.0000 0.0502
012720 0.6128 0.3370 0.0000 0.0502
012740 0.6128 0.3370 0.0000 0.0502
012760 0.6128 0.3370 0.0000 0.0502
012780 0.6128 0.3370 0.0000 0.0502
012800 0.6128 0.3370 0.0000 0.0502
012820 0.6128 0.3370 0.0000 0.0502
012840 0.6128 0.3370 0.0000 0.0502
012860 0.6128 0.3370 0.0000 0.0502
012880 0.6128 0.3370 0.0000 0.0502
012900 0.6128 0.3370 0.0000 0.0502
012920 0.6128 0.3370 0.0000 0.0502
012940 0.6128 0.3370 0.0000 0.0502
012960 0.6128 0.3370 0.0000 0.0502
012980 0.6128 0.3370 0.0000 0.0502
013000 0.6128 0.3370 0.0000 0.0502
013020 0.6128 0.3370 0.0000 0.0502
013040 0.6128 0.3370 0.0000 0.0502
013060 0.6128 0.3370 0.0000 0.0502
013080 0.6128 0.3370 0.0000 0.0502
013100 0.6128 0.3370 0.0000 0.0502
013120 0.6128 0.3370 0.0000 0.0502
013140 0.6128 0.3370 0.0000 0.0502
013160 0.6128 0.3370 0.0000 0.0502
013180 0.6128 0.3370 0.0000 0.0502
013200 0.6128 0.3370 0.0000 0.0502
013220 0.6128 0.3370 0.0000 0.0502
013240 0.6128 0.3370 0.0000 0.0502
013260 0.6128 0.3370 0.0000 0.0502
013280 0.6128 0.3370 0.0000 0.0502
013300 0.6128 0.3370 0.0000 0.0502
013320 0.6128 0.3370 0.0000 0.0502
013340 0.6128 0.3370 0.0000 0.0502
013360 0.6128 0.3370 0.0000 0.0502
013380 0.6128 0.3370 0.0000 0.0502
013400 0.6128 0.3370 0.0000 0.0502
013420 0.6128 0.3370 0.0000 0.0502
013440 0.6128 0.3370 0.0000 0.0502
013460 0.6128 0.3370 0.0000 0.0502
013480 0.6128 0.3370 0.0000 0.0502
013500 0.6128 0.3370 0.0000 0.0502
013520 0.6128 0.3370 0.0000 0.0502
013540 0.6128 0.3370 0.0000 0.0502
013560 0.6128 0.3370 0.0000 0.0502
013580 0.6128 0.3370 0.0000 0.0502
013600 0.6128 0.3370 0.0000 0.0502
013620 0.6128 0.3370 0.0000 0.0502
013640 0.6128 0.3370 0.0000 0.0502
013660 0.6128 0.3370 0.0000 0.0502
013680 0.6128 0.3370 0.0000 0.0502
013700 0.6128 0.3370 0.0000 0.0502
013720 0.6128 0.3370 0.0000 0.0502
013740 0.6128 0.3370 0.0000 0.0502
013760 0.6128 0.3370 0.0000 0.0502
013780 0.6128 0.3370 0.0000 0.0502
013800 0.6128 0.3370 0.0000 0.0502
013820 0.6128 0.3370 0.0000 0.0502
013840 0.6128 0.3370 0.0000 0.0502
013860 0.6128 0.3370 0.0000 0.0502
013880 0.6128 0.3370 0.0000 0.0502
013900 0.6128 0.3370 0.0000 0.0502
013920 0.6128 0.3370 0.0000 0.0502
013940 0.6128 0.3370 0.0000 0.0502
013960 0.6128 0.3370 0.0000 0.0502
013980 0.6128 0.3370 0.0000 0.0502
014000 0.6128 0.3370 0.0000 0.0502
014020 0.6128 0.3370 0.0000 0.0502
014040 0.6128 0.3370 0.0000 0.0502
014060 0.6128 0.3370 0.0000 0.0502
014080 0.6128 0.3370 0.0000 0.0502
014100 0.6128 0.3370 0.0000 0.0502
014120 0.6128 0.3370 0.0000 0.0502
014140 0.6128 0.3370 0.0000 0.0502
014160 0.6128 0.3370 0.0000 0.0502
014180 0.6128 0.3370 0.0000 0.0502
014200 0.6128 0.3370 0.0000 0.0502
014220 0.6128 0.3370 0.0000 0.0502
014240 0.6128 0.3370 0.0000 0.0502
014260 0.6128 0.3370 0.0000 0.0502
014280 0.6128 0.3370 0.0000 0.0502
014300 0.6128 0.3370 0.0000 0.0502
014320 0.6128 0.3370 0.0000 0.0502
014340 0.6128 0.3370 0.0000 0.0502
014360 0.6128 0.3370 0.0000 0.0502
014380 0.6128 0.3370 0.0000 0.0502
014400 0.6128 0.3370 0.0000 0.0502
014420 0.6128 0.3370 0.0000 0.0502
014440 0.6128 0.3370 0.0000 0.0502
014460 0.6128 0.3370 0.0000 0.0502
014480 0.6128 0.3370 0.0000 0.0502
014500 0.6128 0.3370 0.0000 0.0502
014520 0.6128 0.3370 0.0000 0.0502
014540 0.6128 0.3370 0.0000 0.0502
014560 0.6128 0.3370 0.0000 0.0502
014580 0.6128 0.3370 0.0000 0.0502
014600 0.6128 0.3370 0.0000 0.0502
014620 0.6128 0.3370 0.0000 0.0502
014640 0.6128 0.3370 0.0000 0.0502
014660 0.6128 0.3370 0.0000 0.0502
014680 0.6128 0.3370 0.0000 0.0502
014700 0.6128 0.3370 0.0000 0.0502
014720 0.6128 0.3370 0.0000 0.0502
014740 0.6128 0.3370 0.0000 0.0502
014760 0.6128 0.3370 0.0000 0.0502
014780 0.6128 0.3370 0.0000 0.0502
014800 0.6128 0.3370 0.0000 0.0502
014820 0.6128 0.3370 0.0000 0.0502
014840 0.6128 0.3370 0.0000 0.0502
014860 0.6128 0.3370 0.0000 0.0502
014880 0.6128 0.3370 0.0000 0.0502
014900 0.6128 0.3370 0.0000 0.0502
014920 0.6128 0.3370 0.0000 0.0502
014940 0.6128 0.3370 0.0000 0.0502
014960 0.6128 0.3370 0.0000 0.0502
014980 0.6128 0.3370 0.0000 0.0502
015000 0.6128 0.3370 0.0000 0.0502
015020 0.6128 0.3370 0.0000 0.0502
015040 0.6128 0.3370 0.0000 0.0502
015060 0.6128 0.3370 0.0000 0.0502
015080 0.6128 0.3370 0.0000 0.0502
015100 0.6128 0.3370 0.0000 0.0502
015120 0.6128 0.3370 0.0000 0.0502
015140 0.6128 0.3370 0.0000 0.0502
015160 0.6128 0.3370 0.0000 0.0502
015180 0.6128 0.3370 0.0000 0.0502
015200 0.6128 0.3370 0.0000 0.0502
015220 0.6128 0.3370 0.0000 0.0502
015240 0.6128 0.3370 0.0000 0.0502
015260 0.6128 0.3370 0.0000 0.0502
015280 0.6128 0.3370 0.0000 0.0502
015300 0.6128 0.3370 0.0000 0.0502
015320 0.6128 0.3370 0.0000 0.0502
015340 0.6128 0.3370 0.0000 0.0502
015360 0.6128 0.3370 0.0000 0.0502
015380 0.6128 0.3370 0.0000 0.0502
015400 0.6128 0.3370 0.0000 0.0502
015420 0.6128 0.3370 0.0000 0.0502
015440 0.6128 0.3370 0.0000 0.0502
015460 0.6128 0.3370 0.0000 0.0502
015480 0.6128 0.3370 0.0000 0.0502
015500 0.6128 0.3370 0.0000 0.0502
015520 0.6128 0.3370 0.0000 0.0502
015540 0.6128 0.3370 0.0000 0.0502
015560 0.6128 0.3370 0.0000 0.0502
015580 0.6128 0.3370 0.0000 0.0502
015600 0.6128 0.3370 0.0000 0.0502
015620 0.6128 0.3370 0.0000 0.0502
015640 0.6128 0.3370 0.0000 0.0502
015660 0.6128 0.3370 0.0000 0.0502
015680 0.6128 0.3370 0.0000 0.0502
015700 0.6128 0.3370 0.0000 0.0502
015720 0.6128 0.3370 0.0000 0.0502
015740 0.6128 0.3370 0.0000 0.0502
015760 0.6128 0.3370 0.0000 0.0502
015780 0.6128 0.3370 0.0000 0.0502
015800 0.6128 0.3370 0.0000 0.0502
015820 0.6128 0.3370 0.0000 0.0502
015840 0.6128 0.3370 0.0000 0.0502
015860 0.6128 0.3370 0.0000 0.0502
015880 0.6128 0.3370 0.0000 0.0502
015900 0.6128 0.3370 0.0000 0.0502
015920 0.6128 0.3370 0.0000 0.0502
015940 0.6128 0.3370 0.0000 0.0502
015960 0.6128 0.3370 0.0000 0.0502
015980 0.6128 0.3370 0.0000 0.0502
016000 0.6128 0.3370 0.0000 0.0502
016020 0.6128 0.3370 0.0000 0.0502
016040 0.6128 0.3370 0.0000 0.0502
016060 0.6128 0.3370 0.0000 0.0502
016080 0.6128 0.3370 0.0000 0.0502
016100 0.6128 0.3370 0.0000 0.0502
016120 0.6128 0.3370 0.0000 0.0502
016140 0.6128 0.3370 0.0000 0.0502
016160 0.6128 0.3370 0.0000 0.0502
016180 0.6128 0.3370 0.0000 0.0502
016200 0.6128 0.3370 0.0000 0.0502
016220 0.6128 0.3370 0.0000 0.0502
016240 0.6128 0.3370 0.0000 0.0502
016260 0.6128 0.3370 0.0000 0.0502
016280 0.6128 0.3370 0.0000 0.0502
016300 0.6128 0.3370 0.0000 0.0502
016320 0.6128 0.3370 0.0000 0.0502
016340 0.6128 0.3370 0.0000 0.0502
016360 0.6128 0.3370 0.0000 0.0502
016380 0.6128 0.3370 0.0000 0.0502
016400 0.6128 0.3370 0.0000 0.0502
016420 0.6128 0.3370 0.0000 0.0502
016440 0.6128 0.3370 0.0000 0.0502
016460 0.6128 0.3370 0.0000 0.0502
016480 0.6128 0.3370 0.0000 0.0502
016500 0.6128 0.3370 0.0000 0.0502
016520 0.6128 0.3370 0.0000 0.0502
016540 0.6128 0.3370 0.0000 0.0502
016560 0.6128 0.3370 0.0000 0.0502
016580 0.6128 0.3370 0.0000 0.0502
016600 0.6128 0.3370 0.0000 0.0502
016620 0.6128 0.3370 0.0000 0.0502
016640 0.6128 0.3370 0.0000 0.0502
016660 0.6128 0.3370 0.0000 0.0502
016680 0.6128 0.3370 0.0000 0.0502
016700 0.6128 0.3370 0.0000 0.0502
016720 0.6128 0.3370 0.0000 0.0502
016740 0.6128 0.3370 0.0000 0.0502
016760 0.6128 0.3370 0.0000 0.0502
016780 0.6128 0.3370 0.0000 0.0502
016800 0.6128 0.3370 0.0000 0.0502
016820 0.6128 0.3370 0.0000 0.0502
016840 0.6128 0.3370 0.0000 0.0502
016860 0.6128 0.3370 0.0000 0.0502
016880 0.6128 0.3370 0.0000 0.0502
016900 0.6128 0.3370 0.0000 0.0502
016920 0.6128 0.3370 0.0000 0.0502
016940 0.6128 0.3370 0.0000 0.0502
016960 0.6128 0.3370 0.0000 0.0502
016980 0.6128 0.3370 0.0000 0.0502
017000 0.6128 0.3370 0.0000 0.0502
017020 0.6128 0.3370 0.0000 0.0502
017040 0.6128 0.3370 0.0000 0.0502
017060 0.6128 0.3370 0.0000 0.0502
017080 0.6128 0.3370 0.0000 0.0502
017100 0.6128 0.3370 0.0000 0.0502
017120 0.6128 0.3370 0.0000 0.0502
017140 0.6128 0.3370 0.0000 0.0502
017160 0.6128 0.3370 0.0000 0.0502
017180 0.6128 0.3370 0.0000 0.0502
017200 0.6128 0.3370 0.0000 0.0502
017220 0.6128 0.3370 0.0000 0.0502
017240 0.6128 0.3370 0.0000 0.0502
017260 0.6128 0.3370 0.0000 0.0502
017280 0.6128 0.3370 0.0000 0.0502
017300 0.6128 0.3370 0.0000 0.0502
017320 0.6128 0.3370 0.0000 0.0502
017340 0.6128 0.3370 0.0000 0.0502
017360 0.6128 0.3370 0.0000 0.0502
017380 0.6128 0.3370 0.0000 0.0502
017400 0.6128 0.3370 0.0000 0.0502
017420 0.6128 0.3370 0.0000 0.0502
017440 0.6128 0.3370 0.0000 0.0502
017460 0.6128 0.3370 0.0000 0.0502
017480 0.6128 0.3370 0.0000 0.0502
017500 0.6128 0.3370 0.0000 0.0502
017520 0.6128 0.3370 0.0000 0.0502
017540 0.6128 0.3370 0.0000 0.0502
017560 0.6128 0.3370 0.0000 0.0502
017580 0.6128 0.3370 0.0000 0.0502
017600 0.6128 0.3370 0.0000 0.0502
017620 0.6128 0.3370 0.0000 0.0502
017640 0.6128 0.3370 0.0000 0.0502
017660 0.6128 0.3370 0.0000 0.0502
017680 0.6128 0.3370 0.0000 0.0502
017700 0.6128 0.3370 0.0000 0.0502
017720 0.6128 0.3370 0.0000 0.0502
017740 0.6128 0.3370 0.0000 0.0502
017760 0.6128 0.3370 0.0000 0.0502
017780 0.6128 0.3370 0.0000 0.0502
017800 0.6128 0.3370 0.0000 0.0502
017820 0.6128 0.3370 0.0000 0.0502
017840 0.6128 0.3370 0.0000 0.0502
017860 0.6128 0.3370 0.0000 0.0502
017880 0.6128 0.3370 0.0000 0.0502
017900 0.6128 0.3370 0.0000 0.0502
017920 0.6128 0.3370 0.0000 0.0502
017940 0.6128 0.3370 0.0000 0.0502
017960 0.6128 0.3370 0.0000 0.0502
017980 0.6128 0.3370 0.0000 0.0502
018000 0.6128 0.3370 0.0000 0.0502
018020 0.6128 0.3370 0.0000 0.0502
018040 0.6128 0.3370 0.0000 0.0502
018060 0.6128 0.3370 0.0000 0.0502
018080 0.6128 0.3370 0.0000 0.0502
018100 0.6128 0.3370 0.0000 0.0502
018120 0.6128 0.3370 0.0000 0.0502
018140 0.6128 0.3370 0.0000 0.0502
018160 0.6128 0.3370 0.0000 0.0502
018180 0.6128 0.3370 0.0000 0.0502
018200 0.6128 0.3370 0.0000 0.0502
018220 0.6128 0.3370 0.0000 0.0502
018240 0.6128 0.3370 0.0000 0.0502
018260 0.6128 0.3370 0.0000 0.0502
018280 0.6128 0.3370 0.0000 0.0502
018300 0.6128 0.3370 0.0000 0.0502
018320 0.6128 0.3370 0.0000 0.0502
018340 0.6128 0.3370 0.0000 0.0502
018360 0.6128 0.3370 0.0000 0.0502
018380 0.6128 0.3370 0.0000 0.0502
018400 0.6128 0.3370 0.0000 0.0502
018420 0.6128 0.3370 0.0000 0.0502
018440 0.6128 0.3370 0.0000 0.0502
018460 0.6128 0.3370 0.0000 0.0502
018480 0.6128 0.3370 0.0000 0.0502
018500 0.6128 0.3370 0.0000 0.0502
018520 0.6128 0.3370 0.0000 0.0502
018540 0.6128 0.3370 0.0000 0.0502
018560 0.6128 0.3370 0.0000 0.0502
018580 0.6128 0.3370 0.0000 0.0502
018600 0.6128 0.3370 0.0000 0.0502
018620 0.6128 0.3370 0.0000 0.0502
018640 0.6128 0.3370 0.0000 0.0502
018660 0.6128 0.3370 0.0000 0.0502
018680 0.6128 0.3370 0.0000 0.0502
018700 0.6128 0.3370 0.0000 0.0502
018720 0.6128 0.3370 0.0000 0.0502
018740 0.6128 0.3370 0.0000 0.0502
018760 0.6128 0.3370 0.0000 0.0502
018780 0.6128 0.3370 0.0000 0.0502
018800 0.6128 0.3370 0.0000 0.0502
018820 0.6128 0.3370 0.0000 0.0502
018840 0.6128 0.3370 0.0000 0.0502
018860 0.6128 0.3370 0.0000 0.0502
018880 0.6128 0.3370 0.0000 0.0502
018900 0.6128 0.3370 0.0000 0.0502
018920 0.6128 0.3370 0.0000 0.0502
018940 0.6128 0.3370 0.0000 0.0502
018960 0.6128 0.3370 0.0000 0.0502
018980 0.6128 0.3370 0.0000 0.0502
019000 0.6128 0.3370 0.0000 0.0502
019020 0.6128 0.3370 0.0000 0.0502
019040 0.6128 0.3370 0.0000 0.0502
019060 0.6128 0.3370 0.0000 0.0502
019080 0.6128 0.3370 0.0000 0.0502
019100 0.6128 0.3370 0.0000 0.0502
019120 0.6128 0.3370 0.0000 0.0502
019140 0.6128 0.3370 0.0000 0.0502
019160 0.6128 0.3370 0.0000 0.0502
019180 0.6128 0.3370 0.0000 0.0502
019200 0.6128 0.3370 0.0000 0.0502
019220 0.6128 0.3370 0.0000 0.0502
019240 0.6128 0.3370 0.0000 0.0502
019260 0.6128 0.3370 0.0000 0.0502
019280 0.6128 0.3370 0.0000 0.0502
019300 0.6128 0.3370 0.0000 0.0502
019320 0.6128 0.3370 0.0000 0.0502
019340 0.6128 0.3370 0.0000 0.0502
019360 0.6128 0.3370 0.0000 0.0502
019380 0.6128 0.3370 0.0000 0.0502
019400 0.6128 0.3370 0.0000 0.0502
019420 0.6128 0.3370 0.0000 0.0502
019440 0.6128 0.3370 0.0000 0.0502
019460 0.6128 0.3370 0.0000 0.0502
019480 0.6128 0.3370 0.0000 0.0502
019500 0.6128 0.3370 0.0000 0.0502
019520 0.6128 0.3370 0.0000 0.0502
019540 0.6128 0.3370 0.0000 0.0502
019560 0.6128 0.3370 0.0000 0.0502
019580 0.6128 0.3370 0.0000 0.0502
019600 0.6128 0.3370 0.0000 0.0502
019620 0.6128 0.3370 0.0000 0.0502
019640 0.6128 0.3370 0.0000 0.0502
019660 0.6128 0.3370 0.0000 0.0502
019680 0.6128 0.3370 0.0000 0.0502
019700 0.6128 0.3370 0.0000 0.0502
019720 0.6128 0.3370 0.0000 0.0502
019740 0.6128 0.3370 0.0000 0.0502
019760 0.6128 0.3370 0.0000 0.0502
019780 0.6128 0.3370 0.0000 0.0502
019800 0.6128 0.3370 0.0000 0.0502
019820 0.6128 0.3370 0.0000 0.0502
019840 0.6128 0.3370 0.0000 0.0502
019860 0.6128 0.3370 0.0000 0.0502
019880 0.6128 0.3370 0.0000 0.0502
019900 0.6128 0.3370 0.0000 0.0502
019920 0.6128 0.3370 0.0000 0.0502
019940 0.6128 0.3370 0.0000 0.0502
019960 0.6128 0.3370 0.0000 0.0502
019980 0.6128 0.3370 0.0000 0.0502
020000 0.6128 0.3370 0.0000 0.0502
