000000 0.2500 0.2500 0.2500 0.2500
000020 0.2601 0.2590 0.2297 0.2512
000040 0.2723 0.2680 0.2078 0.2519
000060 0.2839 0.2780 0.1869 0.2512
000080 0.2947 0.2883 0.1670 0.2500
000100 0.3055 0.2982 0.1478 0.2485
000120 0.3145 0.3097 0.1302 0.2457
000140 0.3221 0.3230 0.1133 0.2416
000160 0.3281 0.3363 0.0981 0.2376
000180 0.3333 0.3509 0.0834 0.2324
000200 0.3369 0.3655 0.0705 0.2271
000220 0.3388 0.3820 0.0584 0.2208
000240 0.3394 0.3996 0.0475 0.2135
000260 0.3389 0.4192 0.0372 0.2047
000280 0.3387 0.4383 0.0285 0.1945
000300 0.3386 0.4569 0.0210 0.1836
000320 0.3385 0.4744 0.0145 0.1726
000340 0.3379 0.4928 0.0094 0.1599
000360 0.3342 0.5122 0.0054 0.1483
000380 0.3285 0.5339 0.0023 0.1353
000400 0.3204 0.5588 0.0005 0.1202
000420 0.3105 0.5838 0.0000 0.1057
000440 0.3010 0.6115 0.0000 0.0875
000460 0.2939 0.6343 0.0000 0.0718
000480 0.2902 0.6480 0.0000 0.0618
000500 0.2896 0.6591 0.0000 0.0512
000520 0.2911 0.6684 0.0000 0.0405
000540 0.2947 0.6716 0.0000 0.0337
000560 0.2971 0.6737 0.0000 0.0291
000580 0.2994 0.6756 0.0000 0.0251
000600 0.3031 0.6745 0.0000 0.0223
000620 0.3102 0.6694 0.0000 0.0204
000640 0.3159 0.6638 0.0000 0.0202
000660 0.3189 0.6588 0.0000 0.0222
000680 0.3218 0.6551 0.0000 0.0231
000700 0.3237 0.6523 0.0000 0.0241
000720 0.3257 0.6492 0.0000 0.0251
000740 0.3296 0.6449 0.0000 0.0255
000760 0.3373 0.6377 0.0000 0.0250
000780 0.3456 0.6288 0.0000 0.0257
000800 0.3496 0.6233 0.0000 0.0272
000820 0.3558 0.6174 0.0000 0.0268
000840 0.3639 0.6095 0.0000 0.0266
000860 0.3721 0.6000 0.0000 0.0279
000880 0.3760 0.5947 0.0000 0.0293
000900 0.3795 0.5923 0.0000 0.0282
000920 0.3837 0.5849 0.0000 0.0314
000940 0.3871 0.5804 0.0000 0.0325
000960 0.3925 0.5746 0.0000 0.0329
000980 0.3989 0.5671 0.0000 0.0340
001000 0.4096 0.5595 0.0000 0.0309
001020 0.4240 0.5447 0.0000 0.0313
001040 0.4372 0.5314 0.0000 0.0314
001060 0.4443 0.5217 0.0000 0.0339
001080 0.4498 0.5150 0.0000 0.0351
001100 0.4525 0.5115 0.0000 0.0360
001120 0.4580 0.5064 0.0000 0.0356
001140 0.4598 0.5027 0.0000 0.0375
001160 0.4678 0.4953 0.0000 0.0370
001180 0.4800 0.4843 0.0000 0.0357
001200 0.4910 0.4730 0.0000 0.0360
001220 0.5064 0.4553 0.0000 0.0382
001240 0.5110 0.4487 0.0000 0.0404
001260 0.5124 0.4461 0.0000 0.0415
001280 0.5115 0.4446 0.0000 0.0439
001300 0.5106 0.4444 0.0000 0.0450
001320 0.5137 0.4415 0.0000 0.0448
001340 0.5235 0.4332 0.0000 0.0433
001360 0.5327 0.4226 0.0000 0.0447
001380 0.5437 0.4129 0.0000 0.0435
001400 0.5571 0.3989 0.0000 0.0440
001420 0.5597 0.3939 0.0000 0.0464
001440 0.5647 0.3889 0.0000 0.0464
001460 0.5680 0.3857 0.0000 0.0463
001480 0.5717 0.3829 0.0000 0.0454
001500 0.5769 0.3752 0.0000 0.0479
001520 0.5763 0.3760 0.0000 0.0477
001540 0.5726 0.3773 0.0000 0.0502
001560 0.5713 0.3820 0.0000 0.0467
001580 0.5779 0.3759 0.0000 0.0462
001600 0.5843 0.3670 0.0000 0.0488
001620 0.5848 0.3641 0.0000 0.0511
001640 0.5789 0.3704 0.0000 0.0507
001660 0.5788 0.3728 0.0000 0.0484
001680 0.5813 0.3715 0.0000 0.0471
001700 0.5864 0.3657 0.0000 0.0480
001720 0.5890 0.3629 0.0000 0.0481
001740 0.5900 0.3604 0.0000 0.0496
001760 0.5903 0.3609 0.0000 0.0489
001780 0.5970 0.3561 0.0000 0.0469
001800 0.6020 0.3500 0.0000 0.0481
001820 0.5984 0.3514 0.0000 0.0502
001840 0.5955 0.3551 0.0000 0.0494
001860 0.5997 0.3544 0.0000 0.0459
001880 0.6096 0.3463 0.0000 0.0441
001900 0.6132 0.3377 0.0000 0.0491
001920 0.6090 0.3426 0.0000 0.0484
001940 0.6055 0.3446 0.0000 0.0499
001960 0.5967 0.3518 0.0000 0.0515
001980 0.5906 0.3581 0.0000 0.0513
002000 0.5841 0.3632 0.0000 0.0527
002020 0.5824 0.3668 0.0000 0.0508
002040 0.5843 0.3663 0.0000 0.0495
002060 0.5866 0.3630 0.0000 0.0504
002080 0.5922 0.3593 0.0000 0.0485
002100 0.5921 0.3564 0.0000 0.0515
002120 0.5895 0.3591 0.0000 0.0514
002140 0.5909 0.3597 0.0000 0.0494
002160 0.5979 0.3546 0.0000 0.0475
002180 0.6082 0.3458 0.0000 0.0460
002200 0.6115 0.3415 0.0000 0.0470
002220 0.6116 0.3405 0.0000 0.0478
002240 0.6051 0.3423 0.0000 0.0525
002260 0.5942 0.3524 0.0000 0.0534
002280 0.5872 0.3625 0.0000 0.0502
002300 0.5883 0.3630 0.0000 0.0487
002320 0.5896 0.3605 0.0000 0.0500
002340 0.5876 0.3614 0.0000 0.0510
002360 0.5907 0.3605 0.0000 0.0488
002380 0.5924 0.3578 0.0000 0.0498
002400 0.5877 0.3620 0.0000 0.0503
002420 0.5868 0.3634 0.0000 0.0498
002440 0.5889 0.3628 0.0000 0.0483
002460 0.5998 0.3543 0.0000 0.0459
002480 0.6083 0.3453 0.0000 0.0463
002500 0.6143 0.3384 0.0000 0.0473
002520 0.6131 0.3379 0.0000 0.0490
002540 0.6029 0.3454 0.0000 0.0517
002560 0.5970 0.3505 0.0000 0.0525
002580 0.5938 0.3549 0.0000 0.0513
002600 0.5948 0.3557 0.0000 0.0495
002620 0.5967 0.3547 0.0000 0.0487
002640 0.6004 0.3520 0.0000 0.0476
002660 0.5997 0.3523 0.0000 0.0480
002680 0.6026 0.3491 0.0000 0.0483
002700 0.6028 0.3478 0.0000 0.0494
002720 0.5992 0.3504 0.0000 0.0503
002740 0.5977 0.3529 0.0000 0.0493
002760 0.5942 0.3539 0.0000 0.0519
002780 0.5892 0.3581 0.0000 0.0527
002800 0.5832 0.3654 0.0000 0.0514
002820 0.5819 0.3692 0.0000 0.0490
002840 0.5869 0.3650 0.0000 0.0480
002860 0.5925 0.3579 0.0000 0.0496
002880 0.6002 0.3523 0.0000 0.0475
002900 0.6072 0.3474 0.0000 0.0454
002920 0.6148 0.3375 0.0000 0.0478
002940 0.6170 0.3343 0.0000 0.0487
002960 0.6132 0.3383 0.0000 0.0485
002980 0.6048 0.3432 0.0000 0.0520
003000 0.5968 0.3510 0.0000 0.0523
003020 0.5973 0.3551 0.0000 0.0476
003040 0.6033 0.3501 0.0000 0.0467
003060 0.6069 0.3457 0.0000 0.0474
003080 0.6075 0.3433 0.0000 0.0492
003100 0.6013 0.3461 0.0000 0.0526
003120 0.5860 0.3584 0.0000 0.0556
003140 0.5736 0.3739 0.0000 0.0525
003160 0.5751 0.3745 0.0000 0.0503
003180 0.5836 0.3686 0.0000 0.0478
003200 0.5994 0.3563 0.0000 0.0443
003220 0.6183 0.3377 0.0000 0.0440
003240 0.6282 0.3269 0.0000 0.0450
003260 0.6305 0.3233 0.0000 0.0462
003280 0.6222 0.3266 0.0000 0.0512
003300 0.6046 0.3419 0.0000 0.0534
003320 0.5871 0.3571 0.0000 0.0558
003340 0.5741 0.3707 0.0000 0.0552
003360 0.5705 0.3793 0.0000 0.0501
003380 0.5773 0.3745 0.0000 0.0482
003400 0.5899 0.3626 0.0000 0.0475
003420 0.6032 0.3502 0.0000 0.0466
003440 0.6082 0.3435 0.0000 0.0483
003460 0.6049 0.3456 0.0000 0.0495
003480 0.6036 0.3458 0.0000 0.0506
003500 0.5960 0.3526 0.0000 0.0515
003520 0.5866 0.3600 0.0000 0.0534
003540 0.5812 0.3681 0.0000 0.0507
003560 0.5794 0.3701 0.0000 0.0504
003580 0.5796 0.3707 0.0000 0.0497
003600 0.5860 0.3655 0.0000 0.0486
003620 0.5901 0.3599 0.0000 0.0500
003640 0.5930 0.3582 0.0000 0.0489
003660 0.5899 0.3586 0.0000 0.0515
003680 0.5875 0.3617 0.0000 0.0508
003700 0.5863 0.3629 0.0000 0.0508
003720 0.5899 0.3607 0.0000 0.0494
003740 0.5921 0.3600 0.0000 0.0479
003760 0.5992 0.3539 0.0000 0.0469
003780 0.6037 0.3479 0.0000 0.0484
003800 0.6011 0.3478 0.0000 0.0510
003820 0.5970 0.3519 0.0000 0.0511
003840 0.5953 0.3549 0.0000 0.0498
003860 0.5937 0.3579 0.0000 0.0484
003880 0.5984 0.3528 0.0000 0.0488
003900 0.6006 0.3499 0.0000 0.0495
003920 0.5986 0.3506 0.0000 0.0508
003940 0.5940 0.3540 0.0000 0.0520
003960 0.5886 0.3604 0.0000 0.0511
003980 0.5872 0.3606 0.0000 0.0522
004000 0.5866 0.3612 0.0000 0.0522
004020 0.5870 0.3634 0.0000 0.0495
004040 0.5928 0.3598 0.0000 0.0474
004060 0.5953 0.3532 0.0000 0.0515
004080 0.5886 0.3585 0.0000 0.0529
004100 0.5864 0.3633 0.0000 0.0503
004120 0.5906 0.3611 0.0000 0.0484
004140 0.5954 0.3564 0.0000 0.0482
004160 0.5992 0.3546 0.0000 0.0462
004180 0.6031 0.3497 0.0000 0.0472
004200 0.6044 0.3466 0.0000 0.0490
004220 0.6015 0.3487 0.0000 0.0498
004240 0.5977 0.3518 0.0000 0.0505
004260 0.5993 0.3522 0.0000 0.0485
004280 0.5976 0.3505 0.0000 0.0520
004300 0.5893 0.3590 0.0000 0.0517
004320 0.5866 0.3630 0.0000 0.0504
004340 0.5840 0.3645 0.0000 0.0515
004360 0.5832 0.3671 0.0000 0.0496
004380 0.5872 0.3653 0.0000 0.0475
004400 0.5970 0.3562 0.0000 0.0469
004420 0.6029 0.3498 0.0000 0.0474
004440 0.6025 0.3485 0.0000 0.0489
004460 0.6047 0.3473 0.0000 0.0480
004480 0.6081 0.3435 0.0000 0.0485
004500 0.6026 0.3476 0.0000 0.0499
004520 0.5990 0.3510 0.0000 0.0501
004540 0.5937 0.3581 0.0000 0.0482
004560 0.5961 0.3567 0.0000 0.0472
004580 0.5960 0.3535 0.0000 0.0505
004600 0.5970 0.3539 0.0000 0.0491
004620 0.6017 0.3522 0.0000 0.0462
004640 0.6083 0.3450 0.0000 0.0467
004660 0.6042 0.3463 0.0000 0.0495
004680 0.5973 0.3508 0.0000 0.0519
004700 0.5902 0.3576 0.0000 0.0522
004720 0.5924 0.3586 0.0000 0.0490
004740 0.5970 0.3547 0.0000 0.0484
004760 0.6012 0.3494 0.0000 0.0494
004780 0.5982 0.3514 0.0000 0.0504
004800 0.5941 0.3542 0.0000 0.0517
004820 0.5878 0.3608 0.0000 0.0514
004840 0.5915 0.3596 0.0000 0.0489
004860 0.5916 0.3576 0.0000 0.0508
004880 0.5915 0.3582 0.0000 0.0504
004900 0.5932 0.3580 0.0000 0.0488
004920 0.5975 0.3525 0.0000 0.0501
004940 0.5969 0.3515 0.0000 0.0516
004960 0.5887 0.3587 0.0000 0.0526
004980 0.5867 0.3626 0.0000 0.0506
005000 0.5880 0.3610 0.0000 0.0510
005020 0.5906 0.3607 0.0000 0.0487
005040 0.5938 0.3582 0.0000 0.0480
005060 0.5999 0.3527 0.0000 0.0475
005080 0.6037 0.3483 0.0000 0.0480
005100 0.6034 0.3460 0.0000 0.0505
005120 0.5943 0.3528 0.0000 0.0529
005140 0.5922 0.3583 0.0000 0.0494
005160 0.5978 0.3529 0.0000 0.0493
005180 0.5963 0.3539 0.0000 0.0498
005200 0.5920 0.3564 0.0000 0.0517
005220 0.5870 0.3611 0.0000 0.0519
005240 0.5863 0.3663 0.0000 0.0474
005260 0.5956 0.3571 0.0000 0.0473
005280 0.6005 0.3510 0.0000 0.0485
005300 0.6023 0.3493 0.0000 0.0484
005320 0.6015 0.3473 0.0000 0.0512
005340 0.5912 0.3555 0.0000 0.0533
005360 0.5855 0.3651 0.0000 0.0494
005380 0.5929 0.3615 0.0000 0.0456
005400 0.6039 0.3498 0.0000 0.0462
005420 0.6119 0.3411 0.0000 0.0470
005440 0.6150 0.3352 0.0000 0.0497
005460 0.6049 0.3420 0.0000 0.0532
005480 0.5906 0.3531 0.0000 0.0563
005500 0.5720 0.3727 0.0000 0.0554
005520 0.5704 0.3792 0.0000 0.0504
005540 0.5731 0.3773 0.0000 0.0496
005560 0.5849 0.3679 0.0000 0.0472
005580 0.5933 0.3596 0.0000 0.0471
005600 0.6016 0.3517 0.0000 0.0467
005620 0.6096 0.3434 0.0000 0.0469
005640 0.6126 0.3392 0.0000 0.0482
005660 0.6123 0.3372 0.0000 0.0505
005680 0.6071 0.3400 0.0000 0.0529
005700 0.5962 0.3497 0.0000 0.0541
005720 0.5854 0.3613 0.0000 0.0533
005740 0.5780 0.3693 0.0000 0.0527
005760 0.5724 0.3741 0.0000 0.0535
005780 0.5699 0.3781 0.0000 0.0520
005800 0.5776 0.3746 0.0000 0.0478
005820 0.5900 0.3635 0.0000 0.0465
005840 0.5965 0.3551 0.0000 0.0484
005860 0.5980 0.3541 0.0000 0.0479
005880 0.5986 0.3524 0.0000 0.0490
005900 0.5947 0.3547 0.0000 0.0507
005920 0.5883 0.3589 0.0000 0.0528
005940 0.5862 0.3615 0.0000 0.0523
005960 0.5893 0.3634 0.0000 0.0473
005980 0.5985 0.3542 0.0000 0.0473
006000 0.6017 0.3503 0.0000 0.0480
006020 0.6026 0.3490 0.0000 0.0484
006040 0.6032 0.3484 0.0000 0.0484
006060 0.6028 0.3468 0.0000 0.0504
006080 0.5958 0.3527 0.0000 0.0516
006100 0.5938 0.3572 0.0000 0.0490
006120 0.5885 0.3613 0.0000 0.0502
006140 0.5869 0.3647 0.0000 0.0484
006160 0.5939 0.3582 0.0000 0.0479
006180 0.6028 0.3514 0.0000 0.0459
006200 0.6149 0.3390 0.0000 0.0461
006220 0.6196 0.3326 0.0000 0.0478
006240 0.6122 0.3357 0.0000 0.0521
006260 0.5923 0.3490 0.0000 0.0587
006280 0.5730 0.3696 0.0000 0.0574
006300 0.5672 0.3789 0.0000 0.0539
006320 0.5682 0.3817 0.0000 0.0501
006340 0.5772 0.3745 0.0000 0.0483
006360 0.5904 0.3640 0.0000 0.0456
006380 0.6012 0.3515 0.0000 0.0474
006400 0.6067 0.3440 0.0000 0.0493
006420 0.6056 0.3437 0.0000 0.0507
006440 0.6031 0.3465 0.0000 0.0504
006460 0.5995 0.3492 0.0000 0.0513
006480 0.5918 0.3571 0.0000 0.0510
006500 0.5891 0.3601 0.0000 0.0508
006520 0.5992 0.3548 0.0000 0.0460
006540 0.6114 0.3447 0.0000 0.0438
006560 0.6200 0.3318 0.0000 0.0481
006580 0.6171 0.3328 0.0000 0.0501
006600 0.6097 0.3395 0.0000 0.0508
006620 0.5994 0.3496 0.0000 0.0510
006640 0.5895 0.3577 0.0000 0.0528
006660 0.5846 0.3641 0.0000 0.0513
006680 0.5826 0.3672 0.0000 0.0502
006700 0.5891 0.3638 0.0000 0.0471
006720 0.6002 0.3558 0.0000 0.0440
006740 0.6162 0.3417 0.0000 0.0420
006760 0.6289 0.3277 0.0000 0.0434
006780 0.6281 0.3248 0.0000 0.0471
006800 0.6184 0.3296 0.0000 0.0519
006820 0.5981 0.3449 0.0000 0.0570
006840 0.5763 0.3667 0.0000 0.0571
006860 0.5664 0.3815 0.0000 0.0521
006880 0.5703 0.3798 0.0000 0.0499
006900 0.5834 0.3703 0.0000 0.0463
006920 0.6004 0.3549 0.0000 0.0448
006940 0.6078 0.3444 0.0000 0.0479
006960 0.6066 0.3441 0.0000 0.0493
006980 0.6026 0.3477 0.0000 0.0497
007000 0.5991 0.3496 0.0000 0.0512
007020 0.5939 0.3528 0.0000 0.0533
007040 0.5870 0.3603 0.0000 0.0527
007060 0.5843 0.3654 0.0000 0.0502
007080 0.5861 0.3669 0.0000 0.0469
007100 0.5941 0.3584 0.0000 0.0475
007120 0.6004 0.3513 0.0000 0.0483
007140 0.6029 0.3480 0.0000 0.0491
007160 0.6028 0.3476 0.0000 0.0496
007180 0.5987 0.3493 0.0000 0.0520
007200 0.5914 0.3550 0.0000 0.0536
007220 0.5809 0.3652 0.0000 0.0538
007240 0.5738 0.3750 0.0000 0.0512
007260 0.5803 0.3710 0.0000 0.0487
007280 0.5895 0.3642 0.0000 0.0463
007300 0.6026 0.3517 0.0000 0.0457
007320 0.6150 0.3399 0.0000 0.0451
007340 0.6209 0.3332 0.0000 0.0458
007360 0.6191 0.3321 0.0000 0.0488
007380 0.6096 0.3384 0.0000 0.0520
007400 0.5999 0.3479 0.0000 0.0521
007420 0.5919 0.3572 0.0000 0.0509
007440 0.5853 0.3626 0.0000 0.0521
007460 0.5818 0.3672 0.0000 0.0510
007480 0.5883 0.3650 0.0000 0.0467
007500 0.5996 0.3552 0.0000 0.0452
007520 0.6037 0.3489 0.0000 0.0473
007540 0.6050 0.3460 0.0000 0.0490
007560 0.6058 0.3457 0.0000 0.0485
007580 0.6043 0.3455 0.0000 0.0502
007600 0.5966 0.3524 0.0000 0.0510
007620 0.5942 0.3563 0.0000 0.0496
007640 0.5984 0.3527 0.0000 0.0489
007660 0.6032 0.3488 0.0000 0.0480
007680 0.6033 0.3460 0.0000 0.0507
007700 0.5978 0.3535 0.0000 0.0487
007720 0.5989 0.3540 0.0000 0.0471
007740 0.5991 0.3528 0.0000 0.0481
007760 0.5998 0.3509 0.0000 0.0494
007780 0.5957 0.3543 0.0000 0.0500
007800 0.5923 0.3568 0.0000 0.0509
007820 0.5944 0.3567 0.0000 0.0489
007840 0.5977 0.3516 0.0000 0.0507
007860 0.5985 0.3525 0.0000 0.0489
007880 0.5997 0.3516 0.0000 0.0486
007900 0.5978 0.3527 0.0000 0.0495
007920 0.5948 0.3557 0.0000 0.0495
007940 0.5974 0.3531 0.0000 0.0496
007960 0.5920 0.3558 0.0000 0.0522
007980 0.5848 0.3621 0.0000 0.0530
008000 0.5829 0.3677 0.0000 0.0494
008020 0.5855 0.3650 0.0000 0.0495
008040 0.5932 0.3593 0.0000 0.0475
008060 0.5980 0.3530 0.0000 0.0491
008080 0.5988 0.3512 0.0000 0.0500
008100 0.5944 0.3541 0.0000 0.0515
008120 0.5918 0.3585 0.0000 0.0497
008140 0.5919 0.3584 0.0000 0.0497
008160 0.5900 0.3592 0.0000 0.0508
008180 0.5863 0.3624 0.0000 0.0513
008200 0.5870 0.3640 0.0000 0.0490
008220 0.5911 0.3601 0.0000 0.0488
008240 0.5918 0.3585 0.0000 0.0497
008260 0.5943 0.3580 0.0000 0.0477
008280 0.5980 0.3551 0.0000 0.0469
008300 0.6027 0.3501 0.0000 0.0473
008320 0.6098 0.3426 0.0000 0.0477
008340 0.6110 0.3413 0.0000 0.0476
008360 0.6118 0.3397 0.0000 0.0485
008380 0.6100 0.3408 0.0000 0.0492
008400 0.6061 0.3440 0.0000 0.0499
008420 0.5985 0.3499 0.0000 0.0516
008440 0.5889 0.3566 0.0000 0.0544
008460 0.5763 0.3697 0.0000 0.0539
008480 0.5745 0.3748 0.0000 0.0507
008500 0.5788 0.3724 0.0000 0.0488
008520 0.5861 0.3666 0.0000 0.0473
008540 0.5983 0.3549 0.0000 0.0468
008560 0.6052 0.3456 0.0000 0.0492
008580 0.6074 0.3430 0.0000 0.0496
008600 0.6076 0.3440 0.0000 0.0484
008620 0.6048 0.3466 0.0000 0.0486
008640 0.5961 0.3536 0.0000 0.0503
008660 0.5933 0.3570 0.0000 0.0497
008680 0.5981 0.3546 0.0000 0.0473
008700 0.5987 0.3522 0.0000 0.0491
008720 0.5973 0.3528 0.0000 0.0499
008740 0.5847 0.3593 0.0000 0.0561
008760 0.5769 0.3717 0.0000 0.0515
008780 0.5803 0.3716 0.0000 0.0481
008800 0.5858 0.3666 0.0000 0.0476
008820 0.5962 0.3579 0.0000 0.0459
008840 0.6047 0.3487 0.0000 0.0465
008860 0.6129 0.3399 0.0000 0.0472
008880 0.6135 0.3375 0.0000 0.0491
008900 0.6042 0.3432 0.0000 0.0526
008920 0.5919 0.3550 0.0000 0.0531
008940 0.5836 0.3639 0.0000 0.0525
008960 0.5848 0.3649 0.0000 0.0503
008980 0.5918 0.3618 0.0000 0.0464
009000 0.6032 0.3510 0.0000 0.0458
009020 0.6126 0.3410 0.0000 0.0464
009040 0.6137 0.3352 0.0000 0.0511
009060 0.6003 0.3453 0.0000 0.0544
009080 0.5843 0.3619 0.0000 0.0538
009100 0.5773 0.3706 0.0000 0.0522
009120 0.5765 0.3744 0.0000 0.0491
009140 0.5866 0.3663 0.0000 0.0472
009160 0.6008 0.3521 0.0000 0.0471
009180 0.6056 0.3440 0.0000 0.0503
009200 0.6033 0.3469 0.0000 0.0498
009220 0.5965 0.3510 0.0000 0.0525
009240 0.5840 0.3639 0.0000 0.0521
009260 0.5840 0.3656 0.0000 0.0504
009280 0.5897 0.3626 0.0000 0.0476
009300 0.5996 0.3533 0.0000 0.0471
009320 0.6066 0.3467 0.0000 0.0467
009340 0.6097 0.3427 0.0000 0.0476
009360 0.6122 0.3397 0.0000 0.0481
009380 0.6103 0.3394 0.0000 0.0502
009400 0.6031 0.3448 0.0000 0.0521
009420 0.5933 0.3548 0.0000 0.0520
009440 0.5846 0.3626 0.0000 0.0528
009460 0.5786 0.3694 0.0000 0.0520
009480 0.5818 0.3694 0.0000 0.0489
009500 0.5902 0.3637 0.0000 0.0462
009520 0.6018 0.3521 0.0000 0.0461
009540 0.6061 0.3448 0.0000 0.0491
009560 0.6084 0.3439 0.0000 0.0477
009580 0.6020 0.3472 0.0000 0.0508
009600 0.5972 0.3534 0.0000 0.0494
009620 0.5979 0.3545 0.0000 0.0476
009640 0.5994 0.3507 0.0000 0.0499
009660 0.5956 0.3541 0.0000 0.0503
009680 0.5939 0.3569 0.0000 0.0493
009700 0.5963 0.3536 0.0000 0.0501
009720 0.5939 0.3547 0.0000 0.0514
009740 0.5904 0.3587 0.0000 0.0510
009760 0.5908 0.3584 0.0000 0.0508
009780 0.5987 0.3556 0.0000 0.0457
009800 0.6061 0.3489 0.0000 0.0449
009820 0.6129 0.3393 0.0000 0.0477
009840 0.6134 0.3383 0.0000 0.0482
009860 0.6123 0.3379 0.0000 0.0498
009880 0.6044 0.3447 0.0000 0.0509
009900 0.6000 0.3497 0.0000 0.0503
009920 0.5974 0.3520 0.0000 0.0506
009940 0.5947 0.3531 0.0000 0.0522
009960 0.5877 0.3590 0.0000 0.0533
009980 0.5834 0.3639 0.0000 0.0527
010000 0.5823 0.3676 0.0000 0.0501
010020 0.5835 0.3685 0.0000 0.0480
010040 0.5835 0.3685 0.0000 0.0480
010060 0.5835 0.3685 0.0000 0.0480
010080 0.5835 0.3685 0.0000 0.0480
010100 0.5835 0.3685 0.0000 0.0480
010120 0.5835 0.3685 0.0000 0.0480
010140 0.5835 0.3685 0.0000 0.0480
010160 0.5835 0.3685 0.0000 0.0480
010180 0.5835 0.3685 0.0000 0.0480
010200 0.5835 0.3685 0.0000 0.0480
010220 0.5835 0.3685 0.0000 0.0480
010240 0.5835 0.3685 0.0000 0.0480
010260 0.5835 0.3685 0.0000 0.0480
010280 0.5835 0.3685 0.0000 0.0480
010300 0.5835 0.3685 0.0000 0.0480
010320 0.5835 0.3685 0.0000 0.0480
010340 0.5835 0.3685 0.0000 0.0480
010360 0.5835 0.3685 0.0000 0.0480
010380 0.5835 0.3685 0.0000 0.0480
010400 0.5835 0.3685 0.0000 0.0480
010420 0.5835 0.3685 0.0000 0.0480
010440 0.5835 0.3685 0.0000 0.0480
010460 0.5835 0.3685 0.0000 0.0480
010480 0.5835 0.3685 0.0000 0.0480
010500 0.5835 0.3685 0.0000 0.0480
010520 0.5835 0.3685 0.0000 0.0480
010540 0.5835 0.3685 0.0000 0.0480
010560 0.5835 0.3685 0.0000 0.0480
010580 0.5835 0.3685 0.0000 0.0480
010600 0.5835 0.3685 0.0000 0.0480
010620 0.5835 0.3685 0.0000 0.0480
010640 0.5835 0.3685 0.0000 0.0480
010660 0.5835 0.3685 0.0000 0.0480
010680 0.5835 0.3685 0.0000 0.0480
010700 0.5835 0.3685 0.0000 0.0480
010720 0.5835 0.3685 0.0000 0.0480
010740 0.5835 0.3685 0.0000 0.0480
010760 0.5835 0.3685 0.0000 0.0480
010780 0.5835 0.3685 0.0000 0.0480
010800 0.5835 0.3685 0.0000 0.0480
010820 0.5835 0.3685 0.0000 0.0480
010840 0.5835 0.3685 0.0000 0.0480
010860 0.5835 0.3685 0.0000 0.0480
010880 0.5835 0.3685 0.0000 0.0480
010900 0.5835 0.3685 0.0000 0.0480
010920 0.5835 0.3685 0.0000 0.0480
010940 0.5835 0.3685 0.0000 0.0480
010960 0.5835 0.3685 0.0000 0.0480
010980 0.5835 0.3685 0.0000 0.0480
011000 0.5835 0.3685 0.0000 0.0480
011020 0.5835 0.3685 0.0000 0.0480
011040 0.5835 0.3685 0.0000 0.0480
011060 0.5835 0.3685 0.0000 0.0480
011080 0.5835 0.3685 0.0000 0.0480
011100 0.5835 0.3685 0.0000 0.0480
011120 0.5835 0.3685 0.0000 0.0480
011140 0.5835 0.3685 0.0000 0.0480
011160 0.5835 0.3685 0.0000 0.0480
011180 0.5835 0.3685 0.0000 0.0480
011200 0.5835 0.3685 0.0000 0.0480
011220 0.5835 0.3685 0.0000 0.0480
011240 0.5835 0.3685 0.0000 0.0480
011260 0.5835 0.3685 0.0000 0.0480
011280 0.5835 0.3685 0.0000 0.0480
011300 0.5835 0.3685 0.0000 0.0480
011320 0.5835 0.3685 0.0000 0.0480
011340 0.5835 0.3685 0.0000 0.0480
011360 0.5835 0.3685 0.0000 0.0480
011380 0.5835 0.3685 0.0000 0.0480
011400 0.5835 0.3685 0.0000 0.0480
011420 0.5835 0.3685 0.0000 0.0480
011440 0.5835 0.3685 0.0000 0.0480
011460 0.5835 0.3685 0.0000 0.0480
011480 0.5835 0.3685 0.0000 0.0480
011500 0.5835 0.3685 0.0000 0.0480
011520 0.5835 0.3685 0.0000 0.0480
011540 0.5835 0.3685 0.0000 0.0480
011560 0.5835 0.3685 0.0000 0.0480
011580 0.5835 0.3685 0.0000 0.0480
011600 0.5835 0.3685 0.0000 0.0480
011620 0.5835 0.3685 0.0000 0.0480
011640 0.5835 0.3685 0.0000 0.0480
011660 0.5835 0.3685 0.0000 0.0480
011680 0.5835 0.3685 0.0000 0.0480
011700 0.5835 0.3685 0.0000 0.0480
011720 0.5835 0.3685 0.0000 0.0480
011740 0.5835 0.3685 0.0000 0.0480
011760 0.5835 0.3685 0.0000 0.0480
011780 0.5835 0.3685 0.0000 0.0480
011800 0.5835 0.3685 0.0000 0.0480
011820 0.5835 0.3685 0.0000 0.0480
011840 0.5835 0.3685 0.0000 0.0480
011860 0.5835 0.3685 0.0000 0.0480
011880 0.5835 0.3685 0.0000 0.0480
011900 0.5835 0.3685 0.0000 0.0480
011920 0.5835 0.3685 0.0000 0.0480
011940 0.5835 0.3685 0.0000 0.0480
011960 0.5835 0.3685 0.0000 0.0480
011980 0.5835 0.3685 0.0000 0.0480
012000 0.5835 0.3685 0.0000 0.0480
012020 0.5835 0.3685 0.0000 0.0480
012040 0.5835 0.3685 0.0000 0.0480
012060 0.5835 0.3685 0.0000 0.0480
012080 0.5835 0.3685 0.0000 0.0480
012100 0.5835 0.3685 0.0000 0.0480
012120 0.5835 0.3685 0.0000 0.0480
012140 0.5835 0.3685 0.0000 0.0480
012160 0.5835 0.3685 0.0000 0.0480
012180 0.5835 0.3685 0.0000 0.0480
012200 0.5835 0.3685 0.0000 0.0480
012220 0.5835 0.3685 0.0000 0.0480
012240 0.5835 0.3685 0.0000 0.0480
012260 0.5835 0.3685 0.0000 0.0480
012280 0.5835 0.3685 0.0000 0.0480
012300 0.5835 0.3685 0.0000 0.0480
012320 0.5835 0.3685 0.0000 0.0480
012340 0.5835 0.3685 0.0000 0.0480
012360 0.5835 0.3685 0.0000 0.0480
012380 0.5835 0.3685 0.0000 0.0480
012400 0.5835 0.3685 0.0000 0.0480
012420 0.5835 0.3685 0.0000 0.0480
012440 0.5835 0.3685 0.0000 0.0480
012460 0.5835 0.3685 0.0000 0.0480
012480 0.5835 0.3685 0.0000 0.0480
012500 0.5835 0.3685 0.0000 0.0480
012520 0.5835 0.3685 0.0000 0.0480
012540 0.5835 0.3685 0.0000 0.0480
012560 0.5835 0.3685 0.0000 0.0480
012580 0.5835 0.3685 0.0000 0.0480
012600 0.5835 0.3685 0.0000 0.0480
012620 0.5835 0.3685 0.0000 0.0480
012640 0.5835 0.3685 0.0000 0.0480
012660 0.5835 0.3685 0.0000 0.0480
012680 0.5835 0.3685 0.0000 0.0480
012700 0.5835 0.3685 0.0000 0.0480
012720 0.5835 0.3685 0.0000 0.0480
012740 0.5835 0.3685 0.0000 0.0480
012760 0.5835 0.3685 0.0000 0.0480
012780 0.5835 0.3685 0.0000 0.0480
012800 0.5835 0.3685 0.0000 0.0480
012820 0.5835 0.3685 0.0000 0.0480
012840 0.5835 0.3685 0.0000 0.0480
012860 0.5835 0.3685 0.0000 0.0480
012880 0.5835 0.3685 0.0000 0.0480
012900 0.5835 0.3685 0.0000 0.0480
012920 0.5835 0.3685 0.0000 0.0480
012940 0.5835 0.3685 0.0000 0.0480
012960 0.5835 0.3685 0.0000 0.0480
012980 0.5835 0.3685 0.0000 0.0480
013000 0.5835 0.3685 0.0000 0.0480
013020 0.5835 0.3685 0.0000 0.0480
013040 0.5835 0.3685 0.0000 0.0480
013060 0.5835 0.3685 0.0000 0.0480
013080 0.5835 0.3685 0.0000 0.0480
013100 0.5835 0.3685 0.0000 0.0480
013120 0.5835 0.3685 0.0000 0.0480
013140 0.5835 0.3685 0.0000 0.0480
013160 0.5835 0.3685 0.0000 0.0480
013180 0.5835 0.3685 0.0000 0.0480
013200 0.5835 0.3685 0.0000 0.0480
013220 0.5835 0.3685 0.0000 0.0480
013240 0.5835 0.3685 0.0000 0.0480
013260 0.5835 0.3685 0.0000 0.0480
013280 0.5835 0.3685 0.0000 0.0480
013300 0.5835 0.3685 0.0000 0.0480
013320 0.5835 0.3685 0.0000 0.0480
013340 0.5835 0.3685 0.0000 0.0480
013360 0.5835 0.3685 0.0000 0.0480
013380 0.5835 0.3685 0.0000 0.0480
013400 0.5835 0.3685 0.0000 0.0480
013420 0.5835 0.3685 0.0000 0.0480
013440 0.5835 0.3685 0.0000 0.0480
013460 0.5835 0.3685 0.0000 0.0480
013480 0.5835 0.3685 0.0000 0.0480
013500 0.5835 0.3685 0.0000 0.0480
013520 0.5835 0.3685 0.0000 0.0480
013540 0.5835 0.3685 0.0000 0.0480
013560 0.5835 0.3685 0.0000 0.0480
013580 0.5835 0.3685 0.0000 0.0480
013600 0.5835 0.3685 0.0000 0.0480
013620 0.5835 0.3685 0.0000 0.0480
013640 0.5835 0.3685 0.0000 0.0480
013660 0.5835 0.3685 0.0000 0.0480
013680 0.5835 0.3685 0.0000 0.0480
013700 0.5835 0.3685 0.0000 0.0480
013720 0.5835 0.3685 0.0000 0.0480
013740 0.5835 0.3685 0.0000 0.0480
013760 0.5835 0.3685 0.0000 0.0480
013780 0.5835 0.3685 0.0000 0.0480
013800 0.5835 0.3685 0.0000 0.0480
013820 0.5835 0.3685 0.0000 0.0480
013840 0.5835 0.3685 0.0000 0.0480
013860 0.5835 0.3685 0.0000 0.0480
013880 0.5835 0.3685 0.0000 0.0480
013900 0.5835 0.3685 0.0000 0.0480
013920 0.5835 0.3685 0.0000 0.0480
013940 0.5835 0.3685 0.0000 0.0480
013960 0.5835 0.3685 0.0000 0.0480
013980 0.5835 0.3685 0.0000 0.0480
014000 0.5835 0.3685 0.0000 0.0480
014020 0.5835 0.3685 0.0000 0.0480
014040 0.5835 0.3685 0.0000 0.0480
014060 0.5835 0.3685 0.0000 0.0480
014080 0.5835 0.3685 0.0000 0.0480
014100 0.5835 0.3685 0.0000 0.0480
014120 0.5835 0.3685 0.0000 0.0480
014140 0.5835 0.3685 0.0000 0.0480
014160 0.5835 0.3685 0.0000 0.0480
014180 0.5835 0.3685 0.0000 0.0480
014200 0.5835 0.3685 0.0000 0.0480
014220 0.5835 0.3685 0.0000 0.0480
014240 0.5835 0.3685 0.0000 0.0480
014260 0.5835 0.3685 0.0000 0.0480
014280 0.5835 0.3685 0.0000 0.0480
014300 0.5835 0.3685 0.0000 0.0480
014320 0.5835 0.3685 0.0000 0.0480
014340 0.5835 0.3685 0.0000 0.0480
014360 0.5835 0.3685 0.0000 0.0480
014380 0.5835 0.3685 0.0000 0.0480
014400 0.5835 0.3685 0.0000 0.0480
014420 0.5835 0.3685 0.0000 0.0480
014440 0.5835 0.3685 0.0000 0.0480
014460 0.5835 0.3685 0.0000 0.0480
014480 0.5835 0.3685 0.0000 0.0480
014500 0.5835 0.3685 0.0000 0.0480
014520 0.5835 0.3685 0.0000 0.0480
014540 0.5835 0.3685 0.0000 0.0480
014560 0.5835 0.3685 0.0000 0.0480
014580 0.5835 0.3685 0.0000 0.0480
014600 0.5835 0.3685 0.0000 0.0480
014620 0.5835 0.3685 0.0000 0.0480
014640 0.5835 0.3685 0.0000 0.0480
014660 0.5835 0.3685 0.0000 0.0480
014680 0.5835 0.3685 0.0000 0.0480
014700 0.5835 0.3685 0.0000 0.0480
014720 0.5835 0.3685 0.0000 0.0480
014740 0.5835 0.3685 0.0000 0.0480
014760 0.5835 0.3685 0.0000 0.0480
014780 0.5835 0.3685 0.0000 0.0480
014800 0.5835 0.3685 0.0000 0.0480
014820 0.5835 0.3685 0.0000 0.0480
014840 0.5835 0.3685 0.0000 0.0480
014860 0.5835 0.3685 0.0000 0.0480
014880 0.5835 0.3685 0.0000 0.0480
014900 0.5835 0.3685 0.0000 0.0480
014920 0.5835 0.3685 0.0000 0.0480
014940 0.5835 0.3685 0.0000 0.0480
014960 0.5835 0.3685 0.0000 0.0480
014980 0.5835 0.3685 0.0000 0.0480
015000 0.5835 0.3685 0.0000 0.0480
015020 0.5835 0.3685 0.0000 0.0480
015040 0.5835 0.3685 0.0000 0.0480
015060 0.5835 0.3685 0.0000 0.0480
015080 0.5835 0.3685 0.0000 0.0480
015100 0.5835 0.3685 0.0000 0.0480
015120 0.5835 0.3685 0.0000 0.0480
015140 0.5835 0.3685 0.0000 0.0480
015160 0.5835 0.3685 0.0000 0.0480
015180 0.5835 0.3685 0.0000 0.0480
015200 0.5835 0.3685 0.0000 0.0480
015220 0.5835 0.3685 0.0000 0.0480
015240 0.5835 0.3685 0.0000 0.0480
015260 0.5835 0.3685 0.0000 0.0480
015280 0.5835 0.3685 0.0000 0.0480
015300 0.5835 0.3685 0.0000 0.0480
015320 0.5835 0.3685 0.0000 0.0480
015340 0.5835 0.3685 0.0000 0.0480
015360 0.5835 0.3685 0.0000 0.0480
015380 0.5835 0.3685 0.0000 0.0480
015400 0.5835 0.3685 0.0000 0.0480
015420 0.5835 0.3685 0.0000 0.0480
015440 0.5835 0.3685 0.0000 0.0480
015460 0.5835 0.3685 0.0000 0.0480
015480 0.5835 0.3685 0.0000 0.0480
015500 0.5835 0.3685 0.0000 0.0480
015520 0.5835 0.3685 0.0000 0.0480
015540 0.5835 0.3685 0.0000 0.0480
015560 0.5835 0.3685 0.0000 0.0480
015580 0.5835 0.3685 0.0000 0.0480
015600 0.5835 0.3685 0.0000 0.0480
015620 0.5835 0.3685 0.0000 0.0480
015640 0.5835 0.3685 0.0000 0.0480
015660 0.5835 0.3685 0.0000 0.0480
015680 0.5835 0.3685 0.0000 0.0480
015700 0.5835 0.3685 0.0000 0.0480
015720 0.5835 0.3685 0.0000 0.0480
015740 0.5835 0.3685 0.0000 0.0480
015760 0.5835 0.3685 0.0000 0.0480
015780 0.5835 0.3685 0.0000 0.0480
015800 0.5835 0.3685 0.0000 0.0480
015820 0.5835 0.3685 0.0000 0.0480
015840 0.5835 0.3685 0.0000 0.0480
015860 0.5835 0.3685 0.0000 0.0480
015880 0.5835 0.3685 0.0000 0.0480
015900 0.5835 0.3685 0.0000 0.0480
015920 0.5835 0.3685 0.0000 0.0480
015940 0.5835 0.3685 0.0000 0.0480
015960 0.5835 0.3685 0.0000 0.0480
015980 0.5835 0.3685 0.0000 0.0480
016000 0.5835 0.3685 0.0000 0.0480
016020 0.5835 0.3685 0.0000 0.0480
016040 0.5835 0.3685 0.0000 0.0480
016060 0.5835 0.3685 0.0000 0.0480
016080 0.5835 0.3685 0.0000 0.0480
016100 0.5835 0.3685 0.0000 0.0480
016120 0.5835 0.3685 0.0000 0.0480
016140 0.5835 0.3685 0.0000 0.0480
016160 0.5835 0.3685 0.0000 0.0480
016180 0.5835 0.3685 0.0000 0.0480
016200 0.5835 0.3685 0.0000 0.0480
016220 0.5835 0.3685 0.0000 0.0480
016240 0.5835 0.3685 0.0000 0.0480
016260 0.5835 0.3685 0.0000 0.0480
016280 0.5835 0.3685 0.0000 0.0480
016300 0.5835 0.3685 0.0000 0.0480
016320 0.5835 0.3685 0.0000 0.0480
016340 0.5835 0.3685 0.0000 0.0480
016360 0.5835 0.3685 0.0000 0.0480
016380 0.5835 0.3685 0.0000 0.0480
016400 0.5835 0.3685 0.0000 0.0480
016420 0.5835 0.3685 0.0000 0.0480
016440 0.5835 0.3685 0.0000 0.0480
016460 0.5835 0.3685 0.0000 0.0480
016480 0.5835 0.3685 0.0000 0.0480
016500 0.5835 0.3685 0.0000 0.0480
016520 0.5835 0.3685 0.0000 0.0480
016540 0.5835 0.3685 0.0000 0.0480
016560 0.5835 0.3685 0.0000 0.0480
016580 0.5835 0.3685 0.0000 0.0480
016600 0.5835 0.3685 0.0000 0.0480
016620 0.5835 0.3685 0.0000 0.0480
016640 0.5835 0.3685 0.0000 0.0480
016660 0.5835 0.3685 0.0000 0.0480
016680 0.5835 0.3685 0.0000 0.0480
016700 0.5835 0.3685 0.0000 0.0480
016720 0.5835 0.3685 0.0000 0.0480
016740 0.5835 0.3685 0.0000 0.0480
016760 0.5835 0.3685 0.0000 0.0480
016780 0.5835 0.3685 0.0000 0.0480
016800 0.5835 0.3685 0.0000 0.0480
016820 0.5835 0.3685 0.0000 0.0480
016840 0.5835 0.3685 0.0000 0.0480
016860 0.5835 0.3685 0.0000 0.0480
016880 0.5835 0.3685 0.0000 0.0480
016900 0.5835 0.3685 0.0000 0.0480
016920 0.5835 0.3685 0.0000 0.0480
016940 0.5835 0.3685 0.0000 0.0480
016960 0.5835 0.3685 0.0000 0.0480
016980 0.5835 0.3685 0.0000 0.0480
017000 0.5835 0.3685 0.0000 0.0480
017020 0.5835 0.3685 0.0000 0.0480
017040 0.5835 0.3685 0.0000 0.0480
017060 0.5835 0.3685 0.0000 0.0480
017080 0.5835 0.3685 0.0000 0.0480
017100 0.5835 0.3685 0.0000 0.0480
017120 0.5835 0.3685 0.0000 0.0480
017140 0.5835 0.3685 0.0000 0.0480
017160 0.5835 0.3685 0.0000 0.0480
017180 0.5835 0.3685 0.0000 0.0480
017200 0.5835 0.3685 0.0000 0.0480
017220 0.5835 0.3685 0.0000 0.0480
017240 0.5835 0.3685 0.0000 0.0480
017260 0.5835 0.3685 0.0000 0.0480
017280 0.5835 0.3685 0.0000 0.0480
017300 0.5835 0.3685 0.0000 0.0480
017320 0.5835 0.3685 0.0000 0.0480
017340 0.5835 0.3685 0.0000 0.0480
017360 0.5835 0.3685 0.0000 0.0480
017380 0.5835 0.3685 0.0000 0.0480
017400 0.5835 0.3685 0.0000 0.0480
017420 0.5835 0.3685 0.0000 0.0480
017440 0.5835 0.3685 0.0000 0.0480
017460 0.5835 0.3685 0.0000 0.0480
017480 0.5835 0.3685 0.0000 0.0480
017500 0.5835 0.3685 0.0000 0.0480
017520 0.5835 0.3685 0.0000 0.0480
017540 0.5835 0.3685 0.0000 0.0480
017560 0.5835 0.3685 0.0000 0.0480
017580 0.5835 0.3685 0.0000 0.0480
017600 0.5835 0.3685 0.0000 0.0480
017620 0.5835 0.3685 0.0000 0.0480
017640 0.5835 0.3685 0.0000 0.0480
017660 0.5835 0.3685 0.0000 0.0480
017680 0.5835 0.3685 0.0000 0.0480
017700 0.5835 0.3685 0.0000 0.0480
017720 0.5835 0.3685 0.0000 0.0480
017740 0.5835 0.3685 0.0000 0.0480
017760 0.5835 0.3685 0.0000 0.0480
017780 0.5835 0.3685 0.0000 0.0480
017800 0.5835 0.3685 0.0000 0.0480
017820 0.5835 0.3685 0.0000 0.0480
017840 0.5835 0.3685 0.0000 0.0480
017860 0.5835 0.3685 0.0000 0.0480
017880 0.5835 0.3685 0.0000 0.0480
017900 0.5835 0.3685 0.0000 0.0480
017920 0.5835 0.3685 0.0000 0.0480
017940 0.5835 0.3685 0.0000 0.0480
017960 0.5835 0.3685 0.0000 0.0480
017980 0.5835 0.3685 0.0000 0.0480
018000 0.5835 0.3685 0.0000 0.0480
018020 0.5835 0.3685 0.0000 0.0480
018040 0.5835 0.3685 0.0000 0.0480
018060 0.5835 0.3685 0.0000 0.0480
018080 0.5835 0.3685 0.0000 0.0480
018100 0.5835 0.3685 0.0000 0.0480
018120 0.5835 0.3685 0.0000 0.0480
018140 0.5835 0.3685 0.0000 0.0480
018160 0.5835 0.3685 0.0000 0.0480
018180 0.5835 0.3685 0.0000 0.0480
018200 0.5835 0.3685 0.0000 0.0480
018220 0.5835 0.3685 0.0000 0.0480
018240 0.5835 0.3685 0.0000 0.0480
018260 0.5835 0.3685 0.0000 0.0480
018280 0.5835 0.3685 0.0000 0.0480
018300 0.5835 0.3685 0.0000 0.0480
018320 0.5835 0.3685 0.0000 0.0480
018340 0.5835 0.3685 0.0000 0.0480
018360 0.5835 0.3685 0.0000 0.0480
018380 0.5835 0.3685 0.0000 0.0480
018400 0.5835 0.3685 0.0000 0.0480
018420 0.5835 0.3685 0.0000 0.0480
018440 0.5835 0.3685 0.0000 0.0480
018460 0.5835 0.3685 0.0000 0.0480
018480 0.5835 0.3685 0.0000 0.0480
018500 0.5835 0.3685 0.0000 0.0480
018520 0.5835 0.3685 0.0000 0.0480
018540 0.5835 0.3685 0.0000 0.0480
018560 0.5835 0.3685 0.0000 0.0480
018580 0.5835 0.3685 0.0000 0.0480
018600 0.5835 0.3685 0.0000 0.0480
018620 0.5835 0.3685 0.0000 0.0480
018640 0.5835 0.3685 0.0000 0.0480
018660 0.5835 0.3685 0.0000 0.0480
018680 0.5835 0.3685 0.0000 0.0480
018700 0.5835 0.3685 0.0000 0.0480
018720 0.5835 0.3685 0.0000 0.0480
018740 0.5835 0.3685 0.0000 0.0480
018760 0.5835 0.3685 0.0000 0.0480
018780 0.5835 0.3685 0.0000 0.0480
018800 0.5835 0.3685 0.0000 0.0480
018820 0.5835 0.3685 0.0000 0.0480
018840 0.5835 0.3685 0.0000 0.0480
018860 0.5835 0.3685 0.0000 0.0480
018880 0.5835 0.3685 0.0000 0.0480
018900 0.5835 0.3685 0.0000 0.0480
018920 0.5835 0.3685 0.0000 0.0480
018940 0.5835 0.3685 0.0000 0.0480
018960 0.5835 0.3685 0.0000 0.0480
018980 0.5835 0.3685 0.0000 0.0480
019000 0.5835 0.3685 0.0000 0.0480
019020 0.5835 0.3685 0.0000 0.0480
019040 0.5835 0.3685 0.0000 0.0480
019060 0.5835 0.3685 0.0000 0.0480
019080 0.5835 0.3685 0.0000 0.0480
019100 0.5835 0.3685 0.0000 0.0480
019120 0.5835 0.3685 0.0000 0.0480
019140 0.5835 0.3685 0.0000 0.0480
019160 0.5835 0.3685 0.0000 0.0480
019180 0.5835 0.3685 0.0000 0.0480
019200 0.5835 0.3685 0.0000 0.0480
019220 0.5835 0.3685 0.0000 0.0480
019240 0.5835 0.3685 0.0000 0.0480
019260 0.5835 0.3685 0.0000 0.0480
019280 0.5835 0.3685 0.0000 0.0480
019300 0.5835 0.3685 0.0000 0.0480
019320 0.5835 0.3685 0.0000 0.0480
019340 0.5835 0.3685 0.0000 0.0480
019360 0.5835 0.3685 0.0000 0.0480
019380 0.5835 0.3685 0.0000 0.0480
019400 0.5835 0.3685 0.0000 0.0480
019420 0.5835 0.3685 0.0000 0.0480
019440 0.5835 0.3685 0.0000 0.0480
019460 0.5835 0.3685 0.0000 0.0480
019480 0.5835 0.3685 0.0000 0.0480
019500 0.5835 0.3685 0.0000 0.0480
019520 0.5835 0.3685 0.0000 0.0480
019540 0.5835 0.3685 0.0000 0.0480
019560 0.5835 0.3685 0.0000 0.0480
019580 0.5835 0.3685 0.0000 0.0480
019600 0.5835 0.3685 0.0000 0.0480
019620 0.5835 0.3685 0.0000 0.0480
019640 0.5835 0.3685 0.0000 0.0480
019660 0.5835 0.3685 0.0000 0.0480
019680 0.5835 0.3685 0.0000 0.0480
019700 0.5835 0.3685 0.0000 0.0480
019720 0.5835 0.3685 0.0000 0.0480
019740 0.5835 0.3685 0.0000 0.0480
019760 0.5835 0.3685 0.0000 0.0480
019780 0.5835 0.3685 0.0000 0.0480
019800 0.5835 0.3685 0.0000 0.0480
019820 0.5835 0.3685 0.0000 0.0480
019840 0.5835 0.3685 0.0000 0.0480
019860 0.5835 0.3685 0.0000 0.0480
019880 0.5835 0.3685 0.0000 0.0480
019900 0.5835 0.3685 0.0000 0.0480
019920 0.5835 0.3685 0.0000 0.0480
019940 0.5835 0.3685 0.0000 0.0480
019960 0.5835 0.3685 0.0000 0.0480
019980 0.5835 0.3685 0.0000 0.0480
020000 0.5835 0.3685 0.0000 0.0480
