000000 0.2500 0.2500 0.2500 0.2500
000020 0.2593 0.2598 0.2299 0.2510
000040 0.2704 0.2702 0.2079 0.2515
000060 0.2812 0.2809 0.1866 0.2514
000080 0.2906 0.2920 0.1665 0.2509
000100 0.2980 0.3057 0.1473 0.2491
000120 0.3035 0.3207 0.1294 0.2464
000140 0.3093 0.3347 0.1124 0.2436
000160 0.3133 0.3505 0.0962 0.2401
000180 0.3163 0.3669 0.0816 0.2351
000200 0.3183 0.3843 0.0682 0.2293
000220 0.3185 0.4018 0.0560 0.2236
000240 0.3170 0.4213 0.0450 0.2167
000260 0.3153 0.4410 0.0354 0.2083
000280 0.3119 0.4618 0.0266 0.1997
000300 0.3077 0.4827 0.0192 0.1904
000320 0.3016 0.5056 0.0129 0.1800
000340 0.2942 0.5300 0.0077 0.1681
000360 0.2875 0.5531 0.0040 0.1555
000380 0.2804 0.5759 0.0016 0.1420
000400 0.2728 0.5991 0.0002 0.1278
000420 0.2637 0.6242 0.0000 0.1121
000440 0.2557 0.6495 0.0000 0.0948
000460 0.2496 0.6739 0.0000 0.0765
000480 0.2453 0.6923 0.0000 0.0625
000500 0.2434 0.7070 0.0000 0.0496
000520 0.2421 0.7183 0.0000 0.0396
000540 0.2423 0.7265 0.0000 0.0312
000560 0.2453 0.7312 0.0000 0.0235
000580 0.2522 0.7306 0.0000 0.0171
000600 0.2620 0.7260 0.0000 0.0120
000620 0.2713 0.7200 0.0000 0.0087
000640 0.2838 0.7104 0.0000 0.0058
000660 0.2977 0.6982 0.0000 0.0041
000680 0.3087 0.6872 0.0000 0.0041
000700 0.3201 0.6756 0.0000 0.0043
000720 0.3306 0.6649 0.0000 0.0046
000740 0.3405 0.6549 0.0000 0.0046
000760 0.3499 0.6453 0.0000 0.0048
000780 0.3610 0.6349 0.0000 0.0041
000800 0.3693 0.6259 0.0000 0.0048
000820 0.3753 0.6188 0.0000 0.0059
000840 0.3804 0.6131 0.0000 0.0064
000860 0.3844 0.6082 0.0000 0.0074
000880 0.3885 0.6040 0.0000 0.0076
000900 0.3930 0.5995 0.0000 0.0076
000920 0.3980 0.5932 0.0000 0.0089
000940 0.3988 0.5911 0.0000 0.0101
000960 0.4009 0.5888 0.0000 0.0103
000980 0.4035 0.5866 0.0000 0.0099
001000 0.4062 0.5839 0.0000 0.0098
001020 0.4099 0.5803 0.0000 0.0098
001040 0.4139 0.5754 0.0000 0.0107
001060 0.4179 0.5713 0.0000 0.0108
001080 0.4221 0.5679 0.0000 0.0100
001100 0.4265 0.5628 0.0000 0.0106
001120 0.4318 0.5575 0.0000 0.0108
001140 0.4367 0.5519 0.0000 0.0114
001160 0.4408 0.5471 0.0000 0.0122
001180 0.4445 0.5436 0.0000 0.0120
001200 0.4494 0.5386 0.0000 0.0120
001220 0.4535 0.5340 0.0000 0.0125
001240 0.4579 0.5293 0.0000 0.0128
001260 0.4652 0.5216 0.0000 0.0132
001280 0.4714 0.5157 0.0000 0.0129
001300 0.4798 0.5071 0.0000 0.0131
001320 0.4861 0.4996 0.0000 0.0143
001340 0.4917 0.4947 0.0000 0.0136
001360 0.4990 0.4871 0.0000 0.0139
001380 0.5055 0.4805 0.0000 0.0140
001400 0.5163 0.4700 0.0000 0.0137
001420 0.5282 0.4588 0.0000 0.0130
001440 0.5365 0.4504 0.0000 0.0132
001460 0.5424 0.4432 0.0000 0.0143
001480 0.5488 0.4358 0.0000 0.0154
001500 0.5522 0.4311 0.0000 0.0167
001520 0.5548 0.4291 0.0000 0.0161
001540 0.5578 0.4260 0.0000 0.0162
001560 0.5571 0.4247 0.0000 0.0183
001580 0.5580 0.4238 0.0000 0.0182
001600 0.5634 0.4176 0.0000 0.0190
001620 0.5645 0.4153 0.0000 0.0202
001640 0.5683 0.4123 0.0000 0.0194
001660 0.5708 0.4098 0.0000 0.0194
001680 0.5756 0.4047 0.0000 0.0197
001700 0.5759 0.4044 0.0000 0.0197
001720 0.5802 0.4006 0.0000 0.0193
001740 0.5804 0.3972 0.0000 0.0224
001760 0.5763 0.4002 0.0000 0.0235
001780 0.5737 0.4025 0.0000 0.0239
001800 0.5714 0.4040 0.0000 0.0247
001820 0.5698 0.4054 0.0000 0.0248
001840 0.5689 0.4058 0.0000 0.0254
001860 0.5732 0.4020 0.0000 0.0248
001880 0.5768 0.3984 0.0000 0.0248
001900 0.5841 0.3914 0.0000 0.0245
001920 0.5923 0.3861 0.0000 0.0215
001940 0.6024 0.3767 0.0000 0.0208
001960 0.6084 0.3686 0.0000 0.0230
001980 0.6091 0.3654 0.0000 0.0255
002000 0.6093 0.3660 0.0000 0.0247
002020 0.6105 0.3663 0.0000 0.0232
002040 0.6132 0.3635 0.0000 0.0233
002060 0.6194 0.3565 0.0000 0.0241
002080 0.6229 0.3533 0.0000 0.0238
002100 0.6261 0.3498 0.0000 0.0241
002120 0.6258 0.3493 0.0000 0.0250
002140 0.6262 0.3485 0.0000 0.0253
002160 0.6258 0.3487 0.0000 0.0255
002180 0.6253 0.3493 0.0000 0.0254
002200 0.6240 0.3498 0.0000 0.0262
002220 0.6238 0.3486 0.0000 0.0276
002240 0.6276 0.3475 0.0000 0.0249
002260 0.6303 0.3458 0.0000 0.0239
002280 0.6348 0.3423 0.0000 0.0229
002300 0.6429 0.3357 0.0000 0.0214
002320 0.6538 0.3267 0.0000 0.0194
002340 0.6653 0.3147 0.0000 0.0201
002360 0.6727 0.3053 0.0000 0.0221
002380 0.6768 0.3003 0.0000 0.0229
002400 0.6743 0.3005 0.0000 0.0251
002420 0.6652 0.3076 0.0000 0.0272
002440 0.6598 0.3134 0.0000 0.0268
002460 0.6524 0.3209 0.0000 0.0267
002480 0.6443 0.3284 0.0000 0.0272
002500 0.6351 0.3366 0.0000 0.0283
002520 0.6270 0.3447 0.0000 0.0283
002540 0.6253 0.3486 0.0000 0.0261
002560 0.6268 0.3471 0.0000 0.0261
002580 0.6245 0.3479 0.0000 0.0276
002600 0.6211 0.3504 0.0000 0.0284
002620 0.6186 0.3527 0.0000 0.0287
002640 0.6186 0.3549 0.0000 0.0265
002660 0.6225 0.3533 0.0000 0.0242
002680 0.6298 0.3474 0.0000 0.0228
002700 0.6379 0.3392 0.0000 0.0229
002720 0.6412 0.3336 0.0000 0.0252
002740 0.6455 0.3300 0.0000 0.0245
002760 0.6445 0.3306 0.0000 0.0250
002780 0.6429 0.3312 0.0000 0.0259
002800 0.6372 0.3361 0.0000 0.0267
002820 0.6329 0.3414 0.0000 0.0257
002840 0.6319 0.3428 0.0000 0.0253
002860 0.6354 0.3408 0.0000 0.0238
002880 0.6373 0.3374 0.0000 0.0253
002900 0.6416 0.3346 0.0000 0.0238
002920 0.6500 0.3273 0.0000 0.0227
002940 0.6551 0.3222 0.0000 0.0227
002960 0.6580 0.3193 0.0000 0.0226
002980 0.6614 0.3153 0.0000 0.0233
003000 0.6596 0.3162 0.0000 0.0243
003020 0.6524 0.3211 0.0000 0.0265
003040 0.6451 0.3282 0.0000 0.0267
003060 0.6421 0.3323 0.0000 0.0256
003080 0.6388 0.3353 0.0000 0.0258
003100 0.6359 0.3374 0.0000 0.0268
003120 0.6339 0.3395 0.0000 0.0266
003140 0.6310 0.3420 0.0000 0.0270
003160 0.6321 0.3409 0.0000 0.0270
003180 0.6298 0.3435 0.0000 0.0266
003200 0.6311 0.3448 0.0000 0.0241
003220 0.6304 0.3444 0.0000 0.0252
003240 0.6329 0.3408 0.0000 0.0262
003260 0.6329 0.3404 0.0000 0.0268
003280 0.6320 0.3418 0.0000 0.0262
003300 0.6338 0.3411 0.0000 0.0250
003320 0.6394 0.3363 0.0000 0.0243
003340 0.6417 0.3328 0.0000 0.0255
003360 0.6388 0.3351 0.0000 0.0261
003380 0.6403 0.3343 0.0000 0.0255
003400 0.6392 0.3342 0.0000 0.0265
003420 0.6367 0.3353 0.0000 0.0280
003440 0.6365 0.3395 0.0000 0.0240
003460 0.6415 0.3349 0.0000 0.0237
003480 0.6435 0.3316 0.0000 0.0249
003500 0.6434 0.3314 0.0000 0.0251
003520 0.6425 0.3322 0.0000 0.0253
003540 0.6446 0.3307 0.0000 0.0248
003560 0.6449 0.3298 0.0000 0.0253
003580 0.6457 0.3283 0.0000 0.0260
003600 0.6422 0.3300 0.0000 0.0278
003620 0.6362 0.3362 0.0000 0.0276
003640 0.6285 0.3426 0.0000 0.0289
003660 0.6242 0.3481 0.0000 0.0277
003680 0.6246 0.3500 0.0000 0.0254
003700 0.6253 0.3494 0.0000 0.0254
003720 0.6271 0.3483 0.0000 0.0246
003740 0.6294 0.3466 0.0000 0.0240
003760 0.6328 0.3426 0.0000 0.0245
003780 0.6344 0.3393 0.0000 0.0262
003800 0.6329 0.3398 0.0000 0.0273
003820 0.6339 0.3405 0.0000 0.0256
003840 0.6306 0.3420 0.0000 0.0274
003860 0.6286 0.3446 0.0000 0.0268
003880 0.6278 0.3455 0.0000 0.0267
003900 0.6269 0.3486 0.0000 0.0245
003920 0.6313 0.3444 0.0000 0.0244
003940 0.6303 0.3438 0.0000 0.0259
003960 0.6299 0.3439 0.0000 0.0262
003980 0.6306 0.3424 0.0000 0.0269
004000 0.6265 0.3452 0.0000 0.0283
004020 0.6228 0.3480 0.0000 0.0292
004040 0.6213 0.3491 0.0000 0.0296
004060 0.6181 0.3527 0.0000 0.0292
004080 0.6144 0.3563 0.0000 0.0293
004100 0.6105 0.3608 0.0000 0.0286
004120 0.6078 0.3656 0.0000 0.0266
004140 0.6140 0.3608 0.0000 0.0252
004160 0.6223 0.3541 0.0000 0.0236
004180 0.6294 0.3466 0.0000 0.0239
004200 0.6363 0.3405 0.0000 0.0232
004220 0.6447 0.3334 0.0000 0.0220
004240 0.6537 0.3240 0.0000 0.0223
004260 0.6600 0.3169 0.0000 0.0231
004280 0.6596 0.3154 0.0000 0.0250
004300 0.6570 0.3164 0.0000 0.0266
004320 0.6525 0.3204 0.0000 0.0271
004340 0.6414 0.3293 0.0000 0.0293
004360 0.6307 0.3407 0.0000 0.0286
004380 0.6231 0.3471 0.0000 0.0298
004400 0.6128 0.3553 0.0000 0.0319
004420 0.6026 0.3663 0.0000 0.0311
004440 0.6012 0.3711 0.0000 0.0277
004460 0.6048 0.3700 0.0000 0.0251
004480 0.6112 0.3619 0.0000 0.0269
004500 0.6155 0.3576 0.0000 0.0269
004520 0.6221 0.3533 0.0000 0.0245
004540 0.6301 0.3476 0.0000 0.0223
004560 0.6402 0.3392 0.0000 0.0206
004580 0.6503 0.3276 0.0000 0.0221
004600 0.6552 0.3220 0.0000 0.0228
004620 0.6616 0.3162 0.0000 0.0222
004640 0.6644 0.3129 0.0000 0.0228
004660 0.6661 0.3100 0.0000 0.0239
004680 0.6645 0.3101 0.0000 0.0253
004700 0.6588 0.3149 0.0000 0.0264
004720 0.6489 0.3225 0.0000 0.0287
004740 0.6356 0.3338 0.0000 0.0305
004760 0.6257 0.3458 0.0000 0.0285
004780 0.6216 0.3506 0.0000 0.0278
004800 0.6154 0.3562 0.0000 0.0284
004820 0.6111 0.3605 0.0000 0.0284
004840 0.6060 0.3662 0.0000 0.0278
004860 0.6079 0.3671 0.0000 0.0250
004880 0.6151 0.3621 0.0000 0.0228
004900 0.6240 0.3523 0.0000 0.0237
004920 0.6328 0.3428 0.0000 0.0244
004940 0.6390 0.3372 0.0000 0.0238
004960 0.6421 0.3331 0.0000 0.0247
004980 0.6401 0.3352 0.0000 0.0247
005000 0.6433 0.3324 0.0000 0.0244
005020 0.6388 0.3335 0.0000 0.0277
005040 0.6309 0.3399 0.0000 0.0292
005060 0.6281 0.3442 0.0000 0.0277
005080 0.6252 0.3479 0.0000 0.0270
005100 0.6244 0.3499 0.0000 0.0258
005120 0.6275 0.3468 0.0000 0.0257
005140 0.6273 0.3451 0.0000 0.0276
005160 0.6189 0.3512 0.0000 0.0299
005180 0.6116 0.3587 0.0000 0.0297
005200 0.6062 0.3645 0.0000 0.0293
005220 0.6071 0.3650 0.0000 0.0278
005240 0.6128 0.3618 0.0000 0.0255
005260 0.6190 0.3573 0.0000 0.0238
005280 0.6273 0.3481 0.0000 0.0246
005300 0.6296 0.3451 0.0000 0.0253
005320 0.6341 0.3411 0.0000 0.0247
005340 0.6388 0.3374 0.0000 0.0238
005360 0.6412 0.3327 0.0000 0.0261
005380 0.6418 0.3325 0.0000 0.0257
005400 0.6405 0.3345 0.0000 0.0250
005420 0.6407 0.3366 0.0000 0.0227
005440 0.6439 0.3332 0.0000 0.0229
005460 0.6492 0.3268 0.0000 0.0240
005480 0.6497 0.3254 0.0000 0.0249
005500 0.6466 0.3263 0.0000 0.0271
005520 0.6421 0.3323 0.0000 0.0256
005540 0.6399 0.3347 0.0000 0.0254
005560 0.6406 0.3331 0.0000 0.0263
005580 0.6387 0.3341 0.0000 0.0271
005600 0.6355 0.3372 0.0000 0.0273
005620 0.6362 0.3389 0.0000 0.0249
005640 0.6373 0.3367 0.0000 0.0261
005660 0.6368 0.3366 0.0000 0.0267
005680 0.6342 0.3401 0.0000 0.0257
005700 0.6293 0.3442 0.0000 0.0266
005720 0.6246 0.3480 0.0000 0.0274
005740 0.6210 0.3512 0.0000 0.0278
005760 0.6212 0.3516 0.0000 0.0272
005780 0.6250 0.3501 0.0000 0.0249
005800 0.6323 0.3449 0.0000 0.0228
005820 0.6419 0.3362 0.0000 0.0220
005840 0.6513 0.3270 0.0000 0.0217
005860 0.6596 0.3179 0.0000 0.0224
005880 0.6614 0.3136 0.0000 0.0249
005900 0.6572 0.3152 0.0000 0.0276
005920 0.6489 0.3227 0.0000 0.0284
005940 0.6414 0.3304 0.0000 0.0282
005960 0.6366 0.3349 0.0000 0.0285
005980 0.6310 0.3417 0.0000 0.0274
006000 0.6254 0.3466 0.0000 0.0279
006020 0.6246 0.3485 0.0000 0.0269
006040 0.6206 0.3503 0.0000 0.0291
006060 0.6159 0.3555 0.0000 0.0285
006080 0.6124 0.3597 0.0000 0.0279
006100 0.6128 0.3593 0.0000 0.0280
006120 0.6126 0.3591 0.0000 0.0282
006140 0.6169 0.3576 0.0000 0.0255
006160 0.6245 0.3508 0.0000 0.0247
006180 0.6324 0.3444 0.0000 0.0232
006200 0.6401 0.3385 0.0000 0.0214
006220 0.6474 0.3304 0.0000 0.0223
006240 0.6518 0.3246 0.0000 0.0235
006260 0.6538 0.3213 0.0000 0.0250
006280 0.6534 0.3210 0.0000 0.0255
006300 0.6474 0.3253 0.0000 0.0273
006320 0.6404 0.3314 0.0000 0.0282
006340 0.6331 0.3388 0.0000 0.0281
006360 0.6289 0.3447 0.0000 0.0264
006380 0.6254 0.3469 0.0000 0.0277
006400 0.6178 0.3529 0.0000 0.0293
006420 0.6103 0.3603 0.0000 0.0294
006440 0.6088 0.3646 0.0000 0.0266
006460 0.6126 0.3609 0.0000 0.0265
006480 0.6131 0.3623 0.0000 0.0246
006500 0.6237 0.3532 0.0000 0.0232
006520 0.6342 0.3430 0.0000 0.0228
006540 0.6424 0.3341 0.0000 0.0235
006560 0.6477 0.3282 0.0000 0.0240
006580 0.6485 0.3262 0.0000 0.0253
006600 0.6499 0.3251 0.0000 0.0251
006620 0.6467 0.3258 0.0000 0.0275
006640 0.6414 0.3315 0.0000 0.0270
006660 0.6391 0.3362 0.0000 0.0247
006680 0.6421 0.3335 0.0000 0.0244
006700 0.6409 0.3334 0.0000 0.0257
006720 0.6391 0.3344 0.0000 0.0265
006740 0.6357 0.3363 0.0000 0.0279
006760 0.6291 0.3439 0.0000 0.0270
006780 0.6252 0.3481 0.0000 0.0267
006800 0.6214 0.3497 0.0000 0.0289
006820 0.6125 0.3578 0.0000 0.0297
006840 0.6129 0.3602 0.0000 0.0269
006860 0.6163 0.3576 0.0000 0.0261
006880 0.6205 0.3540 0.0000 0.0255
006900 0.6294 0.3468 0.0000 0.0238
006920 0.6366 0.3399 0.0000 0.0235
006940 0.6402 0.3351 0.0000 0.0247
006960 0.6423 0.3322 0.0000 0.0255
006980 0.6441 0.3308 0.0000 0.0250
007000 0.6451 0.3303 0.0000 0.0246
007020 0.6433 0.3307 0.0000 0.0260
007040 0.6425 0.3310 0.0000 0.0264
007060 0.6374 0.3341 0.0000 0.0286
007080 0.6299 0.3395 0.0000 0.0306
007100 0.6197 0.3482 0.0000 0.0320
007120 0.6122 0.3574 0.0000 0.0304
007140 0.6065 0.3639 0.0000 0.0296
007160 0.6049 0.3670 0.0000 0.0281
007180 0.6041 0.3694 0.0000 0.0265
007200 0.6031 0.3708 0.0000 0.0261
007220 0.6079 0.3676 0.0000 0.0244
007240 0.6175 0.3592 0.0000 0.0232
007260 0.6306 0.3482 0.0000 0.0212
007280 0.6452 0.3347 0.0000 0.0201
007300 0.6603 0.3189 0.0000 0.0208
007320 0.6699 0.3076 0.0000 0.0225
007340 0.6713 0.3042 0.0000 0.0245
007360 0.6681 0.3063 0.0000 0.0256
007380 0.6607 0.3125 0.0000 0.0268
007400 0.6533 0.3202 0.0000 0.0265
007420 0.6476 0.3259 0.0000 0.0265
007440 0.6381 0.3342 0.0000 0.0277
007460 0.6316 0.3408 0.0000 0.0276
007480 0.6252 0.3462 0.0000 0.0286
007500 0.6197 0.3507 0.0000 0.0296
007520 0.6171 0.3545 0.0000 0.0284
007540 0.6124 0.3588 0.0000 0.0288
007560 0.6075 0.3643 0.0000 0.0282
007580 0.6076 0.3663 0.0000 0.0261
007600 0.6082 0.3652 0.0000 0.0266
007620 0.6105 0.3643 0.0000 0.0253
007640 0.6176 0.3574 0.0000 0.0249
007660 0.6269 0.3503 0.0000 0.0228
007680 0.6386 0.3388 0.0000 0.0226
007700 0.6466 0.3306 0.0000 0.0228
007720 0.6570 0.3206 0.0000 0.0224
007740 0.6632 0.3134 0.0000 0.0234
007760 0.6642 0.3103 0.0000 0.0255
007780 0.6568 0.3155 0.0000 0.0278
007800 0.6453 0.3268 0.0000 0.0279
007820 0.6325 0.3390 0.0000 0.0285
007840 0.6270 0.3464 0.0000 0.0267
007860 0.6225 0.3493 0.0000 0.0282
007880 0.6147 0.3565 0.0000 0.0288
007900 0.6162 0.3575 0.0000 0.0263
007920 0.6193 0.3551 0.0000 0.0256
007940 0.6241 0.3502 0.0000 0.0257
007960 0.6243 0.3490 0.0000 0.0267
007980 0.6269 0.3480 0.0000 0.0251
008000 0.6304 0.3451 0.0000 0.0245
008020 0.6331 0.3414 0.0000 0.0256
008040 0.6327 0.3408 0.0000 0.0264
008060 0.6347 0.3410 0.0000 0.0243
008080 0.6359 0.3389 0.0000 0.0252
008100 0.6397 0.3347 0.0000 0.0256
008120 0.6387 0.3356 0.0000 0.0257
008140 0.6384 0.3361 0.0000 0.0255
008160 0.6371 0.3371 0.0000 0.0258
008180 0.6388 0.3359 0.0000 0.0253
008200 0.6394 0.3352 0.0000 0.0254
008220 0.6378 0.3367 0.0000 0.0255
008240 0.6397 0.3347 0.0000 0.0256
008260 0.6386 0.3345 0.0000 0.0269
008280 0.6325 0.3405 0.0000 0.0270
008300 0.6264 0.3472 0.0000 0.0264
008320 0.6234 0.3494 0.0000 0.0271
008340 0.6252 0.3493 0.0000 0.0255
008360 0.6304 0.3451 0.0000 0.0245
008380 0.6333 0.3428 0.0000 0.0238
008400 0.6403 0.3360 0.0000 0.0237
008420 0.6469 0.3289 0.0000 0.0243
008440 0.6482 0.3270 0.0000 0.0249
008460 0.6495 0.3238 0.0000 0.0267
008480 0.6492 0.3244 0.0000 0.0264
008500 0.6449 0.3291 0.0000 0.0260
008520 0.6398 0.3317 0.0000 0.0285
008540 0.6311 0.3389 0.0000 0.0301
008560 0.6227 0.3464 0.0000 0.0308
008580 0.6122 0.3587 0.0000 0.0292
008600 0.6057 0.3657 0.0000 0.0286
008620 0.6034 0.3689 0.0000 0.0277
008640 0.6058 0.3674 0.0000 0.0268
008660 0.6124 0.3619 0.0000 0.0258
008680 0.6187 0.3559 0.0000 0.0253
008700 0.6244 0.3519 0.0000 0.0236
008720 0.6357 0.3411 0.0000 0.0232
008740 0.6439 0.3347 0.0000 0.0214
008760 0.6562 0.3225 0.0000 0.0213
008780 0.6635 0.3128 0.0000 0.0237
008800 0.6639 0.3117 0.0000 0.0244
008820 0.6637 0.3127 0.0000 0.0236
008840 0.6603 0.3139 0.0000 0.0258
008860 0.6544 0.3182 0.0000 0.0273
008880 0.6450 0.3262 0.0000 0.0288
008900 0.6389 0.3332 0.0000 0.0279
008920 0.6322 0.3388 0.0000 0.0289
008940 0.6276 0.3445 0.0000 0.0279
008960 0.6242 0.3493 0.0000 0.0265
008980 0.6219 0.3514 0.0000 0.0267
009000 0.6253 0.3498 0.0000 0.0249
009020 0.6304 0.3456 0.0000 0.0240
009040 0.6334 0.3423 0.0000 0.0243
009060 0.6376 0.3380 0.0000 0.0244
009080 0.6408 0.3341 0.0000 0.0251
009100 0.6401 0.3340 0.0000 0.0259
009120 0.6397 0.3336 0.0000 0.0267
009140 0.6391 0.3358 0.0000 0.0252
009160 0.6413 0.3331 0.0000 0.0256
009180 0.6397 0.3332 0.0000 0.0271
009200 0.6346 0.3366 0.0000 0.0288
009220 0.6281 0.3429 0.0000 0.0290
009240 0.6235 0.3482 0.0000 0.0283
009260 0.6155 0.3555 0.0000 0.0290
009280 0.6136 0.3590 0.0000 0.0273
009300 0.6143 0.3598 0.0000 0.0258
009320 0.6198 0.3548 0.0000 0.0254
009340 0.6258 0.3489 0.0000 0.0253
009360 0.6324 0.3435 0.0000 0.0241
009380 0.6401 0.3366 0.0000 0.0233
009400 0.6434 0.3309 0.0000 0.0257
009420 0.6424 0.3330 0.0000 0.0247
009440 0.6434 0.3319 0.0000 0.0247
009460 0.6455 0.3306 0.0000 0.0239
009480 0.6451 0.3290 0.0000 0.0259
009500 0.6426 0.3304 0.0000 0.0270
009520 0.6317 0.3385 0.0000 0.0298
009540 0.6200 0.3497 0.0000 0.0303
009560 0.6075 0.3604 0.0000 0.0321
009580 0.6012 0.3689 0.0000 0.0299
009600 0.6002 0.3730 0.0000 0.0267
009620 0.6031 0.3723 0.0000 0.0245
009640 0.6109 0.3647 0.0000 0.0244
009660 0.6173 0.3585 0.0000 0.0242
009680 0.6244 0.3524 0.0000 0.0232
009700 0.6364 0.3422 0.0000 0.0215
009720 0.6480 0.3312 0.0000 0.0208
009740 0.6612 0.3185 0.0000 0.0203
009760 0.6687 0.3095 0.0000 0.0218
009780 0.6725 0.3050 0.0000 0.0224
009800 0.6715 0.3041 0.0000 0.0245
009820 0.6672 0.3076 0.0000 0.0251
009840 0.6596 0.3124 0.0000 0.0279
009860 0.6510 0.3205 0.0000 0.0284
009880 0.6423 0.3297 0.0000 0.0281
009900 0.6329 0.3401 0.0000 0.0270
009920 0.6308 0.3420 0.0000 0.0272
009940 0.6254 0.3471 0.0000 0.0276
009960 0.6220 0.3503 0.0000 0.0277
009980 0.6181 0.3545 0.0000 0.0274
010000 0.6135 0.3585 0.0000 0.0280
010020 0.6130 0.3585 0.0000 0.0285
010040 0.6130 0.3585 0.0000 0.0285
010060 0.6130 0.3585 0.0000 0.0285
010080 0.6130 0.3585 0.0000 0.0285
010100 0.6130 0.3585 0.0000 0.0285
010120 0.6130 0.3585 0.0000 0.0285
010140 0.6130 0.3585 0.0000 0.0285
010160 0.6130 0.3585 0.0000 0.0285
010180 0.6130 0.3585 0.0000 0.0285
010200 0.6130 0.3585 0.0000 0.0285
010220 0.6130 0.3585 0.0000 0.0285
010240 0.6130 0.3585 0.0000 0.0285
010260 0.6130 0.3585 0.0000 0.0285
010280 0.6130 0.3585 0.0000 0.0285
010300 0.6130 0.3585 0.0000 0.0285
010320 0.6130 0.3585 0.0000 0.0285
010340 0.6130 0.3585 0.0000 0.0285
010360 0.6130 0.3585 0.0000 0.0285
010380 0.6130 0.3585 0.0000 0.0285
010400 0.6130 0.3585 0.0000 0.0285
010420 0.6130 0.3585 0.0000 0.0285
010440 0.6130 0.3585 0.0000 0.0285
010460 0.6130 0.3585 0.0000 0.0285
010480 0.6130 0.3585 0.0000 0.0285
010500 0.6130 0.3585 0.0000 0.0285
010520 0.6130 0.3585 0.0000 0.0285
010540 0.6130 0.3585 0.0000 0.0285
010560 0.6130 0.3585 0.0000 0.0285
010580 0.6130 0.3585 0.0000 0.0285
010600 0.6130 0.3585 0.0000 0.0285
010620 0.6130 0.3585 0.0000 0.0285
010640 0.6130 0.3585 0.0000 0.0285
010660 0.6130 0.3585 0.0000 0.0285
010680 0.6130 0.3585 0.0000 0.0285
010700 0.6130 0.3585 0.0000 0.0285
010720 0.6130 0.3585 0.0000 0.0285
010740 0.6130 0.3585 0.0000 0.0285
010760 0.6130 0.3585 0.0000 0.0285
010780 0.6130 0.3585 0.0000 0.0285
010800 0.6130 0.3585 0.0000 0.0285
010820 0.6130 0.3585 0.0000 0.0285
010840 0.6130 0.3585 0.0000 0.0285
010860 0.6130 0.3585 0.0000 0.0285
010880 0.6130 0.3585 0.0000 0.0285
010900 0.6130 0.3585 0.0000 0.0285
010920 0.6130 0.3585 0.0000 0.0285
010940 0.6130 0.3585 0.0000 0.0285
010960 0.6130 0.3585 0.0000 0.0285
010980 0.6130 0.3585 0.0000 0.0285
011000 0.6130 0.3585 0.0000 0.0285
011020 0.6130 0.3585 0.0000 0.0285
011040 0.6130 0.3585 0.0000 0.0285
011060 0.6130 0.3585 0.0000 0.0285
011080 0.6130 0.3585 0.0000 0.0285
011100 0.6130 0.3585 0.0000 0.0285
011120 0.6130 0.3585 0.0000 0.0285
011140 0.6130 0.3585 0.0000 0.0285
011160 0.6130 0.3585 0.0000 0.0285
011180 0.6130 0.3585 0.0000 0.0285
011200 0.6130 0.3585 0.0000 0.0285
011220 0.6130 0.3585 0.0000 0.0285
011240 0.6130 0.3585 0.0000 0.0285
011260 0.6130 0.3585 0.0000 0.0285
011280 0.6130 0.3585 0.0000 0.0285
011300 0.6130 0.3585 0.0000 0.0285
011320 0.6130 0.3585 0.0000 0.0285
011340 0.6130 0.3585 0.0000 0.0285
011360 0.6130 0.3585 0.0000 0.0285
011380 0.6130 0.3585 0.0000 0.0285
011400 0.6130 0.3585 0.0000 0.0285
011420 0.6130 0.3585 0.0000 0.0285
011440 0.6130 0.3585 0.0000 0.0285
011460 0.6130 0.3585 0.0000 0.0285
011480 0.6130 0.3585 0.0000 0.0285
011500 0.6130 0.3585 0.0000 0.0285
011520 0.6130 0.3585 0.0000 0.0285
011540 0.6130 0.3585 0.0000 0.0285
011560 0.6130 0.3585 0.0000 0.0285
011580 0.6130 0.3585 0.0000 0.0285
011600 0.6130 0.3585 0.0000 0.0285
011620 0.6130 0.3585 0.0000 0.0285
011640 0.6130 0.3585 0.0000 0.0285
011660 0.6130 0.3585 0.0000 0.0285
011680 0.6130 0.3585 0.0000 0.0285
011700 0.6130 0.3585 0.0000 0.0285
011720 0.6130 0.3585 0.0000 0.0285
011740 0.6130 0.3585 0.0000 0.0285
011760 0.6130 0.3585 0.0000 0.0285
011780 0.6130 0.3585 0.0000 0.0285
011800 0.6130 0.3585 0.0000 0.0285
011820 0.6130 0.3585 0.0000 0.0285
011840 0.6130 0.3585 0.0000 0.0285
011860 0.6130 0.3585 0.0000 0.0285
011880 0.6130 0.3585 0.0000 0.0285
011900 0.6130 0.3585 0.0000 0.0285
011920 0.6130 0.3585 0.0000 0.0285
011940 0.6130 0.3585 0.0000 0.0285
011960 0.6130 0.3585 0.0000 0.0285
011980 0.6130 0.3585 0.0000 0.0285
012000 0.6130 0.3585 0.0000 0.0285
012020 0.6130 0.3585 0.0000 0.0285
012040 0.6130 0.3585 0.0000 0.0285
012060 0.6130 0.3585 0.0000 0.0285
012080 0.6130 0.3585 0.0000 0.0285
012100 0.6130 0.3585 0.0000 0.0285
012120 0.6130 0.3585 0.0000 0.0285
012140 0.6130 0.3585 0.0000 0.0285
012160 0.6130 0.3585 0.0000 0.0285
012180 0.6130 0.3585 0.0000 0.0285
012200 0.6130 0.3585 0.0000 0.0285
012220 0.6130 0.3585 0.0000 0.0285
012240 0.6130 0.3585 0.0000 0.0285
012260 0.6130 0.3585 0.0000 0.0285
012280 0.6130 0.3585 0.0000 0.0285
012300 0.6130 0.3585 0.0000 0.0285
012320 0.6130 0.3585 0.0000 0.0285
012340 0.6130 0.3585 0.0000 0.0285
012360 0.6130 0.3585 0.0000 0.0285
012380 0.6130 0.3585 0.0000 0.0285
012400 0.6130 0.3585 0.0000 0.0285
012420 0.6130 0.3585 0.0000 0.0285
012440 0.6130 0.3585 0.0000 0.0285
012460 0.6130 0.3585 0.0000 0.0285
012480 0.6130 0.3585 0.0000 0.0285
012500 0.6130 0.3585 0.0000 0.0285
012520 0.6130 0.3585 0.0000 0.0285
012540 0.6130 0.3585 0.0000 0.0285
012560 0.6130 0.3585 0.0000 0.0285
012580 0.6130 0.3585 0.0000 0.0285
012600 0.6130 0.3585 0.0000 0.0285
012620 0.6130 0.3585 0.0000 0.0285
012640 0.6130 0.3585 0.0000 0.0285
012660 0.6130 0.3585 0.0000 0.0285
012680 0.6130 0.3585 0.0000 0.0285
012700 0.6130 0.3585 0.0000 0.0285
012720 0.6130 0.3585 0.0000 0.0285
012740 0.6130 0.3585 0.0000 0.0285
012760 0.6130 0.3585 0.0000 0.0285
012780 0.6130 0.3585 0.0000 0.0285
012800 0.6130 0.3585 0.0000 0.0285
012820 0.6130 0.3585 0.0000 0.0285
012840 0.6130 0.3585 0.0000 0.0285
012860 0.6130 0.3585 0.0000 0.0285
012880 0.6130 0.3585 0.0000 0.0285
012900 0.6130 0.3585 0.0000 0.0285
012920 0.6130 0.3585 0.0000 0.0285
012940 0.6130 0.3585 0.0000 0.0285
012960 0.6130 0.3585 0.0000 0.0285
012980 0.6130 0.3585 0.0000 0.0285
013000 0.6130 0.3585 0.0000 0.0285
013020 0.6130 0.3585 0.0000 0.0285
013040 0.6130 0.3585 0.0000 0.0285
013060 0.6130 0.3585 0.0000 0.0285
013080 0.6130 0.3585 0.0000 0.0285
013100 0.6130 0.3585 0.0000 0.0285
013120 0.6130 0.3585 0.0000 0.0285
013140 0.6130 0.3585 0.0000 0.0285
013160 0.6130 0.3585 0.0000 0.0285
013180 0.6130 0.3585 0.0000 0.0285
013200 0.6130 0.3585 0.0000 0.0285
013220 0.6130 0.3585 0.0000 0.0285
013240 0.6130 0.3585 0.0000 0.0285
013260 0.6130 0.3585 0.0000 0.0285
013280 0.6130 0.3585 0.0000 0.0285
013300 0.6130 0.3585 0.0000 0.0285
013320 0.6130 0.3585 0.0000 0.0285
013340 0.6130 0.3585 0.0000 0.0285
013360 0.6130 0.3585 0.0000 0.0285
013380 0.6130 0.3585 0.0000 0.0285
013400 0.6130 0.3585 0.0000 0.0285
013420 0.6130 0.3585 0.0000 0.0285
013440 0.6130 0.3585 0.0000 0.0285
013460 0.6130 0.3585 0.0000 0.0285
013480 0.6130 0.3585 0.0000 0.0285
013500 0.6130 0.3585 0.0000 0.0285
013520 0.6130 0.3585 0.0000 0.0285
013540 0.6130 0.3585 0.0000 0.0285
013560 0.6130 0.3585 0.0000 0.0285
013580 0.6130 0.3585 0.0000 0.0285
013600 0.6130 0.3585 0.0000 0.0285
013620 0.6130 0.3585 0.0000 0.0285
013640 0.6130 0.3585 0.0000 0.0285
013660 0.6130 0.3585 0.0000 0.0285
013680 0.6130 0.3585 0.0000 0.0285
013700 0.6130 0.3585 0.0000 0.0285
013720 0.6130 0.3585 0.0000 0.0285
013740 0.6130 0.3585 0.0000 0.0285
013760 0.6130 0.3585 0.0000 0.0285
013780 0.6130 0.3585 0.0000 0.0285
013800 0.6130 0.3585 0.0000 0.0285
013820 0.6130 0.3585 0.0000 0.0285
013840 0.6130 0.3585 0.0000 0.0285
013860 0.6130 0.3585 0.0000 0.0285
013880 0.6130 0.3585 0.0000 0.0285
013900 0.6130 0.3585 0.0000 0.0285
013920 0.6130 0.3585 0.0000 0.0285
013940 0.6130 0.3585 0.0000 0.0285
013960 0.6130 0.3585 0.0000 0.0285
013980 0.6130 0.3585 0.0000 0.0285
014000 0.6130 0.3585 0.0000 0.0285
014020 0.6130 0.3585 0.0000 0.0285
014040 0.6130 0.3585 0.0000 0.0285
014060 0.6130 0.3585 0.0000 0.0285
014080 0.6130 0.3585 0.0000 0.0285
014100 0.6130 0.3585 0.0000 0.0285
014120 0.6130 0.3585 0.0000 0.0285
014140 0.6130 0.3585 0.0000 0.0285
014160 0.6130 0.3585 0.0000 0.0285
014180 0.6130 0.3585 0.0000 0.0285
014200 0.6130 0.3585 0.0000 0.0285
014220 0.6130 0.3585 0.0000 0.0285
014240 0.6130 0.3585 0.0000 0.0285
014260 0.6130 0.3585 0.0000 0.0285
014280 0.6130 0.3585 0.0000 0.0285
014300 0.6130 0.3585 0.0000 0.0285
014320 0.6130 0.3585 0.0000 0.0285
014340 0.6130 0.3585 0.0000 0.0285
014360 0.6130 0.3585 0.0000 0.0285
014380 0.6130 0.3585 0.0000 0.0285
014400 0.6130 0.3585 0.0000 0.0285
014420 0.6130 0.3585 0.0000 0.0285
014440 0.6130 0.3585 0.0000 0.0285
014460 0.6130 0.3585 0.0000 0.0285
014480 0.6130 0.3585 0.0000 0.0285
014500 0.6130 0.3585 0.0000 0.0285
014520 0.6130 0.3585 0.0000 0.0285
014540 0.6130 0.3585 0.0000 0.0285
014560 0.6130 0.3585 0.0000 0.0285
014580 0.6130 0.3585 0.0000 0.0285
014600 0.6130 0.3585 0.0000 0.0285
014620 0.6130 0.3585 0.0000 0.0285
014640 0.6130 0.3585 0.0000 0.0285
014660 0.6130 0.3585 0.0000 0.0285
014680 0.6130 0.3585 0.0000 0.0285
014700 0.6130 0.3585 0.0000 0.0285
014720 0.6130 0.3585 0.0000 0.0285
014740 0.6130 0.3585 0.0000 0.0285
014760 0.6130 0.3585 0.0000 0.0285
014780 0.6130 0.3585 0.0000 0.0285
014800 0.6130 0.3585 0.0000 0.0285
014820 0.6130 0.3585 0.0000 0.0285
014840 0.6130 0.3585 0.0000 0.0285
014860 0.6130 0.3585 0.0000 0.0285
014880 0.6130 0.3585 0.0000 0.0285
014900 0.6130 0.3585 0.0000 0.0285
014920 0.6130 0.3585 0.0000 0.0285
014940 0.6130 0.3585 0.0000 0.0285
014960 0.6130 0.3585 0.0000 0.0285
014980 0.6130 0.3585 0.0000 0.0285
015000 0.6130 0.3585 0.0000 0.0285
015020 0.6130 0.3585 0.0000 0.0285
015040 0.6130 0.3585 0.0000 0.0285
015060 0.6130 0.3585 0.0000 0.0285
015080 0.6130 0.3585 0.0000 0.0285
015100 0.6130 0.3585 0.0000 0.0285
015120 0.6130 0.3585 0.0000 0.0285
015140 0.6130 0.3585 0.0000 0.0285
015160 0.6130 0.3585 0.0000 0.0285
015180 0.6130 0.3585 0.0000 0.0285
015200 0.6130 0.3585 0.0000 0.0285
015220 0.6130 0.3585 0.0000 0.0285
015240 0.6130 0.3585 0.0000 0.0285
015260 0.6130 0.3585 0.0000 0.0285
015280 0.6130 0.3585 0.0000 0.0285
015300 0.6130 0.3585 0.0000 0.0285
015320 0.6130 0.3585 0.0000 0.0285
015340 0.6130 0.3585 0.0000 0.0285
015360 0.6130 0.3585 0.0000 0.0285
015380 0.6130 0.3585 0.0000 0.0285
015400 0.6130 0.3585 0.0000 0.0285
015420 0.6130 0.3585 0.0000 0.0285
015440 0.6130 0.3585 0.0000 0.0285
015460 0.6130 0.3585 0.0000 0.0285
015480 0.6130 0.3585 0.0000 0.0285
015500 0.6130 0.3585 0.0000 0.0285
015520 0.6130 0.3585 0.0000 0.0285
015540 0.6130 0.3585 0.0000 0.0285
015560 0.6130 0.3585 0.0000 0.0285
015580 0.6130 0.3585 0.0000 0.0285
015600 0.6130 0.3585 0.0000 0.0285
015620 0.6130 0.3585 0.0000 0.0285
015640 0.6130 0.3585 0.0000 0.0285
015660 0.6130 0.3585 0.0000 0.0285
015680 0.6130 0.3585 0.0000 0.0285
015700 0.6130 0.3585 0.0000 0.0285
015720 0.6130 0.3585 0.0000 0.0285
015740 0.6130 0.3585 0.0000 0.0285
015760 0.6130 0.3585 0.0000 0.0285
015780 0.6130 0.3585 0.0000 0.0285
015800 0.6130 0.3585 0.0000 0.0285
015820 0.6130 0.3585 0.0000 0.0285
015840 0.6130 0.3585 0.0000 0.0285
015860 0.6130 0.3585 0.0000 0.0285
015880 0.6130 0.3585 0.0000 0.0285
015900 0.6130 0.3585 0.0000 0.0285
015920 0.6130 0.3585 0.0000 0.0285
015940 0.6130 0.3585 0.0000 0.0285
015960 0.6130 0.3585 0.0000 0.0285
015980 0.6130 0.3585 0.0000 0.0285
016000 0.6130 0.3585 0.0000 0.0285
016020 0.6130 0.3585 0.0000 0.0285
016040 0.6130 0.3585 0.0000 0.0285
016060 0.6130 0.3585 0.0000 0.0285
016080 0.6130 0.3585 0.0000 0.0285
016100 0.6130 0.3585 0.0000 0.0285
016120 0.6130 0.3585 0.0000 0.0285
016140 0.6130 0.3585 0.0000 0.0285
016160 0.6130 0.3585 0.0000 0.0285
016180 0.6130 0.3585 0.0000 0.0285
016200 0.6130 0.3585 0.0000 0.0285
016220 0.6130 0.3585 0.0000 0.0285
016240 0.6130 0.3585 0.0000 0.0285
016260 0.6130 0.3585 0.0000 0.0285
016280 0.6130 0.3585 0.0000 0.0285
016300 0.6130 0.3585 0.0000 0.0285
016320 0.6130 0.3585 0.0000 0.0285
016340 0.6130 0.3585 0.0000 0.0285
016360 0.6130 0.3585 0.0000 0.0285
016380 0.6130 0.3585 0.0000 0.0285
016400 0.6130 0.3585 0.0000 0.0285
016420 0.6130 0.3585 0.0000 0.0285
016440 0.6130 0.3585 0.0000 0.0285
016460 0.6130 0.3585 0.0000 0.0285
016480 0.6130 0.3585 0.0000 0.0285
016500 0.6130 0.3585 0.0000 0.0285
016520 0.6130 0.3585 0.0000 0.0285
016540 0.6130 0.3585 0.0000 0.0285
016560 0.6130 0.3585 0.0000 0.0285
016580 0.6130 0.3585 0.0000 0.0285
016600 0.6130 0.3585 0.0000 0.0285
016620 0.6130 0.3585 0.0000 0.0285
016640 0.6130 0.3585 0.0000 0.0285
016660 0.6130 0.3585 0.0000 0.0285
016680 0.6130 0.3585 0.0000 0.0285
016700 0.6130 0.3585 0.0000 0.0285
016720 0.6130 0.3585 0.0000 0.0285
016740 0.6130 0.3585 0.0000 0.0285
016760 0.6130 0.3585 0.0000 0.0285
016780 0.6130 0.3585 0.0000 0.0285
016800 0.6130 0.3585 0.0000 0.0285
016820 0.6130 0.3585 0.0000 0.0285
016840 0.6130 0.3585 0.0000 0.0285
016860 0.6130 0.3585 0.0000 0.0285
016880 0.6130 0.3585 0.0000 0.0285
016900 0.6130 0.3585 0.0000 0.0285
016920 0.6130 0.3585 0.0000 0.0285
016940 0.6130 0.3585 0.0000 0.0285
016960 0.6130 0.3585 0.0000 0.0285
016980 0.6130 0.3585 0.0000 0.0285
017000 0.6130 0.3585 0.0000 0.0285
017020 0.6130 0.3585 0.0000 0.0285
017040 0.6130 0.3585 0.0000 0.0285
017060 0.6130 0.3585 0.0000 0.0285
017080 0.6130 0.3585 0.0000 0.0285
017100 0.6130 0.3585 0.0000 0.0285
017120 0.6130 0.3585 0.0000 0.0285
017140 0.6130 0.3585 0.0000 0.0285
017160 0.6130 0.3585 0.0000 0.0285
017180 0.6130 0.3585 0.0000 0.0285
017200 0.6130 0.3585 0.0000 0.0285
017220 0.6130 0.3585 0.0000 0.0285
017240 0.6130 0.3585 0.0000 0.0285
017260 0.6130 0.3585 0.0000 0.0285
017280 0.6130 0.3585 0.0000 0.0285
017300 0.6130 0.3585 0.0000 0.0285
017320 0.6130 0.3585 0.0000 0.0285
017340 0.6130 0.3585 0.0000 0.0285
017360 0.6130 0.3585 0.0000 0.0285
017380 0.6130 0.3585 0.0000 0.0285
017400 0.6130 0.3585 0.0000 0.0285
017420 0.6130 0.3585 0.0000 0.0285
017440 0.6130 0.3585 0.0000 0.0285
017460 0.6130 0.3585 0.0000 0.0285
017480 0.6130 0.3585 0.0000 0.0285
017500 0.6130 0.3585 0.0000 0.0285
017520 0.6130 0.3585 0.0000 0.0285
017540 0.6130 0.3585 0.0000 0.0285
017560 0.6130 0.3585 0.0000 0.0285
017580 0.6130 0.3585 0.0000 0.0285
017600 0.6130 0.3585 0.0000 0.0285
017620 0.6130 0.3585 0.0000 0.0285
017640 0.6130 0.3585 0.0000 0.0285
017660 0.6130 0.3585 0.0000 0.0285
017680 0.6130 0.3585 0.0000 0.0285
017700 0.6130 0.3585 0.0000 0.0285
017720 0.6130 0.3585 0.0000 0.0285
017740 0.6130 0.3585 0.0000 0.0285
017760 0.6130 0.3585 0.0000 0.0285
017780 0.6130 0.3585 0.0000 0.0285
017800 0.6130 0.3585 0.0000 0.0285
017820 0.6130 0.3585 0.0000 0.0285
017840 0.6130 0.3585 0.0000 0.0285
017860 0.6130 0.3585 0.0000 0.0285
017880 0.6130 0.3585 0.0000 0.0285
017900 0.6130 0.3585 0.0000 0.0285
017920 0.6130 0.3585 0.0000 0.0285
017940 0.6130 0.3585 0.0000 0.0285
017960 0.6130 0.3585 0.0000 0.0285
017980 0.6130 0.3585 0.0000 0.0285
018000 0.6130 0.3585 0.0000 0.0285
018020 0.6130 0.3585 0.0000 0.0285
018040 0.6130 0.3585 0.0000 0.0285
018060 0.6130 0.3585 0.0000 0.0285
018080 0.6130 0.3585 0.0000 0.0285
018100 0.6130 0.3585 0.0000 0.0285
018120 0.6130 0.3585 0.0000 0.0285
018140 0.6130 0.3585 0.0000 0.0285
018160 0.6130 0.3585 0.0000 0.0285
018180 0.6130 0.3585 0.0000 0.0285
018200 0.6130 0.3585 0.0000 0.0285
018220 0.6130 0.3585 0.0000 0.0285
018240 0.6130 0.3585 0.0000 0.0285
018260 0.6130 0.3585 0.0000 0.0285
018280 0.6130 0.3585 0.0000 0.0285
018300 0.6130 0.3585 0.0000 0.0285
018320 0.6130 0.3585 0.0000 0.0285
018340 0.6130 0.3585 0.0000 0.0285
018360 0.6130 0.3585 0.0000 0.0285
018380 0.6130 0.3585 0.0000 0.0285
018400 0.6130 0.3585 0.0000 0.0285
018420 0.6130 0.3585 0.0000 0.0285
018440 0.6130 0.3585 0.0000 0.0285
018460 0.6130 0.3585 0.0000 0.0285
018480 0.6130 0.3585 0.0000 0.0285
018500 0.6130 0.3585 0.0000 0.0285
018520 0.6130 0.3585 0.0000 0.0285
018540 0.6130 0.3585 0.0000 0.0285
018560 0.6130 0.3585 0.0000 0.0285
018580 0.6130 0.3585 0.0000 0.0285
018600 0.6130 0.3585 0.0000 0.0285
018620 0.6130 0.3585 0.0000 0.0285
018640 0.6130 0.3585 0.0000 0.0285
018660 0.6130 0.3585 0.0000 0.0285
018680 0.6130 0.3585 0.0000 0.0285
018700 0.6130 0.3585 0.0000 0.0285
018720 0.6130 0.3585 0.0000 0.0285
018740 0.6130 0.3585 0.0000 0.0285
018760 0.6130 0.3585 0.0000 0.0285
018780 0.6130 0.3585 0.0000 0.0285
018800 0.6130 0.3585 0.0000 0.0285
018820 0.6130 0.3585 0.0000 0.0285
018840 0.6130 0.3585 0.0000 0.0285
018860 0.6130 0.3585 0.0000 0.0285
018880 0.6130 0.3585 0.0000 0.0285
018900 0.6130 0.3585 0.0000 0.0285
018920 0.6130 0.3585 0.0000 0.0285
018940 0.6130 0.3585 0.0000 0.0285
018960 0.6130 0.3585 0.0000 0.0285
018980 0.6130 0.3585 0.0000 0.0285
019000 0.6130 0.3585 0.0000 0.0285
019020 0.6130 0.3585 0.0000 0.0285
019040 0.6130 0.3585 0.0000 0.0285
019060 0.6130 0.3585 0.0000 0.0285
019080 0.6130 0.3585 0.0000 0.0285
019100 0.6130 0.3585 0.0000 0.0285
019120 0.6130 0.3585 0.0000 0.0285
019140 0.6130 0.3585 0.0000 0.0285
019160 0.6130 0.3585 0.0000 0.0285
019180 0.6130 0.3585 0.0000 0.0285
019200 0.6130 0.3585 0.0000 0.0285
019220 0.6130 0.3585 0.0000 0.0285
019240 0.6130 0.3585 0.0000 0.0285
019260 0.6130 0.3585 0.0000 0.0285
019280 0.6130 0.3585 0.0000 0.0285
019300 0.6130 0.3585 0.0000 0.0285
019320 0.6130 0.3585 0.0000 0.0285
019340 0.6130 0.3585 0.0000 0.0285
019360 0.6130 0.3585 0.0000 0.0285
019380 0.6130 0.3585 0.0000 0.0285
019400 0.6130 0.3585 0.0000 0.0285
019420 0.6130 0.3585 0.0000 0.0285
019440 0.6130 0.3585 0.0000 0.0285
019460 0.6130 0.3585 0.0000 0.0285
019480 0.6130 0.3585 0.0000 0.0285
019500 0.6130 0.3585 0.0000 0.0285
019520 0.6130 0.3585 0.0000 0.0285
019540 0.6130 0.3585 0.0000 0.0285
019560 0.6130 0.3585 0.0000 0.0285
019580 0.6130 0.3585 0.0000 0.0285
019600 0.6130 0.3585 0.0000 0.0285
019620 0.6130 0.3585 0.0000 0.0285
019640 0.6130 0.3585 0.0000 0.0285
019660 0.6130 0.3585 0.0000 0.0285
019680 0.6130 0.3585 0.0000 0.0285
019700 0.6130 0.3585 0.0000 0.0285
019720 0.6130 0.3585 0.0000 0.0285
019740 0.6130 0.3585 0.0000 0.0285
019760 0.6130 0.3585 0.0000 0.0285
019780 0.6130 0.3585 0.0000 0.0285
019800 0.6130 0.3585 0.0000 0.0285
019820 0.6130 0.3585 0.0000 0.0285
019840 0.6130 0.3585 0.0000 0.0285
019860 0.6130 0.3585 0.0000 0.0285
019880 0.6130 0.3585 0.0000 0.0285
019900 0.6130 0.3585 0.0000 0.0285
019920 0.6130 0.3585 0.0000 0.0285
019940 0.6130 0.3585 0.0000 0.0285
019960 0.6130 0.3585 0.0000 0.0285
019980 0.6130 0.3585 0.0000 0.0285
020000 0.6130 0.3585 0.0000 0.0285
