000000 0.2500 0.2500 0.2500 0.2500
000020 0.2595 0.2597 0.2300 0.2508
000040 0.2707 0.2704 0.2082 0.2507
000060 0.2820 0.2809 0.1870 0.2502
000080 0.2920 0.2924 0.1669 0.2487
000100 0.3004 0.3049 0.1480 0.2467
000120 0.3078 0.3185 0.1299 0.2438
000140 0.3139 0.3327 0.1131 0.2403
000160 0.3188 0.3474 0.0977 0.2361
000180 0.3229 0.3630 0.0832 0.2309
000200 0.3247 0.3801 0.0701 0.2252
000220 0.3259 0.3981 0.0578 0.2183
000240 0.3260 0.4169 0.0466 0.2105
000260 0.3247 0.4357 0.0372 0.2024
000280 0.3203 0.4574 0.0285 0.1938
000300 0.3140 0.4812 0.0209 0.1839
000320 0.3060 0.5057 0.0142 0.1741
000340 0.2972 0.5307 0.0090 0.1631
000360 0.2871 0.5567 0.0050 0.1512
000380 0.2765 0.5832 0.0020 0.1383
000400 0.2654 0.6106 0.0004 0.1236
000420 0.2540 0.6376 0.0000 0.1084
000440 0.2445 0.6646 0.0000 0.0910
000460 0.2389 0.6877 0.0000 0.0733
000480 0.2370 0.7013 0.0000 0.0617
000500 0.2387 0.7122 0.0000 0.0491
000520 0.2412 0.7197 0.0000 0.0391
000540 0.2430 0.7253 0.0000 0.0317
000560 0.2442 0.7301 0.0000 0.0257
000580 0.2457 0.7336 0.0000 0.0208
000600 0.2483 0.7346 0.0000 0.0171
000620 0.2510 0.7354 0.0000 0.0135
000640 0.2552 0.7317 0.0000 0.0131
000660 0.2626 0.7252 0.0000 0.0122
000680 0.2724 0.7146 0.0000 0.0130
000700 0.2808 0.7063 0.0000 0.0128
000720 0.2901 0.6965 0.0000 0.0135
000740 0.3000 0.6875 0.0000 0.0125
000760 0.3096 0.6783 0.0000 0.0121
000780 0.3192 0.6676 0.0000 0.0132
000800 0.3213 0.6631 0.0000 0.0157
000820 0.3218 0.6617 0.0000 0.0164
000840 0.3221 0.6608 0.0000 0.0171
000860 0.3232 0.6595 0.0000 0.0173
000880 0.3255 0.6576 0.0000 0.0169
000900 0.3311 0.6526 0.0000 0.0163
000920 0.3361 0.6476 0.0000 0.0163
000940 0.3463 0.6390 0.0000 0.0146
000960 0.3588 0.6264 0.0000 0.0148
000980 0.3728 0.6118 0.0000 0.0154
001000 0.3833 0.6005 0.0000 0.0163
001020 0.3907 0.5925 0.0000 0.0168
001040 0.3979 0.5849 0.0000 0.0172
001060 0.4047 0.5784 0.0000 0.0169
001080 0.4119 0.5711 0.0000 0.0170
001100 0.4158 0.5673 0.0000 0.0169
001120 0.4249 0.5586 0.0000 0.0165
001140 0.4307 0.5510 0.0000 0.0183
001160 0.4341 0.5444 0.0000 0.0215
001180 0.4320 0.5447 0.0000 0.0233
001200 0.4320 0.5444 0.0000 0.0236
001220 0.4307 0.5458 0.0000 0.0235
001240 0.4310 0.5446 0.0000 0.0244
001260 0.4319 0.5440 0.0000 0.0241
001280 0.4358 0.5409 0.0000 0.0234
001300 0.4393 0.5371 0.0000 0.0236
001320 0.4446 0.5320 0.0000 0.0233
001340 0.4551 0.5239 0.0000 0.0210
001360 0.4726 0.5090 0.0000 0.0183
001380 0.4859 0.4946 0.0000 0.0195
001400 0.4982 0.4825 0.0000 0.0193
001420 0.5149 0.4659 0.0000 0.0192
001440 0.5237 0.4530 0.0000 0.0232
001460 0.5252 0.4475 0.0000 0.0273
001480 0.5178 0.4512 0.0000 0.0309
001500 0.5089 0.4602 0.0000 0.0309
001520 0.5036 0.4669 0.0000 0.0295
001540 0.5023 0.4699 0.0000 0.0278
001560 0.5066 0.4648 0.0000 0.0286
001580 0.5117 0.4617 0.0000 0.0266
001600 0.5242 0.4493 0.0000 0.0265
001620 0.5367 0.4374 0.0000 0.0259
001640 0.5508 0.4229 0.0000 0.0263
001660 0.5682 0.4070 0.0000 0.0249
001680 0.5817 0.3926 0.0000 0.0256
001700 0.5912 0.3803 0.0000 0.0285
001720 0.5960 0.3738 0.0000 0.0303
001740 0.5982 0.3728 0.0000 0.0290
001760 0.5999 0.3708 0.0000 0.0293
001780 0.6023 0.3685 0.0000 0.0292
001800 0.6027 0.3669 0.0000 0.0305
001820 0.6003 0.3683 0.0000 0.0313
001840 0.5979 0.3701 0.0000 0.0320
001860 0.5947 0.3717 0.0000 0.0336
001880 0.5871 0.3769 0.0000 0.0360
001900 0.5808 0.3848 0.0000 0.0344
001920 0.5804 0.3876 0.0000 0.0320
001940 0.5848 0.3839 0.0000 0.0313
001960 0.5899 0.3796 0.0000 0.0305
001980 0.5950 0.3733 0.0000 0.0317
002000 0.5978 0.3706 0.0000 0.0316
002020 0.6046 0.3666 0.0000 0.0288
002040 0.6128 0.3586 0.0000 0.0286
002060 0.6231 0.3484 0.0000 0.0285
002080 0.6293 0.3420 0.0000 0.0287
002100 0.6321 0.3389 0.0000 0.0289
002120 0.6344 0.3357 0.0000 0.0299
002140 0.6334 0.3356 0.0000 0.0310
002160 0.6324 0.3366 0.0000 0.0310
002180 0.6265 0.3404 0.0000 0.0331
002200 0.6173 0.3469 0.0000 0.0358
002220 0.6042 0.3588 0.0000 0.0370
002240 0.5933 0.3703 0.0000 0.0364
002260 0.5886 0.3788 0.0000 0.0326
002280 0.5888 0.3781 0.0000 0.0331
002300 0.5904 0.3775 0.0000 0.0321
002320 0.5927 0.3751 0.0000 0.0323
002340 0.5954 0.3719 0.0000 0.0327
002360 0.6040 0.3657 0.0000 0.0302
002380 0.6191 0.3535 0.0000 0.0274
002400 0.6321 0.3408 0.0000 0.0271
002420 0.6420 0.3282 0.0000 0.0298
002440 0.6479 0.3226 0.0000 0.0294
002460 0.6447 0.3221 0.0000 0.0332
002480 0.6380 0.3275 0.0000 0.0344
002500 0.6241 0.3393 0.0000 0.0367
002520 0.6094 0.3541 0.0000 0.0366
002540 0.5971 0.3677 0.0000 0.0352
002560 0.5933 0.3724 0.0000 0.0343
002580 0.5964 0.3700 0.0000 0.0336
002600 0.5999 0.3673 0.0000 0.0328
002620 0.6039 0.3640 0.0000 0.0321
002640 0.6072 0.3603 0.0000 0.0325
002660 0.6132 0.3566 0.0000 0.0302
002680 0.6185 0.3502 0.0000 0.0313
002700 0.6189 0.3502 0.0000 0.0309
002720 0.6217 0.3466 0.0000 0.0317
002740 0.6203 0.3479 0.0000 0.0318
002760 0.6237 0.3444 0.0000 0.0319
002780 0.6245 0.3436 0.0000 0.0319
002800 0.6254 0.3434 0.0000 0.0312
002820 0.6282 0.3403 0.0000 0.0315
002840 0.6249 0.3425 0.0000 0.0326
002860 0.6264 0.3421 0.0000 0.0316
002880 0.6228 0.3454 0.0000 0.0318
002900 0.6189 0.3469 0.0000 0.0342
002920 0.6118 0.3515 0.0000 0.0367
002940 0.6049 0.3603 0.0000 0.0348
002960 0.5996 0.3662 0.0000 0.0342
002980 0.5975 0.3692 0.0000 0.0333
003000 0.5961 0.3706 0.0000 0.0332
003020 0.5967 0.3685 0.0000 0.0348
003040 0.6017 0.3679 0.0000 0.0304
003060 0.6072 0.3635 0.0000 0.0293
003080 0.6132 0.3572 0.0000 0.0296
003100 0.6232 0.3483 0.0000 0.0285
003120 0.6306 0.3398 0.0000 0.0296
003140 0.6357 0.3341 0.0000 0.0302
003160 0.6361 0.3309 0.0000 0.0330
003180 0.6288 0.3365 0.0000 0.0347
003200 0.6208 0.3450 0.0000 0.0342
003220 0.6118 0.3514 0.0000 0.0369
003240 0.6049 0.3602 0.0000 0.0349
003260 0.6007 0.3669 0.0000 0.0325
003280 0.6016 0.3650 0.0000 0.0334
003300 0.6022 0.3661 0.0000 0.0317
003320 0.6081 0.3615 0.0000 0.0304
003340 0.6124 0.3562 0.0000 0.0315
003360 0.6168 0.3516 0.0000 0.0316
003380 0.6213 0.3479 0.0000 0.0307
003400 0.6270 0.3431 0.0000 0.0299
003420 0.6333 0.3364 0.0000 0.0303
003440 0.6389 0.3301 0.0000 0.0310
003460 0.6347 0.3328 0.0000 0.0325
003480 0.6270 0.3387 0.0000 0.0343
003500 0.6169 0.3477 0.0000 0.0354
003520 0.6099 0.3569 0.0000 0.0331
003540 0.6068 0.3600 0.0000 0.0332
003560 0.6053 0.3607 0.0000 0.0340
003580 0.6044 0.3591 0.0000 0.0365
003600 0.6007 0.3635 0.0000 0.0358
003620 0.5986 0.3676 0.0000 0.0338
003640 0.6005 0.3674 0.0000 0.0321
003660 0.6002 0.3652 0.0000 0.0346
003680 0.5964 0.3675 0.0000 0.0360
003700 0.5951 0.3720 0.0000 0.0329
003720 0.5939 0.3740 0.0000 0.0321
003740 0.5992 0.3694 0.0000 0.0314
003760 0.6046 0.3645 0.0000 0.0308
003780 0.6126 0.3573 0.0000 0.0302
003800 0.6229 0.3470 0.0000 0.0301
003820 0.6278 0.3421 0.0000 0.0300
003840 0.6285 0.3394 0.0000 0.0320
003860 0.6270 0.3396 0.0000 0.0334
003880 0.6189 0.3456 0.0000 0.0355
003900 0.6123 0.3536 0.0000 0.0341
003920 0.6085 0.3564 0.0000 0.0351
003940 0.6068 0.3588 0.0000 0.0344
003960 0.6043 0.3617 0.0000 0.0340
003980 0.6014 0.3642 0.0000 0.0344
004000 0.5985 0.3664 0.0000 0.0350
004020 0.6012 0.3667 0.0000 0.0321
004040 0.6084 0.3605 0.0000 0.0311
004060 0.6144 0.3531 0.0000 0.0325
004080 0.6147 0.3514 0.0000 0.0339
004100 0.6104 0.3536 0.0000 0.0359
004120 0.6037 0.3609 0.0000 0.0354
004140 0.6002 0.3660 0.0000 0.0337
004160 0.6034 0.3645 0.0000 0.0321
004180 0.6062 0.3613 0.0000 0.0325
004200 0.6102 0.3572 0.0000 0.0326
004220 0.6145 0.3540 0.0000 0.0315
004240 0.6210 0.3482 0.0000 0.0308
004260 0.6247 0.3440 0.0000 0.0313
004280 0.6237 0.3446 0.0000 0.0317
004300 0.6208 0.3476 0.0000 0.0316
004320 0.6193 0.3475 0.0000 0.0331
004340 0.6187 0.3503 0.0000 0.0309
004360 0.6146 0.3516 0.0000 0.0338
004380 0.6090 0.3566 0.0000 0.0344
004400 0.6043 0.3612 0.0000 0.0345
004420 0.6023 0.3644 0.0000 0.0333
004440 0.6034 0.3646 0.0000 0.0321
004460 0.6066 0.3599 0.0000 0.0335
004480 0.6065 0.3608 0.0000 0.0327
004500 0.6107 0.3582 0.0000 0.0311
004520 0.6169 0.3524 0.0000 0.0307
004540 0.6210 0.3489 0.0000 0.0301
004560 0.6272 0.3422 0.0000 0.0306
004580 0.6274 0.3395 0.0000 0.0331
004600 0.6235 0.3432 0.0000 0.0333
004620 0.6194 0.3471 0.0000 0.0335
004640 0.6156 0.3515 0.0000 0.0329
004660 0.6094 0.3554 0.0000 0.0352
004680 0.6010 0.3635 0.0000 0.0355
004700 0.6000 0.3666 0.0000 0.0334
004720 0.6021 0.3653 0.0000 0.0326
004740 0.6036 0.3643 0.0000 0.0321
004760 0.6067 0.3612 0.0000 0.0321
004780 0.6140 0.3560 0.0000 0.0300
004800 0.6202 0.3497 0.0000 0.0301
004820 0.6247 0.3448 0.0000 0.0305
004840 0.6252 0.3426 0.0000 0.0322
004860 0.6225 0.3444 0.0000 0.0331
004880 0.6218 0.3457 0.0000 0.0325
004900 0.6158 0.3507 0.0000 0.0335
004920 0.6130 0.3541 0.0000 0.0329
004940 0.6096 0.3572 0.0000 0.0332
004960 0.6003 0.3631 0.0000 0.0366
004980 0.5935 0.3711 0.0000 0.0354
005000 0.5957 0.3727 0.0000 0.0316
005020 0.6035 0.3654 0.0000 0.0311
005040 0.6070 0.3611 0.0000 0.0320
005060 0.6103 0.3571 0.0000 0.0326
005080 0.6140 0.3542 0.0000 0.0318
005100 0.6162 0.3529 0.0000 0.0309
005120 0.6162 0.3519 0.0000 0.0319
005140 0.6169 0.3512 0.0000 0.0319
005160 0.6176 0.3501 0.0000 0.0323
005180 0.6197 0.3475 0.0000 0.0328
005200 0.6144 0.3511 0.0000 0.0345
005220 0.6104 0.3560 0.0000 0.0336
005240 0.6088 0.3583 0.0000 0.0329
005260 0.6096 0.3592 0.0000 0.0312
005280 0.6125 0.3561 0.0000 0.0314
005300 0.6139 0.3554 0.0000 0.0307
005320 0.6172 0.3512 0.0000 0.0316
005340 0.6176 0.3484 0.0000 0.0340
005360 0.6139 0.3515 0.0000 0.0346
005380 0.6117 0.3547 0.0000 0.0336
005400 0.6082 0.3594 0.0000 0.0324
005420 0.6079 0.3615 0.0000 0.0306
005440 0.6111 0.3576 0.0000 0.0313
005460 0.6155 0.3526 0.0000 0.0319
005480 0.6163 0.3519 0.0000 0.0318
005500 0.6177 0.3502 0.0000 0.0322
005520 0.6203 0.3472 0.0000 0.0325
005540 0.6156 0.3493 0.0000 0.0351
005560 0.6097 0.3569 0.0000 0.0334
005580 0.6048 0.3623 0.0000 0.0330
005600 0.6005 0.3655 0.0000 0.0340
005620 0.5991 0.3679 0.0000 0.0330
005640 0.6041 0.3646 0.0000 0.0313
005660 0.6103 0.3585 0.0000 0.0311
005680 0.6184 0.3510 0.0000 0.0306
005700 0.6262 0.3432 0.0000 0.0306
005720 0.6311 0.3382 0.0000 0.0306
005740 0.6344 0.3343 0.0000 0.0313
005760 0.6352 0.3330 0.0000 0.0317
005780 0.6320 0.3364 0.0000 0.0316
005800 0.6280 0.3400 0.0000 0.0319
005820 0.6220 0.3454 0.0000 0.0326
005840 0.6184 0.3479 0.0000 0.0337
005860 0.6168 0.3504 0.0000 0.0328
005880 0.6159 0.3516 0.0000 0.0325
005900 0.6187 0.3504 0.0000 0.0309
005920 0.6205 0.3484 0.0000 0.0312
005940 0.6230 0.3459 0.0000 0.0312
005960 0.6246 0.3440 0.0000 0.0314
005980 0.6258 0.3432 0.0000 0.0311
006000 0.6270 0.3401 0.0000 0.0329
006020 0.6204 0.3437 0.0000 0.0358
006040 0.6118 0.3526 0.0000 0.0356
006060 0.6052 0.3597 0.0000 0.0351
006080 0.6035 0.3629 0.0000 0.0336
006100 0.6055 0.3612 0.0000 0.0332
006120 0.6064 0.3613 0.0000 0.0322
006140 0.6113 0.3587 0.0000 0.0300
006160 0.6169 0.3505 0.0000 0.0326
006180 0.6178 0.3486 0.0000 0.0336
006200 0.6127 0.3529 0.0000 0.0344
006220 0.6125 0.3535 0.0000 0.0341
006240 0.6104 0.3566 0.0000 0.0330
006260 0.6097 0.3577 0.0000 0.0326
006280 0.6083 0.3572 0.0000 0.0345
006300 0.6053 0.3583 0.0000 0.0364
006320 0.5988 0.3658 0.0000 0.0354
006340 0.5983 0.3701 0.0000 0.0317
006360 0.6063 0.3637 0.0000 0.0300
006380 0.6141 0.3555 0.0000 0.0303
006400 0.6217 0.3475 0.0000 0.0308
006420 0.6274 0.3421 0.0000 0.0306
006440 0.6325 0.3362 0.0000 0.0313
006460 0.6305 0.3352 0.0000 0.0343
006480 0.6261 0.3397 0.0000 0.0342
006500 0.6242 0.3445 0.0000 0.0314
006520 0.6195 0.3466 0.0000 0.0339
006540 0.6098 0.3561 0.0000 0.0341
006560 0.6025 0.3637 0.0000 0.0338
006580 0.5990 0.3669 0.0000 0.0340
006600 0.5974 0.3685 0.0000 0.0341
006620 0.5950 0.3723 0.0000 0.0328
006640 0.5979 0.3699 0.0000 0.0322
006660 0.6032 0.3661 0.0000 0.0307
006680 0.6106 0.3574 0.0000 0.0320
006700 0.6067 0.3591 0.0000 0.0342
006720 0.6079 0.3608 0.0000 0.0313
006740 0.6101 0.3586 0.0000 0.0313
006760 0.6168 0.3526 0.0000 0.0306
006780 0.6210 0.3463 0.0000 0.0327
006800 0.6214 0.3480 0.0000 0.0306
006820 0.6244 0.3461 0.0000 0.0294
006840 0.6306 0.3398 0.0000 0.0296
006860 0.6334 0.3359 0.0000 0.0306
006880 0.6322 0.3353 0.0000 0.0325
006900 0.6257 0.3412 0.0000 0.0331
006920 0.6188 0.3470 0.0000 0.0342
006940 0.6101 0.3544 0.0000 0.0355
006960 0.5983 0.3653 0.0000 0.0364
006980 0.5906 0.3740 0.0000 0.0355
007000 0.5939 0.3724 0.0000 0.0337
007020 0.5980 0.3693 0.0000 0.0327
007040 0.6063 0.3637 0.0000 0.0300
007060 0.6158 0.3553 0.0000 0.0289
007080 0.6266 0.3457 0.0000 0.0277
007100 0.6333 0.3375 0.0000 0.0292
007120 0.6385 0.3321 0.0000 0.0294
007140 0.6443 0.3253 0.0000 0.0304
007160 0.6423 0.3251 0.0000 0.0325
007180 0.6359 0.3292 0.0000 0.0349
007200 0.6256 0.3394 0.0000 0.0350
007220 0.6151 0.3502 0.0000 0.0347
007240 0.6092 0.3555 0.0000 0.0353
007260 0.6015 0.3623 0.0000 0.0362
007280 0.5952 0.3684 0.0000 0.0363
007300 0.5930 0.3725 0.0000 0.0346
007320 0.5960 0.3723 0.0000 0.0318
007340 0.6095 0.3618 0.0000 0.0287
007360 0.6233 0.3480 0.0000 0.0287
007380 0.6338 0.3386 0.0000 0.0276
007400 0.6408 0.3305 0.0000 0.0287
007420 0.6385 0.3304 0.0000 0.0311
007440 0.6346 0.3336 0.0000 0.0318
007460 0.6283 0.3390 0.0000 0.0327
007480 0.6226 0.3438 0.0000 0.0335
007500 0.6172 0.3488 0.0000 0.0340
007520 0.6102 0.3555 0.0000 0.0343
007540 0.6081 0.3597 0.0000 0.0322
007560 0.6090 0.3584 0.0000 0.0326
007580 0.6056 0.3597 0.0000 0.0348
007600 0.6083 0.3601 0.0000 0.0317
007620 0.6167 0.3543 0.0000 0.0290
007640 0.6248 0.3456 0.0000 0.0296
007660 0.6258 0.3431 0.0000 0.0311
007680 0.6227 0.3450 0.0000 0.0323
007700 0.6203 0.3474 0.0000 0.0323
007720 0.6168 0.3495 0.0000 0.0337
007740 0.6133 0.3538 0.0000 0.0329
007760 0.6133 0.3544 0.0000 0.0323
007780 0.6141 0.3531 0.0000 0.0328
007800 0.6123 0.3542 0.0000 0.0335
007820 0.6080 0.3585 0.0000 0.0334
007840 0.6095 0.3592 0.0000 0.0313
007860 0.6122 0.3565 0.0000 0.0313
007880 0.6186 0.3494 0.0000 0.0320
007900 0.6231 0.3454 0.0000 0.0315
007920 0.6223 0.3455 0.0000 0.0322
007940 0.6207 0.3475 0.0000 0.0318
007960 0.6259 0.3436 0.0000 0.0305
007980 0.6269 0.3426 0.0000 0.0306
008000 0.6313 0.3384 0.0000 0.0303
008020 0.6325 0.3359 0.0000 0.0316
008040 0.6293 0.3383 0.0000 0.0324
008060 0.6256 0.3408 0.0000 0.0337
008080 0.6145 0.3477 0.0000 0.0378
008100 0.6007 0.3615 0.0000 0.0378
008120 0.5946 0.3693 0.0000 0.0361
008140 0.5892 0.3750 0.0000 0.0357
008160 0.5839 0.3806 0.0000 0.0355
008180 0.5801 0.3847 0.0000 0.0351
008200 0.5748 0.3886 0.0000 0.0366
008220 0.5740 0.3909 0.0000 0.0351
008240 0.5816 0.3861 0.0000 0.0323
008260 0.5937 0.3762 0.0000 0.0300
008280 0.6045 0.3650 0.0000 0.0305
008300 0.6131 0.3575 0.0000 0.0294
008320 0.6227 0.3471 0.0000 0.0302
008340 0.6313 0.3381 0.0000 0.0306
008360 0.6322 0.3348 0.0000 0.0330
008380 0.6342 0.3345 0.0000 0.0313
008400 0.6360 0.3330 0.0000 0.0310
008420 0.6323 0.3352 0.0000 0.0325
008440 0.6266 0.3396 0.0000 0.0338
008460 0.6182 0.3475 0.0000 0.0343
008480 0.6148 0.3530 0.0000 0.0322
008500 0.6151 0.3531 0.0000 0.0318
008520 0.6139 0.3533 0.0000 0.0328
008540 0.6064 0.3585 0.0000 0.0350
008560 0.5988 0.3649 0.0000 0.0363
008580 0.5954 0.3699 0.0000 0.0348
008600 0.5956 0.3719 0.0000 0.0325
008620 0.5987 0.3690 0.0000 0.0323
008640 0.6065 0.3641 0.0000 0.0294
008660 0.6250 0.3480 0.0000 0.0270
008680 0.6345 0.3362 0.0000 0.0293
008700 0.6373 0.3307 0.0000 0.0320
008720 0.6386 0.3312 0.0000 0.0302
008740 0.6351 0.3325 0.0000 0.0324
008760 0.6287 0.3376 0.0000 0.0337
008780 0.6205 0.3457 0.0000 0.0338
008800 0.6120 0.3526 0.0000 0.0353
008820 0.6048 0.3589 0.0000 0.0363
008840 0.6019 0.3628 0.0000 0.0353
008860 0.5993 0.3667 0.0000 0.0340
008880 0.5973 0.3687 0.0000 0.0340
008900 0.5976 0.3694 0.0000 0.0330
008920 0.6034 0.3642 0.0000 0.0323
008940 0.6138 0.3560 0.0000 0.0302
008960 0.6182 0.3494 0.0000 0.0324
008980 0.6157 0.3506 0.0000 0.0336
009000 0.6128 0.3533 0.0000 0.0338
009020 0.6063 0.3582 0.0000 0.0355
009040 0.6017 0.3634 0.0000 0.0349
009060 0.5968 0.3691 0.0000 0.0341
009080 0.5953 0.3711 0.0000 0.0336
009100 0.5927 0.3736 0.0000 0.0337
009120 0.5926 0.3734 0.0000 0.0340
009140 0.5949 0.3722 0.0000 0.0329
009160 0.6049 0.3669 0.0000 0.0281
009180 0.6186 0.3545 0.0000 0.0269
009200 0.6319 0.3397 0.0000 0.0284
009220 0.6399 0.3295 0.0000 0.0306
009240 0.6425 0.3264 0.0000 0.0311
009260 0.6417 0.3254 0.0000 0.0328
009280 0.6321 0.3326 0.0000 0.0353
009300 0.6204 0.3426 0.0000 0.0369
009320 0.6114 0.3538 0.0000 0.0348
009340 0.6062 0.3586 0.0000 0.0352
009360 0.5993 0.3662 0.0000 0.0346
009380 0.6013 0.3662 0.0000 0.0325
009400 0.6034 0.3645 0.0000 0.0322
009420 0.6064 0.3624 0.0000 0.0312
009440 0.6077 0.3616 0.0000 0.0307
009460 0.6155 0.3535 0.0000 0.0310
009480 0.6173 0.3512 0.0000 0.0314
009500 0.6192 0.3490 0.0000 0.0318
009520 0.6203 0.3482 0.0000 0.0314
009540 0.6200 0.3471 0.0000 0.0330
009560 0.6142 0.3491 0.0000 0.0367
009580 0.6070 0.3575 0.0000 0.0355
009600 0.6037 0.3623 0.0000 0.0340
009620 0.6034 0.3625 0.0000 0.0341
009640 0.6027 0.3638 0.0000 0.0335
009660 0.6018 0.3660 0.0000 0.0322
009680 0.6024 0.3641 0.0000 0.0335
009700 0.5997 0.3658 0.0000 0.0345
009720 0.6032 0.3662 0.0000 0.0307
009740 0.6139 0.3573 0.0000 0.0288
009760 0.6250 0.3461 0.0000 0.0289
009780 0.6316 0.3396 0.0000 0.0287
009800 0.6406 0.3320 0.0000 0.0274
009820 0.6441 0.3268 0.0000 0.0291
009840 0.6461 0.3232 0.0000 0.0307
009860 0.6427 0.3235 0.0000 0.0338
009880 0.6324 0.3302 0.0000 0.0374
009900 0.6155 0.3448 0.0000 0.0397
009920 0.5976 0.3629 0.0000 0.0395
009940 0.5861 0.3764 0.0000 0.0375
009960 0.5794 0.3869 0.0000 0.0337
009980 0.5822 0.3862 0.0000 0.0316
010000 0.5887 0.3792 0.0000 0.0321
010020 0.5948 0.3728 0.0000 0.0324
010040 0.5948 0.3728 0.0000 0.0324
010060 0.5948 0.3728 0.0000 0.0324
010080 0.5948 0.3728 0.0000 0.0324
010100 0.5948 0.3728 0.0000 0.0324
010120 0.5948 0.3728 0.0000 0.0324
010140 0.5948 0.3728 0.0000 0.0324
010160 0.5948 0.3728 0.0000 0.0324
010180 0.5948 0.3728 0.0000 0.0324
010200 0.5948 0.3728 0.0000 0.0324
010220 0.5948 0.3728 0.0000 0.0324
010240 0.5948 0.3728 0.0000 0.0324
010260 0.5948 0.3728 0.0000 0.0324
010280 0.5948 0.3728 0.0000 0.0324
010300 0.5948 0.3728 0.0000 0.0324
010320 0.5948 0.3728 0.0000 0.0324
010340 0.5948 0.3728 0.0000 0.0324
010360 0.5948 0.3728 0.0000 0.0324
010380 0.5948 0.3728 0.0000 0.0324
010400 0.5948 0.3728 0.0000 0.0324
010420 0.5948 0.3728 0.0000 0.0324
010440 0.5948 0.3728 0.0000 0.0324
010460 0.5948 0.3728 0.0000 0.0324
010480 0.5948 0.3728 0.0000 0.0324
010500 0.5948 0.3728 0.0000 0.0324
010520 0.5948 0.3728 0.0000 0.0324
010540 0.5948 0.3728 0.0000 0.0324
010560 0.5948 0.3728 0.0000 0.0324
010580 0.5948 0.3728 0.0000 0.0324
010600 0.5948 0.3728 0.0000 0.0324
010620 0.5948 0.3728 0.0000 0.0324
010640 0.5948 0.3728 0.0000 0.0324
010660 0.5948 0.3728 0.0000 0.0324
010680 0.5948 0.3728 0.0000 0.0324
010700 0.5948 0.3728 0.0000 0.0324
010720 0.5948 0.3728 0.0000 0.0324
010740 0.5948 0.3728 0.0000 0.0324
010760 0.5948 0.3728 0.0000 0.0324
010780 0.5948 0.3728 0.0000 0.0324
010800 0.5948 0.3728 0.0000 0.0324
010820 0.5948 0.3728 0.0000 0.0324
010840 0.5948 0.3728 0.0000 0.0324
010860 0.5948 0.3728 0.0000 0.0324
010880 0.5948 0.3728 0.0000 0.0324
010900 0.5948 0.3728 0.0000 0.0324
010920 0.5948 0.3728 0.0000 0.0324
010940 0.5948 0.3728 0.0000 0.0324
010960 0.5948 0.3728 0.0000 0.0324
010980 0.5948 0.3728 0.0000 0.0324
011000 0.5948 0.3728 0.0000 0.0324
011020 0.5948 0.3728 0.0000 0.0324
011040 0.5948 0.3728 0.0000 0.0324
011060 0.5948 0.3728 0.0000 0.0324
011080 0.5948 0.3728 0.0000 0.0324
011100 0.5948 0.3728 0.0000 0.0324
011120 0.5948 0.3728 0.0000 0.0324
011140 0.5948 0.3728 0.0000 0.0324
011160 0.5948 0.3728 0.0000 0.0324
011180 0.5948 0.3728 0.0000 0.0324
011200 0.5948 0.3728 0.0000 0.0324
011220 0.5948 0.3728 0.0000 0.0324
011240 0.5948 0.3728 0.0000 0.0324
011260 0.5948 0.3728 0.0000 0.0324
011280 0.5948 0.3728 0.0000 0.0324
011300 0.5948 0.3728 0.0000 0.0324
011320 0.5948 0.3728 0.0000 0.0324
011340 0.5948 0.3728 0.0000 0.0324
011360 0.5948 0.3728 0.0000 0.0324
011380 0.5948 0.3728 0.0000 0.0324
011400 0.5948 0.3728 0.0000 0.0324
011420 0.5948 0.3728 0.0000 0.0324
011440 0.5948 0.3728 0.0000 0.0324
011460 0.5948 0.3728 0.0000 0.0324
011480 0.5948 0.3728 0.0000 0.0324
011500 0.5948 0.3728 0.0000 0.0324
011520 0.5948 0.3728 0.0000 0.0324
011540 0.5948 0.3728 0.0000 0.0324
011560 0.5948 0.3728 0.0000 0.0324
011580 0.5948 0.3728 0.0000 0.0324
011600 0.5948 0.3728 0.0000 0.0324
011620 0.5948 0.3728 0.0000 0.0324
011640 0.5948 0.3728 0.0000 0.0324
011660 0.5948 0.3728 0.0000 0.0324
011680 0.5948 0.3728 0.0000 0.0324
011700 0.5948 0.3728 0.0000 0.0324
011720 0.5948 0.3728 0.0000 0.0324
011740 0.5948 0.3728 0.0000 0.0324
011760 0.5948 0.3728 0.0000 0.0324
011780 0.5948 0.3728 0.0000 0.0324
011800 0.5948 0.3728 0.0000 0.0324
011820 0.5948 0.3728 0.0000 0.0324
011840 0.5948 0.3728 0.0000 0.0324
011860 0.5948 0.3728 0.0000 0.0324
011880 0.5948 0.3728 0.0000 0.0324
011900 0.5948 0.3728 0.0000 0.0324
011920 0.5948 0.3728 0.0000 0.0324
011940 0.5948 0.3728 0.0000 0.0324
011960 0.5948 0.3728 0.0000 0.0324
011980 0.5948 0.3728 0.0000 0.0324
012000 0.5948 0.3728 0.0000 0.0324
012020 0.5948 0.3728 0.0000 0.0324
012040 0.5948 0.3728 0.0000 0.0324
012060 0.5948 0.3728 0.0000 0.0324
012080 0.5948 0.3728 0.0000 0.0324
012100 0.5948 0.3728 0.0000 0.0324
012120 0.5948 0.3728 0.0000 0.0324
012140 0.5948 0.3728 0.0000 0.0324
012160 0.5948 0.3728 0.0000 0.0324
012180 0.5948 0.3728 0.0000 0.0324
012200 0.5948 0.3728 0.0000 0.0324
012220 0.5948 0.3728 0.0000 0.0324
012240 0.5948 0.3728 0.0000 0.0324
012260 0.5948 0.3728 0.0000 0.0324
012280 0.5948 0.3728 0.0000 0.0324
012300 0.5948 0.3728 0.0000 0.0324
012320 0.5948 0.3728 0.0000 0.0324
012340 0.5948 0.3728 0.0000 0.0324
012360 0.5948 0.3728 0.0000 0.0324
012380 0.5948 0.3728 0.0000 0.0324
012400 0.5948 0.3728 0.0000 0.0324
012420 0.5948 0.3728 0.0000 0.0324
012440 0.5948 0.3728 0.0000 0.0324
012460 0.5948 0.3728 0.0000 0.0324
012480 0.5948 0.3728 0.0000 0.0324
012500 0.5948 0.3728 0.0000 0.0324
012520 0.5948 0.3728 0.0000 0.0324
012540 0.5948 0.3728 0.0000 0.0324
012560 0.5948 0.3728 0.0000 0.0324
012580 0.5948 0.3728 0.0000 0.0324
012600 0.5948 0.3728 0.0000 0.0324
012620 0.5948 0.3728 0.0000 0.0324
012640 0.5948 0.3728 0.0000 0.0324
012660 0.5948 0.3728 0.0000 0.0324
012680 0.5948 0.3728 0.0000 0.0324
012700 0.5948 0.3728 0.0000 0.0324
012720 0.5948 0.3728 0.0000 0.0324
012740 0.5948 0.3728 0.0000 0.0324
012760 0.5948 0.3728 0.0000 0.0324
012780 0.5948 0.3728 0.0000 0.0324
012800 0.5948 0.3728 0.0000 0.0324
012820 0.5948 0.3728 0.0000 0.0324
012840 0.5948 0.3728 0.0000 0.0324
012860 0.5948 0.3728 0.0000 0.0324
012880 0.5948 0.3728 0.0000 0.0324
012900 0.5948 0.3728 0.0000 0.0324
012920 0.5948 0.3728 0.0000 0.0324
012940 0.5948 0.3728 0.0000 0.0324
012960 0.5948 0.3728 0.0000 0.0324
012980 0.5948 0.3728 0.0000 0.0324
013000 0.5948 0.3728 0.0000 0.0324
013020 0.5948 0.3728 0.0000 0.0324
013040 0.5948 0.3728 0.0000 0.0324
013060 0.5948 0.3728 0.0000 0.0324
013080 0.5948 0.3728 0.0000 0.0324
013100 0.5948 0.3728 0.0000 0.0324
013120 0.5948 0.3728 0.0000 0.0324
013140 0.5948 0.3728 0.0000 0.0324
013160 0.5948 0.3728 0.0000 0.0324
013180 0.5948 0.3728 0.0000 0.0324
013200 0.5948 0.3728 0.0000 0.0324
013220 0.5948 0.3728 0.0000 0.0324
013240 0.5948 0.3728 0.0000 0.0324
013260 0.5948 0.3728 0.0000 0.0324
013280 0.5948 0.3728 0.0000 0.0324
013300 0.5948 0.3728 0.0000 0.0324
013320 0.5948 0.3728 0.0000 0.0324
013340 0.5948 0.3728 0.0000 0.0324
013360 0.5948 0.3728 0.0000 0.0324
013380 0.5948 0.3728 0.0000 0.0324
013400 0.5948 0.3728 0.0000 0.0324
013420 0.5948 0.3728 0.0000 0.0324
013440 0.5948 0.3728 0.0000 0.0324
013460 0.5948 0.3728 0.0000 0.0324
013480 0.5948 0.3728 0.0000 0.0324
013500 0.5948 0.3728 0.0000 0.0324
013520 0.5948 0.3728 0.0000 0.0324
013540 0.5948 0.3728 0.0000 0.0324
013560 0.5948 0.3728 0.0000 0.0324
013580 0.5948 0.3728 0.0000 0.0324
013600 0.5948 0.3728 0.0000 0.0324
013620 0.5948 0.3728 0.0000 0.0324
013640 0.5948 0.3728 0.0000 0.0324
013660 0.5948 0.3728 0.0000 0.0324
013680 0.5948 0.3728 0.0000 0.0324
013700 0.5948 0.3728 0.0000 0.0324
013720 0.5948 0.3728 0.0000 0.0324
013740 0.5948 0.3728 0.0000 0.0324
013760 0.5948 0.3728 0.0000 0.0324
013780 0.5948 0.3728 0.0000 0.0324
013800 0.5948 0.3728 0.0000 0.0324
013820 0.5948 0.3728 0.0000 0.0324
013840 0.5948 0.3728 0.0000 0.0324
013860 0.5948 0.3728 0.0000 0.0324
013880 0.5948 0.3728 0.0000 0.0324
013900 0.5948 0.3728 0.0000 0.0324
013920 0.5948 0.3728 0.0000 0.0324
013940 0.5948 0.3728 0.0000 0.0324
013960 0.5948 0.3728 0.0000 0.0324
013980 0.5948 0.3728 0.0000 0.0324
014000 0.5948 0.3728 0.0000 0.0324
014020 0.5948 0.3728 0.0000 0.0324
014040 0.5948 0.3728 0.0000 0.0324
014060 0.5948 0.3728 0.0000 0.0324
014080 0.5948 0.3728 0.0000 0.0324
014100 0.5948 0.3728 0.0000 0.0324
014120 0.5948 0.3728 0.0000 0.0324
014140 0.5948 0.3728 0.0000 0.0324
014160 0.5948 0.3728 0.0000 0.0324
014180 0.5948 0.3728 0.0000 0.0324
014200 0.5948 0.3728 0.0000 0.0324
014220 0.5948 0.3728 0.0000 0.0324
014240 0.5948 0.3728 0.0000 0.0324
014260 0.5948 0.3728 0.0000 0.0324
014280 0.5948 0.3728 0.0000 0.0324
014300 0.5948 0.3728 0.0000 0.0324
014320 0.5948 0.3728 0.0000 0.0324
014340 0.5948 0.3728 0.0000 0.0324
014360 0.5948 0.3728 0.0000 0.0324
014380 0.5948 0.3728 0.0000 0.0324
014400 0.5948 0.3728 0.0000 0.0324
014420 0.5948 0.3728 0.0000 0.0324
014440 0.5948 0.3728 0.0000 0.0324
014460 0.5948 0.3728 0.0000 0.0324
014480 0.5948 0.3728 0.0000 0.0324
014500 0.5948 0.3728 0.0000 0.0324
014520 0.5948 0.3728 0.0000 0.0324
014540 0.5948 0.3728 0.0000 0.0324
014560 0.5948 0.3728 0.0000 0.0324
014580 0.5948 0.3728 0.0000 0.0324
014600 0.5948 0.3728 0.0000 0.0324
014620 0.5948 0.3728 0.0000 0.0324
014640 0.5948 0.3728 0.0000 0.0324
014660 0.5948 0.3728 0.0000 0.0324
014680 0.5948 0.3728 0.0000 0.0324
014700 0.5948 0.3728 0.0000 0.0324
014720 0.5948 0.3728 0.0000 0.0324
014740 0.5948 0.3728 0.0000 0.0324
014760 0.5948 0.3728 0.0000 0.0324
014780 0.5948 0.3728 0.0000 0.0324
014800 0.5948 0.3728 0.0000 0.0324
014820 0.5948 0.3728 0.0000 0.0324
014840 0.5948 0.3728 0.0000 0.0324
014860 0.5948 0.3728 0.0000 0.0324
014880 0.5948 0.3728 0.0000 0.0324
014900 0.5948 0.3728 0.0000 0.0324
014920 0.5948 0.3728 0.0000 0.0324
014940 0.5948 0.3728 0.0000 0.0324
014960 0.5948 0.3728 0.0000 0.0324
014980 0.5948 0.3728 0.0000 0.0324
015000 0.5948 0.3728 0.0000 0.0324
015020 0.5948 0.3728 0.0000 0.0324
015040 0.5948 0.3728 0.0000 0.0324
015060 0.5948 0.3728 0.0000 0.0324
015080 0.5948 0.3728 0.0000 0.0324
015100 0.5948 0.3728 0.0000 0.0324
015120 0.5948 0.3728 0.0000 0.0324
015140 0.5948 0.3728 0.0000 0.0324
015160 0.5948 0.3728 0.0000 0.0324
015180 0.5948 0.3728 0.0000 0.0324
015200 0.5948 0.3728 0.0000 0.0324
015220 0.5948 0.3728 0.0000 0.0324
015240 0.5948 0.3728 0.0000 0.0324
015260 0.5948 0.3728 0.0000 0.0324
015280 0.5948 0.3728 0.0000 0.0324
015300 0.5948 0.3728 0.0000 0.0324
015320 0.5948 0.3728 0.0000 0.0324
015340 0.5948 0.3728 0.0000 0.0324
015360 0.5948 0.3728 0.0000 0.0324
015380 0.5948 0.3728 0.0000 0.0324
015400 0.5948 0.3728 0.0000 0.0324
015420 0.5948 0.3728 0.0000 0.0324
015440 0.5948 0.3728 0.0000 0.0324
015460 0.5948 0.3728 0.0000 0.0324
015480 0.5948 0.3728 0.0000 0.0324
015500 0.5948 0.3728 0.0000 0.0324
015520 0.5948 0.3728 0.0000 0.0324
015540 0.5948 0.3728 0.0000 0.0324
015560 0.5948 0.3728 0.0000 0.0324
015580 0.5948 0.3728 0.0000 0.0324
015600 0.5948 0.3728 0.0000 0.0324
015620 0.5948 0.3728 0.0000 0.0324
015640 0.5948 0.3728 0.0000 0.0324
015660 0.5948 0.3728 0.0000 0.0324
015680 0.5948 0.3728 0.0000 0.0324
015700 0.5948 0.3728 0.0000 0.0324
015720 0.5948 0.3728 0.0000 0.0324
015740 0.5948 0.3728 0.0000 0.0324
015760 0.5948 0.3728 0.0000 0.0324
015780 0.5948 0.3728 0.0000 0.0324
015800 0.5948 0.3728 0.0000 0.0324
015820 0.5948 0.3728 0.0000 0.0324
015840 0.5948 0.3728 0.0000 0.0324
015860 0.5948 0.3728 0.0000 0.0324
015880 0.5948 0.3728 0.0000 0.0324
015900 0.5948 0.3728 0.0000 0.0324
015920 0.5948 0.3728 0.0000 0.0324
015940 0.5948 0.3728 0.0000 0.0324
015960 0.5948 0.3728 0.0000 0.0324
015980 0.5948 0.3728 0.0000 0.0324
016000 0.5948 0.3728 0.0000 0.0324
016020 0.5948 0.3728 0.0000 0.0324
016040 0.5948 0.3728 0.0000 0.0324
016060 0.5948 0.3728 0.0000 0.0324
016080 0.5948 0.3728 0.0000 0.0324
016100 0.5948 0.3728 0.0000 0.0324
016120 0.5948 0.3728 0.0000 0.0324
016140 0.5948 0.3728 0.0000 0.0324
016160 0.5948 0.3728 0.0000 0.0324
016180 0.5948 0.3728 0.0000 0.0324
016200 0.5948 0.3728 0.0000 0.0324
016220 0.5948 0.3728 0.0000 0.0324
016240 0.5948 0.3728 0.0000 0.0324
016260 0.5948 0.3728 0.0000 0.0324
016280 0.5948 0.3728 0.0000 0.0324
016300 0.5948 0.3728 0.0000 0.0324
016320 0.5948 0.3728 0.0000 0.0324
016340 0.5948 0.3728 0.0000 0.0324
016360 0.5948 0.3728 0.0000 0.0324
016380 0.5948 0.3728 0.0000 0.0324
016400 0.5948 0.3728 0.0000 0.0324
016420 0.5948 0.3728 0.0000 0.0324
016440 0.5948 0.3728 0.0000 0.0324
016460 0.5948 0.3728 0.0000 0.0324
016480 0.5948 0.3728 0.0000 0.0324
016500 0.5948 0.3728 0.0000 0.0324
016520 0.5948 0.3728 0.0000 0.0324
016540 0.5948 0.3728 0.0000 0.0324
016560 0.5948 0.3728 0.0000 0.0324
016580 0.5948 0.3728 0.0000 0.0324
016600 0.5948 0.3728 0.0000 0.0324
016620 0.5948 0.3728 0.0000 0.0324
016640 0.5948 0.3728 0.0000 0.0324
016660 0.5948 0.3728 0.0000 0.0324
016680 0.5948 0.3728 0.0000 0.0324
016700 0.5948 0.3728 0.0000 0.0324
016720 0.5948 0.3728 0.0000 0.0324
016740 0.5948 0.3728 0.0000 0.0324
016760 0.5948 0.3728 0.0000 0.0324
016780 0.5948 0.3728 0.0000 0.0324
016800 0.5948 0.3728 0.0000 0.0324
016820 0.5948 0.3728 0.0000 0.0324
016840 0.5948 0.3728 0.0000 0.0324
016860 0.5948 0.3728 0.0000 0.0324
016880 0.5948 0.3728 0.0000 0.0324
016900 0.5948 0.3728 0.0000 0.0324
016920 0.5948 0.3728 0.0000 0.0324
016940 0.5948 0.3728 0.0000 0.0324
016960 0.5948 0.3728 0.0000 0.0324
016980 0.5948 0.3728 0.0000 0.0324
017000 0.5948 0.3728 0.0000 0.0324
017020 0.5948 0.3728 0.0000 0.0324
017040 0.5948 0.3728 0.0000 0.0324
017060 0.5948 0.3728 0.0000 0.0324
017080 0.5948 0.3728 0.0000 0.0324
017100 0.5948 0.3728 0.0000 0.0324
017120 0.5948 0.3728 0.0000 0.0324
017140 0.5948 0.3728 0.0000 0.0324
017160 0.5948 0.3728 0.0000 0.0324
017180 0.5948 0.3728 0.0000 0.0324
017200 0.5948 0.3728 0.0000 0.0324
017220 0.5948 0.3728 0.0000 0.0324
017240 0.5948 0.3728 0.0000 0.0324
017260 0.5948 0.3728 0.0000 0.0324
017280 0.5948 0.3728 0.0000 0.0324
017300 0.5948 0.3728 0.0000 0.0324
017320 0.5948 0.3728 0.0000 0.0324
017340 0.5948 0.3728 0.0000 0.0324
017360 0.5948 0.3728 0.0000 0.0324
017380 0.5948 0.3728 0.0000 0.0324
017400 0.5948 0.3728 0.0000 0.0324
017420 0.5948 0.3728 0.0000 0.0324
017440 0.5948 0.3728 0.0000 0.0324
017460 0.5948 0.3728 0.0000 0.0324
017480 0.5948 0.3728 0.0000 0.0324
017500 0.5948 0.3728 0.0000 0.0324
017520 0.5948 0.3728 0.0000 0.0324
017540 0.5948 0.3728 0.0000 0.0324
017560 0.5948 0.3728 0.0000 0.0324
017580 0.5948 0.3728 0.0000 0.0324
017600 0.5948 0.3728 0.0000 0.0324
017620 0.5948 0.3728 0.0000 0.0324
017640 0.5948 0.3728 0.0000 0.0324
017660 0.5948 0.3728 0.0000 0.0324
017680 0.5948 0.3728 0.0000 0.0324
017700 0.5948 0.3728 0.0000 0.0324
017720 0.5948 0.3728 0.0000 0.0324
017740 0.5948 0.3728 0.0000 0.0324
017760 0.5948 0.3728 0.0000 0.0324
017780 0.5948 0.3728 0.0000 0.0324
017800 0.5948 0.3728 0.0000 0.0324
017820 0.5948 0.3728 0.0000 0.0324
017840 0.5948 0.3728 0.0000 0.0324
017860 0.5948 0.3728 0.0000 0.0324
017880 0.5948 0.3728 0.0000 0.0324
017900 0.5948 0.3728 0.0000 0.0324
017920 0.5948 0.3728 0.0000 0.0324
017940 0.5948 0.3728 0.0000 0.0324
017960 0.5948 0.3728 0.0000 0.0324
017980 0.5948 0.3728 0.0000 0.0324
018000 0.5948 0.3728 0.0000 0.0324
018020 0.5948 0.3728 0.0000 0.0324
018040 0.5948 0.3728 0.0000 0.0324
018060 0.5948 0.3728 0.0000 0.0324
018080 0.5948 0.3728 0.0000 0.0324
018100 0.5948 0.3728 0.0000 0.0324
018120 0.5948 0.3728 0.0000 0.0324
018140 0.5948 0.3728 0.0000 0.0324
018160 0.5948 0.3728 0.0000 0.0324
018180 0.5948 0.3728 0.0000 0.0324
018200 0.5948 0.3728 0.0000 0.0324
018220 0.5948 0.3728 0.0000 0.0324
018240 0.5948 0.3728 0.0000 0.0324
018260 0.5948 0.3728 0.0000 0.0324
018280 0.5948 0.3728 0.0000 0.0324
018300 0.5948 0.3728 0.0000 0.0324
018320 0.5948 0.3728 0.0000 0.0324
018340 0.5948 0.3728 0.0000 0.0324
018360 0.5948 0.3728 0.0000 0.0324
018380 0.5948 0.3728 0.0000 0.0324
018400 0.5948 0.3728 0.0000 0.0324
018420 0.5948 0.3728 0.0000 0.0324
018440 0.5948 0.3728 0.0000 0.0324
018460 0.5948 0.3728 0.0000 0.0324
018480 0.5948 0.3728 0.0000 0.0324
018500 0.5948 0.3728 0.0000 0.0324
018520 0.5948 0.3728 0.0000 0.0324
018540 0.5948 0.3728 0.0000 0.0324
018560 0.5948 0.3728 0.0000 0.0324
018580 0.5948 0.3728 0.0000 0.0324
018600 0.5948 0.3728 0.0000 0.0324
018620 0.5948 0.3728 0.0000 0.0324
018640 0.5948 0.3728 0.0000 0.0324
018660 0.5948 0.3728 0.0000 0.0324
018680 0.5948 0.3728 0.0000 0.0324
018700 0.5948 0.3728 0.0000 0.0324
018720 0.5948 0.3728 0.0000 0.0324
018740 0.5948 0.3728 0.0000 0.0324
018760 0.5948 0.3728 0.0000 0.0324
018780 0.5948 0.3728 0.0000 0.0324
018800 0.5948 0.3728 0.0000 0.0324
018820 0.5948 0.3728 0.0000 0.0324
018840 0.5948 0.3728 0.0000 0.0324
018860 0.5948 0.3728 0.0000 0.0324
018880 0.5948 0.3728 0.0000 0.0324
018900 0.5948 0.3728 0.0000 0.0324
018920 0.5948 0.3728 0.0000 0.0324
018940 0.5948 0.3728 0.0000 0.0324
018960 0.5948 0.3728 0.0000 0.0324
018980 0.5948 0.3728 0.0000 0.0324
019000 0.5948 0.3728 0.0000 0.0324
019020 0.5948 0.3728 0.0000 0.0324
019040 0.5948 0.3728 0.0000 0.0324
019060 0.5948 0.3728 0.0000 0.0324
019080 0.5948 0.3728 0.0000 0.0324
019100 0.5948 0.3728 0.0000 0.0324
019120 0.5948 0.3728 0.0000 0.0324
019140 0.5948 0.3728 0.0000 0.0324
019160 0.5948 0.3728 0.0000 0.0324
019180 0.5948 0.3728 0.0000 0.0324
019200 0.5948 0.3728 0.0000 0.0324
019220 0.5948 0.3728 0.0000 0.0324
019240 0.5948 0.3728 0.0000 0.0324
019260 0.5948 0.3728 0.0000 0.0324
019280 0.5948 0.3728 0.0000 0.0324
019300 0.5948 0.3728 0.0000 0.0324
019320 0.5948 0.3728 0.0000 0.0324
019340 0.5948 0.3728 0.0000 0.0324
019360 0.5948 0.3728 0.0000 0.0324
019380 0.5948 0.3728 0.0000 0.0324
019400 0.5948 0.3728 0.0000 0.0324
019420 0.5948 0.3728 0.0000 0.0324
019440 0.5948 0.3728 0.0000 0.0324
019460 0.5948 0.3728 0.0000 0.0324
019480 0.5948 0.3728 0.0000 0.0324
019500 0.5948 0.3728 0.0000 0.0324
019520 0.5948 0.3728 0.0000 0.0324
019540 0.5948 0.3728 0.0000 0.0324
019560 0.5948 0.3728 0.0000 0.0324
019580 0.5948 0.3728 0.0000 0.0324
019600 0.5948 0.3728 0.0000 0.0324
019620 0.5948 0.3728 0.0000 0.0324
019640 0.5948 0.3728 0.0000 0.0324
019660 0.5948 0.3728 0.0000 0.0324
019680 0.5948 0.3728 0.0000 0.0324
019700 0.5948 0.3728 0.0000 0.0324
019720 0.5948 0.3728 0.0000 0.0324
019740 0.5948 0.3728 0.0000 0.0324
019760 0.5948 0.3728 0.0000 0.0324
019780 0.5948 0.3728 0.0000 0.0324
019800 0.5948 0.3728 0.0000 0.0324
019820 0.5948 0.3728 0.0000 0.0324
019840 0.5948 0.3728 0.0000 0.0324
019860 0.5948 0.3728 0.0000 0.0324
019880 0.5948 0.3728 0.0000 0.0324
019900 0.5948 0.3728 0.0000 0.0324
019920 0.5948 0.3728 0.0000 0.0324
019940 0.5948 0.3728 0.0000 0.0324
019960 0.5948 0.3728 0.0000 0.0324
019980 0.5948 0.3728 0.0000 0.0324
020000 0.5948 0.3728 0.0000 0.0324
