000000 0.2500 0.2500 0.2500 0.2500
000020 0.2595 0.2590 0.2301 0.2514
000040 0.2709 0.2691 0.2082 0.2519
000060 0.2819 0.2794 0.1872 0.2516
000080 0.2918 0.2905 0.1673 0.2504
000100 0.3006 0.3026 0.1482 0.2486
000120 0.3079 0.3152 0.1305 0.2464
000140 0.3146 0.3284 0.1137 0.2433
000160 0.3201 0.3424 0.0980 0.2394
000180 0.3245 0.3570 0.0835 0.2350
000200 0.3274 0.3738 0.0700 0.2288
000220 0.3297 0.3904 0.0578 0.2221
000240 0.3307 0.4083 0.0467 0.2143
000260 0.3297 0.4273 0.0372 0.2058
000280 0.3275 0.4470 0.0285 0.1970
000300 0.3238 0.4684 0.0209 0.1869
000320 0.3204 0.4899 0.0144 0.1753
000340 0.3157 0.5124 0.0091 0.1628
000360 0.3092 0.5358 0.0054 0.1496
000380 0.3007 0.5602 0.0025 0.1366
000400 0.2914 0.5849 0.0007 0.1230
000420 0.2830 0.6099 0.0000 0.1071
000440 0.2748 0.6359 0.0000 0.0894
000460 0.2683 0.6602 0.0000 0.0716
000480 0.2638 0.6752 0.0000 0.0611
000500 0.2623 0.6880 0.0000 0.0497
000520 0.2608 0.6981 0.0000 0.0411
000540 0.2596 0.7063 0.0000 0.0340
000560 0.2587 0.7125 0.0000 0.0288
000580 0.2617 0.7159 0.0000 0.0225
000600 0.2671 0.7153 0.0000 0.0176
000620 0.2744 0.7099 0.0000 0.0158
000640 0.2796 0.7048 0.0000 0.0155
000660 0.2879 0.6969 0.0000 0.0152
000680 0.2954 0.6884 0.0000 0.0162
000700 0.3004 0.6811 0.0000 0.0185
000720 0.3064 0.6751 0.0000 0.0185
000740 0.3131 0.6697 0.0000 0.0172
000760 0.3211 0.6617 0.0000 0.0172
000780 0.3277 0.6546 0.0000 0.0176
000800 0.3357 0.6447 0.0000 0.0196
000820 0.3404 0.6389 0.0000 0.0207
000840 0.3443 0.6356 0.0000 0.0201
000860 0.3502 0.6314 0.0000 0.0184
000880 0.3584 0.6228 0.0000 0.0188
000900 0.3658 0.6151 0.0000 0.0191
000920 0.3761 0.6044 0.0000 0.0195
000940 0.3862 0.5931 0.0000 0.0207
000960 0.3898 0.5874 0.0000 0.0228
000980 0.3892 0.5870 0.0000 0.0238
001000 0.3886 0.5871 0.0000 0.0243
001020 0.3870 0.5884 0.0000 0.0246
001040 0.3885 0.5862 0.0000 0.0253
001060 0.3950 0.5808 0.0000 0.0242
001080 0.4047 0.5713 0.0000 0.0241
001100 0.4131 0.5637 0.0000 0.0232
001120 0.4214 0.5555 0.0000 0.0231
001140 0.4297 0.5460 0.0000 0.0242
001160 0.4382 0.5368 0.0000 0.0249
001180 0.4492 0.5250 0.0000 0.0258
001200 0.4577 0.5158 0.0000 0.0265
001220 0.4633 0.5116 0.0000 0.0251
001240 0.4701 0.5028 0.0000 0.0271
001260 0.4728 0.4985 0.0000 0.0286
001280 0.4778 0.4931 0.0000 0.0291
001300 0.4803 0.4878 0.0000 0.0319
001320 0.4797 0.4883 0.0000 0.0320
001340 0.4809 0.4872 0.0000 0.0319
001360 0.4785 0.4880 0.0000 0.0335
001380 0.4782 0.4879 0.0000 0.0339
001400 0.4829 0.4856 0.0000 0.0315
001420 0.4926 0.4771 0.0000 0.0303
001440 0.5092 0.4619 0.0000 0.0289
001460 0.5300 0.4417 0.0000 0.0283
001480 0.5468 0.4238 0.0000 0.0294
001500 0.5614 0.4082 0.0000 0.0304
001520 0.5676 0.3998 0.0000 0.0326
001540 0.5669 0.3990 0.0000 0.0341
001560 0.5674 0.3984 0.0000 0.0342
001580 0.5681 0.3955 0.0000 0.0364
001600 0.5652 0.3976 0.0000 0.0372
001620 0.5661 0.3985 0.0000 0.0354
001640 0.5676 0.3955 0.0000 0.0369
001660 0.5694 0.3934 0.0000 0.0372
001680 0.5770 0.3880 0.0000 0.0351
001700 0.5844 0.3808 0.0000 0.0348
001720 0.5887 0.3751 0.0000 0.0362
001740 0.5918 0.3723 0.0000 0.0359
001760 0.5906 0.3724 0.0000 0.0370
001780 0.5882 0.3738 0.0000 0.0380
001800 0.5801 0.3791 0.0000 0.0407
001820 0.5783 0.3818 0.0000 0.0399
001840 0.5773 0.3833 0.0000 0.0394
001860 0.5794 0.3837 0.0000 0.0370
001880 0.5895 0.3777 0.0000 0.0328
001900 0.6047 0.3629 0.0000 0.0324
001920 0.6152 0.3509 0.0000 0.0339
001940 0.6189 0.3460 0.0000 0.0351
001960 0.6185 0.3442 0.0000 0.0373
001980 0.6128 0.3494 0.0000 0.0378
002000 0.6098 0.3522 0.0000 0.0380
002020 0.6022 0.3573 0.0000 0.0406
002040 0.5924 0.3641 0.0000 0.0435
002060 0.5839 0.3740 0.0000 0.0421
002080 0.5756 0.3825 0.0000 0.0419
002100 0.5775 0.3856 0.0000 0.0369
002120 0.5881 0.3760 0.0000 0.0359
002140 0.5967 0.3690 0.0000 0.0344
002160 0.6056 0.3581 0.0000 0.0364
002180 0.6112 0.3506 0.0000 0.0381
002200 0.6082 0.3528 0.0000 0.0390
002220 0.6048 0.3570 0.0000 0.0381
002240 0.6035 0.3580 0.0000 0.0385
002260 0.6025 0.3585 0.0000 0.0391
002280 0.6030 0.3598 0.0000 0.0372
002300 0.6059 0.3572 0.0000 0.0369
002320 0.6055 0.3553 0.0000 0.0392
002340 0.6078 0.3552 0.0000 0.0370
002360 0.6128 0.3490 0.0000 0.0381
002380 0.6129 0.3479 0.0000 0.0392
002400 0.6113 0.3491 0.0000 0.0396
002420 0.6058 0.3536 0.0000 0.0406
002440 0.5964 0.3622 0.0000 0.0414
002460 0.5933 0.3681 0.0000 0.0386
002480 0.5940 0.3668 0.0000 0.0391
002500 0.5926 0.3665 0.0000 0.0409
002520 0.5955 0.3652 0.0000 0.0393
002540 0.6006 0.3620 0.0000 0.0374
002560 0.6012 0.3592 0.0000 0.0396
002580 0.5963 0.3620 0.0000 0.0417
002600 0.5948 0.3662 0.0000 0.0390
002620 0.5977 0.3616 0.0000 0.0407
002640 0.5968 0.3636 0.0000 0.0396
002660 0.5999 0.3624 0.0000 0.0377
002680 0.6037 0.3588 0.0000 0.0375
002700 0.6061 0.3550 0.0000 0.0388
002720 0.6009 0.3575 0.0000 0.0416
002740 0.5932 0.3644 0.0000 0.0425
002760 0.5899 0.3700 0.0000 0.0401
002780 0.5932 0.3708 0.0000 0.0360
002800 0.6030 0.3605 0.0000 0.0365
002820 0.6054 0.3567 0.0000 0.0379
002840 0.6041 0.3567 0.0000 0.0391
002860 0.6068 0.3571 0.0000 0.0362
002880 0.6044 0.3572 0.0000 0.0383
002900 0.5982 0.3616 0.0000 0.0401
002920 0.5935 0.3649 0.0000 0.0415
002940 0.5941 0.3671 0.0000 0.0388
002960 0.5955 0.3660 0.0000 0.0385
002980 0.5958 0.3648 0.0000 0.0393
003000 0.5950 0.3665 0.0000 0.0386
003020 0.5979 0.3634 0.0000 0.0387
003040 0.5992 0.3625 0.0000 0.0383
003060 0.6006 0.3612 0.0000 0.0382
003080 0.6017 0.3594 0.0000 0.0389
003100 0.6020 0.3587 0.0000 0.0394
003120 0.6000 0.3585 0.0000 0.0415
003140 0.5998 0.3605 0.0000 0.0397
003160 0.5977 0.3595 0.0000 0.0428
003180 0.5916 0.3651 0.0000 0.0433
003200 0.5860 0.3734 0.0000 0.0406
003220 0.5883 0.3749 0.0000 0.0368
003240 0.5987 0.3646 0.0000 0.0366
003260 0.6047 0.3569 0.0000 0.0384
003280 0.6039 0.3568 0.0000 0.0393
003300 0.6029 0.3591 0.0000 0.0380
003320 0.6019 0.3600 0.0000 0.0380
003340 0.6041 0.3593 0.0000 0.0366
003360 0.6065 0.3565 0.0000 0.0370
003380 0.6130 0.3515 0.0000 0.0355
003400 0.6187 0.3449 0.0000 0.0364
003420 0.6165 0.3452 0.0000 0.0383
003440 0.6066 0.3543 0.0000 0.0390
003460 0.5968 0.3620 0.0000 0.0412
003480 0.5913 0.3684 0.0000 0.0404
003500 0.5885 0.3728 0.0000 0.0387
003520 0.5879 0.3727 0.0000 0.0395
003540 0.5886 0.3729 0.0000 0.0385
003560 0.5956 0.3683 0.0000 0.0360
003580 0.6048 0.3595 0.0000 0.0356
003600 0.6130 0.3524 0.0000 0.0346
003620 0.6228 0.3413 0.0000 0.0359
003640 0.6268 0.3355 0.0000 0.0377
003660 0.6227 0.3373 0.0000 0.0400
003680 0.6132 0.3447 0.0000 0.0421
003700 0.6029 0.3559 0.0000 0.0412
003720 0.5930 0.3630 0.0000 0.0441
003740 0.5824 0.3726 0.0000 0.0451
003760 0.5733 0.3842 0.0000 0.0425
003780 0.5765 0.3849 0.0000 0.0386
003800 0.5842 0.3787 0.0000 0.0371
003820 0.5960 0.3690 0.0000 0.0351
003840 0.6100 0.3548 0.0000 0.0352
003860 0.6235 0.3429 0.0000 0.0336
003880 0.6282 0.3358 0.0000 0.0361
003900 0.6245 0.3378 0.0000 0.0377
003920 0.6183 0.3420 0.0000 0.0397
003940 0.6099 0.3493 0.0000 0.0408
003960 0.5996 0.3590 0.0000 0.0415
003980 0.5938 0.3652 0.0000 0.0410
004000 0.5904 0.3700 0.0000 0.0396
004020 0.5934 0.3690 0.0000 0.0376
004040 0.5946 0.3671 0.0000 0.0382
004060 0.5924 0.3688 0.0000 0.0388
004080 0.5946 0.3672 0.0000 0.0382
004100 0.5977 0.3636 0.0000 0.0387
004120 0.6021 0.3595 0.0000 0.0384
004140 0.6033 0.3573 0.0000 0.0394
004160 0.6013 0.3584 0.0000 0.0403
004180 0.5963 0.3636 0.0000 0.0400
004200 0.5928 0.3657 0.0000 0.0415
004220 0.5884 0.3724 0.0000 0.0392
004240 0.5859 0.3752 0.0000 0.0389
004260 0.5889 0.3739 0.0000 0.0372
004280 0.5928 0.3695 0.0000 0.0378
004300 0.5982 0.3632 0.0000 0.0386
004320 0.5983 0.3622 0.0000 0.0395
004340 0.6056 0.3578 0.0000 0.0367
004360 0.6121 0.3524 0.0000 0.0355
004380 0.6170 0.3459 0.0000 0.0371
004400 0.6123 0.3481 0.0000 0.0396
004420 0.6058 0.3525 0.0000 0.0417
004440 0.6029 0.3577 0.0000 0.0394
004460 0.6001 0.3607 0.0000 0.0393
004480 0.5983 0.3634 0.0000 0.0383
004500 0.5980 0.3620 0.0000 0.0400
004520 0.5941 0.3656 0.0000 0.0403
004540 0.5954 0.3658 0.0000 0.0388
004560 0.5995 0.3639 0.0000 0.0366
004580 0.6040 0.3600 0.0000 0.0360
004600 0.6123 0.3533 0.0000 0.0344
004620 0.6214 0.3452 0.0000 0.0334
004640 0.6278 0.3370 0.0000 0.0352
004660 0.6309 0.3316 0.0000 0.0374
004680 0.6305 0.3321 0.0000 0.0373
004700 0.6250 0.3356 0.0000 0.0394
004720 0.6149 0.3428 0.0000 0.0423
004740 0.6039 0.3545 0.0000 0.0416
004760 0.5884 0.3681 0.0000 0.0435
004780 0.5735 0.3830 0.0000 0.0435
004800 0.5638 0.3937 0.0000 0.0425
004820 0.5669 0.3930 0.0000 0.0401
004840 0.5741 0.3865 0.0000 0.0394
004860 0.5837 0.3779 0.0000 0.0384
004880 0.5905 0.3732 0.0000 0.0362
004900 0.6023 0.3635 0.0000 0.0342
004920 0.6131 0.3522 0.0000 0.0347
004940 0.6188 0.3454 0.0000 0.0359
004960 0.6182 0.3429 0.0000 0.0388
004980 0.6115 0.3480 0.0000 0.0405
005000 0.6044 0.3560 0.0000 0.0396
005020 0.6005 0.3603 0.0000 0.0392
005040 0.5994 0.3615 0.0000 0.0391
005060 0.5944 0.3647 0.0000 0.0409
005080 0.5927 0.3665 0.0000 0.0408
005100 0.5909 0.3701 0.0000 0.0391
005120 0.5953 0.3684 0.0000 0.0363
005140 0.6047 0.3595 0.0000 0.0358
005160 0.6165 0.3491 0.0000 0.0344
005180 0.6247 0.3394 0.0000 0.0360
005200 0.6262 0.3381 0.0000 0.0356
005220 0.6261 0.3387 0.0000 0.0352
005240 0.6228 0.3389 0.0000 0.0383
005260 0.6143 0.3449 0.0000 0.0408
005280 0.5987 0.3565 0.0000 0.0448
005300 0.5817 0.3715 0.0000 0.0468
005320 0.5732 0.3844 0.0000 0.0424
005340 0.5768 0.3857 0.0000 0.0375
005360 0.5868 0.3777 0.0000 0.0355
005380 0.5940 0.3694 0.0000 0.0365
005400 0.6011 0.3614 0.0000 0.0375
005420 0.6067 0.3569 0.0000 0.0364
005440 0.6129 0.3511 0.0000 0.0360
005460 0.6165 0.3455 0.0000 0.0381
005480 0.6092 0.3497 0.0000 0.0411
005500 0.5995 0.3583 0.0000 0.0423
005520 0.5877 0.3696 0.0000 0.0428
005540 0.5828 0.3748 0.0000 0.0424
005560 0.5771 0.3806 0.0000 0.0422
005580 0.5798 0.3833 0.0000 0.0369
005600 0.5944 0.3726 0.0000 0.0330
005620 0.6122 0.3546 0.0000 0.0332
005640 0.6274 0.3389 0.0000 0.0337
005660 0.6382 0.3263 0.0000 0.0356
005680 0.6379 0.3249 0.0000 0.0372
005700 0.6323 0.3296 0.0000 0.0382
005720 0.6238 0.3371 0.0000 0.0391
005740 0.6092 0.3476 0.0000 0.0432
005760 0.5944 0.3633 0.0000 0.0423
005780 0.5853 0.3719 0.0000 0.0428
005800 0.5791 0.3782 0.0000 0.0428
005820 0.5789 0.3804 0.0000 0.0407
005840 0.5864 0.3765 0.0000 0.0371
005860 0.5966 0.3675 0.0000 0.0359
005880 0.6081 0.3590 0.0000 0.0329
005900 0.6183 0.3475 0.0000 0.0343
005920 0.6247 0.3401 0.0000 0.0351
005940 0.6251 0.3359 0.0000 0.0390
005960 0.6166 0.3417 0.0000 0.0417
005980 0.6101 0.3505 0.0000 0.0394
006000 0.6069 0.3535 0.0000 0.0396
006020 0.5972 0.3605 0.0000 0.0424
006040 0.5907 0.3674 0.0000 0.0419
006060 0.5886 0.3724 0.0000 0.0390
006080 0.5889 0.3716 0.0000 0.0395
006100 0.5940 0.3699 0.0000 0.0362
006120 0.5999 0.3636 0.0000 0.0365
006140 0.6029 0.3590 0.0000 0.0381
006160 0.6051 0.3565 0.0000 0.0384
006180 0.6076 0.3551 0.0000 0.0373
006200 0.6101 0.3521 0.0000 0.0378
006220 0.6113 0.3494 0.0000 0.0393
006240 0.6076 0.3512 0.0000 0.0413
006260 0.6056 0.3555 0.0000 0.0388
006280 0.6045 0.3567 0.0000 0.0388
006300 0.6007 0.3610 0.0000 0.0384
006320 0.6043 0.3563 0.0000 0.0394
006340 0.5994 0.3607 0.0000 0.0399
006360 0.5949 0.3653 0.0000 0.0399
006380 0.5888 0.3710 0.0000 0.0402
006400 0.5885 0.3727 0.0000 0.0388
006420 0.5919 0.3708 0.0000 0.0372
006440 0.5965 0.3679 0.0000 0.0356
006460 0.6029 0.3601 0.0000 0.0370
006480 0.6079 0.3545 0.0000 0.0376
006500 0.6068 0.3541 0.0000 0.0390
006520 0.6037 0.3568 0.0000 0.0395
006540 0.5973 0.3613 0.0000 0.0414
006560 0.5916 0.3681 0.0000 0.0403
006580 0.5921 0.3700 0.0000 0.0379
006600 0.5912 0.3697 0.0000 0.0391
006620 0.5874 0.3720 0.0000 0.0406
006640 0.5870 0.3723 0.0000 0.0407
006660 0.5909 0.3717 0.0000 0.0374
006680 0.6005 0.3625 0.0000 0.0371
006700 0.6057 0.3573 0.0000 0.0371
006720 0.6053 0.3555 0.0000 0.0392
006740 0.6020 0.3578 0.0000 0.0402
006760 0.5994 0.3611 0.0000 0.0395
006780 0.5976 0.3623 0.0000 0.0401
006800 0.5972 0.3629 0.0000 0.0399
006820 0.5962 0.3645 0.0000 0.0393
006840 0.5982 0.3627 0.0000 0.0392
006860 0.5978 0.3643 0.0000 0.0379
006880 0.6028 0.3614 0.0000 0.0358
006900 0.6039 0.3573 0.0000 0.0388
006920 0.6061 0.3557 0.0000 0.0381
006940 0.6089 0.3536 0.0000 0.0374
006960 0.6109 0.3538 0.0000 0.0353
006980 0.6154 0.3479 0.0000 0.0367
007000 0.6141 0.3471 0.0000 0.0388
007020 0.6085 0.3498 0.0000 0.0417
007040 0.6005 0.3560 0.0000 0.0435
007060 0.5900 0.3667 0.0000 0.0433
007080 0.5827 0.3751 0.0000 0.0421
007100 0.5788 0.3813 0.0000 0.0399
007120 0.5841 0.3775 0.0000 0.0384
007140 0.5967 0.3672 0.0000 0.0362
007160 0.6034 0.3588 0.0000 0.0378
007180 0.6061 0.3543 0.0000 0.0396
007200 0.6029 0.3557 0.0000 0.0414
007220 0.5980 0.3602 0.0000 0.0418
007240 0.5917 0.3673 0.0000 0.0410
007260 0.5878 0.3720 0.0000 0.0402
007280 0.5823 0.3780 0.0000 0.0396
007300 0.5823 0.3802 0.0000 0.0375
007320 0.5874 0.3753 0.0000 0.0374
007340 0.5929 0.3677 0.0000 0.0394
007360 0.5991 0.3633 0.0000 0.0377
007380 0.6035 0.3590 0.0000 0.0375
007400 0.6061 0.3566 0.0000 0.0373
007420 0.6051 0.3572 0.0000 0.0376
007440 0.6068 0.3549 0.0000 0.0382
007460 0.6112 0.3521 0.0000 0.0367
007480 0.6157 0.3472 0.0000 0.0371
007500 0.6171 0.3462 0.0000 0.0366
007520 0.6165 0.3460 0.0000 0.0376
007540 0.6130 0.3481 0.0000 0.0389
007560 0.6054 0.3533 0.0000 0.0414
007580 0.5956 0.3623 0.0000 0.0422
007600 0.5901 0.3712 0.0000 0.0387
007620 0.5926 0.3700 0.0000 0.0375
007640 0.5975 0.3649 0.0000 0.0377
007660 0.5980 0.3615 0.0000 0.0406
007680 0.5981 0.3624 0.0000 0.0395
007700 0.6011 0.3610 0.0000 0.0379
007720 0.6015 0.3589 0.0000 0.0395
007740 0.6025 0.3593 0.0000 0.0382
007760 0.6085 0.3557 0.0000 0.0358
007780 0.6104 0.3530 0.0000 0.0367
007800 0.6091 0.3521 0.0000 0.0388
007820 0.6058 0.3551 0.0000 0.0391
007840 0.6023 0.3599 0.0000 0.0378
007860 0.6049 0.3585 0.0000 0.0366
007880 0.6070 0.3547 0.0000 0.0383
007900 0.6108 0.3512 0.0000 0.0379
007920 0.6111 0.3514 0.0000 0.0376
007940 0.6149 0.3485 0.0000 0.0367
007960 0.6128 0.3487 0.0000 0.0386
007980 0.6104 0.3497 0.0000 0.0399
008000 0.6054 0.3545 0.0000 0.0401
008020 0.6039 0.3582 0.0000 0.0379
008040 0.6053 0.3579 0.0000 0.0368
008060 0.6076 0.3551 0.0000 0.0373
008080 0.6062 0.3540 0.0000 0.0398
008100 0.6019 0.3571 0.0000 0.0409
008120 0.5985 0.3625 0.0000 0.0390
008140 0.5972 0.3654 0.0000 0.0374
008160 0.6019 0.3621 0.0000 0.0360
008180 0.6078 0.3571 0.0000 0.0351
008200 0.6127 0.3508 0.0000 0.0365
008220 0.6139 0.3491 0.0000 0.0370
008240 0.6191 0.3437 0.0000 0.0372
008260 0.6195 0.3429 0.0000 0.0376
008280 0.6200 0.3422 0.0000 0.0378
008300 0.6116 0.3477 0.0000 0.0407
008320 0.5984 0.3589 0.0000 0.0427
008340 0.5895 0.3687 0.0000 0.0417
008360 0.5833 0.3751 0.0000 0.0416
008380 0.5771 0.3795 0.0000 0.0434
008400 0.5743 0.3834 0.0000 0.0423
008420 0.5773 0.3847 0.0000 0.0379
008440 0.5892 0.3761 0.0000 0.0347
008460 0.6047 0.3621 0.0000 0.0332
008480 0.6110 0.3537 0.0000 0.0353
008500 0.6173 0.3476 0.0000 0.0351
008520 0.6223 0.3417 0.0000 0.0360
008540 0.6231 0.3394 0.0000 0.0375
008560 0.6172 0.3426 0.0000 0.0403
008580 0.6111 0.3501 0.0000 0.0388
008600 0.6037 0.3577 0.0000 0.0386
008620 0.6013 0.3622 0.0000 0.0366
008640 0.6054 0.3592 0.0000 0.0355
008660 0.6157 0.3510 0.0000 0.0333
008680 0.6306 0.3369 0.0000 0.0325
008700 0.6371 0.3281 0.0000 0.0348
008720 0.6376 0.3229 0.0000 0.0395
008740 0.6273 0.3306 0.0000 0.0421
008760 0.6159 0.3422 0.0000 0.0420
008780 0.6047 0.3541 0.0000 0.0411
008800 0.5926 0.3638 0.0000 0.0436
008820 0.5822 0.3750 0.0000 0.0428
008840 0.5770 0.3839 0.0000 0.0391
008860 0.5811 0.3820 0.0000 0.0370
008880 0.5861 0.3755 0.0000 0.0383
008900 0.5921 0.3712 0.0000 0.0366
008920 0.5987 0.3651 0.0000 0.0362
008940 0.6082 0.3564 0.0000 0.0354
008960 0.6137 0.3509 0.0000 0.0354
008980 0.6178 0.3443 0.0000 0.0380
009000 0.6147 0.3441 0.0000 0.0412
009020 0.6077 0.3504 0.0000 0.0419
009040 0.5985 0.3579 0.0000 0.0436
009060 0.5936 0.3654 0.0000 0.0409
009080 0.5903 0.3692 0.0000 0.0405
009100 0.5932 0.3692 0.0000 0.0375
009120 0.5943 0.3682 0.0000 0.0375
009140 0.5998 0.3618 0.0000 0.0385
009160 0.6006 0.3612 0.0000 0.0382
009180 0.6005 0.3604 0.0000 0.0391
009200 0.6024 0.3594 0.0000 0.0383
009220 0.6024 0.3583 0.0000 0.0392
009240 0.6032 0.3578 0.0000 0.0390
009260 0.6042 0.3576 0.0000 0.0382
009280 0.6051 0.3566 0.0000 0.0383
009300 0.6098 0.3539 0.0000 0.0363
009320 0.6113 0.3516 0.0000 0.0371
009340 0.6094 0.3509 0.0000 0.0397
009360 0.6019 0.3579 0.0000 0.0403
009380 0.5962 0.3642 0.0000 0.0396
009400 0.5927 0.3659 0.0000 0.0414
009420 0.5870 0.3728 0.0000 0.0402
009440 0.5861 0.3742 0.0000 0.0398
009460 0.5900 0.3743 0.0000 0.0357
009480 0.5997 0.3661 0.0000 0.0342
009500 0.6101 0.3539 0.0000 0.0360
009520 0.6173 0.3466 0.0000 0.0361
009540 0.6195 0.3443 0.0000 0.0362
009560 0.6170 0.3439 0.0000 0.0391
009580 0.6109 0.3498 0.0000 0.0393
009600 0.6071 0.3528 0.0000 0.0401
009620 0.6053 0.3551 0.0000 0.0397
009640 0.5995 0.3602 0.0000 0.0404
009660 0.5953 0.3642 0.0000 0.0405
009680 0.5955 0.3668 0.0000 0.0377
009700 0.5995 0.3633 0.0000 0.0372
009720 0.6055 0.3570 0.0000 0.0375
009740 0.6122 0.3508 0.0000 0.0370
009760 0.6157 0.3471 0.0000 0.0372
009780 0.6137 0.3480 0.0000 0.0384
009800 0.6116 0.3504 0.0000 0.0380
009820 0.6105 0.3516 0.0000 0.0379
009840 0.6065 0.3540 0.0000 0.0395
009860 0.6016 0.3588 0.0000 0.0396
009880 0.5976 0.3632 0.0000 0.0392
009900 0.5977 0.3639 0.0000 0.0385
009920 0.5947 0.3644 0.0000 0.0409
009940 0.5944 0.3670 0.0000 0.0385
009960 0.5993 0.3630 0.0000 0.0377
009980 0.6078 0.3558 0.0000 0.0364
010000 0.6130 0.3517 0.0000 0.0353
010020 0.6153 0.3480 0.0000 0.0367
010040 0.6141 0.3479 0.0000 0.0380
010060 0.6141 0.3479 0.0000 0.0380
010080 0.6141 0.3479 0.0000 0.0380
010100 0.6141 0.3479 0.0000 0.0380
010120 0.6141 0.3479 0.0000 0.0380
010140 0.6141 0.3479 0.0000 0.0380
010160 0.6141 0.3479 0.0000 0.0380
010180 0.6141 0.3479 0.0000 0.0380
010200 0.6141 0.3479 0.0000 0.0380
010220 0.6141 0.3479 0.0000 0.0380
010240 0.6141 0.3479 0.0000 0.0380
010260 0.6141 0.3479 0.0000 0.0380
010280 0.6141 0.3479 0.0000 0.0380
010300 0.6141 0.3479 0.0000 0.0380
010320 0.6141 0.3479 0.0000 0.0380
010340 0.6141 0.3479 0.0000 0.0380
010360 0.6141 0.3479 0.0000 0.0380
010380 0.6141 0.3479 0.0000 0.0380
010400 0.6141 0.3479 0.0000 0.0380
010420 0.6141 0.3479 0.0000 0.0380
010440 0.6141 0.3479 0.0000 0.0380
010460 0.6141 0.3479 0.0000 0.0380
010480 0.6141 0.3479 0.0000 0.0380
010500 0.6141 0.3479 0.0000 0.0380
010520 0.6141 0.3479 0.0000 0.0380
010540 0.6141 0.3479 0.0000 0.0380
010560 0.6141 0.3479 0.0000 0.0380
010580 0.6141 0.3479 0.0000 0.0380
010600 0.6141 0.3479 0.0000 0.0380
010620 0.6141 0.3479 0.0000 0.0380
010640 0.6141 0.3479 0.0000 0.0380
010660 0.6141 0.3479 0.0000 0.0380
010680 0.6141 0.3479 0.0000 0.0380
010700 0.6141 0.3479 0.0000 0.0380
010720 0.6141 0.3479 0.0000 0.0380
010740 0.6141 0.3479 0.0000 0.0380
010760 0.6141 0.3479 0.0000 0.0380
010780 0.6141 0.3479 0.0000 0.0380
010800 0.6141 0.3479 0.0000 0.0380
010820 0.6141 0.3479 0.0000 0.0380
010840 0.6141 0.3479 0.0000 0.0380
010860 0.6141 0.3479 0.0000 0.0380
010880 0.6141 0.3479 0.0000 0.0380
010900 0.6141 0.3479 0.0000 0.0380
010920 0.6141 0.3479 0.0000 0.0380
010940 0.6141 0.3479 0.0000 0.0380
010960 0.6141 0.3479 0.0000 0.0380
010980 0.6141 0.3479 0.0000 0.0380
011000 0.6141 0.3479 0.0000 0.0380
011020 0.6141 0.3479 0.0000 0.0380
011040 0.6141 0.3479 0.0000 0.0380
011060 0.6141 0.3479 0.0000 0.0380
011080 0.6141 0.3479 0.0000 0.0380
011100 0.6141 0.3479 0.0000 0.0380
011120 0.6141 0.3479 0.0000 0.0380
011140 0.6141 0.3479 0.0000 0.0380
011160 0.6141 0.3479 0.0000 0.0380
011180 0.6141 0.3479 0.0000 0.0380
011200 0.6141 0.3479 0.0000 0.0380
011220 0.6141 0.3479 0.0000 0.0380
011240 0.6141 0.3479 0.0000 0.0380
011260 0.6141 0.3479 0.0000 0.0380
011280 0.6141 0.3479 0.0000 0.0380
011300 0.6141 0.3479 0.0000 0.0380
011320 0.6141 0.3479 0.0000 0.0380
011340 0.6141 0.3479 0.0000 0.0380
011360 0.6141 0.3479 0.0000 0.0380
011380 0.6141 0.3479 0.0000 0.0380
011400 0.6141 0.3479 0.0000 0.0380
011420 0.6141 0.3479 0.0000 0.0380
011440 0.6141 0.3479 0.0000 0.0380
011460 0.6141 0.3479 0.0000 0.0380
011480 0.6141 0.3479 0.0000 0.0380
011500 0.6141 0.3479 0.0000 0.0380
011520 0.6141 0.3479 0.0000 0.0380
011540 0.6141 0.3479 0.0000 0.0380
011560 0.6141 0.3479 0.0000 0.0380
011580 0.6141 0.3479 0.0000 0.0380
011600 0.6141 0.3479 0.0000 0.0380
011620 0.6141 0.3479 0.0000 0.0380
011640 0.6141 0.3479 0.0000 0.0380
011660 0.6141 0.3479 0.0000 0.0380
011680 0.6141 0.3479 0.0000 0.0380
011700 0.6141 0.3479 0.0000 0.0380
011720 0.6141 0.3479 0.0000 0.0380
011740 0.6141 0.3479 0.0000 0.0380
011760 0.6141 0.3479 0.0000 0.0380
011780 0.6141 0.3479 0.0000 0.0380
011800 0.6141 0.3479 0.0000 0.0380
011820 0.6141 0.3479 0.0000 0.0380
011840 0.6141 0.3479 0.0000 0.0380
011860 0.6141 0.3479 0.0000 0.0380
011880 0.6141 0.3479 0.0000 0.0380
011900 0.6141 0.3479 0.0000 0.0380
011920 0.6141 0.3479 0.0000 0.0380
011940 0.6141 0.3479 0.0000 0.0380
011960 0.6141 0.3479 0.0000 0.0380
011980 0.6141 0.3479 0.0000 0.0380
012000 0.6141 0.3479 0.0000 0.0380
012020 0.6141 0.3479 0.0000 0.0380
012040 0.6141 0.3479 0.0000 0.0380
012060 0.6141 0.3479 0.0000 0.0380
012080 0.6141 0.3479 0.0000 0.0380
012100 0.6141 0.3479 0.0000 0.0380
012120 0.6141 0.3479 0.0000 0.0380
012140 0.6141 0.3479 0.0000 0.0380
012160 0.6141 0.3479 0.0000 0.0380
012180 0.6141 0.3479 0.0000 0.0380
012200 0.6141 0.3479 0.0000 0.0380
012220 0.6141 0.3479 0.0000 0.0380
012240 0.6141 0.3479 0.0000 0.0380
012260 0.6141 0.3479 0.0000 0.0380
012280 0.6141 0.3479 0.0000 0.0380
012300 0.6141 0.3479 0.0000 0.0380
012320 0.6141 0.3479 0.0000 0.0380
012340 0.6141 0.3479 0.0000 0.0380
012360 0.6141 0.3479 0.0000 0.0380
012380 0.6141 0.3479 0.0000 0.0380
012400 0.6141 0.3479 0.0000 0.0380
012420 0.6141 0.3479 0.0000 0.0380
012440 0.6141 0.3479 0.0000 0.0380
012460 0.6141 0.3479 0.0000 0.0380
012480 0.6141 0.3479 0.0000 0.0380
012500 0.6141 0.3479 0.0000 0.0380
012520 0.6141 0.3479 0.0000 0.0380
012540 0.6141 0.3479 0.0000 0.0380
012560 0.6141 0.3479 0.0000 0.0380
012580 0.6141 0.3479 0.0000 0.0380
012600 0.6141 0.3479 0.0000 0.0380
012620 0.6141 0.3479 0.0000 0.0380
012640 0.6141 0.3479 0.0000 0.0380
012660 0.6141 0.3479 0.0000 0.0380
012680 0.6141 0.3479 0.0000 0.0380
012700 0.6141 0.3479 0.0000 0.0380
012720 0.6141 0.3479 0.0000 0.0380
012740 0.6141 0.3479 0.0000 0.0380
012760 0.6141 0.3479 0.0000 0.0380
012780 0.6141 0.3479 0.0000 0.0380
012800 0.6141 0.3479 0.0000 0.0380
012820 0.6141 0.3479 0.0000 0.0380
012840 0.6141 0.3479 0.0000 0.0380
012860 0.6141 0.3479 0.0000 0.0380
012880 0.6141 0.3479 0.0000 0.0380
012900 0.6141 0.3479 0.0000 0.0380
012920 0.6141 0.3479 0.0000 0.0380
012940 0.6141 0.3479 0.0000 0.0380
012960 0.6141 0.3479 0.0000 0.0380
012980 0.6141 0.3479 0.0000 0.0380
013000 0.6141 0.3479 0.0000 0.0380
013020 0.6141 0.3479 0.0000 0.0380
013040 0.6141 0.3479 0.0000 0.0380
013060 0.6141 0.3479 0.0000 0.0380
013080 0.6141 0.3479 0.0000 0.0380
013100 0.6141 0.3479 0.0000 0.0380
013120 0.6141 0.3479 0.0000 0.0380
013140 0.6141 0.3479 0.0000 0.0380
013160 0.6141 0.3479 0.0000 0.0380
013180 0.6141 0.3479 0.0000 0.0380
013200 0.6141 0.3479 0.0000 0.0380
013220 0.6141 0.3479 0.0000 0.0380
013240 0.6141 0.3479 0.0000 0.0380
013260 0.6141 0.3479 0.0000 0.0380
013280 0.6141 0.3479 0.0000 0.0380
013300 0.6141 0.3479 0.0000 0.0380
013320 0.6141 0.3479 0.0000 0.0380
013340 0.6141 0.3479 0.0000 0.0380
013360 0.6141 0.3479 0.0000 0.0380
013380 0.6141 0.3479 0.0000 0.0380
013400 0.6141 0.3479 0.0000 0.0380
013420 0.6141 0.3479 0.0000 0.0380
013440 0.6141 0.3479 0.0000 0.0380
013460 0.6141 0.3479 0.0000 0.0380
013480 0.6141 0.3479 0.0000 0.0380
013500 0.6141 0.3479 0.0000 0.0380
013520 0.6141 0.3479 0.0000 0.0380
013540 0.6141 0.3479 0.0000 0.0380
013560 0.6141 0.3479 0.0000 0.0380
013580 0.6141 0.3479 0.0000 0.0380
013600 0.6141 0.3479 0.0000 0.0380
013620 0.6141 0.3479 0.0000 0.0380
013640 0.6141 0.3479 0.0000 0.0380
013660 0.6141 0.3479 0.0000 0.0380
013680 0.6141 0.3479 0.0000 0.0380
013700 0.6141 0.3479 0.0000 0.0380
013720 0.6141 0.3479 0.0000 0.0380
013740 0.6141 0.3479 0.0000 0.0380
013760 0.6141 0.3479 0.0000 0.0380
013780 0.6141 0.3479 0.0000 0.0380
013800 0.6141 0.3479 0.0000 0.0380
013820 0.6141 0.3479 0.0000 0.0380
013840 0.6141 0.3479 0.0000 0.0380
013860 0.6141 0.3479 0.0000 0.0380
013880 0.6141 0.3479 0.0000 0.0380
013900 0.6141 0.3479 0.0000 0.0380
013920 0.6141 0.3479 0.0000 0.0380
013940 0.6141 0.3479 0.0000 0.0380
013960 0.6141 0.3479 0.0000 0.0380
013980 0.6141 0.3479 0.0000 0.0380
014000 0.6141 0.3479 0.0000 0.0380
014020 0.6141 0.3479 0.0000 0.0380
014040 0.6141 0.3479 0.0000 0.0380
014060 0.6141 0.3479 0.0000 0.0380
014080 0.6141 0.3479 0.0000 0.0380
014100 0.6141 0.3479 0.0000 0.0380
014120 0.6141 0.3479 0.0000 0.0380
014140 0.6141 0.3479 0.0000 0.0380
014160 0.6141 0.3479 0.0000 0.0380
014180 0.6141 0.3479 0.0000 0.0380
014200 0.6141 0.3479 0.0000 0.0380
014220 0.6141 0.3479 0.0000 0.0380
014240 0.6141 0.3479 0.0000 0.0380
014260 0.6141 0.3479 0.0000 0.0380
014280 0.6141 0.3479 0.0000 0.0380
014300 0.6141 0.3479 0.0000 0.0380
014320 0.6141 0.3479 0.0000 0.0380
014340 0.6141 0.3479 0.0000 0.0380
014360 0.6141 0.3479 0.0000 0.0380
014380 0.6141 0.3479 0.0000 0.0380
014400 0.6141 0.3479 0.0000 0.0380
014420 0.6141 0.3479 0.0000 0.0380
014440 0.6141 0.3479 0.0000 0.0380
014460 0.6141 0.3479 0.0000 0.0380
014480 0.6141 0.3479 0.0000 0.0380
014500 0.6141 0.3479 0.0000 0.0380
014520 0.6141 0.3479 0.0000 0.0380
014540 0.6141 0.3479 0.0000 0.0380
014560 0.6141 0.3479 0.0000 0.0380
014580 0.6141 0.3479 0.0000 0.0380
014600 0.6141 0.3479 0.0000 0.0380
014620 0.6141 0.3479 0.0000 0.0380
014640 0.6141 0.3479 0.0000 0.0380
014660 0.6141 0.3479 0.0000 0.0380
014680 0.6141 0.3479 0.0000 0.0380
014700 0.6141 0.3479 0.0000 0.0380
014720 0.6141 0.3479 0.0000 0.0380
014740 0.6141 0.3479 0.0000 0.0380
014760 0.6141 0.3479 0.0000 0.0380
014780 0.6141 0.3479 0.0000 0.0380
014800 0.6141 0.3479 0.0000 0.0380
014820 0.6141 0.3479 0.0000 0.0380
014840 0.6141 0.3479 0.0000 0.0380
014860 0.6141 0.3479 0.0000 0.0380
014880 0.6141 0.3479 0.0000 0.0380
014900 0.6141 0.3479 0.0000 0.0380
014920 0.6141 0.3479 0.0000 0.0380
014940 0.6141 0.3479 0.0000 0.0380
014960 0.6141 0.3479 0.0000 0.0380
014980 0.6141 0.3479 0.0000 0.0380
015000 0.6141 0.3479 0.0000 0.0380
015020 0.6141 0.3479 0.0000 0.0380
015040 0.6141 0.3479 0.0000 0.0380
015060 0.6141 0.3479 0.0000 0.0380
015080 0.6141 0.3479 0.0000 0.0380
015100 0.6141 0.3479 0.0000 0.0380
015120 0.6141 0.3479 0.0000 0.0380
015140 0.6141 0.3479 0.0000 0.0380
015160 0.6141 0.3479 0.0000 0.0380
015180 0.6141 0.3479 0.0000 0.0380
015200 0.6141 0.3479 0.0000 0.0380
015220 0.6141 0.3479 0.0000 0.0380
015240 0.6141 0.3479 0.0000 0.0380
015260 0.6141 0.3479 0.0000 0.0380
015280 0.6141 0.3479 0.0000 0.0380
015300 0.6141 0.3479 0.0000 0.0380
015320 0.6141 0.3479 0.0000 0.0380
015340 0.6141 0.3479 0.0000 0.0380
015360 0.6141 0.3479 0.0000 0.0380
015380 0.6141 0.3479 0.0000 0.0380
015400 0.6141 0.3479 0.0000 0.0380
015420 0.6141 0.3479 0.0000 0.0380
015440 0.6141 0.3479 0.0000 0.0380
015460 0.6141 0.3479 0.0000 0.0380
015480 0.6141 0.3479 0.0000 0.0380
015500 0.6141 0.3479 0.0000 0.0380
015520 0.6141 0.3479 0.0000 0.0380
015540 0.6141 0.3479 0.0000 0.0380
015560 0.6141 0.3479 0.0000 0.0380
015580 0.6141 0.3479 0.0000 0.0380
015600 0.6141 0.3479 0.0000 0.0380
015620 0.6141 0.3479 0.0000 0.0380
015640 0.6141 0.3479 0.0000 0.0380
015660 0.6141 0.3479 0.0000 0.0380
015680 0.6141 0.3479 0.0000 0.0380
015700 0.6141 0.3479 0.0000 0.0380
015720 0.6141 0.3479 0.0000 0.0380
015740 0.6141 0.3479 0.0000 0.0380
015760 0.6141 0.3479 0.0000 0.0380
015780 0.6141 0.3479 0.0000 0.0380
015800 0.6141 0.3479 0.0000 0.0380
015820 0.6141 0.3479 0.0000 0.0380
015840 0.6141 0.3479 0.0000 0.0380
015860 0.6141 0.3479 0.0000 0.0380
015880 0.6141 0.3479 0.0000 0.0380
015900 0.6141 0.3479 0.0000 0.0380
015920 0.6141 0.3479 0.0000 0.0380
015940 0.6141 0.3479 0.0000 0.0380
015960 0.6141 0.3479 0.0000 0.0380
015980 0.6141 0.3479 0.0000 0.0380
016000 0.6141 0.3479 0.0000 0.0380
016020 0.6141 0.3479 0.0000 0.0380
016040 0.6141 0.3479 0.0000 0.0380
016060 0.6141 0.3479 0.0000 0.0380
016080 0.6141 0.3479 0.0000 0.0380
016100 0.6141 0.3479 0.0000 0.0380
016120 0.6141 0.3479 0.0000 0.0380
016140 0.6141 0.3479 0.0000 0.0380
016160 0.6141 0.3479 0.0000 0.0380
016180 0.6141 0.3479 0.0000 0.0380
016200 0.6141 0.3479 0.0000 0.0380
016220 0.6141 0.3479 0.0000 0.0380
016240 0.6141 0.3479 0.0000 0.0380
016260 0.6141 0.3479 0.0000 0.0380
016280 0.6141 0.3479 0.0000 0.0380
016300 0.6141 0.3479 0.0000 0.0380
016320 0.6141 0.3479 0.0000 0.0380
016340 0.6141 0.3479 0.0000 0.0380
016360 0.6141 0.3479 0.0000 0.0380
016380 0.6141 0.3479 0.0000 0.0380
016400 0.6141 0.3479 0.0000 0.0380
016420 0.6141 0.3479 0.0000 0.0380
016440 0.6141 0.3479 0.0000 0.0380
016460 0.6141 0.3479 0.0000 0.0380
016480 0.6141 0.3479 0.0000 0.0380
016500 0.6141 0.3479 0.0000 0.0380
016520 0.6141 0.3479 0.0000 0.0380
016540 0.6141 0.3479 0.0000 0.0380
016560 0.6141 0.3479 0.0000 0.0380
016580 0.6141 0.3479 0.0000 0.0380
016600 0.6141 0.3479 0.0000 0.0380
016620 0.6141 0.3479 0.0000 0.0380
016640 0.6141 0.3479 0.0000 0.0380
016660 0.6141 0.3479 0.0000 0.0380
016680 0.6141 0.3479 0.0000 0.0380
016700 0.6141 0.3479 0.0000 0.0380
016720 0.6141 0.3479 0.0000 0.0380
016740 0.6141 0.3479 0.0000 0.0380
016760 0.6141 0.3479 0.0000 0.0380
016780 0.6141 0.3479 0.0000 0.0380
016800 0.6141 0.3479 0.0000 0.0380
016820 0.6141 0.3479 0.0000 0.0380
016840 0.6141 0.3479 0.0000 0.0380
016860 0.6141 0.3479 0.0000 0.0380
016880 0.6141 0.3479 0.0000 0.0380
016900 0.6141 0.3479 0.0000 0.0380
016920 0.6141 0.3479 0.0000 0.0380
016940 0.6141 0.3479 0.0000 0.0380
016960 0.6141 0.3479 0.0000 0.0380
016980 0.6141 0.3479 0.0000 0.0380
017000 0.6141 0.3479 0.0000 0.0380
017020 0.6141 0.3479 0.0000 0.0380
017040 0.6141 0.3479 0.0000 0.0380
017060 0.6141 0.3479 0.0000 0.0380
017080 0.6141 0.3479 0.0000 0.0380
017100 0.6141 0.3479 0.0000 0.0380
017120 0.6141 0.3479 0.0000 0.0380
017140 0.6141 0.3479 0.0000 0.0380
017160 0.6141 0.3479 0.0000 0.0380
017180 0.6141 0.3479 0.0000 0.0380
017200 0.6141 0.3479 0.0000 0.0380
017220 0.6141 0.3479 0.0000 0.0380
017240 0.6141 0.3479 0.0000 0.0380
017260 0.6141 0.3479 0.0000 0.0380
017280 0.6141 0.3479 0.0000 0.0380
017300 0.6141 0.3479 0.0000 0.0380
017320 0.6141 0.3479 0.0000 0.0380
017340 0.6141 0.3479 0.0000 0.0380
017360 0.6141 0.3479 0.0000 0.0380
017380 0.6141 0.3479 0.0000 0.0380
017400 0.6141 0.3479 0.0000 0.0380
017420 0.6141 0.3479 0.0000 0.0380
017440 0.6141 0.3479 0.0000 0.0380
017460 0.6141 0.3479 0.0000 0.0380
017480 0.6141 0.3479 0.0000 0.0380
017500 0.6141 0.3479 0.0000 0.0380
017520 0.6141 0.3479 0.0000 0.0380
017540 0.6141 0.3479 0.0000 0.0380
017560 0.6141 0.3479 0.0000 0.0380
017580 0.6141 0.3479 0.0000 0.0380
017600 0.6141 0.3479 0.0000 0.0380
017620 0.6141 0.3479 0.0000 0.0380
017640 0.6141 0.3479 0.0000 0.0380
017660 0.6141 0.3479 0.0000 0.0380
017680 0.6141 0.3479 0.0000 0.0380
017700 0.6141 0.3479 0.0000 0.0380
017720 0.6141 0.3479 0.0000 0.0380
017740 0.6141 0.3479 0.0000 0.0380
017760 0.6141 0.3479 0.0000 0.0380
017780 0.6141 0.3479 0.0000 0.0380
017800 0.6141 0.3479 0.0000 0.0380
017820 0.6141 0.3479 0.0000 0.0380
017840 0.6141 0.3479 0.0000 0.0380
017860 0.6141 0.3479 0.0000 0.0380
017880 0.6141 0.3479 0.0000 0.0380
017900 0.6141 0.3479 0.0000 0.0380
017920 0.6141 0.3479 0.0000 0.0380
017940 0.6141 0.3479 0.0000 0.0380
017960 0.6141 0.3479 0.0000 0.0380
017980 0.6141 0.3479 0.0000 0.0380
018000 0.6141 0.3479 0.0000 0.0380
018020 0.6141 0.3479 0.0000 0.0380
018040 0.6141 0.3479 0.0000 0.0380
018060 0.6141 0.3479 0.0000 0.0380
018080 0.6141 0.3479 0.0000 0.0380
018100 0.6141 0.3479 0.0000 0.0380
018120 0.6141 0.3479 0.0000 0.0380
018140 0.6141 0.3479 0.0000 0.0380
018160 0.6141 0.3479 0.0000 0.0380
018180 0.6141 0.3479 0.0000 0.0380
018200 0.6141 0.3479 0.0000 0.0380
018220 0.6141 0.3479 0.0000 0.0380
018240 0.6141 0.3479 0.0000 0.0380
018260 0.6141 0.3479 0.0000 0.0380
018280 0.6141 0.3479 0.0000 0.0380
018300 0.6141 0.3479 0.0000 0.0380
018320 0.6141 0.3479 0.0000 0.0380
018340 0.6141 0.3479 0.0000 0.0380
018360 0.6141 0.3479 0.0000 0.0380
018380 0.6141 0.3479 0.0000 0.0380
018400 0.6141 0.3479 0.0000 0.0380
018420 0.6141 0.3479 0.0000 0.0380
018440 0.6141 0.3479 0.0000 0.0380
018460 0.6141 0.3479 0.0000 0.0380
018480 0.6141 0.3479 0.0000 0.0380
018500 0.6141 0.3479 0.0000 0.0380
018520 0.6141 0.3479 0.0000 0.0380
018540 0.6141 0.3479 0.0000 0.0380
018560 0.6141 0.3479 0.0000 0.0380
018580 0.6141 0.3479 0.0000 0.0380
018600 0.6141 0.3479 0.0000 0.0380
018620 0.6141 0.3479 0.0000 0.0380
018640 0.6141 0.3479 0.0000 0.0380
018660 0.6141 0.3479 0.0000 0.0380
018680 0.6141 0.3479 0.0000 0.0380
018700 0.6141 0.3479 0.0000 0.0380
018720 0.6141 0.3479 0.0000 0.0380
018740 0.6141 0.3479 0.0000 0.0380
018760 0.6141 0.3479 0.0000 0.0380
018780 0.6141 0.3479 0.0000 0.0380
018800 0.6141 0.3479 0.0000 0.0380
018820 0.6141 0.3479 0.0000 0.0380
018840 0.6141 0.3479 0.0000 0.0380
018860 0.6141 0.3479 0.0000 0.0380
018880 0.6141 0.3479 0.0000 0.0380
018900 0.6141 0.3479 0.0000 0.0380
018920 0.6141 0.3479 0.0000 0.0380
018940 0.6141 0.3479 0.0000 0.0380
018960 0.6141 0.3479 0.0000 0.0380
018980 0.6141 0.3479 0.0000 0.0380
019000 0.6141 0.3479 0.0000 0.0380
019020 0.6141 0.3479 0.0000 0.0380
019040 0.6141 0.3479 0.0000 0.0380
019060 0.6141 0.3479 0.0000 0.0380
019080 0.6141 0.3479 0.0000 0.0380
019100 0.6141 0.3479 0.0000 0.0380
019120 0.6141 0.3479 0.0000 0.0380
019140 0.6141 0.3479 0.0000 0.0380
019160 0.6141 0.3479 0.0000 0.0380
019180 0.6141 0.3479 0.0000 0.0380
019200 0.6141 0.3479 0.0000 0.0380
019220 0.6141 0.3479 0.0000 0.0380
019240 0.6141 0.3479 0.0000 0.0380
019260 0.6141 0.3479 0.0000 0.0380
019280 0.6141 0.3479 0.0000 0.0380
019300 0.6141 0.3479 0.0000 0.0380
019320 0.6141 0.3479 0.0000 0.0380
019340 0.6141 0.3479 0.0000 0.0380
019360 0.6141 0.3479 0.0000 0.0380
019380 0.6141 0.3479 0.0000 0.0380
019400 0.6141 0.3479 0.0000 0.0380
019420 0.6141 0.3479 0.0000 0.0380
019440 0.6141 0.3479 0.0000 0.0380
019460 0.6141 0.3479 0.0000 0.0380
019480 0.6141 0.3479 0.0000 0.0380
019500 0.6141 0.3479 0.0000 0.0380
019520 0.6141 0.3479 0.0000 0.0380
019540 0.6141 0.3479 0.0000 0.0380
019560 0.6141 0.3479 0.0000 0.0380
019580 0.6141 0.3479 0.0000 0.0380
019600 0.6141 0.3479 0.0000 0.0380
019620 0.6141 0.3479 0.0000 0.0380
019640 0.6141 0.3479 0.0000 0.0380
019660 0.6141 0.3479 0.0000 0.0380
019680 0.6141 0.3479 0.0000 0.0380
019700 0.6141 0.3479 0.0000 0.0380
019720 0.6141 0.3479 0.0000 0.0380
019740 0.6141 0.3479 0.0000 0.0380
019760 0.6141 0.3479 0.0000 0.0380
019780 0.6141 0.3479 0.0000 0.0380
019800 0.6141 0.3479 0.0000 0.0380
019820 0.6141 0.3479 0.0000 0.0380
019840 0.6141 0.3479 0.0000 0.0380
019860 0.6141 0.3479 0.0000 0.0380
019880 0.6141 0.3479 0.0000 0.0380
019900 0.6141 0.3479 0.0000 0.0380
019920 0.6141 0.3479 0.0000 0.0380
019940 0.6141 0.3479 0.0000 0.0380
019960 0.6141 0.3479 0.0000 0.0380
019980 0.6141 0.3479 0.0000 0.0380
020000 0.6141 0.3479 0.0000 0.0380
