000000 0.2500 0.2500 0.2500 0.2500
000020 0.2596 0.2596 0.2296 0.2512
000040 0.2703 0.2699 0.2081 0.2517
000060 0.2804 0.2809 0.1868 0.2520
000080 0.2891 0.2926 0.1670 0.2513
000100 0.2970 0.3060 0.1475 0.2496
000120 0.3035 0.3206 0.1296 0.2463
000140 0.3089 0.3358 0.1129 0.2424
000160 0.3128 0.3516 0.0976 0.2380
000180 0.3163 0.3683 0.0832 0.2323
000200 0.3179 0.3852 0.0699 0.2270
000220 0.3184 0.4033 0.0577 0.2205
000240 0.3182 0.4218 0.0471 0.2129
000260 0.3179 0.4405 0.0374 0.2041
000280 0.3172 0.4594 0.0284 0.1951
000300 0.3143 0.4796 0.0208 0.1852
000320 0.3117 0.4999 0.0145 0.1740
000340 0.3060 0.5222 0.0092 0.1626
000360 0.2981 0.5466 0.0052 0.1501
000380 0.2886 0.5726 0.0021 0.1366
000400 0.2796 0.5986 0.0004 0.1213
000420 0.2686 0.6265 0.0000 0.1048
000440 0.2584 0.6546 0.0000 0.0870
000460 0.2541 0.6755 0.0000 0.0704
000480 0.2510 0.6905 0.0000 0.0585
000500 0.2496 0.7032 0.0000 0.0472
000520 0.2501 0.7124 0.0000 0.0376
000540 0.2514 0.7187 0.0000 0.0300
000560 0.2548 0.7227 0.0000 0.0225
000580 0.2623 0.7207 0.0000 0.0170
000600 0.2702 0.7166 0.0000 0.0131
000620 0.2772 0.7116 0.0000 0.0112
000640 0.2847 0.7051 0.0000 0.0102
000660 0.2906 0.6996 0.0000 0.0097
000680 0.2979 0.6924 0.0000 0.0097
000700 0.3036 0.6860 0.0000 0.0104
000720 0.3080 0.6806 0.0000 0.0114
000740 0.3109 0.6766 0.0000 0.0125
000760 0.3115 0.6741 0.0000 0.0144
000780 0.3107 0.6747 0.0000 0.0146
000800 0.3099 0.6753 0.0000 0.0148
000820 0.3125 0.6743 0.0000 0.0133
000840 0.3195 0.6672 0.0000 0.0133
000860 0.3266 0.6599 0.0000 0.0134
000880 0.3343 0.6518 0.0000 0.0139
000900 0.3410 0.6445 0.0000 0.0145
000920 0.3447 0.6404 0.0000 0.0148
000940 0.3504 0.6348 0.0000 0.0148
000960 0.3563 0.6294 0.0000 0.0144
000980 0.3633 0.6220 0.0000 0.0148
001000 0.3707 0.6144 0.0000 0.0149
001020 0.3766 0.6076 0.0000 0.0158
001040 0.3823 0.6011 0.0000 0.0166
001060 0.3839 0.5981 0.0000 0.0180
001080 0.3875 0.5943 0.0000 0.0181
001100 0.3869 0.5939 0.0000 0.0192
001120 0.3847 0.5949 0.0000 0.0204
001140 0.3883 0.5935 0.0000 0.0183
001160 0.3975 0.5849 0.0000 0.0176
001180 0.4043 0.5770 0.0000 0.0187
001200 0.4154 0.5659 0.0000 0.0187
001220 0.4262 0.5560 0.0000 0.0178
001240 0.4355 0.5462 0.0000 0.0183
001260 0.4433 0.5379 0.0000 0.0188
001280 0.4462 0.5337 0.0000 0.0201
001300 0.4521 0.5270 0.0000 0.0209
001320 0.4557 0.5223 0.0000 0.0220
001340 0.4575 0.5201 0.0000 0.0225
001360 0.4564 0.5217 0.0000 0.0219
001380 0.4612 0.5180 0.0000 0.0208
001400 0.4665 0.5124 0.0000 0.0210
001420 0.4751 0.5040 0.0000 0.0209
001440 0.4891 0.4909 0.0000 0.0200
001460 0.5061 0.4746 0.0000 0.0193
001480 0.5210 0.4603 0.0000 0.0187
001500 0.5371 0.4440 0.0000 0.0189
001520 0.5488 0.4315 0.0000 0.0197
001540 0.5566 0.4227 0.0000 0.0208
001560 0.5600 0.4173 0.0000 0.0227
001580 0.5581 0.4152 0.0000 0.0266
001600 0.5524 0.4197 0.0000 0.0280
001620 0.5454 0.4263 0.0000 0.0283
001640 0.5427 0.4296 0.0000 0.0277
001660 0.5441 0.4286 0.0000 0.0273
001680 0.5478 0.4238 0.0000 0.0284
001700 0.5504 0.4215 0.0000 0.0281
001720 0.5570 0.4150 0.0000 0.0280
001740 0.5683 0.4056 0.0000 0.0261
001760 0.5794 0.3972 0.0000 0.0234
001780 0.5916 0.3842 0.0000 0.0242
001800 0.5987 0.3746 0.0000 0.0267
001820 0.6003 0.3723 0.0000 0.0275
001840 0.6030 0.3696 0.0000 0.0274
001860 0.6017 0.3703 0.0000 0.0279
001880 0.6051 0.3656 0.0000 0.0293
001900 0.6052 0.3652 0.0000 0.0297
001920 0.6054 0.3662 0.0000 0.0284
001940 0.6068 0.3660 0.0000 0.0272
001960 0.6091 0.3631 0.0000 0.0277
001980 0.6082 0.3631 0.0000 0.0287
002000 0.6067 0.3635 0.0000 0.0298
002020 0.6051 0.3645 0.0000 0.0304
002040 0.6078 0.3622 0.0000 0.0299
002060 0.6078 0.3626 0.0000 0.0296
002080 0.6114 0.3605 0.0000 0.0281
002100 0.6186 0.3546 0.0000 0.0268
002120 0.6206 0.3512 0.0000 0.0282
002140 0.6226 0.3497 0.0000 0.0277
002160 0.6210 0.3478 0.0000 0.0312
002180 0.6200 0.3487 0.0000 0.0312
002200 0.6173 0.3517 0.0000 0.0310
002220 0.6130 0.3555 0.0000 0.0316
002240 0.6108 0.3599 0.0000 0.0292
002260 0.6085 0.3613 0.0000 0.0302
002280 0.6078 0.3605 0.0000 0.0317
002300 0.6097 0.3600 0.0000 0.0303
002320 0.6110 0.3591 0.0000 0.0299
002340 0.6135 0.3572 0.0000 0.0293
002360 0.6214 0.3518 0.0000 0.0268
002380 0.6305 0.3437 0.0000 0.0258
002400 0.6388 0.3334 0.0000 0.0279
002420 0.6396 0.3313 0.0000 0.0292
002440 0.6345 0.3349 0.0000 0.0306
002460 0.6353 0.3348 0.0000 0.0299
002480 0.6333 0.3363 0.0000 0.0303
002500 0.6282 0.3411 0.0000 0.0307
002520 0.6230 0.3465 0.0000 0.0305
002540 0.6191 0.3503 0.0000 0.0306
002560 0.6160 0.3522 0.0000 0.0319
002580 0.6129 0.3570 0.0000 0.0301
002600 0.6145 0.3557 0.0000 0.0298
002620 0.6128 0.3568 0.0000 0.0304
002640 0.6113 0.3589 0.0000 0.0299
002660 0.6148 0.3562 0.0000 0.0291
002680 0.6162 0.3547 0.0000 0.0291
002700 0.6137 0.3557 0.0000 0.0306
002720 0.6141 0.3537 0.0000 0.0322
002740 0.6103 0.3575 0.0000 0.0322
002760 0.6059 0.3619 0.0000 0.0322
002780 0.6067 0.3640 0.0000 0.0293
002800 0.6119 0.3608 0.0000 0.0274
002820 0.6163 0.3557 0.0000 0.0280
002840 0.6193 0.3513 0.0000 0.0294
002860 0.6219 0.3485 0.0000 0.0295
002880 0.6252 0.3462 0.0000 0.0286
002900 0.6284 0.3426 0.0000 0.0290
002920 0.6306 0.3405 0.0000 0.0289
002940 0.6284 0.3422 0.0000 0.0294
002960 0.6282 0.3409 0.0000 0.0309
002980 0.6257 0.3428 0.0000 0.0316
003000 0.6190 0.3494 0.0000 0.0316
003020 0.6139 0.3529 0.0000 0.0332
003040 0.6106 0.3574 0.0000 0.0320
003060 0.6068 0.3616 0.0000 0.0316
003080 0.6079 0.3624 0.0000 0.0297
003100 0.6114 0.3588 0.0000 0.0298
003120 0.6089 0.3580 0.0000 0.0332
003140 0.6057 0.3611 0.0000 0.0332
003160 0.6055 0.3641 0.0000 0.0304
003180 0.6077 0.3629 0.0000 0.0293
003200 0.6148 0.3569 0.0000 0.0283
003220 0.6196 0.3529 0.0000 0.0275
003240 0.6243 0.3473 0.0000 0.0284
003260 0.6248 0.3451 0.0000 0.0301
003280 0.6213 0.3482 0.0000 0.0305
003300 0.6209 0.3497 0.0000 0.0294
003320 0.6171 0.3514 0.0000 0.0315
003340 0.6143 0.3557 0.0000 0.0299
003360 0.6128 0.3577 0.0000 0.0294
003380 0.6161 0.3560 0.0000 0.0279
003400 0.6206 0.3504 0.0000 0.0290
003420 0.6204 0.3509 0.0000 0.0287
003440 0.6233 0.3470 0.0000 0.0297
003460 0.6243 0.3468 0.0000 0.0289
003480 0.6235 0.3464 0.0000 0.0301
003500 0.6194 0.3499 0.0000 0.0307
003520 0.6179 0.3507 0.0000 0.0314
003540 0.6150 0.3540 0.0000 0.0310
003560 0.6110 0.3568 0.0000 0.0322
003580 0.6046 0.3613 0.0000 0.0341
003600 0.6008 0.3661 0.0000 0.0331
003620 0.6005 0.3703 0.0000 0.0292
003640 0.6036 0.3668 0.0000 0.0297
003660 0.6051 0.3631 0.0000 0.0318
003680 0.6032 0.3640 0.0000 0.0329
003700 0.6042 0.3660 0.0000 0.0298
003720 0.6122 0.3613 0.0000 0.0266
003740 0.6252 0.3493 0.0000 0.0255
003760 0.6335 0.3408 0.0000 0.0257
003780 0.6438 0.3315 0.0000 0.0247
003800 0.6505 0.3225 0.0000 0.0269
003820 0.6482 0.3211 0.0000 0.0307
003840 0.6434 0.3238 0.0000 0.0329
003860 0.6301 0.3360 0.0000 0.0339
003880 0.6157 0.3493 0.0000 0.0350
003900 0.6055 0.3624 0.0000 0.0321
003920 0.5964 0.3702 0.0000 0.0334
003940 0.5874 0.3790 0.0000 0.0336
003960 0.5862 0.3828 0.0000 0.0310
003980 0.5929 0.3801 0.0000 0.0270
004000 0.6072 0.3670 0.0000 0.0259
004020 0.6233 0.3525 0.0000 0.0243
004040 0.6368 0.3377 0.0000 0.0256
004060 0.6446 0.3288 0.0000 0.0265
004080 0.6528 0.3214 0.0000 0.0258
004100 0.6522 0.3195 0.0000 0.0283
004120 0.6473 0.3239 0.0000 0.0288
004140 0.6417 0.3285 0.0000 0.0298
004160 0.6391 0.3312 0.0000 0.0298
004180 0.6344 0.3324 0.0000 0.0332
004200 0.6217 0.3448 0.0000 0.0335
004220 0.6136 0.3538 0.0000 0.0326
004240 0.6054 0.3613 0.0000 0.0332
004260 0.6041 0.3658 0.0000 0.0300
004280 0.6105 0.3621 0.0000 0.0274
004300 0.6212 0.3524 0.0000 0.0264
004320 0.6348 0.3384 0.0000 0.0268
004340 0.6428 0.3308 0.0000 0.0264
004360 0.6496 0.3238 0.0000 0.0266
004380 0.6524 0.3202 0.0000 0.0274
004400 0.6499 0.3199 0.0000 0.0301
004420 0.6407 0.3271 0.0000 0.0322
004440 0.6332 0.3343 0.0000 0.0325
004460 0.6251 0.3425 0.0000 0.0324
004480 0.6193 0.3510 0.0000 0.0297
004500 0.6186 0.3529 0.0000 0.0284
004520 0.6202 0.3503 0.0000 0.0294
004540 0.6173 0.3525 0.0000 0.0302
004560 0.6153 0.3534 0.0000 0.0313
004580 0.6153 0.3545 0.0000 0.0302
004600 0.6212 0.3498 0.0000 0.0290
004620 0.6257 0.3459 0.0000 0.0284
004640 0.6274 0.3431 0.0000 0.0295
004660 0.6291 0.3423 0.0000 0.0287
004680 0.6310 0.3394 0.0000 0.0296
004700 0.6311 0.3390 0.0000 0.0299
004720 0.6289 0.3421 0.0000 0.0290
004740 0.6276 0.3430 0.0000 0.0294
004760 0.6229 0.3459 0.0000 0.0313
004780 0.6155 0.3532 0.0000 0.0313
004800 0.6156 0.3544 0.0000 0.0301
004820 0.6113 0.3566 0.0000 0.0321
004840 0.6071 0.3607 0.0000 0.0322
004860 0.6074 0.3598 0.0000 0.0328
004880 0.6090 0.3605 0.0000 0.0305
004900 0.6122 0.3593 0.0000 0.0286
004920 0.6168 0.3574 0.0000 0.0257
004940 0.6253 0.3501 0.0000 0.0246
004960 0.6361 0.3390 0.0000 0.0249
004980 0.6441 0.3298 0.0000 0.0261
005000 0.6512 0.3217 0.0000 0.0270
005020 0.6508 0.3203 0.0000 0.0289
005040 0.6472 0.3212 0.0000 0.0316
005060 0.6421 0.3266 0.0000 0.0314
005080 0.6299 0.3359 0.0000 0.0342
005100 0.6155 0.3483 0.0000 0.0362
005120 0.6029 0.3624 0.0000 0.0347
005140 0.5939 0.3712 0.0000 0.0349
005160 0.5896 0.3770 0.0000 0.0334
005180 0.5910 0.3790 0.0000 0.0301
005200 0.5971 0.3736 0.0000 0.0292
005220 0.6037 0.3694 0.0000 0.0269
005240 0.6162 0.3588 0.0000 0.0250
005260 0.6326 0.3429 0.0000 0.0245
005280 0.6460 0.3301 0.0000 0.0239
005300 0.6559 0.3204 0.0000 0.0237
005320 0.6607 0.3129 0.0000 0.0264
005340 0.6562 0.3143 0.0000 0.0294
005360 0.6456 0.3216 0.0000 0.0328
005380 0.6309 0.3345 0.0000 0.0346
005400 0.6133 0.3508 0.0000 0.0358
005420 0.6023 0.3637 0.0000 0.0341
005440 0.5955 0.3704 0.0000 0.0340
005460 0.5908 0.3760 0.0000 0.0332
005480 0.5947 0.3748 0.0000 0.0305
005500 0.5962 0.3733 0.0000 0.0305
005520 0.6001 0.3706 0.0000 0.0293
005540 0.6085 0.3644 0.0000 0.0270
005560 0.6170 0.3561 0.0000 0.0269
005580 0.6274 0.3470 0.0000 0.0257
005600 0.6385 0.3368 0.0000 0.0248
005620 0.6474 0.3255 0.0000 0.0271
005640 0.6494 0.3230 0.0000 0.0276
005660 0.6472 0.3235 0.0000 0.0293
005680 0.6403 0.3299 0.0000 0.0298
005700 0.6291 0.3387 0.0000 0.0322
005720 0.6166 0.3501 0.0000 0.0333
005740 0.6073 0.3576 0.0000 0.0351
005760 0.5962 0.3681 0.0000 0.0356
005780 0.5896 0.3760 0.0000 0.0344
005800 0.5910 0.3784 0.0000 0.0306
005820 0.5981 0.3738 0.0000 0.0281
005840 0.6091 0.3652 0.0000 0.0257
005860 0.6182 0.3548 0.0000 0.0270
005880 0.6268 0.3468 0.0000 0.0264
005900 0.6344 0.3393 0.0000 0.0263
005920 0.6416 0.3321 0.0000 0.0262
005940 0.6450 0.3274 0.0000 0.0276
005960 0.6425 0.3282 0.0000 0.0293
005980 0.6384 0.3311 0.0000 0.0305
006000 0.6313 0.3370 0.0000 0.0317
006020 0.6245 0.3433 0.0000 0.0322
006040 0.6211 0.3474 0.0000 0.0314
006060 0.6195 0.3504 0.0000 0.0301
006080 0.6184 0.3507 0.0000 0.0309
006100 0.6163 0.3532 0.0000 0.0305
006120 0.6163 0.3542 0.0000 0.0295
006140 0.6176 0.3528 0.0000 0.0296
006160 0.6175 0.3500 0.0000 0.0326
006180 0.6143 0.3544 0.0000 0.0313
006200 0.6125 0.3560 0.0000 0.0315
006220 0.6080 0.3603 0.0000 0.0317
006240 0.6033 0.3651 0.0000 0.0316
006260 0.6014 0.3669 0.0000 0.0317
006280 0.6003 0.3683 0.0000 0.0313
006300 0.5971 0.3698 0.0000 0.0331
006320 0.5958 0.3725 0.0000 0.0317
006340 0.5973 0.3731 0.0000 0.0296
006360 0.5993 0.3710 0.0000 0.0297
006380 0.6074 0.3637 0.0000 0.0289
006400 0.6173 0.3550 0.0000 0.0277
006420 0.6242 0.3467 0.0000 0.0290
006440 0.6262 0.3445 0.0000 0.0292
006460 0.6287 0.3421 0.0000 0.0292
006480 0.6314 0.3410 0.0000 0.0276
006500 0.6339 0.3379 0.0000 0.0283
006520 0.6335 0.3375 0.0000 0.0291
006540 0.6310 0.3384 0.0000 0.0306
006560 0.6258 0.3427 0.0000 0.0316
006580 0.6231 0.3471 0.0000 0.0297
006600 0.6181 0.3511 0.0000 0.0308
006620 0.6110 0.3566 0.0000 0.0324
006640 0.6071 0.3609 0.0000 0.0320
006660 0.6038 0.3657 0.0000 0.0305
006680 0.6051 0.3653 0.0000 0.0296
006700 0.6100 0.3618 0.0000 0.0281
006720 0.6204 0.3541 0.0000 0.0255
006740 0.6298 0.3442 0.0000 0.0260
006760 0.6411 0.3320 0.0000 0.0269
006780 0.6448 0.3264 0.0000 0.0288
006800 0.6461 0.3249 0.0000 0.0290
006820 0.6417 0.3270 0.0000 0.0313
006840 0.6285 0.3378 0.0000 0.0337
006860 0.6152 0.3505 0.0000 0.0343
006880 0.6062 0.3606 0.0000 0.0333
006900 0.5996 0.3673 0.0000 0.0331
006920 0.5938 0.3734 0.0000 0.0328
006940 0.5979 0.3744 0.0000 0.0277
006960 0.6080 0.3651 0.0000 0.0269
006980 0.6183 0.3537 0.0000 0.0280
007000 0.6292 0.3437 0.0000 0.0271
007020 0.6316 0.3396 0.0000 0.0288
007040 0.6311 0.3405 0.0000 0.0285
007060 0.6313 0.3379 0.0000 0.0308
007080 0.6255 0.3430 0.0000 0.0316
007100 0.6204 0.3501 0.0000 0.0295
007120 0.6177 0.3529 0.0000 0.0294
007140 0.6155 0.3545 0.0000 0.0300
007160 0.6164 0.3542 0.0000 0.0294
007180 0.6210 0.3518 0.0000 0.0272
007200 0.6265 0.3456 0.0000 0.0280
007220 0.6310 0.3408 0.0000 0.0282
007240 0.6332 0.3389 0.0000 0.0279
007260 0.6348 0.3363 0.0000 0.0289
007280 0.6351 0.3347 0.0000 0.0302
007300 0.6274 0.3401 0.0000 0.0325
007320 0.6155 0.3496 0.0000 0.0349
007340 0.6049 0.3615 0.0000 0.0336
007360 0.5964 0.3705 0.0000 0.0332
007380 0.5948 0.3729 0.0000 0.0323
007400 0.5973 0.3728 0.0000 0.0300
007420 0.6040 0.3685 0.0000 0.0275
007440 0.6143 0.3599 0.0000 0.0259
007460 0.6268 0.3476 0.0000 0.0256
007480 0.6360 0.3379 0.0000 0.0261
007500 0.6427 0.3297 0.0000 0.0276
007520 0.6434 0.3278 0.0000 0.0288
007540 0.6437 0.3277 0.0000 0.0286
007560 0.6440 0.3289 0.0000 0.0270
007580 0.6399 0.3311 0.0000 0.0290
007600 0.6293 0.3378 0.0000 0.0329
007620 0.6167 0.3478 0.0000 0.0356
007640 0.6056 0.3610 0.0000 0.0335
007660 0.6004 0.3678 0.0000 0.0318
007680 0.6042 0.3657 0.0000 0.0302
007700 0.6116 0.3588 0.0000 0.0296
007720 0.6157 0.3546 0.0000 0.0297
007740 0.6183 0.3520 0.0000 0.0296
007760 0.6227 0.3497 0.0000 0.0276
007780 0.6267 0.3453 0.0000 0.0280
007800 0.6282 0.3431 0.0000 0.0286
007820 0.6266 0.3433 0.0000 0.0301
007840 0.6212 0.3473 0.0000 0.0315
007860 0.6223 0.3488 0.0000 0.0288
007880 0.6217 0.3479 0.0000 0.0304
007900 0.6171 0.3506 0.0000 0.0323
007920 0.6125 0.3544 0.0000 0.0330
007940 0.6045 0.3624 0.0000 0.0331
007960 0.6008 0.3677 0.0000 0.0315
007980 0.6054 0.3669 0.0000 0.0277
008000 0.6113 0.3606 0.0000 0.0281
008020 0.6184 0.3542 0.0000 0.0274
008040 0.6260 0.3477 0.0000 0.0263
008060 0.6307 0.3405 0.0000 0.0288
008080 0.6318 0.3367 0.0000 0.0315
008100 0.6284 0.3403 0.0000 0.0313
008120 0.6199 0.3472 0.0000 0.0329
008140 0.6116 0.3561 0.0000 0.0323
008160 0.6097 0.3588 0.0000 0.0315
008180 0.6095 0.3600 0.0000 0.0305
008200 0.6063 0.3626 0.0000 0.0311
008220 0.6067 0.3616 0.0000 0.0316
008240 0.6066 0.3626 0.0000 0.0308
008260 0.6105 0.3607 0.0000 0.0289
008280 0.6129 0.3570 0.0000 0.0300
008300 0.6163 0.3546 0.0000 0.0291
008320 0.6221 0.3502 0.0000 0.0277
008340 0.6233 0.3484 0.0000 0.0282
008360 0.6223 0.3468 0.0000 0.0308
008380 0.6204 0.3477 0.0000 0.0319
008400 0.6203 0.3496 0.0000 0.0300
008420 0.6209 0.3485 0.0000 0.0306
008440 0.6199 0.3501 0.0000 0.0300
008460 0.6166 0.3532 0.0000 0.0302
008480 0.6160 0.3546 0.0000 0.0294
008500 0.6181 0.3530 0.0000 0.0290
008520 0.6224 0.3495 0.0000 0.0280
008540 0.6224 0.3489 0.0000 0.0287
008560 0.6270 0.3449 0.0000 0.0281
008580 0.6311 0.3389 0.0000 0.0300
008600 0.6296 0.3399 0.0000 0.0305
008620 0.6280 0.3413 0.0000 0.0307
008640 0.6244 0.3443 0.0000 0.0312
008660 0.6189 0.3492 0.0000 0.0318
008680 0.6126 0.3564 0.0000 0.0310
008700 0.6110 0.3576 0.0000 0.0314
008720 0.6077 0.3605 0.0000 0.0318
008740 0.6080 0.3611 0.0000 0.0310
008760 0.6135 0.3573 0.0000 0.0292
008780 0.6201 0.3521 0.0000 0.0278
008800 0.6251 0.3476 0.0000 0.0273
008820 0.6319 0.3413 0.0000 0.0268
008840 0.6369 0.3351 0.0000 0.0280
008860 0.6431 0.3301 0.0000 0.0269
008880 0.6464 0.3269 0.0000 0.0268
008900 0.6392 0.3296 0.0000 0.0312
008920 0.6249 0.3393 0.0000 0.0358
008940 0.6104 0.3536 0.0000 0.0360
008960 0.6003 0.3646 0.0000 0.0351
008980 0.5906 0.3751 0.0000 0.0343
009000 0.5874 0.3801 0.0000 0.0325
009020 0.5912 0.3791 0.0000 0.0297
009040 0.5968 0.3728 0.0000 0.0303
009060 0.6013 0.3690 0.0000 0.0297
009080 0.6052 0.3656 0.0000 0.0292
009100 0.6138 0.3600 0.0000 0.0261
009120 0.6221 0.3521 0.0000 0.0258
009140 0.6267 0.3455 0.0000 0.0279
009160 0.6298 0.3434 0.0000 0.0268
009180 0.6343 0.3397 0.0000 0.0261
009200 0.6402 0.3340 0.0000 0.0259
009220 0.6451 0.3266 0.0000 0.0283
009240 0.6428 0.3270 0.0000 0.0303
009260 0.6345 0.3327 0.0000 0.0328
009280 0.6240 0.3417 0.0000 0.0343
009300 0.6106 0.3564 0.0000 0.0329
009320 0.6020 0.3657 0.0000 0.0323
009340 0.5996 0.3699 0.0000 0.0305
009360 0.6027 0.3674 0.0000 0.0299
009380 0.6070 0.3653 0.0000 0.0276
009400 0.6179 0.3555 0.0000 0.0266
009420 0.6293 0.3452 0.0000 0.0256
009440 0.6368 0.3370 0.0000 0.0262
009460 0.6434 0.3312 0.0000 0.0255
009480 0.6492 0.3243 0.0000 0.0266
009500 0.6527 0.3193 0.0000 0.0281
009520 0.6485 0.3217 0.0000 0.0298
009540 0.6373 0.3297 0.0000 0.0330
009560 0.6221 0.3412 0.0000 0.0367
009580 0.6049 0.3579 0.0000 0.0372
009600 0.5909 0.3735 0.0000 0.0356
009620 0.5862 0.3817 0.0000 0.0321
009640 0.5876 0.3809 0.0000 0.0315
009660 0.5934 0.3764 0.0000 0.0302
009680 0.6045 0.3685 0.0000 0.0271
009700 0.6147 0.3584 0.0000 0.0269
009720 0.6251 0.3486 0.0000 0.0264
009740 0.6312 0.3405 0.0000 0.0283
009760 0.6338 0.3361 0.0000 0.0301
009780 0.6308 0.3394 0.0000 0.0298
009800 0.6285 0.3413 0.0000 0.0302
009820 0.6255 0.3439 0.0000 0.0306
009840 0.6203 0.3465 0.0000 0.0331
009860 0.6137 0.3535 0.0000 0.0329
009880 0.6056 0.3617 0.0000 0.0326
009900 0.6069 0.3631 0.0000 0.0300
009920 0.6120 0.3595 0.0000 0.0285
009940 0.6199 0.3528 0.0000 0.0273
009960 0.6217 0.3476 0.0000 0.0308
009980 0.6175 0.3507 0.0000 0.0318
010000 0.6149 0.3548 0.0000 0.0304
010020 0.6181 0.3526 0.0000 0.0294
010040 0.6181 0.3526 0.0000 0.0294
010060 0.6181 0.3526 0.0000 0.0294
010080 0.6181 0.3526 0.0000 0.0294
010100 0.6181 0.3526 0.0000 0.0294
010120 0.6181 0.3526 0.0000 0.0294
010140 0.6181 0.3526 0.0000 0.0294
010160 0.6181 0.3526 0.0000 0.0294
010180 0.6181 0.3526 0.0000 0.0294
010200 0.6181 0.3526 0.0000 0.0294
010220 0.6181 0.3526 0.0000 0.0294
010240 0.6181 0.3526 0.0000 0.0294
010260 0.6181 0.3526 0.0000 0.0294
010280 0.6181 0.3526 0.0000 0.0294
010300 0.6181 0.3526 0.0000 0.0294
010320 0.6181 0.3526 0.0000 0.0294
010340 0.6181 0.3526 0.0000 0.0294
010360 0.6181 0.3526 0.0000 0.0294
010380 0.6181 0.3526 0.0000 0.0294
010400 0.6181 0.3526 0.0000 0.0294
010420 0.6181 0.3526 0.0000 0.0294
010440 0.6181 0.3526 0.0000 0.0294
010460 0.6181 0.3526 0.0000 0.0294
010480 0.6181 0.3526 0.0000 0.0294
010500 0.6181 0.3526 0.0000 0.0294
010520 0.6181 0.3526 0.0000 0.0294
010540 0.6181 0.3526 0.0000 0.0294
010560 0.6181 0.3526 0.0000 0.0294
010580 0.6181 0.3526 0.0000 0.0294
010600 0.6181 0.3526 0.0000 0.0294
010620 0.6181 0.3526 0.0000 0.0294
010640 0.6181 0.3526 0.0000 0.0294
010660 0.6181 0.3526 0.0000 0.0294
010680 0.6181 0.3526 0.0000 0.0294
010700 0.6181 0.3526 0.0000 0.0294
010720 0.6181 0.3526 0.0000 0.0294
010740 0.6181 0.3526 0.0000 0.0294
010760 0.6181 0.3526 0.0000 0.0294
010780 0.6181 0.3526 0.0000 0.0294
010800 0.6181 0.3526 0.0000 0.0294
010820 0.6181 0.3526 0.0000 0.0294
010840 0.6181 0.3526 0.0000 0.0294
010860 0.6181 0.3526 0.0000 0.0294
010880 0.6181 0.3526 0.0000 0.0294
010900 0.6181 0.3526 0.0000 0.0294
010920 0.6181 0.3526 0.0000 0.0294
010940 0.6181 0.3526 0.0000 0.0294
010960 0.6181 0.3526 0.0000 0.0294
010980 0.6181 0.3526 0.0000 0.0294
011000 0.6181 0.3526 0.0000 0.0294
011020 0.6181 0.3526 0.0000 0.0294
011040 0.6181 0.3526 0.0000 0.0294
011060 0.6181 0.3526 0.0000 0.0294
011080 0.6181 0.3526 0.0000 0.0294
011100 0.6181 0.3526 0.0000 0.0294
011120 0.6181 0.3526 0.0000 0.0294
011140 0.6181 0.3526 0.0000 0.0294
011160 0.6181 0.3526 0.0000 0.0294
011180 0.6181 0.3526 0.0000 0.0294
011200 0.6181 0.3526 0.0000 0.0294
011220 0.6181 0.3526 0.0000 0.0294
011240 0.6181 0.3526 0.0000 0.0294
011260 0.6181 0.3526 0.0000 0.0294
011280 0.6181 0.3526 0.0000 0.0294
011300 0.6181 0.3526 0.0000 0.0294
011320 0.6181 0.3526 0.0000 0.0294
011340 0.6181 0.3526 0.0000 0.0294
011360 0.6181 0.3526 0.0000 0.0294
011380 0.6181 0.3526 0.0000 0.0294
011400 0.6181 0.3526 0.0000 0.0294
011420 0.6181 0.3526 0.0000 0.0294
011440 0.6181 0.3526 0.0000 0.0294
011460 0.6181 0.3526 0.0000 0.0294
011480 0.6181 0.3526 0.0000 0.0294
011500 0.6181 0.3526 0.0000 0.0294
011520 0.6181 0.3526 0.0000 0.0294
011540 0.6181 0.3526 0.0000 0.0294
011560 0.6181 0.3526 0.0000 0.0294
011580 0.6181 0.3526 0.0000 0.0294
011600 0.6181 0.3526 0.0000 0.0294
011620 0.6181 0.3526 0.0000 0.0294
011640 0.6181 0.3526 0.0000 0.0294
011660 0.6181 0.3526 0.0000 0.0294
011680 0.6181 0.3526 0.0000 0.0294
011700 0.6181 0.3526 0.0000 0.0294
011720 0.6181 0.3526 0.0000 0.0294
011740 0.6181 0.3526 0.0000 0.0294
011760 0.6181 0.3526 0.0000 0.0294
011780 0.6181 0.3526 0.0000 0.0294
011800 0.6181 0.3526 0.0000 0.0294
011820 0.6181 0.3526 0.0000 0.0294
011840 0.6181 0.3526 0.0000 0.0294
011860 0.6181 0.3526 0.0000 0.0294
011880 0.6181 0.3526 0.0000 0.0294
011900 0.6181 0.3526 0.0000 0.0294
011920 0.6181 0.3526 0.0000 0.0294
011940 0.6181 0.3526 0.0000 0.0294
011960 0.6181 0.3526 0.0000 0.0294
011980 0.6181 0.3526 0.0000 0.0294
012000 0.6181 0.3526 0.0000 0.0294
012020 0.6181 0.3526 0.0000 0.0294
012040 0.6181 0.3526 0.0000 0.0294
012060 0.6181 0.3526 0.0000 0.0294
012080 0.6181 0.3526 0.0000 0.0294
012100 0.6181 0.3526 0.0000 0.0294
012120 0.6181 0.3526 0.0000 0.0294
012140 0.6181 0.3526 0.0000 0.0294
012160 0.6181 0.3526 0.0000 0.0294
012180 0.6181 0.3526 0.0000 0.0294
012200 0.6181 0.3526 0.0000 0.0294
012220 0.6181 0.3526 0.0000 0.0294
012240 0.6181 0.3526 0.0000 0.0294
012260 0.6181 0.3526 0.0000 0.0294
012280 0.6181 0.3526 0.0000 0.0294
012300 0.6181 0.3526 0.0000 0.0294
012320 0.6181 0.3526 0.0000 0.0294
012340 0.6181 0.3526 0.0000 0.0294
012360 0.6181 0.3526 0.0000 0.0294
012380 0.6181 0.3526 0.0000 0.0294
012400 0.6181 0.3526 0.0000 0.0294
012420 0.6181 0.3526 0.0000 0.0294
012440 0.6181 0.3526 0.0000 0.0294
012460 0.6181 0.3526 0.0000 0.0294
012480 0.6181 0.3526 0.0000 0.0294
012500 0.6181 0.3526 0.0000 0.0294
012520 0.6181 0.3526 0.0000 0.0294
012540 0.6181 0.3526 0.0000 0.0294
012560 0.6181 0.3526 0.0000 0.0294
012580 0.6181 0.3526 0.0000 0.0294
012600 0.6181 0.3526 0.0000 0.0294
012620 0.6181 0.3526 0.0000 0.0294
012640 0.6181 0.3526 0.0000 0.0294
012660 0.6181 0.3526 0.0000 0.0294
012680 0.6181 0.3526 0.0000 0.0294
012700 0.6181 0.3526 0.0000 0.0294
012720 0.6181 0.3526 0.0000 0.0294
012740 0.6181 0.3526 0.0000 0.0294
012760 0.6181 0.3526 0.0000 0.0294
012780 0.6181 0.3526 0.0000 0.0294
012800 0.6181 0.3526 0.0000 0.0294
012820 0.6181 0.3526 0.0000 0.0294
012840 0.6181 0.3526 0.0000 0.0294
012860 0.6181 0.3526 0.0000 0.0294
012880 0.6181 0.3526 0.0000 0.0294
012900 0.6181 0.3526 0.0000 0.0294
012920 0.6181 0.3526 0.0000 0.0294
012940 0.6181 0.3526 0.0000 0.0294
012960 0.6181 0.3526 0.0000 0.0294
012980 0.6181 0.3526 0.0000 0.0294
013000 0.6181 0.3526 0.0000 0.0294
013020 0.6181 0.3526 0.0000 0.0294
013040 0.6181 0.3526 0.0000 0.0294
013060 0.6181 0.3526 0.0000 0.0294
013080 0.6181 0.3526 0.0000 0.0294
013100 0.6181 0.3526 0.0000 0.0294
013120 0.6181 0.3526 0.0000 0.0294
013140 0.6181 0.3526 0.0000 0.0294
013160 0.6181 0.3526 0.0000 0.0294
013180 0.6181 0.3526 0.0000 0.0294
013200 0.6181 0.3526 0.0000 0.0294
013220 0.6181 0.3526 0.0000 0.0294
013240 0.6181 0.3526 0.0000 0.0294
013260 0.6181 0.3526 0.0000 0.0294
013280 0.6181 0.3526 0.0000 0.0294
013300 0.6181 0.3526 0.0000 0.0294
013320 0.6181 0.3526 0.0000 0.0294
013340 0.6181 0.3526 0.0000 0.0294
013360 0.6181 0.3526 0.0000 0.0294
013380 0.6181 0.3526 0.0000 0.0294
013400 0.6181 0.3526 0.0000 0.0294
013420 0.6181 0.3526 0.0000 0.0294
013440 0.6181 0.3526 0.0000 0.0294
013460 0.6181 0.3526 0.0000 0.0294
013480 0.6181 0.3526 0.0000 0.0294
013500 0.6181 0.3526 0.0000 0.0294
013520 0.6181 0.3526 0.0000 0.0294
013540 0.6181 0.3526 0.0000 0.0294
013560 0.6181 0.3526 0.0000 0.0294
013580 0.6181 0.3526 0.0000 0.0294
013600 0.6181 0.3526 0.0000 0.0294
013620 0.6181 0.3526 0.0000 0.0294
013640 0.6181 0.3526 0.0000 0.0294
013660 0.6181 0.3526 0.0000 0.0294
013680 0.6181 0.3526 0.0000 0.0294
013700 0.6181 0.3526 0.0000 0.0294
013720 0.6181 0.3526 0.0000 0.0294
013740 0.6181 0.3526 0.0000 0.0294
013760 0.6181 0.3526 0.0000 0.0294
013780 0.6181 0.3526 0.0000 0.0294
013800 0.6181 0.3526 0.0000 0.0294
013820 0.6181 0.3526 0.0000 0.0294
013840 0.6181 0.3526 0.0000 0.0294
013860 0.6181 0.3526 0.0000 0.0294
013880 0.6181 0.3526 0.0000 0.0294
013900 0.6181 0.3526 0.0000 0.0294
013920 0.6181 0.3526 0.0000 0.0294
013940 0.6181 0.3526 0.0000 0.0294
013960 0.6181 0.3526 0.0000 0.0294
013980 0.6181 0.3526 0.0000 0.0294
014000 0.6181 0.3526 0.0000 0.0294
014020 0.6181 0.3526 0.0000 0.0294
014040 0.6181 0.3526 0.0000 0.0294
014060 0.6181 0.3526 0.0000 0.0294
014080 0.6181 0.3526 0.0000 0.0294
014100 0.6181 0.3526 0.0000 0.0294
014120 0.6181 0.3526 0.0000 0.0294
014140 0.6181 0.3526 0.0000 0.0294
014160 0.6181 0.3526 0.0000 0.0294
014180 0.6181 0.3526 0.0000 0.0294
014200 0.6181 0.3526 0.0000 0.0294
014220 0.6181 0.3526 0.0000 0.0294
014240 0.6181 0.3526 0.0000 0.0294
014260 0.6181 0.3526 0.0000 0.0294
014280 0.6181 0.3526 0.0000 0.0294
014300 0.6181 0.3526 0.0000 0.0294
014320 0.6181 0.3526 0.0000 0.0294
014340 0.6181 0.3526 0.0000 0.0294
014360 0.6181 0.3526 0.0000 0.0294
014380 0.6181 0.3526 0.0000 0.0294
014400 0.6181 0.3526 0.0000 0.0294
014420 0.6181 0.3526 0.0000 0.0294
014440 0.6181 0.3526 0.0000 0.0294
014460 0.6181 0.3526 0.0000 0.0294
014480 0.6181 0.3526 0.0000 0.0294
014500 0.6181 0.3526 0.0000 0.0294
014520 0.6181 0.3526 0.0000 0.0294
014540 0.6181 0.3526 0.0000 0.0294
014560 0.6181 0.3526 0.0000 0.0294
014580 0.6181 0.3526 0.0000 0.0294
014600 0.6181 0.3526 0.0000 0.0294
014620 0.6181 0.3526 0.0000 0.0294
014640 0.6181 0.3526 0.0000 0.0294
014660 0.6181 0.3526 0.0000 0.0294
014680 0.6181 0.3526 0.0000 0.0294
014700 0.6181 0.3526 0.0000 0.0294
014720 0.6181 0.3526 0.0000 0.0294
014740 0.6181 0.3526 0.0000 0.0294
014760 0.6181 0.3526 0.0000 0.0294
014780 0.6181 0.3526 0.0000 0.0294
014800 0.6181 0.3526 0.0000 0.0294
014820 0.6181 0.3526 0.0000 0.0294
014840 0.6181 0.3526 0.0000 0.0294
014860 0.6181 0.3526 0.0000 0.0294
014880 0.6181 0.3526 0.0000 0.0294
014900 0.6181 0.3526 0.0000 0.0294
014920 0.6181 0.3526 0.0000 0.0294
014940 0.6181 0.3526 0.0000 0.0294
014960 0.6181 0.3526 0.0000 0.0294
014980 0.6181 0.3526 0.0000 0.0294
015000 0.6181 0.3526 0.0000 0.0294
015020 0.6181 0.3526 0.0000 0.0294
015040 0.6181 0.3526 0.0000 0.0294
015060 0.6181 0.3526 0.0000 0.0294
015080 0.6181 0.3526 0.0000 0.0294
015100 0.6181 0.3526 0.0000 0.0294
015120 0.6181 0.3526 0.0000 0.0294
015140 0.6181 0.3526 0.0000 0.0294
015160 0.6181 0.3526 0.0000 0.0294
015180 0.6181 0.3526 0.0000 0.0294
015200 0.6181 0.3526 0.0000 0.0294
015220 0.6181 0.3526 0.0000 0.0294
015240 0.6181 0.3526 0.0000 0.0294
015260 0.6181 0.3526 0.0000 0.0294
015280 0.6181 0.3526 0.0000 0.0294
015300 0.6181 0.3526 0.0000 0.0294
015320 0.6181 0.3526 0.0000 0.0294
015340 0.6181 0.3526 0.0000 0.0294
015360 0.6181 0.3526 0.0000 0.0294
015380 0.6181 0.3526 0.0000 0.0294
015400 0.6181 0.3526 0.0000 0.0294
015420 0.6181 0.3526 0.0000 0.0294
015440 0.6181 0.3526 0.0000 0.0294
015460 0.6181 0.3526 0.0000 0.0294
015480 0.6181 0.3526 0.0000 0.0294
015500 0.6181 0.3526 0.0000 0.0294
015520 0.6181 0.3526 0.0000 0.0294
015540 0.6181 0.3526 0.0000 0.0294
015560 0.6181 0.3526 0.0000 0.0294
015580 0.6181 0.3526 0.0000 0.0294
015600 0.6181 0.3526 0.0000 0.0294
015620 0.6181 0.3526 0.0000 0.0294
015640 0.6181 0.3526 0.0000 0.0294
015660 0.6181 0.3526 0.0000 0.0294
015680 0.6181 0.3526 0.0000 0.0294
015700 0.6181 0.3526 0.0000 0.0294
015720 0.6181 0.3526 0.0000 0.0294
015740 0.6181 0.3526 0.0000 0.0294
015760 0.6181 0.3526 0.0000 0.0294
015780 0.6181 0.3526 0.0000 0.0294
015800 0.6181 0.3526 0.0000 0.0294
015820 0.6181 0.3526 0.0000 0.0294
015840 0.6181 0.3526 0.0000 0.0294
015860 0.6181 0.3526 0.0000 0.0294
015880 0.6181 0.3526 0.0000 0.0294
015900 0.6181 0.3526 0.0000 0.0294
015920 0.6181 0.3526 0.0000 0.0294
015940 0.6181 0.3526 0.0000 0.0294
015960 0.6181 0.3526 0.0000 0.0294
015980 0.6181 0.3526 0.0000 0.0294
016000 0.6181 0.3526 0.0000 0.0294
016020 0.6181 0.3526 0.0000 0.0294
016040 0.6181 0.3526 0.0000 0.0294
016060 0.6181 0.3526 0.0000 0.0294
016080 0.6181 0.3526 0.0000 0.0294
016100 0.6181 0.3526 0.0000 0.0294
016120 0.6181 0.3526 0.0000 0.0294
016140 0.6181 0.3526 0.0000 0.0294
016160 0.6181 0.3526 0.0000 0.0294
016180 0.6181 0.3526 0.0000 0.0294
016200 0.6181 0.3526 0.0000 0.0294
016220 0.6181 0.3526 0.0000 0.0294
016240 0.6181 0.3526 0.0000 0.0294
016260 0.6181 0.3526 0.0000 0.0294
016280 0.6181 0.3526 0.0000 0.0294
016300 0.6181 0.3526 0.0000 0.0294
016320 0.6181 0.3526 0.0000 0.0294
016340 0.6181 0.3526 0.0000 0.0294
016360 0.6181 0.3526 0.0000 0.0294
016380 0.6181 0.3526 0.0000 0.0294
016400 0.6181 0.3526 0.0000 0.0294
016420 0.6181 0.3526 0.0000 0.0294
016440 0.6181 0.3526 0.0000 0.0294
016460 0.6181 0.3526 0.0000 0.0294
016480 0.6181 0.3526 0.0000 0.0294
016500 0.6181 0.3526 0.0000 0.0294
016520 0.6181 0.3526 0.0000 0.0294
016540 0.6181 0.3526 0.0000 0.0294
016560 0.6181 0.3526 0.0000 0.0294
016580 0.6181 0.3526 0.0000 0.0294
016600 0.6181 0.3526 0.0000 0.0294
016620 0.6181 0.3526 0.0000 0.0294
016640 0.6181 0.3526 0.0000 0.0294
016660 0.6181 0.3526 0.0000 0.0294
016680 0.6181 0.3526 0.0000 0.0294
016700 0.6181 0.3526 0.0000 0.0294
016720 0.6181 0.3526 0.0000 0.0294
016740 0.6181 0.3526 0.0000 0.0294
016760 0.6181 0.3526 0.0000 0.0294
016780 0.6181 0.3526 0.0000 0.0294
016800 0.6181 0.3526 0.0000 0.0294
016820 0.6181 0.3526 0.0000 0.0294
016840 0.6181 0.3526 0.0000 0.0294
016860 0.6181 0.3526 0.0000 0.0294
016880 0.6181 0.3526 0.0000 0.0294
016900 0.6181 0.3526 0.0000 0.0294
016920 0.6181 0.3526 0.0000 0.0294
016940 0.6181 0.3526 0.0000 0.0294
016960 0.6181 0.3526 0.0000 0.0294
016980 0.6181 0.3526 0.0000 0.0294
017000 0.6181 0.3526 0.0000 0.0294
017020 0.6181 0.3526 0.0000 0.0294
017040 0.6181 0.3526 0.0000 0.0294
017060 0.6181 0.3526 0.0000 0.0294
017080 0.6181 0.3526 0.0000 0.0294
017100 0.6181 0.3526 0.0000 0.0294
017120 0.6181 0.3526 0.0000 0.0294
017140 0.6181 0.3526 0.0000 0.0294
017160 0.6181 0.3526 0.0000 0.0294
017180 0.6181 0.3526 0.0000 0.0294
017200 0.6181 0.3526 0.0000 0.0294
017220 0.6181 0.3526 0.0000 0.0294
017240 0.6181 0.3526 0.0000 0.0294
017260 0.6181 0.3526 0.0000 0.0294
017280 0.6181 0.3526 0.0000 0.0294
017300 0.6181 0.3526 0.0000 0.0294
017320 0.6181 0.3526 0.0000 0.0294
017340 0.6181 0.3526 0.0000 0.0294
017360 0.6181 0.3526 0.0000 0.0294
017380 0.6181 0.3526 0.0000 0.0294
017400 0.6181 0.3526 0.0000 0.0294
017420 0.6181 0.3526 0.0000 0.0294
017440 0.6181 0.3526 0.0000 0.0294
017460 0.6181 0.3526 0.0000 0.0294
017480 0.6181 0.3526 0.0000 0.0294
017500 0.6181 0.3526 0.0000 0.0294
017520 0.6181 0.3526 0.0000 0.0294
017540 0.6181 0.3526 0.0000 0.0294
017560 0.6181 0.3526 0.0000 0.0294
017580 0.6181 0.3526 0.0000 0.0294
017600 0.6181 0.3526 0.0000 0.0294
017620 0.6181 0.3526 0.0000 0.0294
017640 0.6181 0.3526 0.0000 0.0294
017660 0.6181 0.3526 0.0000 0.0294
017680 0.6181 0.3526 0.0000 0.0294
017700 0.6181 0.3526 0.0000 0.0294
017720 0.6181 0.3526 0.0000 0.0294
017740 0.6181 0.3526 0.0000 0.0294
017760 0.6181 0.3526 0.0000 0.0294
017780 0.6181 0.3526 0.0000 0.0294
017800 0.6181 0.3526 0.0000 0.0294
017820 0.6181 0.3526 0.0000 0.0294
017840 0.6181 0.3526 0.0000 0.0294
017860 0.6181 0.3526 0.0000 0.0294
017880 0.6181 0.3526 0.0000 0.0294
017900 0.6181 0.3526 0.0000 0.0294
017920 0.6181 0.3526 0.0000 0.0294
017940 0.6181 0.3526 0.0000 0.0294
017960 0.6181 0.3526 0.0000 0.0294
017980 0.6181 0.3526 0.0000 0.0294
018000 0.6181 0.3526 0.0000 0.0294
018020 0.6181 0.3526 0.0000 0.0294
018040 0.6181 0.3526 0.0000 0.0294
018060 0.6181 0.3526 0.0000 0.0294
018080 0.6181 0.3526 0.0000 0.0294
018100 0.6181 0.3526 0.0000 0.0294
018120 0.6181 0.3526 0.0000 0.0294
018140 0.6181 0.3526 0.0000 0.0294
018160 0.6181 0.3526 0.0000 0.0294
018180 0.6181 0.3526 0.0000 0.0294
018200 0.6181 0.3526 0.0000 0.0294
018220 0.6181 0.3526 0.0000 0.0294
018240 0.6181 0.3526 0.0000 0.0294
018260 0.6181 0.3526 0.0000 0.0294
018280 0.6181 0.3526 0.0000 0.0294
018300 0.6181 0.3526 0.0000 0.0294
018320 0.6181 0.3526 0.0000 0.0294
018340 0.6181 0.3526 0.0000 0.0294
018360 0.6181 0.3526 0.0000 0.0294
018380 0.6181 0.3526 0.0000 0.0294
018400 0.6181 0.3526 0.0000 0.0294
018420 0.6181 0.3526 0.0000 0.0294
018440 0.6181 0.3526 0.0000 0.0294
018460 0.6181 0.3526 0.0000 0.0294
018480 0.6181 0.3526 0.0000 0.0294
018500 0.6181 0.3526 0.0000 0.0294
018520 0.6181 0.3526 0.0000 0.0294
018540 0.6181 0.3526 0.0000 0.0294
018560 0.6181 0.3526 0.0000 0.0294
018580 0.6181 0.3526 0.0000 0.0294
018600 0.6181 0.3526 0.0000 0.0294
018620 0.6181 0.3526 0.0000 0.0294
018640 0.6181 0.3526 0.0000 0.0294
018660 0.6181 0.3526 0.0000 0.0294
018680 0.6181 0.3526 0.0000 0.0294
018700 0.6181 0.3526 0.0000 0.0294
018720 0.6181 0.3526 0.0000 0.0294
018740 0.6181 0.3526 0.0000 0.0294
018760 0.6181 0.3526 0.0000 0.0294
018780 0.6181 0.3526 0.0000 0.0294
018800 0.6181 0.3526 0.0000 0.0294
018820 0.6181 0.3526 0.0000 0.0294
018840 0.6181 0.3526 0.0000 0.0294
018860 0.6181 0.3526 0.0000 0.0294
018880 0.6181 0.3526 0.0000 0.0294
018900 0.6181 0.3526 0.0000 0.0294
018920 0.6181 0.3526 0.0000 0.0294
018940 0.6181 0.3526 0.0000 0.0294
018960 0.6181 0.3526 0.0000 0.0294
018980 0.6181 0.3526 0.0000 0.0294
019000 0.6181 0.3526 0.0000 0.0294
019020 0.6181 0.3526 0.0000 0.0294
019040 0.6181 0.3526 0.0000 0.0294
019060 0.6181 0.3526 0.0000 0.0294
019080 0.6181 0.3526 0.0000 0.0294
019100 0.6181 0.3526 0.0000 0.0294
019120 0.6181 0.3526 0.0000 0.0294
019140 0.6181 0.3526 0.0000 0.0294
019160 0.6181 0.3526 0.0000 0.0294
019180 0.6181 0.3526 0.0000 0.0294
019200 0.6181 0.3526 0.0000 0.0294
019220 0.6181 0.3526 0.0000 0.0294
019240 0.6181 0.3526 0.0000 0.0294
019260 0.6181 0.3526 0.0000 0.0294
019280 0.6181 0.3526 0.0000 0.0294
019300 0.6181 0.3526 0.0000 0.0294
019320 0.6181 0.3526 0.0000 0.0294
019340 0.6181 0.3526 0.0000 0.0294
019360 0.6181 0.3526 0.0000 0.0294
019380 0.6181 0.3526 0.0000 0.0294
019400 0.6181 0.3526 0.0000 0.0294
019420 0.6181 0.3526 0.0000 0.0294
019440 0.6181 0.3526 0.0000 0.0294
019460 0.6181 0.3526 0.0000 0.0294
019480 0.6181 0.3526 0.0000 0.0294
019500 0.6181 0.3526 0.0000 0.0294
019520 0.6181 0.3526 0.0000 0.0294
019540 0.6181 0.3526 0.0000 0.0294
019560 0.6181 0.3526 0.0000 0.0294
019580 0.6181 0.3526 0.0000 0.0294
019600 0.6181 0.3526 0.0000 0.0294
019620 0.6181 0.3526 0.0000 0.0294
019640 0.6181 0.3526 0.0000 0.0294
019660 0.6181 0.3526 0.0000 0.0294
019680 0.6181 0.3526 0.0000 0.0294
019700 0.6181 0.3526 0.0000 0.0294
019720 0.6181 0.3526 0.0000 0.0294
019740 0.6181 0.3526 0.0000 0.0294
019760 0.6181 0.3526 0.0000 0.0294
019780 0.6181 0.3526 0.0000 0.0294
019800 0.6181 0.3526 0.0000 0.0294
019820 0.6181 0.3526 0.0000 0.0294
019840 0.6181 0.3526 0.0000 0.0294
019860 0.6181 0.3526 0.0000 0.0294
019880 0.6181 0.3526 0.0000 0.0294
019900 0.6181 0.3526 0.0000 0.0294
019920 0.6181 0.3526 0.0000 0.0294
019940 0.6181 0.3526 0.0000 0.0294
019960 0.6181 0.3526 0.0000 0.0294
019980 0.6181 0.3526 0.0000 0.0294
020000 0.6181 0.3526 0.0000 0.0294
