000000 0.2500 0.2500 0.2500 0.2500
000020 0.2597 0.2596 0.2298 0.2509
000040 0.2714 0.2695 0.2080 0.2511
000060 0.2829 0.2797 0.1871 0.2504
000080 0.2928 0.2903 0.1668 0.2501
000100 0.3025 0.3016 0.1478 0.2481
000120 0.3111 0.3140 0.1297 0.2452
000140 0.3190 0.3274 0.1124 0.2412
000160 0.3250 0.3415 0.0968 0.2367
000180 0.3295 0.3569 0.0819 0.2317
000200 0.3329 0.3730 0.0684 0.2257
000220 0.3355 0.3901 0.0565 0.2180
000240 0.3381 0.4068 0.0456 0.2095
000260 0.3382 0.4256 0.0356 0.2007
000280 0.3387 0.4433 0.0266 0.1914
000300 0.3369 0.4615 0.0192 0.1825
000320 0.3347 0.4812 0.0128 0.1712
000340 0.3318 0.5014 0.0078 0.1589
000360 0.3272 0.5221 0.0038 0.1468
000380 0.3192 0.5449 0.0013 0.1346
000400 0.3100 0.5693 0.0001 0.1206
000420 0.2987 0.5973 0.0000 0.1041
000440 0.2894 0.6250 0.0000 0.0856
000460 0.2828 0.6457 0.0000 0.0714
000480 0.2803 0.6588 0.0000 0.0609
000500 0.2793 0.6692 0.0000 0.0515
000520 0.2809 0.6763 0.0000 0.0428
000540 0.2819 0.6809 0.0000 0.0372
000560 0.2810 0.6853 0.0000 0.0337
000580 0.2790 0.6915 0.0000 0.0295
000600 0.2821 0.6932 0.0000 0.0248
000620 0.2900 0.6877 0.0000 0.0223
000640 0.2987 0.6796 0.0000 0.0217
000660 0.3087 0.6709 0.0000 0.0203
000680 0.3182 0.6605 0.0000 0.0213
000700 0.3234 0.6539 0.0000 0.0227
000720 0.3254 0.6504 0.0000 0.0242
000740 0.3278 0.6480 0.0000 0.0242
000760 0.3327 0.6427 0.0000 0.0246
000780 0.3410 0.6345 0.0000 0.0245
000800 0.3468 0.6279 0.0000 0.0253
000820 0.3554 0.6207 0.0000 0.0239
000840 0.3636 0.6130 0.0000 0.0234
000860 0.3735 0.6021 0.0000 0.0244
000880 0.3786 0.5937 0.0000 0.0277
000900 0.3786 0.5922 0.0000 0.0292
000920 0.3823 0.5885 0.0000 0.0292
000940 0.3869 0.5816 0.0000 0.0315
000960 0.3924 0.5777 0.0000 0.0299
000980 0.3988 0.5704 0.0000 0.0308
001000 0.4085 0.5607 0.0000 0.0307
001020 0.4189 0.5514 0.0000 0.0297
001040 0.4308 0.5400 0.0000 0.0293
001060 0.4423 0.5279 0.0000 0.0298
001080 0.4495 0.5180 0.0000 0.0325
001100 0.4543 0.5111 0.0000 0.0346
001120 0.4531 0.5112 0.0000 0.0357
001140 0.4554 0.5097 0.0000 0.0349
001160 0.4588 0.5055 0.0000 0.0358
001180 0.4669 0.4985 0.0000 0.0346
001200 0.4800 0.4863 0.0000 0.0337
001220 0.4930 0.4735 0.0000 0.0336
001240 0.5070 0.4580 0.0000 0.0350
001260 0.5188 0.4470 0.0000 0.0342
001280 0.5257 0.4371 0.0000 0.0372
001300 0.5249 0.4351 0.0000 0.0400
001320 0.5289 0.4317 0.0000 0.0394
001340 0.5314 0.4259 0.0000 0.0427
001360 0.5299 0.4251 0.0000 0.0450
001380 0.5322 0.4264 0.0000 0.0415
001400 0.5379 0.4198 0.0000 0.0423
001420 0.5436 0.4147 0.0000 0.0417
001440 0.5536 0.4051 0.0000 0.0413
001460 0.5708 0.3899 0.0000 0.0393
001480 0.5834 0.3740 0.0000 0.0426
001500 0.5915 0.3667 0.0000 0.0418
001520 0.5960 0.3614 0.0000 0.0427
001540 0.5938 0.3610 0.0000 0.0452
001560 0.5888 0.3654 0.0000 0.0458
001580 0.5838 0.3691 0.0000 0.0471
001600 0.5764 0.3746 0.0000 0.0490
001620 0.5693 0.3831 0.0000 0.0476
001640 0.5649 0.3877 0.0000 0.0474
001660 0.5651 0.3887 0.0000 0.0463
001680 0.5696 0.3847 0.0000 0.0456
001700 0.5809 0.3748 0.0000 0.0443
001720 0.5961 0.3624 0.0000 0.0415
001740 0.6105 0.3482 0.0000 0.0413
001760 0.6139 0.3405 0.0000 0.0456
001780 0.6058 0.3451 0.0000 0.0491
001800 0.5951 0.3552 0.0000 0.0497
001820 0.5837 0.3675 0.0000 0.0488
001840 0.5805 0.3724 0.0000 0.0471
001860 0.5841 0.3700 0.0000 0.0458
001880 0.5895 0.3644 0.0000 0.0461
001900 0.5950 0.3597 0.0000 0.0453
001920 0.5995 0.3534 0.0000 0.0471
001940 0.5970 0.3553 0.0000 0.0477
001960 0.5977 0.3557 0.0000 0.0465
001980 0.5939 0.3580 0.0000 0.0481
002000 0.5926 0.3586 0.0000 0.0488
002020 0.5911 0.3619 0.0000 0.0470
002040 0.5927 0.3616 0.0000 0.0458
002060 0.5928 0.3606 0.0000 0.0466
002080 0.5942 0.3587 0.0000 0.0472
002100 0.5941 0.3578 0.0000 0.0482
002120 0.5915 0.3603 0.0000 0.0481
002140 0.5906 0.3631 0.0000 0.0462
002160 0.5947 0.3593 0.0000 0.0460
002180 0.5966 0.3575 0.0000 0.0459
002200 0.5971 0.3574 0.0000 0.0455
002220 0.5993 0.3559 0.0000 0.0448
002240 0.6011 0.3511 0.0000 0.0477
002260 0.5997 0.3541 0.0000 0.0462
002280 0.5993 0.3556 0.0000 0.0451
002300 0.5988 0.3548 0.0000 0.0465
002320 0.5946 0.3587 0.0000 0.0468
002340 0.5967 0.3592 0.0000 0.0441
002360 0.6068 0.3498 0.0000 0.0434
002380 0.6106 0.3423 0.0000 0.0471
002400 0.6037 0.3477 0.0000 0.0487
002420 0.5956 0.3542 0.0000 0.0502
002440 0.5869 0.3630 0.0000 0.0501
002460 0.5851 0.3663 0.0000 0.0486
002480 0.5851 0.3652 0.0000 0.0497
002500 0.5832 0.3685 0.0000 0.0483
002520 0.5844 0.3688 0.0000 0.0468
002540 0.5878 0.3671 0.0000 0.0451
002560 0.5955 0.3606 0.0000 0.0438
002580 0.6068 0.3496 0.0000 0.0436
002600 0.6126 0.3409 0.0000 0.0466
002620 0.6091 0.3444 0.0000 0.0465
002640 0.6045 0.3478 0.0000 0.0476
002660 0.5977 0.3542 0.0000 0.0482
002680 0.5947 0.3575 0.0000 0.0478
002700 0.5964 0.3569 0.0000 0.0467
002720 0.5927 0.3574 0.0000 0.0499
002740 0.5882 0.3644 0.0000 0.0474
002760 0.5898 0.3648 0.0000 0.0454
002780 0.5974 0.3588 0.0000 0.0438
002800 0.6043 0.3521 0.0000 0.0436
002820 0.6044 0.3477 0.0000 0.0479
002840 0.5952 0.3556 0.0000 0.0493
002860 0.5902 0.3628 0.0000 0.0470
002880 0.5911 0.3635 0.0000 0.0454
002900 0.5914 0.3615 0.0000 0.0471
002920 0.5940 0.3592 0.0000 0.0469
002940 0.5970 0.3570 0.0000 0.0461
002960 0.5925 0.3572 0.0000 0.0503
002980 0.5827 0.3673 0.0000 0.0500
003000 0.5816 0.3710 0.0000 0.0474
003020 0.5866 0.3668 0.0000 0.0466
003040 0.5943 0.3610 0.0000 0.0447
003060 0.6008 0.3541 0.0000 0.0451
003080 0.6053 0.3506 0.0000 0.0442
003100 0.6136 0.3429 0.0000 0.0435
003120 0.6199 0.3367 0.0000 0.0434
003140 0.6157 0.3356 0.0000 0.0486
003160 0.6012 0.3453 0.0000 0.0535
003180 0.5816 0.3645 0.0000 0.0539
003200 0.5713 0.3784 0.0000 0.0503
003220 0.5701 0.3817 0.0000 0.0482
003240 0.5784 0.3773 0.0000 0.0443
003260 0.5907 0.3651 0.0000 0.0443
003280 0.6049 0.3533 0.0000 0.0418
003300 0.6179 0.3404 0.0000 0.0418
003320 0.6216 0.3335 0.0000 0.0449
003340 0.6157 0.3376 0.0000 0.0467
003360 0.6078 0.3436 0.0000 0.0486
003380 0.5958 0.3532 0.0000 0.0510
003400 0.5834 0.3651 0.0000 0.0515
003420 0.5828 0.3685 0.0000 0.0487
003440 0.5866 0.3674 0.0000 0.0459
003460 0.5939 0.3609 0.0000 0.0452
003480 0.6037 0.3519 0.0000 0.0444
003500 0.6057 0.3480 0.0000 0.0463
003520 0.6039 0.3490 0.0000 0.0470
003540 0.5969 0.3563 0.0000 0.0468
003560 0.5915 0.3598 0.0000 0.0487
003580 0.5862 0.3661 0.0000 0.0477
003600 0.5851 0.3679 0.0000 0.0470
003620 0.5912 0.3635 0.0000 0.0453
003640 0.5960 0.3596 0.0000 0.0445
003660 0.6066 0.3499 0.0000 0.0435
003680 0.6163 0.3411 0.0000 0.0426
003700 0.6170 0.3379 0.0000 0.0451
003720 0.6136 0.3401 0.0000 0.0463
003740 0.6080 0.3454 0.0000 0.0466
003760 0.6021 0.3496 0.0000 0.0483
003780 0.5977 0.3550 0.0000 0.0473
003800 0.5943 0.3576 0.0000 0.0481
003820 0.5873 0.3633 0.0000 0.0494
003840 0.5874 0.3675 0.0000 0.0452
003860 0.5926 0.3616 0.0000 0.0458
003880 0.5977 0.3589 0.0000 0.0434
003900 0.6018 0.3520 0.0000 0.0461
003920 0.5995 0.3531 0.0000 0.0474
003940 0.5955 0.3554 0.0000 0.0491
003960 0.5902 0.3603 0.0000 0.0494
003980 0.5874 0.3647 0.0000 0.0479
004000 0.5844 0.3681 0.0000 0.0474
004020 0.5828 0.3680 0.0000 0.0492
004040 0.5860 0.3681 0.0000 0.0459
004060 0.5918 0.3635 0.0000 0.0447
004080 0.5907 0.3615 0.0000 0.0478
004100 0.5897 0.3605 0.0000 0.0498
004120 0.5890 0.3635 0.0000 0.0475
004140 0.5902 0.3639 0.0000 0.0459
004160 0.5906 0.3625 0.0000 0.0469
004180 0.5852 0.3654 0.0000 0.0493
004200 0.5850 0.3677 0.0000 0.0473
004220 0.5892 0.3659 0.0000 0.0449
004240 0.6009 0.3581 0.0000 0.0410
004260 0.6123 0.3440 0.0000 0.0437
004280 0.6107 0.3395 0.0000 0.0498
004300 0.5966 0.3505 0.0000 0.0529
004320 0.5833 0.3657 0.0000 0.0510
004340 0.5826 0.3723 0.0000 0.0451
004360 0.5903 0.3662 0.0000 0.0435
004380 0.5941 0.3586 0.0000 0.0473
004400 0.5918 0.3593 0.0000 0.0488
004420 0.5856 0.3661 0.0000 0.0482
004440 0.5856 0.3673 0.0000 0.0471
004460 0.5854 0.3676 0.0000 0.0470
004480 0.5889 0.3645 0.0000 0.0466
004500 0.5880 0.3637 0.0000 0.0483
004520 0.5869 0.3660 0.0000 0.0471
004540 0.5892 0.3643 0.0000 0.0465
004560 0.5922 0.3622 0.0000 0.0456
004580 0.5972 0.3566 0.0000 0.0462
004600 0.6007 0.3509 0.0000 0.0484
004620 0.5982 0.3532 0.0000 0.0486
004640 0.5962 0.3557 0.0000 0.0481
004660 0.5920 0.3613 0.0000 0.0466
004680 0.5928 0.3624 0.0000 0.0448
004700 0.5987 0.3575 0.0000 0.0438
004720 0.6030 0.3516 0.0000 0.0454
004740 0.6020 0.3501 0.0000 0.0478
004760 0.5959 0.3538 0.0000 0.0503
004780 0.5941 0.3578 0.0000 0.0481
004800 0.5891 0.3607 0.0000 0.0502
004820 0.5852 0.3674 0.0000 0.0474
004840 0.5865 0.3655 0.0000 0.0480
004860 0.5888 0.3642 0.0000 0.0470
004880 0.5909 0.3626 0.0000 0.0465
004900 0.5964 0.3578 0.0000 0.0458
004920 0.6023 0.3538 0.0000 0.0440
004940 0.6082 0.3484 0.0000 0.0434
004960 0.6095 0.3437 0.0000 0.0468
004980 0.6080 0.3439 0.0000 0.0481
005000 0.5965 0.3526 0.0000 0.0509
005020 0.5846 0.3638 0.0000 0.0516
005040 0.5752 0.3750 0.0000 0.0498
005060 0.5730 0.3795 0.0000 0.0475
005080 0.5782 0.3756 0.0000 0.0462
005100 0.5889 0.3669 0.0000 0.0442
005120 0.6042 0.3520 0.0000 0.0438
005140 0.6110 0.3434 0.0000 0.0455
005160 0.6097 0.3446 0.0000 0.0457
005180 0.6025 0.3481 0.0000 0.0494
005200 0.5928 0.3587 0.0000 0.0485
005220 0.5914 0.3626 0.0000 0.0460
005240 0.5945 0.3583 0.0000 0.0473
005260 0.5935 0.3587 0.0000 0.0478
005280 0.5901 0.3604 0.0000 0.0495
005300 0.5906 0.3613 0.0000 0.0482
005320 0.5920 0.3612 0.0000 0.0468
005340 0.5945 0.3591 0.0000 0.0464
005360 0.5945 0.3554 0.0000 0.0501
005380 0.5923 0.3592 0.0000 0.0485
005400 0.5877 0.3629 0.0000 0.0494
005420 0.5811 0.3700 0.0000 0.0489
005440 0.5763 0.3738 0.0000 0.0499
005460 0.5690 0.3805 0.0000 0.0505
005480 0.5705 0.3824 0.0000 0.0472
005500 0.5814 0.3758 0.0000 0.0428
005520 0.5981 0.3605 0.0000 0.0414
005540 0.6133 0.3433 0.0000 0.0433
005560 0.6171 0.3375 0.0000 0.0455
005580 0.6137 0.3396 0.0000 0.0466
005600 0.6055 0.3453 0.0000 0.0492
005620 0.5958 0.3548 0.0000 0.0494
005640 0.5890 0.3629 0.0000 0.0480
005660 0.5874 0.3643 0.0000 0.0483
005680 0.5866 0.3658 0.0000 0.0476
005700 0.5907 0.3621 0.0000 0.0472
005720 0.5915 0.3603 0.0000 0.0482
005740 0.5906 0.3616 0.0000 0.0477
005760 0.5959 0.3582 0.0000 0.0459
005780 0.6000 0.3537 0.0000 0.0463
005800 0.6001 0.3534 0.0000 0.0465
005820 0.6004 0.3534 0.0000 0.0462
005840 0.5932 0.3560 0.0000 0.0508
005860 0.5873 0.3631 0.0000 0.0495
005880 0.5882 0.3652 0.0000 0.0466
005900 0.5925 0.3612 0.0000 0.0463
005920 0.5971 0.3573 0.0000 0.0456
005940 0.5978 0.3540 0.0000 0.0482
005960 0.5931 0.3589 0.0000 0.0480
005980 0.5917 0.3617 0.0000 0.0466
006000 0.5949 0.3590 0.0000 0.0461
006020 0.5946 0.3577 0.0000 0.0477
006040 0.5920 0.3589 0.0000 0.0490
006060 0.5883 0.3636 0.0000 0.0481
006080 0.5881 0.3658 0.0000 0.0461
006100 0.5877 0.3637 0.0000 0.0486
006120 0.5855 0.3660 0.0000 0.0484
006140 0.5832 0.3676 0.0000 0.0492
006160 0.5868 0.3657 0.0000 0.0476
006180 0.5970 0.3592 0.0000 0.0438
006200 0.6051 0.3502 0.0000 0.0447
006220 0.6018 0.3509 0.0000 0.0473
006240 0.5970 0.3555 0.0000 0.0476
006260 0.5951 0.3574 0.0000 0.0475
006280 0.5931 0.3586 0.0000 0.0483
006300 0.5952 0.3588 0.0000 0.0459
006320 0.5983 0.3557 0.0000 0.0459
006340 0.6005 0.3522 0.0000 0.0473
006360 0.6029 0.3514 0.0000 0.0457
006380 0.6063 0.3480 0.0000 0.0457
006400 0.6037 0.3495 0.0000 0.0468
006420 0.6007 0.3505 0.0000 0.0488
006440 0.5964 0.3554 0.0000 0.0482
006460 0.5922 0.3595 0.0000 0.0482
006480 0.5849 0.3643 0.0000 0.0508
006500 0.5766 0.3732 0.0000 0.0501
006520 0.5780 0.3758 0.0000 0.0462
006540 0.5849 0.3709 0.0000 0.0442
006560 0.5905 0.3644 0.0000 0.0451
006580 0.5935 0.3574 0.0000 0.0490
006600 0.5939 0.3577 0.0000 0.0484
006620 0.5928 0.3606 0.0000 0.0465
006640 0.5946 0.3601 0.0000 0.0453
006660 0.5971 0.3584 0.0000 0.0445
006680 0.6045 0.3513 0.0000 0.0442
006700 0.6034 0.3498 0.0000 0.0468
006720 0.5953 0.3564 0.0000 0.0483
006740 0.5853 0.3638 0.0000 0.0510
006760 0.5816 0.3701 0.0000 0.0483
006780 0.5823 0.3707 0.0000 0.0470
006800 0.5933 0.3617 0.0000 0.0450
006820 0.6042 0.3539 0.0000 0.0419
006840 0.6140 0.3431 0.0000 0.0430
006860 0.6157 0.3401 0.0000 0.0442
006880 0.6119 0.3405 0.0000 0.0476
006900 0.6017 0.3469 0.0000 0.0514
006920 0.5831 0.3617 0.0000 0.0553
006940 0.5667 0.3817 0.0000 0.0516
006960 0.5617 0.3889 0.0000 0.0494
006980 0.5649 0.3888 0.0000 0.0463
007000 0.5764 0.3796 0.0000 0.0440
007020 0.5945 0.3652 0.0000 0.0403
007040 0.6141 0.3449 0.0000 0.0410
007060 0.6217 0.3335 0.0000 0.0448
007080 0.6193 0.3332 0.0000 0.0475
007100 0.6083 0.3432 0.0000 0.0485
007120 0.5994 0.3504 0.0000 0.0502
007140 0.5902 0.3601 0.0000 0.0497
007160 0.5853 0.3667 0.0000 0.0480
007180 0.5840 0.3679 0.0000 0.0481
007200 0.5847 0.3694 0.0000 0.0458
007220 0.5902 0.3654 0.0000 0.0444
007240 0.5994 0.3569 0.0000 0.0437
007260 0.6068 0.3499 0.0000 0.0432
007280 0.6093 0.3452 0.0000 0.0454
007300 0.6109 0.3425 0.0000 0.0467
007320 0.6075 0.3452 0.0000 0.0472
007340 0.6038 0.3486 0.0000 0.0476
007360 0.5976 0.3548 0.0000 0.0476
007380 0.5992 0.3568 0.0000 0.0441
007400 0.5975 0.3554 0.0000 0.0471
007420 0.5958 0.3559 0.0000 0.0484
007440 0.6005 0.3547 0.0000 0.0449
007460 0.6067 0.3494 0.0000 0.0440
007480 0.6105 0.3437 0.0000 0.0459
007500 0.6084 0.3443 0.0000 0.0473
007520 0.5976 0.3537 0.0000 0.0487
007540 0.5875 0.3631 0.0000 0.0493
007560 0.5839 0.3684 0.0000 0.0477
007580 0.5908 0.3640 0.0000 0.0452
007600 0.5978 0.3561 0.0000 0.0461
007620 0.5986 0.3553 0.0000 0.0461
007640 0.5965 0.3560 0.0000 0.0475
007660 0.5959 0.3573 0.0000 0.0468
007680 0.6012 0.3547 0.0000 0.0441
007700 0.6070 0.3489 0.0000 0.0441
007720 0.6087 0.3456 0.0000 0.0457
007740 0.6047 0.3455 0.0000 0.0498
007760 0.5946 0.3565 0.0000 0.0489
007780 0.5925 0.3602 0.0000 0.0473
007800 0.5907 0.3626 0.0000 0.0468
007820 0.5926 0.3605 0.0000 0.0468
007840 0.5944 0.3562 0.0000 0.0494
007860 0.5933 0.3591 0.0000 0.0476
007880 0.5968 0.3597 0.0000 0.0434
007900 0.6036 0.3529 0.0000 0.0434
007920 0.6073 0.3472 0.0000 0.0455
007940 0.6057 0.3460 0.0000 0.0483
007960 0.6034 0.3481 0.0000 0.0485
007980 0.5942 0.3570 0.0000 0.0488
008000 0.5824 0.3668 0.0000 0.0509
008020 0.5740 0.3762 0.0000 0.0498
008040 0.5771 0.3778 0.0000 0.0451
008060 0.5931 0.3649 0.0000 0.0420
008080 0.6137 0.3451 0.0000 0.0412
008100 0.6269 0.3317 0.0000 0.0414
008120 0.6296 0.3256 0.0000 0.0448
008140 0.6224 0.3300 0.0000 0.0476
008160 0.6104 0.3411 0.0000 0.0485
008180 0.5982 0.3536 0.0000 0.0482
008200 0.5911 0.3604 0.0000 0.0484
008220 0.5874 0.3647 0.0000 0.0479
008240 0.5882 0.3641 0.0000 0.0477
008260 0.5919 0.3625 0.0000 0.0457
008280 0.5965 0.3599 0.0000 0.0436
008300 0.6036 0.3530 0.0000 0.0434
008320 0.6091 0.3463 0.0000 0.0446
008340 0.6062 0.3456 0.0000 0.0482
008360 0.6002 0.3521 0.0000 0.0477
008380 0.5969 0.3556 0.0000 0.0475
008400 0.5921 0.3590 0.0000 0.0489
008420 0.5892 0.3648 0.0000 0.0459
008440 0.5945 0.3607 0.0000 0.0448
008460 0.5989 0.3542 0.0000 0.0469
008480 0.6038 0.3504 0.0000 0.0459
008500 0.6049 0.3493 0.0000 0.0458
008520 0.6012 0.3508 0.0000 0.0481
008540 0.5923 0.3564 0.0000 0.0514
008560 0.5874 0.3640 0.0000 0.0486
008580 0.5874 0.3654 0.0000 0.0471
008600 0.5872 0.3661 0.0000 0.0467
008620 0.5908 0.3643 0.0000 0.0449
008640 0.5967 0.3599 0.0000 0.0434
008660 0.6049 0.3511 0.0000 0.0440
008680 0.6107 0.3439 0.0000 0.0454
008700 0.6154 0.3409 0.0000 0.0438
008720 0.6156 0.3402 0.0000 0.0443
008740 0.6083 0.3445 0.0000 0.0472
008760 0.5981 0.3540 0.0000 0.0480
008780 0.5944 0.3591 0.0000 0.0464
008800 0.5941 0.3575 0.0000 0.0484
008820 0.5975 0.3581 0.0000 0.0444
008840 0.6075 0.3504 0.0000 0.0421
008860 0.6131 0.3422 0.0000 0.0447
008880 0.6074 0.3445 0.0000 0.0481
008900 0.5941 0.3534 0.0000 0.0525
008920 0.5855 0.3633 0.0000 0.0512
008940 0.5825 0.3700 0.0000 0.0475
008960 0.5840 0.3694 0.0000 0.0466
008980 0.5855 0.3677 0.0000 0.0468
009000 0.5889 0.3648 0.0000 0.0463
009020 0.5937 0.3612 0.0000 0.0451
009040 0.6032 0.3514 0.0000 0.0454
009060 0.6116 0.3448 0.0000 0.0436
009080 0.6119 0.3417 0.0000 0.0464
009100 0.6104 0.3432 0.0000 0.0464
009120 0.6065 0.3450 0.0000 0.0485
009140 0.5982 0.3507 0.0000 0.0512
009160 0.5872 0.3635 0.0000 0.0494
009180 0.5921 0.3624 0.0000 0.0455
009200 0.5961 0.3581 0.0000 0.0458
009220 0.5960 0.3585 0.0000 0.0455
009240 0.5966 0.3588 0.0000 0.0446
009260 0.6031 0.3523 0.0000 0.0446
009280 0.5967 0.3542 0.0000 0.0491
009300 0.5934 0.3583 0.0000 0.0482
009320 0.5919 0.3615 0.0000 0.0466
009340 0.5961 0.3578 0.0000 0.0462
009360 0.5952 0.3577 0.0000 0.0471
009380 0.5976 0.3544 0.0000 0.0479
009400 0.5971 0.3571 0.0000 0.0458
009420 0.5990 0.3554 0.0000 0.0456
009440 0.6005 0.3535 0.0000 0.0460
009460 0.5948 0.3577 0.0000 0.0475
009480 0.5881 0.3634 0.0000 0.0484
009500 0.5831 0.3694 0.0000 0.0475
009520 0.5764 0.3738 0.0000 0.0498
009540 0.5736 0.3780 0.0000 0.0484
009560 0.5783 0.3749 0.0000 0.0467
009580 0.5866 0.3680 0.0000 0.0453
009600 0.5989 0.3567 0.0000 0.0444
009620 0.6071 0.3501 0.0000 0.0429
009640 0.6097 0.3454 0.0000 0.0449
009660 0.6082 0.3444 0.0000 0.0475
009680 0.5980 0.3510 0.0000 0.0509
009700 0.5873 0.3629 0.0000 0.0498
009720 0.5875 0.3649 0.0000 0.0476
009740 0.5931 0.3622 0.0000 0.0447
009760 0.5975 0.3562 0.0000 0.0463
009780 0.5988 0.3542 0.0000 0.0470
009800 0.6001 0.3525 0.0000 0.0474
009820 0.6028 0.3500 0.0000 0.0471
009840 0.6045 0.3494 0.0000 0.0461
009860 0.6044 0.3496 0.0000 0.0460
009880 0.5993 0.3540 0.0000 0.0467
009900 0.5957 0.3560 0.0000 0.0483
009920 0.5900 0.3615 0.0000 0.0485
009940 0.5887 0.3651 0.0000 0.0462
009960 0.5928 0.3624 0.0000 0.0448
009980 0.5986 0.3554 0.0000 0.0460
010000 0.5968 0.3567 0.0000 0.0465
010020 0.5911 0.3579 0.0000 0.0510
010040 0.5911 0.3579 0.0000 0.0510
010060 0.5911 0.3579 0.0000 0.0510
010080 0.5911 0.3579 0.0000 0.0510
010100 0.5911 0.3579 0.0000 0.0510
010120 0.5911 0.3579 0.0000 0.0510
010140 0.5911 0.3579 0.0000 0.0510
010160 0.5911 0.3579 0.0000 0.0510
010180 0.5911 0.3579 0.0000 0.0510
010200 0.5911 0.3579 0.0000 0.0510
010220 0.5911 0.3579 0.0000 0.0510
010240 0.5911 0.3579 0.0000 0.0510
010260 0.5911 0.3579 0.0000 0.0510
010280 0.5911 0.3579 0.0000 0.0510
010300 0.5911 0.3579 0.0000 0.0510
010320 0.5911 0.3579 0.0000 0.0510
010340 0.5911 0.3579 0.0000 0.0510
010360 0.5911 0.3579 0.0000 0.0510
010380 0.5911 0.3579 0.0000 0.0510
010400 0.5911 0.3579 0.0000 0.0510
010420 0.5911 0.3579 0.0000 0.0510
010440 0.5911 0.3579 0.0000 0.0510
010460 0.5911 0.3579 0.0000 0.0510
010480 0.5911 0.3579 0.0000 0.0510
010500 0.5911 0.3579 0.0000 0.0510
010520 0.5911 0.3579 0.0000 0.0510
010540 0.5911 0.3579 0.0000 0.0510
010560 0.5911 0.3579 0.0000 0.0510
010580 0.5911 0.3579 0.0000 0.0510
010600 0.5911 0.3579 0.0000 0.0510
010620 0.5911 0.3579 0.0000 0.0510
010640 0.5911 0.3579 0.0000 0.0510
010660 0.5911 0.3579 0.0000 0.0510
010680 0.5911 0.3579 0.0000 0.0510
010700 0.5911 0.3579 0.0000 0.0510
010720 0.5911 0.3579 0.0000 0.0510
010740 0.5911 0.3579 0.0000 0.0510
010760 0.5911 0.3579 0.0000 0.0510
010780 0.5911 0.3579 0.0000 0.0510
010800 0.5911 0.3579 0.0000 0.0510
010820 0.5911 0.3579 0.0000 0.0510
010840 0.5911 0.3579 0.0000 0.0510
010860 0.5911 0.3579 0.0000 0.0510
010880 0.5911 0.3579 0.0000 0.0510
010900 0.5911 0.3579 0.0000 0.0510
010920 0.5911 0.3579 0.0000 0.0510
010940 0.5911 0.3579 0.0000 0.0510
010960 0.5911 0.3579 0.0000 0.0510
010980 0.5911 0.3579 0.0000 0.0510
011000 0.5911 0.3579 0.0000 0.0510
011020 0.5911 0.3579 0.0000 0.0510
011040 0.5911 0.3579 0.0000 0.0510
011060 0.5911 0.3579 0.0000 0.0510
011080 0.5911 0.3579 0.0000 0.0510
011100 0.5911 0.3579 0.0000 0.0510
011120 0.5911 0.3579 0.0000 0.0510
011140 0.5911 0.3579 0.0000 0.0510
011160 0.5911 0.3579 0.0000 0.0510
011180 0.5911 0.3579 0.0000 0.0510
011200 0.5911 0.3579 0.0000 0.0510
011220 0.5911 0.3579 0.0000 0.0510
011240 0.5911 0.3579 0.0000 0.0510
011260 0.5911 0.3579 0.0000 0.0510
011280 0.5911 0.3579 0.0000 0.0510
011300 0.5911 0.3579 0.0000 0.0510
011320 0.5911 0.3579 0.0000 0.0510
011340 0.5911 0.3579 0.0000 0.0510
011360 0.5911 0.3579 0.0000 0.0510
011380 0.5911 0.3579 0.0000 0.0510
011400 0.5911 0.3579 0.0000 0.0510
011420 0.5911 0.3579 0.0000 0.0510
011440 0.5911 0.3579 0.0000 0.0510
011460 0.5911 0.3579 0.0000 0.0510
011480 0.5911 0.3579 0.0000 0.0510
011500 0.5911 0.3579 0.0000 0.0510
011520 0.5911 0.3579 0.0000 0.0510
011540 0.5911 0.3579 0.0000 0.0510
011560 0.5911 0.3579 0.0000 0.0510
011580 0.5911 0.3579 0.0000 0.0510
011600 0.5911 0.3579 0.0000 0.0510
011620 0.5911 0.3579 0.0000 0.0510
011640 0.5911 0.3579 0.0000 0.0510
011660 0.5911 0.3579 0.0000 0.0510
011680 0.5911 0.3579 0.0000 0.0510
011700 0.5911 0.3579 0.0000 0.0510
011720 0.5911 0.3579 0.0000 0.0510
011740 0.5911 0.3579 0.0000 0.0510
011760 0.5911 0.3579 0.0000 0.0510
011780 0.5911 0.3579 0.0000 0.0510
011800 0.5911 0.3579 0.0000 0.0510
011820 0.5911 0.3579 0.0000 0.0510
011840 0.5911 0.3579 0.0000 0.0510
011860 0.5911 0.3579 0.0000 0.0510
011880 0.5911 0.3579 0.0000 0.0510
011900 0.5911 0.3579 0.0000 0.0510
011920 0.5911 0.3579 0.0000 0.0510
011940 0.5911 0.3579 0.0000 0.0510
011960 0.5911 0.3579 0.0000 0.0510
011980 0.5911 0.3579 0.0000 0.0510
012000 0.5911 0.3579 0.0000 0.0510
012020 0.5911 0.3579 0.0000 0.0510
012040 0.5911 0.3579 0.0000 0.0510
012060 0.5911 0.3579 0.0000 0.0510
012080 0.5911 0.3579 0.0000 0.0510
012100 0.5911 0.3579 0.0000 0.0510
012120 0.5911 0.3579 0.0000 0.0510
012140 0.5911 0.3579 0.0000 0.0510
012160 0.5911 0.3579 0.0000 0.0510
012180 0.5911 0.3579 0.0000 0.0510
012200 0.5911 0.3579 0.0000 0.0510
012220 0.5911 0.3579 0.0000 0.0510
012240 0.5911 0.3579 0.0000 0.0510
012260 0.5911 0.3579 0.0000 0.0510
012280 0.5911 0.3579 0.0000 0.0510
012300 0.5911 0.3579 0.0000 0.0510
012320 0.5911 0.3579 0.0000 0.0510
012340 0.5911 0.3579 0.0000 0.0510
012360 0.5911 0.3579 0.0000 0.0510
012380 0.5911 0.3579 0.0000 0.0510
012400 0.5911 0.3579 0.0000 0.0510
012420 0.5911 0.3579 0.0000 0.0510
012440 0.5911 0.3579 0.0000 0.0510
012460 0.5911 0.3579 0.0000 0.0510
012480 0.5911 0.3579 0.0000 0.0510
012500 0.5911 0.3579 0.0000 0.0510
012520 0.5911 0.3579 0.0000 0.0510
012540 0.5911 0.3579 0.0000 0.0510
012560 0.5911 0.3579 0.0000 0.0510
012580 0.5911 0.3579 0.0000 0.0510
012600 0.5911 0.3579 0.0000 0.0510
012620 0.5911 0.3579 0.0000 0.0510
012640 0.5911 0.3579 0.0000 0.0510
012660 0.5911 0.3579 0.0000 0.0510
012680 0.5911 0.3579 0.0000 0.0510
012700 0.5911 0.3579 0.0000 0.0510
012720 0.5911 0.3579 0.0000 0.0510
012740 0.5911 0.3579 0.0000 0.0510
012760 0.5911 0.3579 0.0000 0.0510
012780 0.5911 0.3579 0.0000 0.0510
012800 0.5911 0.3579 0.0000 0.0510
012820 0.5911 0.3579 0.0000 0.0510
012840 0.5911 0.3579 0.0000 0.0510
012860 0.5911 0.3579 0.0000 0.0510
012880 0.5911 0.3579 0.0000 0.0510
012900 0.5911 0.3579 0.0000 0.0510
012920 0.5911 0.3579 0.0000 0.0510
012940 0.5911 0.3579 0.0000 0.0510
012960 0.5911 0.3579 0.0000 0.0510
012980 0.5911 0.3579 0.0000 0.0510
013000 0.5911 0.3579 0.0000 0.0510
013020 0.5911 0.3579 0.0000 0.0510
013040 0.5911 0.3579 0.0000 0.0510
013060 0.5911 0.3579 0.0000 0.0510
013080 0.5911 0.3579 0.0000 0.0510
013100 0.5911 0.3579 0.0000 0.0510
013120 0.5911 0.3579 0.0000 0.0510
013140 0.5911 0.3579 0.0000 0.0510
013160 0.5911 0.3579 0.0000 0.0510
013180 0.5911 0.3579 0.0000 0.0510
013200 0.5911 0.3579 0.0000 0.0510
013220 0.5911 0.3579 0.0000 0.0510
013240 0.5911 0.3579 0.0000 0.0510
013260 0.5911 0.3579 0.0000 0.0510
013280 0.5911 0.3579 0.0000 0.0510
013300 0.5911 0.3579 0.0000 0.0510
013320 0.5911 0.3579 0.0000 0.0510
013340 0.5911 0.3579 0.0000 0.0510
013360 0.5911 0.3579 0.0000 0.0510
013380 0.5911 0.3579 0.0000 0.0510
013400 0.5911 0.3579 0.0000 0.0510
013420 0.5911 0.3579 0.0000 0.0510
013440 0.5911 0.3579 0.0000 0.0510
013460 0.5911 0.3579 0.0000 0.0510
013480 0.5911 0.3579 0.0000 0.0510
013500 0.5911 0.3579 0.0000 0.0510
013520 0.5911 0.3579 0.0000 0.0510
013540 0.5911 0.3579 0.0000 0.0510
013560 0.5911 0.3579 0.0000 0.0510
013580 0.5911 0.3579 0.0000 0.0510
013600 0.5911 0.3579 0.0000 0.0510
013620 0.5911 0.3579 0.0000 0.0510
013640 0.5911 0.3579 0.0000 0.0510
013660 0.5911 0.3579 0.0000 0.0510
013680 0.5911 0.3579 0.0000 0.0510
013700 0.5911 0.3579 0.0000 0.0510
013720 0.5911 0.3579 0.0000 0.0510
013740 0.5911 0.3579 0.0000 0.0510
013760 0.5911 0.3579 0.0000 0.0510
013780 0.5911 0.3579 0.0000 0.0510
013800 0.5911 0.3579 0.0000 0.0510
013820 0.5911 0.3579 0.0000 0.0510
013840 0.5911 0.3579 0.0000 0.0510
013860 0.5911 0.3579 0.0000 0.0510
013880 0.5911 0.3579 0.0000 0.0510
013900 0.5911 0.3579 0.0000 0.0510
013920 0.5911 0.3579 0.0000 0.0510
013940 0.5911 0.3579 0.0000 0.0510
013960 0.5911 0.3579 0.0000 0.0510
013980 0.5911 0.3579 0.0000 0.0510
014000 0.5911 0.3579 0.0000 0.0510
014020 0.5911 0.3579 0.0000 0.0510
014040 0.5911 0.3579 0.0000 0.0510
014060 0.5911 0.3579 0.0000 0.0510
014080 0.5911 0.3579 0.0000 0.0510
014100 0.5911 0.3579 0.0000 0.0510
014120 0.5911 0.3579 0.0000 0.0510
014140 0.5911 0.3579 0.0000 0.0510
014160 0.5911 0.3579 0.0000 0.0510
014180 0.5911 0.3579 0.0000 0.0510
014200 0.5911 0.3579 0.0000 0.0510
014220 0.5911 0.3579 0.0000 0.0510
014240 0.5911 0.3579 0.0000 0.0510
014260 0.5911 0.3579 0.0000 0.0510
014280 0.5911 0.3579 0.0000 0.0510
014300 0.5911 0.3579 0.0000 0.0510
014320 0.5911 0.3579 0.0000 0.0510
014340 0.5911 0.3579 0.0000 0.0510
014360 0.5911 0.3579 0.0000 0.0510
014380 0.5911 0.3579 0.0000 0.0510
014400 0.5911 0.3579 0.0000 0.0510
014420 0.5911 0.3579 0.0000 0.0510
014440 0.5911 0.3579 0.0000 0.0510
014460 0.5911 0.3579 0.0000 0.0510
014480 0.5911 0.3579 0.0000 0.0510
014500 0.5911 0.3579 0.0000 0.0510
014520 0.5911 0.3579 0.0000 0.0510
014540 0.5911 0.3579 0.0000 0.0510
014560 0.5911 0.3579 0.0000 0.0510
014580 0.5911 0.3579 0.0000 0.0510
014600 0.5911 0.3579 0.0000 0.0510
014620 0.5911 0.3579 0.0000 0.0510
014640 0.5911 0.3579 0.0000 0.0510
014660 0.5911 0.3579 0.0000 0.0510
014680 0.5911 0.3579 0.0000 0.0510
014700 0.5911 0.3579 0.0000 0.0510
014720 0.5911 0.3579 0.0000 0.0510
014740 0.5911 0.3579 0.0000 0.0510
014760 0.5911 0.3579 0.0000 0.0510
014780 0.5911 0.3579 0.0000 0.0510
014800 0.5911 0.3579 0.0000 0.0510
014820 0.5911 0.3579 0.0000 0.0510
014840 0.5911 0.3579 0.0000 0.0510
014860 0.5911 0.3579 0.0000 0.0510
014880 0.5911 0.3579 0.0000 0.0510
014900 0.5911 0.3579 0.0000 0.0510
014920 0.5911 0.3579 0.0000 0.0510
014940 0.5911 0.3579 0.0000 0.0510
014960 0.5911 0.3579 0.0000 0.0510
014980 0.5911 0.3579 0.0000 0.0510
015000 0.5911 0.3579 0.0000 0.0510
015020 0.5911 0.3579 0.0000 0.0510
015040 0.5911 0.3579 0.0000 0.0510
015060 0.5911 0.3579 0.0000 0.0510
015080 0.5911 0.3579 0.0000 0.0510
015100 0.5911 0.3579 0.0000 0.0510
015120 0.5911 0.3579 0.0000 0.0510
015140 0.5911 0.3579 0.0000 0.0510
015160 0.5911 0.3579 0.0000 0.0510
015180 0.5911 0.3579 0.0000 0.0510
015200 0.5911 0.3579 0.0000 0.0510
015220 0.5911 0.3579 0.0000 0.0510
015240 0.5911 0.3579 0.0000 0.0510
015260 0.5911 0.3579 0.0000 0.0510
015280 0.5911 0.3579 0.0000 0.0510
015300 0.5911 0.3579 0.0000 0.0510
015320 0.5911 0.3579 0.0000 0.0510
015340 0.5911 0.3579 0.0000 0.0510
015360 0.5911 0.3579 0.0000 0.0510
015380 0.5911 0.3579 0.0000 0.0510
015400 0.5911 0.3579 0.0000 0.0510
015420 0.5911 0.3579 0.0000 0.0510
015440 0.5911 0.3579 0.0000 0.0510
015460 0.5911 0.3579 0.0000 0.0510
015480 0.5911 0.3579 0.0000 0.0510
015500 0.5911 0.3579 0.0000 0.0510
015520 0.5911 0.3579 0.0000 0.0510
015540 0.5911 0.3579 0.0000 0.0510
015560 0.5911 0.3579 0.0000 0.0510
015580 0.5911 0.3579 0.0000 0.0510
015600 0.5911 0.3579 0.0000 0.0510
015620 0.5911 0.3579 0.0000 0.0510
015640 0.5911 0.3579 0.0000 0.0510
015660 0.5911 0.3579 0.0000 0.0510
015680 0.5911 0.3579 0.0000 0.0510
015700 0.5911 0.3579 0.0000 0.0510
015720 0.5911 0.3579 0.0000 0.0510
015740 0.5911 0.3579 0.0000 0.0510
015760 0.5911 0.3579 0.0000 0.0510
015780 0.5911 0.3579 0.0000 0.0510
015800 0.5911 0.3579 0.0000 0.0510
015820 0.5911 0.3579 0.0000 0.0510
015840 0.5911 0.3579 0.0000 0.0510
015860 0.5911 0.3579 0.0000 0.0510
015880 0.5911 0.3579 0.0000 0.0510
015900 0.5911 0.3579 0.0000 0.0510
015920 0.5911 0.3579 0.0000 0.0510
015940 0.5911 0.3579 0.0000 0.0510
015960 0.5911 0.3579 0.0000 0.0510
015980 0.5911 0.3579 0.0000 0.0510
016000 0.5911 0.3579 0.0000 0.0510
016020 0.5911 0.3579 0.0000 0.0510
016040 0.5911 0.3579 0.0000 0.0510
016060 0.5911 0.3579 0.0000 0.0510
016080 0.5911 0.3579 0.0000 0.0510
016100 0.5911 0.3579 0.0000 0.0510
016120 0.5911 0.3579 0.0000 0.0510
016140 0.5911 0.3579 0.0000 0.0510
016160 0.5911 0.3579 0.0000 0.0510
016180 0.5911 0.3579 0.0000 0.0510
016200 0.5911 0.3579 0.0000 0.0510
016220 0.5911 0.3579 0.0000 0.0510
016240 0.5911 0.3579 0.0000 0.0510
016260 0.5911 0.3579 0.0000 0.0510
016280 0.5911 0.3579 0.0000 0.0510
016300 0.5911 0.3579 0.0000 0.0510
016320 0.5911 0.3579 0.0000 0.0510
016340 0.5911 0.3579 0.0000 0.0510
016360 0.5911 0.3579 0.0000 0.0510
016380 0.5911 0.3579 0.0000 0.0510
016400 0.5911 0.3579 0.0000 0.0510
016420 0.5911 0.3579 0.0000 0.0510
016440 0.5911 0.3579 0.0000 0.0510
016460 0.5911 0.3579 0.0000 0.0510
016480 0.5911 0.3579 0.0000 0.0510
016500 0.5911 0.3579 0.0000 0.0510
016520 0.5911 0.3579 0.0000 0.0510
016540 0.5911 0.3579 0.0000 0.0510
016560 0.5911 0.3579 0.0000 0.0510
016580 0.5911 0.3579 0.0000 0.0510
016600 0.5911 0.3579 0.0000 0.0510
016620 0.5911 0.3579 0.0000 0.0510
016640 0.5911 0.3579 0.0000 0.0510
016660 0.5911 0.3579 0.0000 0.0510
016680 0.5911 0.3579 0.0000 0.0510
016700 0.5911 0.3579 0.0000 0.0510
016720 0.5911 0.3579 0.0000 0.0510
016740 0.5911 0.3579 0.0000 0.0510
016760 0.5911 0.3579 0.0000 0.0510
016780 0.5911 0.3579 0.0000 0.0510
016800 0.5911 0.3579 0.0000 0.0510
016820 0.5911 0.3579 0.0000 0.0510
016840 0.5911 0.3579 0.0000 0.0510
016860 0.5911 0.3579 0.0000 0.0510
016880 0.5911 0.3579 0.0000 0.0510
016900 0.5911 0.3579 0.0000 0.0510
016920 0.5911 0.3579 0.0000 0.0510
016940 0.5911 0.3579 0.0000 0.0510
016960 0.5911 0.3579 0.0000 0.0510
016980 0.5911 0.3579 0.0000 0.0510
017000 0.5911 0.3579 0.0000 0.0510
017020 0.5911 0.3579 0.0000 0.0510
017040 0.5911 0.3579 0.0000 0.0510
017060 0.5911 0.3579 0.0000 0.0510
017080 0.5911 0.3579 0.0000 0.0510
017100 0.5911 0.3579 0.0000 0.0510
017120 0.5911 0.3579 0.0000 0.0510
017140 0.5911 0.3579 0.0000 0.0510
017160 0.5911 0.3579 0.0000 0.0510
017180 0.5911 0.3579 0.0000 0.0510
017200 0.5911 0.3579 0.0000 0.0510
017220 0.5911 0.3579 0.0000 0.0510
017240 0.5911 0.3579 0.0000 0.0510
017260 0.5911 0.3579 0.0000 0.0510
017280 0.5911 0.3579 0.0000 0.0510
017300 0.5911 0.3579 0.0000 0.0510
017320 0.5911 0.3579 0.0000 0.0510
017340 0.5911 0.3579 0.0000 0.0510
017360 0.5911 0.3579 0.0000 0.0510
017380 0.5911 0.3579 0.0000 0.0510
017400 0.5911 0.3579 0.0000 0.0510
017420 0.5911 0.3579 0.0000 0.0510
017440 0.5911 0.3579 0.0000 0.0510
017460 0.5911 0.3579 0.0000 0.0510
017480 0.5911 0.3579 0.0000 0.0510
017500 0.5911 0.3579 0.0000 0.0510
017520 0.5911 0.3579 0.0000 0.0510
017540 0.5911 0.3579 0.0000 0.0510
017560 0.5911 0.3579 0.0000 0.0510
017580 0.5911 0.3579 0.0000 0.0510
017600 0.5911 0.3579 0.0000 0.0510
017620 0.5911 0.3579 0.0000 0.0510
017640 0.5911 0.3579 0.0000 0.0510
017660 0.5911 0.3579 0.0000 0.0510
017680 0.5911 0.3579 0.0000 0.0510
017700 0.5911 0.3579 0.0000 0.0510
017720 0.5911 0.3579 0.0000 0.0510
017740 0.5911 0.3579 0.0000 0.0510
017760 0.5911 0.3579 0.0000 0.0510
017780 0.5911 0.3579 0.0000 0.0510
017800 0.5911 0.3579 0.0000 0.0510
017820 0.5911 0.3579 0.0000 0.0510
017840 0.5911 0.3579 0.0000 0.0510
017860 0.5911 0.3579 0.0000 0.0510
017880 0.5911 0.3579 0.0000 0.0510
017900 0.5911 0.3579 0.0000 0.0510
017920 0.5911 0.3579 0.0000 0.0510
017940 0.5911 0.3579 0.0000 0.0510
017960 0.5911 0.3579 0.0000 0.0510
017980 0.5911 0.3579 0.0000 0.0510
018000 0.5911 0.3579 0.0000 0.0510
018020 0.5911 0.3579 0.0000 0.0510
018040 0.5911 0.3579 0.0000 0.0510
018060 0.5911 0.3579 0.0000 0.0510
018080 0.5911 0.3579 0.0000 0.0510
018100 0.5911 0.3579 0.0000 0.0510
018120 0.5911 0.3579 0.0000 0.0510
018140 0.5911 0.3579 0.0000 0.0510
018160 0.5911 0.3579 0.0000 0.0510
018180 0.5911 0.3579 0.0000 0.0510
018200 0.5911 0.3579 0.0000 0.0510
018220 0.5911 0.3579 0.0000 0.0510
018240 0.5911 0.3579 0.0000 0.0510
018260 0.5911 0.3579 0.0000 0.0510
018280 0.5911 0.3579 0.0000 0.0510
018300 0.5911 0.3579 0.0000 0.0510
018320 0.5911 0.3579 0.0000 0.0510
018340 0.5911 0.3579 0.0000 0.0510
018360 0.5911 0.3579 0.0000 0.0510
018380 0.5911 0.3579 0.0000 0.0510
018400 0.5911 0.3579 0.0000 0.0510
018420 0.5911 0.3579 0.0000 0.0510
018440 0.5911 0.3579 0.0000 0.0510
018460 0.5911 0.3579 0.0000 0.0510
018480 0.5911 0.3579 0.0000 0.0510
018500 0.5911 0.3579 0.0000 0.0510
018520 0.5911 0.3579 0.0000 0.0510
018540 0.5911 0.3579 0.0000 0.0510
018560 0.5911 0.3579 0.0000 0.0510
018580 0.5911 0.3579 0.0000 0.0510
018600 0.5911 0.3579 0.0000 0.0510
018620 0.5911 0.3579 0.0000 0.0510
018640 0.5911 0.3579 0.0000 0.0510
018660 0.5911 0.3579 0.0000 0.0510
018680 0.5911 0.3579 0.0000 0.0510
018700 0.5911 0.3579 0.0000 0.0510
018720 0.5911 0.3579 0.0000 0.0510
018740 0.5911 0.3579 0.0000 0.0510
018760 0.5911 0.3579 0.0000 0.0510
018780 0.5911 0.3579 0.0000 0.0510
018800 0.5911 0.3579 0.0000 0.0510
018820 0.5911 0.3579 0.0000 0.0510
018840 0.5911 0.3579 0.0000 0.0510
018860 0.5911 0.3579 0.0000 0.0510
018880 0.5911 0.3579 0.0000 0.0510
018900 0.5911 0.3579 0.0000 0.0510
018920 0.5911 0.3579 0.0000 0.0510
018940 0.5911 0.3579 0.0000 0.0510
018960 0.5911 0.3579 0.0000 0.0510
018980 0.5911 0.3579 0.0000 0.0510
019000 0.5911 0.3579 0.0000 0.0510
019020 0.5911 0.3579 0.0000 0.0510
019040 0.5911 0.3579 0.0000 0.0510
019060 0.5911 0.3579 0.0000 0.0510
019080 0.5911 0.3579 0.0000 0.0510
019100 0.5911 0.3579 0.0000 0.0510
019120 0.5911 0.3579 0.0000 0.0510
019140 0.5911 0.3579 0.0000 0.0510
019160 0.5911 0.3579 0.0000 0.0510
019180 0.5911 0.3579 0.0000 0.0510
019200 0.5911 0.3579 0.0000 0.0510
019220 0.5911 0.3579 0.0000 0.0510
019240 0.5911 0.3579 0.0000 0.0510
019260 0.5911 0.3579 0.0000 0.0510
019280 0.5911 0.3579 0.0000 0.0510
019300 0.5911 0.3579 0.0000 0.0510
019320 0.5911 0.3579 0.0000 0.0510
019340 0.5911 0.3579 0.0000 0.0510
019360 0.5911 0.3579 0.0000 0.0510
019380 0.5911 0.3579 0.0000 0.0510
019400 0.5911 0.3579 0.0000 0.0510
019420 0.5911 0.3579 0.0000 0.0510
019440 0.5911 0.3579 0.0000 0.0510
019460 0.5911 0.3579 0.0000 0.0510
019480 0.5911 0.3579 0.0000 0.0510
019500 0.5911 0.3579 0.0000 0.0510
019520 0.5911 0.3579 0.0000 0.0510
019540 0.5911 0.3579 0.0000 0.0510
019560 0.5911 0.3579 0.0000 0.0510
019580 0.5911 0.3579 0.0000 0.0510
019600 0.5911 0.3579 0.0000 0.0510
019620 0.5911 0.3579 0.0000 0.0510
019640 0.5911 0.3579 0.0000 0.0510
019660 0.5911 0.3579 0.0000 0.0510
019680 0.5911 0.3579 0.0000 0.0510
019700 0.5911 0.3579 0.0000 0.0510
019720 0.5911 0.3579 0.0000 0.0510
019740 0.5911 0.3579 0.0000 0.0510
019760 0.5911 0.3579 0.0000 0.0510
019780 0.5911 0.3579 0.0000 0.0510
019800 0.5911 0.3579 0.0000 0.0510
019820 0.5911 0.3579 0.0000 0.0510
019840 0.5911 0.3579 0.0000 0.0510
019860 0.5911 0.3579 0.0000 0.0510
019880 0.5911 0.3579 0.0000 0.0510
019900 0.5911 0.3579 0.0000 0.0510
019920 0.5911 0.3579 0.0000 0.0510
019940 0.5911 0.3579 0.0000 0.0510
019960 0.5911 0.3579 0.0000 0.0510
019980 0.5911 0.3579 0.0000 0.0510
020000 0.5911 0.3579 0.0000 0.0510
