000000 0.2500 0.2500 0.2500 0.2500
000020 0.2609 0.2582 0.2300 0.2510
000040 0.2735 0.2669 0.2084 0.2512
000060 0.2855 0.2761 0.1874 0.2510
000080 0.2964 0.2862 0.1675 0.2498
000100 0.3060 0.2974 0.1485 0.2480
000120 0.3149 0.3084 0.1311 0.2457
000140 0.3235 0.3201 0.1141 0.2423
000160 0.3312 0.3320 0.0985 0.2383
000180 0.3376 0.3447 0.0847 0.2330
000200 0.3430 0.3587 0.0713 0.2270
000220 0.3474 0.3739 0.0591 0.2196
000240 0.3504 0.3892 0.0482 0.2122
000260 0.3507 0.4069 0.0383 0.2041
000280 0.3504 0.4250 0.0294 0.1952
000300 0.3495 0.4439 0.0217 0.1850
000320 0.3487 0.4623 0.0154 0.1736
000340 0.3485 0.4786 0.0104 0.1625
000360 0.3430 0.5004 0.0062 0.1504
000380 0.3365 0.5223 0.0032 0.1379
000400 0.3316 0.5444 0.0011 0.1228
000420 0.3262 0.5647 0.0001 0.1091
000440 0.3202 0.5874 0.0000 0.0924
000460 0.3169 0.6062 0.0000 0.0768
000480 0.3151 0.6156 0.0000 0.0693
000500 0.3115 0.6263 0.0000 0.0621
000520 0.3074 0.6401 0.0000 0.0525
000540 0.3049 0.6494 0.0000 0.0458
000560 0.3026 0.6560 0.0000 0.0413
000580 0.3056 0.6588 0.0000 0.0356
000600 0.3131 0.6556 0.0000 0.0313
000620 0.3227 0.6490 0.0000 0.0284
000640 0.3324 0.6416 0.0000 0.0260
000660 0.3417 0.6329 0.0000 0.0254
000680 0.3482 0.6252 0.0000 0.0266
000700 0.3512 0.6201 0.0000 0.0286
000720 0.3565 0.6149 0.0000 0.0286
000740 0.3586 0.6105 0.0000 0.0309
000760 0.3605 0.6059 0.0000 0.0336
000780 0.3646 0.6014 0.0000 0.0340
000800 0.3661 0.5992 0.0000 0.0347
000820 0.3731 0.5933 0.0000 0.0336
000840 0.3851 0.5823 0.0000 0.0326
000860 0.3964 0.5688 0.0000 0.0348
000880 0.4043 0.5589 0.0000 0.0368
000900 0.4042 0.5570 0.0000 0.0388
000920 0.4094 0.5527 0.0000 0.0378
000940 0.4226 0.5406 0.0000 0.0368
000960 0.4328 0.5292 0.0000 0.0381
000980 0.4412 0.5195 0.0000 0.0393
001000 0.4493 0.5112 0.0000 0.0394
001020 0.4572 0.5016 0.0000 0.0412
001040 0.4672 0.4905 0.0000 0.0422
001060 0.4783 0.4806 0.0000 0.0411
001080 0.4870 0.4692 0.0000 0.0437
001100 0.4957 0.4608 0.0000 0.0435
001120 0.5028 0.4522 0.0000 0.0450
001140 0.5099 0.4434 0.0000 0.0466
001160 0.5084 0.4424 0.0000 0.0492
001180 0.5145 0.4390 0.0000 0.0465
001200 0.5258 0.4268 0.0000 0.0474
001220 0.5375 0.4146 0.0000 0.0479
001240 0.5513 0.4012 0.0000 0.0475
001260 0.5661 0.3875 0.0000 0.0464
001280 0.5751 0.3756 0.0000 0.0492
001300 0.5785 0.3678 0.0000 0.0537
001320 0.5718 0.3708 0.0000 0.0574
001340 0.5680 0.3755 0.0000 0.0565
001360 0.5671 0.3781 0.0000 0.0548
001380 0.5664 0.3777 0.0000 0.0559
001400 0.5740 0.3718 0.0000 0.0541
001420 0.5832 0.3648 0.0000 0.0520
001440 0.5918 0.3552 0.0000 0.0530
001460 0.5928 0.3511 0.0000 0.0561
001480 0.5912 0.3529 0.0000 0.0559
001500 0.5893 0.3568 0.0000 0.0540
001520 0.5970 0.3485 0.0000 0.0545
001540 0.5958 0.3474 0.0000 0.0568
001560 0.5977 0.3455 0.0000 0.0568
001580 0.5905 0.3511 0.0000 0.0583
001600 0.5857 0.3556 0.0000 0.0587
001620 0.5894 0.3552 0.0000 0.0554
001640 0.5955 0.3492 0.0000 0.0553
001660 0.5985 0.3442 0.0000 0.0573
001680 0.5980 0.3442 0.0000 0.0577
001700 0.5928 0.3488 0.0000 0.0584
001720 0.5887 0.3553 0.0000 0.0560
001740 0.5942 0.3520 0.0000 0.0538
001760 0.5993 0.3442 0.0000 0.0565
001780 0.6034 0.3390 0.0000 0.0576
001800 0.6067 0.3370 0.0000 0.0563
001820 0.6050 0.3380 0.0000 0.0570
001840 0.6020 0.3411 0.0000 0.0569
001860 0.6037 0.3413 0.0000 0.0550
001880 0.6033 0.3402 0.0000 0.0566
001900 0.6009 0.3415 0.0000 0.0576
001920 0.5984 0.3441 0.0000 0.0575
001940 0.5988 0.3455 0.0000 0.0557
001960 0.5938 0.3473 0.0000 0.0589
001980 0.5846 0.3555 0.0000 0.0598
002000 0.5864 0.3571 0.0000 0.0564
002020 0.5975 0.3490 0.0000 0.0535
002040 0.6071 0.3389 0.0000 0.0541
002060 0.6102 0.3364 0.0000 0.0534
002080 0.6106 0.3353 0.0000 0.0541
002100 0.6106 0.3340 0.0000 0.0555
002120 0.6059 0.3365 0.0000 0.0577
002140 0.5995 0.3412 0.0000 0.0593
002160 0.5922 0.3476 0.0000 0.0602
002180 0.5872 0.3541 0.0000 0.0587
002200 0.5858 0.3545 0.0000 0.0597
002220 0.5880 0.3545 0.0000 0.0575
002240 0.5970 0.3495 0.0000 0.0536
002260 0.6049 0.3395 0.0000 0.0555
002280 0.6068 0.3391 0.0000 0.0542
002300 0.6107 0.3366 0.0000 0.0527
002320 0.6159 0.3290 0.0000 0.0552
002340 0.6183 0.3251 0.0000 0.0566
002360 0.6077 0.3313 0.0000 0.0609
002380 0.5929 0.3451 0.0000 0.0620
002400 0.5801 0.3603 0.0000 0.0596
002420 0.5834 0.3597 0.0000 0.0569
002440 0.5881 0.3535 0.0000 0.0584
002460 0.5911 0.3521 0.0000 0.0568
002480 0.5976 0.3495 0.0000 0.0530
002500 0.6081 0.3383 0.0000 0.0535
002520 0.6123 0.3315 0.0000 0.0561
002540 0.6108 0.3311 0.0000 0.0580
002560 0.6037 0.3382 0.0000 0.0581
002580 0.5954 0.3455 0.0000 0.0592
002600 0.5903 0.3511 0.0000 0.0586
002620 0.5864 0.3550 0.0000 0.0585
002640 0.5933 0.3534 0.0000 0.0533
002660 0.6069 0.3404 0.0000 0.0527
002680 0.6105 0.3329 0.0000 0.0565
002700 0.6082 0.3328 0.0000 0.0590
002720 0.5998 0.3427 0.0000 0.0575
002740 0.5965 0.3471 0.0000 0.0564
002760 0.5995 0.3451 0.0000 0.0554
002780 0.6034 0.3429 0.0000 0.0537
002800 0.6137 0.3331 0.0000 0.0532
002820 0.6219 0.3247 0.0000 0.0534
002840 0.6204 0.3253 0.0000 0.0543
002860 0.6155 0.3271 0.0000 0.0574
002880 0.6038 0.3361 0.0000 0.0601
002900 0.5944 0.3481 0.0000 0.0575
002920 0.5919 0.3524 0.0000 0.0557
002940 0.5975 0.3486 0.0000 0.0539
002960 0.6042 0.3393 0.0000 0.0564
002980 0.6071 0.3351 0.0000 0.0578
003000 0.5982 0.3415 0.0000 0.0603
003020 0.5914 0.3492 0.0000 0.0594
003040 0.5928 0.3500 0.0000 0.0572
003060 0.5900 0.3517 0.0000 0.0582
003080 0.5950 0.3497 0.0000 0.0552
003100 0.6038 0.3426 0.0000 0.0536
003120 0.6067 0.3361 0.0000 0.0571
003140 0.6042 0.3389 0.0000 0.0570
003160 0.5999 0.3413 0.0000 0.0587
003180 0.5950 0.3466 0.0000 0.0584
003200 0.5972 0.3485 0.0000 0.0543
003220 0.6009 0.3424 0.0000 0.0567
003240 0.6039 0.3413 0.0000 0.0548
003260 0.6061 0.3373 0.0000 0.0566
003280 0.6017 0.3392 0.0000 0.0591
003300 0.5985 0.3436 0.0000 0.0578
003320 0.5966 0.3436 0.0000 0.0598
003340 0.5974 0.3453 0.0000 0.0573
003360 0.5996 0.3448 0.0000 0.0556
003380 0.6022 0.3412 0.0000 0.0566
003400 0.5971 0.3445 0.0000 0.0584
003420 0.5942 0.3476 0.0000 0.0582
003440 0.5940 0.3470 0.0000 0.0590
003460 0.5946 0.3471 0.0000 0.0583
003480 0.5923 0.3491 0.0000 0.0587
003500 0.5969 0.3473 0.0000 0.0558
003520 0.6032 0.3397 0.0000 0.0571
003540 0.6041 0.3397 0.0000 0.0562
003560 0.5979 0.3422 0.0000 0.0599
003580 0.5921 0.3489 0.0000 0.0590
003600 0.5937 0.3509 0.0000 0.0554
003620 0.5998 0.3454 0.0000 0.0548
003640 0.6085 0.3390 0.0000 0.0525
003660 0.6120 0.3323 0.0000 0.0557
003680 0.6089 0.3342 0.0000 0.0569
003700 0.5993 0.3413 0.0000 0.0595
003720 0.5903 0.3508 0.0000 0.0589
003740 0.5933 0.3494 0.0000 0.0573
003760 0.5964 0.3491 0.0000 0.0546
003780 0.6027 0.3426 0.0000 0.0547
003800 0.6058 0.3381 0.0000 0.0561
003820 0.6074 0.3377 0.0000 0.0549
003840 0.6077 0.3368 0.0000 0.0555
003860 0.6038 0.3366 0.0000 0.0596
003880 0.5970 0.3443 0.0000 0.0587
003900 0.5905 0.3498 0.0000 0.0596
003920 0.5856 0.3548 0.0000 0.0596
003940 0.5870 0.3557 0.0000 0.0573
003960 0.5928 0.3502 0.0000 0.0570
003980 0.5953 0.3481 0.0000 0.0565
004000 0.5917 0.3501 0.0000 0.0582
004020 0.5885 0.3531 0.0000 0.0584
004040 0.5863 0.3552 0.0000 0.0585
004060 0.5952 0.3493 0.0000 0.0555
004080 0.5970 0.3447 0.0000 0.0583
004100 0.5919 0.3484 0.0000 0.0597
004120 0.5937 0.3511 0.0000 0.0553
004140 0.5990 0.3465 0.0000 0.0546
004160 0.6022 0.3406 0.0000 0.0572
004180 0.6015 0.3390 0.0000 0.0595
004200 0.5951 0.3460 0.0000 0.0589
004220 0.5917 0.3523 0.0000 0.0560
004240 0.5947 0.3504 0.0000 0.0548
004260 0.6025 0.3425 0.0000 0.0550
004280 0.6030 0.3406 0.0000 0.0564
004300 0.6048 0.3395 0.0000 0.0557
004320 0.6024 0.3410 0.0000 0.0566
004340 0.5967 0.3463 0.0000 0.0570
004360 0.5974 0.3449 0.0000 0.0578
004380 0.6015 0.3434 0.0000 0.0551
004400 0.6052 0.3372 0.0000 0.0576
004420 0.6021 0.3395 0.0000 0.0585
004440 0.5963 0.3445 0.0000 0.0592
004460 0.5893 0.3520 0.0000 0.0586
004480 0.5880 0.3565 0.0000 0.0554
004500 0.5931 0.3522 0.0000 0.0548
004520 0.6083 0.3397 0.0000 0.0519
004540 0.6165 0.3300 0.0000 0.0535
004560 0.6171 0.3260 0.0000 0.0569
004580 0.6104 0.3326 0.0000 0.0571
004600 0.6064 0.3364 0.0000 0.0572
004620 0.6005 0.3414 0.0000 0.0581
004640 0.5954 0.3464 0.0000 0.0583
004660 0.5938 0.3493 0.0000 0.0568
004680 0.5997 0.3445 0.0000 0.0558
004700 0.5985 0.3439 0.0000 0.0576
004720 0.5967 0.3450 0.0000 0.0583
004740 0.5961 0.3456 0.0000 0.0583
004760 0.5909 0.3500 0.0000 0.0591
004780 0.5819 0.3592 0.0000 0.0589
004800 0.5840 0.3595 0.0000 0.0564
004820 0.5948 0.3532 0.0000 0.0520
004840 0.6065 0.3399 0.0000 0.0536
004860 0.6127 0.3334 0.0000 0.0539
004880 0.6197 0.3279 0.0000 0.0524
004900 0.6214 0.3234 0.0000 0.0552
004920 0.6137 0.3256 0.0000 0.0607
004940 0.5976 0.3430 0.0000 0.0594
004960 0.5893 0.3523 0.0000 0.0584
004980 0.5843 0.3577 0.0000 0.0580
005000 0.5874 0.3564 0.0000 0.0562
005020 0.5944 0.3496 0.0000 0.0560
005040 0.6026 0.3413 0.0000 0.0561
005060 0.6087 0.3352 0.0000 0.0560
005080 0.6135 0.3323 0.0000 0.0542
005100 0.6136 0.3301 0.0000 0.0564
005120 0.6025 0.3373 0.0000 0.0602
005140 0.5942 0.3490 0.0000 0.0568
005160 0.5959 0.3502 0.0000 0.0539
005180 0.6027 0.3413 0.0000 0.0560
005200 0.6033 0.3407 0.0000 0.0560
005220 0.6050 0.3396 0.0000 0.0555
005240 0.6068 0.3375 0.0000 0.0557
005260 0.6069 0.3360 0.0000 0.0571
005280 0.6066 0.3383 0.0000 0.0552
005300 0.6073 0.3364 0.0000 0.0563
005320 0.6007 0.3415 0.0000 0.0579
005340 0.5940 0.3479 0.0000 0.0582
005360 0.5891 0.3521 0.0000 0.0587
005380 0.5906 0.3548 0.0000 0.0546
005400 0.6053 0.3425 0.0000 0.0522
005420 0.6202 0.3275 0.0000 0.0523
005440 0.6204 0.3236 0.0000 0.0560
005460 0.6134 0.3287 0.0000 0.0579
005480 0.5993 0.3407 0.0000 0.0599
005500 0.5826 0.3562 0.0000 0.0612
005520 0.5766 0.3651 0.0000 0.0583
005540 0.5874 0.3571 0.0000 0.0555
005560 0.5955 0.3493 0.0000 0.0552
005580 0.6028 0.3421 0.0000 0.0551
005600 0.6022 0.3407 0.0000 0.0571
005620 0.6037 0.3410 0.0000 0.0553
005640 0.6084 0.3373 0.0000 0.0543
005660 0.6128 0.3335 0.0000 0.0537
005680 0.6112 0.3349 0.0000 0.0539
005700 0.6153 0.3312 0.0000 0.0535
005720 0.6173 0.3286 0.0000 0.0541
005740 0.6172 0.3265 0.0000 0.0564
005760 0.6130 0.3311 0.0000 0.0558
005780 0.6074 0.3353 0.0000 0.0573
005800 0.6008 0.3421 0.0000 0.0572
005820 0.5964 0.3432 0.0000 0.0604
005840 0.5902 0.3505 0.0000 0.0593
005860 0.5895 0.3531 0.0000 0.0574
005880 0.5953 0.3501 0.0000 0.0546
005900 0.6053 0.3400 0.0000 0.0547
005920 0.6095 0.3379 0.0000 0.0527
005940 0.6180 0.3309 0.0000 0.0511
005960 0.6207 0.3252 0.0000 0.0540
005980 0.6103 0.3296 0.0000 0.0601
006000 0.5946 0.3438 0.0000 0.0616
006020 0.5838 0.3556 0.0000 0.0606
006040 0.5831 0.3594 0.0000 0.0575
006060 0.5913 0.3561 0.0000 0.0526
006080 0.6036 0.3429 0.0000 0.0535
006100 0.6070 0.3373 0.0000 0.0557
006120 0.6078 0.3349 0.0000 0.0573
006140 0.6028 0.3395 0.0000 0.0576
006160 0.5989 0.3418 0.0000 0.0593
006180 0.5974 0.3468 0.0000 0.0558
006200 0.5988 0.3458 0.0000 0.0554
006220 0.6018 0.3423 0.0000 0.0559
006240 0.6025 0.3415 0.0000 0.0560
006260 0.6053 0.3392 0.0000 0.0555
006280 0.6052 0.3370 0.0000 0.0578
006300 0.6002 0.3415 0.0000 0.0583
006320 0.5971 0.3465 0.0000 0.0564
006340 0.5995 0.3451 0.0000 0.0554
006360 0.6032 0.3406 0.0000 0.0562
006380 0.6028 0.3414 0.0000 0.0558
006400 0.6109 0.3353 0.0000 0.0537
006420 0.6134 0.3308 0.0000 0.0558
006440 0.6088 0.3320 0.0000 0.0592
006460 0.5978 0.3403 0.0000 0.0619
006480 0.5812 0.3564 0.0000 0.0624
006500 0.5817 0.3622 0.0000 0.0562
006520 0.5904 0.3525 0.0000 0.0571
006540 0.5970 0.3474 0.0000 0.0556
006560 0.6024 0.3430 0.0000 0.0545
006580 0.6059 0.3392 0.0000 0.0549
006600 0.6103 0.3349 0.0000 0.0548
006620 0.6086 0.3344 0.0000 0.0570
006640 0.6092 0.3350 0.0000 0.0558
006660 0.6072 0.3354 0.0000 0.0574
006680 0.5968 0.3435 0.0000 0.0597
006700 0.5926 0.3490 0.0000 0.0584
006720 0.5953 0.3505 0.0000 0.0542
006740 0.6051 0.3403 0.0000 0.0547
006760 0.6079 0.3353 0.0000 0.0568
006780 0.6104 0.3327 0.0000 0.0569
006800 0.6060 0.3372 0.0000 0.0567
006820 0.6012 0.3411 0.0000 0.0577
006840 0.5993 0.3437 0.0000 0.0570
006860 0.5962 0.3456 0.0000 0.0583
006880 0.5963 0.3478 0.0000 0.0559
006900 0.6004 0.3453 0.0000 0.0543
006920 0.6086 0.3379 0.0000 0.0535
006940 0.6109 0.3331 0.0000 0.0559
006960 0.6105 0.3333 0.0000 0.0562
006980 0.6062 0.3356 0.0000 0.0582
007000 0.5986 0.3433 0.0000 0.0581
007020 0.5952 0.3473 0.0000 0.0575
007040 0.5952 0.3489 0.0000 0.0559
007060 0.5987 0.3458 0.0000 0.0555
007080 0.6010 0.3415 0.0000 0.0575
007100 0.6011 0.3415 0.0000 0.0575
007120 0.6004 0.3423 0.0000 0.0574
007140 0.6011 0.3427 0.0000 0.0562
007160 0.6053 0.3418 0.0000 0.0529
007180 0.6086 0.3369 0.0000 0.0545
007200 0.6074 0.3345 0.0000 0.0581
007220 0.5980 0.3429 0.0000 0.0591
007240 0.5970 0.3488 0.0000 0.0542
007260 0.6041 0.3423 0.0000 0.0537
007280 0.6042 0.3395 0.0000 0.0563
007300 0.6073 0.3374 0.0000 0.0553
007320 0.6053 0.3353 0.0000 0.0595
007340 0.5989 0.3404 0.0000 0.0607
007360 0.6009 0.3430 0.0000 0.0560
007380 0.6071 0.3382 0.0000 0.0548
007400 0.6075 0.3375 0.0000 0.0550
007420 0.5972 0.3436 0.0000 0.0592
007440 0.5946 0.3462 0.0000 0.0592
007460 0.5889 0.3510 0.0000 0.0601
007480 0.5889 0.3529 0.0000 0.0582
007500 0.5891 0.3548 0.0000 0.0561
007520 0.5950 0.3507 0.0000 0.0544
007540 0.6013 0.3440 0.0000 0.0547
007560 0.6074 0.3391 0.0000 0.0535
007580 0.6123 0.3336 0.0000 0.0541
007600 0.6151 0.3282 0.0000 0.0566
007620 0.6110 0.3297 0.0000 0.0593
007640 0.6044 0.3368 0.0000 0.0588
007660 0.5967 0.3439 0.0000 0.0594
007680 0.5872 0.3540 0.0000 0.0588
007700 0.5910 0.3535 0.0000 0.0556
007720 0.6012 0.3445 0.0000 0.0543
007740 0.6119 0.3339 0.0000 0.0542
007760 0.6118 0.3307 0.0000 0.0575
007780 0.6036 0.3382 0.0000 0.0581
007800 0.5944 0.3470 0.0000 0.0586
007820 0.5873 0.3556 0.0000 0.0571
007840 0.5836 0.3585 0.0000 0.0579
007860 0.5917 0.3527 0.0000 0.0556
007880 0.6002 0.3438 0.0000 0.0560
007900 0.6067 0.3385 0.0000 0.0547
007920 0.6071 0.3350 0.0000 0.0579
007940 0.6015 0.3419 0.0000 0.0566
007960 0.5984 0.3449 0.0000 0.0567
007980 0.5930 0.3466 0.0000 0.0604
008000 0.5880 0.3533 0.0000 0.0587
008020 0.5924 0.3534 0.0000 0.0542
008040 0.6086 0.3411 0.0000 0.0502
008060 0.6217 0.3270 0.0000 0.0513
008080 0.6279 0.3197 0.0000 0.0524
008100 0.6259 0.3186 0.0000 0.0555
008120 0.6185 0.3230 0.0000 0.0585
008140 0.6048 0.3327 0.0000 0.0625
008160 0.5881 0.3498 0.0000 0.0621
008180 0.5830 0.3590 0.0000 0.0580
008200 0.5825 0.3598 0.0000 0.0577
008220 0.5951 0.3522 0.0000 0.0527
008240 0.6053 0.3407 0.0000 0.0541
008260 0.6148 0.3326 0.0000 0.0526
008280 0.6165 0.3282 0.0000 0.0553
008300 0.6080 0.3330 0.0000 0.0590
008320 0.5993 0.3441 0.0000 0.0566
008340 0.5970 0.3473 0.0000 0.0557
008360 0.5972 0.3457 0.0000 0.0571
008380 0.5969 0.3468 0.0000 0.0564
008400 0.6026 0.3416 0.0000 0.0558
008420 0.6070 0.3392 0.0000 0.0539
008440 0.6133 0.3319 0.0000 0.0548
008460 0.6126 0.3317 0.0000 0.0557
008480 0.6080 0.3359 0.0000 0.0562
008500 0.6029 0.3403 0.0000 0.0568
008520 0.6046 0.3413 0.0000 0.0541
008540 0.6077 0.3367 0.0000 0.0557
008560 0.6107 0.3331 0.0000 0.0562
008580 0.6090 0.3338 0.0000 0.0572
008600 0.6046 0.3366 0.0000 0.0587
008620 0.5966 0.3467 0.0000 0.0567
008640 0.5973 0.3482 0.0000 0.0545
008660 0.6013 0.3441 0.0000 0.0545
008680 0.6092 0.3376 0.0000 0.0532
008700 0.6156 0.3308 0.0000 0.0536
008720 0.6184 0.3263 0.0000 0.0553
008740 0.6132 0.3284 0.0000 0.0584
008760 0.6008 0.3396 0.0000 0.0597
008780 0.5865 0.3518 0.0000 0.0616
008800 0.5829 0.3590 0.0000 0.0581
008820 0.5851 0.3570 0.0000 0.0579
008840 0.5862 0.3558 0.0000 0.0580
008860 0.5942 0.3519 0.0000 0.0539
008880 0.6030 0.3441 0.0000 0.0529
008900 0.6116 0.3355 0.0000 0.0529
008920 0.6147 0.3298 0.0000 0.0555
008940 0.6116 0.3313 0.0000 0.0571
008960 0.6058 0.3368 0.0000 0.0574
008980 0.6024 0.3397 0.0000 0.0579
009000 0.5996 0.3442 0.0000 0.0562
009020 0.6006 0.3432 0.0000 0.0562
009040 0.5971 0.3453 0.0000 0.0576
009060 0.5975 0.3459 0.0000 0.0566
009080 0.5936 0.3495 0.0000 0.0570
009100 0.5951 0.3485 0.0000 0.0564
009120 0.5914 0.3507 0.0000 0.0579
009140 0.5833 0.3580 0.0000 0.0586
009160 0.5897 0.3563 0.0000 0.0540
009180 0.6051 0.3424 0.0000 0.0525
009200 0.6161 0.3303 0.0000 0.0536
009220 0.6134 0.3287 0.0000 0.0579
009240 0.6028 0.3397 0.0000 0.0575
009260 0.6007 0.3429 0.0000 0.0564
009280 0.6005 0.3444 0.0000 0.0551
009300 0.6059 0.3392 0.0000 0.0549
009320 0.6071 0.3372 0.0000 0.0558
009340 0.6068 0.3373 0.0000 0.0558
009360 0.6047 0.3379 0.0000 0.0574
009380 0.5959 0.3441 0.0000 0.0599
009400 0.5872 0.3539 0.0000 0.0589
009420 0.5834 0.3585 0.0000 0.0581
009440 0.5894 0.3556 0.0000 0.0550
009460 0.6030 0.3430 0.0000 0.0540
009480 0.6069 0.3347 0.0000 0.0584
009500 0.6071 0.3369 0.0000 0.0560
009520 0.6097 0.3360 0.0000 0.0543
009540 0.6151 0.3311 0.0000 0.0538
009560 0.6212 0.3250 0.0000 0.0538
009580 0.6224 0.3227 0.0000 0.0549
009600 0.6154 0.3273 0.0000 0.0573
009620 0.6038 0.3362 0.0000 0.0601
009640 0.5897 0.3495 0.0000 0.0609
009660 0.5791 0.3603 0.0000 0.0606
009680 0.5765 0.3665 0.0000 0.0571
009700 0.5868 0.3604 0.0000 0.0528
009720 0.6019 0.3451 0.0000 0.0530
009740 0.6117 0.3323 0.0000 0.0559
009760 0.6066 0.3340 0.0000 0.0594
009780 0.5969 0.3440 0.0000 0.0592
009800 0.5981 0.3456 0.0000 0.0563
009820 0.6076 0.3386 0.0000 0.0538
009840 0.6062 0.3373 0.0000 0.0565
009860 0.6003 0.3407 0.0000 0.0590
009880 0.5923 0.3491 0.0000 0.0585
009900 0.5880 0.3540 0.0000 0.0580
009920 0.5903 0.3525 0.0000 0.0572
009940 0.5974 0.3455 0.0000 0.0571
009960 0.6059 0.3411 0.0000 0.0530
009980 0.6127 0.3343 0.0000 0.0530
010000 0.6160 0.3300 0.0000 0.0540
010020 0.6058 0.3335 0.0000 0.0607
010040 0.6058 0.3335 0.0000 0.0607
010060 0.6058 0.3335 0.0000 0.0607
010080 0.6058 0.3335 0.0000 0.0607
010100 0.6058 0.3335 0.0000 0.0607
010120 0.6058 0.3335 0.0000 0.0607
010140 0.6058 0.3335 0.0000 0.0607
010160 0.6058 0.3335 0.0000 0.0607
010180 0.6058 0.3335 0.0000 0.0607
010200 0.6058 0.3335 0.0000 0.0607
010220 0.6058 0.3335 0.0000 0.0607
010240 0.6058 0.3335 0.0000 0.0607
010260 0.6058 0.3335 0.0000 0.0607
010280 0.6058 0.3335 0.0000 0.0607
010300 0.6058 0.3335 0.0000 0.0607
010320 0.6058 0.3335 0.0000 0.0607
010340 0.6058 0.3335 0.0000 0.0607
010360 0.6058 0.3335 0.0000 0.0607
010380 0.6058 0.3335 0.0000 0.0607
010400 0.6058 0.3335 0.0000 0.0607
010420 0.6058 0.3335 0.0000 0.0607
010440 0.6058 0.3335 0.0000 0.0607
010460 0.6058 0.3335 0.0000 0.0607
010480 0.6058 0.3335 0.0000 0.0607
010500 0.6058 0.3335 0.0000 0.0607
010520 0.6058 0.3335 0.0000 0.0607
010540 0.6058 0.3335 0.0000 0.0607
010560 0.6058 0.3335 0.0000 0.0607
010580 0.6058 0.3335 0.0000 0.0607
010600 0.6058 0.3335 0.0000 0.0607
010620 0.6058 0.3335 0.0000 0.0607
010640 0.6058 0.3335 0.0000 0.0607
010660 0.6058 0.3335 0.0000 0.0607
010680 0.6058 0.3335 0.0000 0.0607
010700 0.6058 0.3335 0.0000 0.0607
010720 0.6058 0.3335 0.0000 0.0607
010740 0.6058 0.3335 0.0000 0.0607
010760 0.6058 0.3335 0.0000 0.0607
010780 0.6058 0.3335 0.0000 0.0607
010800 0.6058 0.3335 0.0000 0.0607
010820 0.6058 0.3335 0.0000 0.0607
010840 0.6058 0.3335 0.0000 0.0607
010860 0.6058 0.3335 0.0000 0.0607
010880 0.6058 0.3335 0.0000 0.0607
010900 0.6058 0.3335 0.0000 0.0607
010920 0.6058 0.3335 0.0000 0.0607
010940 0.6058 0.3335 0.0000 0.0607
010960 0.6058 0.3335 0.0000 0.0607
010980 0.6058 0.3335 0.0000 0.0607
011000 0.6058 0.3335 0.0000 0.0607
011020 0.6058 0.3335 0.0000 0.0607
011040 0.6058 0.3335 0.0000 0.0607
011060 0.6058 0.3335 0.0000 0.0607
011080 0.6058 0.3335 0.0000 0.0607
011100 0.6058 0.3335 0.0000 0.0607
011120 0.6058 0.3335 0.0000 0.0607
011140 0.6058 0.3335 0.0000 0.0607
011160 0.6058 0.3335 0.0000 0.0607
011180 0.6058 0.3335 0.0000 0.0607
011200 0.6058 0.3335 0.0000 0.0607
011220 0.6058 0.3335 0.0000 0.0607
011240 0.6058 0.3335 0.0000 0.0607
011260 0.6058 0.3335 0.0000 0.0607
011280 0.6058 0.3335 0.0000 0.0607
011300 0.6058 0.3335 0.0000 0.0607
011320 0.6058 0.3335 0.0000 0.0607
011340 0.6058 0.3335 0.0000 0.0607
011360 0.6058 0.3335 0.0000 0.0607
011380 0.6058 0.3335 0.0000 0.0607
011400 0.6058 0.3335 0.0000 0.0607
011420 0.6058 0.3335 0.0000 0.0607
011440 0.6058 0.3335 0.0000 0.0607
011460 0.6058 0.3335 0.0000 0.0607
011480 0.6058 0.3335 0.0000 0.0607
011500 0.6058 0.3335 0.0000 0.0607
011520 0.6058 0.3335 0.0000 0.0607
011540 0.6058 0.3335 0.0000 0.0607
011560 0.6058 0.3335 0.0000 0.0607
011580 0.6058 0.3335 0.0000 0.0607
011600 0.6058 0.3335 0.0000 0.0607
011620 0.6058 0.3335 0.0000 0.0607
011640 0.6058 0.3335 0.0000 0.0607
011660 0.6058 0.3335 0.0000 0.0607
011680 0.6058 0.3335 0.0000 0.0607
011700 0.6058 0.3335 0.0000 0.0607
011720 0.6058 0.3335 0.0000 0.0607
011740 0.6058 0.3335 0.0000 0.0607
011760 0.6058 0.3335 0.0000 0.0607
011780 0.6058 0.3335 0.0000 0.0607
011800 0.6058 0.3335 0.0000 0.0607
011820 0.6058 0.3335 0.0000 0.0607
011840 0.6058 0.3335 0.0000 0.0607
011860 0.6058 0.3335 0.0000 0.0607
011880 0.6058 0.3335 0.0000 0.0607
011900 0.6058 0.3335 0.0000 0.0607
011920 0.6058 0.3335 0.0000 0.0607
011940 0.6058 0.3335 0.0000 0.0607
011960 0.6058 0.3335 0.0000 0.0607
011980 0.6058 0.3335 0.0000 0.0607
012000 0.6058 0.3335 0.0000 0.0607
012020 0.6058 0.3335 0.0000 0.0607
012040 0.6058 0.3335 0.0000 0.0607
012060 0.6058 0.3335 0.0000 0.0607
012080 0.6058 0.3335 0.0000 0.0607
012100 0.6058 0.3335 0.0000 0.0607
012120 0.6058 0.3335 0.0000 0.0607
012140 0.6058 0.3335 0.0000 0.0607
012160 0.6058 0.3335 0.0000 0.0607
012180 0.6058 0.3335 0.0000 0.0607
012200 0.6058 0.3335 0.0000 0.0607
012220 0.6058 0.3335 0.0000 0.0607
012240 0.6058 0.3335 0.0000 0.0607
012260 0.6058 0.3335 0.0000 0.0607
012280 0.6058 0.3335 0.0000 0.0607
012300 0.6058 0.3335 0.0000 0.0607
012320 0.6058 0.3335 0.0000 0.0607
012340 0.6058 0.3335 0.0000 0.0607
012360 0.6058 0.3335 0.0000 0.0607
012380 0.6058 0.3335 0.0000 0.0607
012400 0.6058 0.3335 0.0000 0.0607
012420 0.6058 0.3335 0.0000 0.0607
012440 0.6058 0.3335 0.0000 0.0607
012460 0.6058 0.3335 0.0000 0.0607
012480 0.6058 0.3335 0.0000 0.0607
012500 0.6058 0.3335 0.0000 0.0607
012520 0.6058 0.3335 0.0000 0.0607
012540 0.6058 0.3335 0.0000 0.0607
012560 0.6058 0.3335 0.0000 0.0607
012580 0.6058 0.3335 0.0000 0.0607
012600 0.6058 0.3335 0.0000 0.0607
012620 0.6058 0.3335 0.0000 0.0607
012640 0.6058 0.3335 0.0000 0.0607
012660 0.6058 0.3335 0.0000 0.0607
012680 0.6058 0.3335 0.0000 0.0607
012700 0.6058 0.3335 0.0000 0.0607
012720 0.6058 0.3335 0.0000 0.0607
012740 0.6058 0.3335 0.0000 0.0607
012760 0.6058 0.3335 0.0000 0.0607
012780 0.6058 0.3335 0.0000 0.0607
012800 0.6058 0.3335 0.0000 0.0607
012820 0.6058 0.3335 0.0000 0.0607
012840 0.6058 0.3335 0.0000 0.0607
012860 0.6058 0.3335 0.0000 0.0607
012880 0.6058 0.3335 0.0000 0.0607
012900 0.6058 0.3335 0.0000 0.0607
012920 0.6058 0.3335 0.0000 0.0607
012940 0.6058 0.3335 0.0000 0.0607
012960 0.6058 0.3335 0.0000 0.0607
012980 0.6058 0.3335 0.0000 0.0607
013000 0.6058 0.3335 0.0000 0.0607
013020 0.6058 0.3335 0.0000 0.0607
013040 0.6058 0.3335 0.0000 0.0607
013060 0.6058 0.3335 0.0000 0.0607
013080 0.6058 0.3335 0.0000 0.0607
013100 0.6058 0.3335 0.0000 0.0607
013120 0.6058 0.3335 0.0000 0.0607
013140 0.6058 0.3335 0.0000 0.0607
013160 0.6058 0.3335 0.0000 0.0607
013180 0.6058 0.3335 0.0000 0.0607
013200 0.6058 0.3335 0.0000 0.0607
013220 0.6058 0.3335 0.0000 0.0607
013240 0.6058 0.3335 0.0000 0.0607
013260 0.6058 0.3335 0.0000 0.0607
013280 0.6058 0.3335 0.0000 0.0607
013300 0.6058 0.3335 0.0000 0.0607
013320 0.6058 0.3335 0.0000 0.0607
013340 0.6058 0.3335 0.0000 0.0607
013360 0.6058 0.3335 0.0000 0.0607
013380 0.6058 0.3335 0.0000 0.0607
013400 0.6058 0.3335 0.0000 0.0607
013420 0.6058 0.3335 0.0000 0.0607
013440 0.6058 0.3335 0.0000 0.0607
013460 0.6058 0.3335 0.0000 0.0607
013480 0.6058 0.3335 0.0000 0.0607
013500 0.6058 0.3335 0.0000 0.0607
013520 0.6058 0.3335 0.0000 0.0607
013540 0.6058 0.3335 0.0000 0.0607
013560 0.6058 0.3335 0.0000 0.0607
013580 0.6058 0.3335 0.0000 0.0607
013600 0.6058 0.3335 0.0000 0.0607
013620 0.6058 0.3335 0.0000 0.0607
013640 0.6058 0.3335 0.0000 0.0607
013660 0.6058 0.3335 0.0000 0.0607
013680 0.6058 0.3335 0.0000 0.0607
013700 0.6058 0.3335 0.0000 0.0607
013720 0.6058 0.3335 0.0000 0.0607
013740 0.6058 0.3335 0.0000 0.0607
013760 0.6058 0.3335 0.0000 0.0607
013780 0.6058 0.3335 0.0000 0.0607
013800 0.6058 0.3335 0.0000 0.0607
013820 0.6058 0.3335 0.0000 0.0607
013840 0.6058 0.3335 0.0000 0.0607
013860 0.6058 0.3335 0.0000 0.0607
013880 0.6058 0.3335 0.0000 0.0607
013900 0.6058 0.3335 0.0000 0.0607
013920 0.6058 0.3335 0.0000 0.0607
013940 0.6058 0.3335 0.0000 0.0607
013960 0.6058 0.3335 0.0000 0.0607
013980 0.6058 0.3335 0.0000 0.0607
014000 0.6058 0.3335 0.0000 0.0607
014020 0.6058 0.3335 0.0000 0.0607
014040 0.6058 0.3335 0.0000 0.0607
014060 0.6058 0.3335 0.0000 0.0607
014080 0.6058 0.3335 0.0000 0.0607
014100 0.6058 0.3335 0.0000 0.0607
014120 0.6058 0.3335 0.0000 0.0607
014140 0.6058 0.3335 0.0000 0.0607
014160 0.6058 0.3335 0.0000 0.0607
014180 0.6058 0.3335 0.0000 0.0607
014200 0.6058 0.3335 0.0000 0.0607
014220 0.6058 0.3335 0.0000 0.0607
014240 0.6058 0.3335 0.0000 0.0607
014260 0.6058 0.3335 0.0000 0.0607
014280 0.6058 0.3335 0.0000 0.0607
014300 0.6058 0.3335 0.0000 0.0607
014320 0.6058 0.3335 0.0000 0.0607
014340 0.6058 0.3335 0.0000 0.0607
014360 0.6058 0.3335 0.0000 0.0607
014380 0.6058 0.3335 0.0000 0.0607
014400 0.6058 0.3335 0.0000 0.0607
014420 0.6058 0.3335 0.0000 0.0607
014440 0.6058 0.3335 0.0000 0.0607
014460 0.6058 0.3335 0.0000 0.0607
014480 0.6058 0.3335 0.0000 0.0607
014500 0.6058 0.3335 0.0000 0.0607
014520 0.6058 0.3335 0.0000 0.0607
014540 0.6058 0.3335 0.0000 0.0607
014560 0.6058 0.3335 0.0000 0.0607
014580 0.6058 0.3335 0.0000 0.0607
014600 0.6058 0.3335 0.0000 0.0607
014620 0.6058 0.3335 0.0000 0.0607
014640 0.6058 0.3335 0.0000 0.0607
014660 0.6058 0.3335 0.0000 0.0607
014680 0.6058 0.3335 0.0000 0.0607
014700 0.6058 0.3335 0.0000 0.0607
014720 0.6058 0.3335 0.0000 0.0607
014740 0.6058 0.3335 0.0000 0.0607
014760 0.6058 0.3335 0.0000 0.0607
014780 0.6058 0.3335 0.0000 0.0607
014800 0.6058 0.3335 0.0000 0.0607
014820 0.6058 0.3335 0.0000 0.0607
014840 0.6058 0.3335 0.0000 0.0607
014860 0.6058 0.3335 0.0000 0.0607
014880 0.6058 0.3335 0.0000 0.0607
014900 0.6058 0.3335 0.0000 0.0607
014920 0.6058 0.3335 0.0000 0.0607
014940 0.6058 0.3335 0.0000 0.0607
014960 0.6058 0.3335 0.0000 0.0607
014980 0.6058 0.3335 0.0000 0.0607
015000 0.6058 0.3335 0.0000 0.0607
015020 0.6058 0.3335 0.0000 0.0607
015040 0.6058 0.3335 0.0000 0.0607
015060 0.6058 0.3335 0.0000 0.0607
015080 0.6058 0.3335 0.0000 0.0607
015100 0.6058 0.3335 0.0000 0.0607
015120 0.6058 0.3335 0.0000 0.0607
015140 0.6058 0.3335 0.0000 0.0607
015160 0.6058 0.3335 0.0000 0.0607
015180 0.6058 0.3335 0.0000 0.0607
015200 0.6058 0.3335 0.0000 0.0607
015220 0.6058 0.3335 0.0000 0.0607
015240 0.6058 0.3335 0.0000 0.0607
015260 0.6058 0.3335 0.0000 0.0607
015280 0.6058 0.3335 0.0000 0.0607
015300 0.6058 0.3335 0.0000 0.0607
015320 0.6058 0.3335 0.0000 0.0607
015340 0.6058 0.3335 0.0000 0.0607
015360 0.6058 0.3335 0.0000 0.0607
015380 0.6058 0.3335 0.0000 0.0607
015400 0.6058 0.3335 0.0000 0.0607
015420 0.6058 0.3335 0.0000 0.0607
015440 0.6058 0.3335 0.0000 0.0607
015460 0.6058 0.3335 0.0000 0.0607
015480 0.6058 0.3335 0.0000 0.0607
015500 0.6058 0.3335 0.0000 0.0607
015520 0.6058 0.3335 0.0000 0.0607
015540 0.6058 0.3335 0.0000 0.0607
015560 0.6058 0.3335 0.0000 0.0607
015580 0.6058 0.3335 0.0000 0.0607
015600 0.6058 0.3335 0.0000 0.0607
015620 0.6058 0.3335 0.0000 0.0607
015640 0.6058 0.3335 0.0000 0.0607
015660 0.6058 0.3335 0.0000 0.0607
015680 0.6058 0.3335 0.0000 0.0607
015700 0.6058 0.3335 0.0000 0.0607
015720 0.6058 0.3335 0.0000 0.0607
015740 0.6058 0.3335 0.0000 0.0607
015760 0.6058 0.3335 0.0000 0.0607
015780 0.6058 0.3335 0.0000 0.0607
015800 0.6058 0.3335 0.0000 0.0607
015820 0.6058 0.3335 0.0000 0.0607
015840 0.6058 0.3335 0.0000 0.0607
015860 0.6058 0.3335 0.0000 0.0607
015880 0.6058 0.3335 0.0000 0.0607
015900 0.6058 0.3335 0.0000 0.0607
015920 0.6058 0.3335 0.0000 0.0607
015940 0.6058 0.3335 0.0000 0.0607
015960 0.6058 0.3335 0.0000 0.0607
015980 0.6058 0.3335 0.0000 0.0607
016000 0.6058 0.3335 0.0000 0.0607
016020 0.6058 0.3335 0.0000 0.0607
016040 0.6058 0.3335 0.0000 0.0607
016060 0.6058 0.3335 0.0000 0.0607
016080 0.6058 0.3335 0.0000 0.0607
016100 0.6058 0.3335 0.0000 0.0607
016120 0.6058 0.3335 0.0000 0.0607
016140 0.6058 0.3335 0.0000 0.0607
016160 0.6058 0.3335 0.0000 0.0607
016180 0.6058 0.3335 0.0000 0.0607
016200 0.6058 0.3335 0.0000 0.0607
016220 0.6058 0.3335 0.0000 0.0607
016240 0.6058 0.3335 0.0000 0.0607
016260 0.6058 0.3335 0.0000 0.0607
016280 0.6058 0.3335 0.0000 0.0607
016300 0.6058 0.3335 0.0000 0.0607
016320 0.6058 0.3335 0.0000 0.0607
016340 0.6058 0.3335 0.0000 0.0607
016360 0.6058 0.3335 0.0000 0.0607
016380 0.6058 0.3335 0.0000 0.0607
016400 0.6058 0.3335 0.0000 0.0607
016420 0.6058 0.3335 0.0000 0.0607
016440 0.6058 0.3335 0.0000 0.0607
016460 0.6058 0.3335 0.0000 0.0607
016480 0.6058 0.3335 0.0000 0.0607
016500 0.6058 0.3335 0.0000 0.0607
016520 0.6058 0.3335 0.0000 0.0607
016540 0.6058 0.3335 0.0000 0.0607
016560 0.6058 0.3335 0.0000 0.0607
016580 0.6058 0.3335 0.0000 0.0607
016600 0.6058 0.3335 0.0000 0.0607
016620 0.6058 0.3335 0.0000 0.0607
016640 0.6058 0.3335 0.0000 0.0607
016660 0.6058 0.3335 0.0000 0.0607
016680 0.6058 0.3335 0.0000 0.0607
016700 0.6058 0.3335 0.0000 0.0607
016720 0.6058 0.3335 0.0000 0.0607
016740 0.6058 0.3335 0.0000 0.0607
016760 0.6058 0.3335 0.0000 0.0607
016780 0.6058 0.3335 0.0000 0.0607
016800 0.6058 0.3335 0.0000 0.0607
016820 0.6058 0.3335 0.0000 0.0607
016840 0.6058 0.3335 0.0000 0.0607
016860 0.6058 0.3335 0.0000 0.0607
016880 0.6058 0.3335 0.0000 0.0607
016900 0.6058 0.3335 0.0000 0.0607
016920 0.6058 0.3335 0.0000 0.0607
016940 0.6058 0.3335 0.0000 0.0607
016960 0.6058 0.3335 0.0000 0.0607
016980 0.6058 0.3335 0.0000 0.0607
017000 0.6058 0.3335 0.0000 0.0607
017020 0.6058 0.3335 0.0000 0.0607
017040 0.6058 0.3335 0.0000 0.0607
017060 0.6058 0.3335 0.0000 0.0607
017080 0.6058 0.3335 0.0000 0.0607
017100 0.6058 0.3335 0.0000 0.0607
017120 0.6058 0.3335 0.0000 0.0607
017140 0.6058 0.3335 0.0000 0.0607
017160 0.6058 0.3335 0.0000 0.0607
017180 0.6058 0.3335 0.0000 0.0607
017200 0.6058 0.3335 0.0000 0.0607
017220 0.6058 0.3335 0.0000 0.0607
017240 0.6058 0.3335 0.0000 0.0607
017260 0.6058 0.3335 0.0000 0.0607
017280 0.6058 0.3335 0.0000 0.0607
017300 0.6058 0.3335 0.0000 0.0607
017320 0.6058 0.3335 0.0000 0.0607
017340 0.6058 0.3335 0.0000 0.0607
017360 0.6058 0.3335 0.0000 0.0607
017380 0.6058 0.3335 0.0000 0.0607
017400 0.6058 0.3335 0.0000 0.0607
017420 0.6058 0.3335 0.0000 0.0607
017440 0.6058 0.3335 0.0000 0.0607
017460 0.6058 0.3335 0.0000 0.0607
017480 0.6058 0.3335 0.0000 0.0607
017500 0.6058 0.3335 0.0000 0.0607
017520 0.6058 0.3335 0.0000 0.0607
017540 0.6058 0.3335 0.0000 0.0607
017560 0.6058 0.3335 0.0000 0.0607
017580 0.6058 0.3335 0.0000 0.0607
017600 0.6058 0.3335 0.0000 0.0607
017620 0.6058 0.3335 0.0000 0.0607
017640 0.6058 0.3335 0.0000 0.0607
017660 0.6058 0.3335 0.0000 0.0607
017680 0.6058 0.3335 0.0000 0.0607
017700 0.6058 0.3335 0.0000 0.0607
017720 0.6058 0.3335 0.0000 0.0607
017740 0.6058 0.3335 0.0000 0.0607
017760 0.6058 0.3335 0.0000 0.0607
017780 0.6058 0.3335 0.0000 0.0607
017800 0.6058 0.3335 0.0000 0.0607
017820 0.6058 0.3335 0.0000 0.0607
017840 0.6058 0.3335 0.0000 0.0607
017860 0.6058 0.3335 0.0000 0.0607
017880 0.6058 0.3335 0.0000 0.0607
017900 0.6058 0.3335 0.0000 0.0607
017920 0.6058 0.3335 0.0000 0.0607
017940 0.6058 0.3335 0.0000 0.0607
017960 0.6058 0.3335 0.0000 0.0607
017980 0.6058 0.3335 0.0000 0.0607
018000 0.6058 0.3335 0.0000 0.0607
018020 0.6058 0.3335 0.0000 0.0607
018040 0.6058 0.3335 0.0000 0.0607
018060 0.6058 0.3335 0.0000 0.0607
018080 0.6058 0.3335 0.0000 0.0607
018100 0.6058 0.3335 0.0000 0.0607
018120 0.6058 0.3335 0.0000 0.0607
018140 0.6058 0.3335 0.0000 0.0607
018160 0.6058 0.3335 0.0000 0.0607
018180 0.6058 0.3335 0.0000 0.0607
018200 0.6058 0.3335 0.0000 0.0607
018220 0.6058 0.3335 0.0000 0.0607
018240 0.6058 0.3335 0.0000 0.0607
018260 0.6058 0.3335 0.0000 0.0607
018280 0.6058 0.3335 0.0000 0.0607
018300 0.6058 0.3335 0.0000 0.0607
018320 0.6058 0.3335 0.0000 0.0607
018340 0.6058 0.3335 0.0000 0.0607
018360 0.6058 0.3335 0.0000 0.0607
018380 0.6058 0.3335 0.0000 0.0607
018400 0.6058 0.3335 0.0000 0.0607
018420 0.6058 0.3335 0.0000 0.0607
018440 0.6058 0.3335 0.0000 0.0607
018460 0.6058 0.3335 0.0000 0.0607
018480 0.6058 0.3335 0.0000 0.0607
018500 0.6058 0.3335 0.0000 0.0607
018520 0.6058 0.3335 0.0000 0.0607
018540 0.6058 0.3335 0.0000 0.0607
018560 0.6058 0.3335 0.0000 0.0607
018580 0.6058 0.3335 0.0000 0.0607
018600 0.6058 0.3335 0.0000 0.0607
018620 0.6058 0.3335 0.0000 0.0607
018640 0.6058 0.3335 0.0000 0.0607
018660 0.6058 0.3335 0.0000 0.0607
018680 0.6058 0.3335 0.0000 0.0607
018700 0.6058 0.3335 0.0000 0.0607
018720 0.6058 0.3335 0.0000 0.0607
018740 0.6058 0.3335 0.0000 0.0607
018760 0.6058 0.3335 0.0000 0.0607
018780 0.6058 0.3335 0.0000 0.0607
018800 0.6058 0.3335 0.0000 0.0607
018820 0.6058 0.3335 0.0000 0.0607
018840 0.6058 0.3335 0.0000 0.0607
018860 0.6058 0.3335 0.0000 0.0607
018880 0.6058 0.3335 0.0000 0.0607
018900 0.6058 0.3335 0.0000 0.0607
018920 0.6058 0.3335 0.0000 0.0607
018940 0.6058 0.3335 0.0000 0.0607
018960 0.6058 0.3335 0.0000 0.0607
018980 0.6058 0.3335 0.0000 0.0607
019000 0.6058 0.3335 0.0000 0.0607
019020 0.6058 0.3335 0.0000 0.0607
019040 0.6058 0.3335 0.0000 0.0607
019060 0.6058 0.3335 0.0000 0.0607
019080 0.6058 0.3335 0.0000 0.0607
019100 0.6058 0.3335 0.0000 0.0607
019120 0.6058 0.3335 0.0000 0.0607
019140 0.6058 0.3335 0.0000 0.0607
019160 0.6058 0.3335 0.0000 0.0607
019180 0.6058 0.3335 0.0000 0.0607
019200 0.6058 0.3335 0.0000 0.0607
019220 0.6058 0.3335 0.0000 0.0607
019240 0.6058 0.3335 0.0000 0.0607
019260 0.6058 0.3335 0.0000 0.0607
019280 0.6058 0.3335 0.0000 0.0607
019300 0.6058 0.3335 0.0000 0.0607
019320 0.6058 0.3335 0.0000 0.0607
019340 0.6058 0.3335 0.0000 0.0607
019360 0.6058 0.3335 0.0000 0.0607
019380 0.6058 0.3335 0.0000 0.0607
019400 0.6058 0.3335 0.0000 0.0607
019420 0.6058 0.3335 0.0000 0.0607
019440 0.6058 0.3335 0.0000 0.0607
019460 0.6058 0.3335 0.0000 0.0607
019480 0.6058 0.3335 0.0000 0.0607
019500 0.6058 0.3335 0.0000 0.0607
019520 0.6058 0.3335 0.0000 0.0607
019540 0.6058 0.3335 0.0000 0.0607
019560 0.6058 0.3335 0.0000 0.0607
019580 0.6058 0.3335 0.0000 0.0607
019600 0.6058 0.3335 0.0000 0.0607
019620 0.6058 0.3335 0.0000 0.0607
019640 0.6058 0.3335 0.0000 0.0607
019660 0.6058 0.3335 0.0000 0.0607
019680 0.6058 0.3335 0.0000 0.0607
019700 0.6058 0.3335 0.0000 0.0607
019720 0.6058 0.3335 0.0000 0.0607
019740 0.6058 0.3335 0.0000 0.0607
019760 0.6058 0.3335 0.0000 0.0607
019780 0.6058 0.3335 0.0000 0.0607
019800 0.6058 0.3335 0.0000 0.0607
019820 0.6058 0.3335 0.0000 0.0607
019840 0.6058 0.3335 0.0000 0.0607
019860 0.6058 0.3335 0.0000 0.0607
019880 0.6058 0.3335 0.0000 0.0607
019900 0.6058 0.3335 0.0000 0.0607
019920 0.6058 0.3335 0.0000 0.0607
019940 0.6058 0.3335 0.0000 0.0607
019960 0.6058 0.3335 0.0000 0.0607
019980 0.6058 0.3335 0.0000 0.0607
020000 0.6058 0.3335 0.0000 0.0607
