000000 0.2500 0.2500 0.2500 0.2500
000020 0.2591 0.2601 0.2299 0.2509
000040 0.2703 0.2703 0.2079 0.2515
000060 0.2803 0.2816 0.1866 0.2515
000080 0.2897 0.2934 0.1662 0.2507
000100 0.2971 0.3066 0.1471 0.2492
000120 0.3034 0.3202 0.1288 0.2476
000140 0.3081 0.3350 0.1119 0.2449
000160 0.3106 0.3512 0.0966 0.2415
000180 0.3121 0.3693 0.0822 0.2364
000200 0.3129 0.3882 0.0686 0.2302
000220 0.3122 0.4084 0.0565 0.2229
000240 0.3113 0.4284 0.0453 0.2151
000260 0.3093 0.4489 0.0355 0.2063
000280 0.3054 0.4707 0.0272 0.1967
000300 0.3002 0.4930 0.0200 0.1868
000320 0.2938 0.5171 0.0137 0.1754
000340 0.2891 0.5386 0.0087 0.1635
000360 0.2829 0.5611 0.0047 0.1513
000380 0.2740 0.5854 0.0020 0.1387
000400 0.2636 0.6111 0.0003 0.1249
000420 0.2512 0.6387 0.0000 0.1100
000440 0.2409 0.6676 0.0000 0.0916
000460 0.2348 0.6897 0.0000 0.0754
000480 0.2320 0.7041 0.0000 0.0638
000500 0.2308 0.7178 0.0000 0.0515
000520 0.2315 0.7278 0.0000 0.0407
000540 0.2317 0.7354 0.0000 0.0329
000560 0.2344 0.7407 0.0000 0.0249
000580 0.2411 0.7399 0.0000 0.0189
000600 0.2498 0.7366 0.0000 0.0136
000620 0.2601 0.7303 0.0000 0.0095
000640 0.2731 0.7204 0.0000 0.0065
000660 0.2844 0.7106 0.0000 0.0050
000680 0.2960 0.6995 0.0000 0.0045
000700 0.3095 0.6868 0.0000 0.0037
000720 0.3220 0.6744 0.0000 0.0036
000740 0.3335 0.6624 0.0000 0.0041
000760 0.3431 0.6517 0.0000 0.0053
000780 0.3505 0.6436 0.0000 0.0059
000800 0.3571 0.6365 0.0000 0.0064
000820 0.3627 0.6301 0.0000 0.0072
000840 0.3659 0.6256 0.0000 0.0085
000860 0.3681 0.6230 0.0000 0.0090
000880 0.3691 0.6204 0.0000 0.0105
000900 0.3699 0.6191 0.0000 0.0110
000920 0.3703 0.6194 0.0000 0.0103
000940 0.3719 0.6187 0.0000 0.0095
000960 0.3748 0.6154 0.0000 0.0099
000980 0.3781 0.6110 0.0000 0.0108
001000 0.3810 0.6079 0.0000 0.0111
001020 0.3846 0.6044 0.0000 0.0110
001040 0.3887 0.5997 0.0000 0.0116
001060 0.3911 0.5957 0.0000 0.0132
001080 0.3924 0.5950 0.0000 0.0127
001100 0.3937 0.5929 0.0000 0.0133
001120 0.3965 0.5903 0.0000 0.0132
001140 0.3998 0.5862 0.0000 0.0140
001160 0.4016 0.5837 0.0000 0.0147
001180 0.4039 0.5821 0.0000 0.0140
001200 0.4083 0.5775 0.0000 0.0142
001220 0.4126 0.5719 0.0000 0.0155
001240 0.4167 0.5672 0.0000 0.0160
001260 0.4200 0.5642 0.0000 0.0158
001280 0.4252 0.5600 0.0000 0.0148
001300 0.4315 0.5541 0.0000 0.0144
001320 0.4396 0.5463 0.0000 0.0141
001340 0.4485 0.5377 0.0000 0.0138
001360 0.4564 0.5288 0.0000 0.0148
001380 0.4645 0.5213 0.0000 0.0142
001400 0.4702 0.5142 0.0000 0.0156
001420 0.4757 0.5082 0.0000 0.0161
001440 0.4807 0.5031 0.0000 0.0162
001460 0.4860 0.4980 0.0000 0.0161
001480 0.4906 0.4932 0.0000 0.0163
001500 0.4953 0.4873 0.0000 0.0175
001520 0.4977 0.4834 0.0000 0.0188
001540 0.5009 0.4802 0.0000 0.0189
001560 0.5058 0.4758 0.0000 0.0184
001580 0.5131 0.4687 0.0000 0.0182
001600 0.5148 0.4656 0.0000 0.0195
001620 0.5165 0.4637 0.0000 0.0198
001640 0.5223 0.4600 0.0000 0.0178
001660 0.5338 0.4484 0.0000 0.0178
001680 0.5395 0.4414 0.0000 0.0191
001700 0.5445 0.4347 0.0000 0.0208
001720 0.5500 0.4297 0.0000 0.0203
001740 0.5577 0.4240 0.0000 0.0182
001760 0.5714 0.4124 0.0000 0.0163
001780 0.5868 0.3966 0.0000 0.0166
001800 0.5967 0.3847 0.0000 0.0186
001820 0.6050 0.3751 0.0000 0.0198
001840 0.6108 0.3680 0.0000 0.0212
001860 0.6155 0.3630 0.0000 0.0214
001880 0.6170 0.3611 0.0000 0.0219
001900 0.6187 0.3587 0.0000 0.0226
001920 0.6179 0.3585 0.0000 0.0236
001940 0.6189 0.3570 0.0000 0.0241
001960 0.6175 0.3605 0.0000 0.0220
001980 0.6227 0.3559 0.0000 0.0214
002000 0.6333 0.3480 0.0000 0.0186
002020 0.6413 0.3394 0.0000 0.0193
002040 0.6466 0.3321 0.0000 0.0213
002060 0.6461 0.3311 0.0000 0.0228
002080 0.6427 0.3336 0.0000 0.0237
002100 0.6383 0.3378 0.0000 0.0239
002120 0.6334 0.3417 0.0000 0.0250
002140 0.6317 0.3448 0.0000 0.0235
002160 0.6322 0.3440 0.0000 0.0238
002180 0.6344 0.3409 0.0000 0.0248
002200 0.6340 0.3423 0.0000 0.0237
002220 0.6366 0.3408 0.0000 0.0225
002240 0.6370 0.3403 0.0000 0.0227
002260 0.6361 0.3404 0.0000 0.0234
002280 0.6349 0.3404 0.0000 0.0247
002300 0.6316 0.3453 0.0000 0.0231
002320 0.6348 0.3416 0.0000 0.0236
002340 0.6385 0.3388 0.0000 0.0226
002360 0.6433 0.3348 0.0000 0.0219
002380 0.6481 0.3299 0.0000 0.0220
002400 0.6532 0.3246 0.0000 0.0222
002420 0.6521 0.3246 0.0000 0.0233
002440 0.6475 0.3277 0.0000 0.0248
002460 0.6404 0.3339 0.0000 0.0257
002480 0.6353 0.3393 0.0000 0.0254
002500 0.6345 0.3402 0.0000 0.0253
002520 0.6346 0.3401 0.0000 0.0253
002540 0.6317 0.3438 0.0000 0.0245
002560 0.6267 0.3486 0.0000 0.0247
002580 0.6293 0.3485 0.0000 0.0222
002600 0.6325 0.3463 0.0000 0.0212
002620 0.6422 0.3389 0.0000 0.0189
002640 0.6548 0.3264 0.0000 0.0187
002660 0.6629 0.3173 0.0000 0.0198
002680 0.6691 0.3110 0.0000 0.0199
002700 0.6706 0.3088 0.0000 0.0206
002720 0.6717 0.3057 0.0000 0.0227
002740 0.6698 0.3069 0.0000 0.0233
002760 0.6658 0.3096 0.0000 0.0246
002780 0.6575 0.3162 0.0000 0.0264
002800 0.6499 0.3248 0.0000 0.0253
002820 0.6430 0.3308 0.0000 0.0261
002840 0.6362 0.3373 0.0000 0.0265
002860 0.6295 0.3440 0.0000 0.0265
002880 0.6252 0.3475 0.0000 0.0273
002900 0.6221 0.3526 0.0000 0.0253
002920 0.6178 0.3563 0.0000 0.0259
002940 0.6181 0.3578 0.0000 0.0241
002960 0.6237 0.3530 0.0000 0.0234
002980 0.6296 0.3480 0.0000 0.0224
003000 0.6317 0.3447 0.0000 0.0236
003020 0.6374 0.3410 0.0000 0.0215
003040 0.6448 0.3355 0.0000 0.0197
003060 0.6544 0.3261 0.0000 0.0195
003080 0.6593 0.3194 0.0000 0.0213
003100 0.6581 0.3186 0.0000 0.0233
003120 0.6569 0.3207 0.0000 0.0224
003140 0.6564 0.3211 0.0000 0.0225
003160 0.6555 0.3214 0.0000 0.0232
003180 0.6547 0.3233 0.0000 0.0220
003200 0.6545 0.3222 0.0000 0.0233
003220 0.6538 0.3239 0.0000 0.0223
003240 0.6524 0.3244 0.0000 0.0232
003260 0.6491 0.3273 0.0000 0.0236
003280 0.6472 0.3295 0.0000 0.0233
003300 0.6457 0.3309 0.0000 0.0233
003320 0.6444 0.3322 0.0000 0.0233
003340 0.6444 0.3312 0.0000 0.0244
003360 0.6450 0.3312 0.0000 0.0238
003380 0.6444 0.3325 0.0000 0.0230
003400 0.6475 0.3291 0.0000 0.0234
003420 0.6479 0.3277 0.0000 0.0244
003440 0.6423 0.3322 0.0000 0.0255
003460 0.6393 0.3368 0.0000 0.0239
003480 0.6380 0.3370 0.0000 0.0250
003500 0.6389 0.3371 0.0000 0.0240
003520 0.6389 0.3357 0.0000 0.0254
003540 0.6384 0.3368 0.0000 0.0248
003560 0.6390 0.3388 0.0000 0.0222
003580 0.6407 0.3368 0.0000 0.0225
003600 0.6412 0.3348 0.0000 0.0240
003620 0.6401 0.3340 0.0000 0.0259
003640 0.6324 0.3410 0.0000 0.0266
003660 0.6285 0.3453 0.0000 0.0261
003680 0.6303 0.3459 0.0000 0.0238
003700 0.6338 0.3424 0.0000 0.0239
003720 0.6386 0.3385 0.0000 0.0229
003740 0.6422 0.3347 0.0000 0.0231
003760 0.6453 0.3326 0.0000 0.0221
003780 0.6461 0.3310 0.0000 0.0229
003800 0.6472 0.3292 0.0000 0.0237
003820 0.6441 0.3315 0.0000 0.0244
003840 0.6398 0.3351 0.0000 0.0251
003860 0.6347 0.3397 0.0000 0.0256
003880 0.6287 0.3455 0.0000 0.0259
003900 0.6245 0.3492 0.0000 0.0263
003920 0.6188 0.3551 0.0000 0.0262
003940 0.6136 0.3594 0.0000 0.0270
003960 0.6120 0.3626 0.0000 0.0254
003980 0.6146 0.3598 0.0000 0.0256
004000 0.6157 0.3591 0.0000 0.0251
004020 0.6203 0.3568 0.0000 0.0229
004040 0.6303 0.3490 0.0000 0.0207
004060 0.6423 0.3365 0.0000 0.0212
004080 0.6469 0.3308 0.0000 0.0223
004100 0.6519 0.3252 0.0000 0.0229
004120 0.6550 0.3225 0.0000 0.0225
004140 0.6564 0.3225 0.0000 0.0210
004160 0.6548 0.3223 0.0000 0.0229
004180 0.6528 0.3226 0.0000 0.0246
004200 0.6525 0.3218 0.0000 0.0258
004220 0.6463 0.3286 0.0000 0.0251
004240 0.6424 0.3328 0.0000 0.0249
004260 0.6373 0.3368 0.0000 0.0259
004280 0.6262 0.3455 0.0000 0.0284
004300 0.6181 0.3541 0.0000 0.0278
004320 0.6105 0.3626 0.0000 0.0269
004340 0.6081 0.3676 0.0000 0.0243
004360 0.6126 0.3630 0.0000 0.0244
004380 0.6197 0.3572 0.0000 0.0230
004400 0.6275 0.3507 0.0000 0.0219
004420 0.6402 0.3393 0.0000 0.0205
004440 0.6479 0.3312 0.0000 0.0209
004460 0.6594 0.3205 0.0000 0.0202
004480 0.6669 0.3134 0.0000 0.0197
004500 0.6709 0.3081 0.0000 0.0210
004520 0.6720 0.3053 0.0000 0.0226
004540 0.6716 0.3057 0.0000 0.0227
004560 0.6715 0.3058 0.0000 0.0227
004580 0.6672 0.3081 0.0000 0.0246
004600 0.6597 0.3147 0.0000 0.0256
004620 0.6454 0.3265 0.0000 0.0281
004640 0.6309 0.3393 0.0000 0.0298
004660 0.6201 0.3520 0.0000 0.0278
004680 0.6128 0.3578 0.0000 0.0294
004700 0.6062 0.3660 0.0000 0.0278
004720 0.6045 0.3699 0.0000 0.0256
004740 0.6094 0.3666 0.0000 0.0240
004760 0.6188 0.3596 0.0000 0.0215
004780 0.6269 0.3522 0.0000 0.0209
004800 0.6361 0.3431 0.0000 0.0208
004820 0.6440 0.3351 0.0000 0.0210
004840 0.6516 0.3286 0.0000 0.0198
004860 0.6625 0.3195 0.0000 0.0180
004880 0.6696 0.3115 0.0000 0.0190
004900 0.6753 0.3047 0.0000 0.0200
004920 0.6754 0.3018 0.0000 0.0228
004940 0.6677 0.3072 0.0000 0.0251
004960 0.6592 0.3147 0.0000 0.0261
004980 0.6500 0.3240 0.0000 0.0260
005000 0.6449 0.3300 0.0000 0.0251
005020 0.6418 0.3336 0.0000 0.0246
005040 0.6418 0.3349 0.0000 0.0234
005060 0.6441 0.3327 0.0000 0.0231
005080 0.6453 0.3313 0.0000 0.0234
005100 0.6424 0.3326 0.0000 0.0250
005120 0.6393 0.3353 0.0000 0.0254
005140 0.6390 0.3367 0.0000 0.0243
005160 0.6386 0.3377 0.0000 0.0237
005180 0.6364 0.3385 0.0000 0.0252
005200 0.6343 0.3412 0.0000 0.0245
005220 0.6356 0.3410 0.0000 0.0234
005240 0.6359 0.3400 0.0000 0.0241
005260 0.6391 0.3371 0.0000 0.0238
005280 0.6370 0.3387 0.0000 0.0242
005300 0.6360 0.3409 0.0000 0.0231
005320 0.6388 0.3399 0.0000 0.0213
005340 0.6444 0.3335 0.0000 0.0222
005360 0.6463 0.3310 0.0000 0.0227
005380 0.6481 0.3294 0.0000 0.0224
005400 0.6460 0.3304 0.0000 0.0236
005420 0.6461 0.3309 0.0000 0.0231
005440 0.6458 0.3313 0.0000 0.0229
005460 0.6476 0.3305 0.0000 0.0219
005480 0.6521 0.3258 0.0000 0.0222
005500 0.6523 0.3253 0.0000 0.0224
005520 0.6523 0.3246 0.0000 0.0231
005540 0.6552 0.3223 0.0000 0.0225
005560 0.6587 0.3186 0.0000 0.0227
005580 0.6581 0.3179 0.0000 0.0241
005600 0.6552 0.3207 0.0000 0.0240
005620 0.6521 0.3224 0.0000 0.0255
005640 0.6460 0.3291 0.0000 0.0249
005660 0.6456 0.3306 0.0000 0.0238
005680 0.6472 0.3290 0.0000 0.0239
005700 0.6445 0.3308 0.0000 0.0247
005720 0.6404 0.3344 0.0000 0.0252
005740 0.6356 0.3396 0.0000 0.0248
005760 0.6311 0.3432 0.0000 0.0258
005780 0.6264 0.3480 0.0000 0.0256
005800 0.6253 0.3500 0.0000 0.0247
005820 0.6272 0.3501 0.0000 0.0227
005840 0.6355 0.3440 0.0000 0.0205
005860 0.6448 0.3349 0.0000 0.0203
005880 0.6493 0.3275 0.0000 0.0232
005900 0.6500 0.3255 0.0000 0.0246
005920 0.6473 0.3288 0.0000 0.0239
005940 0.6470 0.3300 0.0000 0.0229
005960 0.6460 0.3316 0.0000 0.0225
005980 0.6503 0.3275 0.0000 0.0222
006000 0.6560 0.3232 0.0000 0.0208
006020 0.6609 0.3179 0.0000 0.0211
006040 0.6643 0.3130 0.0000 0.0227
006060 0.6598 0.3166 0.0000 0.0236
006080 0.6540 0.3222 0.0000 0.0238
006100 0.6467 0.3276 0.0000 0.0257
006120 0.6387 0.3359 0.0000 0.0253
006140 0.6333 0.3415 0.0000 0.0253
006160 0.6322 0.3424 0.0000 0.0254
006180 0.6297 0.3440 0.0000 0.0263
006200 0.6273 0.3457 0.0000 0.0270
006220 0.6236 0.3506 0.0000 0.0258
006240 0.6210 0.3528 0.0000 0.0263
006260 0.6213 0.3536 0.0000 0.0251
006280 0.6199 0.3559 0.0000 0.0242
006300 0.6200 0.3537 0.0000 0.0263
006320 0.6179 0.3559 0.0000 0.0261
006340 0.6146 0.3598 0.0000 0.0257
006360 0.6164 0.3598 0.0000 0.0238
006380 0.6233 0.3546 0.0000 0.0220
006400 0.6295 0.3491 0.0000 0.0214
006420 0.6370 0.3424 0.0000 0.0206
006440 0.6438 0.3346 0.0000 0.0216
006460 0.6478 0.3299 0.0000 0.0223
006480 0.6509 0.3262 0.0000 0.0229
006500 0.6529 0.3230 0.0000 0.0241
006520 0.6496 0.3246 0.0000 0.0258
006540 0.6381 0.3339 0.0000 0.0280
006560 0.6275 0.3437 0.0000 0.0287
006580 0.6193 0.3524 0.0000 0.0283
006600 0.6167 0.3594 0.0000 0.0239
006620 0.6223 0.3553 0.0000 0.0224
006640 0.6287 0.3476 0.0000 0.0237
006660 0.6304 0.3443 0.0000 0.0253
006680 0.6271 0.3470 0.0000 0.0259
006700 0.6279 0.3479 0.0000 0.0242
006720 0.6327 0.3457 0.0000 0.0217
006740 0.6463 0.3356 0.0000 0.0181
006760 0.6614 0.3209 0.0000 0.0177
006780 0.6714 0.3092 0.0000 0.0195
006800 0.6790 0.3010 0.0000 0.0200
006820 0.6813 0.2978 0.0000 0.0210
006840 0.6820 0.2969 0.0000 0.0211
006860 0.6761 0.2993 0.0000 0.0247
006880 0.6647 0.3075 0.0000 0.0278
006900 0.6517 0.3191 0.0000 0.0292
006920 0.6356 0.3357 0.0000 0.0287
006940 0.6245 0.3482 0.0000 0.0273
006960 0.6153 0.3570 0.0000 0.0277
006980 0.6108 0.3630 0.0000 0.0262
007000 0.6078 0.3660 0.0000 0.0262
007020 0.6074 0.3691 0.0000 0.0235
007040 0.6141 0.3642 0.0000 0.0217
007060 0.6285 0.3516 0.0000 0.0198
007080 0.6392 0.3408 0.0000 0.0200
007100 0.6517 0.3292 0.0000 0.0191
007120 0.6663 0.3158 0.0000 0.0179
007140 0.6759 0.3061 0.0000 0.0180
007160 0.6796 0.3005 0.0000 0.0199
007180 0.6827 0.2979 0.0000 0.0194
007200 0.6880 0.2939 0.0000 0.0180
007220 0.6929 0.2880 0.0000 0.0191
007240 0.6919 0.2863 0.0000 0.0218
007260 0.6848 0.2914 0.0000 0.0239
007280 0.6739 0.3005 0.0000 0.0256
007300 0.6601 0.3125 0.0000 0.0273
007320 0.6522 0.3199 0.0000 0.0279
007340 0.6398 0.3318 0.0000 0.0284
007360 0.6281 0.3434 0.0000 0.0284
007380 0.6178 0.3525 0.0000 0.0297
007400 0.6090 0.3627 0.0000 0.0283
007420 0.6076 0.3658 0.0000 0.0266
007440 0.6106 0.3651 0.0000 0.0243
007460 0.6143 0.3623 0.0000 0.0234
007480 0.6194 0.3584 0.0000 0.0221
007500 0.6326 0.3485 0.0000 0.0188
007520 0.6481 0.3340 0.0000 0.0180
007540 0.6591 0.3232 0.0000 0.0177
007560 0.6712 0.3108 0.0000 0.0179
007580 0.6802 0.2997 0.0000 0.0201
007600 0.6816 0.2959 0.0000 0.0225
007620 0.6790 0.2974 0.0000 0.0236
007640 0.6706 0.3062 0.0000 0.0232
007660 0.6642 0.3118 0.0000 0.0239
007680 0.6590 0.3159 0.0000 0.0251
007700 0.6535 0.3209 0.0000 0.0255
007720 0.6492 0.3257 0.0000 0.0251
007740 0.6456 0.3304 0.0000 0.0240
007760 0.6461 0.3308 0.0000 0.0232
007780 0.6439 0.3314 0.0000 0.0247
007800 0.6444 0.3329 0.0000 0.0227
007820 0.6498 0.3288 0.0000 0.0214
007840 0.6538 0.3240 0.0000 0.0222
007860 0.6573 0.3193 0.0000 0.0233
007880 0.6594 0.3168 0.0000 0.0237
007900 0.6551 0.3199 0.0000 0.0250
007920 0.6475 0.3262 0.0000 0.0263
007940 0.6409 0.3325 0.0000 0.0267
007960 0.6358 0.3398 0.0000 0.0244
007980 0.6348 0.3415 0.0000 0.0237
008000 0.6311 0.3437 0.0000 0.0252
008020 0.6297 0.3446 0.0000 0.0257
008040 0.6325 0.3440 0.0000 0.0236
008060 0.6318 0.3442 0.0000 0.0240
008080 0.6332 0.3435 0.0000 0.0233
008100 0.6356 0.3414 0.0000 0.0230
008120 0.6362 0.3406 0.0000 0.0232
008140 0.6409 0.3369 0.0000 0.0222
008160 0.6447 0.3319 0.0000 0.0235
008180 0.6431 0.3327 0.0000 0.0242
008200 0.6476 0.3295 0.0000 0.0229
008220 0.6495 0.3269 0.0000 0.0237
008240 0.6446 0.3301 0.0000 0.0253
008260 0.6381 0.3362 0.0000 0.0257
008280 0.6334 0.3405 0.0000 0.0261
008300 0.6285 0.3469 0.0000 0.0246
008320 0.6307 0.3463 0.0000 0.0231
008340 0.6295 0.3465 0.0000 0.0239
008360 0.6289 0.3476 0.0000 0.0236
008380 0.6327 0.3443 0.0000 0.0230
008400 0.6378 0.3387 0.0000 0.0235
008420 0.6436 0.3344 0.0000 0.0220
008440 0.6521 0.3255 0.0000 0.0223
008460 0.6579 0.3210 0.0000 0.0210
008480 0.6616 0.3155 0.0000 0.0229
008500 0.6600 0.3181 0.0000 0.0220
008520 0.6607 0.3172 0.0000 0.0222
008540 0.6607 0.3162 0.0000 0.0231
008560 0.6580 0.3194 0.0000 0.0226
008580 0.6557 0.3206 0.0000 0.0237
008600 0.6493 0.3252 0.0000 0.0255
008620 0.6402 0.3334 0.0000 0.0264
008640 0.6310 0.3427 0.0000 0.0262
008660 0.6250 0.3487 0.0000 0.0263
008680 0.6207 0.3552 0.0000 0.0242
008700 0.6240 0.3518 0.0000 0.0242
008720 0.6269 0.3485 0.0000 0.0246
008740 0.6296 0.3465 0.0000 0.0239
008760 0.6366 0.3412 0.0000 0.0222
008780 0.6431 0.3352 0.0000 0.0217
008800 0.6524 0.3267 0.0000 0.0209
008820 0.6595 0.3194 0.0000 0.0212
008840 0.6598 0.3163 0.0000 0.0240
008860 0.6500 0.3245 0.0000 0.0254
008880 0.6461 0.3290 0.0000 0.0250
008900 0.6431 0.3325 0.0000 0.0244
008920 0.6377 0.3367 0.0000 0.0256
008940 0.6328 0.3413 0.0000 0.0260
008960 0.6252 0.3478 0.0000 0.0270
008980 0.6185 0.3554 0.0000 0.0261
009000 0.6141 0.3601 0.0000 0.0258
009020 0.6154 0.3591 0.0000 0.0254
009040 0.6178 0.3587 0.0000 0.0235
009060 0.6229 0.3535 0.0000 0.0236
009080 0.6278 0.3481 0.0000 0.0241
009100 0.6272 0.3487 0.0000 0.0240
009120 0.6292 0.3468 0.0000 0.0241
009140 0.6271 0.3481 0.0000 0.0247
009160 0.6273 0.3485 0.0000 0.0242
009180 0.6280 0.3480 0.0000 0.0240
009200 0.6269 0.3475 0.0000 0.0256
009220 0.6233 0.3504 0.0000 0.0263
009240 0.6230 0.3521 0.0000 0.0249
009260 0.6246 0.3514 0.0000 0.0240
009280 0.6287 0.3487 0.0000 0.0227
009300 0.6373 0.3420 0.0000 0.0207
009320 0.6466 0.3335 0.0000 0.0199
009340 0.6541 0.3253 0.0000 0.0205
009360 0.6587 0.3199 0.0000 0.0213
009380 0.6592 0.3182 0.0000 0.0226
009400 0.6585 0.3193 0.0000 0.0222
009420 0.6576 0.3200 0.0000 0.0224
009440 0.6572 0.3212 0.0000 0.0216
009460 0.6563 0.3200 0.0000 0.0237
009480 0.6517 0.3234 0.0000 0.0248
009500 0.6460 0.3286 0.0000 0.0254
009520 0.6415 0.3336 0.0000 0.0249
009540 0.6388 0.3365 0.0000 0.0248
009560 0.6326 0.3422 0.0000 0.0251
009580 0.6317 0.3443 0.0000 0.0240
009600 0.6346 0.3422 0.0000 0.0232
009620 0.6381 0.3388 0.0000 0.0231
009640 0.6445 0.3347 0.0000 0.0208
009660 0.6553 0.3241 0.0000 0.0207
009680 0.6584 0.3203 0.0000 0.0213
009700 0.6574 0.3198 0.0000 0.0228
009720 0.6570 0.3205 0.0000 0.0225
009740 0.6596 0.3177 0.0000 0.0227
009760 0.6560 0.3199 0.0000 0.0242
009780 0.6497 0.3260 0.0000 0.0243
009800 0.6431 0.3314 0.0000 0.0255
009820 0.6342 0.3390 0.0000 0.0267
009840 0.6248 0.3486 0.0000 0.0266
009860 0.6187 0.3548 0.0000 0.0266
009880 0.6166 0.3581 0.0000 0.0253
009900 0.6128 0.3608 0.0000 0.0263
009920 0.6117 0.3606 0.0000 0.0277
009940 0.6113 0.3627 0.0000 0.0260
009960 0.6138 0.3622 0.0000 0.0239
009980 0.6179 0.3579 0.0000 0.0243
010000 0.6212 0.3555 0.0000 0.0233
010020 0.6288 0.3505 0.0000 0.0207
010040 0.6288 0.3505 0.0000 0.0207
010060 0.6288 0.3505 0.0000 0.0207
010080 0.6288 0.3505 0.0000 0.0207
010100 0.6288 0.3505 0.0000 0.0207
010120 0.6288 0.3505 0.0000 0.0207
010140 0.6288 0.3505 0.0000 0.0207
010160 0.6288 0.3505 0.0000 0.0207
010180 0.6288 0.3505 0.0000 0.0207
010200 0.6288 0.3505 0.0000 0.0207
010220 0.6288 0.3505 0.0000 0.0207
010240 0.6288 0.3505 0.0000 0.0207
010260 0.6288 0.3505 0.0000 0.0207
010280 0.6288 0.3505 0.0000 0.0207
010300 0.6288 0.3505 0.0000 0.0207
010320 0.6288 0.3505 0.0000 0.0207
010340 0.6288 0.3505 0.0000 0.0207
010360 0.6288 0.3505 0.0000 0.0207
010380 0.6288 0.3505 0.0000 0.0207
010400 0.6288 0.3505 0.0000 0.0207
010420 0.6288 0.3505 0.0000 0.0207
010440 0.6288 0.3505 0.0000 0.0207
010460 0.6288 0.3505 0.0000 0.0207
010480 0.6288 0.3505 0.0000 0.0207
010500 0.6288 0.3505 0.0000 0.0207
010520 0.6288 0.3505 0.0000 0.0207
010540 0.6288 0.3505 0.0000 0.0207
010560 0.6288 0.3505 0.0000 0.0207
010580 0.6288 0.3505 0.0000 0.0207
010600 0.6288 0.3505 0.0000 0.0207
010620 0.6288 0.3505 0.0000 0.0207
010640 0.6288 0.3505 0.0000 0.0207
010660 0.6288 0.3505 0.0000 0.0207
010680 0.6288 0.3505 0.0000 0.0207
010700 0.6288 0.3505 0.0000 0.0207
010720 0.6288 0.3505 0.0000 0.0207
010740 0.6288 0.3505 0.0000 0.0207
010760 0.6288 0.3505 0.0000 0.0207
010780 0.6288 0.3505 0.0000 0.0207
010800 0.6288 0.3505 0.0000 0.0207
010820 0.6288 0.3505 0.0000 0.0207
010840 0.6288 0.3505 0.0000 0.0207
010860 0.6288 0.3505 0.0000 0.0207
010880 0.6288 0.3505 0.0000 0.0207
010900 0.6288 0.3505 0.0000 0.0207
010920 0.6288 0.3505 0.0000 0.0207
010940 0.6288 0.3505 0.0000 0.0207
010960 0.6288 0.3505 0.0000 0.0207
010980 0.6288 0.3505 0.0000 0.0207
011000 0.6288 0.3505 0.0000 0.0207
011020 0.6288 0.3505 0.0000 0.0207
011040 0.6288 0.3505 0.0000 0.0207
011060 0.6288 0.3505 0.0000 0.0207
011080 0.6288 0.3505 0.0000 0.0207
011100 0.6288 0.3505 0.0000 0.0207
011120 0.6288 0.3505 0.0000 0.0207
011140 0.6288 0.3505 0.0000 0.0207
011160 0.6288 0.3505 0.0000 0.0207
011180 0.6288 0.3505 0.0000 0.0207
011200 0.6288 0.3505 0.0000 0.0207
011220 0.6288 0.3505 0.0000 0.0207
011240 0.6288 0.3505 0.0000 0.0207
011260 0.6288 0.3505 0.0000 0.0207
011280 0.6288 0.3505 0.0000 0.0207
011300 0.6288 0.3505 0.0000 0.0207
011320 0.6288 0.3505 0.0000 0.0207
011340 0.6288 0.3505 0.0000 0.0207
011360 0.6288 0.3505 0.0000 0.0207
011380 0.6288 0.3505 0.0000 0.0207
011400 0.6288 0.3505 0.0000 0.0207
011420 0.6288 0.3505 0.0000 0.0207
011440 0.6288 0.3505 0.0000 0.0207
011460 0.6288 0.3505 0.0000 0.0207
011480 0.6288 0.3505 0.0000 0.0207
011500 0.6288 0.3505 0.0000 0.0207
011520 0.6288 0.3505 0.0000 0.0207
011540 0.6288 0.3505 0.0000 0.0207
011560 0.6288 0.3505 0.0000 0.0207
011580 0.6288 0.3505 0.0000 0.0207
011600 0.6288 0.3505 0.0000 0.0207
011620 0.6288 0.3505 0.0000 0.0207
011640 0.6288 0.3505 0.0000 0.0207
011660 0.6288 0.3505 0.0000 0.0207
011680 0.6288 0.3505 0.0000 0.0207
011700 0.6288 0.3505 0.0000 0.0207
011720 0.6288 0.3505 0.0000 0.0207
011740 0.6288 0.3505 0.0000 0.0207
011760 0.6288 0.3505 0.0000 0.0207
011780 0.6288 0.3505 0.0000 0.0207
011800 0.6288 0.3505 0.0000 0.0207
011820 0.6288 0.3505 0.0000 0.0207
011840 0.6288 0.3505 0.0000 0.0207
011860 0.6288 0.3505 0.0000 0.0207
011880 0.6288 0.3505 0.0000 0.0207
011900 0.6288 0.3505 0.0000 0.0207
011920 0.6288 0.3505 0.0000 0.0207
011940 0.6288 0.3505 0.0000 0.0207
011960 0.6288 0.3505 0.0000 0.0207
011980 0.6288 0.3505 0.0000 0.0207
012000 0.6288 0.3505 0.0000 0.0207
012020 0.6288 0.3505 0.0000 0.0207
012040 0.6288 0.3505 0.0000 0.0207
012060 0.6288 0.3505 0.0000 0.0207
012080 0.6288 0.3505 0.0000 0.0207
012100 0.6288 0.3505 0.0000 0.0207
012120 0.6288 0.3505 0.0000 0.0207
012140 0.6288 0.3505 0.0000 0.0207
012160 0.6288 0.3505 0.0000 0.0207
012180 0.6288 0.3505 0.0000 0.0207
012200 0.6288 0.3505 0.0000 0.0207
012220 0.6288 0.3505 0.0000 0.0207
012240 0.6288 0.3505 0.0000 0.0207
012260 0.6288 0.3505 0.0000 0.0207
012280 0.6288 0.3505 0.0000 0.0207
012300 0.6288 0.3505 0.0000 0.0207
012320 0.6288 0.3505 0.0000 0.0207
012340 0.6288 0.3505 0.0000 0.0207
012360 0.6288 0.3505 0.0000 0.0207
012380 0.6288 0.3505 0.0000 0.0207
012400 0.6288 0.3505 0.0000 0.0207
012420 0.6288 0.3505 0.0000 0.0207
012440 0.6288 0.3505 0.0000 0.0207
012460 0.6288 0.3505 0.0000 0.0207
012480 0.6288 0.3505 0.0000 0.0207
012500 0.6288 0.3505 0.0000 0.0207
012520 0.6288 0.3505 0.0000 0.0207
012540 0.6288 0.3505 0.0000 0.0207
012560 0.6288 0.3505 0.0000 0.0207
012580 0.6288 0.3505 0.0000 0.0207
012600 0.6288 0.3505 0.0000 0.0207
012620 0.6288 0.3505 0.0000 0.0207
012640 0.6288 0.3505 0.0000 0.0207
012660 0.6288 0.3505 0.0000 0.0207
012680 0.6288 0.3505 0.0000 0.0207
012700 0.6288 0.3505 0.0000 0.0207
012720 0.6288 0.3505 0.0000 0.0207
012740 0.6288 0.3505 0.0000 0.0207
012760 0.6288 0.3505 0.0000 0.0207
012780 0.6288 0.3505 0.0000 0.0207
012800 0.6288 0.3505 0.0000 0.0207
012820 0.6288 0.3505 0.0000 0.0207
012840 0.6288 0.3505 0.0000 0.0207
012860 0.6288 0.3505 0.0000 0.0207
012880 0.6288 0.3505 0.0000 0.0207
012900 0.6288 0.3505 0.0000 0.0207
012920 0.6288 0.3505 0.0000 0.0207
012940 0.6288 0.3505 0.0000 0.0207
012960 0.6288 0.3505 0.0000 0.0207
012980 0.6288 0.3505 0.0000 0.0207
013000 0.6288 0.3505 0.0000 0.0207
013020 0.6288 0.3505 0.0000 0.0207
013040 0.6288 0.3505 0.0000 0.0207
013060 0.6288 0.3505 0.0000 0.0207
013080 0.6288 0.3505 0.0000 0.0207
013100 0.6288 0.3505 0.0000 0.0207
013120 0.6288 0.3505 0.0000 0.0207
013140 0.6288 0.3505 0.0000 0.0207
013160 0.6288 0.3505 0.0000 0.0207
013180 0.6288 0.3505 0.0000 0.0207
013200 0.6288 0.3505 0.0000 0.0207
013220 0.6288 0.3505 0.0000 0.0207
013240 0.6288 0.3505 0.0000 0.0207
013260 0.6288 0.3505 0.0000 0.0207
013280 0.6288 0.3505 0.0000 0.0207
013300 0.6288 0.3505 0.0000 0.0207
013320 0.6288 0.3505 0.0000 0.0207
013340 0.6288 0.3505 0.0000 0.0207
013360 0.6288 0.3505 0.0000 0.0207
013380 0.6288 0.3505 0.0000 0.0207
013400 0.6288 0.3505 0.0000 0.0207
013420 0.6288 0.3505 0.0000 0.0207
013440 0.6288 0.3505 0.0000 0.0207
013460 0.6288 0.3505 0.0000 0.0207
013480 0.6288 0.3505 0.0000 0.0207
013500 0.6288 0.3505 0.0000 0.0207
013520 0.6288 0.3505 0.0000 0.0207
013540 0.6288 0.3505 0.0000 0.0207
013560 0.6288 0.3505 0.0000 0.0207
013580 0.6288 0.3505 0.0000 0.0207
013600 0.6288 0.3505 0.0000 0.0207
013620 0.6288 0.3505 0.0000 0.0207
013640 0.6288 0.3505 0.0000 0.0207
013660 0.6288 0.3505 0.0000 0.0207
013680 0.6288 0.3505 0.0000 0.0207
013700 0.6288 0.3505 0.0000 0.0207
013720 0.6288 0.3505 0.0000 0.0207
013740 0.6288 0.3505 0.0000 0.0207
013760 0.6288 0.3505 0.0000 0.0207
013780 0.6288 0.3505 0.0000 0.0207
013800 0.6288 0.3505 0.0000 0.0207
013820 0.6288 0.3505 0.0000 0.0207
013840 0.6288 0.3505 0.0000 0.0207
013860 0.6288 0.3505 0.0000 0.0207
013880 0.6288 0.3505 0.0000 0.0207
013900 0.6288 0.3505 0.0000 0.0207
013920 0.6288 0.3505 0.0000 0.0207
013940 0.6288 0.3505 0.0000 0.0207
013960 0.6288 0.3505 0.0000 0.0207
013980 0.6288 0.3505 0.0000 0.0207
014000 0.6288 0.3505 0.0000 0.0207
014020 0.6288 0.3505 0.0000 0.0207
014040 0.6288 0.3505 0.0000 0.0207
014060 0.6288 0.3505 0.0000 0.0207
014080 0.6288 0.3505 0.0000 0.0207
014100 0.6288 0.3505 0.0000 0.0207
014120 0.6288 0.3505 0.0000 0.0207
014140 0.6288 0.3505 0.0000 0.0207
014160 0.6288 0.3505 0.0000 0.0207
014180 0.6288 0.3505 0.0000 0.0207
014200 0.6288 0.3505 0.0000 0.0207
014220 0.6288 0.3505 0.0000 0.0207
014240 0.6288 0.3505 0.0000 0.0207
014260 0.6288 0.3505 0.0000 0.0207
014280 0.6288 0.3505 0.0000 0.0207
014300 0.6288 0.3505 0.0000 0.0207
014320 0.6288 0.3505 0.0000 0.0207
014340 0.6288 0.3505 0.0000 0.0207
014360 0.6288 0.3505 0.0000 0.0207
014380 0.6288 0.3505 0.0000 0.0207
014400 0.6288 0.3505 0.0000 0.0207
014420 0.6288 0.3505 0.0000 0.0207
014440 0.6288 0.3505 0.0000 0.0207
014460 0.6288 0.3505 0.0000 0.0207
014480 0.6288 0.3505 0.0000 0.0207
014500 0.6288 0.3505 0.0000 0.0207
014520 0.6288 0.3505 0.0000 0.0207
014540 0.6288 0.3505 0.0000 0.0207
014560 0.6288 0.3505 0.0000 0.0207
014580 0.6288 0.3505 0.0000 0.0207
014600 0.6288 0.3505 0.0000 0.0207
014620 0.6288 0.3505 0.0000 0.0207
014640 0.6288 0.3505 0.0000 0.0207
014660 0.6288 0.3505 0.0000 0.0207
014680 0.6288 0.3505 0.0000 0.0207
014700 0.6288 0.3505 0.0000 0.0207
014720 0.6288 0.3505 0.0000 0.0207
014740 0.6288 0.3505 0.0000 0.0207
014760 0.6288 0.3505 0.0000 0.0207
014780 0.6288 0.3505 0.0000 0.0207
014800 0.6288 0.3505 0.0000 0.0207
014820 0.6288 0.3505 0.0000 0.0207
014840 0.6288 0.3505 0.0000 0.0207
014860 0.6288 0.3505 0.0000 0.0207
014880 0.6288 0.3505 0.0000 0.0207
014900 0.6288 0.3505 0.0000 0.0207
014920 0.6288 0.3505 0.0000 0.0207
014940 0.6288 0.3505 0.0000 0.0207
014960 0.6288 0.3505 0.0000 0.0207
014980 0.6288 0.3505 0.0000 0.0207
015000 0.6288 0.3505 0.0000 0.0207
015020 0.6288 0.3505 0.0000 0.0207
015040 0.6288 0.3505 0.0000 0.0207
015060 0.6288 0.3505 0.0000 0.0207
015080 0.6288 0.3505 0.0000 0.0207
015100 0.6288 0.3505 0.0000 0.0207
015120 0.6288 0.3505 0.0000 0.0207
015140 0.6288 0.3505 0.0000 0.0207
015160 0.6288 0.3505 0.0000 0.0207
015180 0.6288 0.3505 0.0000 0.0207
015200 0.6288 0.3505 0.0000 0.0207
015220 0.6288 0.3505 0.0000 0.0207
015240 0.6288 0.3505 0.0000 0.0207
015260 0.6288 0.3505 0.0000 0.0207
015280 0.6288 0.3505 0.0000 0.0207
015300 0.6288 0.3505 0.0000 0.0207
015320 0.6288 0.3505 0.0000 0.0207
015340 0.6288 0.3505 0.0000 0.0207
015360 0.6288 0.3505 0.0000 0.0207
015380 0.6288 0.3505 0.0000 0.0207
015400 0.6288 0.3505 0.0000 0.0207
015420 0.6288 0.3505 0.0000 0.0207
015440 0.6288 0.3505 0.0000 0.0207
015460 0.6288 0.3505 0.0000 0.0207
015480 0.6288 0.3505 0.0000 0.0207
015500 0.6288 0.3505 0.0000 0.0207
015520 0.6288 0.3505 0.0000 0.0207
015540 0.6288 0.3505 0.0000 0.0207
015560 0.6288 0.3505 0.0000 0.0207
015580 0.6288 0.3505 0.0000 0.0207
015600 0.6288 0.3505 0.0000 0.0207
015620 0.6288 0.3505 0.0000 0.0207
015640 0.6288 0.3505 0.0000 0.0207
015660 0.6288 0.3505 0.0000 0.0207
015680 0.6288 0.3505 0.0000 0.0207
015700 0.6288 0.3505 0.0000 0.0207
015720 0.6288 0.3505 0.0000 0.0207
015740 0.6288 0.3505 0.0000 0.0207
015760 0.6288 0.3505 0.0000 0.0207
015780 0.6288 0.3505 0.0000 0.0207
015800 0.6288 0.3505 0.0000 0.0207
015820 0.6288 0.3505 0.0000 0.0207
015840 0.6288 0.3505 0.0000 0.0207
015860 0.6288 0.3505 0.0000 0.0207
015880 0.6288 0.3505 0.0000 0.0207
015900 0.6288 0.3505 0.0000 0.0207
015920 0.6288 0.3505 0.0000 0.0207
015940 0.6288 0.3505 0.0000 0.0207
015960 0.6288 0.3505 0.0000 0.0207
015980 0.6288 0.3505 0.0000 0.0207
016000 0.6288 0.3505 0.0000 0.0207
016020 0.6288 0.3505 0.0000 0.0207
016040 0.6288 0.3505 0.0000 0.0207
016060 0.6288 0.3505 0.0000 0.0207
016080 0.6288 0.3505 0.0000 0.0207
016100 0.6288 0.3505 0.0000 0.0207
016120 0.6288 0.3505 0.0000 0.0207
016140 0.6288 0.3505 0.0000 0.0207
016160 0.6288 0.3505 0.0000 0.0207
016180 0.6288 0.3505 0.0000 0.0207
016200 0.6288 0.3505 0.0000 0.0207
016220 0.6288 0.3505 0.0000 0.0207
016240 0.6288 0.3505 0.0000 0.0207
016260 0.6288 0.3505 0.0000 0.0207
016280 0.6288 0.3505 0.0000 0.0207
016300 0.6288 0.3505 0.0000 0.0207
016320 0.6288 0.3505 0.0000 0.0207
016340 0.6288 0.3505 0.0000 0.0207
016360 0.6288 0.3505 0.0000 0.0207
016380 0.6288 0.3505 0.0000 0.0207
016400 0.6288 0.3505 0.0000 0.0207
016420 0.6288 0.3505 0.0000 0.0207
016440 0.6288 0.3505 0.0000 0.0207
016460 0.6288 0.3505 0.0000 0.0207
016480 0.6288 0.3505 0.0000 0.0207
016500 0.6288 0.3505 0.0000 0.0207
016520 0.6288 0.3505 0.0000 0.0207
016540 0.6288 0.3505 0.0000 0.0207
016560 0.6288 0.3505 0.0000 0.0207
016580 0.6288 0.3505 0.0000 0.0207
016600 0.6288 0.3505 0.0000 0.0207
016620 0.6288 0.3505 0.0000 0.0207
016640 0.6288 0.3505 0.0000 0.0207
016660 0.6288 0.3505 0.0000 0.0207
016680 0.6288 0.3505 0.0000 0.0207
016700 0.6288 0.3505 0.0000 0.0207
016720 0.6288 0.3505 0.0000 0.0207
016740 0.6288 0.3505 0.0000 0.0207
016760 0.6288 0.3505 0.0000 0.0207
016780 0.6288 0.3505 0.0000 0.0207
016800 0.6288 0.3505 0.0000 0.0207
016820 0.6288 0.3505 0.0000 0.0207
016840 0.6288 0.3505 0.0000 0.0207
016860 0.6288 0.3505 0.0000 0.0207
016880 0.6288 0.3505 0.0000 0.0207
016900 0.6288 0.3505 0.0000 0.0207
016920 0.6288 0.3505 0.0000 0.0207
016940 0.6288 0.3505 0.0000 0.0207
016960 0.6288 0.3505 0.0000 0.0207
016980 0.6288 0.3505 0.0000 0.0207
017000 0.6288 0.3505 0.0000 0.0207
017020 0.6288 0.3505 0.0000 0.0207
017040 0.6288 0.3505 0.0000 0.0207
017060 0.6288 0.3505 0.0000 0.0207
017080 0.6288 0.3505 0.0000 0.0207
017100 0.6288 0.3505 0.0000 0.0207
017120 0.6288 0.3505 0.0000 0.0207
017140 0.6288 0.3505 0.0000 0.0207
017160 0.6288 0.3505 0.0000 0.0207
017180 0.6288 0.3505 0.0000 0.0207
017200 0.6288 0.3505 0.0000 0.0207
017220 0.6288 0.3505 0.0000 0.0207
017240 0.6288 0.3505 0.0000 0.0207
017260 0.6288 0.3505 0.0000 0.0207
017280 0.6288 0.3505 0.0000 0.0207
017300 0.6288 0.3505 0.0000 0.0207
017320 0.6288 0.3505 0.0000 0.0207
017340 0.6288 0.3505 0.0000 0.0207
017360 0.6288 0.3505 0.0000 0.0207
017380 0.6288 0.3505 0.0000 0.0207
017400 0.6288 0.3505 0.0000 0.0207
017420 0.6288 0.3505 0.0000 0.0207
017440 0.6288 0.3505 0.0000 0.0207
017460 0.6288 0.3505 0.0000 0.0207
017480 0.6288 0.3505 0.0000 0.0207
017500 0.6288 0.3505 0.0000 0.0207
017520 0.6288 0.3505 0.0000 0.0207
017540 0.6288 0.3505 0.0000 0.0207
017560 0.6288 0.3505 0.0000 0.0207
017580 0.6288 0.3505 0.0000 0.0207
017600 0.6288 0.3505 0.0000 0.0207
017620 0.6288 0.3505 0.0000 0.0207
017640 0.6288 0.3505 0.0000 0.0207
017660 0.6288 0.3505 0.0000 0.0207
017680 0.6288 0.3505 0.0000 0.0207
017700 0.6288 0.3505 0.0000 0.0207
017720 0.6288 0.3505 0.0000 0.0207
017740 0.6288 0.3505 0.0000 0.0207
017760 0.6288 0.3505 0.0000 0.0207
017780 0.6288 0.3505 0.0000 0.0207
017800 0.6288 0.3505 0.0000 0.0207
017820 0.6288 0.3505 0.0000 0.0207
017840 0.6288 0.3505 0.0000 0.0207
017860 0.6288 0.3505 0.0000 0.0207
017880 0.6288 0.3505 0.0000 0.0207
017900 0.6288 0.3505 0.0000 0.0207
017920 0.6288 0.3505 0.0000 0.0207
017940 0.6288 0.3505 0.0000 0.0207
017960 0.6288 0.3505 0.0000 0.0207
017980 0.6288 0.3505 0.0000 0.0207
018000 0.6288 0.3505 0.0000 0.0207
018020 0.6288 0.3505 0.0000 0.0207
018040 0.6288 0.3505 0.0000 0.0207
018060 0.6288 0.3505 0.0000 0.0207
018080 0.6288 0.3505 0.0000 0.0207
018100 0.6288 0.3505 0.0000 0.0207
018120 0.6288 0.3505 0.0000 0.0207
018140 0.6288 0.3505 0.0000 0.0207
018160 0.6288 0.3505 0.0000 0.0207
018180 0.6288 0.3505 0.0000 0.0207
018200 0.6288 0.3505 0.0000 0.0207
018220 0.6288 0.3505 0.0000 0.0207
018240 0.6288 0.3505 0.0000 0.0207
018260 0.6288 0.3505 0.0000 0.0207
018280 0.6288 0.3505 0.0000 0.0207
018300 0.6288 0.3505 0.0000 0.0207
018320 0.6288 0.3505 0.0000 0.0207
018340 0.6288 0.3505 0.0000 0.0207
018360 0.6288 0.3505 0.0000 0.0207
018380 0.6288 0.3505 0.0000 0.0207
018400 0.6288 0.3505 0.0000 0.0207
018420 0.6288 0.3505 0.0000 0.0207
018440 0.6288 0.3505 0.0000 0.0207
018460 0.6288 0.3505 0.0000 0.0207
018480 0.6288 0.3505 0.0000 0.0207
018500 0.6288 0.3505 0.0000 0.0207
018520 0.6288 0.3505 0.0000 0.0207
018540 0.6288 0.3505 0.0000 0.0207
018560 0.6288 0.3505 0.0000 0.0207
018580 0.6288 0.3505 0.0000 0.0207
018600 0.6288 0.3505 0.0000 0.0207
018620 0.6288 0.3505 0.0000 0.0207
018640 0.6288 0.3505 0.0000 0.0207
018660 0.6288 0.3505 0.0000 0.0207
018680 0.6288 0.3505 0.0000 0.0207
018700 0.6288 0.3505 0.0000 0.0207
018720 0.6288 0.3505 0.0000 0.0207
018740 0.6288 0.3505 0.0000 0.0207
018760 0.6288 0.3505 0.0000 0.0207
018780 0.6288 0.3505 0.0000 0.0207
018800 0.6288 0.3505 0.0000 0.0207
018820 0.6288 0.3505 0.0000 0.0207
018840 0.6288 0.3505 0.0000 0.0207
018860 0.6288 0.3505 0.0000 0.0207
018880 0.6288 0.3505 0.0000 0.0207
018900 0.6288 0.3505 0.0000 0.0207
018920 0.6288 0.3505 0.0000 0.0207
018940 0.6288 0.3505 0.0000 0.0207
018960 0.6288 0.3505 0.0000 0.0207
018980 0.6288 0.3505 0.0000 0.0207
019000 0.6288 0.3505 0.0000 0.0207
019020 0.6288 0.3505 0.0000 0.0207
019040 0.6288 0.3505 0.0000 0.0207
019060 0.6288 0.3505 0.0000 0.0207
019080 0.6288 0.3505 0.0000 0.0207
019100 0.6288 0.3505 0.0000 0.0207
019120 0.6288 0.3505 0.0000 0.0207
019140 0.6288 0.3505 0.0000 0.0207
019160 0.6288 0.3505 0.0000 0.0207
019180 0.6288 0.3505 0.0000 0.0207
019200 0.6288 0.3505 0.0000 0.0207
019220 0.6288 0.3505 0.0000 0.0207
019240 0.6288 0.3505 0.0000 0.0207
019260 0.6288 0.3505 0.0000 0.0207
019280 0.6288 0.3505 0.0000 0.0207
019300 0.6288 0.3505 0.0000 0.0207
019320 0.6288 0.3505 0.0000 0.0207
019340 0.6288 0.3505 0.0000 0.0207
019360 0.6288 0.3505 0.0000 0.0207
019380 0.6288 0.3505 0.0000 0.0207
019400 0.6288 0.3505 0.0000 0.0207
019420 0.6288 0.3505 0.0000 0.0207
019440 0.6288 0.3505 0.0000 0.0207
019460 0.6288 0.3505 0.0000 0.0207
019480 0.6288 0.3505 0.0000 0.0207
019500 0.6288 0.3505 0.0000 0.0207
019520 0.6288 0.3505 0.0000 0.0207
019540 0.6288 0.3505 0.0000 0.0207
019560 0.6288 0.3505 0.0000 0.0207
019580 0.6288 0.3505 0.0000 0.0207
019600 0.6288 0.3505 0.0000 0.0207
019620 0.6288 0.3505 0.0000 0.0207
019640 0.6288 0.3505 0.0000 0.0207
019660 0.6288 0.3505 0.0000 0.0207
019680 0.6288 0.3505 0.0000 0.0207
019700 0.6288 0.3505 0.0000 0.0207
019720 0.6288 0.3505 0.0000 0.0207
019740 0.6288 0.3505 0.0000 0.0207
019760 0.6288 0.3505 0.0000 0.0207
019780 0.6288 0.3505 0.0000 0.0207
019800 0.6288 0.3505 0.0000 0.0207
019820 0.6288 0.3505 0.0000 0.0207
019840 0.6288 0.3505 0.0000 0.0207
019860 0.6288 0.3505 0.0000 0.0207
019880 0.6288 0.3505 0.0000 0.0207
019900 0.6288 0.3505 0.0000 0.0207
019920 0.6288 0.3505 0.0000 0.0207
019940 0.6288 0.3505 0.0000 0.0207
019960 0.6288 0.3505 0.0000 0.0207
019980 0.6288 0.3505 0.0000 0.0207
020000 0.6288 0.3505 0.0000 0.0207
