000000 0.2500 0.2500 0.2500 0.2500
000020 0.2597 0.2591 0.2298 0.2514
000040 0.2708 0.2691 0.2082 0.2520
000060 0.2813 0.2794 0.1877 0.2516
000080 0.2904 0.2909 0.1675 0.2513
000100 0.2995 0.3026 0.1482 0.2497
000120 0.3070 0.3155 0.1302 0.2473
000140 0.3128 0.3296 0.1132 0.2444
000160 0.3174 0.3451 0.0977 0.2398
000180 0.3214 0.3599 0.0837 0.2349
000200 0.3239 0.3761 0.0706 0.2295
000220 0.3246 0.3941 0.0582 0.2231
000240 0.3248 0.4124 0.0471 0.2157
000260 0.3238 0.4321 0.0372 0.2069
000280 0.3217 0.4527 0.0286 0.1970
000300 0.3183 0.4733 0.0210 0.1874
000320 0.3152 0.4944 0.0143 0.1760
000340 0.3106 0.5153 0.0093 0.1648
000360 0.3061 0.5371 0.0053 0.1515
000380 0.3023 0.5577 0.0026 0.1374
000400 0.2958 0.5807 0.0007 0.1228
000420 0.2895 0.6034 0.0000 0.1070
000440 0.2842 0.6254 0.0000 0.0903
000460 0.2784 0.6477 0.0000 0.0739
000480 0.2737 0.6643 0.0000 0.0619
000500 0.2724 0.6772 0.0000 0.0504
000520 0.2716 0.6872 0.0000 0.0412
000540 0.2720 0.6938 0.0000 0.0342
000560 0.2775 0.6961 0.0000 0.0264
000580 0.2878 0.6920 0.0000 0.0203
000600 0.2986 0.6837 0.0000 0.0178
000620 0.3071 0.6753 0.0000 0.0177
000640 0.3136 0.6696 0.0000 0.0167
000660 0.3210 0.6630 0.0000 0.0160
000680 0.3257 0.6563 0.0000 0.0180
000700 0.3296 0.6522 0.0000 0.0183
000720 0.3308 0.6494 0.0000 0.0198
000740 0.3292 0.6496 0.0000 0.0213
000760 0.3265 0.6503 0.0000 0.0232
000780 0.3268 0.6499 0.0000 0.0233
000800 0.3302 0.6464 0.0000 0.0234
000820 0.3353 0.6422 0.0000 0.0225
000840 0.3447 0.6345 0.0000 0.0208
000860 0.3567 0.6227 0.0000 0.0206
000880 0.3633 0.6134 0.0000 0.0233
000900 0.3678 0.6071 0.0000 0.0251
000920 0.3692 0.6043 0.0000 0.0264
000940 0.3713 0.6019 0.0000 0.0268
000960 0.3727 0.5995 0.0000 0.0277
000980 0.3751 0.5967 0.0000 0.0282
001000 0.3815 0.5910 0.0000 0.0275
001020 0.3910 0.5826 0.0000 0.0264
001040 0.4058 0.5687 0.0000 0.0255
001060 0.4233 0.5515 0.0000 0.0252
001080 0.4338 0.5398 0.0000 0.0264
001100 0.4375 0.5341 0.0000 0.0284
001120 0.4397 0.5312 0.0000 0.0291
001140 0.4431 0.5285 0.0000 0.0284
001160 0.4497 0.5210 0.0000 0.0293
001180 0.4583 0.5133 0.0000 0.0283
001200 0.4712 0.5006 0.0000 0.0282
001220 0.4830 0.4879 0.0000 0.0291
001240 0.4941 0.4747 0.0000 0.0312
001260 0.4970 0.4710 0.0000 0.0320
001280 0.4956 0.4698 0.0000 0.0347
001300 0.4927 0.4718 0.0000 0.0354
001320 0.4907 0.4719 0.0000 0.0374
001340 0.4899 0.4717 0.0000 0.0384
001360 0.4978 0.4656 0.0000 0.0367
001380 0.5066 0.4572 0.0000 0.0362
001400 0.5124 0.4508 0.0000 0.0369
001420 0.5219 0.4407 0.0000 0.0374
001440 0.5305 0.4317 0.0000 0.0378
001460 0.5428 0.4202 0.0000 0.0370
001480 0.5534 0.4105 0.0000 0.0361
001500 0.5629 0.4005 0.0000 0.0365
001520 0.5776 0.3868 0.0000 0.0356
001540 0.5860 0.3773 0.0000 0.0367
001560 0.5856 0.3749 0.0000 0.0395
001580 0.5804 0.3768 0.0000 0.0429
001600 0.5700 0.3834 0.0000 0.0466
001620 0.5650 0.3921 0.0000 0.0429
001640 0.5659 0.3911 0.0000 0.0430
001660 0.5701 0.3899 0.0000 0.0400
001680 0.5821 0.3785 0.0000 0.0395
001700 0.5883 0.3718 0.0000 0.0400
001720 0.5937 0.3661 0.0000 0.0402
001740 0.5983 0.3610 0.0000 0.0407
001760 0.5983 0.3595 0.0000 0.0422
001780 0.5946 0.3620 0.0000 0.0435
001800 0.5872 0.3673 0.0000 0.0456
001820 0.5792 0.3740 0.0000 0.0468
001840 0.5776 0.3778 0.0000 0.0446
001860 0.5758 0.3792 0.0000 0.0449
001880 0.5771 0.3808 0.0000 0.0421
001900 0.5843 0.3745 0.0000 0.0412
001920 0.5938 0.3658 0.0000 0.0404
001940 0.6043 0.3573 0.0000 0.0384
001960 0.6148 0.3462 0.0000 0.0391
001980 0.6112 0.3464 0.0000 0.0424
002000 0.6045 0.3510 0.0000 0.0445
002020 0.5965 0.3579 0.0000 0.0456
002040 0.5883 0.3660 0.0000 0.0457
002060 0.5789 0.3752 0.0000 0.0460
002080 0.5755 0.3782 0.0000 0.0462
002100 0.5763 0.3794 0.0000 0.0443
002120 0.5796 0.3769 0.0000 0.0434
002140 0.5892 0.3718 0.0000 0.0390
002160 0.6031 0.3591 0.0000 0.0378
002180 0.6136 0.3466 0.0000 0.0398
002200 0.6189 0.3402 0.0000 0.0409
002220 0.6173 0.3400 0.0000 0.0427
002240 0.6099 0.3448 0.0000 0.0453
002260 0.5999 0.3544 0.0000 0.0458
002280 0.5923 0.3635 0.0000 0.0442
002300 0.5853 0.3678 0.0000 0.0468
002320 0.5784 0.3761 0.0000 0.0455
002340 0.5824 0.3748 0.0000 0.0428
002360 0.5921 0.3677 0.0000 0.0401
002380 0.6098 0.3536 0.0000 0.0367
002400 0.6212 0.3384 0.0000 0.0404
002420 0.6180 0.3362 0.0000 0.0458
002440 0.6072 0.3457 0.0000 0.0470
002460 0.5958 0.3577 0.0000 0.0466
002480 0.5843 0.3685 0.0000 0.0473
002500 0.5782 0.3764 0.0000 0.0454
002520 0.5782 0.3806 0.0000 0.0412
002540 0.5917 0.3693 0.0000 0.0390
002560 0.6048 0.3551 0.0000 0.0401
002580 0.6136 0.3444 0.0000 0.0421
002600 0.6157 0.3425 0.0000 0.0419
002620 0.6162 0.3425 0.0000 0.0414
002640 0.6149 0.3445 0.0000 0.0406
002660 0.6083 0.3481 0.0000 0.0436
002680 0.6011 0.3544 0.0000 0.0445
002700 0.5973 0.3602 0.0000 0.0425
002720 0.5998 0.3590 0.0000 0.0412
002740 0.6053 0.3546 0.0000 0.0401
002760 0.6109 0.3490 0.0000 0.0401
002780 0.6156 0.3445 0.0000 0.0398
002800 0.6169 0.3415 0.0000 0.0416
002820 0.6135 0.3446 0.0000 0.0419
002840 0.6105 0.3469 0.0000 0.0426
002860 0.6046 0.3509 0.0000 0.0445
002880 0.5952 0.3596 0.0000 0.0452
002900 0.5929 0.3645 0.0000 0.0426
002920 0.6004 0.3600 0.0000 0.0396
002940 0.6079 0.3501 0.0000 0.0420
002960 0.6087 0.3487 0.0000 0.0426
002980 0.6103 0.3483 0.0000 0.0414
003000 0.6135 0.3454 0.0000 0.0411
003020 0.6120 0.3472 0.0000 0.0408
003040 0.6132 0.3457 0.0000 0.0410
003060 0.6090 0.3478 0.0000 0.0433
003080 0.6047 0.3507 0.0000 0.0446
003100 0.5990 0.3540 0.0000 0.0470
003120 0.5909 0.3627 0.0000 0.0464
003140 0.5832 0.3714 0.0000 0.0454
003160 0.5818 0.3742 0.0000 0.0439
003180 0.5838 0.3718 0.0000 0.0444
003200 0.5828 0.3718 0.0000 0.0454
003220 0.5844 0.3729 0.0000 0.0427
003240 0.5924 0.3667 0.0000 0.0409
003260 0.5973 0.3614 0.0000 0.0412
003280 0.5954 0.3618 0.0000 0.0427
003300 0.5955 0.3627 0.0000 0.0418
003320 0.5984 0.3593 0.0000 0.0423
003340 0.6039 0.3531 0.0000 0.0430
003360 0.6097 0.3483 0.0000 0.0420
003380 0.6093 0.3484 0.0000 0.0423
003400 0.6051 0.3522 0.0000 0.0427
003420 0.5986 0.3562 0.0000 0.0452
003440 0.5963 0.3599 0.0000 0.0438
003460 0.5923 0.3637 0.0000 0.0440
003480 0.5887 0.3661 0.0000 0.0452
003500 0.5890 0.3673 0.0000 0.0437
003520 0.5910 0.3666 0.0000 0.0424
003540 0.5963 0.3621 0.0000 0.0416
003560 0.5984 0.3592 0.0000 0.0424
003580 0.5969 0.3591 0.0000 0.0440
003600 0.5955 0.3618 0.0000 0.0427
003620 0.5954 0.3608 0.0000 0.0438
003640 0.5986 0.3583 0.0000 0.0431
003660 0.5985 0.3565 0.0000 0.0450
003680 0.5975 0.3590 0.0000 0.0435
003700 0.5949 0.3601 0.0000 0.0450
003720 0.5926 0.3619 0.0000 0.0455
003740 0.5882 0.3652 0.0000 0.0466
003760 0.5829 0.3695 0.0000 0.0476
003780 0.5800 0.3748 0.0000 0.0452
003800 0.5836 0.3743 0.0000 0.0421
003820 0.5947 0.3653 0.0000 0.0400
003840 0.6064 0.3543 0.0000 0.0392
003860 0.6147 0.3452 0.0000 0.0400
003880 0.6179 0.3415 0.0000 0.0405
003900 0.6161 0.3401 0.0000 0.0438
003920 0.6115 0.3455 0.0000 0.0430
003940 0.6043 0.3523 0.0000 0.0434
003960 0.6003 0.3571 0.0000 0.0426
003980 0.5968 0.3590 0.0000 0.0442
004000 0.5951 0.3601 0.0000 0.0449
004020 0.5907 0.3659 0.0000 0.0434
004040 0.5972 0.3626 0.0000 0.0403
004060 0.6035 0.3570 0.0000 0.0396
004080 0.6078 0.3518 0.0000 0.0404
004100 0.6081 0.3486 0.0000 0.0433
004120 0.6021 0.3521 0.0000 0.0457
004140 0.5965 0.3585 0.0000 0.0450
004160 0.5910 0.3632 0.0000 0.0458
004180 0.5917 0.3654 0.0000 0.0428
004200 0.5936 0.3639 0.0000 0.0425
004220 0.5963 0.3621 0.0000 0.0417
004240 0.5989 0.3587 0.0000 0.0424
004260 0.6053 0.3524 0.0000 0.0423
004280 0.6072 0.3494 0.0000 0.0434
004300 0.6023 0.3539 0.0000 0.0438
004320 0.6030 0.3546 0.0000 0.0424
004340 0.6016 0.3546 0.0000 0.0438
004360 0.5994 0.3575 0.0000 0.0432
004380 0.5984 0.3578 0.0000 0.0438
004400 0.5929 0.3616 0.0000 0.0455
004420 0.5893 0.3653 0.0000 0.0454
004440 0.5907 0.3658 0.0000 0.0435
004460 0.5903 0.3678 0.0000 0.0419
004480 0.5939 0.3654 0.0000 0.0407
004500 0.5983 0.3583 0.0000 0.0434
004520 0.6007 0.3557 0.0000 0.0436
004540 0.6064 0.3524 0.0000 0.0411
004560 0.6104 0.3487 0.0000 0.0409
004580 0.6104 0.3469 0.0000 0.0427
004600 0.6119 0.3466 0.0000 0.0415
004620 0.6038 0.3510 0.0000 0.0452
004640 0.5977 0.3558 0.0000 0.0465
004660 0.5917 0.3634 0.0000 0.0449
004680 0.5842 0.3710 0.0000 0.0448
004700 0.5813 0.3742 0.0000 0.0446
004720 0.5826 0.3753 0.0000 0.0421
004740 0.5926 0.3663 0.0000 0.0411
004760 0.6017 0.3584 0.0000 0.0399
004780 0.6065 0.3523 0.0000 0.0411
004800 0.6094 0.3490 0.0000 0.0416
004820 0.6122 0.3463 0.0000 0.0415
004840 0.6064 0.3487 0.0000 0.0449
004860 0.5981 0.3591 0.0000 0.0428
004880 0.5946 0.3625 0.0000 0.0429
004900 0.5941 0.3633 0.0000 0.0427
004920 0.5992 0.3590 0.0000 0.0418
004940 0.6005 0.3573 0.0000 0.0422
004960 0.6014 0.3554 0.0000 0.0432
004980 0.6035 0.3555 0.0000 0.0410
005000 0.6055 0.3517 0.0000 0.0428
005020 0.6019 0.3543 0.0000 0.0439
005040 0.6010 0.3567 0.0000 0.0424
005060 0.6030 0.3541 0.0000 0.0429
005080 0.6028 0.3519 0.0000 0.0453
005100 0.5994 0.3570 0.0000 0.0436
005120 0.5997 0.3584 0.0000 0.0419
005140 0.5972 0.3604 0.0000 0.0424
005160 0.5958 0.3584 0.0000 0.0458
005180 0.5953 0.3613 0.0000 0.0434
005200 0.5965 0.3614 0.0000 0.0422
005220 0.5925 0.3621 0.0000 0.0454
005240 0.5858 0.3664 0.0000 0.0479
005260 0.5795 0.3722 0.0000 0.0483
005280 0.5762 0.3780 0.0000 0.0457
005300 0.5792 0.3797 0.0000 0.0411
005320 0.5902 0.3704 0.0000 0.0394
005340 0.5983 0.3602 0.0000 0.0415
005360 0.6036 0.3540 0.0000 0.0424
005380 0.6046 0.3518 0.0000 0.0436
005400 0.6034 0.3539 0.0000 0.0427
005420 0.6064 0.3525 0.0000 0.0411
005440 0.6046 0.3510 0.0000 0.0444
005460 0.6050 0.3524 0.0000 0.0425
005480 0.6064 0.3514 0.0000 0.0422
005500 0.6017 0.3534 0.0000 0.0449
005520 0.5980 0.3585 0.0000 0.0435
005540 0.5959 0.3611 0.0000 0.0431
005560 0.5951 0.3641 0.0000 0.0408
005580 0.5988 0.3606 0.0000 0.0405
005600 0.6001 0.3567 0.0000 0.0432
005620 0.6038 0.3529 0.0000 0.0432
005640 0.6028 0.3514 0.0000 0.0458
005660 0.5970 0.3573 0.0000 0.0457
005680 0.5918 0.3618 0.0000 0.0464
005700 0.5843 0.3703 0.0000 0.0453
005720 0.5809 0.3749 0.0000 0.0442
005740 0.5836 0.3741 0.0000 0.0423
005760 0.5880 0.3699 0.0000 0.0421
005780 0.5938 0.3631 0.0000 0.0430
005800 0.5975 0.3586 0.0000 0.0438
005820 0.5985 0.3580 0.0000 0.0434
005840 0.5985 0.3586 0.0000 0.0429
005860 0.6034 0.3544 0.0000 0.0423
005880 0.5996 0.3557 0.0000 0.0447
005900 0.5907 0.3614 0.0000 0.0480
005920 0.5838 0.3701 0.0000 0.0461
005940 0.5827 0.3731 0.0000 0.0442
005960 0.5841 0.3741 0.0000 0.0418
005980 0.5921 0.3683 0.0000 0.0395
006000 0.6019 0.3569 0.0000 0.0412
006020 0.6036 0.3528 0.0000 0.0436
006040 0.6042 0.3526 0.0000 0.0433
006060 0.6027 0.3541 0.0000 0.0432
006080 0.5984 0.3574 0.0000 0.0443
006100 0.5893 0.3644 0.0000 0.0464
006120 0.5870 0.3684 0.0000 0.0446
006140 0.5861 0.3708 0.0000 0.0431
006160 0.5902 0.3673 0.0000 0.0425
006180 0.5955 0.3627 0.0000 0.0418
006200 0.6026 0.3566 0.0000 0.0408
006220 0.6039 0.3538 0.0000 0.0423
006240 0.6022 0.3541 0.0000 0.0437
006260 0.5956 0.3586 0.0000 0.0458
006280 0.5875 0.3674 0.0000 0.0452
006300 0.5845 0.3718 0.0000 0.0437
006320 0.5895 0.3698 0.0000 0.0408
006340 0.6003 0.3597 0.0000 0.0400
006360 0.6086 0.3501 0.0000 0.0413
006380 0.6133 0.3436 0.0000 0.0431
006400 0.6149 0.3427 0.0000 0.0424
006420 0.6177 0.3379 0.0000 0.0445
006440 0.6087 0.3451 0.0000 0.0462
006460 0.5961 0.3577 0.0000 0.0462
006480 0.5835 0.3709 0.0000 0.0456
006500 0.5776 0.3773 0.0000 0.0451
006520 0.5767 0.3780 0.0000 0.0454
006540 0.5816 0.3769 0.0000 0.0414
006560 0.5941 0.3655 0.0000 0.0404
006580 0.6062 0.3547 0.0000 0.0391
006600 0.6169 0.3449 0.0000 0.0382
006620 0.6228 0.3359 0.0000 0.0414
006640 0.6164 0.3388 0.0000 0.0448
006660 0.6029 0.3504 0.0000 0.0467
006680 0.5930 0.3616 0.0000 0.0454
006700 0.5858 0.3701 0.0000 0.0442
006720 0.5883 0.3699 0.0000 0.0418
006740 0.5938 0.3637 0.0000 0.0425
006760 0.5989 0.3585 0.0000 0.0426
006780 0.6014 0.3559 0.0000 0.0427
006800 0.6049 0.3536 0.0000 0.0415
006820 0.6094 0.3479 0.0000 0.0427
006840 0.6128 0.3452 0.0000 0.0420
006860 0.6136 0.3448 0.0000 0.0415
006880 0.6121 0.3458 0.0000 0.0421
006900 0.6121 0.3453 0.0000 0.0426
006920 0.6087 0.3471 0.0000 0.0442
006940 0.5991 0.3557 0.0000 0.0452
006960 0.5924 0.3626 0.0000 0.0450
006980 0.5876 0.3664 0.0000 0.0461
007000 0.5833 0.3710 0.0000 0.0458
007020 0.5814 0.3746 0.0000 0.0440
007040 0.5855 0.3714 0.0000 0.0431
007060 0.5931 0.3661 0.0000 0.0409
007080 0.6020 0.3586 0.0000 0.0394
007100 0.6071 0.3517 0.0000 0.0412
007120 0.6132 0.3442 0.0000 0.0426
007140 0.6142 0.3426 0.0000 0.0432
007160 0.6019 0.3518 0.0000 0.0463
007180 0.5873 0.3659 0.0000 0.0469
007200 0.5792 0.3756 0.0000 0.0452
007220 0.5748 0.3816 0.0000 0.0437
007240 0.5758 0.3818 0.0000 0.0423
007260 0.5900 0.3692 0.0000 0.0409
007280 0.5985 0.3593 0.0000 0.0422
007300 0.6010 0.3551 0.0000 0.0439
007320 0.6050 0.3530 0.0000 0.0420
007340 0.6048 0.3531 0.0000 0.0420
007360 0.6008 0.3555 0.0000 0.0437
007380 0.5923 0.3616 0.0000 0.0461
007400 0.5865 0.3682 0.0000 0.0453
007420 0.5843 0.3731 0.0000 0.0427
007440 0.5882 0.3688 0.0000 0.0430
007460 0.5944 0.3655 0.0000 0.0402
007480 0.6042 0.3567 0.0000 0.0391
007500 0.6115 0.3489 0.0000 0.0396
007520 0.6170 0.3410 0.0000 0.0420
007540 0.6101 0.3437 0.0000 0.0462
007560 0.6051 0.3507 0.0000 0.0442
007580 0.6026 0.3534 0.0000 0.0441
007600 0.6006 0.3556 0.0000 0.0438
007620 0.6061 0.3526 0.0000 0.0413
007640 0.6080 0.3499 0.0000 0.0421
007660 0.6067 0.3503 0.0000 0.0430
007680 0.6037 0.3517 0.0000 0.0446
007700 0.5968 0.3591 0.0000 0.0442
007720 0.5944 0.3614 0.0000 0.0442
007740 0.5943 0.3626 0.0000 0.0431
007760 0.5957 0.3631 0.0000 0.0413
007780 0.5991 0.3586 0.0000 0.0423
007800 0.5975 0.3577 0.0000 0.0448
007820 0.5952 0.3618 0.0000 0.0430
007840 0.5960 0.3610 0.0000 0.0430
007860 0.5971 0.3591 0.0000 0.0438
007880 0.5965 0.3584 0.0000 0.0451
007900 0.5930 0.3630 0.0000 0.0439
007920 0.5934 0.3625 0.0000 0.0441
007940 0.5935 0.3616 0.0000 0.0449
007960 0.5969 0.3604 0.0000 0.0427
007980 0.5977 0.3582 0.0000 0.0441
008000 0.5970 0.3611 0.0000 0.0419
008020 0.6003 0.3597 0.0000 0.0400
008040 0.6028 0.3560 0.0000 0.0412
008060 0.6024 0.3539 0.0000 0.0438
008080 0.6005 0.3534 0.0000 0.0461
008100 0.5979 0.3575 0.0000 0.0446
008120 0.5976 0.3608 0.0000 0.0417
008140 0.6014 0.3576 0.0000 0.0411
008160 0.6049 0.3536 0.0000 0.0415
008180 0.6048 0.3512 0.0000 0.0440
008200 0.6009 0.3536 0.0000 0.0455
008220 0.5971 0.3588 0.0000 0.0441
008240 0.5944 0.3618 0.0000 0.0438
008260 0.5899 0.3656 0.0000 0.0446
008280 0.5860 0.3703 0.0000 0.0437
008300 0.5852 0.3710 0.0000 0.0437
008320 0.5841 0.3724 0.0000 0.0435
008340 0.5833 0.3724 0.0000 0.0443
008360 0.5893 0.3703 0.0000 0.0405
008380 0.5970 0.3639 0.0000 0.0391
008400 0.6042 0.3548 0.0000 0.0410
008420 0.6085 0.3484 0.0000 0.0431
008440 0.6047 0.3505 0.0000 0.0448
008460 0.5963 0.3571 0.0000 0.0467
008480 0.5866 0.3676 0.0000 0.0457
008500 0.5804 0.3756 0.0000 0.0440
008520 0.5795 0.3760 0.0000 0.0444
008540 0.5855 0.3728 0.0000 0.0417
008560 0.5970 0.3629 0.0000 0.0401
008580 0.6058 0.3510 0.0000 0.0432
008600 0.6036 0.3522 0.0000 0.0442
008620 0.6013 0.3561 0.0000 0.0426
008640 0.5999 0.3571 0.0000 0.0430
008660 0.6028 0.3550 0.0000 0.0422
008680 0.6054 0.3539 0.0000 0.0407
008700 0.6093 0.3494 0.0000 0.0413
008720 0.6121 0.3450 0.0000 0.0429
008740 0.6093 0.3461 0.0000 0.0446
008760 0.6046 0.3497 0.0000 0.0457
008780 0.5991 0.3543 0.0000 0.0466
008800 0.5907 0.3638 0.0000 0.0455
008820 0.5852 0.3702 0.0000 0.0446
008840 0.5830 0.3744 0.0000 0.0426
008860 0.5866 0.3713 0.0000 0.0420
008880 0.5922 0.3661 0.0000 0.0417
008900 0.5993 0.3593 0.0000 0.0414
008920 0.6073 0.3527 0.0000 0.0400
008940 0.6124 0.3445 0.0000 0.0431
008960 0.6072 0.3472 0.0000 0.0456
008980 0.6057 0.3503 0.0000 0.0440
009000 0.6002 0.3553 0.0000 0.0445
009020 0.5917 0.3629 0.0000 0.0454
009040 0.5833 0.3703 0.0000 0.0464
009060 0.5824 0.3741 0.0000 0.0435
009080 0.5893 0.3685 0.0000 0.0422
009100 0.5941 0.3650 0.0000 0.0409
009120 0.6034 0.3571 0.0000 0.0395
009140 0.6151 0.3449 0.0000 0.0400
009160 0.6189 0.3376 0.0000 0.0435
009180 0.6107 0.3431 0.0000 0.0462
009200 0.6017 0.3539 0.0000 0.0444
009220 0.5922 0.3618 0.0000 0.0461
009240 0.5806 0.3709 0.0000 0.0485
009260 0.5753 0.3780 0.0000 0.0468
009280 0.5750 0.3801 0.0000 0.0449
009300 0.5783 0.3784 0.0000 0.0433
009320 0.5899 0.3710 0.0000 0.0391
009340 0.5986 0.3602 0.0000 0.0411
009360 0.6020 0.3560 0.0000 0.0419
009380 0.6021 0.3559 0.0000 0.0420
009400 0.5996 0.3565 0.0000 0.0439
009420 0.5975 0.3587 0.0000 0.0438
009440 0.5969 0.3591 0.0000 0.0440
009460 0.5970 0.3586 0.0000 0.0444
009480 0.6018 0.3571 0.0000 0.0410
009500 0.6100 0.3516 0.0000 0.0384
009520 0.6153 0.3438 0.0000 0.0409
009540 0.6116 0.3441 0.0000 0.0443
009560 0.6028 0.3507 0.0000 0.0465
009580 0.5929 0.3601 0.0000 0.0470
009600 0.5846 0.3705 0.0000 0.0449
009620 0.5870 0.3688 0.0000 0.0442
009640 0.5897 0.3681 0.0000 0.0421
009660 0.5942 0.3633 0.0000 0.0425
009680 0.5989 0.3593 0.0000 0.0418
009700 0.6028 0.3555 0.0000 0.0417
009720 0.5998 0.3558 0.0000 0.0445
009740 0.5970 0.3609 0.0000 0.0421
009760 0.5916 0.3638 0.0000 0.0447
009780 0.5901 0.3653 0.0000 0.0446
009800 0.5889 0.3672 0.0000 0.0439
009820 0.5885 0.3675 0.0000 0.0440
009840 0.5917 0.3647 0.0000 0.0436
009860 0.5969 0.3594 0.0000 0.0437
009880 0.6014 0.3559 0.0000 0.0427
009900 0.5981 0.3568 0.0000 0.0451
009920 0.5940 0.3607 0.0000 0.0453
009940 0.5841 0.3692 0.0000 0.0467
009960 0.5829 0.3745 0.0000 0.0426
009980 0.5896 0.3682 0.0000 0.0421
010000 0.5921 0.3630 0.0000 0.0448
010020 0.5939 0.3618 0.0000 0.0443
010040 0.5939 0.3618 0.0000 0.0443
010060 0.5939 0.3618 0.0000 0.0443
010080 0.5939 0.3618 0.0000 0.0443
010100 0.5939 0.3618 0.0000 0.0443
010120 0.5939 0.3618 0.0000 0.0443
010140 0.5939 0.3618 0.0000 0.0443
010160 0.5939 0.3618 0.0000 0.0443
010180 0.5939 0.3618 0.0000 0.0443
010200 0.5939 0.3618 0.0000 0.0443
010220 0.5939 0.3618 0.0000 0.0443
010240 0.5939 0.3618 0.0000 0.0443
010260 0.5939 0.3618 0.0000 0.0443
010280 0.5939 0.3618 0.0000 0.0443
010300 0.5939 0.3618 0.0000 0.0443
010320 0.5939 0.3618 0.0000 0.0443
010340 0.5939 0.3618 0.0000 0.0443
010360 0.5939 0.3618 0.0000 0.0443
010380 0.5939 0.3618 0.0000 0.0443
010400 0.5939 0.3618 0.0000 0.0443
010420 0.5939 0.3618 0.0000 0.0443
010440 0.5939 0.3618 0.0000 0.0443
010460 0.5939 0.3618 0.0000 0.0443
010480 0.5939 0.3618 0.0000 0.0443
010500 0.5939 0.3618 0.0000 0.0443
010520 0.5939 0.3618 0.0000 0.0443
010540 0.5939 0.3618 0.0000 0.0443
010560 0.5939 0.3618 0.0000 0.0443
010580 0.5939 0.3618 0.0000 0.0443
010600 0.5939 0.3618 0.0000 0.0443
010620 0.5939 0.3618 0.0000 0.0443
010640 0.5939 0.3618 0.0000 0.0443
010660 0.5939 0.3618 0.0000 0.0443
010680 0.5939 0.3618 0.0000 0.0443
010700 0.5939 0.3618 0.0000 0.0443
010720 0.5939 0.3618 0.0000 0.0443
010740 0.5939 0.3618 0.0000 0.0443
010760 0.5939 0.3618 0.0000 0.0443
010780 0.5939 0.3618 0.0000 0.0443
010800 0.5939 0.3618 0.0000 0.0443
010820 0.5939 0.3618 0.0000 0.0443
010840 0.5939 0.3618 0.0000 0.0443
010860 0.5939 0.3618 0.0000 0.0443
010880 0.5939 0.3618 0.0000 0.0443
010900 0.5939 0.3618 0.0000 0.0443
010920 0.5939 0.3618 0.0000 0.0443
010940 0.5939 0.3618 0.0000 0.0443
010960 0.5939 0.3618 0.0000 0.0443
010980 0.5939 0.3618 0.0000 0.0443
011000 0.5939 0.3618 0.0000 0.0443
011020 0.5939 0.3618 0.0000 0.0443
011040 0.5939 0.3618 0.0000 0.0443
011060 0.5939 0.3618 0.0000 0.0443
011080 0.5939 0.3618 0.0000 0.0443
011100 0.5939 0.3618 0.0000 0.0443
011120 0.5939 0.3618 0.0000 0.0443
011140 0.5939 0.3618 0.0000 0.0443
011160 0.5939 0.3618 0.0000 0.0443
011180 0.5939 0.3618 0.0000 0.0443
011200 0.5939 0.3618 0.0000 0.0443
011220 0.5939 0.3618 0.0000 0.0443
011240 0.5939 0.3618 0.0000 0.0443
011260 0.5939 0.3618 0.0000 0.0443
011280 0.5939 0.3618 0.0000 0.0443
011300 0.5939 0.3618 0.0000 0.0443
011320 0.5939 0.3618 0.0000 0.0443
011340 0.5939 0.3618 0.0000 0.0443
011360 0.5939 0.3618 0.0000 0.0443
011380 0.5939 0.3618 0.0000 0.0443
011400 0.5939 0.3618 0.0000 0.0443
011420 0.5939 0.3618 0.0000 0.0443
011440 0.5939 0.3618 0.0000 0.0443
011460 0.5939 0.3618 0.0000 0.0443
011480 0.5939 0.3618 0.0000 0.0443
011500 0.5939 0.3618 0.0000 0.0443
011520 0.5939 0.3618 0.0000 0.0443
011540 0.5939 0.3618 0.0000 0.0443
011560 0.5939 0.3618 0.0000 0.0443
011580 0.5939 0.3618 0.0000 0.0443
011600 0.5939 0.3618 0.0000 0.0443
011620 0.5939 0.3618 0.0000 0.0443
011640 0.5939 0.3618 0.0000 0.0443
011660 0.5939 0.3618 0.0000 0.0443
011680 0.5939 0.3618 0.0000 0.0443
011700 0.5939 0.3618 0.0000 0.0443
011720 0.5939 0.3618 0.0000 0.0443
011740 0.5939 0.3618 0.0000 0.0443
011760 0.5939 0.3618 0.0000 0.0443
011780 0.5939 0.3618 0.0000 0.0443
011800 0.5939 0.3618 0.0000 0.0443
011820 0.5939 0.3618 0.0000 0.0443
011840 0.5939 0.3618 0.0000 0.0443
011860 0.5939 0.3618 0.0000 0.0443
011880 0.5939 0.3618 0.0000 0.0443
011900 0.5939 0.3618 0.0000 0.0443
011920 0.5939 0.3618 0.0000 0.0443
011940 0.5939 0.3618 0.0000 0.0443
011960 0.5939 0.3618 0.0000 0.0443
011980 0.5939 0.3618 0.0000 0.0443
012000 0.5939 0.3618 0.0000 0.0443
012020 0.5939 0.3618 0.0000 0.0443
012040 0.5939 0.3618 0.0000 0.0443
012060 0.5939 0.3618 0.0000 0.0443
012080 0.5939 0.3618 0.0000 0.0443
012100 0.5939 0.3618 0.0000 0.0443
012120 0.5939 0.3618 0.0000 0.0443
012140 0.5939 0.3618 0.0000 0.0443
012160 0.5939 0.3618 0.0000 0.0443
012180 0.5939 0.3618 0.0000 0.0443
012200 0.5939 0.3618 0.0000 0.0443
012220 0.5939 0.3618 0.0000 0.0443
012240 0.5939 0.3618 0.0000 0.0443
012260 0.5939 0.3618 0.0000 0.0443
012280 0.5939 0.3618 0.0000 0.0443
012300 0.5939 0.3618 0.0000 0.0443
012320 0.5939 0.3618 0.0000 0.0443
012340 0.5939 0.3618 0.0000 0.0443
012360 0.5939 0.3618 0.0000 0.0443
012380 0.5939 0.3618 0.0000 0.0443
012400 0.5939 0.3618 0.0000 0.0443
012420 0.5939 0.3618 0.0000 0.0443
012440 0.5939 0.3618 0.0000 0.0443
012460 0.5939 0.3618 0.0000 0.0443
012480 0.5939 0.3618 0.0000 0.0443
012500 0.5939 0.3618 0.0000 0.0443
012520 0.5939 0.3618 0.0000 0.0443
012540 0.5939 0.3618 0.0000 0.0443
012560 0.5939 0.3618 0.0000 0.0443
012580 0.5939 0.3618 0.0000 0.0443
012600 0.5939 0.3618 0.0000 0.0443
012620 0.5939 0.3618 0.0000 0.0443
012640 0.5939 0.3618 0.0000 0.0443
012660 0.5939 0.3618 0.0000 0.0443
012680 0.5939 0.3618 0.0000 0.0443
012700 0.5939 0.3618 0.0000 0.0443
012720 0.5939 0.3618 0.0000 0.0443
012740 0.5939 0.3618 0.0000 0.0443
012760 0.5939 0.3618 0.0000 0.0443
012780 0.5939 0.3618 0.0000 0.0443
012800 0.5939 0.3618 0.0000 0.0443
012820 0.5939 0.3618 0.0000 0.0443
012840 0.5939 0.3618 0.0000 0.0443
012860 0.5939 0.3618 0.0000 0.0443
012880 0.5939 0.3618 0.0000 0.0443
012900 0.5939 0.3618 0.0000 0.0443
012920 0.5939 0.3618 0.0000 0.0443
012940 0.5939 0.3618 0.0000 0.0443
012960 0.5939 0.3618 0.0000 0.0443
012980 0.5939 0.3618 0.0000 0.0443
013000 0.5939 0.3618 0.0000 0.0443
013020 0.5939 0.3618 0.0000 0.0443
013040 0.5939 0.3618 0.0000 0.0443
013060 0.5939 0.3618 0.0000 0.0443
013080 0.5939 0.3618 0.0000 0.0443
013100 0.5939 0.3618 0.0000 0.0443
013120 0.5939 0.3618 0.0000 0.0443
013140 0.5939 0.3618 0.0000 0.0443
013160 0.5939 0.3618 0.0000 0.0443
013180 0.5939 0.3618 0.0000 0.0443
013200 0.5939 0.3618 0.0000 0.0443
013220 0.5939 0.3618 0.0000 0.0443
013240 0.5939 0.3618 0.0000 0.0443
013260 0.5939 0.3618 0.0000 0.0443
013280 0.5939 0.3618 0.0000 0.0443
013300 0.5939 0.3618 0.0000 0.0443
013320 0.5939 0.3618 0.0000 0.0443
013340 0.5939 0.3618 0.0000 0.0443
013360 0.5939 0.3618 0.0000 0.0443
013380 0.5939 0.3618 0.0000 0.0443
013400 0.5939 0.3618 0.0000 0.0443
013420 0.5939 0.3618 0.0000 0.0443
013440 0.5939 0.3618 0.0000 0.0443
013460 0.5939 0.3618 0.0000 0.0443
013480 0.5939 0.3618 0.0000 0.0443
013500 0.5939 0.3618 0.0000 0.0443
013520 0.5939 0.3618 0.0000 0.0443
013540 0.5939 0.3618 0.0000 0.0443
013560 0.5939 0.3618 0.0000 0.0443
013580 0.5939 0.3618 0.0000 0.0443
013600 0.5939 0.3618 0.0000 0.0443
013620 0.5939 0.3618 0.0000 0.0443
013640 0.5939 0.3618 0.0000 0.0443
013660 0.5939 0.3618 0.0000 0.0443
013680 0.5939 0.3618 0.0000 0.0443
013700 0.5939 0.3618 0.0000 0.0443
013720 0.5939 0.3618 0.0000 0.0443
013740 0.5939 0.3618 0.0000 0.0443
013760 0.5939 0.3618 0.0000 0.0443
013780 0.5939 0.3618 0.0000 0.0443
013800 0.5939 0.3618 0.0000 0.0443
013820 0.5939 0.3618 0.0000 0.0443
013840 0.5939 0.3618 0.0000 0.0443
013860 0.5939 0.3618 0.0000 0.0443
013880 0.5939 0.3618 0.0000 0.0443
013900 0.5939 0.3618 0.0000 0.0443
013920 0.5939 0.3618 0.0000 0.0443
013940 0.5939 0.3618 0.0000 0.0443
013960 0.5939 0.3618 0.0000 0.0443
013980 0.5939 0.3618 0.0000 0.0443
014000 0.5939 0.3618 0.0000 0.0443
014020 0.5939 0.3618 0.0000 0.0443
014040 0.5939 0.3618 0.0000 0.0443
014060 0.5939 0.3618 0.0000 0.0443
014080 0.5939 0.3618 0.0000 0.0443
014100 0.5939 0.3618 0.0000 0.0443
014120 0.5939 0.3618 0.0000 0.0443
014140 0.5939 0.3618 0.0000 0.0443
014160 0.5939 0.3618 0.0000 0.0443
014180 0.5939 0.3618 0.0000 0.0443
014200 0.5939 0.3618 0.0000 0.0443
014220 0.5939 0.3618 0.0000 0.0443
014240 0.5939 0.3618 0.0000 0.0443
014260 0.5939 0.3618 0.0000 0.0443
014280 0.5939 0.3618 0.0000 0.0443
014300 0.5939 0.3618 0.0000 0.0443
014320 0.5939 0.3618 0.0000 0.0443
014340 0.5939 0.3618 0.0000 0.0443
014360 0.5939 0.3618 0.0000 0.0443
014380 0.5939 0.3618 0.0000 0.0443
014400 0.5939 0.3618 0.0000 0.0443
014420 0.5939 0.3618 0.0000 0.0443
014440 0.5939 0.3618 0.0000 0.0443
014460 0.5939 0.3618 0.0000 0.0443
014480 0.5939 0.3618 0.0000 0.0443
014500 0.5939 0.3618 0.0000 0.0443
014520 0.5939 0.3618 0.0000 0.0443
014540 0.5939 0.3618 0.0000 0.0443
014560 0.5939 0.3618 0.0000 0.0443
014580 0.5939 0.3618 0.0000 0.0443
014600 0.5939 0.3618 0.0000 0.0443
014620 0.5939 0.3618 0.0000 0.0443
014640 0.5939 0.3618 0.0000 0.0443
014660 0.5939 0.3618 0.0000 0.0443
014680 0.5939 0.3618 0.0000 0.0443
014700 0.5939 0.3618 0.0000 0.0443
014720 0.5939 0.3618 0.0000 0.0443
014740 0.5939 0.3618 0.0000 0.0443
014760 0.5939 0.3618 0.0000 0.0443
014780 0.5939 0.3618 0.0000 0.0443
014800 0.5939 0.3618 0.0000 0.0443
014820 0.5939 0.3618 0.0000 0.0443
014840 0.5939 0.3618 0.0000 0.0443
014860 0.5939 0.3618 0.0000 0.0443
014880 0.5939 0.3618 0.0000 0.0443
014900 0.5939 0.3618 0.0000 0.0443
014920 0.5939 0.3618 0.0000 0.0443
014940 0.5939 0.3618 0.0000 0.0443
014960 0.5939 0.3618 0.0000 0.0443
014980 0.5939 0.3618 0.0000 0.0443
015000 0.5939 0.3618 0.0000 0.0443
015020 0.5939 0.3618 0.0000 0.0443
015040 0.5939 0.3618 0.0000 0.0443
015060 0.5939 0.3618 0.0000 0.0443
015080 0.5939 0.3618 0.0000 0.0443
015100 0.5939 0.3618 0.0000 0.0443
015120 0.5939 0.3618 0.0000 0.0443
015140 0.5939 0.3618 0.0000 0.0443
015160 0.5939 0.3618 0.0000 0.0443
015180 0.5939 0.3618 0.0000 0.0443
015200 0.5939 0.3618 0.0000 0.0443
015220 0.5939 0.3618 0.0000 0.0443
015240 0.5939 0.3618 0.0000 0.0443
015260 0.5939 0.3618 0.0000 0.0443
015280 0.5939 0.3618 0.0000 0.0443
015300 0.5939 0.3618 0.0000 0.0443
015320 0.5939 0.3618 0.0000 0.0443
015340 0.5939 0.3618 0.0000 0.0443
015360 0.5939 0.3618 0.0000 0.0443
015380 0.5939 0.3618 0.0000 0.0443
015400 0.5939 0.3618 0.0000 0.0443
015420 0.5939 0.3618 0.0000 0.0443
015440 0.5939 0.3618 0.0000 0.0443
015460 0.5939 0.3618 0.0000 0.0443
015480 0.5939 0.3618 0.0000 0.0443
015500 0.5939 0.3618 0.0000 0.0443
015520 0.5939 0.3618 0.0000 0.0443
015540 0.5939 0.3618 0.0000 0.0443
015560 0.5939 0.3618 0.0000 0.0443
015580 0.5939 0.3618 0.0000 0.0443
015600 0.5939 0.3618 0.0000 0.0443
015620 0.5939 0.3618 0.0000 0.0443
015640 0.5939 0.3618 0.0000 0.0443
015660 0.5939 0.3618 0.0000 0.0443
015680 0.5939 0.3618 0.0000 0.0443
015700 0.5939 0.3618 0.0000 0.0443
015720 0.5939 0.3618 0.0000 0.0443
015740 0.5939 0.3618 0.0000 0.0443
015760 0.5939 0.3618 0.0000 0.0443
015780 0.5939 0.3618 0.0000 0.0443
015800 0.5939 0.3618 0.0000 0.0443
015820 0.5939 0.3618 0.0000 0.0443
015840 0.5939 0.3618 0.0000 0.0443
015860 0.5939 0.3618 0.0000 0.0443
015880 0.5939 0.3618 0.0000 0.0443
015900 0.5939 0.3618 0.0000 0.0443
015920 0.5939 0.3618 0.0000 0.0443
015940 0.5939 0.3618 0.0000 0.0443
015960 0.5939 0.3618 0.0000 0.0443
015980 0.5939 0.3618 0.0000 0.0443
016000 0.5939 0.3618 0.0000 0.0443
016020 0.5939 0.3618 0.0000 0.0443
016040 0.5939 0.3618 0.0000 0.0443
016060 0.5939 0.3618 0.0000 0.0443
016080 0.5939 0.3618 0.0000 0.0443
016100 0.5939 0.3618 0.0000 0.0443
016120 0.5939 0.3618 0.0000 0.0443
016140 0.5939 0.3618 0.0000 0.0443
016160 0.5939 0.3618 0.0000 0.0443
016180 0.5939 0.3618 0.0000 0.0443
016200 0.5939 0.3618 0.0000 0.0443
016220 0.5939 0.3618 0.0000 0.0443
016240 0.5939 0.3618 0.0000 0.0443
016260 0.5939 0.3618 0.0000 0.0443
016280 0.5939 0.3618 0.0000 0.0443
016300 0.5939 0.3618 0.0000 0.0443
016320 0.5939 0.3618 0.0000 0.0443
016340 0.5939 0.3618 0.0000 0.0443
016360 0.5939 0.3618 0.0000 0.0443
016380 0.5939 0.3618 0.0000 0.0443
016400 0.5939 0.3618 0.0000 0.0443
016420 0.5939 0.3618 0.0000 0.0443
016440 0.5939 0.3618 0.0000 0.0443
016460 0.5939 0.3618 0.0000 0.0443
016480 0.5939 0.3618 0.0000 0.0443
016500 0.5939 0.3618 0.0000 0.0443
016520 0.5939 0.3618 0.0000 0.0443
016540 0.5939 0.3618 0.0000 0.0443
016560 0.5939 0.3618 0.0000 0.0443
016580 0.5939 0.3618 0.0000 0.0443
016600 0.5939 0.3618 0.0000 0.0443
016620 0.5939 0.3618 0.0000 0.0443
016640 0.5939 0.3618 0.0000 0.0443
016660 0.5939 0.3618 0.0000 0.0443
016680 0.5939 0.3618 0.0000 0.0443
016700 0.5939 0.3618 0.0000 0.0443
016720 0.5939 0.3618 0.0000 0.0443
016740 0.5939 0.3618 0.0000 0.0443
016760 0.5939 0.3618 0.0000 0.0443
016780 0.5939 0.3618 0.0000 0.0443
016800 0.5939 0.3618 0.0000 0.0443
016820 0.5939 0.3618 0.0000 0.0443
016840 0.5939 0.3618 0.0000 0.0443
016860 0.5939 0.3618 0.0000 0.0443
016880 0.5939 0.3618 0.0000 0.0443
016900 0.5939 0.3618 0.0000 0.0443
016920 0.5939 0.3618 0.0000 0.0443
016940 0.5939 0.3618 0.0000 0.0443
016960 0.5939 0.3618 0.0000 0.0443
016980 0.5939 0.3618 0.0000 0.0443
017000 0.5939 0.3618 0.0000 0.0443
017020 0.5939 0.3618 0.0000 0.0443
017040 0.5939 0.3618 0.0000 0.0443
017060 0.5939 0.3618 0.0000 0.0443
017080 0.5939 0.3618 0.0000 0.0443
017100 0.5939 0.3618 0.0000 0.0443
017120 0.5939 0.3618 0.0000 0.0443
017140 0.5939 0.3618 0.0000 0.0443
017160 0.5939 0.3618 0.0000 0.0443
017180 0.5939 0.3618 0.0000 0.0443
017200 0.5939 0.3618 0.0000 0.0443
017220 0.5939 0.3618 0.0000 0.0443
017240 0.5939 0.3618 0.0000 0.0443
017260 0.5939 0.3618 0.0000 0.0443
017280 0.5939 0.3618 0.0000 0.0443
017300 0.5939 0.3618 0.0000 0.0443
017320 0.5939 0.3618 0.0000 0.0443
017340 0.5939 0.3618 0.0000 0.0443
017360 0.5939 0.3618 0.0000 0.0443
017380 0.5939 0.3618 0.0000 0.0443
017400 0.5939 0.3618 0.0000 0.0443
017420 0.5939 0.3618 0.0000 0.0443
017440 0.5939 0.3618 0.0000 0.0443
017460 0.5939 0.3618 0.0000 0.0443
017480 0.5939 0.3618 0.0000 0.0443
017500 0.5939 0.3618 0.0000 0.0443
017520 0.5939 0.3618 0.0000 0.0443
017540 0.5939 0.3618 0.0000 0.0443
017560 0.5939 0.3618 0.0000 0.0443
017580 0.5939 0.3618 0.0000 0.0443
017600 0.5939 0.3618 0.0000 0.0443
017620 0.5939 0.3618 0.0000 0.0443
017640 0.5939 0.3618 0.0000 0.0443
017660 0.5939 0.3618 0.0000 0.0443
017680 0.5939 0.3618 0.0000 0.0443
017700 0.5939 0.3618 0.0000 0.0443
017720 0.5939 0.3618 0.0000 0.0443
017740 0.5939 0.3618 0.0000 0.0443
017760 0.5939 0.3618 0.0000 0.0443
017780 0.5939 0.3618 0.0000 0.0443
017800 0.5939 0.3618 0.0000 0.0443
017820 0.5939 0.3618 0.0000 0.0443
017840 0.5939 0.3618 0.0000 0.0443
017860 0.5939 0.3618 0.0000 0.0443
017880 0.5939 0.3618 0.0000 0.0443
017900 0.5939 0.3618 0.0000 0.0443
017920 0.5939 0.3618 0.0000 0.0443
017940 0.5939 0.3618 0.0000 0.0443
017960 0.5939 0.3618 0.0000 0.0443
017980 0.5939 0.3618 0.0000 0.0443
018000 0.5939 0.3618 0.0000 0.0443
018020 0.5939 0.3618 0.0000 0.0443
018040 0.5939 0.3618 0.0000 0.0443
018060 0.5939 0.3618 0.0000 0.0443
018080 0.5939 0.3618 0.0000 0.0443
018100 0.5939 0.3618 0.0000 0.0443
018120 0.5939 0.3618 0.0000 0.0443
018140 0.5939 0.3618 0.0000 0.0443
018160 0.5939 0.3618 0.0000 0.0443
018180 0.5939 0.3618 0.0000 0.0443
018200 0.5939 0.3618 0.0000 0.0443
018220 0.5939 0.3618 0.0000 0.0443
018240 0.5939 0.3618 0.0000 0.0443
018260 0.5939 0.3618 0.0000 0.0443
018280 0.5939 0.3618 0.0000 0.0443
018300 0.5939 0.3618 0.0000 0.0443
018320 0.5939 0.3618 0.0000 0.0443
018340 0.5939 0.3618 0.0000 0.0443
018360 0.5939 0.3618 0.0000 0.0443
018380 0.5939 0.3618 0.0000 0.0443
018400 0.5939 0.3618 0.0000 0.0443
018420 0.5939 0.3618 0.0000 0.0443
018440 0.5939 0.3618 0.0000 0.0443
018460 0.5939 0.3618 0.0000 0.0443
018480 0.5939 0.3618 0.0000 0.0443
018500 0.5939 0.3618 0.0000 0.0443
018520 0.5939 0.3618 0.0000 0.0443
018540 0.5939 0.3618 0.0000 0.0443
018560 0.5939 0.3618 0.0000 0.0443
018580 0.5939 0.3618 0.0000 0.0443
018600 0.5939 0.3618 0.0000 0.0443
018620 0.5939 0.3618 0.0000 0.0443
018640 0.5939 0.3618 0.0000 0.0443
018660 0.5939 0.3618 0.0000 0.0443
018680 0.5939 0.3618 0.0000 0.0443
018700 0.5939 0.3618 0.0000 0.0443
018720 0.5939 0.3618 0.0000 0.0443
018740 0.5939 0.3618 0.0000 0.0443
018760 0.5939 0.3618 0.0000 0.0443
018780 0.5939 0.3618 0.0000 0.0443
018800 0.5939 0.3618 0.0000 0.0443
018820 0.5939 0.3618 0.0000 0.0443
018840 0.5939 0.3618 0.0000 0.0443
018860 0.5939 0.3618 0.0000 0.0443
018880 0.5939 0.3618 0.0000 0.0443
018900 0.5939 0.3618 0.0000 0.0443
018920 0.5939 0.3618 0.0000 0.0443
018940 0.5939 0.3618 0.0000 0.0443
018960 0.5939 0.3618 0.0000 0.0443
018980 0.5939 0.3618 0.0000 0.0443
019000 0.5939 0.3618 0.0000 0.0443
019020 0.5939 0.3618 0.0000 0.0443
019040 0.5939 0.3618 0.0000 0.0443
019060 0.5939 0.3618 0.0000 0.0443
019080 0.5939 0.3618 0.0000 0.0443
019100 0.5939 0.3618 0.0000 0.0443
019120 0.5939 0.3618 0.0000 0.0443
019140 0.5939 0.3618 0.0000 0.0443
019160 0.5939 0.3618 0.0000 0.0443
019180 0.5939 0.3618 0.0000 0.0443
019200 0.5939 0.3618 0.0000 0.0443
019220 0.5939 0.3618 0.0000 0.0443
019240 0.5939 0.3618 0.0000 0.0443
019260 0.5939 0.3618 0.0000 0.0443
019280 0.5939 0.3618 0.0000 0.0443
019300 0.5939 0.3618 0.0000 0.0443
019320 0.5939 0.3618 0.0000 0.0443
019340 0.5939 0.3618 0.0000 0.0443
019360 0.5939 0.3618 0.0000 0.0443
019380 0.5939 0.3618 0.0000 0.0443
019400 0.5939 0.3618 0.0000 0.0443
019420 0.5939 0.3618 0.0000 0.0443
019440 0.5939 0.3618 0.0000 0.0443
019460 0.5939 0.3618 0.0000 0.0443
019480 0.5939 0.3618 0.0000 0.0443
019500 0.5939 0.3618 0.0000 0.0443
019520 0.5939 0.3618 0.0000 0.0443
019540 0.5939 0.3618 0.0000 0.0443
019560 0.5939 0.3618 0.0000 0.0443
019580 0.5939 0.3618 0.0000 0.0443
019600 0.5939 0.3618 0.0000 0.0443
019620 0.5939 0.3618 0.0000 0.0443
019640 0.5939 0.3618 0.0000 0.0443
019660 0.5939 0.3618 0.0000 0.0443
019680 0.5939 0.3618 0.0000 0.0443
019700 0.5939 0.3618 0.0000 0.0443
019720 0.5939 0.3618 0.0000 0.0443
019740 0.5939 0.3618 0.0000 0.0443
019760 0.5939 0.3618 0.0000 0.0443
019780 0.5939 0.3618 0.0000 0.0443
019800 0.5939 0.3618 0.0000 0.0443
019820 0.5939 0.3618 0.0000 0.0443
019840 0.5939 0.3618 0.0000 0.0443
019860 0.5939 0.3618 0.0000 0.0443
019880 0.5939 0.3618 0.0000 0.0443
019900 0.5939 0.3618 0.0000 0.0443
019920 0.5939 0.3618 0.0000 0.0443
019940 0.5939 0.3618 0.0000 0.0443
019960 0.5939 0.3618 0.0000 0.0443
019980 0.5939 0.3618 0.0000 0.0443
020000 0.5939 0.3618 0.0000 0.0443
