000000 0.2500 0.2500 0.2500 0.2500
000020 0.2604 0.2586 0.2297 0.2512
000040 0.2727 0.2678 0.2079 0.2515
000060 0.2848 0.2771 0.1869 0.2512
000080 0.2959 0.2867 0.1668 0.2507
000100 0.3059 0.2971 0.1481 0.2490
000120 0.3149 0.3084 0.1301 0.2466
000140 0.3223 0.3206 0.1137 0.2434
000160 0.3288 0.3340 0.0980 0.2392
000180 0.3342 0.3475 0.0834 0.2348
000200 0.3385 0.3620 0.0699 0.2296
000220 0.3417 0.3775 0.0576 0.2231
000240 0.3435 0.3940 0.0464 0.2161
000260 0.3426 0.4126 0.0369 0.2079
000280 0.3410 0.4325 0.0286 0.1979
000300 0.3389 0.4513 0.0212 0.1885
000320 0.3351 0.4724 0.0150 0.1775
000340 0.3303 0.4943 0.0097 0.1657
000360 0.3255 0.5153 0.0056 0.1537
000380 0.3200 0.5375 0.0025 0.1399
000400 0.3131 0.5607 0.0007 0.1254
000420 0.3067 0.5824 0.0000 0.1108
000440 0.3018 0.6035 0.0000 0.0947
000460 0.2988 0.6226 0.0000 0.0786
000480 0.2967 0.6355 0.0000 0.0678
000500 0.2964 0.6472 0.0000 0.0564
000520 0.2952 0.6566 0.0000 0.0482
000540 0.2959 0.6630 0.0000 0.0411
000560 0.2984 0.6660 0.0000 0.0355
000580 0.3010 0.6683 0.0000 0.0307
000600 0.3048 0.6671 0.0000 0.0281
000620 0.3100 0.6640 0.0000 0.0260
000640 0.3138 0.6604 0.0000 0.0258
000660 0.3159 0.6560 0.0000 0.0281
000680 0.3190 0.6537 0.0000 0.0273
000700 0.3224 0.6509 0.0000 0.0267
000720 0.3290 0.6445 0.0000 0.0264
000740 0.3393 0.6336 0.0000 0.0271
000760 0.3489 0.6223 0.0000 0.0288
000780 0.3531 0.6152 0.0000 0.0318
000800 0.3562 0.6126 0.0000 0.0312
000820 0.3603 0.6088 0.0000 0.0309
000840 0.3656 0.6015 0.0000 0.0329
000860 0.3743 0.5934 0.0000 0.0323
000880 0.3869 0.5827 0.0000 0.0305
000900 0.4016 0.5677 0.0000 0.0308
000920 0.4130 0.5542 0.0000 0.0328
000940 0.4217 0.5449 0.0000 0.0334
000960 0.4255 0.5384 0.0000 0.0361
000980 0.4249 0.5376 0.0000 0.0374
001000 0.4264 0.5350 0.0000 0.0386
001020 0.4319 0.5301 0.0000 0.0380
001040 0.4425 0.5197 0.0000 0.0378
001060 0.4527 0.5101 0.0000 0.0372
001080 0.4652 0.4980 0.0000 0.0368
001100 0.4769 0.4845 0.0000 0.0386
001120 0.4828 0.4762 0.0000 0.0410
001140 0.4845 0.4722 0.0000 0.0433
001160 0.4791 0.4732 0.0000 0.0476
001180 0.4745 0.4789 0.0000 0.0466
001200 0.4822 0.4746 0.0000 0.0432
001220 0.5042 0.4570 0.0000 0.0389
001240 0.5300 0.4301 0.0000 0.0400
001260 0.5482 0.4082 0.0000 0.0436
001280 0.5590 0.3951 0.0000 0.0460
001300 0.5589 0.3919 0.0000 0.0492
001320 0.5547 0.3958 0.0000 0.0495
001340 0.5552 0.3970 0.0000 0.0478
001360 0.5569 0.3945 0.0000 0.0486
001380 0.5596 0.3905 0.0000 0.0499
001400 0.5672 0.3852 0.0000 0.0477
001420 0.5736 0.3768 0.0000 0.0495
001440 0.5779 0.3721 0.0000 0.0500
001460 0.5852 0.3650 0.0000 0.0498
001480 0.5899 0.3602 0.0000 0.0500
001500 0.5915 0.3587 0.0000 0.0498
001520 0.5925 0.3585 0.0000 0.0490
001540 0.5879 0.3605 0.0000 0.0516
001560 0.5905 0.3584 0.0000 0.0511
001580 0.5930 0.3557 0.0000 0.0513
001600 0.5954 0.3526 0.0000 0.0520
001620 0.5914 0.3550 0.0000 0.0536
001640 0.5862 0.3602 0.0000 0.0537
001660 0.5859 0.3610 0.0000 0.0531
001680 0.5850 0.3599 0.0000 0.0551
001700 0.5767 0.3669 0.0000 0.0563
001720 0.5774 0.3689 0.0000 0.0537
001740 0.5824 0.3649 0.0000 0.0527
001760 0.5894 0.3599 0.0000 0.0506
001780 0.5895 0.3564 0.0000 0.0541
001800 0.5860 0.3596 0.0000 0.0543
001820 0.5854 0.3596 0.0000 0.0550
001840 0.5872 0.3595 0.0000 0.0533
001860 0.5925 0.3551 0.0000 0.0524
001880 0.5935 0.3509 0.0000 0.0555
001900 0.5935 0.3529 0.0000 0.0537
001920 0.5987 0.3506 0.0000 0.0507
001940 0.5996 0.3469 0.0000 0.0535
001960 0.5988 0.3478 0.0000 0.0533
001980 0.6037 0.3461 0.0000 0.0502
002000 0.6033 0.3440 0.0000 0.0528
002020 0.5991 0.3464 0.0000 0.0546
002040 0.5978 0.3483 0.0000 0.0538
002060 0.5999 0.3469 0.0000 0.0532
002080 0.5945 0.3494 0.0000 0.0561
002100 0.5857 0.3577 0.0000 0.0566
002120 0.5809 0.3648 0.0000 0.0543
002140 0.5853 0.3614 0.0000 0.0533
002160 0.5969 0.3531 0.0000 0.0500
002180 0.6034 0.3456 0.0000 0.0510
002200 0.6025 0.3450 0.0000 0.0525
002220 0.6001 0.3453 0.0000 0.0546
002240 0.5975 0.3470 0.0000 0.0556
002260 0.5936 0.3515 0.0000 0.0550
002280 0.5905 0.3557 0.0000 0.0538
002300 0.5898 0.3566 0.0000 0.0536
002320 0.5869 0.3586 0.0000 0.0545
002340 0.5785 0.3670 0.0000 0.0544
002360 0.5790 0.3662 0.0000 0.0548
002380 0.5845 0.3632 0.0000 0.0522
002400 0.5924 0.3558 0.0000 0.0518
002420 0.5971 0.3509 0.0000 0.0521
002440 0.6006 0.3487 0.0000 0.0507
002460 0.6052 0.3439 0.0000 0.0510
002480 0.5978 0.3459 0.0000 0.0563
002500 0.5875 0.3563 0.0000 0.0562
002520 0.5829 0.3638 0.0000 0.0534
002540 0.5853 0.3627 0.0000 0.0520
002560 0.5930 0.3553 0.0000 0.0517
002580 0.6004 0.3480 0.0000 0.0516
002600 0.6024 0.3461 0.0000 0.0515
002620 0.6022 0.3447 0.0000 0.0531
002640 0.5977 0.3463 0.0000 0.0560
002660 0.5875 0.3537 0.0000 0.0588
002680 0.5802 0.3643 0.0000 0.0555
002700 0.5791 0.3662 0.0000 0.0547
002720 0.5750 0.3701 0.0000 0.0549
002740 0.5782 0.3706 0.0000 0.0512
002760 0.5918 0.3611 0.0000 0.0471
002780 0.6107 0.3397 0.0000 0.0496
002800 0.6158 0.3341 0.0000 0.0501
002820 0.6110 0.3345 0.0000 0.0545
002840 0.5978 0.3448 0.0000 0.0574
002860 0.5855 0.3590 0.0000 0.0555
002880 0.5813 0.3648 0.0000 0.0539
002900 0.5841 0.3624 0.0000 0.0535
002920 0.5892 0.3576 0.0000 0.0532
002940 0.5942 0.3539 0.0000 0.0519
002960 0.5949 0.3519 0.0000 0.0533
002980 0.5979 0.3522 0.0000 0.0499
003000 0.5994 0.3488 0.0000 0.0519
003020 0.5992 0.3472 0.0000 0.0536
003040 0.5975 0.3484 0.0000 0.0541
003060 0.5967 0.3494 0.0000 0.0540
003080 0.5978 0.3494 0.0000 0.0528
003100 0.6014 0.3467 0.0000 0.0519
003120 0.6035 0.3434 0.0000 0.0531
003140 0.6012 0.3455 0.0000 0.0532
003160 0.5974 0.3511 0.0000 0.0516
003180 0.5968 0.3518 0.0000 0.0514
003200 0.6002 0.3477 0.0000 0.0521
003220 0.6019 0.3437 0.0000 0.0544
003240 0.6022 0.3463 0.0000 0.0515
003260 0.6066 0.3444 0.0000 0.0490
003280 0.6099 0.3396 0.0000 0.0505
003300 0.6074 0.3393 0.0000 0.0533
003320 0.6012 0.3426 0.0000 0.0563
003340 0.5892 0.3532 0.0000 0.0576
003360 0.5818 0.3629 0.0000 0.0553
003380 0.5804 0.3670 0.0000 0.0526
003400 0.5895 0.3606 0.0000 0.0499
003420 0.5946 0.3543 0.0000 0.0511
003440 0.6047 0.3456 0.0000 0.0497
003460 0.6096 0.3374 0.0000 0.0530
003480 0.6043 0.3427 0.0000 0.0529
003500 0.6002 0.3480 0.0000 0.0518
003520 0.5988 0.3473 0.0000 0.0540
003540 0.5938 0.3518 0.0000 0.0544
003560 0.5946 0.3527 0.0000 0.0527
003580 0.5981 0.3512 0.0000 0.0507
003600 0.6043 0.3445 0.0000 0.0512
003620 0.6029 0.3435 0.0000 0.0536
003640 0.5933 0.3522 0.0000 0.0545
003660 0.5848 0.3570 0.0000 0.0581
003680 0.5801 0.3645 0.0000 0.0554
003700 0.5838 0.3645 0.0000 0.0516
003720 0.5921 0.3578 0.0000 0.0501
003740 0.6007 0.3491 0.0000 0.0502
003760 0.6070 0.3428 0.0000 0.0501
003780 0.6166 0.3333 0.0000 0.0501
003800 0.6083 0.3375 0.0000 0.0542
003820 0.5967 0.3471 0.0000 0.0562
003840 0.5932 0.3516 0.0000 0.0552
003860 0.5899 0.3550 0.0000 0.0551
003880 0.5899 0.3549 0.0000 0.0552
003900 0.5855 0.3590 0.0000 0.0554
003920 0.5863 0.3603 0.0000 0.0534
003940 0.5879 0.3606 0.0000 0.0515
003960 0.5977 0.3532 0.0000 0.0491
003980 0.6103 0.3397 0.0000 0.0499
004000 0.6163 0.3313 0.0000 0.0524
004020 0.6134 0.3331 0.0000 0.0535
004040 0.6027 0.3417 0.0000 0.0557
004060 0.5929 0.3506 0.0000 0.0565
004080 0.5834 0.3608 0.0000 0.0558
004100 0.5819 0.3642 0.0000 0.0538
004120 0.5827 0.3633 0.0000 0.0540
004140 0.5855 0.3624 0.0000 0.0521
004160 0.5982 0.3533 0.0000 0.0486
004180 0.6070 0.3423 0.0000 0.0507
004200 0.6083 0.3386 0.0000 0.0531
004220 0.6030 0.3412 0.0000 0.0558
004240 0.5907 0.3518 0.0000 0.0575
004260 0.5871 0.3593 0.0000 0.0536
004280 0.5952 0.3550 0.0000 0.0499
004300 0.6051 0.3431 0.0000 0.0518
004320 0.6033 0.3420 0.0000 0.0547
004340 0.5971 0.3480 0.0000 0.0549
004360 0.5915 0.3541 0.0000 0.0544
004380 0.5882 0.3583 0.0000 0.0535
004400 0.5945 0.3546 0.0000 0.0509
004420 0.5991 0.3482 0.0000 0.0527
004440 0.6010 0.3466 0.0000 0.0524
004460 0.6030 0.3447 0.0000 0.0523
004480 0.6011 0.3450 0.0000 0.0538
004500 0.5965 0.3500 0.0000 0.0535
004520 0.5930 0.3531 0.0000 0.0538
004540 0.5929 0.3534 0.0000 0.0537
004560 0.5939 0.3517 0.0000 0.0544
004580 0.5941 0.3530 0.0000 0.0529
004600 0.5945 0.3534 0.0000 0.0522
004620 0.5919 0.3534 0.0000 0.0547
004640 0.5883 0.3561 0.0000 0.0556
004660 0.5855 0.3598 0.0000 0.0547
004680 0.5833 0.3630 0.0000 0.0537
004700 0.5838 0.3640 0.0000 0.0522
004720 0.5950 0.3559 0.0000 0.0491
004740 0.6044 0.3468 0.0000 0.0488
004760 0.6143 0.3383 0.0000 0.0474
004780 0.6201 0.3281 0.0000 0.0518
004800 0.6118 0.3311 0.0000 0.0571
004820 0.5953 0.3474 0.0000 0.0573
004840 0.5830 0.3600 0.0000 0.0570
004860 0.5760 0.3690 0.0000 0.0550
004880 0.5774 0.3695 0.0000 0.0530
004900 0.5848 0.3645 0.0000 0.0507
004920 0.5954 0.3549 0.0000 0.0498
004940 0.6045 0.3437 0.0000 0.0518
004960 0.6036 0.3437 0.0000 0.0527
004980 0.6029 0.3435 0.0000 0.0536
005000 0.6021 0.3442 0.0000 0.0537
005020 0.5967 0.3493 0.0000 0.0541
005040 0.5957 0.3496 0.0000 0.0547
005060 0.5914 0.3534 0.0000 0.0553
005080 0.5864 0.3577 0.0000 0.0559
005100 0.5831 0.3621 0.0000 0.0548
005120 0.5882 0.3608 0.0000 0.0510
005140 0.5964 0.3536 0.0000 0.0500
005160 0.6050 0.3423 0.0000 0.0527
005180 0.6038 0.3415 0.0000 0.0547
005200 0.5994 0.3465 0.0000 0.0542
005220 0.5948 0.3516 0.0000 0.0537
005240 0.5881 0.3566 0.0000 0.0553
005260 0.5843 0.3605 0.0000 0.0552
005280 0.5833 0.3632 0.0000 0.0536
005300 0.5906 0.3594 0.0000 0.0500
005320 0.5992 0.3490 0.0000 0.0517
005340 0.6074 0.3420 0.0000 0.0505
005360 0.6060 0.3411 0.0000 0.0529
005380 0.5970 0.3471 0.0000 0.0559
005400 0.5915 0.3539 0.0000 0.0547
005420 0.5863 0.3591 0.0000 0.0545
005440 0.5829 0.3626 0.0000 0.0545
005460 0.5779 0.3672 0.0000 0.0548
005480 0.5839 0.3659 0.0000 0.0502
005500 0.5924 0.3586 0.0000 0.0491
005520 0.6025 0.3454 0.0000 0.0521
005540 0.6023 0.3455 0.0000 0.0522
005560 0.6045 0.3433 0.0000 0.0522
005580 0.5982 0.3458 0.0000 0.0560
005600 0.5893 0.3548 0.0000 0.0560
005620 0.5784 0.3654 0.0000 0.0562
005640 0.5740 0.3729 0.0000 0.0531
005660 0.5802 0.3679 0.0000 0.0518
005680 0.5957 0.3552 0.0000 0.0490
005700 0.6133 0.3399 0.0000 0.0468
005720 0.6221 0.3282 0.0000 0.0497
005740 0.6207 0.3254 0.0000 0.0539
005760 0.6130 0.3313 0.0000 0.0557
005780 0.6014 0.3427 0.0000 0.0559
005800 0.5885 0.3544 0.0000 0.0570
005820 0.5802 0.3647 0.0000 0.0550
005840 0.5822 0.3646 0.0000 0.0532
005860 0.5923 0.3574 0.0000 0.0503
005880 0.6031 0.3466 0.0000 0.0503
005900 0.6105 0.3367 0.0000 0.0528
005920 0.6006 0.3420 0.0000 0.0574
005940 0.5873 0.3564 0.0000 0.0563
005960 0.5776 0.3675 0.0000 0.0549
005980 0.5831 0.3666 0.0000 0.0503
006000 0.5932 0.3573 0.0000 0.0496
006020 0.6026 0.3468 0.0000 0.0506
006040 0.6101 0.3392 0.0000 0.0507
006060 0.6106 0.3368 0.0000 0.0526
006080 0.6059 0.3393 0.0000 0.0548
006100 0.5993 0.3442 0.0000 0.0565
006120 0.5873 0.3534 0.0000 0.0593
006140 0.5780 0.3657 0.0000 0.0563
006160 0.5710 0.3725 0.0000 0.0565
006180 0.5737 0.3738 0.0000 0.0524
006200 0.5905 0.3609 0.0000 0.0487
006220 0.6072 0.3445 0.0000 0.0483
006240 0.6163 0.3353 0.0000 0.0485
006260 0.6185 0.3327 0.0000 0.0489
006280 0.6152 0.3329 0.0000 0.0520
006300 0.6069 0.3379 0.0000 0.0551
006320 0.5943 0.3496 0.0000 0.0561
006340 0.5839 0.3605 0.0000 0.0555
006360 0.5834 0.3632 0.0000 0.0534
006380 0.5876 0.3595 0.0000 0.0529
006400 0.5964 0.3523 0.0000 0.0513
006420 0.6031 0.3451 0.0000 0.0519
006440 0.6020 0.3441 0.0000 0.0539
006460 0.5950 0.3505 0.0000 0.0545
006480 0.5909 0.3580 0.0000 0.0511
006500 0.5962 0.3532 0.0000 0.0505
006520 0.5989 0.3472 0.0000 0.0538
006540 0.5974 0.3484 0.0000 0.0543
006560 0.5970 0.3495 0.0000 0.0535
006580 0.5966 0.3494 0.0000 0.0540
006600 0.5918 0.3541 0.0000 0.0541
006620 0.5895 0.3565 0.0000 0.0540
006640 0.5884 0.3592 0.0000 0.0525
006660 0.5936 0.3551 0.0000 0.0513
006680 0.5996 0.3500 0.0000 0.0504
006700 0.6000 0.3451 0.0000 0.0549
006720 0.5959 0.3493 0.0000 0.0548
006740 0.5911 0.3534 0.0000 0.0555
006760 0.5872 0.3591 0.0000 0.0537
006780 0.5961 0.3532 0.0000 0.0507
006800 0.6022 0.3469 0.0000 0.0510
006820 0.6026 0.3467 0.0000 0.0507
006840 0.5996 0.3477 0.0000 0.0527
006860 0.5929 0.3523 0.0000 0.0548
006880 0.5898 0.3548 0.0000 0.0554
006900 0.5849 0.3585 0.0000 0.0566
006920 0.5851 0.3606 0.0000 0.0544
006940 0.5887 0.3599 0.0000 0.0514
006960 0.5924 0.3554 0.0000 0.0522
006980 0.5995 0.3485 0.0000 0.0520
007000 0.6071 0.3439 0.0000 0.0490
007020 0.6143 0.3364 0.0000 0.0493
007040 0.6158 0.3342 0.0000 0.0500
007060 0.6183 0.3319 0.0000 0.0498
007080 0.6100 0.3368 0.0000 0.0532
007100 0.6053 0.3401 0.0000 0.0546
007120 0.5928 0.3502 0.0000 0.0571
007140 0.5854 0.3597 0.0000 0.0549
007160 0.5826 0.3641 0.0000 0.0532
007180 0.5878 0.3613 0.0000 0.0509
007200 0.5941 0.3548 0.0000 0.0511
007220 0.5983 0.3507 0.0000 0.0510
007240 0.6035 0.3452 0.0000 0.0514
007260 0.6089 0.3395 0.0000 0.0516
007280 0.6071 0.3398 0.0000 0.0531
007300 0.6017 0.3443 0.0000 0.0540
007320 0.5934 0.3523 0.0000 0.0543
007340 0.5920 0.3564 0.0000 0.0516
007360 0.6005 0.3489 0.0000 0.0507
007380 0.6068 0.3415 0.0000 0.0517
007400 0.6015 0.3444 0.0000 0.0541
007420 0.5952 0.3496 0.0000 0.0552
007440 0.5912 0.3542 0.0000 0.0545
007460 0.5894 0.3571 0.0000 0.0535
007480 0.5942 0.3546 0.0000 0.0512
007500 0.5985 0.3476 0.0000 0.0539
007520 0.5960 0.3498 0.0000 0.0542
007540 0.5919 0.3551 0.0000 0.0530
007560 0.5891 0.3573 0.0000 0.0536
007580 0.5935 0.3548 0.0000 0.0517
007600 0.6023 0.3481 0.0000 0.0496
007620 0.6021 0.3438 0.0000 0.0542
007640 0.5990 0.3481 0.0000 0.0529
007660 0.6020 0.3464 0.0000 0.0517
007680 0.6022 0.3456 0.0000 0.0522
007700 0.6010 0.3470 0.0000 0.0520
007720 0.6003 0.3479 0.0000 0.0518
007740 0.5996 0.3463 0.0000 0.0541
007760 0.6007 0.3474 0.0000 0.0520
007780 0.6019 0.3475 0.0000 0.0506
007800 0.6057 0.3428 0.0000 0.0515
007820 0.6086 0.3385 0.0000 0.0530
007840 0.6009 0.3431 0.0000 0.0560
007860 0.5883 0.3556 0.0000 0.0561
007880 0.5852 0.3624 0.0000 0.0523
007900 0.5915 0.3591 0.0000 0.0494
007920 0.6009 0.3496 0.0000 0.0496
007940 0.6030 0.3444 0.0000 0.0526
007960 0.6074 0.3421 0.0000 0.0506
007980 0.6057 0.3415 0.0000 0.0528
008000 0.5981 0.3468 0.0000 0.0552
008020 0.5907 0.3543 0.0000 0.0550
008040 0.5894 0.3573 0.0000 0.0533
008060 0.5919 0.3553 0.0000 0.0528
008080 0.5974 0.3526 0.0000 0.0500
008100 0.6090 0.3429 0.0000 0.0481
008120 0.6112 0.3369 0.0000 0.0520
008140 0.6113 0.3365 0.0000 0.0522
008160 0.6076 0.3371 0.0000 0.0553
008180 0.5905 0.3504 0.0000 0.0591
008200 0.5757 0.3654 0.0000 0.0588
008220 0.5691 0.3750 0.0000 0.0559
008240 0.5738 0.3751 0.0000 0.0511
008260 0.5878 0.3640 0.0000 0.0482
008280 0.6071 0.3451 0.0000 0.0478
008300 0.6164 0.3349 0.0000 0.0486
008320 0.6194 0.3285 0.0000 0.0521
008340 0.6129 0.3345 0.0000 0.0526
008360 0.6042 0.3411 0.0000 0.0547
008380 0.5929 0.3518 0.0000 0.0552
008400 0.5931 0.3549 0.0000 0.0520
008420 0.6027 0.3494 0.0000 0.0478
008440 0.6127 0.3385 0.0000 0.0489
008460 0.6127 0.3342 0.0000 0.0531
008480 0.6109 0.3353 0.0000 0.0538
008500 0.6013 0.3445 0.0000 0.0542
008520 0.5921 0.3531 0.0000 0.0547
008540 0.5867 0.3597 0.0000 0.0536
008560 0.5849 0.3615 0.0000 0.0536
008580 0.5929 0.3566 0.0000 0.0505
008600 0.6114 0.3428 0.0000 0.0459
008620 0.6233 0.3283 0.0000 0.0484
008640 0.6207 0.3257 0.0000 0.0537
008660 0.6073 0.3378 0.0000 0.0549
008680 0.5932 0.3515 0.0000 0.0553
008700 0.5850 0.3601 0.0000 0.0550
008720 0.5842 0.3630 0.0000 0.0527
008740 0.5845 0.3615 0.0000 0.0541
008760 0.5862 0.3594 0.0000 0.0544
008780 0.5893 0.3587 0.0000 0.0521
008800 0.5900 0.3574 0.0000 0.0526
008820 0.5953 0.3532 0.0000 0.0515
008840 0.6052 0.3450 0.0000 0.0498
008860 0.6072 0.3418 0.0000 0.0510
008880 0.5992 0.3443 0.0000 0.0565
008900 0.5892 0.3557 0.0000 0.0551
008920 0.5888 0.3582 0.0000 0.0530
008940 0.5927 0.3540 0.0000 0.0533
008960 0.5941 0.3525 0.0000 0.0533
008980 0.5968 0.3496 0.0000 0.0537
009000 0.6005 0.3476 0.0000 0.0519
009020 0.6038 0.3430 0.0000 0.0532
009040 0.5985 0.3474 0.0000 0.0541
009060 0.5962 0.3491 0.0000 0.0547
009080 0.5857 0.3556 0.0000 0.0586
009100 0.5786 0.3650 0.0000 0.0564
009120 0.5745 0.3726 0.0000 0.0529
009140 0.5826 0.3691 0.0000 0.0483
009160 0.5991 0.3535 0.0000 0.0474
009180 0.6123 0.3377 0.0000 0.0500
009200 0.6160 0.3311 0.0000 0.0529
009220 0.6075 0.3365 0.0000 0.0560
009240 0.5928 0.3497 0.0000 0.0575
009260 0.5831 0.3617 0.0000 0.0552
009280 0.5832 0.3639 0.0000 0.0529
009300 0.5947 0.3562 0.0000 0.0491
009320 0.6044 0.3453 0.0000 0.0503
009340 0.6077 0.3402 0.0000 0.0520
009360 0.6072 0.3383 0.0000 0.0546
009380 0.5999 0.3453 0.0000 0.0548
009400 0.5863 0.3564 0.0000 0.0573
009420 0.5775 0.3669 0.0000 0.0556
009440 0.5782 0.3679 0.0000 0.0539
009460 0.5924 0.3565 0.0000 0.0511
009480 0.6089 0.3428 0.0000 0.0483
009500 0.6253 0.3275 0.0000 0.0472
009520 0.6271 0.3225 0.0000 0.0503
009540 0.6181 0.3273 0.0000 0.0546
009560 0.6023 0.3416 0.0000 0.0561
009580 0.5918 0.3541 0.0000 0.0541
009600 0.5831 0.3617 0.0000 0.0553
009620 0.5838 0.3627 0.0000 0.0535
009640 0.5894 0.3575 0.0000 0.0531
009660 0.5951 0.3523 0.0000 0.0526
009680 0.5980 0.3494 0.0000 0.0525
009700 0.6022 0.3473 0.0000 0.0506
009720 0.5996 0.3473 0.0000 0.0530
009740 0.5930 0.3508 0.0000 0.0562
009760 0.5893 0.3563 0.0000 0.0544
009780 0.5917 0.3568 0.0000 0.0514
009800 0.6000 0.3512 0.0000 0.0488
009820 0.6040 0.3440 0.0000 0.0520
009840 0.6001 0.3454 0.0000 0.0545
009860 0.5954 0.3517 0.0000 0.0529
009880 0.5939 0.3512 0.0000 0.0549
009900 0.5942 0.3529 0.0000 0.0529
009920 0.5946 0.3535 0.0000 0.0520
009940 0.6018 0.3487 0.0000 0.0496
009960 0.6078 0.3415 0.0000 0.0506
009980 0.6070 0.3390 0.0000 0.0539
010000 0.5974 0.3466 0.0000 0.0560
010020 0.5915 0.3536 0.0000 0.0548
010040 0.5915 0.3536 0.0000 0.0548
010060 0.5915 0.3536 0.0000 0.0548
010080 0.5915 0.3536 0.0000 0.0548
010100 0.5915 0.3536 0.0000 0.0548
010120 0.5915 0.3536 0.0000 0.0548
010140 0.5915 0.3536 0.0000 0.0548
010160 0.5915 0.3536 0.0000 0.0548
010180 0.5915 0.3536 0.0000 0.0548
010200 0.5915 0.3536 0.0000 0.0548
010220 0.5915 0.3536 0.0000 0.0548
010240 0.5915 0.3536 0.0000 0.0548
010260 0.5915 0.3536 0.0000 0.0548
010280 0.5915 0.3536 0.0000 0.0548
010300 0.5915 0.3536 0.0000 0.0548
010320 0.5915 0.3536 0.0000 0.0548
010340 0.5915 0.3536 0.0000 0.0548
010360 0.5915 0.3536 0.0000 0.0548
010380 0.5915 0.3536 0.0000 0.0548
010400 0.5915 0.3536 0.0000 0.0548
010420 0.5915 0.3536 0.0000 0.0548
010440 0.5915 0.3536 0.0000 0.0548
010460 0.5915 0.3536 0.0000 0.0548
010480 0.5915 0.3536 0.0000 0.0548
010500 0.5915 0.3536 0.0000 0.0548
010520 0.5915 0.3536 0.0000 0.0548
010540 0.5915 0.3536 0.0000 0.0548
010560 0.5915 0.3536 0.0000 0.0548
010580 0.5915 0.3536 0.0000 0.0548
010600 0.5915 0.3536 0.0000 0.0548
010620 0.5915 0.3536 0.0000 0.0548
010640 0.5915 0.3536 0.0000 0.0548
010660 0.5915 0.3536 0.0000 0.0548
010680 0.5915 0.3536 0.0000 0.0548
010700 0.5915 0.3536 0.0000 0.0548
010720 0.5915 0.3536 0.0000 0.0548
010740 0.5915 0.3536 0.0000 0.0548
010760 0.5915 0.3536 0.0000 0.0548
010780 0.5915 0.3536 0.0000 0.0548
010800 0.5915 0.3536 0.0000 0.0548
010820 0.5915 0.3536 0.0000 0.0548
010840 0.5915 0.3536 0.0000 0.0548
010860 0.5915 0.3536 0.0000 0.0548
010880 0.5915 0.3536 0.0000 0.0548
010900 0.5915 0.3536 0.0000 0.0548
010920 0.5915 0.3536 0.0000 0.0548
010940 0.5915 0.3536 0.0000 0.0548
010960 0.5915 0.3536 0.0000 0.0548
010980 0.5915 0.3536 0.0000 0.0548
011000 0.5915 0.3536 0.0000 0.0548
011020 0.5915 0.3536 0.0000 0.0548
011040 0.5915 0.3536 0.0000 0.0548
011060 0.5915 0.3536 0.0000 0.0548
011080 0.5915 0.3536 0.0000 0.0548
011100 0.5915 0.3536 0.0000 0.0548
011120 0.5915 0.3536 0.0000 0.0548
011140 0.5915 0.3536 0.0000 0.0548
011160 0.5915 0.3536 0.0000 0.0548
011180 0.5915 0.3536 0.0000 0.0548
011200 0.5915 0.3536 0.0000 0.0548
011220 0.5915 0.3536 0.0000 0.0548
011240 0.5915 0.3536 0.0000 0.0548
011260 0.5915 0.3536 0.0000 0.0548
011280 0.5915 0.3536 0.0000 0.0548
011300 0.5915 0.3536 0.0000 0.0548
011320 0.5915 0.3536 0.0000 0.0548
011340 0.5915 0.3536 0.0000 0.0548
011360 0.5915 0.3536 0.0000 0.0548
011380 0.5915 0.3536 0.0000 0.0548
011400 0.5915 0.3536 0.0000 0.0548
011420 0.5915 0.3536 0.0000 0.0548
011440 0.5915 0.3536 0.0000 0.0548
011460 0.5915 0.3536 0.0000 0.0548
011480 0.5915 0.3536 0.0000 0.0548
011500 0.5915 0.3536 0.0000 0.0548
011520 0.5915 0.3536 0.0000 0.0548
011540 0.5915 0.3536 0.0000 0.0548
011560 0.5915 0.3536 0.0000 0.0548
011580 0.5915 0.3536 0.0000 0.0548
011600 0.5915 0.3536 0.0000 0.0548
011620 0.5915 0.3536 0.0000 0.0548
011640 0.5915 0.3536 0.0000 0.0548
011660 0.5915 0.3536 0.0000 0.0548
011680 0.5915 0.3536 0.0000 0.0548
011700 0.5915 0.3536 0.0000 0.0548
011720 0.5915 0.3536 0.0000 0.0548
011740 0.5915 0.3536 0.0000 0.0548
011760 0.5915 0.3536 0.0000 0.0548
011780 0.5915 0.3536 0.0000 0.0548
011800 0.5915 0.3536 0.0000 0.0548
011820 0.5915 0.3536 0.0000 0.0548
011840 0.5915 0.3536 0.0000 0.0548
011860 0.5915 0.3536 0.0000 0.0548
011880 0.5915 0.3536 0.0000 0.0548
011900 0.5915 0.3536 0.0000 0.0548
011920 0.5915 0.3536 0.0000 0.0548
011940 0.5915 0.3536 0.0000 0.0548
011960 0.5915 0.3536 0.0000 0.0548
011980 0.5915 0.3536 0.0000 0.0548
012000 0.5915 0.3536 0.0000 0.0548
012020 0.5915 0.3536 0.0000 0.0548
012040 0.5915 0.3536 0.0000 0.0548
012060 0.5915 0.3536 0.0000 0.0548
012080 0.5915 0.3536 0.0000 0.0548
012100 0.5915 0.3536 0.0000 0.0548
012120 0.5915 0.3536 0.0000 0.0548
012140 0.5915 0.3536 0.0000 0.0548
012160 0.5915 0.3536 0.0000 0.0548
012180 0.5915 0.3536 0.0000 0.0548
012200 0.5915 0.3536 0.0000 0.0548
012220 0.5915 0.3536 0.0000 0.0548
012240 0.5915 0.3536 0.0000 0.0548
012260 0.5915 0.3536 0.0000 0.0548
012280 0.5915 0.3536 0.0000 0.0548
012300 0.5915 0.3536 0.0000 0.0548
012320 0.5915 0.3536 0.0000 0.0548
012340 0.5915 0.3536 0.0000 0.0548
012360 0.5915 0.3536 0.0000 0.0548
012380 0.5915 0.3536 0.0000 0.0548
012400 0.5915 0.3536 0.0000 0.0548
012420 0.5915 0.3536 0.0000 0.0548
012440 0.5915 0.3536 0.0000 0.0548
012460 0.5915 0.3536 0.0000 0.0548
012480 0.5915 0.3536 0.0000 0.0548
012500 0.5915 0.3536 0.0000 0.0548
012520 0.5915 0.3536 0.0000 0.0548
012540 0.5915 0.3536 0.0000 0.0548
012560 0.5915 0.3536 0.0000 0.0548
012580 0.5915 0.3536 0.0000 0.0548
012600 0.5915 0.3536 0.0000 0.0548
012620 0.5915 0.3536 0.0000 0.0548
012640 0.5915 0.3536 0.0000 0.0548
012660 0.5915 0.3536 0.0000 0.0548
012680 0.5915 0.3536 0.0000 0.0548
012700 0.5915 0.3536 0.0000 0.0548
012720 0.5915 0.3536 0.0000 0.0548
012740 0.5915 0.3536 0.0000 0.0548
012760 0.5915 0.3536 0.0000 0.0548
012780 0.5915 0.3536 0.0000 0.0548
012800 0.5915 0.3536 0.0000 0.0548
012820 0.5915 0.3536 0.0000 0.0548
012840 0.5915 0.3536 0.0000 0.0548
012860 0.5915 0.3536 0.0000 0.0548
012880 0.5915 0.3536 0.0000 0.0548
012900 0.5915 0.3536 0.0000 0.0548
012920 0.5915 0.3536 0.0000 0.0548
012940 0.5915 0.3536 0.0000 0.0548
012960 0.5915 0.3536 0.0000 0.0548
012980 0.5915 0.3536 0.0000 0.0548
013000 0.5915 0.3536 0.0000 0.0548
013020 0.5915 0.3536 0.0000 0.0548
013040 0.5915 0.3536 0.0000 0.0548
013060 0.5915 0.3536 0.0000 0.0548
013080 0.5915 0.3536 0.0000 0.0548
013100 0.5915 0.3536 0.0000 0.0548
013120 0.5915 0.3536 0.0000 0.0548
013140 0.5915 0.3536 0.0000 0.0548
013160 0.5915 0.3536 0.0000 0.0548
013180 0.5915 0.3536 0.0000 0.0548
013200 0.5915 0.3536 0.0000 0.0548
013220 0.5915 0.3536 0.0000 0.0548
013240 0.5915 0.3536 0.0000 0.0548
013260 0.5915 0.3536 0.0000 0.0548
013280 0.5915 0.3536 0.0000 0.0548
013300 0.5915 0.3536 0.0000 0.0548
013320 0.5915 0.3536 0.0000 0.0548
013340 0.5915 0.3536 0.0000 0.0548
013360 0.5915 0.3536 0.0000 0.0548
013380 0.5915 0.3536 0.0000 0.0548
013400 0.5915 0.3536 0.0000 0.0548
013420 0.5915 0.3536 0.0000 0.0548
013440 0.5915 0.3536 0.0000 0.0548
013460 0.5915 0.3536 0.0000 0.0548
013480 0.5915 0.3536 0.0000 0.0548
013500 0.5915 0.3536 0.0000 0.0548
013520 0.5915 0.3536 0.0000 0.0548
013540 0.5915 0.3536 0.0000 0.0548
013560 0.5915 0.3536 0.0000 0.0548
013580 0.5915 0.3536 0.0000 0.0548
013600 0.5915 0.3536 0.0000 0.0548
013620 0.5915 0.3536 0.0000 0.0548
013640 0.5915 0.3536 0.0000 0.0548
013660 0.5915 0.3536 0.0000 0.0548
013680 0.5915 0.3536 0.0000 0.0548
013700 0.5915 0.3536 0.0000 0.0548
013720 0.5915 0.3536 0.0000 0.0548
013740 0.5915 0.3536 0.0000 0.0548
013760 0.5915 0.3536 0.0000 0.0548
013780 0.5915 0.3536 0.0000 0.0548
013800 0.5915 0.3536 0.0000 0.0548
013820 0.5915 0.3536 0.0000 0.0548
013840 0.5915 0.3536 0.0000 0.0548
013860 0.5915 0.3536 0.0000 0.0548
013880 0.5915 0.3536 0.0000 0.0548
013900 0.5915 0.3536 0.0000 0.0548
013920 0.5915 0.3536 0.0000 0.0548
013940 0.5915 0.3536 0.0000 0.0548
013960 0.5915 0.3536 0.0000 0.0548
013980 0.5915 0.3536 0.0000 0.0548
014000 0.5915 0.3536 0.0000 0.0548
014020 0.5915 0.3536 0.0000 0.0548
014040 0.5915 0.3536 0.0000 0.0548
014060 0.5915 0.3536 0.0000 0.0548
014080 0.5915 0.3536 0.0000 0.0548
014100 0.5915 0.3536 0.0000 0.0548
014120 0.5915 0.3536 0.0000 0.0548
014140 0.5915 0.3536 0.0000 0.0548
014160 0.5915 0.3536 0.0000 0.0548
014180 0.5915 0.3536 0.0000 0.0548
014200 0.5915 0.3536 0.0000 0.0548
014220 0.5915 0.3536 0.0000 0.0548
014240 0.5915 0.3536 0.0000 0.0548
014260 0.5915 0.3536 0.0000 0.0548
014280 0.5915 0.3536 0.0000 0.0548
014300 0.5915 0.3536 0.0000 0.0548
014320 0.5915 0.3536 0.0000 0.0548
014340 0.5915 0.3536 0.0000 0.0548
014360 0.5915 0.3536 0.0000 0.0548
014380 0.5915 0.3536 0.0000 0.0548
014400 0.5915 0.3536 0.0000 0.0548
014420 0.5915 0.3536 0.0000 0.0548
014440 0.5915 0.3536 0.0000 0.0548
014460 0.5915 0.3536 0.0000 0.0548
014480 0.5915 0.3536 0.0000 0.0548
014500 0.5915 0.3536 0.0000 0.0548
014520 0.5915 0.3536 0.0000 0.0548
014540 0.5915 0.3536 0.0000 0.0548
014560 0.5915 0.3536 0.0000 0.0548
014580 0.5915 0.3536 0.0000 0.0548
014600 0.5915 0.3536 0.0000 0.0548
014620 0.5915 0.3536 0.0000 0.0548
014640 0.5915 0.3536 0.0000 0.0548
014660 0.5915 0.3536 0.0000 0.0548
014680 0.5915 0.3536 0.0000 0.0548
014700 0.5915 0.3536 0.0000 0.0548
014720 0.5915 0.3536 0.0000 0.0548
014740 0.5915 0.3536 0.0000 0.0548
014760 0.5915 0.3536 0.0000 0.0548
014780 0.5915 0.3536 0.0000 0.0548
014800 0.5915 0.3536 0.0000 0.0548
014820 0.5915 0.3536 0.0000 0.0548
014840 0.5915 0.3536 0.0000 0.0548
014860 0.5915 0.3536 0.0000 0.0548
014880 0.5915 0.3536 0.0000 0.0548
014900 0.5915 0.3536 0.0000 0.0548
014920 0.5915 0.3536 0.0000 0.0548
014940 0.5915 0.3536 0.0000 0.0548
014960 0.5915 0.3536 0.0000 0.0548
014980 0.5915 0.3536 0.0000 0.0548
015000 0.5915 0.3536 0.0000 0.0548
015020 0.5915 0.3536 0.0000 0.0548
015040 0.5915 0.3536 0.0000 0.0548
015060 0.5915 0.3536 0.0000 0.0548
015080 0.5915 0.3536 0.0000 0.0548
015100 0.5915 0.3536 0.0000 0.0548
015120 0.5915 0.3536 0.0000 0.0548
015140 0.5915 0.3536 0.0000 0.0548
015160 0.5915 0.3536 0.0000 0.0548
015180 0.5915 0.3536 0.0000 0.0548
015200 0.5915 0.3536 0.0000 0.0548
015220 0.5915 0.3536 0.0000 0.0548
015240 0.5915 0.3536 0.0000 0.0548
015260 0.5915 0.3536 0.0000 0.0548
015280 0.5915 0.3536 0.0000 0.0548
015300 0.5915 0.3536 0.0000 0.0548
015320 0.5915 0.3536 0.0000 0.0548
015340 0.5915 0.3536 0.0000 0.0548
015360 0.5915 0.3536 0.0000 0.0548
015380 0.5915 0.3536 0.0000 0.0548
015400 0.5915 0.3536 0.0000 0.0548
015420 0.5915 0.3536 0.0000 0.0548
015440 0.5915 0.3536 0.0000 0.0548
015460 0.5915 0.3536 0.0000 0.0548
015480 0.5915 0.3536 0.0000 0.0548
015500 0.5915 0.3536 0.0000 0.0548
015520 0.5915 0.3536 0.0000 0.0548
015540 0.5915 0.3536 0.0000 0.0548
015560 0.5915 0.3536 0.0000 0.0548
015580 0.5915 0.3536 0.0000 0.0548
015600 0.5915 0.3536 0.0000 0.0548
015620 0.5915 0.3536 0.0000 0.0548
015640 0.5915 0.3536 0.0000 0.0548
015660 0.5915 0.3536 0.0000 0.0548
015680 0.5915 0.3536 0.0000 0.0548
015700 0.5915 0.3536 0.0000 0.0548
015720 0.5915 0.3536 0.0000 0.0548
015740 0.5915 0.3536 0.0000 0.0548
015760 0.5915 0.3536 0.0000 0.0548
015780 0.5915 0.3536 0.0000 0.0548
015800 0.5915 0.3536 0.0000 0.0548
015820 0.5915 0.3536 0.0000 0.0548
015840 0.5915 0.3536 0.0000 0.0548
015860 0.5915 0.3536 0.0000 0.0548
015880 0.5915 0.3536 0.0000 0.0548
015900 0.5915 0.3536 0.0000 0.0548
015920 0.5915 0.3536 0.0000 0.0548
015940 0.5915 0.3536 0.0000 0.0548
015960 0.5915 0.3536 0.0000 0.0548
015980 0.5915 0.3536 0.0000 0.0548
016000 0.5915 0.3536 0.0000 0.0548
016020 0.5915 0.3536 0.0000 0.0548
016040 0.5915 0.3536 0.0000 0.0548
016060 0.5915 0.3536 0.0000 0.0548
016080 0.5915 0.3536 0.0000 0.0548
016100 0.5915 0.3536 0.0000 0.0548
016120 0.5915 0.3536 0.0000 0.0548
016140 0.5915 0.3536 0.0000 0.0548
016160 0.5915 0.3536 0.0000 0.0548
016180 0.5915 0.3536 0.0000 0.0548
016200 0.5915 0.3536 0.0000 0.0548
016220 0.5915 0.3536 0.0000 0.0548
016240 0.5915 0.3536 0.0000 0.0548
016260 0.5915 0.3536 0.0000 0.0548
016280 0.5915 0.3536 0.0000 0.0548
016300 0.5915 0.3536 0.0000 0.0548
016320 0.5915 0.3536 0.0000 0.0548
016340 0.5915 0.3536 0.0000 0.0548
016360 0.5915 0.3536 0.0000 0.0548
016380 0.5915 0.3536 0.0000 0.0548
016400 0.5915 0.3536 0.0000 0.0548
016420 0.5915 0.3536 0.0000 0.0548
016440 0.5915 0.3536 0.0000 0.0548
016460 0.5915 0.3536 0.0000 0.0548
016480 0.5915 0.3536 0.0000 0.0548
016500 0.5915 0.3536 0.0000 0.0548
016520 0.5915 0.3536 0.0000 0.0548
016540 0.5915 0.3536 0.0000 0.0548
016560 0.5915 0.3536 0.0000 0.0548
016580 0.5915 0.3536 0.0000 0.0548
016600 0.5915 0.3536 0.0000 0.0548
016620 0.5915 0.3536 0.0000 0.0548
016640 0.5915 0.3536 0.0000 0.0548
016660 0.5915 0.3536 0.0000 0.0548
016680 0.5915 0.3536 0.0000 0.0548
016700 0.5915 0.3536 0.0000 0.0548
016720 0.5915 0.3536 0.0000 0.0548
016740 0.5915 0.3536 0.0000 0.0548
016760 0.5915 0.3536 0.0000 0.0548
016780 0.5915 0.3536 0.0000 0.0548
016800 0.5915 0.3536 0.0000 0.0548
016820 0.5915 0.3536 0.0000 0.0548
016840 0.5915 0.3536 0.0000 0.0548
016860 0.5915 0.3536 0.0000 0.0548
016880 0.5915 0.3536 0.0000 0.0548
016900 0.5915 0.3536 0.0000 0.0548
016920 0.5915 0.3536 0.0000 0.0548
016940 0.5915 0.3536 0.0000 0.0548
016960 0.5915 0.3536 0.0000 0.0548
016980 0.5915 0.3536 0.0000 0.0548
017000 0.5915 0.3536 0.0000 0.0548
017020 0.5915 0.3536 0.0000 0.0548
017040 0.5915 0.3536 0.0000 0.0548
017060 0.5915 0.3536 0.0000 0.0548
017080 0.5915 0.3536 0.0000 0.0548
017100 0.5915 0.3536 0.0000 0.0548
017120 0.5915 0.3536 0.0000 0.0548
017140 0.5915 0.3536 0.0000 0.0548
017160 0.5915 0.3536 0.0000 0.0548
017180 0.5915 0.3536 0.0000 0.0548
017200 0.5915 0.3536 0.0000 0.0548
017220 0.5915 0.3536 0.0000 0.0548
017240 0.5915 0.3536 0.0000 0.0548
017260 0.5915 0.3536 0.0000 0.0548
017280 0.5915 0.3536 0.0000 0.0548
017300 0.5915 0.3536 0.0000 0.0548
017320 0.5915 0.3536 0.0000 0.0548
017340 0.5915 0.3536 0.0000 0.0548
017360 0.5915 0.3536 0.0000 0.0548
017380 0.5915 0.3536 0.0000 0.0548
017400 0.5915 0.3536 0.0000 0.0548
017420 0.5915 0.3536 0.0000 0.0548
017440 0.5915 0.3536 0.0000 0.0548
017460 0.5915 0.3536 0.0000 0.0548
017480 0.5915 0.3536 0.0000 0.0548
017500 0.5915 0.3536 0.0000 0.0548
017520 0.5915 0.3536 0.0000 0.0548
017540 0.5915 0.3536 0.0000 0.0548
017560 0.5915 0.3536 0.0000 0.0548
017580 0.5915 0.3536 0.0000 0.0548
017600 0.5915 0.3536 0.0000 0.0548
017620 0.5915 0.3536 0.0000 0.0548
017640 0.5915 0.3536 0.0000 0.0548
017660 0.5915 0.3536 0.0000 0.0548
017680 0.5915 0.3536 0.0000 0.0548
017700 0.5915 0.3536 0.0000 0.0548
017720 0.5915 0.3536 0.0000 0.0548
017740 0.5915 0.3536 0.0000 0.0548
017760 0.5915 0.3536 0.0000 0.0548
017780 0.5915 0.3536 0.0000 0.0548
017800 0.5915 0.3536 0.0000 0.0548
017820 0.5915 0.3536 0.0000 0.0548
017840 0.5915 0.3536 0.0000 0.0548
017860 0.5915 0.3536 0.0000 0.0548
017880 0.5915 0.3536 0.0000 0.0548
017900 0.5915 0.3536 0.0000 0.0548
017920 0.5915 0.3536 0.0000 0.0548
017940 0.5915 0.3536 0.0000 0.0548
017960 0.5915 0.3536 0.0000 0.0548
017980 0.5915 0.3536 0.0000 0.0548
018000 0.5915 0.3536 0.0000 0.0548
018020 0.5915 0.3536 0.0000 0.0548
018040 0.5915 0.3536 0.0000 0.0548
018060 0.5915 0.3536 0.0000 0.0548
018080 0.5915 0.3536 0.0000 0.0548
018100 0.5915 0.3536 0.0000 0.0548
018120 0.5915 0.3536 0.0000 0.0548
018140 0.5915 0.3536 0.0000 0.0548
018160 0.5915 0.3536 0.0000 0.0548
018180 0.5915 0.3536 0.0000 0.0548
018200 0.5915 0.3536 0.0000 0.0548
018220 0.5915 0.3536 0.0000 0.0548
018240 0.5915 0.3536 0.0000 0.0548
018260 0.5915 0.3536 0.0000 0.0548
018280 0.5915 0.3536 0.0000 0.0548
018300 0.5915 0.3536 0.0000 0.0548
018320 0.5915 0.3536 0.0000 0.0548
018340 0.5915 0.3536 0.0000 0.0548
018360 0.5915 0.3536 0.0000 0.0548
018380 0.5915 0.3536 0.0000 0.0548
018400 0.5915 0.3536 0.0000 0.0548
018420 0.5915 0.3536 0.0000 0.0548
018440 0.5915 0.3536 0.0000 0.0548
018460 0.5915 0.3536 0.0000 0.0548
018480 0.5915 0.3536 0.0000 0.0548
018500 0.5915 0.3536 0.0000 0.0548
018520 0.5915 0.3536 0.0000 0.0548
018540 0.5915 0.3536 0.0000 0.0548
018560 0.5915 0.3536 0.0000 0.0548
018580 0.5915 0.3536 0.0000 0.0548
018600 0.5915 0.3536 0.0000 0.0548
018620 0.5915 0.3536 0.0000 0.0548
018640 0.5915 0.3536 0.0000 0.0548
018660 0.5915 0.3536 0.0000 0.0548
018680 0.5915 0.3536 0.0000 0.0548
018700 0.5915 0.3536 0.0000 0.0548
018720 0.5915 0.3536 0.0000 0.0548
018740 0.5915 0.3536 0.0000 0.0548
018760 0.5915 0.3536 0.0000 0.0548
018780 0.5915 0.3536 0.0000 0.0548
018800 0.5915 0.3536 0.0000 0.0548
018820 0.5915 0.3536 0.0000 0.0548
018840 0.5915 0.3536 0.0000 0.0548
018860 0.5915 0.3536 0.0000 0.0548
018880 0.5915 0.3536 0.0000 0.0548
018900 0.5915 0.3536 0.0000 0.0548
018920 0.5915 0.3536 0.0000 0.0548
018940 0.5915 0.3536 0.0000 0.0548
018960 0.5915 0.3536 0.0000 0.0548
018980 0.5915 0.3536 0.0000 0.0548
019000 0.5915 0.3536 0.0000 0.0548
019020 0.5915 0.3536 0.0000 0.0548
019040 0.5915 0.3536 0.0000 0.0548
019060 0.5915 0.3536 0.0000 0.0548
019080 0.5915 0.3536 0.0000 0.0548
019100 0.5915 0.3536 0.0000 0.0548
019120 0.5915 0.3536 0.0000 0.0548
019140 0.5915 0.3536 0.0000 0.0548
019160 0.5915 0.3536 0.0000 0.0548
019180 0.5915 0.3536 0.0000 0.0548
019200 0.5915 0.3536 0.0000 0.0548
019220 0.5915 0.3536 0.0000 0.0548
019240 0.5915 0.3536 0.0000 0.0548
019260 0.5915 0.3536 0.0000 0.0548
019280 0.5915 0.3536 0.0000 0.0548
019300 0.5915 0.3536 0.0000 0.0548
019320 0.5915 0.3536 0.0000 0.0548
019340 0.5915 0.3536 0.0000 0.0548
019360 0.5915 0.3536 0.0000 0.0548
019380 0.5915 0.3536 0.0000 0.0548
019400 0.5915 0.3536 0.0000 0.0548
019420 0.5915 0.3536 0.0000 0.0548
019440 0.5915 0.3536 0.0000 0.0548
019460 0.5915 0.3536 0.0000 0.0548
019480 0.5915 0.3536 0.0000 0.0548
019500 0.5915 0.3536 0.0000 0.0548
019520 0.5915 0.3536 0.0000 0.0548
019540 0.5915 0.3536 0.0000 0.0548
019560 0.5915 0.3536 0.0000 0.0548
019580 0.5915 0.3536 0.0000 0.0548
019600 0.5915 0.3536 0.0000 0.0548
019620 0.5915 0.3536 0.0000 0.0548
019640 0.5915 0.3536 0.0000 0.0548
019660 0.5915 0.3536 0.0000 0.0548
019680 0.5915 0.3536 0.0000 0.0548
019700 0.5915 0.3536 0.0000 0.0548
019720 0.5915 0.3536 0.0000 0.0548
019740 0.5915 0.3536 0.0000 0.0548
019760 0.5915 0.3536 0.0000 0.0548
019780 0.5915 0.3536 0.0000 0.0548
019800 0.5915 0.3536 0.0000 0.0548
019820 0.5915 0.3536 0.0000 0.0548
019840 0.5915 0.3536 0.0000 0.0548
019860 0.5915 0.3536 0.0000 0.0548
019880 0.5915 0.3536 0.0000 0.0548
019900 0.5915 0.3536 0.0000 0.0548
019920 0.5915 0.3536 0.0000 0.0548
019940 0.5915 0.3536 0.0000 0.0548
019960 0.5915 0.3536 0.0000 0.0548
019980 0.5915 0.3536 0.0000 0.0548
020000 0.5915 0.3536 0.0000 0.0548
