000000 0.2502 0.2502 0.2497 0.2499
000020 0.0089 0.8105 0.0000 0.1806
000040 0.0027 0.8304 0.0000 0.1669
000060 0.0009 0.8369 0.0000 0.1622
000080 0.0003 0.8401 0.0000 0.1596
000100 0.0002 0.8406 0.0000 0.1592
000120 0.0001 0.8410 0.0000 0.1589
000140 0.0000 0.8407 0.0000 0.1593
000160 0.0000 0.8408 0.0000 0.1592
000180 0.0000 0.8409 0.0000 0.1591
000200 0.0000 0.8403 0.0000 0.1597
000220 0.0000 0.8410 0.0000 0.1590
000240 0.0000 0.8417 0.0000 0.1583
000260 0.0000 0.8416 0.0000 0.1584
000280 0.0000 0.8407 0.0000 0.1593
000300 0.0000 0.8412 0.0000 0.1588
000320 0.0000 0.8415 0.0000 0.1585
000340 0.0000 0.8410 0.0000 0.1590
000360 0.0000 0.8409 0.0000 0.1591
000380 0.0000 0.8415 0.0000 0.1585
000400 0.0000 0.8413 0.0000 0.1587
000420 0.0000 0.8414 0.0000 0.1586
000440 0.0000 0.8417 0.0000 0.1583
000460 0.0000 0.8414 0.0000 0.1586
000480 0.0000 0.8416 0.0000 0.1584
000500 0.0000 0.8411 0.0000 0.1589
000520 0.0000 0.8412 0.0000 0.1588
000540 0.0000 0.8419 0.0000 0.1581
000560 0.0000 0.8411 0.0000 0.1589
000580 0.0000 0.8413 0.0000 0.1587
000600 0.0000 0.8418 0.0000 0.1582
000620 0.0000 0.8416 0.0000 0.1584
000640 0.0000 0.8405 0.0000 0.1595
000660 0.0000 0.8410 0.0000 0.1590
000680 0.0000 0.8418 0.0000 0.1582
000700 0.0000 0.8408 0.0000 0.1592
000720 0.0000 0.8401 0.0000 0.1599
000740 0.0000 0.8411 0.0000 0.1589
000760 0.0000 0.8414 0.0000 0.1586
000780 0.0000 0.8408 0.0000 0.1592
000800 0.0000 0.8420 0.0000 0.1580
000820 0.0000 0.8413 0.0000 0.1587
000840 0.0000 0.8406 0.0000 0.1594
000860 0.0000 0.8415 0.0000 0.1585
000880 0.0000 0.8417 0.0000 0.1583
000900 0.0000 0.8415 0.0000 0.1585
000920 0.0000 0.8410 0.0000 0.1590
000940 0.0000 0.8407 0.0000 0.1593
000960 0.0000 0.8413 0.0000 0.1587
000980 0.0000 0.8412 0.0000 0.1588
001000 0.0000 0.8421 0.0000 0.1579
001020 0.0000 0.8413 0.0000 0.1587
001040 0.0000 0.8409 0.0000 0.1591
001060 0.0000 0.8408 0.0000 0.1592
001080 0.0000 0.8415 0.0000 0.1585
001100 0.0000 0.8422 0.0000 0.1578
001120 0.0000 0.8418 0.0000 0.1582
001140 0.0000 0.8414 0.0000 0.1586
001160 0.0000 0.8413 0.0000 0.1587
001180 0.0000 0.8422 0.0000 0.1578
001200 0.0000 0.8403 0.0000 0.1597
001220 0.0000 0.8413 0.0000 0.1587
001240 0.0000 0.8415 0.0000 0.1585
001260 0.0000 0.8414 0.0000 0.1586
001280 0.0000 0.8421 0.0000 0.1579
001300 0.0000 0.8409 0.0000 0.1591
001320 0.0000 0.8417 0.0000 0.1583
001340 0.0000 0.8416 0.0000 0.1584
001360 0.0000 0.8411 0.0000 0.1589
001380 0.0000 0.8414 0.0000 0.1586
001400 0.0000 0.8410 0.0000 0.1590
001420 0.0000 0.8419 0.0000 0.1581
001440 0.0000 0.8410 0.0000 0.1590
001460 0.0000 0.8414 0.0000 0.1586
001480 0.0000 0.8410 0.0000 0.1590
001500 0.0000 0.8414 0.0000 0.1586
001520 0.0000 0.8411 0.0000 0.1589
001540 0.0000 0.8413 0.0000 0.1587
001560 0.0000 0.8415 0.0000 0.1585
001580 0.0000 0.8413 0.0000 0.1587
001600 0.0000 0.8416 0.0000 0.1584
001620 0.0000 0.8413 0.0000 0.1587
001640 0.0000 0.8415 0.0000 0.1585
001660 0.0000 0.8412 0.0000 0.1588
001680 0.0000 0.8407 0.0000 0.1593
001700 0.0000 0.8406 0.0000 0.1594
001720 0.0000 0.8407 0.0000 0.1593
001740 0.0000 0.8421 0.0000 0.1579
001760 0.0000 0.8411 0.0000 0.1589
001780 0.0000 0.8419 0.0000 0.1581
001800 0.0000 0.8416 0.0000 0.1584
001820 0.0000 0.8417 0.0000 0.1583
001840 0.0000 0.8413 0.0000 0.1587
001860 0.0000 0.8417 0.0000 0.1583
001880 0.0000 0.8417 0.0000 0.1583
001900 0.0000 0.8414 0.0000 0.1586
001920 0.0000 0.8408 0.0000 0.1592
001940 0.0000 0.8418 0.0000 0.1582
001960 0.0000 0.8411 0.0000 0.1589
001980 0.0000 0.8409 0.0000 0.1591
002000 0.0000 0.8409 0.0000 0.1591
002020 0.0000 0.8405 0.0000 0.1595
002040 0.0000 0.8411 0.0000 0.1589
002060 0.0000 0.8407 0.0000 0.1593
002080 0.0000 0.8407 0.0000 0.1593
002100 0.0000 0.8409 0.0000 0.1591
002120 0.0000 0.8411 0.0000 0.1589
002140 0.0000 0.8406 0.0000 0.1594
002160 0.0000 0.8413 0.0000 0.1587
002180 0.0000 0.8408 0.0000 0.1592
002200 0.0000 0.8415 0.0000 0.1585
002220 0.0000 0.8413 0.0000 0.1587
002240 0.0000 0.8414 0.0000 0.1586
002260 0.0000 0.8406 0.0000 0.1594
002280 0.0000 0.8407 0.0000 0.1593
002300 0.0000 0.8405 0.0000 0.1595
002320 0.0000 0.8406 0.0000 0.1594
002340 0.0000 0.8416 0.0000 0.1584
002360 0.0000 0.8409 0.0000 0.1591
002380 0.0000 0.8412 0.0000 0.1588
002400 0.0000 0.8404 0.0000 0.1596
002420 0.0000 0.8407 0.0000 0.1593
002440 0.0000 0.8410 0.0000 0.1590
002460 0.0000 0.8410 0.0000 0.1590
002480 0.0000 0.8411 0.0000 0.1589
002500 0.0000 0.8414 0.0000 0.1586
002520 0.0000 0.8416 0.0000 0.1584
002540 0.0000 0.8422 0.0000 0.1578
002560 0.0000 0.8418 0.0000 0.1582
002580 0.0000 0.8417 0.0000 0.1583
002600 0.0000 0.8419 0.0000 0.1581
002620 0.0000 0.8413 0.0000 0.1587
002640 0.0000 0.8410 0.0000 0.1590
002660 0.0000 0.8419 0.0000 0.1581
002680 0.0000 0.8413 0.0000 0.1587
002700 0.0000 0.8413 0.0000 0.1587
002720 0.0000 0.8414 0.0000 0.1586
002740 0.0000 0.8417 0.0000 0.1583
002760 0.0000 0.8417 0.0000 0.1583
002780 0.0000 0.8410 0.0000 0.1590
002800 0.0000 0.8416 0.0000 0.1584
002820 0.0000 0.8411 0.0000 0.1589
002840 0.0000 0.8412 0.0000 0.1588
002860 0.0000 0.8412 0.0000 0.1588
002880 0.0000 0.8418 0.0000 0.1582
002900 0.0000 0.8416 0.0000 0.1584
002920 0.0000 0.8417 0.0000 0.1583
002940 0.0000 0.8417 0.0000 0.1583
002960 0.0000 0.8418 0.0000 0.1582
002980 0.0000 0.8411 0.0000 0.1589
003000 0.0000 0.8414 0.0000 0.1586
003020 0.0000 0.8410 0.0000 0.1590
003040 0.0000 0.8412 0.0000 0.1588
003060 0.0000 0.8410 0.0000 0.1590
003080 0.0000 0.8409 0.0000 0.1591
003100 0.0000 0.8413 0.0000 0.1587
003120 0.0000 0.8412 0.0000 0.1588
003140 0.0000 0.8417 0.0000 0.1583
003160 0.0000 0.8419 0.0000 0.1581
003180 0.0000 0.8415 0.0000 0.1585
003200 0.0000 0.8422 0.0000 0.1578
003220 0.0000 0.8418 0.0000 0.1582
003240 0.0000 0.8414 0.0000 0.1586
003260 0.0000 0.8419 0.0000 0.1581
003280 0.0000 0.8409 0.0000 0.1591
003300 0.0000 0.8412 0.0000 0.1588
003320 0.0000 0.8408 0.0000 0.1592
003340 0.0000 0.8412 0.0000 0.1588
003360 0.0000 0.8415 0.0000 0.1585
003380 0.0000 0.8417 0.0000 0.1583
003400 0.0000 0.8419 0.0000 0.1581
003420 0.0000 0.8409 0.0000 0.1591
003440 0.0000 0.8410 0.0000 0.1590
003460 0.0000 0.8417 0.0000 0.1583
003480 0.0000 0.8407 0.0000 0.1593
003500 0.0000 0.8400 0.0000 0.1600
003520 0.0000 0.8404 0.0000 0.1596
003540 0.0000 0.8417 0.0000 0.1583
003560 0.0000 0.8424 0.0000 0.1576
003580 0.0000 0.8415 0.0000 0.1585
003600 0.0000 0.8412 0.0000 0.1588
003620 0.0000 0.8406 0.0000 0.1594
003640 0.0000 0.8411 0.0000 0.1589
003660 0.0000 0.8413 0.0000 0.1587
003680 0.0000 0.8404 0.0000 0.1596
003700 0.0000 0.8407 0.0000 0.1593
003720 0.0000 0.8408 0.0000 0.1592
003740 0.0000 0.8408 0.0000 0.1592
003760 0.0000 0.8415 0.0000 0.1585
003780 0.0000 0.8416 0.0000 0.1584
003800 0.0000 0.8409 0.0000 0.1591
003820 0.0000 0.8410 0.0000 0.1590
003840 0.0000 0.8408 0.0000 0.1592
003860 0.0000 0.8406 0.0000 0.1594
003880 0.0000 0.8400 0.0000 0.1600
003900 0.0000 0.8408 0.0000 0.1592
003920 0.0000 0.8414 0.0000 0.1586
003940 0.0000 0.8414 0.0000 0.1586
003960 0.0000 0.8419 0.0000 0.1581
003980 0.0000 0.8416 0.0000 0.1584
004000 0.0000 0.8412 0.0000 0.1588
004020 0.0000 0.8417 0.0000 0.1583
004040 0.0000 0.8418 0.0000 0.1582
004060 0.0000 0.8412 0.0000 0.1588
004080 0.0000 0.8424 0.0000 0.1576
004100 0.0000 0.8407 0.0000 0.1593
004120 0.0000 0.8410 0.0000 0.1590
004140 0.0000 0.8411 0.0000 0.1589
004160 0.0000 0.8414 0.0000 0.1586
004180 0.0000 0.8409 0.0000 0.1591
004200 0.0000 0.8418 0.0000 0.1582
004220 0.0000 0.8411 0.0000 0.1589
004240 0.0000 0.8417 0.0000 0.1583
004260 0.0000 0.8418 0.0000 0.1582
004280 0.0000 0.8415 0.0000 0.1585
004300 0.0000 0.8407 0.0000 0.1593
004320 0.0000 0.8415 0.0000 0.1585
004340 0.0000 0.8415 0.0000 0.1585
004360 0.0000 0.8415 0.0000 0.1585
004380 0.0000 0.8415 0.0000 0.1585
004400 0.0000 0.8420 0.0000 0.1580
004420 0.0000 0.8415 0.0000 0.1585
004440 0.0000 0.8415 0.0000 0.1585
004460 0.0000 0.8420 0.0000 0.1580
004480 0.0000 0.8417 0.0000 0.1583
004500 0.0000 0.8410 0.0000 0.1590
004520 0.0000 0.8415 0.0000 0.1585
004540 0.0000 0.8413 0.0000 0.1587
004560 0.0000 0.8407 0.0000 0.1593
004580 0.0000 0.8408 0.0000 0.1592
004600 0.0000 0.8417 0.0000 0.1583
004620 0.0000 0.8408 0.0000 0.1592
004640 0.0000 0.8414 0.0000 0.1586
004660 0.0000 0.8409 0.0000 0.1591
004680 0.0000 0.8407 0.0000 0.1593
004700 0.0000 0.8408 0.0000 0.1592
004720 0.0000 0.8411 0.0000 0.1589
004740 0.0000 0.8414 0.0000 0.1586
004760 0.0000 0.8420 0.0000 0.1580
004780 0.0000 0.8418 0.0000 0.1582
004800 0.0000 0.8409 0.0000 0.1591
004820 0.0000 0.8413 0.0000 0.1587
004840 0.0000 0.8417 0.0000 0.1583
004860 0.0000 0.8426 0.0000 0.1574
004880 0.0000 0.8413 0.0000 0.1587
004900 0.0000 0.8406 0.0000 0.1594
004920 0.0000 0.8413 0.0000 0.1587
004940 0.0000 0.8419 0.0000 0.1581
004960 0.0000 0.8411 0.0000 0.1589
004980 0.0000 0.8407 0.0000 0.1593
005000 0.0000 0.8412 0.0000 0.1588
005020 0.0000 0.8412 0.0000 0.1588
005040 0.0000 0.8411 0.0000 0.1589
005060 0.0000 0.8414 0.0000 0.1586
005080 0.0000 0.8415 0.0000 0.1585
005100 0.0000 0.8413 0.0000 0.1587
005120 0.0000 0.8408 0.0000 0.1592
005140 0.0000 0.8417 0.0000 0.1583
005160 0.0000 0.8420 0.0000 0.1580
005180 0.0000 0.8421 0.0000 0.1579
005200 0.0000 0.8427 0.0000 0.1573
005220 0.0000 0.8414 0.0000 0.1586
005240 0.0000 0.8419 0.0000 0.1581
005260 0.0000 0.8414 0.0000 0.1586
005280 0.0000 0.8417 0.0000 0.1583
005300 0.0000 0.8418 0.0000 0.1582
005320 0.0000 0.8412 0.0000 0.1588
005340 0.0000 0.8411 0.0000 0.1589
005360 0.0000 0.8418 0.0000 0.1582
005380 0.0000 0.8416 0.0000 0.1584
005400 0.0000 0.8416 0.0000 0.1584
005420 0.0000 0.8411 0.0000 0.1589
005440 0.0000 0.8415 0.0000 0.1585
005460 0.0000 0.8413 0.0000 0.1587
005480 0.0000 0.8407 0.0000 0.1593
005500 0.0000 0.8415 0.0000 0.1585
005520 0.0000 0.8409 0.0000 0.1591
005540 0.0000 0.8415 0.0000 0.1585
005560 0.0000 0.8414 0.0000 0.1586
005580 0.0000 0.8412 0.0000 0.1588
005600 0.0000 0.8422 0.0000 0.1578
005620 0.0000 0.8412 0.0000 0.1588
005640 0.0000 0.8416 0.0000 0.1584
005660 0.0000 0.8417 0.0000 0.1583
005680 0.0000 0.8407 0.0000 0.1593
005700 0.0000 0.8411 0.0000 0.1589
005720 0.0000 0.8407 0.0000 0.1593
005740 0.0000 0.8412 0.0000 0.1588
005760 0.0000 0.8413 0.0000 0.1587
005780 0.0000 0.8405 0.0000 0.1595
005800 0.0000 0.8411 0.0000 0.1589
005820 0.0000 0.8418 0.0000 0.1582
005840 0.0000 0.8410 0.0000 0.1590
005860 0.0000 0.8419 0.0000 0.1581
005880 0.0000 0.8414 0.0000 0.1586
005900 0.0000 0.8415 0.0000 0.1585
005920 0.0000 0.8413 0.0000 0.1587
005940 0.0000 0.8407 0.0000 0.1593
005960 0.0000 0.8411 0.0000 0.1589
005980 0.0000 0.8412 0.0000 0.1588
006000 0.0000 0.8406 0.0000 0.1594
006020 0.0000 0.8408 0.0000 0.1592
006040 0.0000 0.8414 0.0000 0.1586
006060 0.0000 0.8413 0.0000 0.1587
006080 0.0000 0.8416 0.0000 0.1584
006100 0.0000 0.8415 0.0000 0.1585
006120 0.0000 0.8405 0.0000 0.1595
006140 0.0000 0.8408 0.0000 0.1592
006160 0.0000 0.8416 0.0000 0.1584
006180 0.0000 0.8413 0.0000 0.1587
006200 0.0000 0.8411 0.0000 0.1589
006220 0.0000 0.8410 0.0000 0.1590
006240 0.0000 0.8400 0.0000 0.1600
006260 0.0000 0.8413 0.0000 0.1587
006280 0.0000 0.8422 0.0000 0.1578
006300 0.0000 0.8413 0.0000 0.1587
006320 0.0000 0.8412 0.0000 0.1588
006340 0.0000 0.8407 0.0000 0.1593
006360 0.0000 0.8409 0.0000 0.1591
006380 0.0000 0.8412 0.0000 0.1588
006400 0.0000 0.8420 0.0000 0.1580
006420 0.0000 0.8408 0.0000 0.1592
006440 0.0000 0.8418 0.0000 0.1582
006460 0.0000 0.8413 0.0000 0.1587
006480 0.0000 0.8416 0.0000 0.1584
006500 0.0000 0.8417 0.0000 0.1583
006520 0.0000 0.8411 0.0000 0.1589
006540 0.0000 0.8413 0.0000 0.1587
006560 0.0000 0.8416 0.0000 0.1584
006580 0.0000 0.8417 0.0000 0.1583
006600 0.0000 0.8422 0.0000 0.1578
006620 0.0000 0.8417 0.0000 0.1583
006640 0.0000 0.8419 0.0000 0.1581
006660 0.0000 0.8412 0.0000 0.1588
006680 0.0000 0.8409 0.0000 0.1591
006700 0.0000 0.8418 0.0000 0.1582
006720 0.0000 0.8422 0.0000 0.1578
006740 0.0000 0.8416 0.0000 0.1585
006760 0.0000 0.8410 0.0000 0.1590
006780 0.0000 0.8412 0.0000 0.1588
006800 0.0000 0.8421 0.0000 0.1579
006820 0.0000 0.8406 0.0000 0.1594
006840 0.0000 0.8417 0.0000 0.1583
006860 0.0000 0.8406 0.0000 0.1594
006880 0.0000 0.8424 0.0000 0.1576
006900 0.0000 0.8419 0.0000 0.1581
006920 0.0000 0.8415 0.0000 0.1585
006940 0.0000 0.8416 0.0000 0.1584
006960 0.0000 0.8411 0.0000 0.1589
006980 0.0000 0.8405 0.0000 0.1595
007000 0.0000 0.8407 0.0000 0.1593
007020 0.0000 0.8410 0.0000 0.1590
007040 0.0000 0.8418 0.0000 0.1582
007060 0.0000 0.8410 0.0000 0.1590
007080 0.0000 0.8409 0.0000 0.1591
007100 0.0000 0.8407 0.0000 0.1593
007120 0.0000 0.8416 0.0000 0.1584
007140 0.0000 0.8412 0.0000 0.1588
007160 0.0000 0.8424 0.0000 0.1576
007180 0.0000 0.8410 0.0000 0.1590
007200 0.0000 0.8413 0.0000 0.1587
007220 0.0000 0.8415 0.0000 0.1585
007240 0.0000 0.8414 0.0000 0.1586
007260 0.0000 0.8411 0.0000 0.1589
007280 0.0000 0.8406 0.0000 0.1594
007300 0.0000 0.8417 0.0000 0.1583
007320 0.0000 0.8410 0.0000 0.1590
007340 0.0000 0.8414 0.0000 0.1586
007360 0.0000 0.8411 0.0000 0.1589
007380 0.0000 0.8415 0.0000 0.1585
007400 0.0000 0.8414 0.0000 0.1586
007420 0.0000 0.8416 0.0000 0.1584
007440 0.0000 0.8409 0.0000 0.1591
007460 0.0000 0.8417 0.0000 0.1583
007480 0.0000 0.8420 0.0000 0.1580
007500 0.0000 0.8413 0.0000 0.1587
007520 0.0000 0.8411 0.0000 0.1589
007540 0.0000 0.8411 0.0000 0.1589
007560 0.0000 0.8406 0.0000 0.1594
007580 0.0000 0.8413 0.0000 0.1587
007600 0.0000 0.8405 0.0000 0.1595
007620 0.0000 0.8413 0.0000 0.1587
007640 0.0000 0.8412 0.0000 0.1588
007660 0.0000 0.8416 0.0000 0.1584
007680 0.0000 0.8410 0.0000 0.1590
007700 0.0000 0.8420 0.0000 0.1580
007720 0.0000 0.8410 0.0000 0.1590
007740 0.0000 0.8405 0.0000 0.1595
007760 0.0000 0.8410 0.0000 0.1590
007780 0.0000 0.8412 0.0000 0.1588
007800 0.0000 0.8402 0.0000 0.1598
007820 0.0000 0.8407 0.0000 0.1593
007840 0.0000 0.8412 0.0000 0.1588
007860 0.0000 0.8408 0.0000 0.1592
007880 0.0000 0.8408 0.0000 0.1592
007900 0.0000 0.8409 0.0000 0.1591
007920 0.0000 0.8410 0.0000 0.1590
007940 0.0000 0.8407 0.0000 0.1593
007960 0.0000 0.8412 0.0000 0.1588
007980 0.0000 0.8417 0.0000 0.1583
008000 0.0000 0.8411 0.0000 0.1589
008020 0.0000 0.8416 0.0000 0.1584
008040 0.0000 0.8415 0.0000 0.1585
008060 0.0000 0.8414 0.0000 0.1586
008080 0.0000 0.8416 0.0000 0.1584
008100 0.0000 0.8407 0.0000 0.1593
008120 0.0000 0.8414 0.0000 0.1586
008140 0.0000 0.8408 0.0000 0.1592
008160 0.0000 0.8417 0.0000 0.1583
008180 0.0000 0.8412 0.0000 0.1588
008200 0.0000 0.8423 0.0000 0.1577
008220 0.0000 0.8411 0.0000 0.1589
008240 0.0000 0.8409 0.0000 0.1591
008260 0.0000 0.8398 0.0000 0.1602
008280 0.0000 0.8410 0.0000 0.1590
008300 0.0000 0.8416 0.0000 0.1584
008320 0.0000 0.8404 0.0000 0.1596
008340 0.0000 0.8404 0.0000 0.1596
008360 0.0000 0.8410 0.0000 0.1590
008380 0.0000 0.8410 0.0000 0.1590
008400 0.0000 0.8400 0.0000 0.1600
008420 0.0000 0.8404 0.0000 0.1596
008440 0.0000 0.8413 0.0000 0.1587
008460 0.0000 0.8414 0.0000 0.1586
008480 0.0000 0.8413 0.0000 0.1587
008500 0.0000 0.8416 0.0000 0.1584
008520 0.0000 0.8419 0.0000 0.1581
008540 0.0000 0.8413 0.0000 0.1587
008560 0.0000 0.8413 0.0000 0.1587
008580 0.0000 0.8420 0.0000 0.1580
008600 0.0000 0.8420 0.0000 0.1580
008620 0.0000 0.8424 0.0000 0.1576
008640 0.0000 0.8419 0.0000 0.1581
008660 0.0000 0.8408 0.0000 0.1592
008680 0.0000 0.8414 0.0000 0.1586
008700 0.0000 0.8411 0.0000 0.1589
008720 0.0000 0.8413 0.0000 0.1587
008740 0.0000 0.8411 0.0000 0.1589
008760 0.0000 0.8411 0.0000 0.1589
008780 0.0000 0.8412 0.0000 0.1588
008800 0.0000 0.8419 0.0000 0.1581
008820 0.0000 0.8412 0.0000 0.1588
008840 0.0000 0.8408 0.0000 0.1592
008860 0.0000 0.8409 0.0000 0.1591
008880 0.0000 0.8415 0.0000 0.1585
008900 0.0000 0.8411 0.0000 0.1589
008920 0.0000 0.8411 0.0000 0.1589
008940 0.0000 0.8411 0.0000 0.1589
008960 0.0000 0.8414 0.0000 0.1586
008980 0.0000 0.8411 0.0000 0.1589
009000 0.0000 0.8416 0.0000 0.1584
009020 0.0000 0.8415 0.0000 0.1585
009040 0.0000 0.8411 0.0000 0.1589
009060 0.0000 0.8409 0.0000 0.1591
009080 0.0000 0.8425 0.0000 0.1575
009100 0.0000 0.8417 0.0000 0.1583
009120 0.0000 0.8412 0.0000 0.1588
009140 0.0000 0.8410 0.0000 0.1590
009160 0.0000 0.8413 0.0000 0.1587
009180 0.0000 0.8415 0.0000 0.1585
009200 0.0000 0.8412 0.0000 0.1588
009220 0.0000 0.8426 0.0000 0.1574
009240 0.0000 0.8418 0.0000 0.1582
009260 0.0000 0.8412 0.0000 0.1588
009280 0.0000 0.8417 0.0000 0.1583
009300 0.0000 0.8408 0.0000 0.1592
009320 0.0000 0.8411 0.0000 0.1589
009340 0.0000 0.8411 0.0000 0.1589
009360 0.0000 0.8416 0.0000 0.1584
009380 0.0000 0.8411 0.0000 0.1589
009400 0.0000 0.8411 0.0000 0.1589
009420 0.0000 0.8408 0.0000 0.1592
009440 0.0000 0.8416 0.0000 0.1584
009460 0.0000 0.8413 0.0000 0.1587
009480 0.0000 0.8408 0.0000 0.1592
009500 0.0000 0.8414 0.0000 0.1586
009520 0.0000 0.8415 0.0000 0.1585
009540 0.0000 0.8422 0.0000 0.1578
009560 0.0000 0.8417 0.0000 0.1583
009580 0.0000 0.8415 0.0000 0.1585
009600 0.0000 0.8408 0.0000 0.1592
009620 0.0000 0.8406 0.0000 0.1594
009640 0.0000 0.8405 0.0000 0.1595
009660 0.0000 0.8412 0.0000 0.1588
009680 0.0000 0.8415 0.0000 0.1585
009700 0.0000 0.8414 0.0000 0.1586
009720 0.0000 0.8409 0.0000 0.1591
009740 0.0000 0.8410 0.0000 0.1590
009760 0.0000 0.8413 0.0000 0.1587
009780 0.0000 0.8410 0.0000 0.1590
009800 0.0000 0.8419 0.0000 0.1581
009820 0.0000 0.8416 0.0000 0.1584
009840 0.0000 0.8416 0.0000 0.1584
009860 0.0000 0.8417 0.0000 0.1583
009880 0.0000 0.8413 0.0000 0.1587
009900 0.0000 0.8408 0.0000 0.1592
009920 0.0000 0.8404 0.0000 0.1596
009940 0.0000 0.8410 0.0000 0.1590
009960 0.0000 0.8413 0.0000 0.1587
009980 0.0000 0.8412 0.0000 0.1588
010000 0.0000 0.8409 0.0000 0.1591
010020 0.0000 0.8408 0.0000 0.1592
010040 0.0000 0.8408 0.0000 0.1592
010060 0.0000 0.8408 0.0000 0.1592
010080 0.0000 0.8408 0.0000 0.1592
010100 0.0000 0.8408 0.0000 0.1592
010120 0.0000 0.8408 0.0000 0.1592
010140 0.0000 0.8408 0.0000 0.1592
010160 0.0000 0.8408 0.0000 0.1592
010180 0.0000 0.8408 0.0000 0.1592
010200 0.0000 0.8408 0.0000 0.1592
010220 0.0000 0.8408 0.0000 0.1592
010240 0.0000 0.8408 0.0000 0.1592
010260 0.0000 0.8408 0.0000 0.1592
010280 0.0000 0.8408 0.0000 0.1592
010300 0.0000 0.8408 0.0000 0.1592
010320 0.0000 0.8408 0.0000 0.1592
010340 0.0000 0.8408 0.0000 0.1592
010360 0.0000 0.8408 0.0000 0.1592
010380 0.0000 0.8408 0.0000 0.1592
010400 0.0000 0.8408 0.0000 0.1592
010420 0.0000 0.8408 0.0000 0.1592
010440 0.0000 0.8408 0.0000 0.1592
010460 0.0000 0.8408 0.0000 0.1592
010480 0.0000 0.8408 0.0000 0.1592
010500 0.0000 0.8408 0.0000 0.1592
010520 0.0000 0.8408 0.0000 0.1592
010540 0.0000 0.8408 0.0000 0.1592
010560 0.0000 0.8408 0.0000 0.1592
010580 0.0000 0.8408 0.0000 0.1592
010600 0.0000 0.8408 0.0000 0.1592
010620 0.0000 0.8408 0.0000 0.1592
010640 0.0000 0.8408 0.0000 0.1592
010660 0.0000 0.8408 0.0000 0.1592
010680 0.0000 0.8408 0.0000 0.1592
010700 0.0000 0.8408 0.0000 0.1592
010720 0.0000 0.8408 0.0000 0.1592
010740 0.0000 0.8408 0.0000 0.1592
010760 0.0000 0.8408 0.0000 0.1592
010780 0.0000 0.8408 0.0000 0.1592
010800 0.0000 0.8408 0.0000 0.1592
010820 0.0000 0.8408 0.0000 0.1592
010840 0.0000 0.8408 0.0000 0.1592
010860 0.0000 0.8408 0.0000 0.1592
010880 0.0000 0.8408 0.0000 0.1592
010900 0.0000 0.8408 0.0000 0.1592
010920 0.0000 0.8408 0.0000 0.1592
010940 0.0000 0.8408 0.0000 0.1592
010960 0.0000 0.8408 0.0000 0.1592
010980 0.0000 0.8408 0.0000 0.1592
011000 0.0000 0.8408 0.0000 0.1592
011020 0.0000 0.8408 0.0000 0.1592
011040 0.0000 0.8408 0.0000 0.1592
011060 0.0000 0.8408 0.0000 0.1592
011080 0.0000 0.8408 0.0000 0.1592
011100 0.0000 0.8408 0.0000 0.1592
011120 0.0000 0.8408 0.0000 0.1592
011140 0.0000 0.8408 0.0000 0.1592
011160 0.0000 0.8408 0.0000 0.1592
011180 0.0000 0.8408 0.0000 0.1592
011200 0.0000 0.8408 0.0000 0.1592
011220 0.0000 0.8408 0.0000 0.1592
011240 0.0000 0.8408 0.0000 0.1592
011260 0.0000 0.8408 0.0000 0.1592
011280 0.0000 0.8408 0.0000 0.1592
011300 0.0000 0.8408 0.0000 0.1592
011320 0.0000 0.8408 0.0000 0.1592
011340 0.0000 0.8408 0.0000 0.1592
011360 0.0000 0.8408 0.0000 0.1592
011380 0.0000 0.8408 0.0000 0.1592
011400 0.0000 0.8408 0.0000 0.1592
011420 0.0000 0.8408 0.0000 0.1592
011440 0.0000 0.8408 0.0000 0.1592
011460 0.0000 0.8408 0.0000 0.1592
011480 0.0000 0.8408 0.0000 0.1592
011500 0.0000 0.8408 0.0000 0.1592
011520 0.0000 0.8408 0.0000 0.1592
011540 0.0000 0.8408 0.0000 0.1592
011560 0.0000 0.8408 0.0000 0.1592
011580 0.0000 0.8408 0.0000 0.1592
011600 0.0000 0.8408 0.0000 0.1592
011620 0.0000 0.8408 0.0000 0.1592
011640 0.0000 0.8408 0.0000 0.1592
011660 0.0000 0.8408 0.0000 0.1592
011680 0.0000 0.8408 0.0000 0.1592
011700 0.0000 0.8408 0.0000 0.1592
011720 0.0000 0.8408 0.0000 0.1592
011740 0.0000 0.8408 0.0000 0.1592
011760 0.0000 0.8408 0.0000 0.1592
011780 0.0000 0.8408 0.0000 0.1592
011800 0.0000 0.8408 0.0000 0.1592
011820 0.0000 0.8408 0.0000 0.1592
011840 0.0000 0.8408 0.0000 0.1592
011860 0.0000 0.8408 0.0000 0.1592
011880 0.0000 0.8408 0.0000 0.1592
011900 0.0000 0.8408 0.0000 0.1592
011920 0.0000 0.8408 0.0000 0.1592
011940 0.0000 0.8408 0.0000 0.1592
011960 0.0000 0.8408 0.0000 0.1592
011980 0.0000 0.8408 0.0000 0.1592
012000 0.0000 0.8408 0.0000 0.1592
012020 0.0000 0.8408 0.0000 0.1592
012040 0.0000 0.8408 0.0000 0.1592
012060 0.0000 0.8408 0.0000 0.1592
012080 0.0000 0.8408 0.0000 0.1592
012100 0.0000 0.8408 0.0000 0.1592
012120 0.0000 0.8408 0.0000 0.1592
012140 0.0000 0.8408 0.0000 0.1592
012160 0.0000 0.8408 0.0000 0.1592
012180 0.0000 0.8408 0.0000 0.1592
012200 0.0000 0.8408 0.0000 0.1592
012220 0.0000 0.8408 0.0000 0.1592
012240 0.0000 0.8408 0.0000 0.1592
012260 0.0000 0.8408 0.0000 0.1592
012280 0.0000 0.8408 0.0000 0.1592
012300 0.0000 0.8408 0.0000 0.1592
012320 0.0000 0.8408 0.0000 0.1592
012340 0.0000 0.8408 0.0000 0.1592
012360 0.0000 0.8408 0.0000 0.1592
012380 0.0000 0.8408 0.0000 0.1592
012400 0.0000 0.8408 0.0000 0.1592
012420 0.0000 0.8408 0.0000 0.1592
012440 0.0000 0.8408 0.0000 0.1592
012460 0.0000 0.8408 0.0000 0.1592
012480 0.0000 0.8408 0.0000 0.1592
012500 0.0000 0.8408 0.0000 0.1592
012520 0.0000 0.8408 0.0000 0.1592
012540 0.0000 0.8408 0.0000 0.1592
012560 0.0000 0.8408 0.0000 0.1592
012580 0.0000 0.8408 0.0000 0.1592
012600 0.0000 0.8408 0.0000 0.1592
012620 0.0000 0.8408 0.0000 0.1592
012640 0.0000 0.8408 0.0000 0.1592
012660 0.0000 0.8408 0.0000 0.1592
012680 0.0000 0.8408 0.0000 0.1592
012700 0.0000 0.8408 0.0000 0.1592
012720 0.0000 0.8408 0.0000 0.1592
012740 0.0000 0.8408 0.0000 0.1592
012760 0.0000 0.8408 0.0000 0.1592
012780 0.0000 0.8408 0.0000 0.1592
012800 0.0000 0.8408 0.0000 0.1592
012820 0.0000 0.8408 0.0000 0.1592
012840 0.0000 0.8408 0.0000 0.1592
012860 0.0000 0.8408 0.0000 0.1592
012880 0.0000 0.8408 0.0000 0.1592
012900 0.0000 0.8408 0.0000 0.1592
012920 0.0000 0.8408 0.0000 0.1592
012940 0.0000 0.8408 0.0000 0.1592
012960 0.0000 0.8408 0.0000 0.1592
012980 0.0000 0.8408 0.0000 0.1592
013000 0.0000 0.8408 0.0000 0.1592
013020 0.0000 0.8408 0.0000 0.1592
013040 0.0000 0.8408 0.0000 0.1592
013060 0.0000 0.8408 0.0000 0.1592
013080 0.0000 0.8408 0.0000 0.1592
013100 0.0000 0.8408 0.0000 0.1592
013120 0.0000 0.8408 0.0000 0.1592
013140 0.0000 0.8408 0.0000 0.1592
013160 0.0000 0.8408 0.0000 0.1592
013180 0.0000 0.8408 0.0000 0.1592
013200 0.0000 0.8408 0.0000 0.1592
013220 0.0000 0.8408 0.0000 0.1592
013240 0.0000 0.8408 0.0000 0.1592
013260 0.0000 0.8408 0.0000 0.1592
013280 0.0000 0.8408 0.0000 0.1592
013300 0.0000 0.8408 0.0000 0.1592
013320 0.0000 0.8408 0.0000 0.1592
013340 0.0000 0.8408 0.0000 0.1592
013360 0.0000 0.8408 0.0000 0.1592
013380 0.0000 0.8408 0.0000 0.1592
013400 0.0000 0.8408 0.0000 0.1592
013420 0.0000 0.8408 0.0000 0.1592
013440 0.0000 0.8408 0.0000 0.1592
013460 0.0000 0.8408 0.0000 0.1592
013480 0.0000 0.8408 0.0000 0.1592
013500 0.0000 0.8408 0.0000 0.1592
013520 0.0000 0.8408 0.0000 0.1592
013540 0.0000 0.8408 0.0000 0.1592
013560 0.0000 0.8408 0.0000 0.1592
013580 0.0000 0.8408 0.0000 0.1592
013600 0.0000 0.8408 0.0000 0.1592
013620 0.0000 0.8408 0.0000 0.1592
013640 0.0000 0.8408 0.0000 0.1592
013660 0.0000 0.8408 0.0000 0.1592
013680 0.0000 0.8408 0.0000 0.1592
013700 0.0000 0.8408 0.0000 0.1592
013720 0.0000 0.8408 0.0000 0.1592
013740 0.0000 0.8408 0.0000 0.1592
013760 0.0000 0.8408 0.0000 0.1592
013780 0.0000 0.8408 0.0000 0.1592
013800 0.0000 0.8408 0.0000 0.1592
013820 0.0000 0.8408 0.0000 0.1592
013840 0.0000 0.8408 0.0000 0.1592
013860 0.0000 0.8408 0.0000 0.1592
013880 0.0000 0.8408 0.0000 0.1592
013900 0.0000 0.8408 0.0000 0.1592
013920 0.0000 0.8408 0.0000 0.1592
013940 0.0000 0.8408 0.0000 0.1592
013960 0.0000 0.8408 0.0000 0.1592
013980 0.0000 0.8408 0.0000 0.1592
014000 0.0000 0.8408 0.0000 0.1592
014020 0.0000 0.8408 0.0000 0.1592
014040 0.0000 0.8408 0.0000 0.1592
014060 0.0000 0.8408 0.0000 0.1592
014080 0.0000 0.8408 0.0000 0.1592
014100 0.0000 0.8408 0.0000 0.1592
014120 0.0000 0.8408 0.0000 0.1592
014140 0.0000 0.8408 0.0000 0.1592
014160 0.0000 0.8408 0.0000 0.1592
014180 0.0000 0.8408 0.0000 0.1592
014200 0.0000 0.8408 0.0000 0.1592
014220 0.0000 0.8408 0.0000 0.1592
014240 0.0000 0.8408 0.0000 0.1592
014260 0.0000 0.8408 0.0000 0.1592
014280 0.0000 0.8408 0.0000 0.1592
014300 0.0000 0.8408 0.0000 0.1592
014320 0.0000 0.8408 0.0000 0.1592
014340 0.0000 0.8408 0.0000 0.1592
014360 0.0000 0.8408 0.0000 0.1592
014380 0.0000 0.8408 0.0000 0.1592
014400 0.0000 0.8408 0.0000 0.1592
014420 0.0000 0.8408 0.0000 0.1592
014440 0.0000 0.8408 0.0000 0.1592
014460 0.0000 0.8408 0.0000 0.1592
014480 0.0000 0.8408 0.0000 0.1592
014500 0.0000 0.8408 0.0000 0.1592
014520 0.0000 0.8408 0.0000 0.1592
014540 0.0000 0.8408 0.0000 0.1592
014560 0.0000 0.8408 0.0000 0.1592
014580 0.0000 0.8408 0.0000 0.1592
014600 0.0000 0.8408 0.0000 0.1592
014620 0.0000 0.8408 0.0000 0.1592
014640 0.0000 0.8408 0.0000 0.1592
014660 0.0000 0.8408 0.0000 0.1592
014680 0.0000 0.8408 0.0000 0.1592
014700 0.0000 0.8408 0.0000 0.1592
014720 0.0000 0.8408 0.0000 0.1592
014740 0.0000 0.8408 0.0000 0.1592
014760 0.0000 0.8408 0.0000 0.1592
014780 0.0000 0.8408 0.0000 0.1592
014800 0.0000 0.8408 0.0000 0.1592
014820 0.0000 0.8408 0.0000 0.1592
014840 0.0000 0.8408 0.0000 0.1592
014860 0.0000 0.8408 0.0000 0.1592
014880 0.0000 0.8408 0.0000 0.1592
014900 0.0000 0.8408 0.0000 0.1592
014920 0.0000 0.8408 0.0000 0.1592
014940 0.0000 0.8408 0.0000 0.1592
014960 0.0000 0.8408 0.0000 0.1592
014980 0.0000 0.8408 0.0000 0.1592
015000 0.0000 0.8408 0.0000 0.1592
015020 0.0000 0.8408 0.0000 0.1592
015040 0.0000 0.8408 0.0000 0.1592
015060 0.0000 0.8408 0.0000 0.1592
015080 0.0000 0.8408 0.0000 0.1592
015100 0.0000 0.8408 0.0000 0.1592
015120 0.0000 0.8408 0.0000 0.1592
015140 0.0000 0.8408 0.0000 0.1592
015160 0.0000 0.8408 0.0000 0.1592
015180 0.0000 0.8408 0.0000 0.1592
015200 0.0000 0.8408 0.0000 0.1592
015220 0.0000 0.8408 0.0000 0.1592
015240 0.0000 0.8408 0.0000 0.1592
015260 0.0000 0.8408 0.0000 0.1592
015280 0.0000 0.8408 0.0000 0.1592
015300 0.0000 0.8408 0.0000 0.1592
015320 0.0000 0.8408 0.0000 0.1592
015340 0.0000 0.8408 0.0000 0.1592
015360 0.0000 0.8408 0.0000 0.1592
015380 0.0000 0.8408 0.0000 0.1592
015400 0.0000 0.8408 0.0000 0.1592
015420 0.0000 0.8408 0.0000 0.1592
015440 0.0000 0.8408 0.0000 0.1592
015460 0.0000 0.8408 0.0000 0.1592
015480 0.0000 0.8408 0.0000 0.1592
015500 0.0000 0.8408 0.0000 0.1592
015520 0.0000 0.8408 0.0000 0.1592
015540 0.0000 0.8408 0.0000 0.1592
015560 0.0000 0.8408 0.0000 0.1592
015580 0.0000 0.8408 0.0000 0.1592
015600 0.0000 0.8408 0.0000 0.1592
015620 0.0000 0.8408 0.0000 0.1592
015640 0.0000 0.8408 0.0000 0.1592
015660 0.0000 0.8408 0.0000 0.1592
015680 0.0000 0.8408 0.0000 0.1592
015700 0.0000 0.8408 0.0000 0.1592
015720 0.0000 0.8408 0.0000 0.1592
015740 0.0000 0.8408 0.0000 0.1592
015760 0.0000 0.8408 0.0000 0.1592
015780 0.0000 0.8408 0.0000 0.1592
015800 0.0000 0.8408 0.0000 0.1592
015820 0.0000 0.8408 0.0000 0.1592
015840 0.0000 0.8408 0.0000 0.1592
015860 0.0000 0.8408 0.0000 0.1592
015880 0.0000 0.8408 0.0000 0.1592
015900 0.0000 0.8408 0.0000 0.1592
015920 0.0000 0.8408 0.0000 0.1592
015940 0.0000 0.8408 0.0000 0.1592
015960 0.0000 0.8408 0.0000 0.1592
015980 0.0000 0.8408 0.0000 0.1592
016000 0.0000 0.8408 0.0000 0.1592
016020 0.0000 0.8408 0.0000 0.1592
016040 0.0000 0.8408 0.0000 0.1592
016060 0.0000 0.8408 0.0000 0.1592
016080 0.0000 0.8408 0.0000 0.1592
016100 0.0000 0.8408 0.0000 0.1592
016120 0.0000 0.8408 0.0000 0.1592
016140 0.0000 0.8408 0.0000 0.1592
016160 0.0000 0.8408 0.0000 0.1592
016180 0.0000 0.8408 0.0000 0.1592
016200 0.0000 0.8408 0.0000 0.1592
016220 0.0000 0.8408 0.0000 0.1592
016240 0.0000 0.8408 0.0000 0.1592
016260 0.0000 0.8408 0.0000 0.1592
016280 0.0000 0.8408 0.0000 0.1592
016300 0.0000 0.8408 0.0000 0.1592
016320 0.0000 0.8408 0.0000 0.1592
016340 0.0000 0.8408 0.0000 0.1592
016360 0.0000 0.8408 0.0000 0.1592
016380 0.0000 0.8408 0.0000 0.1592
016400 0.0000 0.8408 0.0000 0.1592
016420 0.0000 0.8408 0.0000 0.1592
016440 0.0000 0.8408 0.0000 0.1592
016460 0.0000 0.8408 0.0000 0.1592
016480 0.0000 0.8408 0.0000 0.1592
016500 0.0000 0.8408 0.0000 0.1592
016520 0.0000 0.8408 0.0000 0.1592
016540 0.0000 0.8408 0.0000 0.1592
016560 0.0000 0.8408 0.0000 0.1592
016580 0.0000 0.8408 0.0000 0.1592
016600 0.0000 0.8408 0.0000 0.1592
016620 0.0000 0.8408 0.0000 0.1592
016640 0.0000 0.8408 0.0000 0.1592
016660 0.0000 0.8408 0.0000 0.1592
016680 0.0000 0.8408 0.0000 0.1592
016700 0.0000 0.8408 0.0000 0.1592
016720 0.0000 0.8408 0.0000 0.1592
016740 0.0000 0.8408 0.0000 0.1592
016760 0.0000 0.8408 0.0000 0.1592
016780 0.0000 0.8408 0.0000 0.1592
016800 0.0000 0.8408 0.0000 0.1592
016820 0.0000 0.8408 0.0000 0.1592
016840 0.0000 0.8408 0.0000 0.1592
016860 0.0000 0.8408 0.0000 0.1592
016880 0.0000 0.8408 0.0000 0.1592
016900 0.0000 0.8408 0.0000 0.1592
016920 0.0000 0.8408 0.0000 0.1592
016940 0.0000 0.8408 0.0000 0.1592
016960 0.0000 0.8408 0.0000 0.1592
016980 0.0000 0.8408 0.0000 0.1592
017000 0.0000 0.8408 0.0000 0.1592
017020 0.0000 0.8408 0.0000 0.1592
017040 0.0000 0.8408 0.0000 0.1592
017060 0.0000 0.8408 0.0000 0.1592
017080 0.0000 0.8408 0.0000 0.1592
017100 0.0000 0.8408 0.0000 0.1592
017120 0.0000 0.8408 0.0000 0.1592
017140 0.0000 0.8408 0.0000 0.1592
017160 0.0000 0.8408 0.0000 0.1592
017180 0.0000 0.8408 0.0000 0.1592
017200 0.0000 0.8408 0.0000 0.1592
017220 0.0000 0.8408 0.0000 0.1592
017240 0.0000 0.8408 0.0000 0.1592
017260 0.0000 0.8408 0.0000 0.1592
017280 0.0000 0.8408 0.0000 0.1592
017300 0.0000 0.8408 0.0000 0.1592
017320 0.0000 0.8408 0.0000 0.1592
017340 0.0000 0.8408 0.0000 0.1592
017360 0.0000 0.8408 0.0000 0.1592
017380 0.0000 0.8408 0.0000 0.1592
017400 0.0000 0.8408 0.0000 0.1592
017420 0.0000 0.8408 0.0000 0.1592
017440 0.0000 0.8408 0.0000 0.1592
017460 0.0000 0.8408 0.0000 0.1592
017480 0.0000 0.8408 0.0000 0.1592
017500 0.0000 0.8408 0.0000 0.1592
017520 0.0000 0.8408 0.0000 0.1592
017540 0.0000 0.8408 0.0000 0.1592
017560 0.0000 0.8408 0.0000 0.1592
017580 0.0000 0.8408 0.0000 0.1592
017600 0.0000 0.8408 0.0000 0.1592
017620 0.0000 0.8408 0.0000 0.1592
017640 0.0000 0.8408 0.0000 0.1592
017660 0.0000 0.8408 0.0000 0.1592
017680 0.0000 0.8408 0.0000 0.1592
017700 0.0000 0.8408 0.0000 0.1592
017720 0.0000 0.8408 0.0000 0.1592
017740 0.0000 0.8408 0.0000 0.1592
017760 0.0000 0.8408 0.0000 0.1592
017780 0.0000 0.8408 0.0000 0.1592
017800 0.0000 0.8408 0.0000 0.1592
017820 0.0000 0.8408 0.0000 0.1592
017840 0.0000 0.8408 0.0000 0.1592
017860 0.0000 0.8408 0.0000 0.1592
017880 0.0000 0.8408 0.0000 0.1592
017900 0.0000 0.8408 0.0000 0.1592
017920 0.0000 0.8408 0.0000 0.1592
017940 0.0000 0.8408 0.0000 0.1592
017960 0.0000 0.8408 0.0000 0.1592
017980 0.0000 0.8408 0.0000 0.1592
018000 0.0000 0.8408 0.0000 0.1592
018020 0.0000 0.8408 0.0000 0.1592
018040 0.0000 0.8408 0.0000 0.1592
018060 0.0000 0.8408 0.0000 0.1592
018080 0.0000 0.8408 0.0000 0.1592
018100 0.0000 0.8408 0.0000 0.1592
018120 0.0000 0.8408 0.0000 0.1592
018140 0.0000 0.8408 0.0000 0.1592
018160 0.0000 0.8408 0.0000 0.1592
018180 0.0000 0.8408 0.0000 0.1592
018200 0.0000 0.8408 0.0000 0.1592
018220 0.0000 0.8408 0.0000 0.1592
018240 0.0000 0.8408 0.0000 0.1592
018260 0.0000 0.8408 0.0000 0.1592
018280 0.0000 0.8408 0.0000 0.1592
018300 0.0000 0.8408 0.0000 0.1592
018320 0.0000 0.8408 0.0000 0.1592
018340 0.0000 0.8408 0.0000 0.1592
018360 0.0000 0.8408 0.0000 0.1592
018380 0.0000 0.8408 0.0000 0.1592
018400 0.0000 0.8408 0.0000 0.1592
018420 0.0000 0.8408 0.0000 0.1592
018440 0.0000 0.8408 0.0000 0.1592
018460 0.0000 0.8408 0.0000 0.1592
018480 0.0000 0.8408 0.0000 0.1592
018500 0.0000 0.8408 0.0000 0.1592
018520 0.0000 0.8408 0.0000 0.1592
018540 0.0000 0.8408 0.0000 0.1592
018560 0.0000 0.8408 0.0000 0.1592
018580 0.0000 0.8408 0.0000 0.1592
018600 0.0000 0.8408 0.0000 0.1592
018620 0.0000 0.8408 0.0000 0.1592
018640 0.0000 0.8408 0.0000 0.1592
018660 0.0000 0.8408 0.0000 0.1592
018680 0.0000 0.8408 0.0000 0.1592
018700 0.0000 0.8408 0.0000 0.1592
018720 0.0000 0.8408 0.0000 0.1592
018740 0.0000 0.8408 0.0000 0.1592
018760 0.0000 0.8408 0.0000 0.1592
018780 0.0000 0.8408 0.0000 0.1592
018800 0.0000 0.8408 0.0000 0.1592
018820 0.0000 0.8408 0.0000 0.1592
018840 0.0000 0.8408 0.0000 0.1592
018860 0.0000 0.8408 0.0000 0.1592
018880 0.0000 0.8408 0.0000 0.1592
018900 0.0000 0.8408 0.0000 0.1592
018920 0.0000 0.8408 0.0000 0.1592
018940 0.0000 0.8408 0.0000 0.1592
018960 0.0000 0.8408 0.0000 0.1592
018980 0.0000 0.8408 0.0000 0.1592
019000 0.0000 0.8408 0.0000 0.1592
019020 0.0000 0.8408 0.0000 0.1592
019040 0.0000 0.8408 0.0000 0.1592
019060 0.0000 0.8408 0.0000 0.1592
019080 0.0000 0.8408 0.0000 0.1592
019100 0.0000 0.8408 0.0000 0.1592
019120 0.0000 0.8408 0.0000 0.1592
019140 0.0000 0.8408 0.0000 0.1592
019160 0.0000 0.8408 0.0000 0.1592
019180 0.0000 0.8408 0.0000 0.1592
019200 0.0000 0.8408 0.0000 0.1592
019220 0.0000 0.8408 0.0000 0.1592
019240 0.0000 0.8408 0.0000 0.1592
019260 0.0000 0.8408 0.0000 0.1592
019280 0.0000 0.8408 0.0000 0.1592
019300 0.0000 0.8408 0.0000 0.1592
019320 0.0000 0.8408 0.0000 0.1592
019340 0.0000 0.8408 0.0000 0.1592
019360 0.0000 0.8408 0.0000 0.1592
019380 0.0000 0.8408 0.0000 0.1592
019400 0.0000 0.8408 0.0000 0.1592
019420 0.0000 0.8408 0.0000 0.1592
019440 0.0000 0.8408 0.0000 0.1592
019460 0.0000 0.8408 0.0000 0.1592
019480 0.0000 0.8408 0.0000 0.1592
019500 0.0000 0.8408 0.0000 0.1592
019520 0.0000 0.8408 0.0000 0.1592
019540 0.0000 0.8408 0.0000 0.1592
019560 0.0000 0.8408 0.0000 0.1592
019580 0.0000 0.8408 0.0000 0.1592
019600 0.0000 0.8408 0.0000 0.1592
019620 0.0000 0.8408 0.0000 0.1592
019640 0.0000 0.8408 0.0000 0.1592
019660 0.0000 0.8408 0.0000 0.1592
019680 0.0000 0.8408 0.0000 0.1592
019700 0.0000 0.8408 0.0000 0.1592
019720 0.0000 0.8408 0.0000 0.1592
019740 0.0000 0.8408 0.0000 0.1592
019760 0.0000 0.8408 0.0000 0.1592
019780 0.0000 0.8408 0.0000 0.1592
019800 0.0000 0.8408 0.0000 0.1592
019820 0.0000 0.8408 0.0000 0.1592
019840 0.0000 0.8408 0.0000 0.1592
019860 0.0000 0.8408 0.0000 0.1592
019880 0.0000 0.8408 0.0000 0.1592
019900 0.0000 0.8408 0.0000 0.1592
019920 0.0000 0.8408 0.0000 0.1592
019940 0.0000 0.8408 0.0000 0.1592
019960 0.0000 0.8408 0.0000 0.1592
019980 0.0000 0.8408 0.0000 0.1592
020000 0.0000 0.8408 0.0000 0.1592
