000000 0.2502 0.2498 0.2500 0.2499
000050 0.3620 0.4950 0.0004 0.1426
000100 0.3755 0.4818 0.0000 0.1426
000150 0.3740 0.4834 0.0000 0.1426
000200 0.3679 0.4875 0.0000 0.1446
000250 0.3681 0.4880 0.0000 0.1439
000300 0.3709 0.4859 0.0000 0.1431
000350 0.3705 0.4859 0.0000 0.1436
000400 0.3659 0.4908 0.0000 0.1432
000450 0.3684 0.4884 0.0000 0.1432
000500 0.3706 0.4864 0.0000 0.1429
000550 0.3693 0.4882 0.0000 0.1425
000600 0.3688 0.4890 0.0000 0.1422
000650 0.3652 0.4909 0.0000 0.1439
000700 0.3654 0.4910 0.0000 0.1436
000750 0.3685 0.4888 0.0000 0.1426
000800 0.3674 0.4888 0.0000 0.1438
000850 0.3679 0.4880 0.0000 0.1441
000900 0.3675 0.4899 0.0000 0.1427
000950 0.3711 0.4863 0.0000 0.1426
001000 0.3676 0.4892 0.0000 0.1431
001050 0.3721 0.4850 0.0000 0.1429
001100 0.3702 0.4864 0.0000 0.1434
001150 0.3690 0.4879 0.0000 0.1430
001200 0.3710 0.4864 0.0000 0.1426
001250 0.3670 0.4885 0.0000 0.1445
001300 0.3726 0.4840 0.0000 0.1434
001350 0.3724 0.4853 0.0000 0.1424
001400 0.3676 0.4890 0.0000 0.1434
001450 0.3717 0.4865 0.0000 0.1418
001500 0.3679 0.4894 0.0000 0.1427
001550 0.3712 0.4859 0.0000 0.1430
001600 0.3682 0.4872 0.0000 0.1446
001650 0.3679 0.4893 0.0000 0.1428
001700 0.3689 0.4874 0.0000 0.1437
001750 0.3679 0.4878 0.0000 0.1443
001800 0.3661 0.4900 0.0000 0.1438
001850 0.3682 0.4880 0.0000 0.1437
001900 0.3674 0.4885 0.0000 0.1441
001950 0.3654 0.4905 0.0000 0.1442
002000 0.3684 0.4884 0.0000 0.1432
002050 0.3656 0.4902 0.0000 0.1442
002100 0.3678 0.4895 0.0000 0.1427
002150 0.3709 0.4869 0.0000 0.1421
002200 0.3687 0.4879 0.0000 0.1434
002250 0.3692 0.4883 0.0000 0.1424
002300 0.3673 0.4899 0.0000 0.1429
002350 0.3691 0.4881 0.0000 0.1428
002400 0.3725 0.4844 0.0000 0.1431
002450 0.3695 0.4862 0.0000 0.1444
002500 0.3697 0.4880 0.0000 0.1423
002550 0.3698 0.4862 0.0000 0.1440
002600 0.3683 0.4885 0.0000 0.1433
002650 0.3701 0.4861 0.0000 0.1439
002700 0.3704 0.4872 0.0000 0.1424
002750 0.3705 0.4866 0.0000 0.1429
002800 0.3693 0.4873 0.0000 0.1434
002850 0.3653 0.4906 0.0000 0.1441
002900 0.3662 0.4908 0.0000 0.1430
002950 0.3699 0.4875 0.0000 0.1426
003000 0.3695 0.4869 0.0000 0.1436
003050 0.3670 0.4889 0.0000 0.1441
003100 0.3674 0.4895 0.0000 0.1431
003150 0.3711 0.4859 0.0000 0.1429
003200 0.3683 0.4879 0.0000 0.1438
003250 0.3674 0.4887 0.0000 0.1439
003300 0.3717 0.4840 0.0000 0.1443
003350 0.3651 0.4909 0.0000 0.1440
003400 0.3666 0.4906 0.0000 0.1427
003450 0.3722 0.4854 0.0000 0.1425
003500 0.3712 0.4851 0.0000 0.1436
003550 0.3688 0.4885 0.0000 0.1427
003600 0.3686 0.4878 0.0000 0.1436
003650 0.3638 0.4922 0.0000 0.1440
003700 0.3665 0.4895 0.0000 0.1440
003750 0.3666 0.4908 0.0000 0.1427
003800 0.3669 0.4896 0.0000 0.1435
003850 0.3721 0.4849 0.0000 0.1430
003900 0.3756 0.4819 0.0000 0.1426
003950 0.3677 0.4886 0.0000 0.1437
004000 0.3666 0.4899 0.0000 0.1436
004050 0.3678 0.4887 0.0000 0.1435
004100 0.3647 0.4919 0.0000 0.1434
004150 0.3696 0.4880 0.0000 0.1424
004200 0.3718 0.4856 0.0000 0.1426
004250 0.3714 0.4856 0.0000 0.1430
004300 0.3694 0.4868 0.0000 0.1438
004350 0.3659 0.4904 0.0000 0.1437
004400 0.3703 0.4857 0.0000 0.1440
004450 0.3692 0.4870 0.0000 0.1438
004500 0.3694 0.4881 0.0000 0.1424
004550 0.3713 0.4844 0.0000 0.1443
004600 0.3700 0.4867 0.0000 0.1433
004650 0.3718 0.4867 0.0000 0.1415
004700 0.3703 0.4863 0.0000 0.1435
004750 0.3695 0.4872 0.0000 0.1432
004800 0.3708 0.4862 0.0000 0.1430
004850 0.3702 0.4866 0.0000 0.1432
004900 0.3740 0.4825 0.0000 0.1434
004950 0.3695 0.4868 0.0000 0.1437
005000 0.3685 0.4882 0.0000 0.1432
005050 0.3696 0.4882 0.0000 0.1421
005100 0.3698 0.4871 0.0000 0.1431
005150 0.3692 0.4885 0.0000 0.1423
005200 0.3699 0.4876 0.0000 0.1425
005250 0.3656 0.4904 0.0000 0.1441
005300 0.3684 0.4872 0.0000 0.1444
005350 0.3676 0.4886 0.0000 0.1438
005400 0.3648 0.4912 0.0000 0.1439
005450 0.3681 0.4885 0.0000 0.1434
005500 0.3657 0.4900 0.0000 0.1442
005550 0.3691 0.4872 0.0000 0.1437
005600 0.3654 0.4903 0.0000 0.1443
005650 0.3691 0.4877 0.0000 0.1431
005700 0.3669 0.4899 0.0000 0.1433
005750 0.3674 0.4881 0.0000 0.1445
005800 0.3661 0.4902 0.0000 0.1437
005850 0.3685 0.4886 0.0000 0.1428
005900 0.3681 0.4879 0.0000 0.1440
005950 0.3659 0.4893 0.0000 0.1448
006000 0.3680 0.4890 0.0000 0.1430
006050 0.3684 0.4882 0.0000 0.1434
006100 0.3700 0.4863 0.0000 0.1437
006150 0.3755 0.4819 0.0000 0.1426
006200 0.3655 0.4910 0.0000 0.1435
006250 0.3747 0.4826 0.0000 0.1427
006300 0.3675 0.4871 0.0000 0.1454
006350 0.3674 0.4892 0.0000 0.1434
006400 0.3707 0.4862 0.0000 0.1431
006450 0.3672 0.4884 0.0000 0.1444
006500 0.3642 0.4918 0.0000 0.1440
006550 0.3709 0.4865 0.0000 0.1426
006600 0.3700 0.4875 0.0000 0.1425
006650 0.3741 0.4828 0.0000 0.1431
006700 0.3691 0.4875 0.0000 0.1434
006750 0.3692 0.4878 0.0000 0.1429
006800 0.3708 0.4861 0.0000 0.1431
006850 0.3700 0.4878 0.0000 0.1422
006900 0.3726 0.4843 0.0000 0.1431
006950 0.3715 0.4852 0.0000 0.1433
007000 0.3704 0.4867 0.0000 0.1429
007050 0.3665 0.4885 0.0000 0.1450
007100 0.3679 0.4879 0.0000 0.1442
007150 0.3684 0.4870 0.0000 0.1446
007200 0.3713 0.4858 0.0000 0.1430
007250 0.3739 0.4835 0.0000 0.1426
007300 0.3690 0.4868 0.0000 0.1441
007350 0.3665 0.4900 0.0000 0.1435
007400 0.3665 0.4898 0.0000 0.1436
007450 0.3666 0.4893 0.0000 0.1441
007500 0.3666 0.4895 0.0000 0.1439
007550 0.3679 0.4879 0.0000 0.1442
007600 0.3692 0.4870 0.0000 0.1437
007650 0.3676 0.4885 0.0000 0.1439
007700 0.3689 0.4888 0.0000 0.1423
007750 0.3710 0.4853 0.0000 0.1436
007800 0.3696 0.4870 0.0000 0.1434
007850 0.3668 0.4898 0.0000 0.1434
007900 0.3688 0.4882 0.0000 0.1430
007950 0.3673 0.4900 0.0000 0.1428
008000 0.3671 0.4894 0.0000 0.1436
008050 0.3714 0.4871 0.0000 0.1415
008100 0.3706 0.4857 0.0000 0.1436
008150 0.3694 0.4879 0.0000 0.1427
008200 0.3644 0.4903 0.0000 0.1453
008250 0.3656 0.4907 0.0000 0.1437
008300 0.3654 0.4914 0.0000 0.1432
008350 0.3690 0.4882 0.0000 0.1428
008400 0.3685 0.4884 0.0000 0.1431
008450 0.3642 0.4926 0.0000 0.1432
008500 0.3667 0.4898 0.0000 0.1435
008550 0.3691 0.4884 0.0000 0.1426
008600 0.3665 0.4893 0.0000 0.1443
008650 0.3630 0.4930 0.0000 0.1440
008700 0.3663 0.4898 0.0000 0.1439
008750 0.3707 0.4870 0.0000 0.1423
008800 0.3658 0.4899 0.0000 0.1443
008850 0.3685 0.4887 0.0000 0.1428
008900 0.3708 0.4856 0.0000 0.1436
008950 0.3691 0.4887 0.0000 0.1421
009000 0.3707 0.4859 0.0000 0.1434
009050 0.3669 0.4882 0.0000 0.1449
009100 0.3689 0.4891 0.0000 0.1421
009150 0.3702 0.4864 0.0000 0.1433
009200 0.3679 0.4898 0.0000 0.1423
009250 0.3700 0.4867 0.0000 0.1433
009300 0.3734 0.4841 0.0000 0.1425
009350 0.3720 0.4854 0.0000 0.1425
009400 0.3683 0.4876 0.0000 0.1441
009450 0.3666 0.4898 0.0000 0.1435
009500 0.3705 0.4866 0.0000 0.1429
009550 0.3687 0.4874 0.0000 0.1439
009600 0.3671 0.4891 0.0000 0.1438
009650 0.3664 0.4899 0.0000 0.1437
009700 0.3708 0.4864 0.0000 0.1428
009750 0.3692 0.4869 0.0000 0.1439
009800 0.3699 0.4872 0.0000 0.1428
009850 0.3689 0.4879 0.0000 0.1432
009900 0.3742 0.4837 0.0000 0.1421
009950 0.3702 0.4860 0.0000 0.1438
010000 0.3676 0.4883 0.0000 0.1441
010050 0.3681 0.4880 0.0000 0.1439
010100 0.3682 0.4884 0.0000 0.1434
010150 0.3659 0.4912 0.0000 0.1430
010200 0.3676 0.4885 0.0000 0.1440
010250 0.3634 0.4928 0.0000 0.1437
010300 0.3716 0.4862 0.0000 0.1422
010350 0.3723 0.4840 0.0000 0.1437
010400 0.3701 0.4864 0.0000 0.1435
010450 0.3663 0.4883 0.0000 0.1454
010500 0.3671 0.4895 0.0000 0.1434
010550 0.3678 0.4904 0.0000 0.1417
010600 0.3689 0.4882 0.0000 0.1429
010650 0.3661 0.4901 0.0000 0.1438
010700 0.3675 0.4894 0.0000 0.1431
010750 0.3684 0.4882 0.0000 0.1434
010800 0.3674 0.4903 0.0000 0.1423
010850 0.3677 0.4888 0.0000 0.1435
010900 0.3690 0.4869 0.0000 0.1441
010950 0.3673 0.4893 0.0000 0.1434
011000 0.3680 0.4889 0.0000 0.1432
011050 0.3688 0.4866 0.0000 0.1446
011100 0.3643 0.4920 0.0000 0.1437
011150 0.3681 0.4882 0.0000 0.1438
011200 0.3678 0.4884 0.0000 0.1438
011250 0.3649 0.4904 0.0000 0.1447
011300 0.3660 0.4904 0.0000 0.1436
011350 0.3632 0.4937 0.0000 0.1431
011400 0.3737 0.4846 0.0000 0.1418
011450 0.3729 0.4824 0.0000 0.1448
011500 0.3693 0.4884 0.0000 0.1423
011550 0.3685 0.4896 0.0000 0.1419
011600 0.3730 0.4841 0.0000 0.1429
011650 0.3703 0.4868 0.0000 0.1429
011700 0.3673 0.4903 0.0000 0.1424
011750 0.3684 0.4876 0.0000 0.1440
011800 0.3676 0.4888 0.0000 0.1436
011850 0.3684 0.4892 0.0000 0.1425
011900 0.3687 0.4886 0.0000 0.1427
011950 0.3645 0.4914 0.0000 0.1441
012000 0.3665 0.4904 0.0000 0.1431
012050 0.3685 0.4887 0.0000 0.1428
012100 0.3668 0.4884 0.0000 0.1448
012150 0.3682 0.4889 0.0000 0.1429
012200 0.3688 0.4871 0.0000 0.1440
012250 0.3700 0.4868 0.0000 0.1432
012300 0.3676 0.4889 0.0000 0.1435
012350 0.3683 0.4867 0.0000 0.1450
012400 0.3645 0.4910 0.0000 0.1445
012450 0.3698 0.4873 0.0000 0.1429
012500 0.3715 0.4843 0.0000 0.1442
012550 0.3691 0.4876 0.0000 0.1433
012600 0.3687 0.4888 0.0000 0.1425
012650 0.3678 0.4876 0.0000 0.1446
012700 0.3670 0.4903 0.0000 0.1428
012750 0.3710 0.4878 0.0000 0.1412
012800 0.3702 0.4867 0.0000 0.1430
012850 0.3683 0.4882 0.0000 0.1436
012900 0.3690 0.4876 0.0000 0.1434
012950 0.3633 0.4923 0.0000 0.1444
013000 0.3665 0.4898 0.0000 0.1436
013050 0.3682 0.4875 0.0000 0.1444
013100 0.3644 0.4924 0.0000 0.1432
013150 0.3672 0.4886 0.0000 0.1442
013200 0.3727 0.4849 0.0000 0.1424
013250 0.3707 0.4861 0.0000 0.1432
013300 0.3692 0.4880 0.0000 0.1429
013350 0.3707 0.4860 0.0000 0.1433
013400 0.3697 0.4860 0.0000 0.1443
013450 0.3686 0.4883 0.0000 0.1430
013500 0.3668 0.4895 0.0000 0.1438
013550 0.3658 0.4902 0.0000 0.1441
013600 0.3651 0.4910 0.0000 0.1440
013650 0.3662 0.4897 0.0000 0.1441
013700 0.3661 0.4908 0.0000 0.1431
013750 0.3678 0.4884 0.0000 0.1438
013800 0.3668 0.4899 0.0000 0.1433
013850 0.3677 0.4903 0.0000 0.1420
013900 0.3674 0.4900 0.0000 0.1426
013950 0.3724 0.4849 0.0000 0.1427
014000 0.3753 0.4808 0.0000 0.1440
014050 0.3722 0.4841 0.0000 0.1436
014100 0.3709 0.4868 0.0000 0.1422
014150 0.3730 0.4837 0.0000 0.1434
014200 0.3648 0.4906 0.0000 0.1446
014250 0.3708 0.4860 0.0000 0.1432
014300 0.3723 0.4852 0.0000 0.1425
014350 0.3718 0.4851 0.0000 0.1431
014400 0.3704 0.4876 0.0000 0.1420
014450 0.3714 0.4851 0.0000 0.1434
014500 0.3670 0.4868 0.0000 0.1462
014550 0.3664 0.4903 0.0000 0.1433
014600 0.3699 0.4868 0.0000 0.1433
014650 0.3691 0.4871 0.0000 0.1438
014700 0.3676 0.4883 0.0000 0.1442
014750 0.3693 0.4871 0.0000 0.1436
014800 0.3682 0.4874 0.0000 0.1444
014850 0.3668 0.4902 0.0000 0.1430
014900 0.3685 0.4885 0.0000 0.1430
014950 0.3707 0.4864 0.0000 0.1429
015000 0.3684 0.4885 0.0000 0.1431
015050 0.3708 0.4860 0.0000 0.1433
015100 0.3715 0.4853 0.0000 0.1432
015150 0.3748 0.4824 0.0000 0.1428
015200 0.3693 0.4871 0.0000 0.1436
015250 0.3684 0.4877 0.0000 0.1439
015300 0.3709 0.4855 0.0000 0.1435
015350 0.3688 0.4883 0.0000 0.1429
015400 0.3688 0.4882 0.0000 0.1430
015450 0.3696 0.4887 0.0000 0.1418
015500 0.3713 0.4850 0.0000 0.1437
015550 0.3695 0.4868 0.0000 0.1437
015600 0.3633 0.4927 0.0000 0.1440
015650 0.3687 0.4884 0.0000 0.1429
015700 0.3715 0.4860 0.0000 0.1425
015750 0.3696 0.4872 0.0000 0.1432
015800 0.3737 0.4842 0.0000 0.1421
015850 0.3717 0.4865 0.0000 0.1418
015900 0.3704 0.4874 0.0000 0.1422
015950 0.3655 0.4900 0.0000 0.1446
016000 0.3686 0.4894 0.0000 0.1420
016050 0.3698 0.4866 0.0000 0.1437
016100 0.3700 0.4866 0.0000 0.1434
016150 0.3733 0.4835 0.0000 0.1432
016200 0.3694 0.4882 0.0000 0.1424
016250 0.3714 0.4849 0.0000 0.1437
016300 0.3689 0.4884 0.0000 0.1428
016350 0.3708 0.4867 0.0000 0.1425
016400 0.3662 0.4905 0.0000 0.1433
016450 0.3648 0.4904 0.0000 0.1448
016500 0.3684 0.4884 0.0000 0.1432
016550 0.3687 0.4872 0.0000 0.1441
016600 0.3665 0.4893 0.0000 0.1443
016650 0.3666 0.4891 0.0000 0.1443
016700 0.3695 0.4881 0.0000 0.1424
016750 0.3682 0.4890 0.0000 0.1429
016800 0.3684 0.4897 0.0000 0.1419
016850 0.3684 0.4886 0.0000 0.1430
016900 0.3643 0.4916 0.0000 0.1441
016950 0.3716 0.4853 0.0000 0.1431
017000 0.3715 0.4840 0.0000 0.1445
017050 0.3701 0.4869 0.0000 0.1429
017100 0.3688 0.4869 0.0000 0.1443
017150 0.3687 0.4879 0.0000 0.1434
017200 0.3657 0.4915 0.0000 0.1428
017250 0.3711 0.4844 0.0000 0.1445
017300 0.3707 0.4865 0.0000 0.1428
017350 0.3726 0.4854 0.0000 0.1420
017400 0.3692 0.4872 0.0000 0.1435
017450 0.3710 0.4859 0.0000 0.1431
017500 0.3672 0.4896 0.0000 0.1433
017550 0.3683 0.4881 0.0000 0.1436
017600 0.3674 0.4892 0.0000 0.1434
017650 0.3684 0.4879 0.0000 0.1437
017700 0.3654 0.4915 0.0000 0.1431
017750 0.3660 0.4902 0.0000 0.1438
017800 0.3681 0.4889 0.0000 0.1430
017850 0.3688 0.4867 0.0000 0.1445
017900 0.3679 0.4889 0.0000 0.1432
017950 0.3692 0.4886 0.0000 0.1423
018000 0.3658 0.4893 0.0000 0.1448
018050 0.3666 0.4898 0.0000 0.1436
018100 0.3660 0.4897 0.0000 0.1444
018150 0.3708 0.4857 0.0000 0.1435
018200 0.3715 0.4844 0.0000 0.1441
018250 0.3686 0.4879 0.0000 0.1435
018300 0.3687 0.4893 0.0000 0.1420
018350 0.3692 0.4880 0.0000 0.1428
018400 0.3710 0.4852 0.0000 0.1438
018450 0.3677 0.4882 0.0000 0.1441
018500 0.3689 0.4881 0.0000 0.1431
018550 0.3672 0.4900 0.0000 0.1428
018600 0.3668 0.4893 0.0000 0.1439
018650 0.3693 0.4871 0.0000 0.1436
018700 0.3709 0.4851 0.0000 0.1440
018750 0.3705 0.4858 0.0000 0.1437
018800 0.3696 0.4877 0.0000 0.1428
018850 0.3668 0.4893 0.0000 0.1438
018900 0.3720 0.4854 0.0000 0.1426
018950 0.3690 0.4880 0.0000 0.1430
019000 0.3677 0.4885 0.0000 0.1438
019050 0.3704 0.4873 0.0000 0.1423
019100 0.3687 0.4880 0.0000 0.1433
019150 0.3619 0.4932 0.0000 0.1448
019200 0.3675 0.4908 0.0000 0.1416
019250 0.3699 0.4875 0.0000 0.1425
019300 0.3725 0.4845 0.0000 0.1430
019350 0.3672 0.4890 0.0000 0.1439
019400 0.3674 0.4897 0.0000 0.1429
019450 0.3724 0.4853 0.0000 0.1423
019500 0.3656 0.4903 0.0000 0.1441
019550 0.3672 0.4887 0.0000 0.1441
019600 0.3697 0.4863 0.0000 0.1440
019650 0.3662 0.4900 0.0000 0.1438
019700 0.3676 0.4899 0.0000 0.1425
019750 0.3721 0.4853 0.0000 0.1426
019800 0.3712 0.4853 0.0000 0.1436
019850 0.3700 0.4875 0.0000 0.1426
019900 0.3674 0.4885 0.0000 0.1441
019950 0.3705 0.4873 0.0000 0.1422
020000 0.3697 0.4884 0.0000 0.1419
020050 0.3742 0.4821 0.0000 0.1437
020100 0.3701 0.4884 0.0000 0.1416
020150 0.3722 0.4848 0.0000 0.1430
020200 0.3683 0.4872 0.0000 0.1445
020250 0.3648 0.4910 0.0000 0.1442
020300 0.3699 0.4883 0.0000 0.1418
020350 0.3694 0.4871 0.0000 0.1435
020400 0.3672 0.4889 0.0000 0.1439
020450 0.3670 0.4900 0.0000 0.1430
020500 0.3631 0.4929 0.0000 0.1440
020550 0.3669 0.4886 0.0000 0.1446
020600 0.3716 0.4872 0.0000 0.1412
020650 0.3718 0.4848 0.0000 0.1434
020700 0.3716 0.4860 0.0000 0.1424
020750 0.3705 0.4855 0.0000 0.1440
020800 0.3706 0.4864 0.0000 0.1430
020850 0.3704 0.4863 0.0000 0.1433
020900 0.3703 0.4869 0.0000 0.1428
020950 0.3721 0.4844 0.0000 0.1435
021000 0.3718 0.4847 0.0000 0.1435
021050 0.3673 0.4894 0.0000 0.1433
021100 0.3648 0.4910 0.0000 0.1442
021150 0.3695 0.4856 0.0000 0.1448
021200 0.3683 0.4897 0.0000 0.1420
021250 0.3678 0.4882 0.0000 0.1440
021300 0.3661 0.4900 0.0000 0.1440
021350 0.3649 0.4905 0.0000 0.1446
021400 0.3705 0.4870 0.0000 0.1426
021450 0.3698 0.4867 0.0000 0.1435
021500 0.3662 0.4903 0.0000 0.1435
021550 0.3712 0.4857 0.0000 0.1431
021600 0.3683 0.4873 0.0000 0.1443
021650 0.3700 0.4873 0.0000 0.1427
021700 0.3654 0.4905 0.0000 0.1441
021750 0.3719 0.4855 0.0000 0.1426
021800 0.3712 0.4861 0.0000 0.1427
021850 0.3689 0.4877 0.0000 0.1434
021900 0.3678 0.4882 0.0000 0.1440
021950 0.3664 0.4905 0.0000 0.1431
022000 0.3707 0.4849 0.0000 0.1444
022050 0.3720 0.4841 0.0000 0.1439
022100 0.3705 0.4846 0.0000 0.1449
022150 0.3646 0.4906 0.0000 0.1448
022200 0.3672 0.4898 0.0000 0.1431
022250 0.3694 0.4885 0.0000 0.1422
022300 0.3736 0.4840 0.0000 0.1424
022350 0.3709 0.4864 0.0000 0.1428
022400 0.3707 0.4863 0.0000 0.1430
022450 0.3697 0.4867 0.0000 0.1436
022500 0.3703 0.4870 0.0000 0.1427
022550 0.3667 0.4894 0.0000 0.1439
022600 0.3689 0.4881 0.0000 0.1430
022650 0.3672 0.4900 0.0000 0.1428
022700 0.3664 0.4888 0.0000 0.1447
022750 0.3690 0.4884 0.0000 0.1427
022800 0.3707 0.4865 0.0000 0.1428
022850 0.3752 0.4819 0.0000 0.1429
022900 0.3699 0.4869 0.0000 0.1432
022950 0.3689 0.4869 0.0000 0.1443
023000 0.3714 0.4846 0.0000 0.1439
023050 0.3695 0.4869 0.0000 0.1436
023100 0.3689 0.4885 0.0000 0.1426
023150 0.3694 0.4868 0.0000 0.1437
023200 0.3692 0.4885 0.0000 0.1424
023250 0.3682 0.4883 0.0000 0.1435
023300 0.3664 0.4901 0.0000 0.1435
023350 0.3655 0.4910 0.0000 0.1435
023400 0.3657 0.4898 0.0000 0.1445
023450 0.3701 0.4855 0.0000 0.1443
023500 0.3673 0.4891 0.0000 0.1437
023550 0.3704 0.4868 0.0000 0.1428
023600 0.3668 0.4897 0.0000 0.1436
023650 0.3675 0.4883 0.0000 0.1442
023700 0.3724 0.4855 0.0000 0.1421
023750 0.3686 0.4865 0.0000 0.1449
023800 0.3655 0.4905 0.0000 0.1439
023850 0.3697 0.4875 0.0000 0.1428
023900 0.3703 0.4862 0.0000 0.1435
023950 0.3685 0.4876 0.0000 0.1439
024000 0.3684 0.4867 0.0000 0.1449
024050 0.3672 0.4898 0.0000 0.1431
024100 0.3679 0.4879 0.0000 0.1442
024150 0.3668 0.4896 0.0000 0.1436
024200 0.3720 0.4857 0.0000 0.1423
024250 0.3699 0.4864 0.0000 0.1437
024300 0.3696 0.4880 0.0000 0.1424
024350 0.3684 0.4886 0.0000 0.1431
024400 0.3690 0.4870 0.0000 0.1440
024450 0.3706 0.4869 0.0000 0.1424
024500 0.3673 0.4889 0.0000 0.1438
024550 0.3640 0.4916 0.0000 0.1444
024600 0.3664 0.4902 0.0000 0.1434
024650 0.3624 0.4942 0.0000 0.1435
024700 0.3656 0.4906 0.0000 0.1438
024750 0.3667 0.4899 0.0000 0.1434
024800 0.3688 0.4882 0.0000 0.1430
024850 0.3673 0.4894 0.0000 0.1432
024900 0.3673 0.4882 0.0000 0.1445
024950 0.3695 0.4872 0.0000 0.1433
025000 0.3680 0.4882 0.0000 0.1439
025050 0.3673 0.4896 0.0000 0.1431
025100 0.3689 0.4882 0.0000 0.1429
025150 0.3685 0.4869 0.0000 0.1446
025200 0.3660 0.4902 0.0000 0.1437
025250 0.3652 0.4907 0.0000 0.1441
025300 0.3704 0.4856 0.0000 0.1439
025350 0.3684 0.4874 0.0000 0.1442
025400 0.3714 0.4852 0.0000 0.1435
025450 0.3690 0.4879 0.0000 0.1432
025500 0.3696 0.4871 0.0000 0.1434
025550 0.3690 0.4873 0.0000 0.1437
025600 0.3668 0.4893 0.0000 0.1439
025650 0.3673 0.4889 0.0000 0.1438
025700 0.3693 0.4873 0.0000 0.1435
025750 0.3676 0.4887 0.0000 0.1437
025800 0.3638 0.4914 0.0000 0.1448
025850 0.3681 0.4903 0.0000 0.1416
025900 0.3730 0.4840 0.0000 0.1429
025950 0.3704 0.4862 0.0000 0.1435
026000 0.3690 0.4883 0.0000 0.1428
026050 0.3703 0.4866 0.0000 0.1432
026100 0.3680 0.4881 0.0000 0.1439
026150 0.3686 0.4886 0.0000 0.1427
026200 0.3704 0.4865 0.0000 0.1430
026250 0.3690 0.4876 0.0000 0.1434
026300 0.3707 0.4861 0.0000 0.1432
026350 0.3675 0.4891 0.0000 0.1434
026400 0.3641 0.4921 0.0000 0.1438
026450 0.3657 0.4907 0.0000 0.1437
026500 0.3692 0.4872 0.0000 0.1435
026550 0.3703 0.4865 0.0000 0.1432
026600 0.3696 0.4872 0.0000 0.1431
026650 0.3666 0.4901 0.0000 0.1433
026700 0.3680 0.4898 0.0000 0.1422
026750 0.3709 0.4871 0.0000 0.1420
026800 0.3685 0.4878 0.0000 0.1437
026850 0.3683 0.4880 0.0000 0.1437
026900 0.3691 0.4876 0.0000 0.1432
026950 0.3664 0.4900 0.0000 0.1436
027000 0.3663 0.4890 0.0000 0.1447
027050 0.3653 0.4912 0.0000 0.1435
027100 0.3678 0.4883 0.0000 0.1439
027150 0.3658 0.4900 0.0000 0.1442
027200 0.3680 0.4889 0.0000 0.1431
027250 0.3664 0.4896 0.0000 0.1440
027300 0.3719 0.4864 0.0000 0.1418
027350 0.3727 0.4852 0.0000 0.1421
027400 0.3693 0.4870 0.0000 0.1437
027450 0.3675 0.4899 0.0000 0.1426
027500 0.3682 0.4881 0.0000 0.1437
027550 0.3725 0.4843 0.0000 0.1431
027600 0.3693 0.4882 0.0000 0.1425
027650 0.3715 0.4848 0.0000 0.1438
027700 0.3718 0.4854 0.0000 0.1428
027750 0.3654 0.4917 0.0000 0.1428
027800 0.3697 0.4873 0.0000 0.1430
027850 0.3696 0.4873 0.0000 0.1431
027900 0.3724 0.4849 0.0000 0.1426
027950 0.3737 0.4838 0.0000 0.1425
028000 0.3688 0.4883 0.0000 0.1429
028050 0.3688 0.4879 0.0000 0.1433
028100 0.3663 0.4894 0.0000 0.1443
028150 0.3669 0.4896 0.0000 0.1435
028200 0.3682 0.4898 0.0000 0.1420
028250 0.3648 0.4907 0.0000 0.1445
028300 0.3666 0.4906 0.0000 0.1428
028350 0.3652 0.4918 0.0000 0.1429
028400 0.3680 0.4883 0.0000 0.1437
028450 0.3677 0.4890 0.0000 0.1433
028500 0.3674 0.4891 0.0000 0.1435
028550 0.3656 0.4909 0.0000 0.1434
028600 0.3683 0.4873 0.0000 0.1443
028650 0.3692 0.4876 0.0000 0.1432
028700 0.3680 0.4884 0.0000 0.1435
028750 0.3706 0.4860 0.0000 0.1434
028800 0.3717 0.4851 0.0000 0.1432
028850 0.3695 0.4886 0.0000 0.1419
028900 0.3747 0.4827 0.0000 0.1426
028950 0.3749 0.4833 0.0000 0.1418
029000 0.3693 0.4875 0.0000 0.1431
029050 0.3677 0.4901 0.0000 0.1422
029100 0.3651 0.4911 0.0000 0.1439
029150 0.3694 0.4887 0.0000 0.1419
029200 0.3676 0.4894 0.0000 0.1430
029250 0.3674 0.4900 0.0000 0.1426
029300 0.3675 0.4890 0.0000 0.1436
029350 0.3700 0.4876 0.0000 0.1424
029400 0.3723 0.4861 0.0000 0.1416
029450 0.3699 0.4872 0.0000 0.1429
029500 0.3688 0.4873 0.0000 0.1439
029550 0.3754 0.4811 0.0000 0.1435
029600 0.3695 0.4863 0.0000 0.1442
029650 0.3712 0.4871 0.0000 0.1417
029700 0.3729 0.4842 0.0000 0.1429
029750 0.3669 0.4909 0.0000 0.1422
029800 0.3730 0.4850 0.0000 0.1420
029850 0.3726 0.4847 0.0000 0.1427
029900 0.3703 0.4873 0.0000 0.1425
029950 0.3670 0.4888 0.0000 0.1442
030000 0.3702 0.4875 0.0000 0.1423
030050 0.3717 0.4857 0.0000 0.1426
030100 0.3720 0.4858 0.0000 0.1422
030150 0.3670 0.4892 0.0000 0.1438
030200 0.3685 0.4883 0.0000 0.1432
030250 0.3679 0.4898 0.0000 0.1423
030300 0.3700 0.4879 0.0000 0.1421
030350 0.3726 0.4853 0.0000 0.1421
030400 0.3700 0.4865 0.0000 0.1435
030450 0.3706 0.4852 0.0000 0.1442
030500 0.3660 0.4899 0.0000 0.1441
030550 0.3694 0.4887 0.0000 0.1419
030600 0.3687 0.4884 0.0000 0.1429
030650 0.3671 0.4897 0.0000 0.1432
030700 0.3705 0.4874 0.0000 0.1422
030750 0.3724 0.4840 0.0000 0.1436
030800 0.3664 0.4892 0.0000 0.1444
030850 0.3696 0.4882 0.0000 0.1422
030900 0.3687 0.4875 0.0000 0.1438
030950 0.3681 0.4887 0.0000 0.1433
031000 0.3700 0.4869 0.0000 0.1431
031050 0.3693 0.4860 0.0000 0.1447
031100 0.3644 0.4920 0.0000 0.1436
031150 0.3691 0.4893 0.0000 0.1416
031200 0.3721 0.4861 0.0000 0.1417
031250 0.3707 0.4853 0.0000 0.1440
031300 0.3713 0.4851 0.0000 0.1436
031350 0.3686 0.4891 0.0000 0.1423
031400 0.3690 0.4875 0.0000 0.1434
031450 0.3691 0.4875 0.0000 0.1434
031500 0.3695 0.4866 0.0000 0.1438
031550 0.3685 0.4890 0.0000 0.1425
031600 0.3696 0.4872 0.0000 0.1431
031650 0.3708 0.4869 0.0000 0.1424
031700 0.3709 0.4863 0.0000 0.1428
031750 0.3711 0.4862 0.0000 0.1427
031800 0.3728 0.4844 0.0000 0.1428
031850 0.3720 0.4855 0.0000 0.1425
031900 0.3713 0.4854 0.0000 0.1433
031950 0.3697 0.4877 0.0000 0.1426
032000 0.3713 0.4866 0.0000 0.1421
032050 0.3697 0.4861 0.0000 0.1441
032100 0.3733 0.4843 0.0000 0.1425
032150 0.3693 0.4869 0.0000 0.1437
032200 0.3682 0.4887 0.0000 0.1432
032250 0.3674 0.4900 0.0000 0.1425
032300 0.3685 0.4875 0.0000 0.1440
032350 0.3683 0.4885 0.0000 0.1432
032400 0.3680 0.4887 0.0000 0.1433
032450 0.3695 0.4856 0.0000 0.1448
032500 0.3666 0.4902 0.0000 0.1432
032550 0.3714 0.4857 0.0000 0.1429
032600 0.3669 0.4896 0.0000 0.1435
032650 0.3709 0.4866 0.0000 0.1425
032700 0.3726 0.4846 0.0000 0.1428
032750 0.3679 0.4890 0.0000 0.1432
032800 0.3683 0.4893 0.0000 0.1424
032850 0.3671 0.4887 0.0000 0.1442
032900 0.3697 0.4875 0.0000 0.1428
032950 0.3686 0.4887 0.0000 0.1428
033000 0.3687 0.4877 0.0000 0.1436
033050 0.3665 0.4893 0.0000 0.1442
033100 0.3684 0.4883 0.0000 0.1433
033150 0.3687 0.4870 0.0000 0.1443
033200 0.3678 0.4881 0.0000 0.1441
033250 0.3669 0.4900 0.0000 0.1431
033300 0.3669 0.4903 0.0000 0.1428
033350 0.3686 0.4881 0.0000 0.1432
033400 0.3721 0.4844 0.0000 0.1435
033450 0.3689 0.4874 0.0000 0.1437
033500 0.3677 0.4883 0.0000 0.1440
033550 0.3672 0.4896 0.0000 0.1432
033600 0.3690 0.4870 0.0000 0.1439
033650 0.3669 0.4897 0.0000 0.1434
033700 0.3646 0.4917 0.0000 0.1437
033750 0.3676 0.4884 0.0000 0.1440
033800 0.3706 0.4866 0.0000 0.1428
033850 0.3696 0.4879 0.0000 0.1425
033900 0.3690 0.4879 0.0000 0.1431
033950 0.3648 0.4914 0.0000 0.1438
034000 0.3684 0.4888 0.0000 0.1428
034050 0.3679 0.4875 0.0000 0.1445
034100 0.3679 0.4881 0.0000 0.1439
034150 0.3682 0.4884 0.0000 0.1434
034200 0.3721 0.4847 0.0000 0.1432
034250 0.3652 0.4891 0.0000 0.1457
034300 0.3622 0.4935 0.0000 0.1443
034350 0.3691 0.4873 0.0000 0.1436
034400 0.3681 0.4885 0.0000 0.1433
034450 0.3654 0.4904 0.0000 0.1441
034500 0.3681 0.4884 0.0000 0.1434
034550 0.3724 0.4849 0.0000 0.1427
034600 0.3677 0.4882 0.0000 0.1440
034650 0.3684 0.4892 0.0000 0.1424
034700 0.3682 0.4881 0.0000 0.1437
034750 0.3700 0.4870 0.0000 0.1430
034800 0.3655 0.4910 0.0000 0.1435
034850 0.3679 0.4892 0.0000 0.1429
034900 0.3717 0.4850 0.0000 0.1433
034950 0.3693 0.4885 0.0000 0.1422
035000 0.3686 0.4877 0.0000 0.1437
035050 0.3705 0.4872 0.0000 0.1423
035100 0.3653 0.4920 0.0000 0.1427
035150 0.3657 0.4921 0.0000 0.1422
035200 0.3662 0.4897 0.0000 0.1441
035250 0.3690 0.4872 0.0000 0.1438
035300 0.3688 0.4890 0.0000 0.1422
035350 0.3697 0.4870 0.0000 0.1433
035400 0.3685 0.4877 0.0000 0.1437
035450 0.3675 0.4886 0.0000 0.1438
035500 0.3657 0.4903 0.0000 0.1439
035550 0.3721 0.4853 0.0000 0.1426
035600 0.3688 0.4885 0.0000 0.1427
035650 0.3679 0.4897 0.0000 0.1425
035700 0.3698 0.4873 0.0000 0.1429
035750 0.3694 0.4868 0.0000 0.1438
035800 0.3730 0.4855 0.0000 0.1415
035850 0.3720 0.4847 0.0000 0.1433
035900 0.3741 0.4838 0.0000 0.1421
035950 0.3710 0.4860 0.0000 0.1429
036000 0.3737 0.4825 0.0000 0.1437
036050 0.3686 0.4888 0.0000 0.1426
036100 0.3704 0.4860 0.0000 0.1436
036150 0.3709 0.4849 0.0000 0.1442
036200 0.3691 0.4873 0.0000 0.1436
036250 0.3738 0.4838 0.0000 0.1424
036300 0.3678 0.4880 0.0000 0.1442
036350 0.3668 0.4895 0.0000 0.1437
036400 0.3685 0.4886 0.0000 0.1429
036450 0.3708 0.4855 0.0000 0.1437
036500 0.3685 0.4883 0.0000 0.1432
036550 0.3648 0.4920 0.0000 0.1432
036600 0.3720 0.4852 0.0000 0.1429
036650 0.3713 0.4853 0.0000 0.1434
036700 0.3683 0.4883 0.0000 0.1434
036750 0.3686 0.4881 0.0000 0.1433
036800 0.3685 0.4873 0.0000 0.1442
036850 0.3680 0.4893 0.0000 0.1427
036900 0.3724 0.4847 0.0000 0.1429
036950 0.3696 0.4868 0.0000 0.1436
037000 0.3715 0.4848 0.0000 0.1437
037050 0.3689 0.4879 0.0000 0.1432
037100 0.3710 0.4867 0.0000 0.1422
037150 0.3699 0.4873 0.0000 0.1428
037200 0.3727 0.4840 0.0000 0.1433
037250 0.3701 0.4864 0.0000 0.1435
037300 0.3704 0.4869 0.0000 0.1427
037350 0.3724 0.4839 0.0000 0.1437
037400 0.3694 0.4869 0.0000 0.1436
037450 0.3740 0.4830 0.0000 0.1430
037500 0.3671 0.4885 0.0000 0.1444
037550 0.3667 0.4911 0.0000 0.1423
037600 0.3665 0.4902 0.0000 0.1433
037650 0.3696 0.4873 0.0000 0.1431
037700 0.3689 0.4889 0.0000 0.1423
037750 0.3704 0.4872 0.0000 0.1424
037800 0.3703 0.4874 0.0000 0.1423
037850 0.3705 0.4870 0.0000 0.1425
037900 0.3647 0.4922 0.0000 0.1431
037950 0.3697 0.4871 0.0000 0.1433
038000 0.3670 0.4883 0.0000 0.1447
038050 0.3696 0.4875 0.0000 0.1428
038100 0.3707 0.4878 0.0000 0.1414
038150 0.3703 0.4868 0.0000 0.1428
038200 0.3682 0.4872 0.0000 0.1446
038250 0.3658 0.4899 0.0000 0.1443
038300 0.3718 0.4863 0.0000 0.1419
038350 0.3671 0.4887 0.0000 0.1443
038400 0.3679 0.4884 0.0000 0.1437
038450 0.3677 0.4893 0.0000 0.1430
038500 0.3695 0.4870 0.0000 0.1435
038550 0.3702 0.4862 0.0000 0.1435
038600 0.3688 0.4874 0.0000 0.1438
038650 0.3661 0.4902 0.0000 0.1437
038700 0.3669 0.4890 0.0000 0.1441
038750 0.3665 0.4888 0.0000 0.1446
038800 0.3632 0.4926 0.0000 0.1442
038850 0.3669 0.4900 0.0000 0.1431
038900 0.3724 0.4848 0.0000 0.1428
038950 0.3662 0.4908 0.0000 0.1431
039000 0.3685 0.4884 0.0000 0.1430
039050 0.3694 0.4870 0.0000 0.1436
039100 0.3671 0.4892 0.0000 0.1436
039150 0.3665 0.4898 0.0000 0.1437
039200 0.3686 0.4877 0.0000 0.1438
039250 0.3687 0.4877 0.0000 0.1436
039300 0.3669 0.4904 0.0000 0.1427
039350 0.3681 0.4886 0.0000 0.1433
039400 0.3700 0.4871 0.0000 0.1430
039450 0.3688 0.4881 0.0000 0.1432
039500 0.3691 0.4874 0.0000 0.1435
039550 0.3672 0.4889 0.0000 0.1439
039600 0.3667 0.4902 0.0000 0.1431
039650 0.3691 0.4869 0.0000 0.1440
039700 0.3718 0.4852 0.0000 0.1430
039750 0.3717 0.4855 0.0000 0.1428
039800 0.3667 0.4893 0.0000 0.1440
039850 0.3610 0.4943 0.0000 0.1447
039900 0.3689 0.4877 0.0000 0.1434
039950 0.3664 0.4895 0.0000 0.1441
040000 0.3694 0.4878 0.0000 0.1428
040050 0.3658 0.4899 0.0000 0.1443
040100 0.3658 0.4899 0.0000 0.1443
040150 0.3658 0.4899 0.0000 0.1443
040200 0.3658 0.4899 0.0000 0.1443
040250 0.3658 0.4899 0.0000 0.1443
040300 0.3658 0.4899 0.0000 0.1443
040350 0.3658 0.4899 0.0000 0.1443
040400 0.3658 0.4899 0.0000 0.1443
040450 0.3658 0.4899 0.0000 0.1443
040500 0.3658 0.4899 0.0000 0.1443
040550 0.3658 0.4899 0.0000 0.1443
040600 0.3658 0.4899 0.0000 0.1443
040650 0.3658 0.4899 0.0000 0.1443
040700 0.3658 0.4899 0.0000 0.1443
040750 0.3658 0.4899 0.0000 0.1443
040800 0.3658 0.4899 0.0000 0.1443
040850 0.3658 0.4899 0.0000 0.1443
040900 0.3658 0.4899 0.0000 0.1443
040950 0.3658 0.4899 0.0000 0.1443
041000 0.3658 0.4899 0.0000 0.1443
041050 0.3658 0.4899 0.0000 0.1443
041100 0.3658 0.4899 0.0000 0.1443
041150 0.3658 0.4899 0.0000 0.1443
041200 0.3658 0.4899 0.0000 0.1443
041250 0.3658 0.4899 0.0000 0.1443
041300 0.3658 0.4899 0.0000 0.1443
041350 0.3658 0.4899 0.0000 0.1443
041400 0.3658 0.4899 0.0000 0.1443
041450 0.3658 0.4899 0.0000 0.1443
041500 0.3658 0.4899 0.0000 0.1443
041550 0.3658 0.4899 0.0000 0.1443
041600 0.3658 0.4899 0.0000 0.1443
041650 0.3658 0.4899 0.0000 0.1443
041700 0.3658 0.4899 0.0000 0.1443
041750 0.3658 0.4899 0.0000 0.1443
041800 0.3658 0.4899 0.0000 0.1443
041850 0.3658 0.4899 0.0000 0.1443
041900 0.3658 0.4899 0.0000 0.1443
041950 0.3658 0.4899 0.0000 0.1443
042000 0.3658 0.4899 0.0000 0.1443
042050 0.3658 0.4899 0.0000 0.1443
042100 0.3658 0.4899 0.0000 0.1443
042150 0.3658 0.4899 0.0000 0.1443
042200 0.3658 0.4899 0.0000 0.1443
042250 0.3658 0.4899 0.0000 0.1443
042300 0.3658 0.4899 0.0000 0.1443
042350 0.3658 0.4899 0.0000 0.1443
042400 0.3658 0.4899 0.0000 0.1443
042450 0.3658 0.4899 0.0000 0.1443
042500 0.3658 0.4899 0.0000 0.1443
042550 0.3658 0.4899 0.0000 0.1443
042600 0.3658 0.4899 0.0000 0.1443
042650 0.3658 0.4899 0.0000 0.1443
042700 0.3658 0.4899 0.0000 0.1443
042750 0.3658 0.4899 0.0000 0.1443
042800 0.3658 0.4899 0.0000 0.1443
042850 0.3658 0.4899 0.0000 0.1443
042900 0.3658 0.4899 0.0000 0.1443
042950 0.3658 0.4899 0.0000 0.1443
043000 0.3658 0.4899 0.0000 0.1443
043050 0.3658 0.4899 0.0000 0.1443
043100 0.3658 0.4899 0.0000 0.1443
043150 0.3658 0.4899 0.0000 0.1443
043200 0.3658 0.4899 0.0000 0.1443
043250 0.3658 0.4899 0.0000 0.1443
043300 0.3658 0.4899 0.0000 0.1443
043350 0.3658 0.4899 0.0000 0.1443
043400 0.3658 0.4899 0.0000 0.1443
043450 0.3658 0.4899 0.0000 0.1443
043500 0.3658 0.4899 0.0000 0.1443
043550 0.3658 0.4899 0.0000 0.1443
043600 0.3658 0.4899 0.0000 0.1443
043650 0.3658 0.4899 0.0000 0.1443
043700 0.3658 0.4899 0.0000 0.1443
043750 0.3658 0.4899 0.0000 0.1443
043800 0.3658 0.4899 0.0000 0.1443
043850 0.3658 0.4899 0.0000 0.1443
043900 0.3658 0.4899 0.0000 0.1443
043950 0.3658 0.4899 0.0000 0.1443
044000 0.3658 0.4899 0.0000 0.1443
044050 0.3658 0.4899 0.0000 0.1443
044100 0.3658 0.4899 0.0000 0.1443
044150 0.3658 0.4899 0.0000 0.1443
044200 0.3658 0.4899 0.0000 0.1443
044250 0.3658 0.4899 0.0000 0.1443
044300 0.3658 0.4899 0.0000 0.1443
044350 0.3658 0.4899 0.0000 0.1443
044400 0.3658 0.4899 0.0000 0.1443
044450 0.3658 0.4899 0.0000 0.1443
044500 0.3658 0.4899 0.0000 0.1443
044550 0.3658 0.4899 0.0000 0.1443
044600 0.3658 0.4899 0.0000 0.1443
044650 0.3658 0.4899 0.0000 0.1443
044700 0.3658 0.4899 0.0000 0.1443
044750 0.3658 0.4899 0.0000 0.1443
044800 0.3658 0.4899 0.0000 0.1443
044850 0.3658 0.4899 0.0000 0.1443
044900 0.3658 0.4899 0.0000 0.1443
044950 0.3658 0.4899 0.0000 0.1443
045000 0.3658 0.4899 0.0000 0.1443
045050 0.3658 0.4899 0.0000 0.1443
045100 0.3658 0.4899 0.0000 0.1443
045150 0.3658 0.4899 0.0000 0.1443
045200 0.3658 0.4899 0.0000 0.1443
045250 0.3658 0.4899 0.0000 0.1443
045300 0.3658 0.4899 0.0000 0.1443
045350 0.3658 0.4899 0.0000 0.1443
045400 0.3658 0.4899 0.0000 0.1443
045450 0.3658 0.4899 0.0000 0.1443
045500 0.3658 0.4899 0.0000 0.1443
045550 0.3658 0.4899 0.0000 0.1443
045600 0.3658 0.4899 0.0000 0.1443
045650 0.3658 0.4899 0.0000 0.1443
045700 0.3658 0.4899 0.0000 0.1443
045750 0.3658 0.4899 0.0000 0.1443
045800 0.3658 0.4899 0.0000 0.1443
045850 0.3658 0.4899 0.0000 0.1443
045900 0.3658 0.4899 0.0000 0.1443
045950 0.3658 0.4899 0.0000 0.1443
046000 0.3658 0.4899 0.0000 0.1443
046050 0.3658 0.4899 0.0000 0.1443
046100 0.3658 0.4899 0.0000 0.1443
046150 0.3658 0.4899 0.0000 0.1443
046200 0.3658 0.4899 0.0000 0.1443
046250 0.3658 0.4899 0.0000 0.1443
046300 0.3658 0.4899 0.0000 0.1443
046350 0.3658 0.4899 0.0000 0.1443
046400 0.3658 0.4899 0.0000 0.1443
046450 0.3658 0.4899 0.0000 0.1443
046500 0.3658 0.4899 0.0000 0.1443
046550 0.3658 0.4899 0.0000 0.1443
046600 0.3658 0.4899 0.0000 0.1443
046650 0.3658 0.4899 0.0000 0.1443
046700 0.3658 0.4899 0.0000 0.1443
046750 0.3658 0.4899 0.0000 0.1443
046800 0.3658 0.4899 0.0000 0.1443
046850 0.3658 0.4899 0.0000 0.1443
046900 0.3658 0.4899 0.0000 0.1443
046950 0.3658 0.4899 0.0000 0.1443
047000 0.3658 0.4899 0.0000 0.1443
047050 0.3658 0.4899 0.0000 0.1443
047100 0.3658 0.4899 0.0000 0.1443
047150 0.3658 0.4899 0.0000 0.1443
047200 0.3658 0.4899 0.0000 0.1443
047250 0.3658 0.4899 0.0000 0.1443
047300 0.3658 0.4899 0.0000 0.1443
047350 0.3658 0.4899 0.0000 0.1443
047400 0.3658 0.4899 0.0000 0.1443
047450 0.3658 0.4899 0.0000 0.1443
047500 0.3658 0.4899 0.0000 0.1443
047550 0.3658 0.4899 0.0000 0.1443
047600 0.3658 0.4899 0.0000 0.1443
047650 0.3658 0.4899 0.0000 0.1443
047700 0.3658 0.4899 0.0000 0.1443
047750 0.3658 0.4899 0.0000 0.1443
047800 0.3658 0.4899 0.0000 0.1443
047850 0.3658 0.4899 0.0000 0.1443
047900 0.3658 0.4899 0.0000 0.1443
047950 0.3658 0.4899 0.0000 0.1443
048000 0.3658 0.4899 0.0000 0.1443
048050 0.3658 0.4899 0.0000 0.1443
048100 0.3658 0.4899 0.0000 0.1443
048150 0.3658 0.4899 0.0000 0.1443
048200 0.3658 0.4899 0.0000 0.1443
048250 0.3658 0.4899 0.0000 0.1443
048300 0.3658 0.4899 0.0000 0.1443
048350 0.3658 0.4899 0.0000 0.1443
048400 0.3658 0.4899 0.0000 0.1443
048450 0.3658 0.4899 0.0000 0.1443
048500 0.3658 0.4899 0.0000 0.1443
048550 0.3658 0.4899 0.0000 0.1443
048600 0.3658 0.4899 0.0000 0.1443
048650 0.3658 0.4899 0.0000 0.1443
048700 0.3658 0.4899 0.0000 0.1443
048750 0.3658 0.4899 0.0000 0.1443
048800 0.3658 0.4899 0.0000 0.1443
048850 0.3658 0.4899 0.0000 0.1443
048900 0.3658 0.4899 0.0000 0.1443
048950 0.3658 0.4899 0.0000 0.1443
049000 0.3658 0.4899 0.0000 0.1443
049050 0.3658 0.4899 0.0000 0.1443
049100 0.3658 0.4899 0.0000 0.1443
049150 0.3658 0.4899 0.0000 0.1443
049200 0.3658 0.4899 0.0000 0.1443
049250 0.3658 0.4899 0.0000 0.1443
049300 0.3658 0.4899 0.0000 0.1443
049350 0.3658 0.4899 0.0000 0.1443
049400 0.3658 0.4899 0.0000 0.1443
049450 0.3658 0.4899 0.0000 0.1443
049500 0.3658 0.4899 0.0000 0.1443
049550 0.3658 0.4899 0.0000 0.1443
049600 0.3658 0.4899 0.0000 0.1443
049650 0.3658 0.4899 0.0000 0.1443
049700 0.3658 0.4899 0.0000 0.1443
049750 0.3658 0.4899 0.0000 0.1443
049800 0.3658 0.4899 0.0000 0.1443
049850 0.3658 0.4899 0.0000 0.1443
049900 0.3658 0.4899 0.0000 0.1443
049950 0.3658 0.4899 0.0000 0.1443
050000 0.3658 0.4899 0.0000 0.1443
050050 0.3658 0.4899 0.0000 0.1443
050100 0.3658 0.4899 0.0000 0.1443
050150 0.3658 0.4899 0.0000 0.1443
050200 0.3658 0.4899 0.0000 0.1443
050250 0.3658 0.4899 0.0000 0.1443
050300 0.3658 0.4899 0.0000 0.1443
050350 0.3658 0.4899 0.0000 0.1443
050400 0.3658 0.4899 0.0000 0.1443
050450 0.3658 0.4899 0.0000 0.1443
050500 0.3658 0.4899 0.0000 0.1443
050550 0.3658 0.4899 0.0000 0.1443
050600 0.3658 0.4899 0.0000 0.1443
050650 0.3658 0.4899 0.0000 0.1443
050700 0.3658 0.4899 0.0000 0.1443
050750 0.3658 0.4899 0.0000 0.1443
050800 0.3658 0.4899 0.0000 0.1443
050850 0.3658 0.4899 0.0000 0.1443
050900 0.3658 0.4899 0.0000 0.1443
050950 0.3658 0.4899 0.0000 0.1443
051000 0.3658 0.4899 0.0000 0.1443
051050 0.3658 0.4899 0.0000 0.1443
051100 0.3658 0.4899 0.0000 0.1443
051150 0.3658 0.4899 0.0000 0.1443
051200 0.3658 0.4899 0.0000 0.1443
051250 0.3658 0.4899 0.0000 0.1443
051300 0.3658 0.4899 0.0000 0.1443
051350 0.3658 0.4899 0.0000 0.1443
051400 0.3658 0.4899 0.0000 0.1443
051450 0.3658 0.4899 0.0000 0.1443
051500 0.3658 0.4899 0.0000 0.1443
051550 0.3658 0.4899 0.0000 0.1443
051600 0.3658 0.4899 0.0000 0.1443
051650 0.3658 0.4899 0.0000 0.1443
051700 0.3658 0.4899 0.0000 0.1443
051750 0.3658 0.4899 0.0000 0.1443
051800 0.3658 0.4899 0.0000 0.1443
051850 0.3658 0.4899 0.0000 0.1443
051900 0.3658 0.4899 0.0000 0.1443
051950 0.3658 0.4899 0.0000 0.1443
052000 0.3658 0.4899 0.0000 0.1443
052050 0.3658 0.4899 0.0000 0.1443
052100 0.3658 0.4899 0.0000 0.1443
052150 0.3658 0.4899 0.0000 0.1443
052200 0.3658 0.4899 0.0000 0.1443
052250 0.3658 0.4899 0.0000 0.1443
052300 0.3658 0.4899 0.0000 0.1443
052350 0.3658 0.4899 0.0000 0.1443
052400 0.3658 0.4899 0.0000 0.1443
052450 0.3658 0.4899 0.0000 0.1443
052500 0.3658 0.4899 0.0000 0.1443
052550 0.3658 0.4899 0.0000 0.1443
052600 0.3658 0.4899 0.0000 0.1443
052650 0.3658 0.4899 0.0000 0.1443
052700 0.3658 0.4899 0.0000 0.1443
052750 0.3658 0.4899 0.0000 0.1443
052800 0.3658 0.4899 0.0000 0.1443
052850 0.3658 0.4899 0.0000 0.1443
052900 0.3658 0.4899 0.0000 0.1443
052950 0.3658 0.4899 0.0000 0.1443
053000 0.3658 0.4899 0.0000 0.1443
053050 0.3658 0.4899 0.0000 0.1443
053100 0.3658 0.4899 0.0000 0.1443
053150 0.3658 0.4899 0.0000 0.1443
053200 0.3658 0.4899 0.0000 0.1443
053250 0.3658 0.4899 0.0000 0.1443
053300 0.3658 0.4899 0.0000 0.1443
053350 0.3658 0.4899 0.0000 0.1443
053400 0.3658 0.4899 0.0000 0.1443
053450 0.3658 0.4899 0.0000 0.1443
053500 0.3658 0.4899 0.0000 0.1443
053550 0.3658 0.4899 0.0000 0.1443
053600 0.3658 0.4899 0.0000 0.1443
053650 0.3658 0.4899 0.0000 0.1443
053700 0.3658 0.4899 0.0000 0.1443
053750 0.3658 0.4899 0.0000 0.1443
053800 0.3658 0.4899 0.0000 0.1443
053850 0.3658 0.4899 0.0000 0.1443
053900 0.3658 0.4899 0.0000 0.1443
053950 0.3658 0.4899 0.0000 0.1443
054000 0.3658 0.4899 0.0000 0.1443
054050 0.3658 0.4899 0.0000 0.1443
054100 0.3658 0.4899 0.0000 0.1443
054150 0.3658 0.4899 0.0000 0.1443
054200 0.3658 0.4899 0.0000 0.1443
054250 0.3658 0.4899 0.0000 0.1443
054300 0.3658 0.4899 0.0000 0.1443
054350 0.3658 0.4899 0.0000 0.1443
054400 0.3658 0.4899 0.0000 0.1443
054450 0.3658 0.4899 0.0000 0.1443
054500 0.3658 0.4899 0.0000 0.1443
054550 0.3658 0.4899 0.0000 0.1443
054600 0.3658 0.4899 0.0000 0.1443
054650 0.3658 0.4899 0.0000 0.1443
054700 0.3658 0.4899 0.0000 0.1443
054750 0.3658 0.4899 0.0000 0.1443
054800 0.3658 0.4899 0.0000 0.1443
054850 0.3658 0.4899 0.0000 0.1443
054900 0.3658 0.4899 0.0000 0.1443
054950 0.3658 0.4899 0.0000 0.1443
055000 0.3658 0.4899 0.0000 0.1443
055050 0.3658 0.4899 0.0000 0.1443
055100 0.3658 0.4899 0.0000 0.1443
055150 0.3658 0.4899 0.0000 0.1443
055200 0.3658 0.4899 0.0000 0.1443
055250 0.3658 0.4899 0.0000 0.1443
055300 0.3658 0.4899 0.0000 0.1443
055350 0.3658 0.4899 0.0000 0.1443
055400 0.3658 0.4899 0.0000 0.1443
055450 0.3658 0.4899 0.0000 0.1443
055500 0.3658 0.4899 0.0000 0.1443
055550 0.3658 0.4899 0.0000 0.1443
055600 0.3658 0.4899 0.0000 0.1443
055650 0.3658 0.4899 0.0000 0.1443
055700 0.3658 0.4899 0.0000 0.1443
055750 0.3658 0.4899 0.0000 0.1443
055800 0.3658 0.4899 0.0000 0.1443
055850 0.3658 0.4899 0.0000 0.1443
055900 0.3658 0.4899 0.0000 0.1443
055950 0.3658 0.4899 0.0000 0.1443
056000 0.3658 0.4899 0.0000 0.1443
056050 0.3658 0.4899 0.0000 0.1443
056100 0.3658 0.4899 0.0000 0.1443
056150 0.3658 0.4899 0.0000 0.1443
056200 0.3658 0.4899 0.0000 0.1443
056250 0.3658 0.4899 0.0000 0.1443
056300 0.3658 0.4899 0.0000 0.1443
056350 0.3658 0.4899 0.0000 0.1443
056400 0.3658 0.4899 0.0000 0.1443
056450 0.3658 0.4899 0.0000 0.1443
056500 0.3658 0.4899 0.0000 0.1443
056550 0.3658 0.4899 0.0000 0.1443
056600 0.3658 0.4899 0.0000 0.1443
056650 0.3658 0.4899 0.0000 0.1443
056700 0.3658 0.4899 0.0000 0.1443
056750 0.3658 0.4899 0.0000 0.1443
056800 0.3658 0.4899 0.0000 0.1443
056850 0.3658 0.4899 0.0000 0.1443
056900 0.3658 0.4899 0.0000 0.1443
056950 0.3658 0.4899 0.0000 0.1443
057000 0.3658 0.4899 0.0000 0.1443
057050 0.3658 0.4899 0.0000 0.1443
057100 0.3658 0.4899 0.0000 0.1443
057150 0.3658 0.4899 0.0000 0.1443
057200 0.3658 0.4899 0.0000 0.1443
057250 0.3658 0.4899 0.0000 0.1443
057300 0.3658 0.4899 0.0000 0.1443
057350 0.3658 0.4899 0.0000 0.1443
057400 0.3658 0.4899 0.0000 0.1443
057450 0.3658 0.4899 0.0000 0.1443
057500 0.3658 0.4899 0.0000 0.1443
057550 0.3658 0.4899 0.0000 0.1443
057600 0.3658 0.4899 0.0000 0.1443
057650 0.3658 0.4899 0.0000 0.1443
057700 0.3658 0.4899 0.0000 0.1443
057750 0.3658 0.4899 0.0000 0.1443
057800 0.3658 0.4899 0.0000 0.1443
057850 0.3658 0.4899 0.0000 0.1443
057900 0.3658 0.4899 0.0000 0.1443
057950 0.3658 0.4899 0.0000 0.1443
058000 0.3658 0.4899 0.0000 0.1443
058050 0.3658 0.4899 0.0000 0.1443
058100 0.3658 0.4899 0.0000 0.1443
058150 0.3658 0.4899 0.0000 0.1443
058200 0.3658 0.4899 0.0000 0.1443
058250 0.3658 0.4899 0.0000 0.1443
058300 0.3658 0.4899 0.0000 0.1443
058350 0.3658 0.4899 0.0000 0.1443
058400 0.3658 0.4899 0.0000 0.1443
058450 0.3658 0.4899 0.0000 0.1443
058500 0.3658 0.4899 0.0000 0.1443
058550 0.3658 0.4899 0.0000 0.1443
058600 0.3658 0.4899 0.0000 0.1443
058650 0.3658 0.4899 0.0000 0.1443
058700 0.3658 0.4899 0.0000 0.1443
058750 0.3658 0.4899 0.0000 0.1443
058800 0.3658 0.4899 0.0000 0.1443
058850 0.3658 0.4899 0.0000 0.1443
058900 0.3658 0.4899 0.0000 0.1443
058950 0.3658 0.4899 0.0000 0.1443
059000 0.3658 0.4899 0.0000 0.1443
059050 0.3658 0.4899 0.0000 0.1443
059100 0.3658 0.4899 0.0000 0.1443
059150 0.3658 0.4899 0.0000 0.1443
059200 0.3658 0.4899 0.0000 0.1443
059250 0.3658 0.4899 0.0000 0.1443
059300 0.3658 0.4899 0.0000 0.1443
059350 0.3658 0.4899 0.0000 0.1443
059400 0.3658 0.4899 0.0000 0.1443
059450 0.3658 0.4899 0.0000 0.1443
059500 0.3658 0.4899 0.0000 0.1443
059550 0.3658 0.4899 0.0000 0.1443
059600 0.3658 0.4899 0.0000 0.1443
059650 0.3658 0.4899 0.0000 0.1443
059700 0.3658 0.4899 0.0000 0.1443
059750 0.3658 0.4899 0.0000 0.1443
059800 0.3658 0.4899 0.0000 0.1443
059850 0.3658 0.4899 0.0000 0.1443
059900 0.3658 0.4899 0.0000 0.1443
059950 0.3658 0.4899 0.0000 0.1443
060000 0.3658 0.4899 0.0000 0.1443
060050 0.3658 0.4899 0.0000 0.1443
060100 0.3658 0.4899 0.0000 0.1443
060150 0.3658 0.4899 0.0000 0.1443
060200 0.3658 0.4899 0.0000 0.1443
060250 0.3658 0.4899 0.0000 0.1443
060300 0.3658 0.4899 0.0000 0.1443
060350 0.3658 0.4899 0.0000 0.1443
060400 0.3658 0.4899 0.0000 0.1443
060450 0.3658 0.4899 0.0000 0.1443
060500 0.3658 0.4899 0.0000 0.1443
060550 0.3658 0.4899 0.0000 0.1443
060600 0.3658 0.4899 0.0000 0.1443
060650 0.3658 0.4899 0.0000 0.1443
060700 0.3658 0.4899 0.0000 0.1443
060750 0.3658 0.4899 0.0000 0.1443
060800 0.3658 0.4899 0.0000 0.1443
060850 0.3658 0.4899 0.0000 0.1443
060900 0.3658 0.4899 0.0000 0.1443
060950 0.3658 0.4899 0.0000 0.1443
061000 0.3658 0.4899 0.0000 0.1443
061050 0.3658 0.4899 0.0000 0.1443
061100 0.3658 0.4899 0.0000 0.1443
061150 0.3658 0.4899 0.0000 0.1443
061200 0.3658 0.4899 0.0000 0.1443
061250 0.3658 0.4899 0.0000 0.1443
061300 0.3658 0.4899 0.0000 0.1443
061350 0.3658 0.4899 0.0000 0.1443
061400 0.3658 0.4899 0.0000 0.1443
061450 0.3658 0.4899 0.0000 0.1443
061500 0.3658 0.4899 0.0000 0.1443
061550 0.3658 0.4899 0.0000 0.1443
061600 0.3658 0.4899 0.0000 0.1443
061650 0.3658 0.4899 0.0000 0.1443
061700 0.3658 0.4899 0.0000 0.1443
061750 0.3658 0.4899 0.0000 0.1443
061800 0.3658 0.4899 0.0000 0.1443
061850 0.3658 0.4899 0.0000 0.1443
061900 0.3658 0.4899 0.0000 0.1443
061950 0.3658 0.4899 0.0000 0.1443
062000 0.3658 0.4899 0.0000 0.1443
062050 0.3658 0.4899 0.0000 0.1443
062100 0.3658 0.4899 0.0000 0.1443
062150 0.3658 0.4899 0.0000 0.1443
062200 0.3658 0.4899 0.0000 0.1443
062250 0.3658 0.4899 0.0000 0.1443
062300 0.3658 0.4899 0.0000 0.1443
062350 0.3658 0.4899 0.0000 0.1443
062400 0.3658 0.4899 0.0000 0.1443
062450 0.3658 0.4899 0.0000 0.1443
062500 0.3658 0.4899 0.0000 0.1443
062550 0.3658 0.4899 0.0000 0.1443
062600 0.3658 0.4899 0.0000 0.1443
062650 0.3658 0.4899 0.0000 0.1443
062700 0.3658 0.4899 0.0000 0.1443
062750 0.3658 0.4899 0.0000 0.1443
062800 0.3658 0.4899 0.0000 0.1443
062850 0.3658 0.4899 0.0000 0.1443
062900 0.3658 0.4899 0.0000 0.1443
062950 0.3658 0.4899 0.0000 0.1443
063000 0.3658 0.4899 0.0000 0.1443
063050 0.3658 0.4899 0.0000 0.1443
063100 0.3658 0.4899 0.0000 0.1443
063150 0.3658 0.4899 0.0000 0.1443
063200 0.3658 0.4899 0.0000 0.1443
063250 0.3658 0.4899 0.0000 0.1443
063300 0.3658 0.4899 0.0000 0.1443
063350 0.3658 0.4899 0.0000 0.1443
063400 0.3658 0.4899 0.0000 0.1443
063450 0.3658 0.4899 0.0000 0.1443
063500 0.3658 0.4899 0.0000 0.1443
063550 0.3658 0.4899 0.0000 0.1443
063600 0.3658 0.4899 0.0000 0.1443
063650 0.3658 0.4899 0.0000 0.1443
063700 0.3658 0.4899 0.0000 0.1443
063750 0.3658 0.4899 0.0000 0.1443
063800 0.3658 0.4899 0.0000 0.1443
063850 0.3658 0.4899 0.0000 0.1443
063900 0.3658 0.4899 0.0000 0.1443
063950 0.3658 0.4899 0.0000 0.1443
064000 0.3658 0.4899 0.0000 0.1443
064050 0.3658 0.4899 0.0000 0.1443
064100 0.3658 0.4899 0.0000 0.1443
064150 0.3658 0.4899 0.0000 0.1443
064200 0.3658 0.4899 0.0000 0.1443
064250 0.3658 0.4899 0.0000 0.1443
064300 0.3658 0.4899 0.0000 0.1443
064350 0.3658 0.4899 0.0000 0.1443
064400 0.3658 0.4899 0.0000 0.1443
064450 0.3658 0.4899 0.0000 0.1443
064500 0.3658 0.4899 0.0000 0.1443
064550 0.3658 0.4899 0.0000 0.1443
064600 0.3658 0.4899 0.0000 0.1443
064650 0.3658 0.4899 0.0000 0.1443
064700 0.3658 0.4899 0.0000 0.1443
064750 0.3658 0.4899 0.0000 0.1443
064800 0.3658 0.4899 0.0000 0.1443
064850 0.3658 0.4899 0.0000 0.1443
064900 0.3658 0.4899 0.0000 0.1443
064950 0.3658 0.4899 0.0000 0.1443
065000 0.3658 0.4899 0.0000 0.1443
065050 0.3658 0.4899 0.0000 0.1443
065100 0.3658 0.4899 0.0000 0.1443
065150 0.3658 0.4899 0.0000 0.1443
065200 0.3658 0.4899 0.0000 0.1443
065250 0.3658 0.4899 0.0000 0.1443
065300 0.3658 0.4899 0.0000 0.1443
065350 0.3658 0.4899 0.0000 0.1443
065400 0.3658 0.4899 0.0000 0.1443
065450 0.3658 0.4899 0.0000 0.1443
065500 0.3658 0.4899 0.0000 0.1443
065550 0.3658 0.4899 0.0000 0.1443
065600 0.3658 0.4899 0.0000 0.1443
065650 0.3658 0.4899 0.0000 0.1443
065700 0.3658 0.4899 0.0000 0.1443
065750 0.3658 0.4899 0.0000 0.1443
065800 0.3658 0.4899 0.0000 0.1443
065850 0.3658 0.4899 0.0000 0.1443
065900 0.3658 0.4899 0.0000 0.1443
065950 0.3658 0.4899 0.0000 0.1443
066000 0.3658 0.4899 0.0000 0.1443
066050 0.3658 0.4899 0.0000 0.1443
066100 0.3658 0.4899 0.0000 0.1443
066150 0.3658 0.4899 0.0000 0.1443
066200 0.3658 0.4899 0.0000 0.1443
066250 0.3658 0.4899 0.0000 0.1443
066300 0.3658 0.4899 0.0000 0.1443
066350 0.3658 0.4899 0.0000 0.1443
066400 0.3658 0.4899 0.0000 0.1443
066450 0.3658 0.4899 0.0000 0.1443
066500 0.3658 0.4899 0.0000 0.1443
066550 0.3658 0.4899 0.0000 0.1443
066600 0.3658 0.4899 0.0000 0.1443
066650 0.3658 0.4899 0.0000 0.1443
066700 0.3658 0.4899 0.0000 0.1443
066750 0.3658 0.4899 0.0000 0.1443
066800 0.3658 0.4899 0.0000 0.1443
066850 0.3658 0.4899 0.0000 0.1443
066900 0.3658 0.4899 0.0000 0.1443
066950 0.3658 0.4899 0.0000 0.1443
067000 0.3658 0.4899 0.0000 0.1443
067050 0.3658 0.4899 0.0000 0.1443
067100 0.3658 0.4899 0.0000 0.1443
067150 0.3658 0.4899 0.0000 0.1443
067200 0.3658 0.4899 0.0000 0.1443
067250 0.3658 0.4899 0.0000 0.1443
067300 0.3658 0.4899 0.0000 0.1443
067350 0.3658 0.4899 0.0000 0.1443
067400 0.3658 0.4899 0.0000 0.1443
067450 0.3658 0.4899 0.0000 0.1443
067500 0.3658 0.4899 0.0000 0.1443
067550 0.3658 0.4899 0.0000 0.1443
067600 0.3658 0.4899 0.0000 0.1443
067650 0.3658 0.4899 0.0000 0.1443
067700 0.3658 0.4899 0.0000 0.1443
067750 0.3658 0.4899 0.0000 0.1443
067800 0.3658 0.4899 0.0000 0.1443
067850 0.3658 0.4899 0.0000 0.1443
067900 0.3658 0.4899 0.0000 0.1443
067950 0.3658 0.4899 0.0000 0.1443
068000 0.3658 0.4899 0.0000 0.1443
068050 0.3658 0.4899 0.0000 0.1443
068100 0.3658 0.4899 0.0000 0.1443
068150 0.3658 0.4899 0.0000 0.1443
068200 0.3658 0.4899 0.0000 0.1443
068250 0.3658 0.4899 0.0000 0.1443
068300 0.3658 0.4899 0.0000 0.1443
068350 0.3658 0.4899 0.0000 0.1443
068400 0.3658 0.4899 0.0000 0.1443
068450 0.3658 0.4899 0.0000 0.1443
068500 0.3658 0.4899 0.0000 0.1443
068550 0.3658 0.4899 0.0000 0.1443
068600 0.3658 0.4899 0.0000 0.1443
068650 0.3658 0.4899 0.0000 0.1443
068700 0.3658 0.4899 0.0000 0.1443
068750 0.3658 0.4899 0.0000 0.1443
068800 0.3658 0.4899 0.0000 0.1443
068850 0.3658 0.4899 0.0000 0.1443
068900 0.3658 0.4899 0.0000 0.1443
068950 0.3658 0.4899 0.0000 0.1443
069000 0.3658 0.4899 0.0000 0.1443
069050 0.3658 0.4899 0.0000 0.1443
069100 0.3658 0.4899 0.0000 0.1443
069150 0.3658 0.4899 0.0000 0.1443
069200 0.3658 0.4899 0.0000 0.1443
069250 0.3658 0.4899 0.0000 0.1443
069300 0.3658 0.4899 0.0000 0.1443
069350 0.3658 0.4899 0.0000 0.1443
069400 0.3658 0.4899 0.0000 0.1443
069450 0.3658 0.4899 0.0000 0.1443
069500 0.3658 0.4899 0.0000 0.1443
069550 0.3658 0.4899 0.0000 0.1443
069600 0.3658 0.4899 0.0000 0.1443
069650 0.3658 0.4899 0.0000 0.1443
069700 0.3658 0.4899 0.0000 0.1443
069750 0.3658 0.4899 0.0000 0.1443
069800 0.3658 0.4899 0.0000 0.1443
069850 0.3658 0.4899 0.0000 0.1443
069900 0.3658 0.4899 0.0000 0.1443
069950 0.3658 0.4899 0.0000 0.1443
070000 0.3658 0.4899 0.0000 0.1443
070050 0.3658 0.4899 0.0000 0.1443
070100 0.3658 0.4899 0.0000 0.1443
070150 0.3658 0.4899 0.0000 0.1443
070200 0.3658 0.4899 0.0000 0.1443
070250 0.3658 0.4899 0.0000 0.1443
070300 0.3658 0.4899 0.0000 0.1443
070350 0.3658 0.4899 0.0000 0.1443
070400 0.3658 0.4899 0.0000 0.1443
070450 0.3658 0.4899 0.0000 0.1443
070500 0.3658 0.4899 0.0000 0.1443
070550 0.3658 0.4899 0.0000 0.1443
070600 0.3658 0.4899 0.0000 0.1443
070650 0.3658 0.4899 0.0000 0.1443
070700 0.3658 0.4899 0.0000 0.1443
070750 0.3658 0.4899 0.0000 0.1443
070800 0.3658 0.4899 0.0000 0.1443
070850 0.3658 0.4899 0.0000 0.1443
070900 0.3658 0.4899 0.0000 0.1443
070950 0.3658 0.4899 0.0000 0.1443
071000 0.3658 0.4899 0.0000 0.1443
071050 0.3658 0.4899 0.0000 0.1443
071100 0.3658 0.4899 0.0000 0.1443
071150 0.3658 0.4899 0.0000 0.1443
071200 0.3658 0.4899 0.0000 0.1443
071250 0.3658 0.4899 0.0000 0.1443
071300 0.3658 0.4899 0.0000 0.1443
071350 0.3658 0.4899 0.0000 0.1443
071400 0.3658 0.4899 0.0000 0.1443
071450 0.3658 0.4899 0.0000 0.1443
071500 0.3658 0.4899 0.0000 0.1443
071550 0.3658 0.4899 0.0000 0.1443
071600 0.3658 0.4899 0.0000 0.1443
071650 0.3658 0.4899 0.0000 0.1443
071700 0.3658 0.4899 0.0000 0.1443
071750 0.3658 0.4899 0.0000 0.1443
071800 0.3658 0.4899 0.0000 0.1443
071850 0.3658 0.4899 0.0000 0.1443
071900 0.3658 0.4899 0.0000 0.1443
071950 0.3658 0.4899 0.0000 0.1443
072000 0.3658 0.4899 0.0000 0.1443
072050 0.3658 0.4899 0.0000 0.1443
072100 0.3658 0.4899 0.0000 0.1443
072150 0.3658 0.4899 0.0000 0.1443
072200 0.3658 0.4899 0.0000 0.1443
072250 0.3658 0.4899 0.0000 0.1443
072300 0.3658 0.4899 0.0000 0.1443
072350 0.3658 0.4899 0.0000 0.1443
072400 0.3658 0.4899 0.0000 0.1443
072450 0.3658 0.4899 0.0000 0.1443
072500 0.3658 0.4899 0.0000 0.1443
072550 0.3658 0.4899 0.0000 0.1443
072600 0.3658 0.4899 0.0000 0.1443
072650 0.3658 0.4899 0.0000 0.1443
072700 0.3658 0.4899 0.0000 0.1443
072750 0.3658 0.4899 0.0000 0.1443
072800 0.3658 0.4899 0.0000 0.1443
072850 0.3658 0.4899 0.0000 0.1443
072900 0.3658 0.4899 0.0000 0.1443
072950 0.3658 0.4899 0.0000 0.1443
073000 0.3658 0.4899 0.0000 0.1443
073050 0.3658 0.4899 0.0000 0.1443
073100 0.3658 0.4899 0.0000 0.1443
073150 0.3658 0.4899 0.0000 0.1443
073200 0.3658 0.4899 0.0000 0.1443
073250 0.3658 0.4899 0.0000 0.1443
073300 0.3658 0.4899 0.0000 0.1443
073350 0.3658 0.4899 0.0000 0.1443
073400 0.3658 0.4899 0.0000 0.1443
073450 0.3658 0.4899 0.0000 0.1443
073500 0.3658 0.4899 0.0000 0.1443
073550 0.3658 0.4899 0.0000 0.1443
073600 0.3658 0.4899 0.0000 0.1443
073650 0.3658 0.4899 0.0000 0.1443
073700 0.3658 0.4899 0.0000 0.1443
073750 0.3658 0.4899 0.0000 0.1443
073800 0.3658 0.4899 0.0000 0.1443
073850 0.3658 0.4899 0.0000 0.1443
073900 0.3658 0.4899 0.0000 0.1443
073950 0.3658 0.4899 0.0000 0.1443
074000 0.3658 0.4899 0.0000 0.1443
074050 0.3658 0.4899 0.0000 0.1443
074100 0.3658 0.4899 0.0000 0.1443
074150 0.3658 0.4899 0.0000 0.1443
074200 0.3658 0.4899 0.0000 0.1443
074250 0.3658 0.4899 0.0000 0.1443
074300 0.3658 0.4899 0.0000 0.1443
074350 0.3658 0.4899 0.0000 0.1443
074400 0.3658 0.4899 0.0000 0.1443
074450 0.3658 0.4899 0.0000 0.1443
074500 0.3658 0.4899 0.0000 0.1443
074550 0.3658 0.4899 0.0000 0.1443
074600 0.3658 0.4899 0.0000 0.1443
074650 0.3658 0.4899 0.0000 0.1443
074700 0.3658 0.4899 0.0000 0.1443
074750 0.3658 0.4899 0.0000 0.1443
074800 0.3658 0.4899 0.0000 0.1443
074850 0.3658 0.4899 0.0000 0.1443
074900 0.3658 0.4899 0.0000 0.1443
074950 0.3658 0.4899 0.0000 0.1443
075000 0.3658 0.4899 0.0000 0.1443
075050 0.3658 0.4899 0.0000 0.1443
075100 0.3658 0.4899 0.0000 0.1443
075150 0.3658 0.4899 0.0000 0.1443
075200 0.3658 0.4899 0.0000 0.1443
075250 0.3658 0.4899 0.0000 0.1443
075300 0.3658 0.4899 0.0000 0.1443
075350 0.3658 0.4899 0.0000 0.1443
075400 0.3658 0.4899 0.0000 0.1443
075450 0.3658 0.4899 0.0000 0.1443
075500 0.3658 0.4899 0.0000 0.1443
075550 0.3658 0.4899 0.0000 0.1443
075600 0.3658 0.4899 0.0000 0.1443
075650 0.3658 0.4899 0.0000 0.1443
075700 0.3658 0.4899 0.0000 0.1443
075750 0.3658 0.4899 0.0000 0.1443
075800 0.3658 0.4899 0.0000 0.1443
075850 0.3658 0.4899 0.0000 0.1443
075900 0.3658 0.4899 0.0000 0.1443
075950 0.3658 0.4899 0.0000 0.1443
076000 0.3658 0.4899 0.0000 0.1443
076050 0.3658 0.4899 0.0000 0.1443
076100 0.3658 0.4899 0.0000 0.1443
076150 0.3658 0.4899 0.0000 0.1443
076200 0.3658 0.4899 0.0000 0.1443
076250 0.3658 0.4899 0.0000 0.1443
076300 0.3658 0.4899 0.0000 0.1443
076350 0.3658 0.4899 0.0000 0.1443
076400 0.3658 0.4899 0.0000 0.1443
076450 0.3658 0.4899 0.0000 0.1443
076500 0.3658 0.4899 0.0000 0.1443
076550 0.3658 0.4899 0.0000 0.1443
076600 0.3658 0.4899 0.0000 0.1443
076650 0.3658 0.4899 0.0000 0.1443
076700 0.3658 0.4899 0.0000 0.1443
076750 0.3658 0.4899 0.0000 0.1443
076800 0.3658 0.4899 0.0000 0.1443
076850 0.3658 0.4899 0.0000 0.1443
076900 0.3658 0.4899 0.0000 0.1443
076950 0.3658 0.4899 0.0000 0.1443
077000 0.3658 0.4899 0.0000 0.1443
077050 0.3658 0.4899 0.0000 0.1443
077100 0.3658 0.4899 0.0000 0.1443
077150 0.3658 0.4899 0.0000 0.1443
077200 0.3658 0.4899 0.0000 0.1443
077250 0.3658 0.4899 0.0000 0.1443
077300 0.3658 0.4899 0.0000 0.1443
077350 0.3658 0.4899 0.0000 0.1443
077400 0.3658 0.4899 0.0000 0.1443
077450 0.3658 0.4899 0.0000 0.1443
077500 0.3658 0.4899 0.0000 0.1443
077550 0.3658 0.4899 0.0000 0.1443
077600 0.3658 0.4899 0.0000 0.1443
077650 0.3658 0.4899 0.0000 0.1443
077700 0.3658 0.4899 0.0000 0.1443
077750 0.3658 0.4899 0.0000 0.1443
077800 0.3658 0.4899 0.0000 0.1443
077850 0.3658 0.4899 0.0000 0.1443
077900 0.3658 0.4899 0.0000 0.1443
077950 0.3658 0.4899 0.0000 0.1443
078000 0.3658 0.4899 0.0000 0.1443
078050 0.3658 0.4899 0.0000 0.1443
078100 0.3658 0.4899 0.0000 0.1443
078150 0.3658 0.4899 0.0000 0.1443
078200 0.3658 0.4899 0.0000 0.1443
078250 0.3658 0.4899 0.0000 0.1443
078300 0.3658 0.4899 0.0000 0.1443
078350 0.3658 0.4899 0.0000 0.1443
078400 0.3658 0.4899 0.0000 0.1443
078450 0.3658 0.4899 0.0000 0.1443
078500 0.3658 0.4899 0.0000 0.1443
078550 0.3658 0.4899 0.0000 0.1443
078600 0.3658 0.4899 0.0000 0.1443
078650 0.3658 0.4899 0.0000 0.1443
078700 0.3658 0.4899 0.0000 0.1443
078750 0.3658 0.4899 0.0000 0.1443
078800 0.3658 0.4899 0.0000 0.1443
078850 0.3658 0.4899 0.0000 0.1443
078900 0.3658 0.4899 0.0000 0.1443
078950 0.3658 0.4899 0.0000 0.1443
079000 0.3658 0.4899 0.0000 0.1443
079050 0.3658 0.4899 0.0000 0.1443
079100 0.3658 0.4899 0.0000 0.1443
079150 0.3658 0.4899 0.0000 0.1443
079200 0.3658 0.4899 0.0000 0.1443
079250 0.3658 0.4899 0.0000 0.1443
079300 0.3658 0.4899 0.0000 0.1443
079350 0.3658 0.4899 0.0000 0.1443
079400 0.3658 0.4899 0.0000 0.1443
079450 0.3658 0.4899 0.0000 0.1443
079500 0.3658 0.4899 0.0000 0.1443
079550 0.3658 0.4899 0.0000 0.1443
079600 0.3658 0.4899 0.0000 0.1443
079650 0.3658 0.4899 0.0000 0.1443
079700 0.3658 0.4899 0.0000 0.1443
079750 0.3658 0.4899 0.0000 0.1443
079800 0.3658 0.4899 0.0000 0.1443
079850 0.3658 0.4899 0.0000 0.1443
079900 0.3658 0.4899 0.0000 0.1443
079950 0.3658 0.4899 0.0000 0.1443
080000 0.3658 0.4899 0.0000 0.1443
