000000 0.2500 0.2503 0.2497 0.2500
000020 0.0163 0.8011 0.0000 0.1826
000040 0.0063 0.8271 0.0000 0.1666
000060 0.0024 0.8364 0.0000 0.1612
000080 0.0011 0.8385 0.0000 0.1604
000100 0.0005 0.8397 0.0000 0.1598
000120 0.0002 0.8407 0.0000 0.1591
000140 0.0001 0.8418 0.0000 0.1581
000160 0.0001 0.8416 0.0000 0.1583
000180 0.0001 0.8416 0.0000 0.1584
000200 0.0000 0.8410 0.0000 0.1589
000220 0.0000 0.8419 0.0000 0.1581
000240 0.0000 0.8422 0.0000 0.1578
000260 0.0000 0.8414 0.0000 0.1586
000280 0.0000 0.8409 0.0000 0.1591
000300 0.0000 0.8416 0.0000 0.1585
000320 0.0000 0.8419 0.0000 0.1581
000340 0.0000 0.8419 0.0000 0.1581
000360 0.0000 0.8419 0.0000 0.1581
000380 0.0000 0.8413 0.0000 0.1587
000400 0.0000 0.8412 0.0000 0.1588
000420 0.0000 0.8414 0.0000 0.1586
000440 0.0000 0.8420 0.0000 0.1580
000460 0.0000 0.8411 0.0000 0.1589
000480 0.0000 0.8416 0.0000 0.1584
000500 0.0000 0.8415 0.0000 0.1585
000520 0.0000 0.8409 0.0000 0.1591
000540 0.0000 0.8423 0.0000 0.1577
000560 0.0000 0.8414 0.0000 0.1586
000580 0.0000 0.8417 0.0000 0.1583
000600 0.0000 0.8416 0.0000 0.1584
000620 0.0000 0.8417 0.0000 0.1583
000640 0.0000 0.8406 0.0000 0.1595
000660 0.0000 0.8409 0.0000 0.1591
000680 0.0000 0.8410 0.0000 0.1590
000700 0.0000 0.8414 0.0000 0.1586
000720 0.0000 0.8423 0.0000 0.1577
000740 0.0000 0.8407 0.0000 0.1593
000760 0.0000 0.8407 0.0000 0.1593
000780 0.0000 0.8410 0.0000 0.1590
000800 0.0000 0.8413 0.0000 0.1587
000820 0.0000 0.8402 0.0000 0.1598
000840 0.0000 0.8412 0.0000 0.1588
000860 0.0000 0.8408 0.0000 0.1592
000880 0.0000 0.8413 0.0000 0.1587
000900 0.0000 0.8418 0.0000 0.1582
000920 0.0000 0.8413 0.0000 0.1587
000940 0.0000 0.8423 0.0000 0.1577
000960 0.0000 0.8414 0.0000 0.1586
000980 0.0000 0.8417 0.0000 0.1583
001000 0.0000 0.8417 0.0000 0.1583
001020 0.0000 0.8423 0.0000 0.1577
001040 0.0000 0.8412 0.0000 0.1588
001060 0.0000 0.8410 0.0000 0.1590
001080 0.0000 0.8416 0.0000 0.1584
001100 0.0000 0.8418 0.0000 0.1582
001120 0.0000 0.8407 0.0000 0.1593
001140 0.0000 0.8414 0.0000 0.1586
001160 0.0000 0.8416 0.0000 0.1584
001180 0.0000 0.8404 0.0000 0.1596
001200 0.0000 0.8415 0.0000 0.1585
001220 0.0000 0.8410 0.0000 0.1590
001240 0.0000 0.8409 0.0000 0.1591
001260 0.0000 0.8415 0.0000 0.1585
001280 0.0000 0.8414 0.0000 0.1586
001300 0.0000 0.8411 0.0000 0.1589
001320 0.0000 0.8419 0.0000 0.1581
001340 0.0000 0.8412 0.0000 0.1588
001360 0.0000 0.8412 0.0000 0.1588
001380 0.0000 0.8416 0.0000 0.1584
001400 0.0000 0.8412 0.0000 0.1588
001420 0.0000 0.8406 0.0000 0.1594
001440 0.0000 0.8415 0.0000 0.1585
001460 0.0000 0.8414 0.0000 0.1586
001480 0.0000 0.8415 0.0000 0.1585
001500 0.0000 0.8414 0.0000 0.1586
001520 0.0000 0.8419 0.0000 0.1581
001540 0.0000 0.8417 0.0000 0.1583
001560 0.0000 0.8406 0.0000 0.1594
001580 0.0000 0.8412 0.0000 0.1588
001600 0.0000 0.8414 0.0000 0.1586
001620 0.0000 0.8415 0.0000 0.1585
001640 0.0000 0.8408 0.0000 0.1592
001660 0.0000 0.8423 0.0000 0.1577
001680 0.0000 0.8419 0.0000 0.1581
001700 0.0000 0.8416 0.0000 0.1584
001720 0.0000 0.8413 0.0000 0.1587
001740 0.0000 0.8420 0.0000 0.1580
001760 0.0000 0.8418 0.0000 0.1582
001780 0.0000 0.8416 0.0000 0.1584
001800 0.0000 0.8418 0.0000 0.1582
001820 0.0000 0.8409 0.0000 0.1591
001840 0.0000 0.8413 0.0000 0.1587
001860 0.0000 0.8405 0.0000 0.1595
001880 0.0000 0.8410 0.0000 0.1590
001900 0.0000 0.8411 0.0000 0.1589
001920 0.0000 0.8405 0.0000 0.1595
001940 0.0000 0.8409 0.0000 0.1591
001960 0.0000 0.8408 0.0000 0.1592
001980 0.0000 0.8411 0.0000 0.1589
002000 0.0000 0.8411 0.0000 0.1589
002020 0.0000 0.8419 0.0000 0.1581
002040 0.0000 0.8417 0.0000 0.1583
002060 0.0000 0.8421 0.0000 0.1579
002080 0.0000 0.8414 0.0000 0.1586
002100 0.0000 0.8403 0.0000 0.1597
002120 0.0000 0.8406 0.0000 0.1594
002140 0.0000 0.8407 0.0000 0.1593
002160 0.0000 0.8408 0.0000 0.1592
002180 0.0000 0.8408 0.0000 0.1592
002200 0.0000 0.8417 0.0000 0.1583
002220 0.0000 0.8416 0.0000 0.1584
002240 0.0000 0.8421 0.0000 0.1579
002260 0.0000 0.8413 0.0000 0.1587
002280 0.0000 0.8415 0.0000 0.1585
002300 0.0000 0.8403 0.0000 0.1597
002320 0.0000 0.8412 0.0000 0.1588
002340 0.0000 0.8414 0.0000 0.1586
002360 0.0000 0.8412 0.0000 0.1588
002380 0.0000 0.8414 0.0000 0.1586
002400 0.0000 0.8414 0.0000 0.1586
002420 0.0000 0.8413 0.0000 0.1587
002440 0.0000 0.8415 0.0000 0.1585
002460 0.0000 0.8413 0.0000 0.1587
002480 0.0000 0.8413 0.0000 0.1587
002500 0.0000 0.8412 0.0000 0.1588
002520 0.0000 0.8417 0.0000 0.1583
002540 0.0000 0.8415 0.0000 0.1585
002560 0.0000 0.8416 0.0000 0.1584
002580 0.0000 0.8411 0.0000 0.1588
002600 0.0000 0.8413 0.0000 0.1587
002620 0.0000 0.8406 0.0000 0.1594
002640 0.0000 0.8417 0.0000 0.1583
002660 0.0000 0.8415 0.0000 0.1585
002680 0.0000 0.8422 0.0000 0.1578
002700 0.0000 0.8416 0.0000 0.1584
002720 0.0000 0.8413 0.0000 0.1587
002740 0.0000 0.8412 0.0000 0.1588
002760 0.0000 0.8417 0.0000 0.1583
002780 0.0000 0.8419 0.0000 0.1581
002800 0.0000 0.8414 0.0000 0.1586
002820 0.0000 0.8409 0.0000 0.1591
002840 0.0000 0.8411 0.0000 0.1589
002860 0.0000 0.8411 0.0000 0.1589
002880 0.0000 0.8408 0.0000 0.1592
002900 0.0000 0.8416 0.0000 0.1584
002920 0.0000 0.8406 0.0000 0.1594
002940 0.0000 0.8411 0.0000 0.1589
002960 0.0000 0.8415 0.0000 0.1585
002980 0.0000 0.8416 0.0000 0.1584
003000 0.0000 0.8406 0.0000 0.1594
003020 0.0000 0.8411 0.0000 0.1589
003040 0.0000 0.8405 0.0000 0.1595
003060 0.0000 0.8409 0.0000 0.1591
003080 0.0000 0.8407 0.0000 0.1593
003100 0.0000 0.8411 0.0000 0.1589
003120 0.0000 0.8405 0.0000 0.1595
003140 0.0000 0.8404 0.0000 0.1596
003160 0.0000 0.8415 0.0000 0.1585
003180 0.0000 0.8416 0.0000 0.1584
003200 0.0000 0.8410 0.0000 0.1590
003220 0.0000 0.8418 0.0000 0.1582
003240 0.0000 0.8414 0.0000 0.1586
003260 0.0000 0.8415 0.0000 0.1585
003280 0.0000 0.8415 0.0000 0.1585
003300 0.0000 0.8406 0.0000 0.1594
003320 0.0000 0.8413 0.0000 0.1587
003340 0.0000 0.8410 0.0000 0.1590
003360 0.0000 0.8415 0.0000 0.1585
003380 0.0000 0.8418 0.0000 0.1582
003400 0.0000 0.8412 0.0000 0.1588
003420 0.0000 0.8417 0.0000 0.1583
003440 0.0000 0.8399 0.0000 0.1601
003460 0.0000 0.8413 0.0000 0.1587
003480 0.0000 0.8411 0.0000 0.1589
003500 0.0000 0.8422 0.0000 0.1578
003520 0.0000 0.8414 0.0000 0.1586
003540 0.0000 0.8416 0.0000 0.1584
003560 0.0000 0.8418 0.0000 0.1582
003580 0.0000 0.8410 0.0000 0.1590
003600 0.0000 0.8414 0.0000 0.1586
003620 0.0000 0.8415 0.0000 0.1585
003640 0.0000 0.8416 0.0000 0.1584
003660 0.0000 0.8412 0.0000 0.1588
003680 0.0000 0.8410 0.0000 0.1590
003700 0.0000 0.8405 0.0000 0.1595
003720 0.0000 0.8414 0.0000 0.1586
003740 0.0000 0.8413 0.0000 0.1587
003760 0.0000 0.8404 0.0000 0.1596
003780 0.0000 0.8398 0.0000 0.1602
003800 0.0000 0.8411 0.0000 0.1589
003820 0.0000 0.8422 0.0000 0.1578
003840 0.0000 0.8413 0.0000 0.1587
003860 0.0000 0.8424 0.0000 0.1576
003880 0.0000 0.8412 0.0000 0.1588
003900 0.0000 0.8412 0.0000 0.1588
003920 0.0000 0.8409 0.0000 0.1591
003940 0.0000 0.8411 0.0000 0.1589
003960 0.0000 0.8416 0.0000 0.1584
003980 0.0000 0.8409 0.0000 0.1591
004000 0.0000 0.8410 0.0000 0.1590
004020 0.0000 0.8416 0.0000 0.1584
004040 0.0000 0.8410 0.0000 0.1590
004060 0.0000 0.8411 0.0000 0.1589
004080 0.0000 0.8420 0.0000 0.1580
004100 0.0000 0.8421 0.0000 0.1579
004120 0.0000 0.8413 0.0000 0.1587
004140 0.0000 0.8412 0.0000 0.1588
004160 0.0000 0.8414 0.0000 0.1586
004180 0.0000 0.8415 0.0000 0.1585
004200 0.0000 0.8422 0.0000 0.1578
004220 0.0000 0.8400 0.0000 0.1600
004240 0.0000 0.8417 0.0000 0.1583
004260 0.0000 0.8418 0.0000 0.1582
004280 0.0000 0.8408 0.0000 0.1592
004300 0.0000 0.8416 0.0000 0.1584
004320 0.0000 0.8402 0.0000 0.1598
004340 0.0000 0.8415 0.0000 0.1585
004360 0.0000 0.8413 0.0000 0.1587
004380 0.0000 0.8408 0.0000 0.1592
004400 0.0000 0.8406 0.0000 0.1594
004420 0.0000 0.8416 0.0000 0.1584
004440 0.0000 0.8424 0.0000 0.1576
004460 0.0000 0.8413 0.0000 0.1587
004480 0.0000 0.8415 0.0000 0.1585
004500 0.0000 0.8422 0.0000 0.1578
004520 0.0000 0.8429 0.0000 0.1571
004540 0.0000 0.8409 0.0000 0.1591
004560 0.0000 0.8420 0.0000 0.1580
004580 0.0000 0.8413 0.0000 0.1587
004600 0.0000 0.8417 0.0000 0.1583
004620 0.0000 0.8418 0.0000 0.1582
004640 0.0000 0.8409 0.0000 0.1591
004660 0.0000 0.8411 0.0000 0.1589
004680 0.0000 0.8401 0.0000 0.1599
004700 0.0000 0.8415 0.0000 0.1585
004720 0.0000 0.8409 0.0000 0.1591
004740 0.0000 0.8413 0.0000 0.1587
004760 0.0000 0.8403 0.0000 0.1597
004780 0.0000 0.8416 0.0000 0.1584
004800 0.0000 0.8412 0.0000 0.1588
004820 0.0000 0.8417 0.0000 0.1583
004840 0.0000 0.8416 0.0000 0.1584
004860 0.0000 0.8410 0.0000 0.1590
004880 0.0000 0.8407 0.0000 0.1593
004900 0.0000 0.8417 0.0000 0.1583
004920 0.0000 0.8418 0.0000 0.1582
004940 0.0000 0.8419 0.0000 0.1581
004960 0.0000 0.8415 0.0000 0.1585
004980 0.0000 0.8420 0.0000 0.1580
005000 0.0000 0.8416 0.0000 0.1584
005020 0.0000 0.8407 0.0000 0.1593
005040 0.0000 0.8416 0.0000 0.1584
005060 0.0000 0.8403 0.0000 0.1597
005080 0.0000 0.8413 0.0000 0.1587
005100 0.0000 0.8417 0.0000 0.1583
005120 0.0000 0.8413 0.0000 0.1587
005140 0.0000 0.8407 0.0000 0.1593
005160 0.0000 0.8410 0.0000 0.1590
005180 0.0000 0.8419 0.0000 0.1581
005200 0.0000 0.8409 0.0000 0.1591
005220 0.0000 0.8408 0.0000 0.1592
005240 0.0000 0.8403 0.0000 0.1597
005260 0.0000 0.8402 0.0000 0.1598
005280 0.0000 0.8416 0.0000 0.1584
005300 0.0000 0.8409 0.0000 0.1591
005320 0.0000 0.8408 0.0000 0.1592
005340 0.0000 0.8407 0.0000 0.1593
005360 0.0000 0.8408 0.0000 0.1592
005380 0.0000 0.8410 0.0000 0.1590
005400 0.0000 0.8417 0.0000 0.1583
005420 0.0000 0.8414 0.0000 0.1586
005440 0.0000 0.8419 0.0000 0.1581
005460 0.0000 0.8409 0.0000 0.1591
005480 0.0000 0.8411 0.0000 0.1589
005500 0.0000 0.8410 0.0000 0.1590
005520 0.0000 0.8412 0.0000 0.1588
005540 0.0000 0.8410 0.0000 0.1590
005560 0.0000 0.8423 0.0000 0.1577
005580 0.0000 0.8412 0.0000 0.1588
005600 0.0000 0.8418 0.0000 0.1582
005620 0.0000 0.8413 0.0000 0.1587
005640 0.0000 0.8426 0.0000 0.1574
005660 0.0000 0.8412 0.0000 0.1588
005680 0.0000 0.8417 0.0000 0.1583
005700 0.0000 0.8409 0.0000 0.1591
005720 0.0000 0.8406 0.0000 0.1594
005740 0.0000 0.8414 0.0000 0.1586
005760 0.0000 0.8414 0.0000 0.1586
005780 0.0000 0.8409 0.0000 0.1591
005800 0.0000 0.8421 0.0000 0.1579
005820 0.0000 0.8416 0.0000 0.1584
005840 0.0000 0.8412 0.0000 0.1588
005860 0.0000 0.8418 0.0000 0.1582
005880 0.0000 0.8417 0.0000 0.1583
005900 0.0000 0.8408 0.0000 0.1592
005920 0.0000 0.8415 0.0000 0.1585
005940 0.0000 0.8408 0.0000 0.1592
005960 0.0000 0.8414 0.0000 0.1586
005980 0.0000 0.8410 0.0000 0.1590
006000 0.0000 0.8418 0.0000 0.1582
006020 0.0000 0.8413 0.0000 0.1587
006040 0.0000 0.8410 0.0000 0.1590
006060 0.0000 0.8413 0.0000 0.1587
006080 0.0000 0.8414 0.0000 0.1587
006100 0.0000 0.8413 0.0000 0.1587
006120 0.0000 0.8421 0.0000 0.1579
006140 0.0000 0.8406 0.0000 0.1594
006160 0.0000 0.8409 0.0000 0.1591
006180 0.0000 0.8409 0.0000 0.1591
006200 0.0000 0.8414 0.0000 0.1586
006220 0.0000 0.8411 0.0000 0.1589
006240 0.0000 0.8417 0.0000 0.1583
006260 0.0000 0.8411 0.0000 0.1589
006280 0.0000 0.8419 0.0000 0.1581
006300 0.0000 0.8417 0.0000 0.1583
006320 0.0000 0.8407 0.0000 0.1593
006340 0.0000 0.8417 0.0000 0.1583
006360 0.0000 0.8410 0.0000 0.1590
006380 0.0000 0.8406 0.0000 0.1594
006400 0.0000 0.8414 0.0000 0.1586
006420 0.0000 0.8418 0.0000 0.1582
006440 0.0000 0.8416 0.0000 0.1584
006460 0.0000 0.8415 0.0000 0.1585
006480 0.0000 0.8413 0.0000 0.1587
006500 0.0000 0.8412 0.0000 0.1588
006520 0.0000 0.8412 0.0000 0.1588
006540 0.0000 0.8414 0.0000 0.1586
006560 0.0000 0.8413 0.0000 0.1587
006580 0.0000 0.8417 0.0000 0.1583
006600 0.0000 0.8425 0.0000 0.1575
006620 0.0000 0.8419 0.0000 0.1581
006640 0.0000 0.8408 0.0000 0.1592
006660 0.0000 0.8406 0.0000 0.1594
006680 0.0000 0.8415 0.0000 0.1585
006700 0.0000 0.8422 0.0000 0.1578
006720 0.0000 0.8405 0.0000 0.1595
006740 0.0000 0.8407 0.0000 0.1593
006760 0.0000 0.8419 0.0000 0.1581
006780 0.0000 0.8416 0.0000 0.1584
006800 0.0000 0.8409 0.0000 0.1591
006820 0.0000 0.8416 0.0000 0.1584
006840 0.0000 0.8419 0.0000 0.1581
006860 0.0000 0.8417 0.0000 0.1583
006880 0.0000 0.8413 0.0000 0.1587
006900 0.0000 0.8417 0.0000 0.1583
006920 0.0000 0.8416 0.0000 0.1584
006940 0.0000 0.8414 0.0000 0.1586
006960 0.0000 0.8413 0.0000 0.1587
006980 0.0000 0.8415 0.0000 0.1585
007000 0.0000 0.8412 0.0000 0.1588
007020 0.0000 0.8408 0.0000 0.1592
007040 0.0000 0.8408 0.0000 0.1592
007060 0.0000 0.8414 0.0000 0.1586
007080 0.0000 0.8415 0.0000 0.1585
007100 0.0000 0.8410 0.0000 0.1590
007120 0.0000 0.8410 0.0000 0.1590
007140 0.0000 0.8405 0.0000 0.1595
007160 0.0000 0.8409 0.0000 0.1591
007180 0.0000 0.8410 0.0000 0.1590
007200 0.0000 0.8415 0.0000 0.1585
007220 0.0000 0.8411 0.0000 0.1589
007240 0.0000 0.8416 0.0000 0.1584
007260 0.0000 0.8408 0.0000 0.1592
007280 0.0000 0.8417 0.0000 0.1583
007300 0.0000 0.8407 0.0000 0.1593
007320 0.0000 0.8411 0.0000 0.1589
007340 0.0000 0.8405 0.0000 0.1595
007360 0.0000 0.8404 0.0000 0.1596
007380 0.0000 0.8406 0.0000 0.1594
007400 0.0000 0.8414 0.0000 0.1586
007420 0.0000 0.8412 0.0000 0.1588
007440 0.0000 0.8423 0.0000 0.1577
007460 0.0000 0.8417 0.0000 0.1583
007480 0.0000 0.8408 0.0000 0.1592
007500 0.0000 0.8415 0.0000 0.1585
007520 0.0000 0.8412 0.0000 0.1588
007540 0.0000 0.8422 0.0000 0.1578
007560 0.0000 0.8415 0.0000 0.1585
007580 0.0000 0.8421 0.0000 0.1579
007600 0.0000 0.8415 0.0000 0.1585
007620 0.0000 0.8407 0.0000 0.1593
007640 0.0000 0.8408 0.0000 0.1592
007660 0.0000 0.8415 0.0000 0.1585
007680 0.0000 0.8415 0.0000 0.1585
007700 0.0000 0.8417 0.0000 0.1583
007720 0.0000 0.8407 0.0000 0.1593
007740 0.0000 0.8415 0.0000 0.1585
007760 0.0000 0.8412 0.0000 0.1588
007780 0.0000 0.8411 0.0000 0.1589
007800 0.0000 0.8420 0.0000 0.1580
007820 0.0000 0.8421 0.0000 0.1579
007840 0.0000 0.8423 0.0000 0.1577
007860 0.0000 0.8411 0.0000 0.1589
007880 0.0000 0.8411 0.0000 0.1589
007900 0.0000 0.8416 0.0000 0.1584
007920 0.0000 0.8412 0.0000 0.1588
007940 0.0000 0.8415 0.0000 0.1585
007960 0.0000 0.8421 0.0000 0.1579
007980 0.0000 0.8410 0.0000 0.1590
008000 0.0000 0.8419 0.0000 0.1581
008020 0.0000 0.8399 0.0000 0.1601
008040 0.0000 0.8410 0.0000 0.1590
008060 0.0000 0.8415 0.0000 0.1585
008080 0.0000 0.8413 0.0000 0.1587
008100 0.0000 0.8416 0.0000 0.1584
008120 0.0000 0.8413 0.0000 0.1587
008140 0.0000 0.8416 0.0000 0.1584
008160 0.0000 0.8418 0.0000 0.1582
008180 0.0000 0.8424 0.0000 0.1576
008200 0.0000 0.8418 0.0000 0.1582
008220 0.0000 0.8415 0.0000 0.1585
008240 0.0000 0.8418 0.0000 0.1582
008260 0.0000 0.8414 0.0000 0.1586
008280 0.0000 0.8407 0.0000 0.1593
008300 0.0000 0.8414 0.0000 0.1586
008320 0.0000 0.8404 0.0000 0.1596
008340 0.0000 0.8415 0.0000 0.1585
008360 0.0000 0.8421 0.0000 0.1579
008380 0.0000 0.8422 0.0000 0.1578
008400 0.0000 0.8418 0.0000 0.1582
008420 0.0000 0.8404 0.0000 0.1596
008440 0.0000 0.8414 0.0000 0.1586
008460 0.0000 0.8413 0.0000 0.1587
008480 0.0000 0.8411 0.0000 0.1589
008500 0.0000 0.8412 0.0000 0.1588
008520 0.0000 0.8408 0.0000 0.1592
008540 0.0000 0.8407 0.0000 0.1593
008560 0.0000 0.8425 0.0000 0.1575
008580 0.0000 0.8421 0.0000 0.1579
008600 0.0000 0.8417 0.0000 0.1583
008620 0.0000 0.8414 0.0000 0.1586
008640 0.0000 0.8424 0.0000 0.1576
008660 0.0000 0.8414 0.0000 0.1586
008680 0.0000 0.8409 0.0000 0.1591
008700 0.0000 0.8407 0.0000 0.1593
008720 0.0000 0.8413 0.0000 0.1587
008740 0.0000 0.8417 0.0000 0.1583
008760 0.0000 0.8419 0.0000 0.1581
008780 0.0000 0.8411 0.0000 0.1589
008800 0.0000 0.8415 0.0000 0.1585
008820 0.0000 0.8412 0.0000 0.1588
008840 0.0000 0.8403 0.0000 0.1597
008860 0.0000 0.8411 0.0000 0.1589
008880 0.0000 0.8413 0.0000 0.1587
008900 0.0000 0.8409 0.0000 0.1591
008920 0.0000 0.8412 0.0000 0.1588
008940 0.0000 0.8414 0.0000 0.1586
008960 0.0000 0.8415 0.0000 0.1585
008980 0.0000 0.8411 0.0000 0.1589
009000 0.0000 0.8412 0.0000 0.1588
009020 0.0000 0.8409 0.0000 0.1591
009040 0.0000 0.8414 0.0000 0.1586
009060 0.0000 0.8420 0.0000 0.1580
009080 0.0000 0.8411 0.0000 0.1589
009100 0.0000 0.8406 0.0000 0.1594
009120 0.0000 0.8411 0.0000 0.1589
009140 0.0000 0.8416 0.0000 0.1584
009160 0.0000 0.8414 0.0000 0.1586
009180 0.0000 0.8415 0.0000 0.1585
009200 0.0000 0.8421 0.0000 0.1579
009220 0.0000 0.8420 0.0000 0.1580
009240 0.0000 0.8419 0.0000 0.1581
009260 0.0000 0.8423 0.0000 0.1577
009280 0.0000 0.8418 0.0000 0.1582
009300 0.0000 0.8413 0.0000 0.1587
009320 0.0000 0.8404 0.0000 0.1596
009340 0.0000 0.8416 0.0000 0.1584
009360 0.0000 0.8413 0.0000 0.1587
009380 0.0000 0.8411 0.0000 0.1589
009400 0.0000 0.8417 0.0000 0.1583
009420 0.0000 0.8411 0.0000 0.1589
009440 0.0000 0.8407 0.0000 0.1593
009460 0.0000 0.8423 0.0000 0.1577
009480 0.0000 0.8411 0.0000 0.1589
009500 0.0000 0.8416 0.0000 0.1584
009520 0.0000 0.8405 0.0000 0.1595
009540 0.0000 0.8413 0.0000 0.1587
009560 0.0000 0.8411 0.0000 0.1589
009580 0.0000 0.8415 0.0000 0.1585
009600 0.0000 0.8411 0.0000 0.1589
009620 0.0000 0.8408 0.0000 0.1592
009640 0.0000 0.8406 0.0000 0.1594
009660 0.0000 0.8423 0.0000 0.1577
009680 0.0000 0.8417 0.0000 0.1583
009700 0.0000 0.8413 0.0000 0.1587
009720 0.0000 0.8411 0.0000 0.1589
009740 0.0000 0.8405 0.0000 0.1595
009760 0.0000 0.8409 0.0000 0.1591
009780 0.0000 0.8407 0.0000 0.1593
009800 0.0000 0.8411 0.0000 0.1589
009820 0.0000 0.8413 0.0000 0.1587
009840 0.0000 0.8411 0.0000 0.1589
009860 0.0000 0.8405 0.0000 0.1595
009880 0.0000 0.8410 0.0000 0.1590
009900 0.0000 0.8412 0.0000 0.1588
009920 0.0000 0.8406 0.0000 0.1594
009940 0.0000 0.8408 0.0000 0.1592
009960 0.0000 0.8407 0.0000 0.1593
009980 0.0000 0.8416 0.0000 0.1584
010000 0.0000 0.8409 0.0000 0.1591
010020 0.0000 0.8405 0.0000 0.1595
010040 0.0000 0.8405 0.0000 0.1595
010060 0.0000 0.8405 0.0000 0.1595
010080 0.0000 0.8405 0.0000 0.1595
010100 0.0000 0.8405 0.0000 0.1595
010120 0.0000 0.8405 0.0000 0.1595
010140 0.0000 0.8405 0.0000 0.1595
010160 0.0000 0.8405 0.0000 0.1595
010180 0.0000 0.8405 0.0000 0.1595
010200 0.0000 0.8405 0.0000 0.1595
010220 0.0000 0.8405 0.0000 0.1595
010240 0.0000 0.8405 0.0000 0.1595
010260 0.0000 0.8405 0.0000 0.1595
010280 0.0000 0.8405 0.0000 0.1595
010300 0.0000 0.8405 0.0000 0.1595
010320 0.0000 0.8405 0.0000 0.1595
010340 0.0000 0.8405 0.0000 0.1595
010360 0.0000 0.8405 0.0000 0.1595
010380 0.0000 0.8405 0.0000 0.1595
010400 0.0000 0.8405 0.0000 0.1595
010420 0.0000 0.8405 0.0000 0.1595
010440 0.0000 0.8405 0.0000 0.1595
010460 0.0000 0.8405 0.0000 0.1595
010480 0.0000 0.8405 0.0000 0.1595
010500 0.0000 0.8405 0.0000 0.1595
010520 0.0000 0.8405 0.0000 0.1595
010540 0.0000 0.8405 0.0000 0.1595
010560 0.0000 0.8405 0.0000 0.1595
010580 0.0000 0.8405 0.0000 0.1595
010600 0.0000 0.8405 0.0000 0.1595
010620 0.0000 0.8405 0.0000 0.1595
010640 0.0000 0.8405 0.0000 0.1595
010660 0.0000 0.8405 0.0000 0.1595
010680 0.0000 0.8405 0.0000 0.1595
010700 0.0000 0.8405 0.0000 0.1595
010720 0.0000 0.8405 0.0000 0.1595
010740 0.0000 0.8405 0.0000 0.1595
010760 0.0000 0.8405 0.0000 0.1595
010780 0.0000 0.8405 0.0000 0.1595
010800 0.0000 0.8405 0.0000 0.1595
010820 0.0000 0.8405 0.0000 0.1595
010840 0.0000 0.8405 0.0000 0.1595
010860 0.0000 0.8405 0.0000 0.1595
010880 0.0000 0.8405 0.0000 0.1595
010900 0.0000 0.8405 0.0000 0.1595
010920 0.0000 0.8405 0.0000 0.1595
010940 0.0000 0.8405 0.0000 0.1595
010960 0.0000 0.8405 0.0000 0.1595
010980 0.0000 0.8405 0.0000 0.1595
011000 0.0000 0.8405 0.0000 0.1595
011020 0.0000 0.8405 0.0000 0.1595
011040 0.0000 0.8405 0.0000 0.1595
011060 0.0000 0.8405 0.0000 0.1595
011080 0.0000 0.8405 0.0000 0.1595
011100 0.0000 0.8405 0.0000 0.1595
011120 0.0000 0.8405 0.0000 0.1595
011140 0.0000 0.8405 0.0000 0.1595
011160 0.0000 0.8405 0.0000 0.1595
011180 0.0000 0.8405 0.0000 0.1595
011200 0.0000 0.8405 0.0000 0.1595
011220 0.0000 0.8405 0.0000 0.1595
011240 0.0000 0.8405 0.0000 0.1595
011260 0.0000 0.8405 0.0000 0.1595
011280 0.0000 0.8405 0.0000 0.1595
011300 0.0000 0.8405 0.0000 0.1595
011320 0.0000 0.8405 0.0000 0.1595
011340 0.0000 0.8405 0.0000 0.1595
011360 0.0000 0.8405 0.0000 0.1595
011380 0.0000 0.8405 0.0000 0.1595
011400 0.0000 0.8405 0.0000 0.1595
011420 0.0000 0.8405 0.0000 0.1595
011440 0.0000 0.8405 0.0000 0.1595
011460 0.0000 0.8405 0.0000 0.1595
011480 0.0000 0.8405 0.0000 0.1595
011500 0.0000 0.8405 0.0000 0.1595
011520 0.0000 0.8405 0.0000 0.1595
011540 0.0000 0.8405 0.0000 0.1595
011560 0.0000 0.8405 0.0000 0.1595
011580 0.0000 0.8405 0.0000 0.1595
011600 0.0000 0.8405 0.0000 0.1595
011620 0.0000 0.8405 0.0000 0.1595
011640 0.0000 0.8405 0.0000 0.1595
011660 0.0000 0.8405 0.0000 0.1595
011680 0.0000 0.8405 0.0000 0.1595
011700 0.0000 0.8405 0.0000 0.1595
011720 0.0000 0.8405 0.0000 0.1595
011740 0.0000 0.8405 0.0000 0.1595
011760 0.0000 0.8405 0.0000 0.1595
011780 0.0000 0.8405 0.0000 0.1595
011800 0.0000 0.8405 0.0000 0.1595
011820 0.0000 0.8405 0.0000 0.1595
011840 0.0000 0.8405 0.0000 0.1595
011860 0.0000 0.8405 0.0000 0.1595
011880 0.0000 0.8405 0.0000 0.1595
011900 0.0000 0.8405 0.0000 0.1595
011920 0.0000 0.8405 0.0000 0.1595
011940 0.0000 0.8405 0.0000 0.1595
011960 0.0000 0.8405 0.0000 0.1595
011980 0.0000 0.8405 0.0000 0.1595
012000 0.0000 0.8405 0.0000 0.1595
012020 0.0000 0.8405 0.0000 0.1595
012040 0.0000 0.8405 0.0000 0.1595
012060 0.0000 0.8405 0.0000 0.1595
012080 0.0000 0.8405 0.0000 0.1595
012100 0.0000 0.8405 0.0000 0.1595
012120 0.0000 0.8405 0.0000 0.1595
012140 0.0000 0.8405 0.0000 0.1595
012160 0.0000 0.8405 0.0000 0.1595
012180 0.0000 0.8405 0.0000 0.1595
012200 0.0000 0.8405 0.0000 0.1595
012220 0.0000 0.8405 0.0000 0.1595
012240 0.0000 0.8405 0.0000 0.1595
012260 0.0000 0.8405 0.0000 0.1595
012280 0.0000 0.8405 0.0000 0.1595
012300 0.0000 0.8405 0.0000 0.1595
012320 0.0000 0.8405 0.0000 0.1595
012340 0.0000 0.8405 0.0000 0.1595
012360 0.0000 0.8405 0.0000 0.1595
012380 0.0000 0.8405 0.0000 0.1595
012400 0.0000 0.8405 0.0000 0.1595
012420 0.0000 0.8405 0.0000 0.1595
012440 0.0000 0.8405 0.0000 0.1595
012460 0.0000 0.8405 0.0000 0.1595
012480 0.0000 0.8405 0.0000 0.1595
012500 0.0000 0.8405 0.0000 0.1595
012520 0.0000 0.8405 0.0000 0.1595
012540 0.0000 0.8405 0.0000 0.1595
012560 0.0000 0.8405 0.0000 0.1595
012580 0.0000 0.8405 0.0000 0.1595
012600 0.0000 0.8405 0.0000 0.1595
012620 0.0000 0.8405 0.0000 0.1595
012640 0.0000 0.8405 0.0000 0.1595
012660 0.0000 0.8405 0.0000 0.1595
012680 0.0000 0.8405 0.0000 0.1595
012700 0.0000 0.8405 0.0000 0.1595
012720 0.0000 0.8405 0.0000 0.1595
012740 0.0000 0.8405 0.0000 0.1595
012760 0.0000 0.8405 0.0000 0.1595
012780 0.0000 0.8405 0.0000 0.1595
012800 0.0000 0.8405 0.0000 0.1595
012820 0.0000 0.8405 0.0000 0.1595
012840 0.0000 0.8405 0.0000 0.1595
012860 0.0000 0.8405 0.0000 0.1595
012880 0.0000 0.8405 0.0000 0.1595
012900 0.0000 0.8405 0.0000 0.1595
012920 0.0000 0.8405 0.0000 0.1595
012940 0.0000 0.8405 0.0000 0.1595
012960 0.0000 0.8405 0.0000 0.1595
012980 0.0000 0.8405 0.0000 0.1595
013000 0.0000 0.8405 0.0000 0.1595
013020 0.0000 0.8405 0.0000 0.1595
013040 0.0000 0.8405 0.0000 0.1595
013060 0.0000 0.8405 0.0000 0.1595
013080 0.0000 0.8405 0.0000 0.1595
013100 0.0000 0.8405 0.0000 0.1595
013120 0.0000 0.8405 0.0000 0.1595
013140 0.0000 0.8405 0.0000 0.1595
013160 0.0000 0.8405 0.0000 0.1595
013180 0.0000 0.8405 0.0000 0.1595
013200 0.0000 0.8405 0.0000 0.1595
013220 0.0000 0.8405 0.0000 0.1595
013240 0.0000 0.8405 0.0000 0.1595
013260 0.0000 0.8405 0.0000 0.1595
013280 0.0000 0.8405 0.0000 0.1595
013300 0.0000 0.8405 0.0000 0.1595
013320 0.0000 0.8405 0.0000 0.1595
013340 0.0000 0.8405 0.0000 0.1595
013360 0.0000 0.8405 0.0000 0.1595
013380 0.0000 0.8405 0.0000 0.1595
013400 0.0000 0.8405 0.0000 0.1595
013420 0.0000 0.8405 0.0000 0.1595
013440 0.0000 0.8405 0.0000 0.1595
013460 0.0000 0.8405 0.0000 0.1595
013480 0.0000 0.8405 0.0000 0.1595
013500 0.0000 0.8405 0.0000 0.1595
013520 0.0000 0.8405 0.0000 0.1595
013540 0.0000 0.8405 0.0000 0.1595
013560 0.0000 0.8405 0.0000 0.1595
013580 0.0000 0.8405 0.0000 0.1595
013600 0.0000 0.8405 0.0000 0.1595
013620 0.0000 0.8405 0.0000 0.1595
013640 0.0000 0.8405 0.0000 0.1595
013660 0.0000 0.8405 0.0000 0.1595
013680 0.0000 0.8405 0.0000 0.1595
013700 0.0000 0.8405 0.0000 0.1595
013720 0.0000 0.8405 0.0000 0.1595
013740 0.0000 0.8405 0.0000 0.1595
013760 0.0000 0.8405 0.0000 0.1595
013780 0.0000 0.8405 0.0000 0.1595
013800 0.0000 0.8405 0.0000 0.1595
013820 0.0000 0.8405 0.0000 0.1595
013840 0.0000 0.8405 0.0000 0.1595
013860 0.0000 0.8405 0.0000 0.1595
013880 0.0000 0.8405 0.0000 0.1595
013900 0.0000 0.8405 0.0000 0.1595
013920 0.0000 0.8405 0.0000 0.1595
013940 0.0000 0.8405 0.0000 0.1595
013960 0.0000 0.8405 0.0000 0.1595
013980 0.0000 0.8405 0.0000 0.1595
014000 0.0000 0.8405 0.0000 0.1595
014020 0.0000 0.8405 0.0000 0.1595
014040 0.0000 0.8405 0.0000 0.1595
014060 0.0000 0.8405 0.0000 0.1595
014080 0.0000 0.8405 0.0000 0.1595
014100 0.0000 0.8405 0.0000 0.1595
014120 0.0000 0.8405 0.0000 0.1595
014140 0.0000 0.8405 0.0000 0.1595
014160 0.0000 0.8405 0.0000 0.1595
014180 0.0000 0.8405 0.0000 0.1595
014200 0.0000 0.8405 0.0000 0.1595
014220 0.0000 0.8405 0.0000 0.1595
014240 0.0000 0.8405 0.0000 0.1595
014260 0.0000 0.8405 0.0000 0.1595
014280 0.0000 0.8405 0.0000 0.1595
014300 0.0000 0.8405 0.0000 0.1595
014320 0.0000 0.8405 0.0000 0.1595
014340 0.0000 0.8405 0.0000 0.1595
014360 0.0000 0.8405 0.0000 0.1595
014380 0.0000 0.8405 0.0000 0.1595
014400 0.0000 0.8405 0.0000 0.1595
014420 0.0000 0.8405 0.0000 0.1595
014440 0.0000 0.8405 0.0000 0.1595
014460 0.0000 0.8405 0.0000 0.1595
014480 0.0000 0.8405 0.0000 0.1595
014500 0.0000 0.8405 0.0000 0.1595
014520 0.0000 0.8405 0.0000 0.1595
014540 0.0000 0.8405 0.0000 0.1595
014560 0.0000 0.8405 0.0000 0.1595
014580 0.0000 0.8405 0.0000 0.1595
014600 0.0000 0.8405 0.0000 0.1595
014620 0.0000 0.8405 0.0000 0.1595
014640 0.0000 0.8405 0.0000 0.1595
014660 0.0000 0.8405 0.0000 0.1595
014680 0.0000 0.8405 0.0000 0.1595
014700 0.0000 0.8405 0.0000 0.1595
014720 0.0000 0.8405 0.0000 0.1595
014740 0.0000 0.8405 0.0000 0.1595
014760 0.0000 0.8405 0.0000 0.1595
014780 0.0000 0.8405 0.0000 0.1595
014800 0.0000 0.8405 0.0000 0.1595
014820 0.0000 0.8405 0.0000 0.1595
014840 0.0000 0.8405 0.0000 0.1595
014860 0.0000 0.8405 0.0000 0.1595
014880 0.0000 0.8405 0.0000 0.1595
014900 0.0000 0.8405 0.0000 0.1595
014920 0.0000 0.8405 0.0000 0.1595
014940 0.0000 0.8405 0.0000 0.1595
014960 0.0000 0.8405 0.0000 0.1595
014980 0.0000 0.8405 0.0000 0.1595
015000 0.0000 0.8405 0.0000 0.1595
015020 0.0000 0.8405 0.0000 0.1595
015040 0.0000 0.8405 0.0000 0.1595
015060 0.0000 0.8405 0.0000 0.1595
015080 0.0000 0.8405 0.0000 0.1595
015100 0.0000 0.8405 0.0000 0.1595
015120 0.0000 0.8405 0.0000 0.1595
015140 0.0000 0.8405 0.0000 0.1595
015160 0.0000 0.8405 0.0000 0.1595
015180 0.0000 0.8405 0.0000 0.1595
015200 0.0000 0.8405 0.0000 0.1595
015220 0.0000 0.8405 0.0000 0.1595
015240 0.0000 0.8405 0.0000 0.1595
015260 0.0000 0.8405 0.0000 0.1595
015280 0.0000 0.8405 0.0000 0.1595
015300 0.0000 0.8405 0.0000 0.1595
015320 0.0000 0.8405 0.0000 0.1595
015340 0.0000 0.8405 0.0000 0.1595
015360 0.0000 0.8405 0.0000 0.1595
015380 0.0000 0.8405 0.0000 0.1595
015400 0.0000 0.8405 0.0000 0.1595
015420 0.0000 0.8405 0.0000 0.1595
015440 0.0000 0.8405 0.0000 0.1595
015460 0.0000 0.8405 0.0000 0.1595
015480 0.0000 0.8405 0.0000 0.1595
015500 0.0000 0.8405 0.0000 0.1595
015520 0.0000 0.8405 0.0000 0.1595
015540 0.0000 0.8405 0.0000 0.1595
015560 0.0000 0.8405 0.0000 0.1595
015580 0.0000 0.8405 0.0000 0.1595
015600 0.0000 0.8405 0.0000 0.1595
015620 0.0000 0.8405 0.0000 0.1595
015640 0.0000 0.8405 0.0000 0.1595
015660 0.0000 0.8405 0.0000 0.1595
015680 0.0000 0.8405 0.0000 0.1595
015700 0.0000 0.8405 0.0000 0.1595
015720 0.0000 0.8405 0.0000 0.1595
015740 0.0000 0.8405 0.0000 0.1595
015760 0.0000 0.8405 0.0000 0.1595
015780 0.0000 0.8405 0.0000 0.1595
015800 0.0000 0.8405 0.0000 0.1595
015820 0.0000 0.8405 0.0000 0.1595
015840 0.0000 0.8405 0.0000 0.1595
015860 0.0000 0.8405 0.0000 0.1595
015880 0.0000 0.8405 0.0000 0.1595
015900 0.0000 0.8405 0.0000 0.1595
015920 0.0000 0.8405 0.0000 0.1595
015940 0.0000 0.8405 0.0000 0.1595
015960 0.0000 0.8405 0.0000 0.1595
015980 0.0000 0.8405 0.0000 0.1595
016000 0.0000 0.8405 0.0000 0.1595
016020 0.0000 0.8405 0.0000 0.1595
016040 0.0000 0.8405 0.0000 0.1595
016060 0.0000 0.8405 0.0000 0.1595
016080 0.0000 0.8405 0.0000 0.1595
016100 0.0000 0.8405 0.0000 0.1595
016120 0.0000 0.8405 0.0000 0.1595
016140 0.0000 0.8405 0.0000 0.1595
016160 0.0000 0.8405 0.0000 0.1595
016180 0.0000 0.8405 0.0000 0.1595
016200 0.0000 0.8405 0.0000 0.1595
016220 0.0000 0.8405 0.0000 0.1595
016240 0.0000 0.8405 0.0000 0.1595
016260 0.0000 0.8405 0.0000 0.1595
016280 0.0000 0.8405 0.0000 0.1595
016300 0.0000 0.8405 0.0000 0.1595
016320 0.0000 0.8405 0.0000 0.1595
016340 0.0000 0.8405 0.0000 0.1595
016360 0.0000 0.8405 0.0000 0.1595
016380 0.0000 0.8405 0.0000 0.1595
016400 0.0000 0.8405 0.0000 0.1595
016420 0.0000 0.8405 0.0000 0.1595
016440 0.0000 0.8405 0.0000 0.1595
016460 0.0000 0.8405 0.0000 0.1595
016480 0.0000 0.8405 0.0000 0.1595
016500 0.0000 0.8405 0.0000 0.1595
016520 0.0000 0.8405 0.0000 0.1595
016540 0.0000 0.8405 0.0000 0.1595
016560 0.0000 0.8405 0.0000 0.1595
016580 0.0000 0.8405 0.0000 0.1595
016600 0.0000 0.8405 0.0000 0.1595
016620 0.0000 0.8405 0.0000 0.1595
016640 0.0000 0.8405 0.0000 0.1595
016660 0.0000 0.8405 0.0000 0.1595
016680 0.0000 0.8405 0.0000 0.1595
016700 0.0000 0.8405 0.0000 0.1595
016720 0.0000 0.8405 0.0000 0.1595
016740 0.0000 0.8405 0.0000 0.1595
016760 0.0000 0.8405 0.0000 0.1595
016780 0.0000 0.8405 0.0000 0.1595
016800 0.0000 0.8405 0.0000 0.1595
016820 0.0000 0.8405 0.0000 0.1595
016840 0.0000 0.8405 0.0000 0.1595
016860 0.0000 0.8405 0.0000 0.1595
016880 0.0000 0.8405 0.0000 0.1595
016900 0.0000 0.8405 0.0000 0.1595
016920 0.0000 0.8405 0.0000 0.1595
016940 0.0000 0.8405 0.0000 0.1595
016960 0.0000 0.8405 0.0000 0.1595
016980 0.0000 0.8405 0.0000 0.1595
017000 0.0000 0.8405 0.0000 0.1595
017020 0.0000 0.8405 0.0000 0.1595
017040 0.0000 0.8405 0.0000 0.1595
017060 0.0000 0.8405 0.0000 0.1595
017080 0.0000 0.8405 0.0000 0.1595
017100 0.0000 0.8405 0.0000 0.1595
017120 0.0000 0.8405 0.0000 0.1595
017140 0.0000 0.8405 0.0000 0.1595
017160 0.0000 0.8405 0.0000 0.1595
017180 0.0000 0.8405 0.0000 0.1595
017200 0.0000 0.8405 0.0000 0.1595
017220 0.0000 0.8405 0.0000 0.1595
017240 0.0000 0.8405 0.0000 0.1595
017260 0.0000 0.8405 0.0000 0.1595
017280 0.0000 0.8405 0.0000 0.1595
017300 0.0000 0.8405 0.0000 0.1595
017320 0.0000 0.8405 0.0000 0.1595
017340 0.0000 0.8405 0.0000 0.1595
017360 0.0000 0.8405 0.0000 0.1595
017380 0.0000 0.8405 0.0000 0.1595
017400 0.0000 0.8405 0.0000 0.1595
017420 0.0000 0.8405 0.0000 0.1595
017440 0.0000 0.8405 0.0000 0.1595
017460 0.0000 0.8405 0.0000 0.1595
017480 0.0000 0.8405 0.0000 0.1595
017500 0.0000 0.8405 0.0000 0.1595
017520 0.0000 0.8405 0.0000 0.1595
017540 0.0000 0.8405 0.0000 0.1595
017560 0.0000 0.8405 0.0000 0.1595
017580 0.0000 0.8405 0.0000 0.1595
017600 0.0000 0.8405 0.0000 0.1595
017620 0.0000 0.8405 0.0000 0.1595
017640 0.0000 0.8405 0.0000 0.1595
017660 0.0000 0.8405 0.0000 0.1595
017680 0.0000 0.8405 0.0000 0.1595
017700 0.0000 0.8405 0.0000 0.1595
017720 0.0000 0.8405 0.0000 0.1595
017740 0.0000 0.8405 0.0000 0.1595
017760 0.0000 0.8405 0.0000 0.1595
017780 0.0000 0.8405 0.0000 0.1595
017800 0.0000 0.8405 0.0000 0.1595
017820 0.0000 0.8405 0.0000 0.1595
017840 0.0000 0.8405 0.0000 0.1595
017860 0.0000 0.8405 0.0000 0.1595
017880 0.0000 0.8405 0.0000 0.1595
017900 0.0000 0.8405 0.0000 0.1595
017920 0.0000 0.8405 0.0000 0.1595
017940 0.0000 0.8405 0.0000 0.1595
017960 0.0000 0.8405 0.0000 0.1595
017980 0.0000 0.8405 0.0000 0.1595
018000 0.0000 0.8405 0.0000 0.1595
018020 0.0000 0.8405 0.0000 0.1595
018040 0.0000 0.8405 0.0000 0.1595
018060 0.0000 0.8405 0.0000 0.1595
018080 0.0000 0.8405 0.0000 0.1595
018100 0.0000 0.8405 0.0000 0.1595
018120 0.0000 0.8405 0.0000 0.1595
018140 0.0000 0.8405 0.0000 0.1595
018160 0.0000 0.8405 0.0000 0.1595
018180 0.0000 0.8405 0.0000 0.1595
018200 0.0000 0.8405 0.0000 0.1595
018220 0.0000 0.8405 0.0000 0.1595
018240 0.0000 0.8405 0.0000 0.1595
018260 0.0000 0.8405 0.0000 0.1595
018280 0.0000 0.8405 0.0000 0.1595
018300 0.0000 0.8405 0.0000 0.1595
018320 0.0000 0.8405 0.0000 0.1595
018340 0.0000 0.8405 0.0000 0.1595
018360 0.0000 0.8405 0.0000 0.1595
018380 0.0000 0.8405 0.0000 0.1595
018400 0.0000 0.8405 0.0000 0.1595
018420 0.0000 0.8405 0.0000 0.1595
018440 0.0000 0.8405 0.0000 0.1595
018460 0.0000 0.8405 0.0000 0.1595
018480 0.0000 0.8405 0.0000 0.1595
018500 0.0000 0.8405 0.0000 0.1595
018520 0.0000 0.8405 0.0000 0.1595
018540 0.0000 0.8405 0.0000 0.1595
018560 0.0000 0.8405 0.0000 0.1595
018580 0.0000 0.8405 0.0000 0.1595
018600 0.0000 0.8405 0.0000 0.1595
018620 0.0000 0.8405 0.0000 0.1595
018640 0.0000 0.8405 0.0000 0.1595
018660 0.0000 0.8405 0.0000 0.1595
018680 0.0000 0.8405 0.0000 0.1595
018700 0.0000 0.8405 0.0000 0.1595
018720 0.0000 0.8405 0.0000 0.1595
018740 0.0000 0.8405 0.0000 0.1595
018760 0.0000 0.8405 0.0000 0.1595
018780 0.0000 0.8405 0.0000 0.1595
018800 0.0000 0.8405 0.0000 0.1595
018820 0.0000 0.8405 0.0000 0.1595
018840 0.0000 0.8405 0.0000 0.1595
018860 0.0000 0.8405 0.0000 0.1595
018880 0.0000 0.8405 0.0000 0.1595
018900 0.0000 0.8405 0.0000 0.1595
018920 0.0000 0.8405 0.0000 0.1595
018940 0.0000 0.8405 0.0000 0.1595
018960 0.0000 0.8405 0.0000 0.1595
018980 0.0000 0.8405 0.0000 0.1595
019000 0.0000 0.8405 0.0000 0.1595
019020 0.0000 0.8405 0.0000 0.1595
019040 0.0000 0.8405 0.0000 0.1595
019060 0.0000 0.8405 0.0000 0.1595
019080 0.0000 0.8405 0.0000 0.1595
019100 0.0000 0.8405 0.0000 0.1595
019120 0.0000 0.8405 0.0000 0.1595
019140 0.0000 0.8405 0.0000 0.1595
019160 0.0000 0.8405 0.0000 0.1595
019180 0.0000 0.8405 0.0000 0.1595
019200 0.0000 0.8405 0.0000 0.1595
019220 0.0000 0.8405 0.0000 0.1595
019240 0.0000 0.8405 0.0000 0.1595
019260 0.0000 0.8405 0.0000 0.1595
019280 0.0000 0.8405 0.0000 0.1595
019300 0.0000 0.8405 0.0000 0.1595
019320 0.0000 0.8405 0.0000 0.1595
019340 0.0000 0.8405 0.0000 0.1595
019360 0.0000 0.8405 0.0000 0.1595
019380 0.0000 0.8405 0.0000 0.1595
019400 0.0000 0.8405 0.0000 0.1595
019420 0.0000 0.8405 0.0000 0.1595
019440 0.0000 0.8405 0.0000 0.1595
019460 0.0000 0.8405 0.0000 0.1595
019480 0.0000 0.8405 0.0000 0.1595
019500 0.0000 0.8405 0.0000 0.1595
019520 0.0000 0.8405 0.0000 0.1595
019540 0.0000 0.8405 0.0000 0.1595
019560 0.0000 0.8405 0.0000 0.1595
019580 0.0000 0.8405 0.0000 0.1595
019600 0.0000 0.8405 0.0000 0.1595
019620 0.0000 0.8405 0.0000 0.1595
019640 0.0000 0.8405 0.0000 0.1595
019660 0.0000 0.8405 0.0000 0.1595
019680 0.0000 0.8405 0.0000 0.1595
019700 0.0000 0.8405 0.0000 0.1595
019720 0.0000 0.8405 0.0000 0.1595
019740 0.0000 0.8405 0.0000 0.1595
019760 0.0000 0.8405 0.0000 0.1595
019780 0.0000 0.8405 0.0000 0.1595
019800 0.0000 0.8405 0.0000 0.1595
019820 0.0000 0.8405 0.0000 0.1595
019840 0.0000 0.8405 0.0000 0.1595
019860 0.0000 0.8405 0.0000 0.1595
019880 0.0000 0.8405 0.0000 0.1595
019900 0.0000 0.8405 0.0000 0.1595
019920 0.0000 0.8405 0.0000 0.1595
019940 0.0000 0.8405 0.0000 0.1595
019960 0.0000 0.8405 0.0000 0.1595
019980 0.0000 0.8405 0.0000 0.1595
020000 0.0000 0.8405 0.0000 0.1595
