000000 0.2495 0.2499 0.2508 0.2498
000020 0.0411 0.7747 0.0002 0.1841
000040 0.0215 0.8099 0.0000 0.1685
000060 0.0132 0.8231 0.0000 0.1637
000080 0.0083 0.8299 0.0000 0.1618
000100 0.0051 0.8340 0.0000 0.1609
000120 0.0034 0.8363 0.0000 0.1603
000140 0.0020 0.8387 0.0000 0.1593
000160 0.0014 0.8393 0.0000 0.1593
000180 0.0009 0.8401 0.0000 0.1590
000200 0.0006 0.8411 0.0000 0.1583
000220 0.0004 0.8412 0.0000 0.1584
000240 0.0003 0.8394 0.0000 0.1603
000260 0.0002 0.8402 0.0000 0.1596
000280 0.0001 0.8415 0.0000 0.1584
000300 0.0001 0.8417 0.0000 0.1582
000320 0.0000 0.8414 0.0000 0.1586
000340 0.0000 0.8404 0.0000 0.1596
000360 0.0000 0.8416 0.0000 0.1584
000380 0.0000 0.8403 0.0000 0.1597
000400 0.0000 0.8408 0.0000 0.1592
000420 0.0000 0.8409 0.0000 0.1591
000440 0.0000 0.8409 0.0000 0.1591
000460 0.0000 0.8410 0.0000 0.1590
000480 0.0000 0.8412 0.0000 0.1588
000500 0.0000 0.8410 0.0000 0.1590
000520 0.0000 0.8417 0.0000 0.1583
000540 0.0000 0.8421 0.0000 0.1579
000560 0.0000 0.8412 0.0000 0.1588
000580 0.0000 0.8420 0.0000 0.1580
000600 0.0000 0.8409 0.0000 0.1591
000620 0.0000 0.8405 0.0000 0.1595
000640 0.0000 0.8413 0.0000 0.1587
000660 0.0000 0.8408 0.0000 0.1592
000680 0.0000 0.8418 0.0000 0.1582
000700 0.0000 0.8416 0.0000 0.1584
000720 0.0000 0.8416 0.0000 0.1584
000740 0.0000 0.8411 0.0000 0.1589
000760 0.0000 0.8415 0.0000 0.1585
000780 0.0000 0.8414 0.0000 0.1586
000800 0.0000 0.8407 0.0000 0.1593
000820 0.0000 0.8406 0.0000 0.1594
000840 0.0000 0.8416 0.0000 0.1584
000860 0.0000 0.8419 0.0000 0.1581
000880 0.0000 0.8412 0.0000 0.1588
000900 0.0000 0.8410 0.0000 0.1590
000920 0.0000 0.8409 0.0000 0.1591
000940 0.0000 0.8416 0.0000 0.1584
000960 0.0000 0.8408 0.0000 0.1592
000980 0.0000 0.8415 0.0000 0.1585
001000 0.0000 0.8417 0.0000 0.1583
001020 0.0000 0.8423 0.0000 0.1577
001040 0.0000 0.8402 0.0000 0.1598
001060 0.0000 0.8419 0.0000 0.1581
001080 0.0000 0.8413 0.0000 0.1587
001100 0.0000 0.8413 0.0000 0.1587
001120 0.0000 0.8413 0.0000 0.1587
001140 0.0000 0.8404 0.0000 0.1596
001160 0.0000 0.8413 0.0000 0.1587
001180 0.0000 0.8412 0.0000 0.1588
001200 0.0000 0.8415 0.0000 0.1585
001220 0.0000 0.8420 0.0000 0.1580
001240 0.0000 0.8414 0.0000 0.1586
001260 0.0000 0.8413 0.0000 0.1587
001280 0.0000 0.8415 0.0000 0.1585
001300 0.0000 0.8413 0.0000 0.1587
001320 0.0000 0.8413 0.0000 0.1587
001340 0.0000 0.8411 0.0000 0.1589
001360 0.0000 0.8413 0.0000 0.1587
001380 0.0000 0.8408 0.0000 0.1592
001400 0.0000 0.8412 0.0000 0.1588
001420 0.0000 0.8407 0.0000 0.1593
001440 0.0000 0.8410 0.0000 0.1590
001460 0.0000 0.8413 0.0000 0.1587
001480 0.0000 0.8410 0.0000 0.1590
001500 0.0000 0.8412 0.0000 0.1588
001520 0.0000 0.8413 0.0000 0.1587
001540 0.0000 0.8417 0.0000 0.1583
001560 0.0000 0.8413 0.0000 0.1587
001580 0.0000 0.8413 0.0000 0.1587
001600 0.0000 0.8404 0.0000 0.1596
001620 0.0000 0.8424 0.0000 0.1576
001640 0.0000 0.8418 0.0000 0.1582
001660 0.0000 0.8417 0.0000 0.1583
001680 0.0000 0.8412 0.0000 0.1588
001700 0.0000 0.8409 0.0000 0.1591
001720 0.0000 0.8410 0.0000 0.1590
001740 0.0000 0.8419 0.0000 0.1581
001760 0.0000 0.8421 0.0000 0.1579
001780 0.0000 0.8417 0.0000 0.1583
001800 0.0000 0.8419 0.0000 0.1581
001820 0.0000 0.8411 0.0000 0.1589
001840 0.0000 0.8401 0.0000 0.1599
001860 0.0000 0.8418 0.0000 0.1582
001880 0.0000 0.8416 0.0000 0.1584
001900 0.0000 0.8418 0.0000 0.1582
001920 0.0000 0.8424 0.0000 0.1576
001940 0.0000 0.8421 0.0000 0.1579
001960 0.0000 0.8426 0.0000 0.1574
001980 0.0000 0.8415 0.0000 0.1585
002000 0.0000 0.8416 0.0000 0.1584
002020 0.0000 0.8407 0.0000 0.1593
002040 0.0000 0.8412 0.0000 0.1588
002060 0.0000 0.8409 0.0000 0.1591
002080 0.0000 0.8419 0.0000 0.1581
002100 0.0000 0.8419 0.0000 0.1581
002120 0.0000 0.8424 0.0000 0.1576
002140 0.0000 0.8418 0.0000 0.1582
002160 0.0000 0.8411 0.0000 0.1589
002180 0.0000 0.8415 0.0000 0.1585
002200 0.0000 0.8411 0.0000 0.1589
002220 0.0000 0.8414 0.0000 0.1586
002240 0.0000 0.8413 0.0000 0.1587
002260 0.0000 0.8409 0.0000 0.1591
002280 0.0000 0.8410 0.0000 0.1590
002300 0.0000 0.8411 0.0000 0.1589
002320 0.0000 0.8413 0.0000 0.1587
002340 0.0000 0.8408 0.0000 0.1592
002360 0.0000 0.8413 0.0000 0.1587
002380 0.0000 0.8416 0.0000 0.1584
002400 0.0000 0.8411 0.0000 0.1589
002420 0.0000 0.8415 0.0000 0.1585
002440 0.0000 0.8412 0.0000 0.1588
002460 0.0000 0.8415 0.0000 0.1585
002480 0.0000 0.8408 0.0000 0.1592
002500 0.0000 0.8413 0.0000 0.1587
002520 0.0000 0.8413 0.0000 0.1587
002540 0.0000 0.8412 0.0000 0.1588
002560 0.0000 0.8414 0.0000 0.1586
002580 0.0000 0.8409 0.0000 0.1591
002600 0.0000 0.8408 0.0000 0.1592
002620 0.0000 0.8407 0.0000 0.1593
002640 0.0000 0.8413 0.0000 0.1587
002660 0.0000 0.8406 0.0000 0.1594
002680 0.0000 0.8425 0.0000 0.1575
002700 0.0000 0.8418 0.0000 0.1582
002720 0.0000 0.8410 0.0000 0.1590
002740 0.0000 0.8419 0.0000 0.1581
002760 0.0000 0.8413 0.0000 0.1587
002780 0.0000 0.8407 0.0000 0.1593
002800 0.0000 0.8413 0.0000 0.1587
002820 0.0000 0.8414 0.0000 0.1586
002840 0.0000 0.8410 0.0000 0.1590
002860 0.0000 0.8409 0.0000 0.1591
002880 0.0000 0.8408 0.0000 0.1592
002900 0.0000 0.8408 0.0000 0.1592
002920 0.0000 0.8420 0.0000 0.1580
002940 0.0000 0.8420 0.0000 0.1580
002960 0.0000 0.8413 0.0000 0.1587
002980 0.0000 0.8420 0.0000 0.1580
003000 0.0000 0.8410 0.0000 0.1590
003020 0.0000 0.8412 0.0000 0.1588
003040 0.0000 0.8416 0.0000 0.1584
003060 0.0000 0.8419 0.0000 0.1581
003080 0.0000 0.8410 0.0000 0.1590
003100 0.0000 0.8401 0.0000 0.1599
003120 0.0000 0.8411 0.0000 0.1589
003140 0.0000 0.8408 0.0000 0.1592
003160 0.0000 0.8415 0.0000 0.1585
003180 0.0000 0.8409 0.0000 0.1591
003200 0.0000 0.8417 0.0000 0.1583
003220 0.0000 0.8413 0.0000 0.1587
003240 0.0000 0.8413 0.0000 0.1587
003260 0.0000 0.8412 0.0000 0.1588
003280 0.0000 0.8418 0.0000 0.1582
003300 0.0000 0.8415 0.0000 0.1585
003320 0.0000 0.8412 0.0000 0.1588
003340 0.0000 0.8422 0.0000 0.1578
003360 0.0000 0.8416 0.0000 0.1584
003380 0.0000 0.8416 0.0000 0.1584
003400 0.0000 0.8419 0.0000 0.1581
003420 0.0000 0.8415 0.0000 0.1585
003440 0.0000 0.8407 0.0000 0.1593
003460 0.0000 0.8413 0.0000 0.1587
003480 0.0000 0.8419 0.0000 0.1581
003500 0.0000 0.8418 0.0000 0.1582
003520 0.0000 0.8412 0.0000 0.1588
003540 0.0000 0.8408 0.0000 0.1592
003560 0.0000 0.8416 0.0000 0.1584
003580 0.0000 0.8410 0.0000 0.1590
003600 0.0000 0.8409 0.0000 0.1591
003620 0.0000 0.8407 0.0000 0.1593
003640 0.0000 0.8411 0.0000 0.1589
003660 0.0000 0.8415 0.0000 0.1585
003680 0.0000 0.8416 0.0000 0.1584
003700 0.0000 0.8408 0.0000 0.1592
003720 0.0000 0.8409 0.0000 0.1591
003740 0.0000 0.8412 0.0000 0.1588
003760 0.0000 0.8406 0.0000 0.1594
003780 0.0000 0.8410 0.0000 0.1590
003800 0.0000 0.8415 0.0000 0.1585
003820 0.0000 0.8424 0.0000 0.1576
003840 0.0000 0.8417 0.0000 0.1583
003860 0.0000 0.8412 0.0000 0.1588
003880 0.0000 0.8405 0.0000 0.1595
003900 0.0000 0.8419 0.0000 0.1581
003920 0.0000 0.8421 0.0000 0.1579
003940 0.0000 0.8417 0.0000 0.1583
003960 0.0000 0.8414 0.0000 0.1586
003980 0.0000 0.8416 0.0000 0.1584
004000 0.0000 0.8421 0.0000 0.1579
004020 0.0000 0.8411 0.0000 0.1589
004040 0.0000 0.8417 0.0000 0.1583
004060 0.0000 0.8412 0.0000 0.1588
004080 0.0000 0.8418 0.0000 0.1582
004100 0.0000 0.8417 0.0000 0.1583
004120 0.0000 0.8413 0.0000 0.1587
004140 0.0000 0.8417 0.0000 0.1583
004160 0.0000 0.8417 0.0000 0.1583
004180 0.0000 0.8413 0.0000 0.1587
004200 0.0000 0.8408 0.0000 0.1592
004220 0.0000 0.8408 0.0000 0.1592
004240 0.0000 0.8408 0.0000 0.1592
004260 0.0000 0.8411 0.0000 0.1589
004280 0.0000 0.8410 0.0000 0.1590
004300 0.0000 0.8413 0.0000 0.1587
004320 0.0000 0.8408 0.0000 0.1592
004340 0.0000 0.8408 0.0000 0.1592
004360 0.0000 0.8407 0.0000 0.1593
004380 0.0000 0.8414 0.0000 0.1586
004400 0.0000 0.8411 0.0000 0.1589
004420 0.0000 0.8415 0.0000 0.1585
004440 0.0000 0.8412 0.0000 0.1588
004460 0.0000 0.8412 0.0000 0.1588
004480 0.0000 0.8409 0.0000 0.1591
004500 0.0000 0.8414 0.0000 0.1586
004520 0.0000 0.8419 0.0000 0.1581
004540 0.0000 0.8413 0.0000 0.1587
004560 0.0000 0.8406 0.0000 0.1594
004580 0.0000 0.8405 0.0000 0.1595
004600 0.0000 0.8413 0.0000 0.1587
004620 0.0000 0.8405 0.0000 0.1595
004640 0.0000 0.8406 0.0000 0.1594
004660 0.0000 0.8406 0.0000 0.1594
004680 0.0000 0.8418 0.0000 0.1582
004700 0.0000 0.8414 0.0000 0.1586
004720 0.0000 0.8414 0.0000 0.1586
004740 0.0000 0.8420 0.0000 0.1580
004760 0.0000 0.8416 0.0000 0.1584
004780 0.0000 0.8411 0.0000 0.1589
004800 0.0000 0.8410 0.0000 0.1590
004820 0.0000 0.8410 0.0000 0.1590
004840 0.0000 0.8414 0.0000 0.1586
004860 0.0000 0.8412 0.0000 0.1588
004880 0.0000 0.8408 0.0000 0.1592
004900 0.0000 0.8411 0.0000 0.1589
004920 0.0000 0.8417 0.0000 0.1583
004940 0.0000 0.8413 0.0000 0.1587
004960 0.0000 0.8421 0.0000 0.1579
004980 0.0000 0.8417 0.0000 0.1583
005000 0.0000 0.8413 0.0000 0.1587
005020 0.0000 0.8417 0.0000 0.1583
005040 0.0000 0.8418 0.0000 0.1582
005060 0.0000 0.8411 0.0000 0.1589
005080 0.0000 0.8415 0.0000 0.1585
005100 0.0000 0.8425 0.0000 0.1575
005120 0.0000 0.8418 0.0000 0.1582
005140 0.0000 0.8411 0.0000 0.1589
005160 0.0000 0.8417 0.0000 0.1583
005180 0.0000 0.8407 0.0000 0.1593
005200 0.0000 0.8406 0.0000 0.1594
005220 0.0000 0.8411 0.0000 0.1589
005240 0.0000 0.8415 0.0000 0.1585
005260 0.0000 0.8412 0.0000 0.1588
005280 0.0000 0.8407 0.0000 0.1593
005300 0.0000 0.8406 0.0000 0.1594
005320 0.0000 0.8414 0.0000 0.1586
005340 0.0000 0.8406 0.0000 0.1594
005360 0.0000 0.8408 0.0000 0.1592
005380 0.0000 0.8407 0.0000 0.1593
005400 0.0000 0.8408 0.0000 0.1592
005420 0.0000 0.8409 0.0000 0.1591
005440 0.0000 0.8409 0.0000 0.1591
005460 0.0000 0.8415 0.0000 0.1585
005480 0.0000 0.8408 0.0000 0.1592
005500 0.0000 0.8414 0.0000 0.1586
005520 0.0000 0.8416 0.0000 0.1584
005540 0.0000 0.8411 0.0000 0.1589
005560 0.0000 0.8415 0.0000 0.1585
005580 0.0000 0.8412 0.0000 0.1588
005600 0.0000 0.8412 0.0000 0.1588
005620 0.0000 0.8409 0.0000 0.1591
005640 0.0000 0.8402 0.0000 0.1598
005660 0.0000 0.8409 0.0000 0.1591
005680 0.0000 0.8416 0.0000 0.1584
005700 0.0000 0.8417 0.0000 0.1583
005720 0.0000 0.8415 0.0000 0.1585
005740 0.0000 0.8412 0.0000 0.1588
005760 0.0000 0.8412 0.0000 0.1588
005780 0.0000 0.8420 0.0000 0.1580
005800 0.0000 0.8420 0.0000 0.1580
005820 0.0000 0.8418 0.0000 0.1582
005840 0.0000 0.8419 0.0000 0.1581
005860 0.0000 0.8410 0.0000 0.1590
005880 0.0000 0.8410 0.0000 0.1590
005900 0.0000 0.8420 0.0000 0.1580
005920 0.0000 0.8415 0.0000 0.1585
005940 0.0000 0.8410 0.0000 0.1590
005960 0.0000 0.8414 0.0000 0.1586
005980 0.0000 0.8412 0.0000 0.1588
006000 0.0000 0.8407 0.0000 0.1593
006020 0.0000 0.8414 0.0000 0.1586
006040 0.0000 0.8405 0.0000 0.1595
006060 0.0000 0.8411 0.0000 0.1589
006080 0.0000 0.8408 0.0000 0.1592
006100 0.0000 0.8410 0.0000 0.1590
006120 0.0000 0.8411 0.0000 0.1589
006140 0.0000 0.8417 0.0000 0.1583
006160 0.0000 0.8417 0.0000 0.1583
006180 0.0000 0.8406 0.0000 0.1594
006200 0.0000 0.8416 0.0000 0.1584
006220 0.0000 0.8411 0.0000 0.1589
006240 0.0000 0.8413 0.0000 0.1587
006260 0.0000 0.8413 0.0000 0.1587
006280 0.0000 0.8401 0.0000 0.1599
006300 0.0000 0.8414 0.0000 0.1586
006320 0.0000 0.8416 0.0000 0.1584
006340 0.0000 0.8418 0.0000 0.1582
006360 0.0000 0.8423 0.0000 0.1577
006380 0.0000 0.8417 0.0000 0.1583
006400 0.0000 0.8417 0.0000 0.1583
006420 0.0000 0.8418 0.0000 0.1582
006440 0.0000 0.8411 0.0000 0.1589
006460 0.0000 0.8411 0.0000 0.1589
006480 0.0000 0.8415 0.0000 0.1585
006500 0.0000 0.8413 0.0000 0.1587
006520 0.0000 0.8408 0.0000 0.1592
006540 0.0000 0.8406 0.0000 0.1594
006560 0.0000 0.8418 0.0000 0.1582
006580 0.0000 0.8409 0.0000 0.1591
006600 0.0000 0.8405 0.0000 0.1595
006620 0.0000 0.8411 0.0000 0.1589
006640 0.0000 0.8411 0.0000 0.1589
006660 0.0000 0.8413 0.0000 0.1587
006680 0.0000 0.8413 0.0000 0.1587
006700 0.0000 0.8417 0.0000 0.1583
006720 0.0000 0.8419 0.0000 0.1581
006740 0.0000 0.8410 0.0000 0.1590
006760 0.0000 0.8408 0.0000 0.1592
006780 0.0000 0.8406 0.0000 0.1594
006800 0.0000 0.8412 0.0000 0.1588
006820 0.0000 0.8419 0.0000 0.1581
006840 0.0000 0.8421 0.0000 0.1579
006860 0.0000 0.8419 0.0000 0.1581
006880 0.0000 0.8423 0.0000 0.1577
006900 0.0000 0.8417 0.0000 0.1583
006920 0.0000 0.8423 0.0000 0.1577
006940 0.0000 0.8416 0.0000 0.1584
006960 0.0000 0.8412 0.0000 0.1588
006980 0.0000 0.8415 0.0000 0.1585
007000 0.0000 0.8405 0.0000 0.1595
007020 0.0000 0.8420 0.0000 0.1580
007040 0.0000 0.8409 0.0000 0.1591
007060 0.0000 0.8410 0.0000 0.1590
007080 0.0000 0.8414 0.0000 0.1586
007100 0.0000 0.8399 0.0000 0.1601
007120 0.0000 0.8415 0.0000 0.1585
007140 0.0000 0.8414 0.0000 0.1586
007160 0.0000 0.8407 0.0000 0.1593
007180 0.0000 0.8402 0.0000 0.1598
007200 0.0000 0.8420 0.0000 0.1580
007220 0.0000 0.8408 0.0000 0.1592
007240 0.0000 0.8406 0.0000 0.1594
007260 0.0000 0.8406 0.0000 0.1594
007280 0.0000 0.8410 0.0000 0.1590
007300 0.0000 0.8410 0.0000 0.1590
007320 0.0000 0.8418 0.0000 0.1582
007340 0.0000 0.8424 0.0000 0.1576
007360 0.0000 0.8407 0.0000 0.1593
007380 0.0000 0.8409 0.0000 0.1591
007400 0.0000 0.8426 0.0000 0.1574
007420 0.0000 0.8410 0.0000 0.1590
007440 0.0000 0.8411 0.0000 0.1589
007460 0.0000 0.8416 0.0000 0.1584
007480 0.0000 0.8414 0.0000 0.1586
007500 0.0000 0.8409 0.0000 0.1591
007520 0.0000 0.8416 0.0000 0.1584
007540 0.0000 0.8417 0.0000 0.1583
007560 0.0000 0.8414 0.0000 0.1586
007580 0.0000 0.8413 0.0000 0.1587
007600 0.0000 0.8422 0.0000 0.1578
007620 0.0000 0.8421 0.0000 0.1579
007640 0.0000 0.8409 0.0000 0.1591
007660 0.0000 0.8415 0.0000 0.1585
007680 0.0000 0.8405 0.0000 0.1595
007700 0.0000 0.8411 0.0000 0.1589
007720 0.0000 0.8412 0.0000 0.1588
007740 0.0000 0.8405 0.0000 0.1595
007760 0.0000 0.8417 0.0000 0.1583
007780 0.0000 0.8413 0.0000 0.1587
007800 0.0000 0.8412 0.0000 0.1588
007820 0.0000 0.8418 0.0000 0.1582
007840 0.0000 0.8410 0.0000 0.1590
007860 0.0000 0.8418 0.0000 0.1582
007880 0.0000 0.8410 0.0000 0.1590
007900 0.0000 0.8406 0.0000 0.1595
007920 0.0000 0.8415 0.0000 0.1585
007940 0.0000 0.8421 0.0000 0.1579
007960 0.0000 0.8416 0.0000 0.1584
007980 0.0000 0.8416 0.0000 0.1584
008000 0.0000 0.8407 0.0000 0.1593
008020 0.0000 0.8415 0.0000 0.1585
008040 0.0000 0.8417 0.0000 0.1583
008060 0.0000 0.8419 0.0000 0.1581
008080 0.0000 0.8406 0.0000 0.1594
008100 0.0000 0.8412 0.0000 0.1588
008120 0.0000 0.8410 0.0000 0.1590
008140 0.0000 0.8412 0.0000 0.1588
008160 0.0000 0.8421 0.0000 0.1579
008180 0.0000 0.8410 0.0000 0.1590
008200 0.0000 0.8410 0.0000 0.1590
008220 0.0000 0.8414 0.0000 0.1586
008240 0.0000 0.8420 0.0000 0.1580
008260 0.0000 0.8412 0.0000 0.1588
008280 0.0000 0.8413 0.0000 0.1588
008300 0.0000 0.8410 0.0000 0.1590
008320 0.0000 0.8404 0.0000 0.1596
008340 0.0000 0.8415 0.0000 0.1585
008360 0.0000 0.8415 0.0000 0.1585
008380 0.0000 0.8410 0.0000 0.1590
008400 0.0000 0.8414 0.0000 0.1586
008420 0.0000 0.8414 0.0000 0.1586
008440 0.0000 0.8415 0.0000 0.1585
008460 0.0000 0.8410 0.0000 0.1590
008480 0.0000 0.8415 0.0000 0.1585
008500 0.0000 0.8421 0.0000 0.1579
008520 0.0000 0.8414 0.0000 0.1586
008540 0.0000 0.8410 0.0000 0.1590
008560 0.0000 0.8417 0.0000 0.1583
008580 0.0000 0.8417 0.0000 0.1583
008600 0.0000 0.8415 0.0000 0.1585
008620 0.0000 0.8418 0.0000 0.1582
008640 0.0000 0.8418 0.0000 0.1582
008660 0.0000 0.8409 0.0000 0.1591
008680 0.0000 0.8420 0.0000 0.1580
008700 0.0000 0.8413 0.0000 0.1587
008720 0.0000 0.8412 0.0000 0.1588
008740 0.0000 0.8411 0.0000 0.1589
008760 0.0000 0.8411 0.0000 0.1589
008780 0.0000 0.8405 0.0000 0.1595
008800 0.0000 0.8406 0.0000 0.1594
008820 0.0000 0.8417 0.0000 0.1583
008840 0.0000 0.8412 0.0000 0.1588
008860 0.0000 0.8413 0.0000 0.1587
008880 0.0000 0.8413 0.0000 0.1587
008900 0.0000 0.8409 0.0000 0.1591
008920 0.0000 0.8415 0.0000 0.1585
008940 0.0000 0.8419 0.0000 0.1581
008960 0.0000 0.8420 0.0000 0.1580
008980 0.0000 0.8418 0.0000 0.1582
009000 0.0000 0.8419 0.0000 0.1581
009020 0.0000 0.8405 0.0000 0.1595
009040 0.0000 0.8406 0.0000 0.1594
009060 0.0000 0.8418 0.0000 0.1582
009080 0.0000 0.8412 0.0000 0.1588
009100 0.0000 0.8410 0.0000 0.1590
009120 0.0000 0.8413 0.0000 0.1587
009140 0.0000 0.8410 0.0000 0.1590
009160 0.0000 0.8415 0.0000 0.1585
009180 0.0000 0.8412 0.0000 0.1588
009200 0.0000 0.8411 0.0000 0.1589
009220 0.0000 0.8409 0.0000 0.1591
009240 0.0000 0.8412 0.0000 0.1588
009260 0.0000 0.8413 0.0000 0.1587
009280 0.0000 0.8411 0.0000 0.1589
009300 0.0000 0.8409 0.0000 0.1591
009320 0.0000 0.8412 0.0000 0.1588
009340 0.0000 0.8415 0.0000 0.1585
009360 0.0000 0.8407 0.0000 0.1593
009380 0.0000 0.8410 0.0000 0.1590
009400 0.0000 0.8412 0.0000 0.1588
009420 0.0000 0.8411 0.0000 0.1589
009440 0.0000 0.8409 0.0000 0.1591
009460 0.0000 0.8416 0.0000 0.1584
009480 0.0000 0.8413 0.0000 0.1587
009500 0.0000 0.8409 0.0000 0.1591
009520 0.0000 0.8412 0.0000 0.1588
009540 0.0000 0.8416 0.0000 0.1584
009560 0.0000 0.8420 0.0000 0.1580
009580 0.0000 0.8417 0.0000 0.1583
009600 0.0000 0.8411 0.0000 0.1589
009620 0.0000 0.8407 0.0000 0.1593
009640 0.0000 0.8407 0.0000 0.1593
009660 0.0000 0.8417 0.0000 0.1583
009680 0.0000 0.8406 0.0000 0.1594
009700 0.0000 0.8410 0.0000 0.1590
009720 0.0000 0.8421 0.0000 0.1579
009740 0.0000 0.8418 0.0000 0.1582
009760 0.0000 0.8412 0.0000 0.1588
009780 0.0000 0.8413 0.0000 0.1587
009800 0.0000 0.8422 0.0000 0.1578
009820 0.0000 0.8405 0.0000 0.1595
009840 0.0000 0.8406 0.0000 0.1594
009860 0.0000 0.8406 0.0000 0.1594
009880 0.0000 0.8408 0.0000 0.1592
009900 0.0000 0.8410 0.0000 0.1590
009920 0.0000 0.8412 0.0000 0.1588
009940 0.0000 0.8408 0.0000 0.1592
009960 0.0000 0.8402 0.0000 0.1598
009980 0.0000 0.8402 0.0000 0.1598
010000 0.0000 0.8406 0.0000 0.1594
010020 0.0000 0.8409 0.0000 0.1591
010040 0.0000 0.8409 0.0000 0.1591
010060 0.0000 0.8409 0.0000 0.1591
010080 0.0000 0.8409 0.0000 0.1591
010100 0.0000 0.8409 0.0000 0.1591
010120 0.0000 0.8409 0.0000 0.1591
010140 0.0000 0.8409 0.0000 0.1591
010160 0.0000 0.8409 0.0000 0.1591
010180 0.0000 0.8409 0.0000 0.1591
010200 0.0000 0.8409 0.0000 0.1591
010220 0.0000 0.8409 0.0000 0.1591
010240 0.0000 0.8409 0.0000 0.1591
010260 0.0000 0.8409 0.0000 0.1591
010280 0.0000 0.8409 0.0000 0.1591
010300 0.0000 0.8409 0.0000 0.1591
010320 0.0000 0.8409 0.0000 0.1591
010340 0.0000 0.8409 0.0000 0.1591
010360 0.0000 0.8409 0.0000 0.1591
010380 0.0000 0.8409 0.0000 0.1591
010400 0.0000 0.8409 0.0000 0.1591
010420 0.0000 0.8409 0.0000 0.1591
010440 0.0000 0.8409 0.0000 0.1591
010460 0.0000 0.8409 0.0000 0.1591
010480 0.0000 0.8409 0.0000 0.1591
010500 0.0000 0.8409 0.0000 0.1591
010520 0.0000 0.8409 0.0000 0.1591
010540 0.0000 0.8409 0.0000 0.1591
010560 0.0000 0.8409 0.0000 0.1591
010580 0.0000 0.8409 0.0000 0.1591
010600 0.0000 0.8409 0.0000 0.1591
010620 0.0000 0.8409 0.0000 0.1591
010640 0.0000 0.8409 0.0000 0.1591
010660 0.0000 0.8409 0.0000 0.1591
010680 0.0000 0.8409 0.0000 0.1591
010700 0.0000 0.8409 0.0000 0.1591
010720 0.0000 0.8409 0.0000 0.1591
010740 0.0000 0.8409 0.0000 0.1591
010760 0.0000 0.8409 0.0000 0.1591
010780 0.0000 0.8409 0.0000 0.1591
010800 0.0000 0.8409 0.0000 0.1591
010820 0.0000 0.8409 0.0000 0.1591
010840 0.0000 0.8409 0.0000 0.1591
010860 0.0000 0.8409 0.0000 0.1591
010880 0.0000 0.8409 0.0000 0.1591
010900 0.0000 0.8409 0.0000 0.1591
010920 0.0000 0.8409 0.0000 0.1591
010940 0.0000 0.8409 0.0000 0.1591
010960 0.0000 0.8409 0.0000 0.1591
010980 0.0000 0.8409 0.0000 0.1591
011000 0.0000 0.8409 0.0000 0.1591
011020 0.0000 0.8409 0.0000 0.1591
011040 0.0000 0.8409 0.0000 0.1591
011060 0.0000 0.8409 0.0000 0.1591
011080 0.0000 0.8409 0.0000 0.1591
011100 0.0000 0.8409 0.0000 0.1591
011120 0.0000 0.8409 0.0000 0.1591
011140 0.0000 0.8409 0.0000 0.1591
011160 0.0000 0.8409 0.0000 0.1591
011180 0.0000 0.8409 0.0000 0.1591
011200 0.0000 0.8409 0.0000 0.1591
011220 0.0000 0.8409 0.0000 0.1591
011240 0.0000 0.8409 0.0000 0.1591
011260 0.0000 0.8409 0.0000 0.1591
011280 0.0000 0.8409 0.0000 0.1591
011300 0.0000 0.8409 0.0000 0.1591
011320 0.0000 0.8409 0.0000 0.1591
011340 0.0000 0.8409 0.0000 0.1591
011360 0.0000 0.8409 0.0000 0.1591
011380 0.0000 0.8409 0.0000 0.1591
011400 0.0000 0.8409 0.0000 0.1591
011420 0.0000 0.8409 0.0000 0.1591
011440 0.0000 0.8409 0.0000 0.1591
011460 0.0000 0.8409 0.0000 0.1591
011480 0.0000 0.8409 0.0000 0.1591
011500 0.0000 0.8409 0.0000 0.1591
011520 0.0000 0.8409 0.0000 0.1591
011540 0.0000 0.8409 0.0000 0.1591
011560 0.0000 0.8409 0.0000 0.1591
011580 0.0000 0.8409 0.0000 0.1591
011600 0.0000 0.8409 0.0000 0.1591
011620 0.0000 0.8409 0.0000 0.1591
011640 0.0000 0.8409 0.0000 0.1591
011660 0.0000 0.8409 0.0000 0.1591
011680 0.0000 0.8409 0.0000 0.1591
011700 0.0000 0.8409 0.0000 0.1591
011720 0.0000 0.8409 0.0000 0.1591
011740 0.0000 0.8409 0.0000 0.1591
011760 0.0000 0.8409 0.0000 0.1591
011780 0.0000 0.8409 0.0000 0.1591
011800 0.0000 0.8409 0.0000 0.1591
011820 0.0000 0.8409 0.0000 0.1591
011840 0.0000 0.8409 0.0000 0.1591
011860 0.0000 0.8409 0.0000 0.1591
011880 0.0000 0.8409 0.0000 0.1591
011900 0.0000 0.8409 0.0000 0.1591
011920 0.0000 0.8409 0.0000 0.1591
011940 0.0000 0.8409 0.0000 0.1591
011960 0.0000 0.8409 0.0000 0.1591
011980 0.0000 0.8409 0.0000 0.1591
012000 0.0000 0.8409 0.0000 0.1591
012020 0.0000 0.8409 0.0000 0.1591
012040 0.0000 0.8409 0.0000 0.1591
012060 0.0000 0.8409 0.0000 0.1591
012080 0.0000 0.8409 0.0000 0.1591
012100 0.0000 0.8409 0.0000 0.1591
012120 0.0000 0.8409 0.0000 0.1591
012140 0.0000 0.8409 0.0000 0.1591
012160 0.0000 0.8409 0.0000 0.1591
012180 0.0000 0.8409 0.0000 0.1591
012200 0.0000 0.8409 0.0000 0.1591
012220 0.0000 0.8409 0.0000 0.1591
012240 0.0000 0.8409 0.0000 0.1591
012260 0.0000 0.8409 0.0000 0.1591
012280 0.0000 0.8409 0.0000 0.1591
012300 0.0000 0.8409 0.0000 0.1591
012320 0.0000 0.8409 0.0000 0.1591
012340 0.0000 0.8409 0.0000 0.1591
012360 0.0000 0.8409 0.0000 0.1591
012380 0.0000 0.8409 0.0000 0.1591
012400 0.0000 0.8409 0.0000 0.1591
012420 0.0000 0.8409 0.0000 0.1591
012440 0.0000 0.8409 0.0000 0.1591
012460 0.0000 0.8409 0.0000 0.1591
012480 0.0000 0.8409 0.0000 0.1591
012500 0.0000 0.8409 0.0000 0.1591
012520 0.0000 0.8409 0.0000 0.1591
012540 0.0000 0.8409 0.0000 0.1591
012560 0.0000 0.8409 0.0000 0.1591
012580 0.0000 0.8409 0.0000 0.1591
012600 0.0000 0.8409 0.0000 0.1591
012620 0.0000 0.8409 0.0000 0.1591
012640 0.0000 0.8409 0.0000 0.1591
012660 0.0000 0.8409 0.0000 0.1591
012680 0.0000 0.8409 0.0000 0.1591
012700 0.0000 0.8409 0.0000 0.1591
012720 0.0000 0.8409 0.0000 0.1591
012740 0.0000 0.8409 0.0000 0.1591
012760 0.0000 0.8409 0.0000 0.1591
012780 0.0000 0.8409 0.0000 0.1591
012800 0.0000 0.8409 0.0000 0.1591
012820 0.0000 0.8409 0.0000 0.1591
012840 0.0000 0.8409 0.0000 0.1591
012860 0.0000 0.8409 0.0000 0.1591
012880 0.0000 0.8409 0.0000 0.1591
012900 0.0000 0.8409 0.0000 0.1591
012920 0.0000 0.8409 0.0000 0.1591
012940 0.0000 0.8409 0.0000 0.1591
012960 0.0000 0.8409 0.0000 0.1591
012980 0.0000 0.8409 0.0000 0.1591
013000 0.0000 0.8409 0.0000 0.1591
013020 0.0000 0.8409 0.0000 0.1591
013040 0.0000 0.8409 0.0000 0.1591
013060 0.0000 0.8409 0.0000 0.1591
013080 0.0000 0.8409 0.0000 0.1591
013100 0.0000 0.8409 0.0000 0.1591
013120 0.0000 0.8409 0.0000 0.1591
013140 0.0000 0.8409 0.0000 0.1591
013160 0.0000 0.8409 0.0000 0.1591
013180 0.0000 0.8409 0.0000 0.1591
013200 0.0000 0.8409 0.0000 0.1591
013220 0.0000 0.8409 0.0000 0.1591
013240 0.0000 0.8409 0.0000 0.1591
013260 0.0000 0.8409 0.0000 0.1591
013280 0.0000 0.8409 0.0000 0.1591
013300 0.0000 0.8409 0.0000 0.1591
013320 0.0000 0.8409 0.0000 0.1591
013340 0.0000 0.8409 0.0000 0.1591
013360 0.0000 0.8409 0.0000 0.1591
013380 0.0000 0.8409 0.0000 0.1591
013400 0.0000 0.8409 0.0000 0.1591
013420 0.0000 0.8409 0.0000 0.1591
013440 0.0000 0.8409 0.0000 0.1591
013460 0.0000 0.8409 0.0000 0.1591
013480 0.0000 0.8409 0.0000 0.1591
013500 0.0000 0.8409 0.0000 0.1591
013520 0.0000 0.8409 0.0000 0.1591
013540 0.0000 0.8409 0.0000 0.1591
013560 0.0000 0.8409 0.0000 0.1591
013580 0.0000 0.8409 0.0000 0.1591
013600 0.0000 0.8409 0.0000 0.1591
013620 0.0000 0.8409 0.0000 0.1591
013640 0.0000 0.8409 0.0000 0.1591
013660 0.0000 0.8409 0.0000 0.1591
013680 0.0000 0.8409 0.0000 0.1591
013700 0.0000 0.8409 0.0000 0.1591
013720 0.0000 0.8409 0.0000 0.1591
013740 0.0000 0.8409 0.0000 0.1591
013760 0.0000 0.8409 0.0000 0.1591
013780 0.0000 0.8409 0.0000 0.1591
013800 0.0000 0.8409 0.0000 0.1591
013820 0.0000 0.8409 0.0000 0.1591
013840 0.0000 0.8409 0.0000 0.1591
013860 0.0000 0.8409 0.0000 0.1591
013880 0.0000 0.8409 0.0000 0.1591
013900 0.0000 0.8409 0.0000 0.1591
013920 0.0000 0.8409 0.0000 0.1591
013940 0.0000 0.8409 0.0000 0.1591
013960 0.0000 0.8409 0.0000 0.1591
013980 0.0000 0.8409 0.0000 0.1591
014000 0.0000 0.8409 0.0000 0.1591
014020 0.0000 0.8409 0.0000 0.1591
014040 0.0000 0.8409 0.0000 0.1591
014060 0.0000 0.8409 0.0000 0.1591
014080 0.0000 0.8409 0.0000 0.1591
014100 0.0000 0.8409 0.0000 0.1591
014120 0.0000 0.8409 0.0000 0.1591
014140 0.0000 0.8409 0.0000 0.1591
014160 0.0000 0.8409 0.0000 0.1591
014180 0.0000 0.8409 0.0000 0.1591
014200 0.0000 0.8409 0.0000 0.1591
014220 0.0000 0.8409 0.0000 0.1591
014240 0.0000 0.8409 0.0000 0.1591
014260 0.0000 0.8409 0.0000 0.1591
014280 0.0000 0.8409 0.0000 0.1591
014300 0.0000 0.8409 0.0000 0.1591
014320 0.0000 0.8409 0.0000 0.1591
014340 0.0000 0.8409 0.0000 0.1591
014360 0.0000 0.8409 0.0000 0.1591
014380 0.0000 0.8409 0.0000 0.1591
014400 0.0000 0.8409 0.0000 0.1591
014420 0.0000 0.8409 0.0000 0.1591
014440 0.0000 0.8409 0.0000 0.1591
014460 0.0000 0.8409 0.0000 0.1591
014480 0.0000 0.8409 0.0000 0.1591
014500 0.0000 0.8409 0.0000 0.1591
014520 0.0000 0.8409 0.0000 0.1591
014540 0.0000 0.8409 0.0000 0.1591
014560 0.0000 0.8409 0.0000 0.1591
014580 0.0000 0.8409 0.0000 0.1591
014600 0.0000 0.8409 0.0000 0.1591
014620 0.0000 0.8409 0.0000 0.1591
014640 0.0000 0.8409 0.0000 0.1591
014660 0.0000 0.8409 0.0000 0.1591
014680 0.0000 0.8409 0.0000 0.1591
014700 0.0000 0.8409 0.0000 0.1591
014720 0.0000 0.8409 0.0000 0.1591
014740 0.0000 0.8409 0.0000 0.1591
014760 0.0000 0.8409 0.0000 0.1591
014780 0.0000 0.8409 0.0000 0.1591
014800 0.0000 0.8409 0.0000 0.1591
014820 0.0000 0.8409 0.0000 0.1591
014840 0.0000 0.8409 0.0000 0.1591
014860 0.0000 0.8409 0.0000 0.1591
014880 0.0000 0.8409 0.0000 0.1591
014900 0.0000 0.8409 0.0000 0.1591
014920 0.0000 0.8409 0.0000 0.1591
014940 0.0000 0.8409 0.0000 0.1591
014960 0.0000 0.8409 0.0000 0.1591
014980 0.0000 0.8409 0.0000 0.1591
015000 0.0000 0.8409 0.0000 0.1591
015020 0.0000 0.8409 0.0000 0.1591
015040 0.0000 0.8409 0.0000 0.1591
015060 0.0000 0.8409 0.0000 0.1591
015080 0.0000 0.8409 0.0000 0.1591
015100 0.0000 0.8409 0.0000 0.1591
015120 0.0000 0.8409 0.0000 0.1591
015140 0.0000 0.8409 0.0000 0.1591
015160 0.0000 0.8409 0.0000 0.1591
015180 0.0000 0.8409 0.0000 0.1591
015200 0.0000 0.8409 0.0000 0.1591
015220 0.0000 0.8409 0.0000 0.1591
015240 0.0000 0.8409 0.0000 0.1591
015260 0.0000 0.8409 0.0000 0.1591
015280 0.0000 0.8409 0.0000 0.1591
015300 0.0000 0.8409 0.0000 0.1591
015320 0.0000 0.8409 0.0000 0.1591
015340 0.0000 0.8409 0.0000 0.1591
015360 0.0000 0.8409 0.0000 0.1591
015380 0.0000 0.8409 0.0000 0.1591
015400 0.0000 0.8409 0.0000 0.1591
015420 0.0000 0.8409 0.0000 0.1591
015440 0.0000 0.8409 0.0000 0.1591
015460 0.0000 0.8409 0.0000 0.1591
015480 0.0000 0.8409 0.0000 0.1591
015500 0.0000 0.8409 0.0000 0.1591
015520 0.0000 0.8409 0.0000 0.1591
015540 0.0000 0.8409 0.0000 0.1591
015560 0.0000 0.8409 0.0000 0.1591
015580 0.0000 0.8409 0.0000 0.1591
015600 0.0000 0.8409 0.0000 0.1591
015620 0.0000 0.8409 0.0000 0.1591
015640 0.0000 0.8409 0.0000 0.1591
015660 0.0000 0.8409 0.0000 0.1591
015680 0.0000 0.8409 0.0000 0.1591
015700 0.0000 0.8409 0.0000 0.1591
015720 0.0000 0.8409 0.0000 0.1591
015740 0.0000 0.8409 0.0000 0.1591
015760 0.0000 0.8409 0.0000 0.1591
015780 0.0000 0.8409 0.0000 0.1591
015800 0.0000 0.8409 0.0000 0.1591
015820 0.0000 0.8409 0.0000 0.1591
015840 0.0000 0.8409 0.0000 0.1591
015860 0.0000 0.8409 0.0000 0.1591
015880 0.0000 0.8409 0.0000 0.1591
015900 0.0000 0.8409 0.0000 0.1591
015920 0.0000 0.8409 0.0000 0.1591
015940 0.0000 0.8409 0.0000 0.1591
015960 0.0000 0.8409 0.0000 0.1591
015980 0.0000 0.8409 0.0000 0.1591
016000 0.0000 0.8409 0.0000 0.1591
016020 0.0000 0.8409 0.0000 0.1591
016040 0.0000 0.8409 0.0000 0.1591
016060 0.0000 0.8409 0.0000 0.1591
016080 0.0000 0.8409 0.0000 0.1591
016100 0.0000 0.8409 0.0000 0.1591
016120 0.0000 0.8409 0.0000 0.1591
016140 0.0000 0.8409 0.0000 0.1591
016160 0.0000 0.8409 0.0000 0.1591
016180 0.0000 0.8409 0.0000 0.1591
016200 0.0000 0.8409 0.0000 0.1591
016220 0.0000 0.8409 0.0000 0.1591
016240 0.0000 0.8409 0.0000 0.1591
016260 0.0000 0.8409 0.0000 0.1591
016280 0.0000 0.8409 0.0000 0.1591
016300 0.0000 0.8409 0.0000 0.1591
016320 0.0000 0.8409 0.0000 0.1591
016340 0.0000 0.8409 0.0000 0.1591
016360 0.0000 0.8409 0.0000 0.1591
016380 0.0000 0.8409 0.0000 0.1591
016400 0.0000 0.8409 0.0000 0.1591
016420 0.0000 0.8409 0.0000 0.1591
016440 0.0000 0.8409 0.0000 0.1591
016460 0.0000 0.8409 0.0000 0.1591
016480 0.0000 0.8409 0.0000 0.1591
016500 0.0000 0.8409 0.0000 0.1591
016520 0.0000 0.8409 0.0000 0.1591
016540 0.0000 0.8409 0.0000 0.1591
016560 0.0000 0.8409 0.0000 0.1591
016580 0.0000 0.8409 0.0000 0.1591
016600 0.0000 0.8409 0.0000 0.1591
016620 0.0000 0.8409 0.0000 0.1591
016640 0.0000 0.8409 0.0000 0.1591
016660 0.0000 0.8409 0.0000 0.1591
016680 0.0000 0.8409 0.0000 0.1591
016700 0.0000 0.8409 0.0000 0.1591
016720 0.0000 0.8409 0.0000 0.1591
016740 0.0000 0.8409 0.0000 0.1591
016760 0.0000 0.8409 0.0000 0.1591
016780 0.0000 0.8409 0.0000 0.1591
016800 0.0000 0.8409 0.0000 0.1591
016820 0.0000 0.8409 0.0000 0.1591
016840 0.0000 0.8409 0.0000 0.1591
016860 0.0000 0.8409 0.0000 0.1591
016880 0.0000 0.8409 0.0000 0.1591
016900 0.0000 0.8409 0.0000 0.1591
016920 0.0000 0.8409 0.0000 0.1591
016940 0.0000 0.8409 0.0000 0.1591
016960 0.0000 0.8409 0.0000 0.1591
016980 0.0000 0.8409 0.0000 0.1591
017000 0.0000 0.8409 0.0000 0.1591
017020 0.0000 0.8409 0.0000 0.1591
017040 0.0000 0.8409 0.0000 0.1591
017060 0.0000 0.8409 0.0000 0.1591
017080 0.0000 0.8409 0.0000 0.1591
017100 0.0000 0.8409 0.0000 0.1591
017120 0.0000 0.8409 0.0000 0.1591
017140 0.0000 0.8409 0.0000 0.1591
017160 0.0000 0.8409 0.0000 0.1591
017180 0.0000 0.8409 0.0000 0.1591
017200 0.0000 0.8409 0.0000 0.1591
017220 0.0000 0.8409 0.0000 0.1591
017240 0.0000 0.8409 0.0000 0.1591
017260 0.0000 0.8409 0.0000 0.1591
017280 0.0000 0.8409 0.0000 0.1591
017300 0.0000 0.8409 0.0000 0.1591
017320 0.0000 0.8409 0.0000 0.1591
017340 0.0000 0.8409 0.0000 0.1591
017360 0.0000 0.8409 0.0000 0.1591
017380 0.0000 0.8409 0.0000 0.1591
017400 0.0000 0.8409 0.0000 0.1591
017420 0.0000 0.8409 0.0000 0.1591
017440 0.0000 0.8409 0.0000 0.1591
017460 0.0000 0.8409 0.0000 0.1591
017480 0.0000 0.8409 0.0000 0.1591
017500 0.0000 0.8409 0.0000 0.1591
017520 0.0000 0.8409 0.0000 0.1591
017540 0.0000 0.8409 0.0000 0.1591
017560 0.0000 0.8409 0.0000 0.1591
017580 0.0000 0.8409 0.0000 0.1591
017600 0.0000 0.8409 0.0000 0.1591
017620 0.0000 0.8409 0.0000 0.1591
017640 0.0000 0.8409 0.0000 0.1591
017660 0.0000 0.8409 0.0000 0.1591
017680 0.0000 0.8409 0.0000 0.1591
017700 0.0000 0.8409 0.0000 0.1591
017720 0.0000 0.8409 0.0000 0.1591
017740 0.0000 0.8409 0.0000 0.1591
017760 0.0000 0.8409 0.0000 0.1591
017780 0.0000 0.8409 0.0000 0.1591
017800 0.0000 0.8409 0.0000 0.1591
017820 0.0000 0.8409 0.0000 0.1591
017840 0.0000 0.8409 0.0000 0.1591
017860 0.0000 0.8409 0.0000 0.1591
017880 0.0000 0.8409 0.0000 0.1591
017900 0.0000 0.8409 0.0000 0.1591
017920 0.0000 0.8409 0.0000 0.1591
017940 0.0000 0.8409 0.0000 0.1591
017960 0.0000 0.8409 0.0000 0.1591
017980 0.0000 0.8409 0.0000 0.1591
018000 0.0000 0.8409 0.0000 0.1591
018020 0.0000 0.8409 0.0000 0.1591
018040 0.0000 0.8409 0.0000 0.1591
018060 0.0000 0.8409 0.0000 0.1591
018080 0.0000 0.8409 0.0000 0.1591
018100 0.0000 0.8409 0.0000 0.1591
018120 0.0000 0.8409 0.0000 0.1591
018140 0.0000 0.8409 0.0000 0.1591
018160 0.0000 0.8409 0.0000 0.1591
018180 0.0000 0.8409 0.0000 0.1591
018200 0.0000 0.8409 0.0000 0.1591
018220 0.0000 0.8409 0.0000 0.1591
018240 0.0000 0.8409 0.0000 0.1591
018260 0.0000 0.8409 0.0000 0.1591
018280 0.0000 0.8409 0.0000 0.1591
018300 0.0000 0.8409 0.0000 0.1591
018320 0.0000 0.8409 0.0000 0.1591
018340 0.0000 0.8409 0.0000 0.1591
018360 0.0000 0.8409 0.0000 0.1591
018380 0.0000 0.8409 0.0000 0.1591
018400 0.0000 0.8409 0.0000 0.1591
018420 0.0000 0.8409 0.0000 0.1591
018440 0.0000 0.8409 0.0000 0.1591
018460 0.0000 0.8409 0.0000 0.1591
018480 0.0000 0.8409 0.0000 0.1591
018500 0.0000 0.8409 0.0000 0.1591
018520 0.0000 0.8409 0.0000 0.1591
018540 0.0000 0.8409 0.0000 0.1591
018560 0.0000 0.8409 0.0000 0.1591
018580 0.0000 0.8409 0.0000 0.1591
018600 0.0000 0.8409 0.0000 0.1591
018620 0.0000 0.8409 0.0000 0.1591
018640 0.0000 0.8409 0.0000 0.1591
018660 0.0000 0.8409 0.0000 0.1591
018680 0.0000 0.8409 0.0000 0.1591
018700 0.0000 0.8409 0.0000 0.1591
018720 0.0000 0.8409 0.0000 0.1591
018740 0.0000 0.8409 0.0000 0.1591
018760 0.0000 0.8409 0.0000 0.1591
018780 0.0000 0.8409 0.0000 0.1591
018800 0.0000 0.8409 0.0000 0.1591
018820 0.0000 0.8409 0.0000 0.1591
018840 0.0000 0.8409 0.0000 0.1591
018860 0.0000 0.8409 0.0000 0.1591
018880 0.0000 0.8409 0.0000 0.1591
018900 0.0000 0.8409 0.0000 0.1591
018920 0.0000 0.8409 0.0000 0.1591
018940 0.0000 0.8409 0.0000 0.1591
018960 0.0000 0.8409 0.0000 0.1591
018980 0.0000 0.8409 0.0000 0.1591
019000 0.0000 0.8409 0.0000 0.1591
019020 0.0000 0.8409 0.0000 0.1591
019040 0.0000 0.8409 0.0000 0.1591
019060 0.0000 0.8409 0.0000 0.1591
019080 0.0000 0.8409 0.0000 0.1591
019100 0.0000 0.8409 0.0000 0.1591
019120 0.0000 0.8409 0.0000 0.1591
019140 0.0000 0.8409 0.0000 0.1591
019160 0.0000 0.8409 0.0000 0.1591
019180 0.0000 0.8409 0.0000 0.1591
019200 0.0000 0.8409 0.0000 0.1591
019220 0.0000 0.8409 0.0000 0.1591
019240 0.0000 0.8409 0.0000 0.1591
019260 0.0000 0.8409 0.0000 0.1591
019280 0.0000 0.8409 0.0000 0.1591
019300 0.0000 0.8409 0.0000 0.1591
019320 0.0000 0.8409 0.0000 0.1591
019340 0.0000 0.8409 0.0000 0.1591
019360 0.0000 0.8409 0.0000 0.1591
019380 0.0000 0.8409 0.0000 0.1591
019400 0.0000 0.8409 0.0000 0.1591
019420 0.0000 0.8409 0.0000 0.1591
019440 0.0000 0.8409 0.0000 0.1591
019460 0.0000 0.8409 0.0000 0.1591
019480 0.0000 0.8409 0.0000 0.1591
019500 0.0000 0.8409 0.0000 0.1591
019520 0.0000 0.8409 0.0000 0.1591
019540 0.0000 0.8409 0.0000 0.1591
019560 0.0000 0.8409 0.0000 0.1591
019580 0.0000 0.8409 0.0000 0.1591
019600 0.0000 0.8409 0.0000 0.1591
019620 0.0000 0.8409 0.0000 0.1591
019640 0.0000 0.8409 0.0000 0.1591
019660 0.0000 0.8409 0.0000 0.1591
019680 0.0000 0.8409 0.0000 0.1591
019700 0.0000 0.8409 0.0000 0.1591
019720 0.0000 0.8409 0.0000 0.1591
019740 0.0000 0.8409 0.0000 0.1591
019760 0.0000 0.8409 0.0000 0.1591
019780 0.0000 0.8409 0.0000 0.1591
019800 0.0000 0.8409 0.0000 0.1591
019820 0.0000 0.8409 0.0000 0.1591
019840 0.0000 0.8409 0.0000 0.1591
019860 0.0000 0.8409 0.0000 0.1591
019880 0.0000 0.8409 0.0000 0.1591
019900 0.0000 0.8409 0.0000 0.1591
019920 0.0000 0.8409 0.0000 0.1591
019940 0.0000 0.8409 0.0000 0.1591
019960 0.0000 0.8409 0.0000 0.1591
019980 0.0000 0.8409 0.0000 0.1591
020000 0.0000 0.8409 0.0000 0.1591
