000000 0.2497 0.2503 0.2501 0.2499
000020 0.0082 0.8106 0.0000 0.1811
000040 0.0022 0.8325 0.0000 0.1653
000060 0.0009 0.8377 0.0000 0.1614
000080 0.0003 0.8403 0.0000 0.1594
000100 0.0001 0.8413 0.0000 0.1585
000120 0.0000 0.8408 0.0000 0.1592
000140 0.0000 0.8411 0.0000 0.1589
000160 0.0000 0.8415 0.0000 0.1585
000180 0.0000 0.8410 0.0000 0.1590
000200 0.0000 0.8416 0.0000 0.1584
000220 0.0000 0.8406 0.0000 0.1594
000240 0.0000 0.8408 0.0000 0.1592
000260 0.0000 0.8419 0.0000 0.1581
000280 0.0000 0.8410 0.0000 0.1590
000300 0.0000 0.8410 0.0000 0.1590
000320 0.0000 0.8404 0.0000 0.1596
000340 0.0000 0.8410 0.0000 0.1590
000360 0.0000 0.8408 0.0000 0.1592
000380 0.0000 0.8409 0.0000 0.1591
000400 0.0000 0.8417 0.0000 0.1583
000420 0.0000 0.8405 0.0000 0.1595
000440 0.0000 0.8414 0.0000 0.1586
000460 0.0000 0.8416 0.0000 0.1584
000480 0.0000 0.8414 0.0000 0.1586
000500 0.0000 0.8415 0.0000 0.1585
000520 0.0000 0.8412 0.0000 0.1588
000540 0.0000 0.8415 0.0000 0.1585
000560 0.0000 0.8411 0.0000 0.1589
000580 0.0000 0.8415 0.0000 0.1585
000600 0.0000 0.8419 0.0000 0.1581
000620 0.0000 0.8408 0.0000 0.1592
000640 0.0000 0.8419 0.0000 0.1581
000660 0.0000 0.8416 0.0000 0.1584
000680 0.0000 0.8415 0.0000 0.1585
000700 0.0000 0.8408 0.0000 0.1592
000720 0.0000 0.8407 0.0000 0.1593
000740 0.0000 0.8410 0.0000 0.1590
000760 0.0000 0.8420 0.0000 0.1580
000780 0.0000 0.8411 0.0000 0.1589
000800 0.0000 0.8413 0.0000 0.1587
000820 0.0000 0.8414 0.0000 0.1586
000840 0.0000 0.8414 0.0000 0.1586
000860 0.0000 0.8415 0.0000 0.1585
000880 0.0000 0.8408 0.0000 0.1592
000900 0.0000 0.8419 0.0000 0.1581
000920 0.0000 0.8411 0.0000 0.1589
000940 0.0000 0.8414 0.0000 0.1586
000960 0.0000 0.8418 0.0000 0.1582
000980 0.0000 0.8420 0.0000 0.1580
001000 0.0000 0.8408 0.0000 0.1592
001020 0.0000 0.8409 0.0000 0.1591
001040 0.0000 0.8415 0.0000 0.1585
001060 0.0000 0.8404 0.0000 0.1596
001080 0.0000 0.8411 0.0000 0.1589
001100 0.0000 0.8411 0.0000 0.1589
001120 0.0000 0.8411 0.0000 0.1589
001140 0.0000 0.8411 0.0000 0.1589
001160 0.0000 0.8409 0.0000 0.1591
001180 0.0000 0.8416 0.0000 0.1584
001200 0.0000 0.8411 0.0000 0.1589
001220 0.0000 0.8413 0.0000 0.1587
001240 0.0000 0.8415 0.0000 0.1585
001260 0.0000 0.8417 0.0000 0.1583
001280 0.0000 0.8413 0.0000 0.1587
001300 0.0000 0.8422 0.0000 0.1578
001320 0.0000 0.8417 0.0000 0.1583
001340 0.0000 0.8407 0.0000 0.1593
001360 0.0000 0.8403 0.0000 0.1597
001380 0.0000 0.8404 0.0000 0.1596
001400 0.0000 0.8412 0.0000 0.1588
001420 0.0000 0.8407 0.0000 0.1593
001440 0.0000 0.8412 0.0000 0.1588
001460 0.0000 0.8422 0.0000 0.1578
001480 0.0000 0.8412 0.0000 0.1588
001500 0.0000 0.8413 0.0000 0.1587
001520 0.0000 0.8407 0.0000 0.1593
001540 0.0000 0.8416 0.0000 0.1584
001560 0.0000 0.8408 0.0000 0.1592
001580 0.0000 0.8412 0.0000 0.1588
001600 0.0000 0.8408 0.0000 0.1592
001620 0.0000 0.8409 0.0000 0.1591
001640 0.0000 0.8415 0.0000 0.1585
001660 0.0000 0.8402 0.0000 0.1598
001680 0.0000 0.8408 0.0000 0.1592
001700 0.0000 0.8410 0.0000 0.1590
001720 0.0000 0.8406 0.0000 0.1594
001740 0.0000 0.8403 0.0000 0.1597
001760 0.0000 0.8413 0.0000 0.1587
001780 0.0000 0.8414 0.0000 0.1586
001800 0.0000 0.8413 0.0000 0.1587
001820 0.0000 0.8407 0.0000 0.1593
001840 0.0000 0.8417 0.0000 0.1583
001860 0.0000 0.8411 0.0000 0.1589
001880 0.0000 0.8417 0.0000 0.1583
001900 0.0000 0.8416 0.0000 0.1584
001920 0.0000 0.8402 0.0000 0.1598
001940 0.0000 0.8408 0.0000 0.1592
001960 0.0000 0.8409 0.0000 0.1591
001980 0.0000 0.8410 0.0000 0.1590
002000 0.0000 0.8419 0.0000 0.1581
002020 0.0000 0.8418 0.0000 0.1582
002040 0.0000 0.8412 0.0000 0.1588
002060 0.0000 0.8412 0.0000 0.1588
002080 0.0000 0.8428 0.0000 0.1572
002100 0.0000 0.8418 0.0000 0.1582
002120 0.0000 0.8405 0.0000 0.1595
002140 0.0000 0.8414 0.0000 0.1586
002160 0.0000 0.8409 0.0000 0.1590
002180 0.0000 0.8414 0.0000 0.1586
002200 0.0000 0.8411 0.0000 0.1589
002220 0.0000 0.8419 0.0000 0.1581
002240 0.0000 0.8411 0.0000 0.1589
002260 0.0000 0.8411 0.0000 0.1589
002280 0.0000 0.8414 0.0000 0.1586
002300 0.0000 0.8411 0.0000 0.1589
002320 0.0000 0.8407 0.0000 0.1593
002340 0.0000 0.8415 0.0000 0.1585
002360 0.0000 0.8411 0.0000 0.1589
002380 0.0000 0.8414 0.0000 0.1586
002400 0.0000 0.8412 0.0000 0.1588
002420 0.0000 0.8413 0.0000 0.1587
002440 0.0000 0.8416 0.0000 0.1584
002460 0.0000 0.8421 0.0000 0.1579
002480 0.0000 0.8416 0.0000 0.1584
002500 0.0000 0.8399 0.0000 0.1601
002520 0.0000 0.8409 0.0000 0.1591
002540 0.0000 0.8417 0.0000 0.1583
002560 0.0000 0.8415 0.0000 0.1585
002580 0.0000 0.8409 0.0000 0.1591
002600 0.0000 0.8412 0.0000 0.1588
002620 0.0000 0.8416 0.0000 0.1584
002640 0.0000 0.8419 0.0000 0.1581
002660 0.0000 0.8415 0.0000 0.1585
002680 0.0000 0.8414 0.0000 0.1586
002700 0.0000 0.8411 0.0000 0.1589
002720 0.0000 0.8417 0.0000 0.1583
002740 0.0000 0.8416 0.0000 0.1584
002760 0.0000 0.8413 0.0000 0.1587
002780 0.0000 0.8410 0.0000 0.1590
002800 0.0000 0.8408 0.0000 0.1592
002820 0.0000 0.8410 0.0000 0.1590
002840 0.0000 0.8409 0.0000 0.1591
002860 0.0000 0.8417 0.0000 0.1583
002880 0.0000 0.8417 0.0000 0.1583
002900 0.0000 0.8411 0.0000 0.1589
002920 0.0000 0.8421 0.0000 0.1579
002940 0.0000 0.8415 0.0000 0.1585
002960 0.0000 0.8409 0.0000 0.1591
002980 0.0000 0.8416 0.0000 0.1584
003000 0.0000 0.8415 0.0000 0.1585
003020 0.0000 0.8414 0.0000 0.1586
003040 0.0000 0.8414 0.0000 0.1586
003060 0.0000 0.8417 0.0000 0.1583
003080 0.0000 0.8407 0.0000 0.1593
003100 0.0000 0.8409 0.0000 0.1591
003120 0.0000 0.8418 0.0000 0.1582
003140 0.0000 0.8423 0.0000 0.1577
003160 0.0000 0.8411 0.0000 0.1589
003180 0.0000 0.8417 0.0000 0.1583
003200 0.0000 0.8409 0.0000 0.1591
003220 0.0000 0.8412 0.0000 0.1588
003240 0.0000 0.8411 0.0000 0.1589
003260 0.0000 0.8408 0.0000 0.1592
003280 0.0000 0.8409 0.0000 0.1591
003300 0.0000 0.8404 0.0000 0.1596
003320 0.0000 0.8402 0.0000 0.1598
003340 0.0000 0.8412 0.0000 0.1588
003360 0.0000 0.8421 0.0000 0.1579
003380 0.0000 0.8413 0.0000 0.1587
003400 0.0000 0.8418 0.0000 0.1582
003420 0.0000 0.8407 0.0000 0.1593
003440 0.0000 0.8413 0.0000 0.1587
003460 0.0000 0.8411 0.0000 0.1589
003480 0.0000 0.8417 0.0000 0.1583
003500 0.0000 0.8411 0.0000 0.1589
003520 0.0000 0.8419 0.0000 0.1581
003540 0.0000 0.8417 0.0000 0.1583
003560 0.0000 0.8416 0.0000 0.1585
003580 0.0000 0.8409 0.0000 0.1591
003600 0.0000 0.8414 0.0000 0.1586
003620 0.0000 0.8419 0.0000 0.1581
003640 0.0000 0.8410 0.0000 0.1590
003660 0.0000 0.8408 0.0000 0.1592
003680 0.0000 0.8414 0.0000 0.1586
003700 0.0000 0.8406 0.0000 0.1594
003720 0.0000 0.8414 0.0000 0.1586
003740 0.0000 0.8412 0.0000 0.1588
003760 0.0000 0.8409 0.0000 0.1591
003780 0.0000 0.8414 0.0000 0.1586
003800 0.0000 0.8417 0.0000 0.1583
003820 0.0000 0.8415 0.0000 0.1585
003840 0.0000 0.8419 0.0000 0.1581
003860 0.0000 0.8425 0.0000 0.1575
003880 0.0000 0.8416 0.0000 0.1584
003900 0.0000 0.8406 0.0000 0.1594
003920 0.0000 0.8406 0.0000 0.1594
003940 0.0000 0.8406 0.0000 0.1594
003960 0.0000 0.8409 0.0000 0.1591
003980 0.0000 0.8415 0.0000 0.1585
004000 0.0000 0.8409 0.0000 0.1591
004020 0.0000 0.8405 0.0000 0.1595
004040 0.0000 0.8412 0.0000 0.1588
004060 0.0000 0.8412 0.0000 0.1588
004080 0.0000 0.8410 0.0000 0.1590
004100 0.0000 0.8413 0.0000 0.1587
004120 0.0000 0.8410 0.0000 0.1590
004140 0.0000 0.8407 0.0000 0.1593
004160 0.0000 0.8406 0.0000 0.1594
004180 0.0000 0.8408 0.0000 0.1592
004200 0.0000 0.8408 0.0000 0.1592
004220 0.0000 0.8422 0.0000 0.1578
004240 0.0000 0.8413 0.0000 0.1587
004260 0.0000 0.8410 0.0000 0.1590
004280 0.0000 0.8420 0.0000 0.1580
004300 0.0000 0.8419 0.0000 0.1581
004320 0.0000 0.8412 0.0000 0.1588
004340 0.0000 0.8407 0.0000 0.1593
004360 0.0000 0.8415 0.0000 0.1585
004380 0.0000 0.8420 0.0000 0.1580
004400 0.0000 0.8425 0.0000 0.1575
004420 0.0000 0.8413 0.0000 0.1587
004440 0.0000 0.8405 0.0000 0.1595
004460 0.0000 0.8408 0.0000 0.1592
004480 0.0000 0.8410 0.0000 0.1590
004500 0.0000 0.8405 0.0000 0.1595
004520 0.0000 0.8414 0.0000 0.1586
004540 0.0000 0.8406 0.0000 0.1594
004560 0.0000 0.8410 0.0000 0.1590
004580 0.0000 0.8414 0.0000 0.1586
004600 0.0000 0.8417 0.0000 0.1583
004620 0.0000 0.8412 0.0000 0.1588
004640 0.0000 0.8408 0.0000 0.1592
004660 0.0000 0.8412 0.0000 0.1588
004680 0.0000 0.8422 0.0000 0.1578
004700 0.0000 0.8413 0.0000 0.1587
004720 0.0000 0.8409 0.0000 0.1591
004740 0.0000 0.8410 0.0000 0.1590
004760 0.0000 0.8415 0.0000 0.1585
004780 0.0000 0.8406 0.0000 0.1594
004800 0.0000 0.8411 0.0000 0.1589
004820 0.0000 0.8405 0.0000 0.1595
004840 0.0000 0.8409 0.0000 0.1591
004860 0.0000 0.8421 0.0000 0.1579
004880 0.0000 0.8417 0.0000 0.1583
004900 0.0000 0.8417 0.0000 0.1583
004920 0.0000 0.8412 0.0000 0.1588
004940 0.0000 0.8413 0.0000 0.1587
004960 0.0000 0.8410 0.0000 0.1590
004980 0.0000 0.8403 0.0000 0.1597
005000 0.0000 0.8408 0.0000 0.1592
005020 0.0000 0.8408 0.0000 0.1592
005040 0.0000 0.8400 0.0000 0.1600
005060 0.0000 0.8403 0.0000 0.1597
005080 0.0000 0.8404 0.0000 0.1596
005100 0.0000 0.8411 0.0000 0.1589
005120 0.0000 0.8412 0.0000 0.1588
005140 0.0000 0.8410 0.0000 0.1590
005160 0.0000 0.8409 0.0000 0.1591
005180 0.0000 0.8409 0.0000 0.1591
005200 0.0000 0.8411 0.0000 0.1589
005220 0.0000 0.8413 0.0000 0.1587
005240 0.0000 0.8416 0.0000 0.1584
005260 0.0000 0.8417 0.0000 0.1583
005280 0.0000 0.8424 0.0000 0.1576
005300 0.0000 0.8430 0.0000 0.1570
005320 0.0000 0.8424 0.0000 0.1576
005340 0.0000 0.8411 0.0000 0.1589
005360 0.0000 0.8419 0.0000 0.1581
005380 0.0000 0.8411 0.0000 0.1589
005400 0.0000 0.8423 0.0000 0.1577
005420 0.0000 0.8420 0.0000 0.1580
005440 0.0000 0.8418 0.0000 0.1582
005460 0.0000 0.8414 0.0000 0.1586
005480 0.0000 0.8426 0.0000 0.1574
005500 0.0000 0.8412 0.0000 0.1588
005520 0.0000 0.8412 0.0000 0.1588
005540 0.0000 0.8412 0.0000 0.1588
005560 0.0000 0.8413 0.0000 0.1587
005580 0.0000 0.8423 0.0000 0.1577
005600 0.0000 0.8416 0.0000 0.1584
005620 0.0000 0.8419 0.0000 0.1581
005640 0.0000 0.8418 0.0000 0.1582
005660 0.0000 0.8421 0.0000 0.1579
005680 0.0000 0.8419 0.0000 0.1581
005700 0.0000 0.8410 0.0000 0.1590
005720 0.0000 0.8412 0.0000 0.1588
005740 0.0000 0.8412 0.0000 0.1588
005760 0.0000 0.8410 0.0000 0.1590
005780 0.0000 0.8410 0.0000 0.1590
005800 0.0000 0.8410 0.0000 0.1590
005820 0.0000 0.8410 0.0000 0.1590
005840 0.0000 0.8409 0.0000 0.1591
005860 0.0000 0.8417 0.0000 0.1583
005880 0.0000 0.8410 0.0000 0.1590
005900 0.0000 0.8417 0.0000 0.1583
005920 0.0000 0.8409 0.0000 0.1591
005940 0.0000 0.8416 0.0000 0.1584
005960 0.0000 0.8408 0.0000 0.1592
005980 0.0000 0.8414 0.0000 0.1586
006000 0.0000 0.8405 0.0000 0.1595
006020 0.0000 0.8418 0.0000 0.1582
006040 0.0000 0.8402 0.0000 0.1598
006060 0.0000 0.8413 0.0000 0.1587
006080 0.0000 0.8404 0.0000 0.1596
006100 0.0000 0.8413 0.0000 0.1587
006120 0.0000 0.8416 0.0000 0.1584
006140 0.0000 0.8419 0.0000 0.1581
006160 0.0000 0.8411 0.0000 0.1589
006180 0.0000 0.8423 0.0000 0.1577
006200 0.0000 0.8412 0.0000 0.1588
006220 0.0000 0.8410 0.0000 0.1590
006240 0.0000 0.8412 0.0000 0.1588
006260 0.0000 0.8409 0.0000 0.1591
006280 0.0000 0.8418 0.0000 0.1582
006300 0.0000 0.8416 0.0000 0.1584
006320 0.0000 0.8413 0.0000 0.1587
006340 0.0000 0.8416 0.0000 0.1584
006360 0.0000 0.8411 0.0000 0.1589
006380 0.0000 0.8414 0.0000 0.1586
006400 0.0000 0.8410 0.0000 0.1590
006420 0.0000 0.8408 0.0000 0.1592
006440 0.0000 0.8415 0.0000 0.1585
006460 0.0000 0.8409 0.0000 0.1591
006480 0.0000 0.8417 0.0000 0.1583
006500 0.0000 0.8417 0.0000 0.1583
006520 0.0000 0.8420 0.0000 0.1580
006540 0.0000 0.8413 0.0000 0.1587
006560 0.0000 0.8407 0.0000 0.1593
006580 0.0000 0.8415 0.0000 0.1585
006600 0.0000 0.8416 0.0000 0.1584
006620 0.0000 0.8413 0.0000 0.1587
006640 0.0000 0.8413 0.0000 0.1587
006660 0.0000 0.8410 0.0000 0.1590
006680 0.0000 0.8418 0.0000 0.1582
006700 0.0000 0.8414 0.0000 0.1586
006720 0.0000 0.8417 0.0000 0.1583
006740 0.0000 0.8416 0.0000 0.1584
006760 0.0000 0.8407 0.0000 0.1593
006780 0.0000 0.8412 0.0000 0.1588
006800 0.0000 0.8408 0.0000 0.1592
006820 0.0000 0.8410 0.0000 0.1590
006840 0.0000 0.8408 0.0000 0.1592
006860 0.0000 0.8417 0.0000 0.1583
006880 0.0000 0.8412 0.0000 0.1588
006900 0.0000 0.8413 0.0000 0.1587
006920 0.0000 0.8412 0.0000 0.1588
006940 0.0000 0.8415 0.0000 0.1585
006960 0.0000 0.8418 0.0000 0.1582
006980 0.0000 0.8404 0.0000 0.1596
007000 0.0000 0.8410 0.0000 0.1590
007020 0.0000 0.8416 0.0000 0.1584
007040 0.0000 0.8404 0.0000 0.1596
007060 0.0000 0.8413 0.0000 0.1587
007080 0.0000 0.8410 0.0000 0.1590
007100 0.0000 0.8420 0.0000 0.1580
007120 0.0000 0.8411 0.0000 0.1589
007140 0.0000 0.8413 0.0000 0.1588
007160 0.0000 0.8414 0.0000 0.1586
007180 0.0000 0.8414 0.0000 0.1586
007200 0.0000 0.8411 0.0000 0.1589
007220 0.0000 0.8419 0.0000 0.1581
007240 0.0000 0.8414 0.0000 0.1586
007260 0.0000 0.8411 0.0000 0.1589
007280 0.0000 0.8415 0.0000 0.1585
007300 0.0000 0.8417 0.0000 0.1583
007320 0.0000 0.8422 0.0000 0.1578
007340 0.0000 0.8413 0.0000 0.1587
007360 0.0000 0.8419 0.0000 0.1581
007380 0.0000 0.8412 0.0000 0.1588
007400 0.0000 0.8425 0.0000 0.1575
007420 0.0000 0.8414 0.0000 0.1586
007440 0.0000 0.8412 0.0000 0.1588
007460 0.0000 0.8422 0.0000 0.1578
007480 0.0000 0.8415 0.0000 0.1585
007500 0.0000 0.8412 0.0000 0.1588
007520 0.0000 0.8409 0.0000 0.1591
007540 0.0000 0.8419 0.0000 0.1581
007560 0.0000 0.8408 0.0000 0.1592
007580 0.0000 0.8407 0.0000 0.1593
007600 0.0000 0.8410 0.0000 0.1590
007620 0.0000 0.8411 0.0000 0.1589
007640 0.0000 0.8413 0.0000 0.1587
007660 0.0000 0.8414 0.0000 0.1586
007680 0.0000 0.8414 0.0000 0.1586
007700 0.0000 0.8408 0.0000 0.1592
007720 0.0000 0.8412 0.0000 0.1588
007740 0.0000 0.8414 0.0000 0.1586
007760 0.0000 0.8418 0.0000 0.1582
007780 0.0000 0.8416 0.0000 0.1584
007800 0.0000 0.8409 0.0000 0.1591
007820 0.0000 0.8411 0.0000 0.1589
007840 0.0000 0.8407 0.0000 0.1593
007860 0.0000 0.8414 0.0000 0.1586
007880 0.0000 0.8423 0.0000 0.1577
007900 0.0000 0.8412 0.0000 0.1588
007920 0.0000 0.8403 0.0000 0.1597
007940 0.0000 0.8411 0.0000 0.1589
007960 0.0000 0.8411 0.0000 0.1589
007980 0.0000 0.8416 0.0000 0.1584
008000 0.0000 0.8416 0.0000 0.1584
008020 0.0000 0.8402 0.0000 0.1598
008040 0.0000 0.8411 0.0000 0.1589
008060 0.0000 0.8411 0.0000 0.1589
008080 0.0000 0.8420 0.0000 0.1580
008100 0.0000 0.8414 0.0000 0.1586
008120 0.0000 0.8415 0.0000 0.1585
008140 0.0000 0.8413 0.0000 0.1587
008160 0.0000 0.8414 0.0000 0.1586
008180 0.0000 0.8415 0.0000 0.1585
008200 0.0000 0.8416 0.0000 0.1584
008220 0.0000 0.8414 0.0000 0.1586
008240 0.0000 0.8408 0.0000 0.1592
008260 0.0000 0.8414 0.0000 0.1586
008280 0.0000 0.8420 0.0000 0.1580
008300 0.0000 0.8422 0.0000 0.1578
008320 0.0000 0.8420 0.0000 0.1580
008340 0.0000 0.8411 0.0000 0.1589
008360 0.0000 0.8400 0.0000 0.1600
008380 0.0000 0.8402 0.0000 0.1598
008400 0.0000 0.8413 0.0000 0.1587
008420 0.0000 0.8407 0.0000 0.1593
008440 0.0000 0.8408 0.0000 0.1592
008460 0.0000 0.8408 0.0000 0.1592
008480 0.0000 0.8407 0.0000 0.1593
008500 0.0000 0.8407 0.0000 0.1593
008520 0.0000 0.8413 0.0000 0.1587
008540 0.0000 0.8403 0.0000 0.1597
008560 0.0000 0.8403 0.0000 0.1597
008580 0.0000 0.8412 0.0000 0.1588
008600 0.0000 0.8416 0.0000 0.1584
008620 0.0000 0.8415 0.0000 0.1585
008640 0.0000 0.8413 0.0000 0.1587
008660 0.0000 0.8414 0.0000 0.1586
008680 0.0000 0.8418 0.0000 0.1582
008700 0.0000 0.8411 0.0000 0.1589
008720 0.0000 0.8404 0.0000 0.1596
008740 0.0000 0.8409 0.0000 0.1591
008760 0.0000 0.8412 0.0000 0.1588
008780 0.0000 0.8421 0.0000 0.1579
008800 0.0000 0.8410 0.0000 0.1590
008820 0.0000 0.8411 0.0000 0.1589
008840 0.0000 0.8418 0.0000 0.1582
008860 0.0000 0.8411 0.0000 0.1589
008880 0.0000 0.8408 0.0000 0.1592
008900 0.0000 0.8399 0.0000 0.1601
008920 0.0000 0.8409 0.0000 0.1591
008940 0.0000 0.8412 0.0000 0.1588
008960 0.0000 0.8415 0.0000 0.1585
008980 0.0000 0.8409 0.0000 0.1591
009000 0.0000 0.8418 0.0000 0.1582
009020 0.0000 0.8411 0.0000 0.1589
009040 0.0000 0.8411 0.0000 0.1589
009060 0.0000 0.8414 0.0000 0.1586
009080 0.0000 0.8414 0.0000 0.1586
009100 0.0000 0.8416 0.0000 0.1584
009120 0.0000 0.8421 0.0000 0.1579
009140 0.0000 0.8411 0.0000 0.1589
009160 0.0000 0.8411 0.0000 0.1589
009180 0.0000 0.8413 0.0000 0.1587
009200 0.0000 0.8405 0.0000 0.1595
009220 0.0000 0.8412 0.0000 0.1588
009240 0.0000 0.8413 0.0000 0.1587
009260 0.0000 0.8417 0.0000 0.1583
009280 0.0000 0.8414 0.0000 0.1586
009300 0.0000 0.8409 0.0000 0.1591
009320 0.0000 0.8414 0.0000 0.1586
009340 0.0000 0.8411 0.0000 0.1589
009360 0.0000 0.8414 0.0000 0.1586
009380 0.0000 0.8417 0.0000 0.1583
009400 0.0000 0.8421 0.0000 0.1579
009420 0.0000 0.8414 0.0000 0.1586
009440 0.0000 0.8408 0.0000 0.1592
009460 0.0000 0.8413 0.0000 0.1587
009480 0.0000 0.8412 0.0000 0.1588
009500 0.0000 0.8416 0.0000 0.1584
009520 0.0000 0.8417 0.0000 0.1583
009540 0.0000 0.8414 0.0000 0.1586
009560 0.0000 0.8422 0.0000 0.1578
009580 0.0000 0.8417 0.0000 0.1583
009600 0.0000 0.8416 0.0000 0.1584
009620 0.0000 0.8409 0.0000 0.1591
009640 0.0000 0.8416 0.0000 0.1585
009660 0.0000 0.8407 0.0000 0.1593
009680 0.0000 0.8418 0.0000 0.1582
009700 0.0000 0.8405 0.0000 0.1595
009720 0.0000 0.8410 0.0000 0.1590
009740 0.0000 0.8414 0.0000 0.1586
009760 0.0000 0.8407 0.0000 0.1593
009780 0.0000 0.8419 0.0000 0.1581
009800 0.0000 0.8418 0.0000 0.1582
009820 0.0000 0.8416 0.0000 0.1584
009840 0.0000 0.8415 0.0000 0.1585
009860 0.0000 0.8419 0.0000 0.1581
009880 0.0000 0.8410 0.0000 0.1590
009900 0.0000 0.8407 0.0000 0.1593
009920 0.0000 0.8410 0.0000 0.1590
009940 0.0000 0.8411 0.0000 0.1589
009960 0.0000 0.8414 0.0000 0.1586
009980 0.0000 0.8409 0.0000 0.1591
010000 0.0000 0.8417 0.0000 0.1583
010020 0.0000 0.8424 0.0000 0.1576
010040 0.0000 0.8424 0.0000 0.1576
010060 0.0000 0.8424 0.0000 0.1576
010080 0.0000 0.8424 0.0000 0.1576
010100 0.0000 0.8424 0.0000 0.1576
010120 0.0000 0.8424 0.0000 0.1576
010140 0.0000 0.8424 0.0000 0.1576
010160 0.0000 0.8424 0.0000 0.1576
010180 0.0000 0.8424 0.0000 0.1576
010200 0.0000 0.8424 0.0000 0.1576
010220 0.0000 0.8424 0.0000 0.1576
010240 0.0000 0.8424 0.0000 0.1576
010260 0.0000 0.8424 0.0000 0.1576
010280 0.0000 0.8424 0.0000 0.1576
010300 0.0000 0.8424 0.0000 0.1576
010320 0.0000 0.8424 0.0000 0.1576
010340 0.0000 0.8424 0.0000 0.1576
010360 0.0000 0.8424 0.0000 0.1576
010380 0.0000 0.8424 0.0000 0.1576
010400 0.0000 0.8424 0.0000 0.1576
010420 0.0000 0.8424 0.0000 0.1576
010440 0.0000 0.8424 0.0000 0.1576
010460 0.0000 0.8424 0.0000 0.1576
010480 0.0000 0.8424 0.0000 0.1576
010500 0.0000 0.8424 0.0000 0.1576
010520 0.0000 0.8424 0.0000 0.1576
010540 0.0000 0.8424 0.0000 0.1576
010560 0.0000 0.8424 0.0000 0.1576
010580 0.0000 0.8424 0.0000 0.1576
010600 0.0000 0.8424 0.0000 0.1576
010620 0.0000 0.8424 0.0000 0.1576
010640 0.0000 0.8424 0.0000 0.1576
010660 0.0000 0.8424 0.0000 0.1576
010680 0.0000 0.8424 0.0000 0.1576
010700 0.0000 0.8424 0.0000 0.1576
010720 0.0000 0.8424 0.0000 0.1576
010740 0.0000 0.8424 0.0000 0.1576
010760 0.0000 0.8424 0.0000 0.1576
010780 0.0000 0.8424 0.0000 0.1576
010800 0.0000 0.8424 0.0000 0.1576
010820 0.0000 0.8424 0.0000 0.1576
010840 0.0000 0.8424 0.0000 0.1576
010860 0.0000 0.8424 0.0000 0.1576
010880 0.0000 0.8424 0.0000 0.1576
010900 0.0000 0.8424 0.0000 0.1576
010920 0.0000 0.8424 0.0000 0.1576
010940 0.0000 0.8424 0.0000 0.1576
010960 0.0000 0.8424 0.0000 0.1576
010980 0.0000 0.8424 0.0000 0.1576
011000 0.0000 0.8424 0.0000 0.1576
011020 0.0000 0.8424 0.0000 0.1576
011040 0.0000 0.8424 0.0000 0.1576
011060 0.0000 0.8424 0.0000 0.1576
011080 0.0000 0.8424 0.0000 0.1576
011100 0.0000 0.8424 0.0000 0.1576
011120 0.0000 0.8424 0.0000 0.1576
011140 0.0000 0.8424 0.0000 0.1576
011160 0.0000 0.8424 0.0000 0.1576
011180 0.0000 0.8424 0.0000 0.1576
011200 0.0000 0.8424 0.0000 0.1576
011220 0.0000 0.8424 0.0000 0.1576
011240 0.0000 0.8424 0.0000 0.1576
011260 0.0000 0.8424 0.0000 0.1576
011280 0.0000 0.8424 0.0000 0.1576
011300 0.0000 0.8424 0.0000 0.1576
011320 0.0000 0.8424 0.0000 0.1576
011340 0.0000 0.8424 0.0000 0.1576
011360 0.0000 0.8424 0.0000 0.1576
011380 0.0000 0.8424 0.0000 0.1576
011400 0.0000 0.8424 0.0000 0.1576
011420 0.0000 0.8424 0.0000 0.1576
011440 0.0000 0.8424 0.0000 0.1576
011460 0.0000 0.8424 0.0000 0.1576
011480 0.0000 0.8424 0.0000 0.1576
011500 0.0000 0.8424 0.0000 0.1576
011520 0.0000 0.8424 0.0000 0.1576
011540 0.0000 0.8424 0.0000 0.1576
011560 0.0000 0.8424 0.0000 0.1576
011580 0.0000 0.8424 0.0000 0.1576
011600 0.0000 0.8424 0.0000 0.1576
011620 0.0000 0.8424 0.0000 0.1576
011640 0.0000 0.8424 0.0000 0.1576
011660 0.0000 0.8424 0.0000 0.1576
011680 0.0000 0.8424 0.0000 0.1576
011700 0.0000 0.8424 0.0000 0.1576
011720 0.0000 0.8424 0.0000 0.1576
011740 0.0000 0.8424 0.0000 0.1576
011760 0.0000 0.8424 0.0000 0.1576
011780 0.0000 0.8424 0.0000 0.1576
011800 0.0000 0.8424 0.0000 0.1576
011820 0.0000 0.8424 0.0000 0.1576
011840 0.0000 0.8424 0.0000 0.1576
011860 0.0000 0.8424 0.0000 0.1576
011880 0.0000 0.8424 0.0000 0.1576
011900 0.0000 0.8424 0.0000 0.1576
011920 0.0000 0.8424 0.0000 0.1576
011940 0.0000 0.8424 0.0000 0.1576
011960 0.0000 0.8424 0.0000 0.1576
011980 0.0000 0.8424 0.0000 0.1576
012000 0.0000 0.8424 0.0000 0.1576
012020 0.0000 0.8424 0.0000 0.1576
012040 0.0000 0.8424 0.0000 0.1576
012060 0.0000 0.8424 0.0000 0.1576
012080 0.0000 0.8424 0.0000 0.1576
012100 0.0000 0.8424 0.0000 0.1576
012120 0.0000 0.8424 0.0000 0.1576
012140 0.0000 0.8424 0.0000 0.1576
012160 0.0000 0.8424 0.0000 0.1576
012180 0.0000 0.8424 0.0000 0.1576
012200 0.0000 0.8424 0.0000 0.1576
012220 0.0000 0.8424 0.0000 0.1576
012240 0.0000 0.8424 0.0000 0.1576
012260 0.0000 0.8424 0.0000 0.1576
012280 0.0000 0.8424 0.0000 0.1576
012300 0.0000 0.8424 0.0000 0.1576
012320 0.0000 0.8424 0.0000 0.1576
012340 0.0000 0.8424 0.0000 0.1576
012360 0.0000 0.8424 0.0000 0.1576
012380 0.0000 0.8424 0.0000 0.1576
012400 0.0000 0.8424 0.0000 0.1576
012420 0.0000 0.8424 0.0000 0.1576
012440 0.0000 0.8424 0.0000 0.1576
012460 0.0000 0.8424 0.0000 0.1576
012480 0.0000 0.8424 0.0000 0.1576
012500 0.0000 0.8424 0.0000 0.1576
012520 0.0000 0.8424 0.0000 0.1576
012540 0.0000 0.8424 0.0000 0.1576
012560 0.0000 0.8424 0.0000 0.1576
012580 0.0000 0.8424 0.0000 0.1576
012600 0.0000 0.8424 0.0000 0.1576
012620 0.0000 0.8424 0.0000 0.1576
012640 0.0000 0.8424 0.0000 0.1576
012660 0.0000 0.8424 0.0000 0.1576
012680 0.0000 0.8424 0.0000 0.1576
012700 0.0000 0.8424 0.0000 0.1576
012720 0.0000 0.8424 0.0000 0.1576
012740 0.0000 0.8424 0.0000 0.1576
012760 0.0000 0.8424 0.0000 0.1576
012780 0.0000 0.8424 0.0000 0.1576
012800 0.0000 0.8424 0.0000 0.1576
012820 0.0000 0.8424 0.0000 0.1576
012840 0.0000 0.8424 0.0000 0.1576
012860 0.0000 0.8424 0.0000 0.1576
012880 0.0000 0.8424 0.0000 0.1576
012900 0.0000 0.8424 0.0000 0.1576
012920 0.0000 0.8424 0.0000 0.1576
012940 0.0000 0.8424 0.0000 0.1576
012960 0.0000 0.8424 0.0000 0.1576
012980 0.0000 0.8424 0.0000 0.1576
013000 0.0000 0.8424 0.0000 0.1576
013020 0.0000 0.8424 0.0000 0.1576
013040 0.0000 0.8424 0.0000 0.1576
013060 0.0000 0.8424 0.0000 0.1576
013080 0.0000 0.8424 0.0000 0.1576
013100 0.0000 0.8424 0.0000 0.1576
013120 0.0000 0.8424 0.0000 0.1576
013140 0.0000 0.8424 0.0000 0.1576
013160 0.0000 0.8424 0.0000 0.1576
013180 0.0000 0.8424 0.0000 0.1576
013200 0.0000 0.8424 0.0000 0.1576
013220 0.0000 0.8424 0.0000 0.1576
013240 0.0000 0.8424 0.0000 0.1576
013260 0.0000 0.8424 0.0000 0.1576
013280 0.0000 0.8424 0.0000 0.1576
013300 0.0000 0.8424 0.0000 0.1576
013320 0.0000 0.8424 0.0000 0.1576
013340 0.0000 0.8424 0.0000 0.1576
013360 0.0000 0.8424 0.0000 0.1576
013380 0.0000 0.8424 0.0000 0.1576
013400 0.0000 0.8424 0.0000 0.1576
013420 0.0000 0.8424 0.0000 0.1576
013440 0.0000 0.8424 0.0000 0.1576
013460 0.0000 0.8424 0.0000 0.1576
013480 0.0000 0.8424 0.0000 0.1576
013500 0.0000 0.8424 0.0000 0.1576
013520 0.0000 0.8424 0.0000 0.1576
013540 0.0000 0.8424 0.0000 0.1576
013560 0.0000 0.8424 0.0000 0.1576
013580 0.0000 0.8424 0.0000 0.1576
013600 0.0000 0.8424 0.0000 0.1576
013620 0.0000 0.8424 0.0000 0.1576
013640 0.0000 0.8424 0.0000 0.1576
013660 0.0000 0.8424 0.0000 0.1576
013680 0.0000 0.8424 0.0000 0.1576
013700 0.0000 0.8424 0.0000 0.1576
013720 0.0000 0.8424 0.0000 0.1576
013740 0.0000 0.8424 0.0000 0.1576
013760 0.0000 0.8424 0.0000 0.1576
013780 0.0000 0.8424 0.0000 0.1576
013800 0.0000 0.8424 0.0000 0.1576
013820 0.0000 0.8424 0.0000 0.1576
013840 0.0000 0.8424 0.0000 0.1576
013860 0.0000 0.8424 0.0000 0.1576
013880 0.0000 0.8424 0.0000 0.1576
013900 0.0000 0.8424 0.0000 0.1576
013920 0.0000 0.8424 0.0000 0.1576
013940 0.0000 0.8424 0.0000 0.1576
013960 0.0000 0.8424 0.0000 0.1576
013980 0.0000 0.8424 0.0000 0.1576
014000 0.0000 0.8424 0.0000 0.1576
014020 0.0000 0.8424 0.0000 0.1576
014040 0.0000 0.8424 0.0000 0.1576
014060 0.0000 0.8424 0.0000 0.1576
014080 0.0000 0.8424 0.0000 0.1576
014100 0.0000 0.8424 0.0000 0.1576
014120 0.0000 0.8424 0.0000 0.1576
014140 0.0000 0.8424 0.0000 0.1576
014160 0.0000 0.8424 0.0000 0.1576
014180 0.0000 0.8424 0.0000 0.1576
014200 0.0000 0.8424 0.0000 0.1576
014220 0.0000 0.8424 0.0000 0.1576
014240 0.0000 0.8424 0.0000 0.1576
014260 0.0000 0.8424 0.0000 0.1576
014280 0.0000 0.8424 0.0000 0.1576
014300 0.0000 0.8424 0.0000 0.1576
014320 0.0000 0.8424 0.0000 0.1576
014340 0.0000 0.8424 0.0000 0.1576
014360 0.0000 0.8424 0.0000 0.1576
014380 0.0000 0.8424 0.0000 0.1576
014400 0.0000 0.8424 0.0000 0.1576
014420 0.0000 0.8424 0.0000 0.1576
014440 0.0000 0.8424 0.0000 0.1576
014460 0.0000 0.8424 0.0000 0.1576
014480 0.0000 0.8424 0.0000 0.1576
014500 0.0000 0.8424 0.0000 0.1576
014520 0.0000 0.8424 0.0000 0.1576
014540 0.0000 0.8424 0.0000 0.1576
014560 0.0000 0.8424 0.0000 0.1576
014580 0.0000 0.8424 0.0000 0.1576
014600 0.0000 0.8424 0.0000 0.1576
014620 0.0000 0.8424 0.0000 0.1576
014640 0.0000 0.8424 0.0000 0.1576
014660 0.0000 0.8424 0.0000 0.1576
014680 0.0000 0.8424 0.0000 0.1576
014700 0.0000 0.8424 0.0000 0.1576
014720 0.0000 0.8424 0.0000 0.1576
014740 0.0000 0.8424 0.0000 0.1576
014760 0.0000 0.8424 0.0000 0.1576
014780 0.0000 0.8424 0.0000 0.1576
014800 0.0000 0.8424 0.0000 0.1576
014820 0.0000 0.8424 0.0000 0.1576
014840 0.0000 0.8424 0.0000 0.1576
014860 0.0000 0.8424 0.0000 0.1576
014880 0.0000 0.8424 0.0000 0.1576
014900 0.0000 0.8424 0.0000 0.1576
014920 0.0000 0.8424 0.0000 0.1576
014940 0.0000 0.8424 0.0000 0.1576
014960 0.0000 0.8424 0.0000 0.1576
014980 0.0000 0.8424 0.0000 0.1576
015000 0.0000 0.8424 0.0000 0.1576
015020 0.0000 0.8424 0.0000 0.1576
015040 0.0000 0.8424 0.0000 0.1576
015060 0.0000 0.8424 0.0000 0.1576
015080 0.0000 0.8424 0.0000 0.1576
015100 0.0000 0.8424 0.0000 0.1576
015120 0.0000 0.8424 0.0000 0.1576
015140 0.0000 0.8424 0.0000 0.1576
015160 0.0000 0.8424 0.0000 0.1576
015180 0.0000 0.8424 0.0000 0.1576
015200 0.0000 0.8424 0.0000 0.1576
015220 0.0000 0.8424 0.0000 0.1576
015240 0.0000 0.8424 0.0000 0.1576
015260 0.0000 0.8424 0.0000 0.1576
015280 0.0000 0.8424 0.0000 0.1576
015300 0.0000 0.8424 0.0000 0.1576
015320 0.0000 0.8424 0.0000 0.1576
015340 0.0000 0.8424 0.0000 0.1576
015360 0.0000 0.8424 0.0000 0.1576
015380 0.0000 0.8424 0.0000 0.1576
015400 0.0000 0.8424 0.0000 0.1576
015420 0.0000 0.8424 0.0000 0.1576
015440 0.0000 0.8424 0.0000 0.1576
015460 0.0000 0.8424 0.0000 0.1576
015480 0.0000 0.8424 0.0000 0.1576
015500 0.0000 0.8424 0.0000 0.1576
015520 0.0000 0.8424 0.0000 0.1576
015540 0.0000 0.8424 0.0000 0.1576
015560 0.0000 0.8424 0.0000 0.1576
015580 0.0000 0.8424 0.0000 0.1576
015600 0.0000 0.8424 0.0000 0.1576
015620 0.0000 0.8424 0.0000 0.1576
015640 0.0000 0.8424 0.0000 0.1576
015660 0.0000 0.8424 0.0000 0.1576
015680 0.0000 0.8424 0.0000 0.1576
015700 0.0000 0.8424 0.0000 0.1576
015720 0.0000 0.8424 0.0000 0.1576
015740 0.0000 0.8424 0.0000 0.1576
015760 0.0000 0.8424 0.0000 0.1576
015780 0.0000 0.8424 0.0000 0.1576
015800 0.0000 0.8424 0.0000 0.1576
015820 0.0000 0.8424 0.0000 0.1576
015840 0.0000 0.8424 0.0000 0.1576
015860 0.0000 0.8424 0.0000 0.1576
015880 0.0000 0.8424 0.0000 0.1576
015900 0.0000 0.8424 0.0000 0.1576
015920 0.0000 0.8424 0.0000 0.1576
015940 0.0000 0.8424 0.0000 0.1576
015960 0.0000 0.8424 0.0000 0.1576
015980 0.0000 0.8424 0.0000 0.1576
016000 0.0000 0.8424 0.0000 0.1576
016020 0.0000 0.8424 0.0000 0.1576
016040 0.0000 0.8424 0.0000 0.1576
016060 0.0000 0.8424 0.0000 0.1576
016080 0.0000 0.8424 0.0000 0.1576
016100 0.0000 0.8424 0.0000 0.1576
016120 0.0000 0.8424 0.0000 0.1576
016140 0.0000 0.8424 0.0000 0.1576
016160 0.0000 0.8424 0.0000 0.1576
016180 0.0000 0.8424 0.0000 0.1576
016200 0.0000 0.8424 0.0000 0.1576
016220 0.0000 0.8424 0.0000 0.1576
016240 0.0000 0.8424 0.0000 0.1576
016260 0.0000 0.8424 0.0000 0.1576
016280 0.0000 0.8424 0.0000 0.1576
016300 0.0000 0.8424 0.0000 0.1576
016320 0.0000 0.8424 0.0000 0.1576
016340 0.0000 0.8424 0.0000 0.1576
016360 0.0000 0.8424 0.0000 0.1576
016380 0.0000 0.8424 0.0000 0.1576
016400 0.0000 0.8424 0.0000 0.1576
016420 0.0000 0.8424 0.0000 0.1576
016440 0.0000 0.8424 0.0000 0.1576
016460 0.0000 0.8424 0.0000 0.1576
016480 0.0000 0.8424 0.0000 0.1576
016500 0.0000 0.8424 0.0000 0.1576
016520 0.0000 0.8424 0.0000 0.1576
016540 0.0000 0.8424 0.0000 0.1576
016560 0.0000 0.8424 0.0000 0.1576
016580 0.0000 0.8424 0.0000 0.1576
016600 0.0000 0.8424 0.0000 0.1576
016620 0.0000 0.8424 0.0000 0.1576
016640 0.0000 0.8424 0.0000 0.1576
016660 0.0000 0.8424 0.0000 0.1576
016680 0.0000 0.8424 0.0000 0.1576
016700 0.0000 0.8424 0.0000 0.1576
016720 0.0000 0.8424 0.0000 0.1576
016740 0.0000 0.8424 0.0000 0.1576
016760 0.0000 0.8424 0.0000 0.1576
016780 0.0000 0.8424 0.0000 0.1576
016800 0.0000 0.8424 0.0000 0.1576
016820 0.0000 0.8424 0.0000 0.1576
016840 0.0000 0.8424 0.0000 0.1576
016860 0.0000 0.8424 0.0000 0.1576
016880 0.0000 0.8424 0.0000 0.1576
016900 0.0000 0.8424 0.0000 0.1576
016920 0.0000 0.8424 0.0000 0.1576
016940 0.0000 0.8424 0.0000 0.1576
016960 0.0000 0.8424 0.0000 0.1576
016980 0.0000 0.8424 0.0000 0.1576
017000 0.0000 0.8424 0.0000 0.1576
017020 0.0000 0.8424 0.0000 0.1576
017040 0.0000 0.8424 0.0000 0.1576
017060 0.0000 0.8424 0.0000 0.1576
017080 0.0000 0.8424 0.0000 0.1576
017100 0.0000 0.8424 0.0000 0.1576
017120 0.0000 0.8424 0.0000 0.1576
017140 0.0000 0.8424 0.0000 0.1576
017160 0.0000 0.8424 0.0000 0.1576
017180 0.0000 0.8424 0.0000 0.1576
017200 0.0000 0.8424 0.0000 0.1576
017220 0.0000 0.8424 0.0000 0.1576
017240 0.0000 0.8424 0.0000 0.1576
017260 0.0000 0.8424 0.0000 0.1576
017280 0.0000 0.8424 0.0000 0.1576
017300 0.0000 0.8424 0.0000 0.1576
017320 0.0000 0.8424 0.0000 0.1576
017340 0.0000 0.8424 0.0000 0.1576
017360 0.0000 0.8424 0.0000 0.1576
017380 0.0000 0.8424 0.0000 0.1576
017400 0.0000 0.8424 0.0000 0.1576
017420 0.0000 0.8424 0.0000 0.1576
017440 0.0000 0.8424 0.0000 0.1576
017460 0.0000 0.8424 0.0000 0.1576
017480 0.0000 0.8424 0.0000 0.1576
017500 0.0000 0.8424 0.0000 0.1576
017520 0.0000 0.8424 0.0000 0.1576
017540 0.0000 0.8424 0.0000 0.1576
017560 0.0000 0.8424 0.0000 0.1576
017580 0.0000 0.8424 0.0000 0.1576
017600 0.0000 0.8424 0.0000 0.1576
017620 0.0000 0.8424 0.0000 0.1576
017640 0.0000 0.8424 0.0000 0.1576
017660 0.0000 0.8424 0.0000 0.1576
017680 0.0000 0.8424 0.0000 0.1576
017700 0.0000 0.8424 0.0000 0.1576
017720 0.0000 0.8424 0.0000 0.1576
017740 0.0000 0.8424 0.0000 0.1576
017760 0.0000 0.8424 0.0000 0.1576
017780 0.0000 0.8424 0.0000 0.1576
017800 0.0000 0.8424 0.0000 0.1576
017820 0.0000 0.8424 0.0000 0.1576
017840 0.0000 0.8424 0.0000 0.1576
017860 0.0000 0.8424 0.0000 0.1576
017880 0.0000 0.8424 0.0000 0.1576
017900 0.0000 0.8424 0.0000 0.1576
017920 0.0000 0.8424 0.0000 0.1576
017940 0.0000 0.8424 0.0000 0.1576
017960 0.0000 0.8424 0.0000 0.1576
017980 0.0000 0.8424 0.0000 0.1576
018000 0.0000 0.8424 0.0000 0.1576
018020 0.0000 0.8424 0.0000 0.1576
018040 0.0000 0.8424 0.0000 0.1576
018060 0.0000 0.8424 0.0000 0.1576
018080 0.0000 0.8424 0.0000 0.1576
018100 0.0000 0.8424 0.0000 0.1576
018120 0.0000 0.8424 0.0000 0.1576
018140 0.0000 0.8424 0.0000 0.1576
018160 0.0000 0.8424 0.0000 0.1576
018180 0.0000 0.8424 0.0000 0.1576
018200 0.0000 0.8424 0.0000 0.1576
018220 0.0000 0.8424 0.0000 0.1576
018240 0.0000 0.8424 0.0000 0.1576
018260 0.0000 0.8424 0.0000 0.1576
018280 0.0000 0.8424 0.0000 0.1576
018300 0.0000 0.8424 0.0000 0.1576
018320 0.0000 0.8424 0.0000 0.1576
018340 0.0000 0.8424 0.0000 0.1576
018360 0.0000 0.8424 0.0000 0.1576
018380 0.0000 0.8424 0.0000 0.1576
018400 0.0000 0.8424 0.0000 0.1576
018420 0.0000 0.8424 0.0000 0.1576
018440 0.0000 0.8424 0.0000 0.1576
018460 0.0000 0.8424 0.0000 0.1576
018480 0.0000 0.8424 0.0000 0.1576
018500 0.0000 0.8424 0.0000 0.1576
018520 0.0000 0.8424 0.0000 0.1576
018540 0.0000 0.8424 0.0000 0.1576
018560 0.0000 0.8424 0.0000 0.1576
018580 0.0000 0.8424 0.0000 0.1576
018600 0.0000 0.8424 0.0000 0.1576
018620 0.0000 0.8424 0.0000 0.1576
018640 0.0000 0.8424 0.0000 0.1576
018660 0.0000 0.8424 0.0000 0.1576
018680 0.0000 0.8424 0.0000 0.1576
018700 0.0000 0.8424 0.0000 0.1576
018720 0.0000 0.8424 0.0000 0.1576
018740 0.0000 0.8424 0.0000 0.1576
018760 0.0000 0.8424 0.0000 0.1576
018780 0.0000 0.8424 0.0000 0.1576
018800 0.0000 0.8424 0.0000 0.1576
018820 0.0000 0.8424 0.0000 0.1576
018840 0.0000 0.8424 0.0000 0.1576
018860 0.0000 0.8424 0.0000 0.1576
018880 0.0000 0.8424 0.0000 0.1576
018900 0.0000 0.8424 0.0000 0.1576
018920 0.0000 0.8424 0.0000 0.1576
018940 0.0000 0.8424 0.0000 0.1576
018960 0.0000 0.8424 0.0000 0.1576
018980 0.0000 0.8424 0.0000 0.1576
019000 0.0000 0.8424 0.0000 0.1576
019020 0.0000 0.8424 0.0000 0.1576
019040 0.0000 0.8424 0.0000 0.1576
019060 0.0000 0.8424 0.0000 0.1576
019080 0.0000 0.8424 0.0000 0.1576
019100 0.0000 0.8424 0.0000 0.1576
019120 0.0000 0.8424 0.0000 0.1576
019140 0.0000 0.8424 0.0000 0.1576
019160 0.0000 0.8424 0.0000 0.1576
019180 0.0000 0.8424 0.0000 0.1576
019200 0.0000 0.8424 0.0000 0.1576
019220 0.0000 0.8424 0.0000 0.1576
019240 0.0000 0.8424 0.0000 0.1576
019260 0.0000 0.8424 0.0000 0.1576
019280 0.0000 0.8424 0.0000 0.1576
019300 0.0000 0.8424 0.0000 0.1576
019320 0.0000 0.8424 0.0000 0.1576
019340 0.0000 0.8424 0.0000 0.1576
019360 0.0000 0.8424 0.0000 0.1576
019380 0.0000 0.8424 0.0000 0.1576
019400 0.0000 0.8424 0.0000 0.1576
019420 0.0000 0.8424 0.0000 0.1576
019440 0.0000 0.8424 0.0000 0.1576
019460 0.0000 0.8424 0.0000 0.1576
019480 0.0000 0.8424 0.0000 0.1576
019500 0.0000 0.8424 0.0000 0.1576
019520 0.0000 0.8424 0.0000 0.1576
019540 0.0000 0.8424 0.0000 0.1576
019560 0.0000 0.8424 0.0000 0.1576
019580 0.0000 0.8424 0.0000 0.1576
019600 0.0000 0.8424 0.0000 0.1576
019620 0.0000 0.8424 0.0000 0.1576
019640 0.0000 0.8424 0.0000 0.1576
019660 0.0000 0.8424 0.0000 0.1576
019680 0.0000 0.8424 0.0000 0.1576
019700 0.0000 0.8424 0.0000 0.1576
019720 0.0000 0.8424 0.0000 0.1576
019740 0.0000 0.8424 0.0000 0.1576
019760 0.0000 0.8424 0.0000 0.1576
019780 0.0000 0.8424 0.0000 0.1576
019800 0.0000 0.8424 0.0000 0.1576
019820 0.0000 0.8424 0.0000 0.1576
019840 0.0000 0.8424 0.0000 0.1576
019860 0.0000 0.8424 0.0000 0.1576
019880 0.0000 0.8424 0.0000 0.1576
019900 0.0000 0.8424 0.0000 0.1576
019920 0.0000 0.8424 0.0000 0.1576
019940 0.0000 0.8424 0.0000 0.1576
019960 0.0000 0.8424 0.0000 0.1576
019980 0.0000 0.8424 0.0000 0.1576
020000 0.0000 0.8424 0.0000 0.1576
