000000 0.2498 0.2496 0.2503 0.2504
000020 0.2680 0.5593 0.0047 0.1680
000040 0.2688 0.5743 0.0006 0.1563
000060 0.2688 0.5773 0.0001 0.1538
000080 0.2673 0.5797 0.0000 0.1530
000100 0.2637 0.5827 0.0000 0.1536
000120 0.2591 0.5874 0.0000 0.1534
000140 0.2594 0.5876 0.0000 0.1530
000160 0.2573 0.5894 0.0000 0.1534
000180 0.2562 0.5915 0.0000 0.1523
000200 0.2570 0.5900 0.0000 0.1530
000220 0.2562 0.5902 0.0000 0.1536
000240 0.2535 0.5920 0.0000 0.1545
000260 0.2526 0.5939 0.0000 0.1534
000280 0.2485 0.5972 0.0000 0.1542
000300 0.2501 0.5966 0.0000 0.1533
000320 0.2503 0.5960 0.0000 0.1536
000340 0.2501 0.5970 0.0000 0.1528
000360 0.2533 0.5940 0.0000 0.1527
000380 0.2517 0.5950 0.0000 0.1534
000400 0.2524 0.5945 0.0000 0.1531
000420 0.2511 0.5956 0.0000 0.1533
000440 0.2515 0.5955 0.0000 0.1530
000460 0.2526 0.5937 0.0000 0.1537
000480 0.2520 0.5940 0.0000 0.1540
000500 0.2497 0.5958 0.0000 0.1544
000520 0.2473 0.5981 0.0000 0.1546
000540 0.2484 0.5978 0.0000 0.1538
000560 0.2492 0.5965 0.0000 0.1543
000580 0.2510 0.5958 0.0000 0.1532
000600 0.2513 0.5954 0.0000 0.1533
000620 0.2491 0.5970 0.0000 0.1539
000640 0.2503 0.5960 0.0000 0.1537
000660 0.2504 0.5956 0.0000 0.1540
000680 0.2518 0.5951 0.0000 0.1531
000700 0.2541 0.5922 0.0000 0.1537
000720 0.2508 0.5958 0.0000 0.1534
000740 0.2523 0.5952 0.0000 0.1525
000760 0.2510 0.5945 0.0000 0.1545
000780 0.2490 0.5971 0.0000 0.1539
000800 0.2502 0.5963 0.0000 0.1535
000820 0.2495 0.5978 0.0000 0.1526
000840 0.2500 0.5962 0.0000 0.1537
000860 0.2469 0.5984 0.0000 0.1547
000880 0.2485 0.5972 0.0000 0.1543
000900 0.2487 0.5978 0.0000 0.1535
000920 0.2495 0.5974 0.0000 0.1531
000940 0.2479 0.5985 0.0000 0.1536
000960 0.2490 0.5975 0.0000 0.1535
000980 0.2485 0.5966 0.0000 0.1549
001000 0.2485 0.5978 0.0000 0.1537
001020 0.2494 0.5970 0.0000 0.1536
001040 0.2482 0.5981 0.0000 0.1536
001060 0.2493 0.5972 0.0000 0.1535
001080 0.2495 0.5976 0.0000 0.1529
001100 0.2503 0.5960 0.0000 0.1536
001120 0.2477 0.5992 0.0000 0.1531
001140 0.2489 0.5983 0.0000 0.1528
001160 0.2507 0.5974 0.0000 0.1519
001180 0.2490 0.5970 0.0000 0.1540
001200 0.2476 0.5994 0.0000 0.1531
001220 0.2518 0.5952 0.0000 0.1530
001240 0.2534 0.5923 0.0000 0.1543
001260 0.2530 0.5940 0.0000 0.1530
001280 0.2540 0.5932 0.0000 0.1528
001300 0.2539 0.5918 0.0000 0.1543
001320 0.2542 0.5919 0.0000 0.1539
001340 0.2538 0.5930 0.0000 0.1532
001360 0.2526 0.5934 0.0000 0.1540
001380 0.2517 0.5956 0.0000 0.1528
001400 0.2507 0.5960 0.0000 0.1534
001420 0.2505 0.5963 0.0000 0.1531
001440 0.2500 0.5959 0.0000 0.1541
001460 0.2529 0.5940 0.0000 0.1530
001480 0.2494 0.5963 0.0000 0.1543
001500 0.2487 0.5978 0.0000 0.1535
001520 0.2501 0.5961 0.0000 0.1539
001540 0.2521 0.5945 0.0000 0.1534
001560 0.2504 0.5958 0.0000 0.1538
001580 0.2506 0.5949 0.0000 0.1544
001600 0.2477 0.5987 0.0000 0.1536
001620 0.2508 0.5961 0.0000 0.1531
001640 0.2491 0.5968 0.0000 0.1541
001660 0.2484 0.5976 0.0000 0.1540
001680 0.2517 0.5954 0.0000 0.1529
001700 0.2493 0.5960 0.0000 0.1547
001720 0.2503 0.5974 0.0000 0.1524
001740 0.2516 0.5944 0.0000 0.1540
001760 0.2522 0.5943 0.0000 0.1535
001780 0.2525 0.5953 0.0000 0.1522
001800 0.2542 0.5933 0.0000 0.1525
001820 0.2555 0.5913 0.0000 0.1533
001840 0.2569 0.5903 0.0000 0.1527
001860 0.2543 0.5909 0.0000 0.1548
001880 0.2522 0.5940 0.0000 0.1538
001900 0.2497 0.5963 0.0000 0.1540
001920 0.2480 0.5983 0.0000 0.1537
001940 0.2491 0.5968 0.0000 0.1541
001960 0.2490 0.5976 0.0000 0.1534
001980 0.2512 0.5957 0.0000 0.1530
002000 0.2494 0.5965 0.0000 0.1542
002020 0.2491 0.5984 0.0000 0.1525
002040 0.2522 0.5945 0.0000 0.1533
002060 0.2513 0.5960 0.0000 0.1527
002080 0.2509 0.5955 0.0000 0.1535
002100 0.2522 0.5947 0.0000 0.1531
002120 0.2530 0.5937 0.0000 0.1533
002140 0.2524 0.5937 0.0000 0.1539
002160 0.2492 0.5968 0.0000 0.1540
002180 0.2500 0.5964 0.0000 0.1535
002200 0.2521 0.5939 0.0000 0.1539
002220 0.2501 0.5957 0.0000 0.1542
002240 0.2496 0.5965 0.0000 0.1539
002260 0.2526 0.5948 0.0000 0.1526
002280 0.2524 0.5936 0.0000 0.1540
002300 0.2531 0.5940 0.0000 0.1529
002320 0.2533 0.5939 0.0000 0.1528
002340 0.2528 0.5936 0.0000 0.1536
002360 0.2521 0.5947 0.0000 0.1532
002380 0.2539 0.5929 0.0000 0.1532
002400 0.2525 0.5939 0.0000 0.1536
002420 0.2508 0.5944 0.0000 0.1548
002440 0.2506 0.5948 0.0000 0.1547
002460 0.2493 0.5965 0.0000 0.1542
002480 0.2487 0.5968 0.0000 0.1545
002500 0.2505 0.5954 0.0000 0.1541
002520 0.2506 0.5956 0.0000 0.1537
002540 0.2499 0.5967 0.0000 0.1534
002560 0.2484 0.5981 0.0000 0.1536
002580 0.2502 0.5965 0.0000 0.1533
002600 0.2527 0.5943 0.0000 0.1530
002620 0.2534 0.5929 0.0000 0.1537
002640 0.2516 0.5941 0.0000 0.1543
002660 0.2505 0.5958 0.0000 0.1537
002680 0.2537 0.5938 0.0000 0.1525
002700 0.2516 0.5945 0.0000 0.1539
002720 0.2532 0.5937 0.0000 0.1531
002740 0.2545 0.5928 0.0000 0.1527
002760 0.2532 0.5914 0.0000 0.1554
002780 0.2530 0.5942 0.0000 0.1528
002800 0.2525 0.5940 0.0000 0.1535
002820 0.2509 0.5969 0.0000 0.1522
002840 0.2544 0.5932 0.0000 0.1523
002860 0.2538 0.5939 0.0000 0.1523
002880 0.2543 0.5917 0.0000 0.1540
002900 0.2527 0.5937 0.0000 0.1535
002920 0.2535 0.5933 0.0000 0.1532
002940 0.2551 0.5918 0.0000 0.1531
002960 0.2541 0.5935 0.0000 0.1524
002980 0.2546 0.5928 0.0000 0.1526
003000 0.2543 0.5920 0.0000 0.1537
003020 0.2546 0.5930 0.0000 0.1524
003040 0.2550 0.5913 0.0000 0.1538
003060 0.2524 0.5945 0.0000 0.1531
003080 0.2498 0.5961 0.0000 0.1541
003100 0.2475 0.5987 0.0000 0.1538
003120 0.2472 0.5986 0.0000 0.1542
003140 0.2471 0.5990 0.0000 0.1539
003160 0.2482 0.5986 0.0000 0.1532
003180 0.2474 0.5982 0.0000 0.1545
003200 0.2464 0.5994 0.0000 0.1542
003220 0.2485 0.5985 0.0000 0.1531
003240 0.2493 0.5971 0.0000 0.1536
003260 0.2499 0.5971 0.0000 0.1530
003280 0.2487 0.5973 0.0000 0.1539
003300 0.2476 0.5999 0.0000 0.1525
003320 0.2505 0.5961 0.0000 0.1534
003340 0.2519 0.5962 0.0000 0.1519
003360 0.2516 0.5962 0.0000 0.1522
003380 0.2528 0.5935 0.0000 0.1537
003400 0.2493 0.5965 0.0000 0.1542
003420 0.2497 0.5965 0.0000 0.1538
003440 0.2511 0.5949 0.0000 0.1541
003460 0.2482 0.5978 0.0000 0.1539
003480 0.2493 0.5972 0.0000 0.1535
003500 0.2499 0.5967 0.0000 0.1534
003520 0.2473 0.5982 0.0000 0.1545
003540 0.2498 0.5970 0.0000 0.1532
003560 0.2518 0.5957 0.0000 0.1526
003580 0.2537 0.5935 0.0000 0.1528
003600 0.2508 0.5960 0.0000 0.1532
003620 0.2504 0.5959 0.0000 0.1538
003640 0.2499 0.5956 0.0000 0.1545
003660 0.2479 0.5981 0.0000 0.1540
003680 0.2473 0.5990 0.0000 0.1537
003700 0.2475 0.5988 0.0000 0.1537
003720 0.2484 0.5973 0.0000 0.1544
003740 0.2495 0.5966 0.0000 0.1539
003760 0.2496 0.5965 0.0000 0.1539
003780 0.2473 0.5976 0.0000 0.1551
003800 0.2482 0.5982 0.0000 0.1536
003820 0.2517 0.5956 0.0000 0.1527
003840 0.2522 0.5947 0.0000 0.1530
003860 0.2548 0.5917 0.0000 0.1535
003880 0.2520 0.5941 0.0000 0.1540
003900 0.2532 0.5939 0.0000 0.1529
003920 0.2516 0.5946 0.0000 0.1538
003940 0.2533 0.5946 0.0000 0.1522
003960 0.2534 0.5934 0.0000 0.1533
003980 0.2494 0.5973 0.0000 0.1533
004000 0.2487 0.5985 0.0000 0.1528
004020 0.2507 0.5964 0.0000 0.1529
004040 0.2533 0.5943 0.0000 0.1523
004060 0.2513 0.5946 0.0000 0.1541
004080 0.2509 0.5953 0.0000 0.1538
004100 0.2502 0.5954 0.0000 0.1544
004120 0.2486 0.5977 0.0000 0.1538
004140 0.2529 0.5938 0.0000 0.1532
004160 0.2524 0.5948 0.0000 0.1528
004180 0.2513 0.5946 0.0000 0.1541
004200 0.2502 0.5957 0.0000 0.1540
004220 0.2469 0.5987 0.0000 0.1544
004240 0.2477 0.5990 0.0000 0.1533
004260 0.2509 0.5959 0.0000 0.1532
004280 0.2526 0.5953 0.0000 0.1521
004300 0.2553 0.5930 0.0000 0.1517
004320 0.2530 0.5949 0.0000 0.1522
004340 0.2517 0.5939 0.0000 0.1544
004360 0.2515 0.5950 0.0000 0.1535
004380 0.2514 0.5945 0.0000 0.1541
004400 0.2500 0.5967 0.0000 0.1533
004420 0.2505 0.5959 0.0000 0.1535
004440 0.2482 0.5984 0.0000 0.1534
004460 0.2475 0.5989 0.0000 0.1536
004480 0.2497 0.5974 0.0000 0.1529
004500 0.2516 0.5952 0.0000 0.1533
004520 0.2513 0.5951 0.0000 0.1536
004540 0.2522 0.5948 0.0000 0.1529
004560 0.2520 0.5937 0.0000 0.1543
004580 0.2517 0.5941 0.0000 0.1542
004600 0.2546 0.5924 0.0000 0.1530
004620 0.2509 0.5948 0.0000 0.1543
004640 0.2505 0.5951 0.0000 0.1543
004660 0.2499 0.5952 0.0000 0.1549
004680 0.2506 0.5949 0.0000 0.1545
004700 0.2511 0.5955 0.0000 0.1535
004720 0.2504 0.5956 0.0000 0.1540
004740 0.2497 0.5960 0.0000 0.1543
004760 0.2497 0.5963 0.0000 0.1540
004780 0.2516 0.5950 0.0000 0.1534
004800 0.2542 0.5932 0.0000 0.1526
004820 0.2534 0.5924 0.0000 0.1542
004840 0.2544 0.5936 0.0000 0.1520
004860 0.2538 0.5930 0.0000 0.1533
004880 0.2530 0.5941 0.0000 0.1530
004900 0.2516 0.5954 0.0000 0.1530
004920 0.2533 0.5934 0.0000 0.1533
004940 0.2519 0.5938 0.0000 0.1543
004960 0.2515 0.5945 0.0000 0.1540
004980 0.2492 0.5973 0.0000 0.1535
005000 0.2537 0.5935 0.0000 0.1529
005020 0.2547 0.5920 0.0000 0.1533
005040 0.2527 0.5925 0.0000 0.1547
005060 0.2508 0.5948 0.0000 0.1544
005080 0.2515 0.5954 0.0000 0.1531
005100 0.2513 0.5952 0.0000 0.1534
005120 0.2493 0.5968 0.0000 0.1539
005140 0.2486 0.5978 0.0000 0.1537
005160 0.2513 0.5953 0.0000 0.1534
005180 0.2528 0.5941 0.0000 0.1531
005200 0.2514 0.5956 0.0000 0.1530
005220 0.2531 0.5938 0.0000 0.1531
005240 0.2533 0.5933 0.0000 0.1533
005260 0.2519 0.5942 0.0000 0.1539
005280 0.2510 0.5952 0.0000 0.1538
005300 0.2507 0.5954 0.0000 0.1540
005320 0.2509 0.5954 0.0000 0.1536
005340 0.2519 0.5957 0.0000 0.1524
005360 0.2517 0.5951 0.0000 0.1532
005380 0.2498 0.5973 0.0000 0.1529
005400 0.2503 0.5961 0.0000 0.1536
005420 0.2508 0.5959 0.0000 0.1534
005440 0.2519 0.5944 0.0000 0.1537
005460 0.2532 0.5934 0.0000 0.1534
005480 0.2517 0.5946 0.0000 0.1536
005500 0.2512 0.5952 0.0000 0.1536
005520 0.2533 0.5936 0.0000 0.1531
005540 0.2528 0.5936 0.0000 0.1536
005560 0.2545 0.5923 0.0000 0.1532
005580 0.2528 0.5937 0.0000 0.1534
005600 0.2531 0.5940 0.0000 0.1529
005620 0.2524 0.5943 0.0000 0.1533
005640 0.2514 0.5956 0.0000 0.1530
005660 0.2515 0.5957 0.0000 0.1528
005680 0.2542 0.5926 0.0000 0.1533
005700 0.2524 0.5934 0.0000 0.1542
005720 0.2502 0.5962 0.0000 0.1536
005740 0.2507 0.5958 0.0000 0.1534
005760 0.2519 0.5935 0.0000 0.1546
005780 0.2514 0.5941 0.0000 0.1545
005800 0.2517 0.5948 0.0000 0.1535
005820 0.2521 0.5942 0.0000 0.1537
005840 0.2509 0.5941 0.0000 0.1550
005860 0.2512 0.5955 0.0000 0.1533
005880 0.2521 0.5941 0.0000 0.1538
005900 0.2517 0.5946 0.0000 0.1538
005920 0.2514 0.5944 0.0000 0.1542
005940 0.2502 0.5958 0.0000 0.1540
005960 0.2511 0.5958 0.0000 0.1531
005980 0.2520 0.5947 0.0000 0.1532
006000 0.2530 0.5925 0.0000 0.1545
006020 0.2507 0.5957 0.0000 0.1536
006040 0.2507 0.5960 0.0000 0.1534
006060 0.2513 0.5961 0.0000 0.1526
006080 0.2496 0.5967 0.0000 0.1537
006100 0.2496 0.5964 0.0000 0.1540
006120 0.2512 0.5941 0.0000 0.1547
006140 0.2498 0.5970 0.0000 0.1531
006160 0.2502 0.5963 0.0000 0.1535
006180 0.2502 0.5964 0.0000 0.1534
006200 0.2492 0.5973 0.0000 0.1535
006220 0.2498 0.5966 0.0000 0.1536
006240 0.2510 0.5958 0.0000 0.1532
006260 0.2510 0.5945 0.0000 0.1545
006280 0.2513 0.5950 0.0000 0.1537
006300 0.2506 0.5956 0.0000 0.1539
006320 0.2506 0.5968 0.0000 0.1525
006340 0.2505 0.5973 0.0000 0.1522
006360 0.2506 0.5962 0.0000 0.1533
006380 0.2504 0.5961 0.0000 0.1535
006400 0.2499 0.5966 0.0000 0.1534
006420 0.2508 0.5955 0.0000 0.1537
006440 0.2499 0.5951 0.0000 0.1551
006460 0.2519 0.5946 0.0000 0.1535
006480 0.2515 0.5954 0.0000 0.1531
006500 0.2509 0.5958 0.0000 0.1533
006520 0.2497 0.5963 0.0000 0.1541
006540 0.2492 0.5975 0.0000 0.1533
006560 0.2504 0.5959 0.0000 0.1538
006580 0.2488 0.5972 0.0000 0.1540
006600 0.2506 0.5959 0.0000 0.1535
006620 0.2483 0.5973 0.0000 0.1544
006640 0.2494 0.5976 0.0000 0.1530
006660 0.2505 0.5965 0.0000 0.1530
006680 0.2504 0.5961 0.0000 0.1535
006700 0.2488 0.5982 0.0000 0.1530
006720 0.2509 0.5955 0.0000 0.1535
006740 0.2512 0.5954 0.0000 0.1534
006760 0.2503 0.5957 0.0000 0.1540
006780 0.2490 0.5965 0.0000 0.1546
006800 0.2488 0.5975 0.0000 0.1537
006820 0.2496 0.5974 0.0000 0.1530
006840 0.2532 0.5937 0.0000 0.1531
006860 0.2522 0.5940 0.0000 0.1538
006880 0.2501 0.5964 0.0000 0.1535
006900 0.2494 0.5985 0.0000 0.1521
006920 0.2524 0.5955 0.0000 0.1522
006940 0.2521 0.5951 0.0000 0.1528
006960 0.2510 0.5960 0.0000 0.1530
006980 0.2517 0.5951 0.0000 0.1532
007000 0.2521 0.5944 0.0000 0.1535
007020 0.2525 0.5945 0.0000 0.1530
007040 0.2515 0.5951 0.0000 0.1534
007060 0.2511 0.5954 0.0000 0.1535
007080 0.2487 0.5964 0.0000 0.1549
007100 0.2484 0.5973 0.0000 0.1544
007120 0.2482 0.5975 0.0000 0.1543
007140 0.2482 0.5982 0.0000 0.1536
007160 0.2512 0.5957 0.0000 0.1531
007180 0.2504 0.5956 0.0000 0.1540
007200 0.2490 0.5973 0.0000 0.1536
007220 0.2497 0.5973 0.0000 0.1530
007240 0.2497 0.5966 0.0000 0.1538
007260 0.2525 0.5953 0.0000 0.1523
007280 0.2535 0.5928 0.0000 0.1537
007300 0.2524 0.5941 0.0000 0.1535
007320 0.2543 0.5925 0.0000 0.1532
007340 0.2519 0.5939 0.0000 0.1542
007360 0.2511 0.5942 0.0000 0.1547
007380 0.2505 0.5951 0.0000 0.1543
007400 0.2500 0.5957 0.0000 0.1544
007420 0.2527 0.5944 0.0000 0.1529
007440 0.2511 0.5949 0.0000 0.1540
007460 0.2500 0.5958 0.0000 0.1542
007480 0.2497 0.5959 0.0000 0.1543
007500 0.2491 0.5976 0.0000 0.1532
007520 0.2486 0.5986 0.0000 0.1529
007540 0.2473 0.5977 0.0000 0.1550
007560 0.2481 0.5975 0.0000 0.1543
007580 0.2486 0.5970 0.0000 0.1544
007600 0.2466 0.5990 0.0000 0.1543
007620 0.2462 0.6000 0.0000 0.1538
007640 0.2450 0.6014 0.0000 0.1536
007660 0.2472 0.5995 0.0000 0.1534
007680 0.2486 0.5978 0.0000 0.1537
007700 0.2473 0.6000 0.0000 0.1527
007720 0.2492 0.5990 0.0000 0.1518
007740 0.2511 0.5961 0.0000 0.1528
007760 0.2532 0.5934 0.0000 0.1534
007780 0.2529 0.5935 0.0000 0.1535
007800 0.2530 0.5932 0.0000 0.1538
007820 0.2510 0.5949 0.0000 0.1541
007840 0.2504 0.5960 0.0000 0.1536
007860 0.2491 0.5969 0.0000 0.1540
007880 0.2486 0.5978 0.0000 0.1536
007900 0.2523 0.5952 0.0000 0.1525
007920 0.2532 0.5942 0.0000 0.1526
007940 0.2528 0.5927 0.0000 0.1545
007960 0.2493 0.5962 0.0000 0.1545
007980 0.2489 0.5974 0.0000 0.1537
008000 0.2533 0.5931 0.0000 0.1537
008020 0.2521 0.5950 0.0000 0.1529
008040 0.2522 0.5943 0.0000 0.1535
008060 0.2503 0.5954 0.0000 0.1543
008080 0.2515 0.5955 0.0000 0.1530
008100 0.2499 0.5955 0.0000 0.1546
008120 0.2476 0.5986 0.0000 0.1538
008140 0.2500 0.5964 0.0000 0.1536
008160 0.2512 0.5950 0.0000 0.1537
008180 0.2514 0.5959 0.0000 0.1527
008200 0.2503 0.5960 0.0000 0.1537
008220 0.2502 0.5957 0.0000 0.1541
008240 0.2480 0.5975 0.0000 0.1545
008260 0.2501 0.5963 0.0000 0.1536
008280 0.2489 0.5971 0.0000 0.1540
008300 0.2486 0.5974 0.0000 0.1540
008320 0.2520 0.5946 0.0000 0.1534
008340 0.2503 0.5964 0.0000 0.1533
008360 0.2513 0.5963 0.0000 0.1525
008380 0.2566 0.5913 0.0000 0.1522
008400 0.2556 0.5906 0.0000 0.1538
008420 0.2534 0.5926 0.0000 0.1540
008440 0.2522 0.5940 0.0000 0.1538
008460 0.2529 0.5934 0.0000 0.1536
008480 0.2537 0.5933 0.0000 0.1530
008500 0.2569 0.5912 0.0000 0.1519
008520 0.2581 0.5899 0.0000 0.1520
008540 0.2576 0.5897 0.0000 0.1527
008560 0.2551 0.5902 0.0000 0.1546
008580 0.2537 0.5921 0.0000 0.1542
008600 0.2511 0.5945 0.0000 0.1544
008620 0.2483 0.5978 0.0000 0.1540
008640 0.2477 0.5986 0.0000 0.1537
008660 0.2485 0.5979 0.0000 0.1536
008680 0.2492 0.5978 0.0000 0.1530
008700 0.2513 0.5961 0.0000 0.1526
008720 0.2494 0.5964 0.0000 0.1542
008740 0.2485 0.5987 0.0000 0.1528
008760 0.2501 0.5969 0.0000 0.1530
008780 0.2492 0.5974 0.0000 0.1534
008800 0.2524 0.5934 0.0000 0.1543
008820 0.2492 0.5974 0.0000 0.1535
008840 0.2520 0.5942 0.0000 0.1538
008860 0.2510 0.5953 0.0000 0.1537
008880 0.2533 0.5948 0.0000 0.1519
008900 0.2527 0.5940 0.0000 0.1534
008920 0.2495 0.5961 0.0000 0.1544
008940 0.2489 0.5972 0.0000 0.1539
008960 0.2497 0.5962 0.0000 0.1540
008980 0.2508 0.5956 0.0000 0.1536
009000 0.2522 0.5936 0.0000 0.1542
009020 0.2509 0.5956 0.0000 0.1536
009040 0.2514 0.5948 0.0000 0.1538
009060 0.2528 0.5939 0.0000 0.1533
009080 0.2513 0.5944 0.0000 0.1543
009100 0.2493 0.5974 0.0000 0.1533
009120 0.2517 0.5956 0.0000 0.1527
009140 0.2495 0.5960 0.0000 0.1545
009160 0.2497 0.5959 0.0000 0.1544
009180 0.2497 0.5975 0.0000 0.1528
009200 0.2506 0.5951 0.0000 0.1543
009220 0.2496 0.5967 0.0000 0.1537
009240 0.2484 0.5976 0.0000 0.1540
009260 0.2498 0.5959 0.0000 0.1542
009280 0.2518 0.5946 0.0000 0.1536
009300 0.2509 0.5959 0.0000 0.1532
009320 0.2523 0.5946 0.0000 0.1532
009340 0.2519 0.5945 0.0000 0.1536
009360 0.2513 0.5939 0.0000 0.1548
009380 0.2503 0.5964 0.0000 0.1533
009400 0.2488 0.5974 0.0000 0.1538
009420 0.2492 0.5971 0.0000 0.1537
009440 0.2493 0.5965 0.0000 0.1542
009460 0.2487 0.5977 0.0000 0.1537
009480 0.2475 0.5980 0.0000 0.1546
009500 0.2454 0.6000 0.0000 0.1546
009520 0.2455 0.6008 0.0000 0.1537
009540 0.2466 0.6001 0.0000 0.1533
009560 0.2487 0.5976 0.0000 0.1537
009580 0.2483 0.5979 0.0000 0.1538
009600 0.2506 0.5953 0.0000 0.1540
009620 0.2495 0.5959 0.0000 0.1546
009640 0.2493 0.5967 0.0000 0.1540
009660 0.2490 0.5967 0.0000 0.1543
009680 0.2479 0.5978 0.0000 0.1543
009700 0.2472 0.5993 0.0000 0.1535
009720 0.2490 0.5979 0.0000 0.1530
009740 0.2485 0.5982 0.0000 0.1533
009760 0.2519 0.5946 0.0000 0.1536
009780 0.2483 0.5965 0.0000 0.1552
009800 0.2475 0.5984 0.0000 0.1542
009820 0.2487 0.5980 0.0000 0.1533
009840 0.2505 0.5952 0.0000 0.1543
009860 0.2518 0.5946 0.0000 0.1536
009880 0.2501 0.5961 0.0000 0.1538
009900 0.2503 0.5970 0.0000 0.1526
009920 0.2486 0.5979 0.0000 0.1535
009940 0.2482 0.5986 0.0000 0.1532
009960 0.2517 0.5955 0.0000 0.1528
009980 0.2512 0.5953 0.0000 0.1535
010000 0.2502 0.5972 0.0000 0.1526
010020 0.2512 0.5963 0.0000 0.1525
010040 0.2512 0.5963 0.0000 0.1525
010060 0.2512 0.5963 0.0000 0.1525
010080 0.2512 0.5963 0.0000 0.1525
010100 0.2512 0.5963 0.0000 0.1525
010120 0.2512 0.5963 0.0000 0.1525
010140 0.2512 0.5963 0.0000 0.1525
010160 0.2512 0.5963 0.0000 0.1525
010180 0.2512 0.5963 0.0000 0.1525
010200 0.2512 0.5963 0.0000 0.1525
010220 0.2512 0.5963 0.0000 0.1525
010240 0.2512 0.5963 0.0000 0.1525
010260 0.2512 0.5963 0.0000 0.1525
010280 0.2512 0.5963 0.0000 0.1525
010300 0.2512 0.5963 0.0000 0.1525
010320 0.2512 0.5963 0.0000 0.1525
010340 0.2512 0.5963 0.0000 0.1525
010360 0.2512 0.5963 0.0000 0.1525
010380 0.2512 0.5963 0.0000 0.1525
010400 0.2512 0.5963 0.0000 0.1525
010420 0.2512 0.5963 0.0000 0.1525
010440 0.2512 0.5963 0.0000 0.1525
010460 0.2512 0.5963 0.0000 0.1525
010480 0.2512 0.5963 0.0000 0.1525
010500 0.2512 0.5963 0.0000 0.1525
010520 0.2512 0.5963 0.0000 0.1525
010540 0.2512 0.5963 0.0000 0.1525
010560 0.2512 0.5963 0.0000 0.1525
010580 0.2512 0.5963 0.0000 0.1525
010600 0.2512 0.5963 0.0000 0.1525
010620 0.2512 0.5963 0.0000 0.1525
010640 0.2512 0.5963 0.0000 0.1525
010660 0.2512 0.5963 0.0000 0.1525
010680 0.2512 0.5963 0.0000 0.1525
010700 0.2512 0.5963 0.0000 0.1525
010720 0.2512 0.5963 0.0000 0.1525
010740 0.2512 0.5963 0.0000 0.1525
010760 0.2512 0.5963 0.0000 0.1525
010780 0.2512 0.5963 0.0000 0.1525
010800 0.2512 0.5963 0.0000 0.1525
010820 0.2512 0.5963 0.0000 0.1525
010840 0.2512 0.5963 0.0000 0.1525
010860 0.2512 0.5963 0.0000 0.1525
010880 0.2512 0.5963 0.0000 0.1525
010900 0.2512 0.5963 0.0000 0.1525
010920 0.2512 0.5963 0.0000 0.1525
010940 0.2512 0.5963 0.0000 0.1525
010960 0.2512 0.5963 0.0000 0.1525
010980 0.2512 0.5963 0.0000 0.1525
011000 0.2512 0.5963 0.0000 0.1525
011020 0.2512 0.5963 0.0000 0.1525
011040 0.2512 0.5963 0.0000 0.1525
011060 0.2512 0.5963 0.0000 0.1525
011080 0.2512 0.5963 0.0000 0.1525
011100 0.2512 0.5963 0.0000 0.1525
011120 0.2512 0.5963 0.0000 0.1525
011140 0.2512 0.5963 0.0000 0.1525
011160 0.2512 0.5963 0.0000 0.1525
011180 0.2512 0.5963 0.0000 0.1525
011200 0.2512 0.5963 0.0000 0.1525
011220 0.2512 0.5963 0.0000 0.1525
011240 0.2512 0.5963 0.0000 0.1525
011260 0.2512 0.5963 0.0000 0.1525
011280 0.2512 0.5963 0.0000 0.1525
011300 0.2512 0.5963 0.0000 0.1525
011320 0.2512 0.5963 0.0000 0.1525
011340 0.2512 0.5963 0.0000 0.1525
011360 0.2512 0.5963 0.0000 0.1525
011380 0.2512 0.5963 0.0000 0.1525
011400 0.2512 0.5963 0.0000 0.1525
011420 0.2512 0.5963 0.0000 0.1525
011440 0.2512 0.5963 0.0000 0.1525
011460 0.2512 0.5963 0.0000 0.1525
011480 0.2512 0.5963 0.0000 0.1525
011500 0.2512 0.5963 0.0000 0.1525
011520 0.2512 0.5963 0.0000 0.1525
011540 0.2512 0.5963 0.0000 0.1525
011560 0.2512 0.5963 0.0000 0.1525
011580 0.2512 0.5963 0.0000 0.1525
011600 0.2512 0.5963 0.0000 0.1525
011620 0.2512 0.5963 0.0000 0.1525
011640 0.2512 0.5963 0.0000 0.1525
011660 0.2512 0.5963 0.0000 0.1525
011680 0.2512 0.5963 0.0000 0.1525
011700 0.2512 0.5963 0.0000 0.1525
011720 0.2512 0.5963 0.0000 0.1525
011740 0.2512 0.5963 0.0000 0.1525
011760 0.2512 0.5963 0.0000 0.1525
011780 0.2512 0.5963 0.0000 0.1525
011800 0.2512 0.5963 0.0000 0.1525
011820 0.2512 0.5963 0.0000 0.1525
011840 0.2512 0.5963 0.0000 0.1525
011860 0.2512 0.5963 0.0000 0.1525
011880 0.2512 0.5963 0.0000 0.1525
011900 0.2512 0.5963 0.0000 0.1525
011920 0.2512 0.5963 0.0000 0.1525
011940 0.2512 0.5963 0.0000 0.1525
011960 0.2512 0.5963 0.0000 0.1525
011980 0.2512 0.5963 0.0000 0.1525
012000 0.2512 0.5963 0.0000 0.1525
012020 0.2512 0.5963 0.0000 0.1525
012040 0.2512 0.5963 0.0000 0.1525
012060 0.2512 0.5963 0.0000 0.1525
012080 0.2512 0.5963 0.0000 0.1525
012100 0.2512 0.5963 0.0000 0.1525
012120 0.2512 0.5963 0.0000 0.1525
012140 0.2512 0.5963 0.0000 0.1525
012160 0.2512 0.5963 0.0000 0.1525
012180 0.2512 0.5963 0.0000 0.1525
012200 0.2512 0.5963 0.0000 0.1525
012220 0.2512 0.5963 0.0000 0.1525
012240 0.2512 0.5963 0.0000 0.1525
012260 0.2512 0.5963 0.0000 0.1525
012280 0.2512 0.5963 0.0000 0.1525
012300 0.2512 0.5963 0.0000 0.1525
012320 0.2512 0.5963 0.0000 0.1525
012340 0.2512 0.5963 0.0000 0.1525
012360 0.2512 0.5963 0.0000 0.1525
012380 0.2512 0.5963 0.0000 0.1525
012400 0.2512 0.5963 0.0000 0.1525
012420 0.2512 0.5963 0.0000 0.1525
012440 0.2512 0.5963 0.0000 0.1525
012460 0.2512 0.5963 0.0000 0.1525
012480 0.2512 0.5963 0.0000 0.1525
012500 0.2512 0.5963 0.0000 0.1525
012520 0.2512 0.5963 0.0000 0.1525
012540 0.2512 0.5963 0.0000 0.1525
012560 0.2512 0.5963 0.0000 0.1525
012580 0.2512 0.5963 0.0000 0.1525
012600 0.2512 0.5963 0.0000 0.1525
012620 0.2512 0.5963 0.0000 0.1525
012640 0.2512 0.5963 0.0000 0.1525
012660 0.2512 0.5963 0.0000 0.1525
012680 0.2512 0.5963 0.0000 0.1525
012700 0.2512 0.5963 0.0000 0.1525
012720 0.2512 0.5963 0.0000 0.1525
012740 0.2512 0.5963 0.0000 0.1525
012760 0.2512 0.5963 0.0000 0.1525
012780 0.2512 0.5963 0.0000 0.1525
012800 0.2512 0.5963 0.0000 0.1525
012820 0.2512 0.5963 0.0000 0.1525
012840 0.2512 0.5963 0.0000 0.1525
012860 0.2512 0.5963 0.0000 0.1525
012880 0.2512 0.5963 0.0000 0.1525
012900 0.2512 0.5963 0.0000 0.1525
012920 0.2512 0.5963 0.0000 0.1525
012940 0.2512 0.5963 0.0000 0.1525
012960 0.2512 0.5963 0.0000 0.1525
012980 0.2512 0.5963 0.0000 0.1525
013000 0.2512 0.5963 0.0000 0.1525
013020 0.2512 0.5963 0.0000 0.1525
013040 0.2512 0.5963 0.0000 0.1525
013060 0.2512 0.5963 0.0000 0.1525
013080 0.2512 0.5963 0.0000 0.1525
013100 0.2512 0.5963 0.0000 0.1525
013120 0.2512 0.5963 0.0000 0.1525
013140 0.2512 0.5963 0.0000 0.1525
013160 0.2512 0.5963 0.0000 0.1525
013180 0.2512 0.5963 0.0000 0.1525
013200 0.2512 0.5963 0.0000 0.1525
013220 0.2512 0.5963 0.0000 0.1525
013240 0.2512 0.5963 0.0000 0.1525
013260 0.2512 0.5963 0.0000 0.1525
013280 0.2512 0.5963 0.0000 0.1525
013300 0.2512 0.5963 0.0000 0.1525
013320 0.2512 0.5963 0.0000 0.1525
013340 0.2512 0.5963 0.0000 0.1525
013360 0.2512 0.5963 0.0000 0.1525
013380 0.2512 0.5963 0.0000 0.1525
013400 0.2512 0.5963 0.0000 0.1525
013420 0.2512 0.5963 0.0000 0.1525
013440 0.2512 0.5963 0.0000 0.1525
013460 0.2512 0.5963 0.0000 0.1525
013480 0.2512 0.5963 0.0000 0.1525
013500 0.2512 0.5963 0.0000 0.1525
013520 0.2512 0.5963 0.0000 0.1525
013540 0.2512 0.5963 0.0000 0.1525
013560 0.2512 0.5963 0.0000 0.1525
013580 0.2512 0.5963 0.0000 0.1525
013600 0.2512 0.5963 0.0000 0.1525
013620 0.2512 0.5963 0.0000 0.1525
013640 0.2512 0.5963 0.0000 0.1525
013660 0.2512 0.5963 0.0000 0.1525
013680 0.2512 0.5963 0.0000 0.1525
013700 0.2512 0.5963 0.0000 0.1525
013720 0.2512 0.5963 0.0000 0.1525
013740 0.2512 0.5963 0.0000 0.1525
013760 0.2512 0.5963 0.0000 0.1525
013780 0.2512 0.5963 0.0000 0.1525
013800 0.2512 0.5963 0.0000 0.1525
013820 0.2512 0.5963 0.0000 0.1525
013840 0.2512 0.5963 0.0000 0.1525
013860 0.2512 0.5963 0.0000 0.1525
013880 0.2512 0.5963 0.0000 0.1525
013900 0.2512 0.5963 0.0000 0.1525
013920 0.2512 0.5963 0.0000 0.1525
013940 0.2512 0.5963 0.0000 0.1525
013960 0.2512 0.5963 0.0000 0.1525
013980 0.2512 0.5963 0.0000 0.1525
014000 0.2512 0.5963 0.0000 0.1525
014020 0.2512 0.5963 0.0000 0.1525
014040 0.2512 0.5963 0.0000 0.1525
014060 0.2512 0.5963 0.0000 0.1525
014080 0.2512 0.5963 0.0000 0.1525
014100 0.2512 0.5963 0.0000 0.1525
014120 0.2512 0.5963 0.0000 0.1525
014140 0.2512 0.5963 0.0000 0.1525
014160 0.2512 0.5963 0.0000 0.1525
014180 0.2512 0.5963 0.0000 0.1525
014200 0.2512 0.5963 0.0000 0.1525
014220 0.2512 0.5963 0.0000 0.1525
014240 0.2512 0.5963 0.0000 0.1525
014260 0.2512 0.5963 0.0000 0.1525
014280 0.2512 0.5963 0.0000 0.1525
014300 0.2512 0.5963 0.0000 0.1525
014320 0.2512 0.5963 0.0000 0.1525
014340 0.2512 0.5963 0.0000 0.1525
014360 0.2512 0.5963 0.0000 0.1525
014380 0.2512 0.5963 0.0000 0.1525
014400 0.2512 0.5963 0.0000 0.1525
014420 0.2512 0.5963 0.0000 0.1525
014440 0.2512 0.5963 0.0000 0.1525
014460 0.2512 0.5963 0.0000 0.1525
014480 0.2512 0.5963 0.0000 0.1525
014500 0.2512 0.5963 0.0000 0.1525
014520 0.2512 0.5963 0.0000 0.1525
014540 0.2512 0.5963 0.0000 0.1525
014560 0.2512 0.5963 0.0000 0.1525
014580 0.2512 0.5963 0.0000 0.1525
014600 0.2512 0.5963 0.0000 0.1525
014620 0.2512 0.5963 0.0000 0.1525
014640 0.2512 0.5963 0.0000 0.1525
014660 0.2512 0.5963 0.0000 0.1525
014680 0.2512 0.5963 0.0000 0.1525
014700 0.2512 0.5963 0.0000 0.1525
014720 0.2512 0.5963 0.0000 0.1525
014740 0.2512 0.5963 0.0000 0.1525
014760 0.2512 0.5963 0.0000 0.1525
014780 0.2512 0.5963 0.0000 0.1525
014800 0.2512 0.5963 0.0000 0.1525
014820 0.2512 0.5963 0.0000 0.1525
014840 0.2512 0.5963 0.0000 0.1525
014860 0.2512 0.5963 0.0000 0.1525
014880 0.2512 0.5963 0.0000 0.1525
014900 0.2512 0.5963 0.0000 0.1525
014920 0.2512 0.5963 0.0000 0.1525
014940 0.2512 0.5963 0.0000 0.1525
014960 0.2512 0.5963 0.0000 0.1525
014980 0.2512 0.5963 0.0000 0.1525
015000 0.2512 0.5963 0.0000 0.1525
015020 0.2512 0.5963 0.0000 0.1525
015040 0.2512 0.5963 0.0000 0.1525
015060 0.2512 0.5963 0.0000 0.1525
015080 0.2512 0.5963 0.0000 0.1525
015100 0.2512 0.5963 0.0000 0.1525
015120 0.2512 0.5963 0.0000 0.1525
015140 0.2512 0.5963 0.0000 0.1525
015160 0.2512 0.5963 0.0000 0.1525
015180 0.2512 0.5963 0.0000 0.1525
015200 0.2512 0.5963 0.0000 0.1525
015220 0.2512 0.5963 0.0000 0.1525
015240 0.2512 0.5963 0.0000 0.1525
015260 0.2512 0.5963 0.0000 0.1525
015280 0.2512 0.5963 0.0000 0.1525
015300 0.2512 0.5963 0.0000 0.1525
015320 0.2512 0.5963 0.0000 0.1525
015340 0.2512 0.5963 0.0000 0.1525
015360 0.2512 0.5963 0.0000 0.1525
015380 0.2512 0.5963 0.0000 0.1525
015400 0.2512 0.5963 0.0000 0.1525
015420 0.2512 0.5963 0.0000 0.1525
015440 0.2512 0.5963 0.0000 0.1525
015460 0.2512 0.5963 0.0000 0.1525
015480 0.2512 0.5963 0.0000 0.1525
015500 0.2512 0.5963 0.0000 0.1525
015520 0.2512 0.5963 0.0000 0.1525
015540 0.2512 0.5963 0.0000 0.1525
015560 0.2512 0.5963 0.0000 0.1525
015580 0.2512 0.5963 0.0000 0.1525
015600 0.2512 0.5963 0.0000 0.1525
015620 0.2512 0.5963 0.0000 0.1525
015640 0.2512 0.5963 0.0000 0.1525
015660 0.2512 0.5963 0.0000 0.1525
015680 0.2512 0.5963 0.0000 0.1525
015700 0.2512 0.5963 0.0000 0.1525
015720 0.2512 0.5963 0.0000 0.1525
015740 0.2512 0.5963 0.0000 0.1525
015760 0.2512 0.5963 0.0000 0.1525
015780 0.2512 0.5963 0.0000 0.1525
015800 0.2512 0.5963 0.0000 0.1525
015820 0.2512 0.5963 0.0000 0.1525
015840 0.2512 0.5963 0.0000 0.1525
015860 0.2512 0.5963 0.0000 0.1525
015880 0.2512 0.5963 0.0000 0.1525
015900 0.2512 0.5963 0.0000 0.1525
015920 0.2512 0.5963 0.0000 0.1525
015940 0.2512 0.5963 0.0000 0.1525
015960 0.2512 0.5963 0.0000 0.1525
015980 0.2512 0.5963 0.0000 0.1525
016000 0.2512 0.5963 0.0000 0.1525
016020 0.2512 0.5963 0.0000 0.1525
016040 0.2512 0.5963 0.0000 0.1525
016060 0.2512 0.5963 0.0000 0.1525
016080 0.2512 0.5963 0.0000 0.1525
016100 0.2512 0.5963 0.0000 0.1525
016120 0.2512 0.5963 0.0000 0.1525
016140 0.2512 0.5963 0.0000 0.1525
016160 0.2512 0.5963 0.0000 0.1525
016180 0.2512 0.5963 0.0000 0.1525
016200 0.2512 0.5963 0.0000 0.1525
016220 0.2512 0.5963 0.0000 0.1525
016240 0.2512 0.5963 0.0000 0.1525
016260 0.2512 0.5963 0.0000 0.1525
016280 0.2512 0.5963 0.0000 0.1525
016300 0.2512 0.5963 0.0000 0.1525
016320 0.2512 0.5963 0.0000 0.1525
016340 0.2512 0.5963 0.0000 0.1525
016360 0.2512 0.5963 0.0000 0.1525
016380 0.2512 0.5963 0.0000 0.1525
016400 0.2512 0.5963 0.0000 0.1525
016420 0.2512 0.5963 0.0000 0.1525
016440 0.2512 0.5963 0.0000 0.1525
016460 0.2512 0.5963 0.0000 0.1525
016480 0.2512 0.5963 0.0000 0.1525
016500 0.2512 0.5963 0.0000 0.1525
016520 0.2512 0.5963 0.0000 0.1525
016540 0.2512 0.5963 0.0000 0.1525
016560 0.2512 0.5963 0.0000 0.1525
016580 0.2512 0.5963 0.0000 0.1525
016600 0.2512 0.5963 0.0000 0.1525
016620 0.2512 0.5963 0.0000 0.1525
016640 0.2512 0.5963 0.0000 0.1525
016660 0.2512 0.5963 0.0000 0.1525
016680 0.2512 0.5963 0.0000 0.1525
016700 0.2512 0.5963 0.0000 0.1525
016720 0.2512 0.5963 0.0000 0.1525
016740 0.2512 0.5963 0.0000 0.1525
016760 0.2512 0.5963 0.0000 0.1525
016780 0.2512 0.5963 0.0000 0.1525
016800 0.2512 0.5963 0.0000 0.1525
016820 0.2512 0.5963 0.0000 0.1525
016840 0.2512 0.5963 0.0000 0.1525
016860 0.2512 0.5963 0.0000 0.1525
016880 0.2512 0.5963 0.0000 0.1525
016900 0.2512 0.5963 0.0000 0.1525
016920 0.2512 0.5963 0.0000 0.1525
016940 0.2512 0.5963 0.0000 0.1525
016960 0.2512 0.5963 0.0000 0.1525
016980 0.2512 0.5963 0.0000 0.1525
017000 0.2512 0.5963 0.0000 0.1525
017020 0.2512 0.5963 0.0000 0.1525
017040 0.2512 0.5963 0.0000 0.1525
017060 0.2512 0.5963 0.0000 0.1525
017080 0.2512 0.5963 0.0000 0.1525
017100 0.2512 0.5963 0.0000 0.1525
017120 0.2512 0.5963 0.0000 0.1525
017140 0.2512 0.5963 0.0000 0.1525
017160 0.2512 0.5963 0.0000 0.1525
017180 0.2512 0.5963 0.0000 0.1525
017200 0.2512 0.5963 0.0000 0.1525
017220 0.2512 0.5963 0.0000 0.1525
017240 0.2512 0.5963 0.0000 0.1525
017260 0.2512 0.5963 0.0000 0.1525
017280 0.2512 0.5963 0.0000 0.1525
017300 0.2512 0.5963 0.0000 0.1525
017320 0.2512 0.5963 0.0000 0.1525
017340 0.2512 0.5963 0.0000 0.1525
017360 0.2512 0.5963 0.0000 0.1525
017380 0.2512 0.5963 0.0000 0.1525
017400 0.2512 0.5963 0.0000 0.1525
017420 0.2512 0.5963 0.0000 0.1525
017440 0.2512 0.5963 0.0000 0.1525
017460 0.2512 0.5963 0.0000 0.1525
017480 0.2512 0.5963 0.0000 0.1525
017500 0.2512 0.5963 0.0000 0.1525
017520 0.2512 0.5963 0.0000 0.1525
017540 0.2512 0.5963 0.0000 0.1525
017560 0.2512 0.5963 0.0000 0.1525
017580 0.2512 0.5963 0.0000 0.1525
017600 0.2512 0.5963 0.0000 0.1525
017620 0.2512 0.5963 0.0000 0.1525
017640 0.2512 0.5963 0.0000 0.1525
017660 0.2512 0.5963 0.0000 0.1525
017680 0.2512 0.5963 0.0000 0.1525
017700 0.2512 0.5963 0.0000 0.1525
017720 0.2512 0.5963 0.0000 0.1525
017740 0.2512 0.5963 0.0000 0.1525
017760 0.2512 0.5963 0.0000 0.1525
017780 0.2512 0.5963 0.0000 0.1525
017800 0.2512 0.5963 0.0000 0.1525
017820 0.2512 0.5963 0.0000 0.1525
017840 0.2512 0.5963 0.0000 0.1525
017860 0.2512 0.5963 0.0000 0.1525
017880 0.2512 0.5963 0.0000 0.1525
017900 0.2512 0.5963 0.0000 0.1525
017920 0.2512 0.5963 0.0000 0.1525
017940 0.2512 0.5963 0.0000 0.1525
017960 0.2512 0.5963 0.0000 0.1525
017980 0.2512 0.5963 0.0000 0.1525
018000 0.2512 0.5963 0.0000 0.1525
018020 0.2512 0.5963 0.0000 0.1525
018040 0.2512 0.5963 0.0000 0.1525
018060 0.2512 0.5963 0.0000 0.1525
018080 0.2512 0.5963 0.0000 0.1525
018100 0.2512 0.5963 0.0000 0.1525
018120 0.2512 0.5963 0.0000 0.1525
018140 0.2512 0.5963 0.0000 0.1525
018160 0.2512 0.5963 0.0000 0.1525
018180 0.2512 0.5963 0.0000 0.1525
018200 0.2512 0.5963 0.0000 0.1525
018220 0.2512 0.5963 0.0000 0.1525
018240 0.2512 0.5963 0.0000 0.1525
018260 0.2512 0.5963 0.0000 0.1525
018280 0.2512 0.5963 0.0000 0.1525
018300 0.2512 0.5963 0.0000 0.1525
018320 0.2512 0.5963 0.0000 0.1525
018340 0.2512 0.5963 0.0000 0.1525
018360 0.2512 0.5963 0.0000 0.1525
018380 0.2512 0.5963 0.0000 0.1525
018400 0.2512 0.5963 0.0000 0.1525
018420 0.2512 0.5963 0.0000 0.1525
018440 0.2512 0.5963 0.0000 0.1525
018460 0.2512 0.5963 0.0000 0.1525
018480 0.2512 0.5963 0.0000 0.1525
018500 0.2512 0.5963 0.0000 0.1525
018520 0.2512 0.5963 0.0000 0.1525
018540 0.2512 0.5963 0.0000 0.1525
018560 0.2512 0.5963 0.0000 0.1525
018580 0.2512 0.5963 0.0000 0.1525
018600 0.2512 0.5963 0.0000 0.1525
018620 0.2512 0.5963 0.0000 0.1525
018640 0.2512 0.5963 0.0000 0.1525
018660 0.2512 0.5963 0.0000 0.1525
018680 0.2512 0.5963 0.0000 0.1525
018700 0.2512 0.5963 0.0000 0.1525
018720 0.2512 0.5963 0.0000 0.1525
018740 0.2512 0.5963 0.0000 0.1525
018760 0.2512 0.5963 0.0000 0.1525
018780 0.2512 0.5963 0.0000 0.1525
018800 0.2512 0.5963 0.0000 0.1525
018820 0.2512 0.5963 0.0000 0.1525
018840 0.2512 0.5963 0.0000 0.1525
018860 0.2512 0.5963 0.0000 0.1525
018880 0.2512 0.5963 0.0000 0.1525
018900 0.2512 0.5963 0.0000 0.1525
018920 0.2512 0.5963 0.0000 0.1525
018940 0.2512 0.5963 0.0000 0.1525
018960 0.2512 0.5963 0.0000 0.1525
018980 0.2512 0.5963 0.0000 0.1525
019000 0.2512 0.5963 0.0000 0.1525
019020 0.2512 0.5963 0.0000 0.1525
019040 0.2512 0.5963 0.0000 0.1525
019060 0.2512 0.5963 0.0000 0.1525
019080 0.2512 0.5963 0.0000 0.1525
019100 0.2512 0.5963 0.0000 0.1525
019120 0.2512 0.5963 0.0000 0.1525
019140 0.2512 0.5963 0.0000 0.1525
019160 0.2512 0.5963 0.0000 0.1525
019180 0.2512 0.5963 0.0000 0.1525
019200 0.2512 0.5963 0.0000 0.1525
019220 0.2512 0.5963 0.0000 0.1525
019240 0.2512 0.5963 0.0000 0.1525
019260 0.2512 0.5963 0.0000 0.1525
019280 0.2512 0.5963 0.0000 0.1525
019300 0.2512 0.5963 0.0000 0.1525
019320 0.2512 0.5963 0.0000 0.1525
019340 0.2512 0.5963 0.0000 0.1525
019360 0.2512 0.5963 0.0000 0.1525
019380 0.2512 0.5963 0.0000 0.1525
019400 0.2512 0.5963 0.0000 0.1525
019420 0.2512 0.5963 0.0000 0.1525
019440 0.2512 0.5963 0.0000 0.1525
019460 0.2512 0.5963 0.0000 0.1525
019480 0.2512 0.5963 0.0000 0.1525
019500 0.2512 0.5963 0.0000 0.1525
019520 0.2512 0.5963 0.0000 0.1525
019540 0.2512 0.5963 0.0000 0.1525
019560 0.2512 0.5963 0.0000 0.1525
019580 0.2512 0.5963 0.0000 0.1525
019600 0.2512 0.5963 0.0000 0.1525
019620 0.2512 0.5963 0.0000 0.1525
019640 0.2512 0.5963 0.0000 0.1525
019660 0.2512 0.5963 0.0000 0.1525
019680 0.2512 0.5963 0.0000 0.1525
019700 0.2512 0.5963 0.0000 0.1525
019720 0.2512 0.5963 0.0000 0.1525
019740 0.2512 0.5963 0.0000 0.1525
019760 0.2512 0.5963 0.0000 0.1525
019780 0.2512 0.5963 0.0000 0.1525
019800 0.2512 0.5963 0.0000 0.1525
019820 0.2512 0.5963 0.0000 0.1525
019840 0.2512 0.5963 0.0000 0.1525
019860 0.2512 0.5963 0.0000 0.1525
019880 0.2512 0.5963 0.0000 0.1525
019900 0.2512 0.5963 0.0000 0.1525
019920 0.2512 0.5963 0.0000 0.1525
019940 0.2512 0.5963 0.0000 0.1525
019960 0.2512 0.5963 0.0000 0.1525
019980 0.2512 0.5963 0.0000 0.1525
020000 0.2512 0.5963 0.0000 0.1525
