000000 0.2503 0.2494 0.2502 0.2501
000020 0.1132 0.7028 0.0012 0.1829
000040 0.0881 0.7426 0.0001 0.1693
000060 0.0732 0.7615 0.0000 0.1652
000080 0.0630 0.7730 0.0000 0.1640
000100 0.0546 0.7821 0.0000 0.1632
000120 0.0471 0.7898 0.0000 0.1631
000140 0.0424 0.7965 0.0000 0.1612
000160 0.0377 0.8006 0.0000 0.1618
000180 0.0332 0.8058 0.0000 0.1610
000200 0.0294 0.8092 0.0000 0.1615
000220 0.0264 0.8136 0.0000 0.1600
000240 0.0228 0.8168 0.0000 0.1604
000260 0.0208 0.8188 0.0000 0.1605
000280 0.0189 0.8209 0.0000 0.1602
000300 0.0172 0.8234 0.0000 0.1594
000320 0.0155 0.8242 0.0000 0.1602
000340 0.0142 0.8259 0.0000 0.1599
000360 0.0131 0.8275 0.0000 0.1594
000380 0.0122 0.8281 0.0000 0.1596
000400 0.0110 0.8289 0.0000 0.1601
000420 0.0102 0.8302 0.0000 0.1596
000440 0.0094 0.8313 0.0000 0.1593
000460 0.0091 0.8317 0.0000 0.1592
000480 0.0081 0.8326 0.0000 0.1593
000500 0.0073 0.8333 0.0000 0.1593
000520 0.0071 0.8341 0.0000 0.1588
000540 0.0063 0.8346 0.0000 0.1591
000560 0.0059 0.8355 0.0000 0.1587
000580 0.0051 0.8364 0.0000 0.1586
000600 0.0047 0.8361 0.0000 0.1592
000620 0.0042 0.8368 0.0000 0.1590
000640 0.0040 0.8371 0.0000 0.1589
000660 0.0039 0.8365 0.0000 0.1596
000680 0.0038 0.8372 0.0000 0.1590
000700 0.0036 0.8375 0.0000 0.1589
000720 0.0035 0.8373 0.0000 0.1592
000740 0.0029 0.8393 0.0000 0.1578
000760 0.0027 0.8382 0.0000 0.1590
000780 0.0023 0.8383 0.0000 0.1594
000800 0.0021 0.8387 0.0000 0.1592
000820 0.0021 0.8392 0.0000 0.1587
000840 0.0018 0.8385 0.0000 0.1597
000860 0.0017 0.8389 0.0000 0.1594
000880 0.0016 0.8398 0.0000 0.1586
000900 0.0015 0.8397 0.0000 0.1588
000920 0.0016 0.8400 0.0000 0.1584
000940 0.0013 0.8393 0.0000 0.1593
000960 0.0012 0.8402 0.0000 0.1586
000980 0.0011 0.8396 0.0000 0.1593
001000 0.0011 0.8403 0.0000 0.1586
001020 0.0011 0.8399 0.0000 0.1590
001040 0.0008 0.8394 0.0000 0.1598
001060 0.0006 0.8410 0.0000 0.1584
001080 0.0006 0.8413 0.0000 0.1581
001100 0.0006 0.8418 0.0000 0.1576
001120 0.0006 0.8403 0.0000 0.1591
001140 0.0005 0.8404 0.0000 0.1591
001160 0.0005 0.8404 0.0000 0.1592
001180 0.0004 0.8408 0.0000 0.1589
001200 0.0003 0.8408 0.0000 0.1589
001220 0.0003 0.8406 0.0000 0.1591
001240 0.0002 0.8418 0.0000 0.1580
001260 0.0003 0.8420 0.0000 0.1578
001280 0.0003 0.8415 0.0000 0.1582
001300 0.0003 0.8419 0.0000 0.1578
001320 0.0004 0.8406 0.0000 0.1590
001340 0.0003 0.8412 0.0000 0.1585
001360 0.0001 0.8411 0.0000 0.1588
001380 0.0002 0.8408 0.0000 0.1590
001400 0.0002 0.8419 0.0000 0.1580
001420 0.0002 0.8409 0.0000 0.1589
001440 0.0002 0.8405 0.0000 0.1594
001460 0.0001 0.8403 0.0000 0.1596
001480 0.0001 0.8404 0.0000 0.1596
001500 0.0001 0.8415 0.0000 0.1585
001520 0.0001 0.8404 0.0000 0.1595
001540 0.0001 0.8406 0.0000 0.1593
001560 0.0001 0.8411 0.0000 0.1588
001580 0.0001 0.8421 0.0000 0.1578
001600 0.0001 0.8413 0.0000 0.1586
001620 0.0000 0.8418 0.0000 0.1581
001640 0.0000 0.8411 0.0000 0.1588
001660 0.0000 0.8408 0.0000 0.1591
001680 0.0000 0.8411 0.0000 0.1588
001700 0.0000 0.8422 0.0000 0.1578
001720 0.0000 0.8417 0.0000 0.1583
001740 0.0000 0.8418 0.0000 0.1582
001760 0.0000 0.8408 0.0000 0.1591
001780 0.0001 0.8408 0.0000 0.1591
001800 0.0000 0.8414 0.0000 0.1585
001820 0.0000 0.8411 0.0000 0.1589
001840 0.0000 0.8414 0.0000 0.1586
001860 0.0000 0.8411 0.0000 0.1589
001880 0.0000 0.8417 0.0000 0.1583
001900 0.0000 0.8416 0.0000 0.1584
001920 0.0000 0.8418 0.0000 0.1582
001940 0.0000 0.8412 0.0000 0.1588
001960 0.0000 0.8417 0.0000 0.1583
001980 0.0000 0.8410 0.0000 0.1590
002000 0.0000 0.8420 0.0000 0.1580
002020 0.0000 0.8411 0.0000 0.1589
002040 0.0000 0.8421 0.0000 0.1579
002060 0.0000 0.8421 0.0000 0.1579
002080 0.0000 0.8425 0.0000 0.1575
002100 0.0000 0.8419 0.0000 0.1581
002120 0.0000 0.8428 0.0000 0.1572
002140 0.0000 0.8423 0.0000 0.1577
002160 0.0000 0.8421 0.0000 0.1579
002180 0.0000 0.8414 0.0000 0.1586
002200 0.0000 0.8411 0.0000 0.1589
002220 0.0000 0.8409 0.0000 0.1591
002240 0.0000 0.8416 0.0000 0.1584
002260 0.0000 0.8408 0.0000 0.1592
002280 0.0000 0.8405 0.0000 0.1595
002300 0.0000 0.8409 0.0000 0.1591
002320 0.0000 0.8417 0.0000 0.1583
002340 0.0000 0.8410 0.0000 0.1590
002360 0.0000 0.8413 0.0000 0.1587
002380 0.0000 0.8415 0.0000 0.1585
002400 0.0000 0.8415 0.0000 0.1585
002420 0.0000 0.8410 0.0000 0.1590
002440 0.0000 0.8413 0.0000 0.1587
002460 0.0000 0.8413 0.0000 0.1587
002480 0.0000 0.8412 0.0000 0.1588
002500 0.0000 0.8409 0.0000 0.1591
002520 0.0000 0.8413 0.0000 0.1587
002540 0.0000 0.8413 0.0000 0.1587
002560 0.0000 0.8413 0.0000 0.1587
002580 0.0000 0.8426 0.0000 0.1574
002600 0.0000 0.8418 0.0000 0.1582
002620 0.0000 0.8412 0.0000 0.1588
002640 0.0000 0.8419 0.0000 0.1581
002660 0.0000 0.8414 0.0000 0.1586
002680 0.0000 0.8415 0.0000 0.1585
002700 0.0000 0.8409 0.0000 0.1591
002720 0.0000 0.8414 0.0000 0.1586
002740 0.0000 0.8418 0.0000 0.1582
002760 0.0000 0.8424 0.0000 0.1576
002780 0.0000 0.8412 0.0000 0.1588
002800 0.0000 0.8412 0.0000 0.1588
002820 0.0000 0.8411 0.0000 0.1589
002840 0.0000 0.8415 0.0000 0.1585
002860 0.0000 0.8411 0.0000 0.1589
002880 0.0000 0.8412 0.0000 0.1588
002900 0.0000 0.8407 0.0000 0.1593
002920 0.0000 0.8410 0.0000 0.1590
002940 0.0000 0.8417 0.0000 0.1583
002960 0.0000 0.8416 0.0000 0.1584
002980 0.0000 0.8417 0.0000 0.1583
003000 0.0000 0.8420 0.0000 0.1580
003020 0.0000 0.8417 0.0000 0.1583
003040 0.0000 0.8415 0.0000 0.1585
003060 0.0000 0.8420 0.0000 0.1580
003080 0.0000 0.8418 0.0000 0.1582
003100 0.0000 0.8413 0.0000 0.1587
003120 0.0000 0.8413 0.0000 0.1587
003140 0.0000 0.8413 0.0000 0.1587
003160 0.0000 0.8413 0.0000 0.1587
003180 0.0000 0.8423 0.0000 0.1577
003200 0.0000 0.8415 0.0000 0.1585
003220 0.0000 0.8418 0.0000 0.1582
003240 0.0000 0.8412 0.0000 0.1588
003260 0.0000 0.8409 0.0000 0.1591
003280 0.0000 0.8418 0.0000 0.1582
003300 0.0000 0.8414 0.0000 0.1586
003320 0.0000 0.8415 0.0000 0.1585
003340 0.0000 0.8421 0.0000 0.1579
003360 0.0000 0.8417 0.0000 0.1583
003380 0.0000 0.8417 0.0000 0.1583
003400 0.0000 0.8415 0.0000 0.1585
003420 0.0000 0.8411 0.0000 0.1589
003440 0.0000 0.8404 0.0000 0.1596
003460 0.0000 0.8410 0.0000 0.1590
003480 0.0000 0.8406 0.0000 0.1594
003500 0.0000 0.8417 0.0000 0.1583
003520 0.0000 0.8423 0.0000 0.1577
003540 0.0000 0.8422 0.0000 0.1578
003560 0.0000 0.8410 0.0000 0.1590
003580 0.0000 0.8419 0.0000 0.1581
003600 0.0000 0.8425 0.0000 0.1575
003620 0.0000 0.8415 0.0000 0.1585
003640 0.0000 0.8414 0.0000 0.1586
003660 0.0000 0.8413 0.0000 0.1587
003680 0.0000 0.8423 0.0000 0.1577
003700 0.0000 0.8427 0.0000 0.1573
003720 0.0000 0.8417 0.0000 0.1583
003740 0.0000 0.8417 0.0000 0.1583
003760 0.0000 0.8408 0.0000 0.1592
003780 0.0000 0.8418 0.0000 0.1582
003800 0.0000 0.8407 0.0000 0.1593
003820 0.0000 0.8411 0.0000 0.1589
003840 0.0000 0.8417 0.0000 0.1583
003860 0.0000 0.8417 0.0000 0.1583
003880 0.0000 0.8419 0.0000 0.1581
003900 0.0000 0.8416 0.0000 0.1584
003920 0.0000 0.8423 0.0000 0.1577
003940 0.0000 0.8407 0.0000 0.1593
003960 0.0000 0.8409 0.0000 0.1591
003980 0.0000 0.8412 0.0000 0.1588
004000 0.0000 0.8410 0.0000 0.1590
004020 0.0000 0.8418 0.0000 0.1582
004040 0.0000 0.8414 0.0000 0.1586
004060 0.0000 0.8410 0.0000 0.1590
004080 0.0000 0.8411 0.0000 0.1589
004100 0.0000 0.8412 0.0000 0.1588
004120 0.0000 0.8420 0.0000 0.1580
004140 0.0000 0.8418 0.0000 0.1582
004160 0.0000 0.8411 0.0000 0.1589
004180 0.0000 0.8414 0.0000 0.1586
004200 0.0000 0.8413 0.0000 0.1587
004220 0.0000 0.8407 0.0000 0.1593
004240 0.0000 0.8418 0.0000 0.1582
004260 0.0000 0.8417 0.0000 0.1583
004280 0.0000 0.8408 0.0000 0.1592
004300 0.0000 0.8414 0.0000 0.1586
004320 0.0000 0.8405 0.0000 0.1595
004340 0.0000 0.8418 0.0000 0.1582
004360 0.0000 0.8409 0.0000 0.1591
004380 0.0000 0.8408 0.0000 0.1592
004400 0.0000 0.8411 0.0000 0.1589
004420 0.0000 0.8403 0.0000 0.1597
004440 0.0000 0.8402 0.0000 0.1598
004460 0.0000 0.8403 0.0000 0.1597
004480 0.0000 0.8412 0.0000 0.1588
004500 0.0000 0.8413 0.0000 0.1587
004520 0.0000 0.8406 0.0000 0.1594
004540 0.0000 0.8402 0.0000 0.1598
004560 0.0000 0.8415 0.0000 0.1585
004580 0.0000 0.8408 0.0000 0.1592
004600 0.0000 0.8412 0.0000 0.1588
004620 0.0000 0.8406 0.0000 0.1594
004640 0.0000 0.8408 0.0000 0.1592
004660 0.0000 0.8416 0.0000 0.1584
004680 0.0000 0.8413 0.0000 0.1587
004700 0.0000 0.8402 0.0000 0.1598
004720 0.0000 0.8418 0.0000 0.1582
004740 0.0000 0.8414 0.0000 0.1586
004760 0.0000 0.8409 0.0000 0.1591
004780 0.0000 0.8415 0.0000 0.1585
004800 0.0000 0.8413 0.0000 0.1587
004820 0.0000 0.8410 0.0000 0.1590
004840 0.0000 0.8421 0.0000 0.1579
004860 0.0000 0.8412 0.0000 0.1588
004880 0.0000 0.8410 0.0000 0.1590
004900 0.0000 0.8412 0.0000 0.1588
004920 0.0000 0.8415 0.0000 0.1585
004940 0.0000 0.8407 0.0000 0.1593
004960 0.0000 0.8422 0.0000 0.1578
004980 0.0000 0.8422 0.0000 0.1578
005000 0.0000 0.8419 0.0000 0.1581
005020 0.0000 0.8424 0.0000 0.1576
005040 0.0000 0.8406 0.0000 0.1594
005060 0.0000 0.8394 0.0000 0.1606
005080 0.0000 0.8405 0.0000 0.1595
005100 0.0000 0.8414 0.0000 0.1586
005120 0.0000 0.8413 0.0000 0.1587
005140 0.0000 0.8414 0.0000 0.1586
005160 0.0000 0.8413 0.0000 0.1587
005180 0.0000 0.8417 0.0000 0.1583
005200 0.0000 0.8409 0.0000 0.1591
005220 0.0000 0.8412 0.0000 0.1588
005240 0.0000 0.8418 0.0000 0.1582
005260 0.0000 0.8410 0.0000 0.1590
005280 0.0000 0.8417 0.0000 0.1583
005300 0.0000 0.8411 0.0000 0.1589
005320 0.0000 0.8415 0.0000 0.1585
005340 0.0000 0.8404 0.0000 0.1596
005360 0.0000 0.8412 0.0000 0.1588
005380 0.0000 0.8407 0.0000 0.1593
005400 0.0000 0.8422 0.0000 0.1578
005420 0.0000 0.8415 0.0000 0.1585
005440 0.0000 0.8420 0.0000 0.1580
005460 0.0000 0.8411 0.0000 0.1589
005480 0.0000 0.8400 0.0000 0.1600
005500 0.0000 0.8418 0.0000 0.1582
005520 0.0000 0.8415 0.0000 0.1585
005540 0.0000 0.8416 0.0000 0.1584
005560 0.0000 0.8412 0.0000 0.1588
005580 0.0000 0.8413 0.0000 0.1587
005600 0.0000 0.8419 0.0000 0.1581
005620 0.0000 0.8416 0.0000 0.1584
005640 0.0000 0.8414 0.0000 0.1586
005660 0.0000 0.8407 0.0000 0.1593
005680 0.0000 0.8412 0.0000 0.1588
005700 0.0000 0.8417 0.0000 0.1583
005720 0.0000 0.8415 0.0000 0.1585
005740 0.0000 0.8416 0.0000 0.1584
005760 0.0000 0.8418 0.0000 0.1582
005780 0.0000 0.8415 0.0000 0.1585
005800 0.0000 0.8412 0.0000 0.1588
005820 0.0000 0.8410 0.0000 0.1590
005840 0.0000 0.8411 0.0000 0.1589
005860 0.0000 0.8419 0.0000 0.1581
005880 0.0000 0.8416 0.0000 0.1584
005900 0.0000 0.8413 0.0000 0.1587
005920 0.0000 0.8408 0.0000 0.1592
005940 0.0000 0.8407 0.0000 0.1593
005960 0.0000 0.8410 0.0000 0.1590
005980 0.0000 0.8421 0.0000 0.1579
006000 0.0000 0.8413 0.0000 0.1587
006020 0.0000 0.8404 0.0000 0.1596
006040 0.0000 0.8405 0.0000 0.1595
006060 0.0000 0.8416 0.0000 0.1584
006080 0.0000 0.8419 0.0000 0.1581
006100 0.0000 0.8411 0.0000 0.1589
006120 0.0000 0.8412 0.0000 0.1588
006140 0.0000 0.8407 0.0000 0.1593
006160 0.0000 0.8404 0.0000 0.1596
006180 0.0000 0.8404 0.0000 0.1596
006200 0.0000 0.8403 0.0000 0.1597
006220 0.0000 0.8406 0.0000 0.1594
006240 0.0000 0.8411 0.0000 0.1589
006260 0.0000 0.8417 0.0000 0.1583
006280 0.0000 0.8412 0.0000 0.1588
006300 0.0000 0.8407 0.0000 0.1593
006320 0.0000 0.8411 0.0000 0.1589
006340 0.0000 0.8406 0.0000 0.1594
006360 0.0000 0.8409 0.0000 0.1591
006380 0.0000 0.8423 0.0000 0.1577
006400 0.0000 0.8419 0.0000 0.1581
006420 0.0000 0.8413 0.0000 0.1587
006440 0.0000 0.8413 0.0000 0.1587
006460 0.0000 0.8411 0.0000 0.1589
006480 0.0000 0.8405 0.0000 0.1595
006500 0.0000 0.8412 0.0000 0.1588
006520 0.0000 0.8416 0.0000 0.1584
006540 0.0000 0.8410 0.0000 0.1590
006560 0.0000 0.8410 0.0000 0.1590
006580 0.0000 0.8411 0.0000 0.1589
006600 0.0000 0.8407 0.0000 0.1593
006620 0.0000 0.8412 0.0000 0.1588
006640 0.0000 0.8422 0.0000 0.1578
006660 0.0000 0.8409 0.0000 0.1591
006680 0.0000 0.8415 0.0000 0.1585
006700 0.0000 0.8422 0.0000 0.1578
006720 0.0000 0.8418 0.0000 0.1582
006740 0.0000 0.8418 0.0000 0.1582
006760 0.0000 0.8416 0.0000 0.1584
006780 0.0000 0.8414 0.0000 0.1586
006800 0.0000 0.8410 0.0000 0.1590
006820 0.0000 0.8417 0.0000 0.1583
006840 0.0000 0.8414 0.0000 0.1586
006860 0.0000 0.8414 0.0000 0.1586
006880 0.0000 0.8410 0.0000 0.1590
006900 0.0000 0.8412 0.0000 0.1588
006920 0.0000 0.8410 0.0000 0.1590
006940 0.0000 0.8413 0.0000 0.1587
006960 0.0000 0.8413 0.0000 0.1587
006980 0.0000 0.8409 0.0000 0.1591
007000 0.0000 0.8413 0.0000 0.1587
007020 0.0000 0.8419 0.0000 0.1581
007040 0.0000 0.8422 0.0000 0.1578
007060 0.0000 0.8416 0.0000 0.1584
007080 0.0000 0.8408 0.0000 0.1592
007100 0.0000 0.8407 0.0000 0.1593
007120 0.0000 0.8416 0.0000 0.1584
007140 0.0000 0.8414 0.0000 0.1586
007160 0.0000 0.8410 0.0000 0.1590
007180 0.0000 0.8413 0.0000 0.1587
007200 0.0000 0.8408 0.0000 0.1592
007220 0.0000 0.8409 0.0000 0.1591
007240 0.0000 0.8407 0.0000 0.1593
007260 0.0000 0.8410 0.0000 0.1590
007280 0.0000 0.8406 0.0000 0.1594
007300 0.0000 0.8409 0.0000 0.1591
007320 0.0000 0.8410 0.0000 0.1590
007340 0.0000 0.8412 0.0000 0.1588
007360 0.0000 0.8419 0.0000 0.1581
007380 0.0000 0.8421 0.0000 0.1579
007400 0.0000 0.8415 0.0000 0.1585
007420 0.0000 0.8412 0.0000 0.1588
007440 0.0000 0.8416 0.0000 0.1584
007460 0.0000 0.8404 0.0000 0.1596
007480 0.0000 0.8412 0.0000 0.1588
007500 0.0000 0.8408 0.0000 0.1592
007520 0.0000 0.8410 0.0000 0.1590
007540 0.0000 0.8409 0.0000 0.1591
007560 0.0000 0.8408 0.0000 0.1592
007580 0.0000 0.8412 0.0000 0.1588
007600 0.0000 0.8418 0.0000 0.1582
007620 0.0000 0.8411 0.0000 0.1589
007640 0.0000 0.8415 0.0000 0.1585
007660 0.0000 0.8418 0.0000 0.1582
007680 0.0000 0.8413 0.0000 0.1587
007700 0.0000 0.8409 0.0000 0.1591
007720 0.0000 0.8412 0.0000 0.1588
007740 0.0000 0.8410 0.0000 0.1590
007760 0.0000 0.8408 0.0000 0.1592
007780 0.0000 0.8408 0.0000 0.1592
007800 0.0000 0.8415 0.0000 0.1585
007820 0.0000 0.8409 0.0000 0.1591
007840 0.0000 0.8415 0.0000 0.1585
007860 0.0000 0.8420 0.0000 0.1580
007880 0.0000 0.8417 0.0000 0.1583
007900 0.0000 0.8409 0.0000 0.1591
007920 0.0000 0.8413 0.0000 0.1587
007940 0.0000 0.8408 0.0000 0.1592
007960 0.0000 0.8411 0.0000 0.1589
007980 0.0000 0.8418 0.0000 0.1582
008000 0.0000 0.8412 0.0000 0.1588
008020 0.0000 0.8406 0.0000 0.1594
008040 0.0000 0.8406 0.0000 0.1594
008060 0.0000 0.8409 0.0000 0.1591
008080 0.0000 0.8422 0.0000 0.1578
008100 0.0000 0.8414 0.0000 0.1586
008120 0.0000 0.8420 0.0000 0.1580
008140 0.0000 0.8413 0.0000 0.1587
008160 0.0000 0.8414 0.0000 0.1586
008180 0.0000 0.8411 0.0000 0.1589
008200 0.0000 0.8411 0.0000 0.1589
008220 0.0000 0.8413 0.0000 0.1587
008240 0.0000 0.8411 0.0000 0.1589
008260 0.0000 0.8408 0.0000 0.1592
008280 0.0000 0.8410 0.0000 0.1590
008300 0.0000 0.8412 0.0000 0.1588
008320 0.0000 0.8405 0.0000 0.1595
008340 0.0000 0.8412 0.0000 0.1588
008360 0.0000 0.8412 0.0000 0.1588
008380 0.0000 0.8409 0.0000 0.1591
008400 0.0000 0.8416 0.0000 0.1584
008420 0.0000 0.8414 0.0000 0.1586
008440 0.0000 0.8414 0.0000 0.1586
008460 0.0000 0.8419 0.0000 0.1581
008480 0.0000 0.8422 0.0000 0.1578
008500 0.0000 0.8415 0.0000 0.1585
008520 0.0000 0.8406 0.0000 0.1594
008540 0.0000 0.8417 0.0000 0.1583
008560 0.0000 0.8421 0.0000 0.1579
008580 0.0000 0.8421 0.0000 0.1579
008600 0.0000 0.8421 0.0000 0.1579
008620 0.0000 0.8408 0.0000 0.1592
008640 0.0000 0.8413 0.0000 0.1587
008660 0.0000 0.8419 0.0000 0.1581
008680 0.0000 0.8415 0.0000 0.1585
008700 0.0000 0.8411 0.0000 0.1589
008720 0.0000 0.8417 0.0000 0.1583
008740 0.0000 0.8417 0.0000 0.1583
008760 0.0000 0.8416 0.0000 0.1584
008780 0.0000 0.8415 0.0000 0.1585
008800 0.0000 0.8416 0.0000 0.1584
008820 0.0000 0.8413 0.0000 0.1587
008840 0.0000 0.8414 0.0000 0.1586
008860 0.0000 0.8418 0.0000 0.1582
008880 0.0000 0.8421 0.0000 0.1579
008900 0.0000 0.8419 0.0000 0.1581
008920 0.0000 0.8414 0.0000 0.1586
008940 0.0000 0.8416 0.0000 0.1584
008960 0.0000 0.8419 0.0000 0.1581
008980 0.0000 0.8408 0.0000 0.1592
009000 0.0000 0.8410 0.0000 0.1590
009020 0.0000 0.8408 0.0000 0.1592
009040 0.0000 0.8410 0.0000 0.1590
009060 0.0000 0.8404 0.0000 0.1596
009080 0.0000 0.8407 0.0000 0.1593
009100 0.0000 0.8417 0.0000 0.1583
009120 0.0000 0.8417 0.0000 0.1583
009140 0.0000 0.8406 0.0000 0.1594
009160 0.0000 0.8417 0.0000 0.1583
009180 0.0000 0.8419 0.0000 0.1581
009200 0.0000 0.8415 0.0000 0.1585
009220 0.0000 0.8410 0.0000 0.1590
009240 0.0000 0.8415 0.0000 0.1585
009260 0.0000 0.8419 0.0000 0.1581
009280 0.0000 0.8415 0.0000 0.1585
009300 0.0000 0.8410 0.0000 0.1590
009320 0.0000 0.8418 0.0000 0.1582
009340 0.0000 0.8417 0.0000 0.1583
009360 0.0000 0.8407 0.0000 0.1593
009380 0.0000 0.8410 0.0000 0.1590
009400 0.0000 0.8419 0.0000 0.1581
009420 0.0000 0.8410 0.0000 0.1590
009440 0.0000 0.8402 0.0000 0.1598
009460 0.0000 0.8404 0.0000 0.1596
009480 0.0000 0.8405 0.0000 0.1595
009500 0.0000 0.8411 0.0000 0.1589
009520 0.0000 0.8410 0.0000 0.1590
009540 0.0000 0.8414 0.0000 0.1586
009560 0.0000 0.8411 0.0000 0.1589
009580 0.0000 0.8408 0.0000 0.1592
009600 0.0000 0.8420 0.0000 0.1580
009620 0.0000 0.8419 0.0000 0.1581
009640 0.0000 0.8413 0.0000 0.1587
009660 0.0000 0.8418 0.0000 0.1582
009680 0.0000 0.8410 0.0000 0.1590
009700 0.0000 0.8416 0.0000 0.1584
009720 0.0000 0.8416 0.0000 0.1585
009740 0.0000 0.8402 0.0000 0.1598
009760 0.0000 0.8406 0.0000 0.1594
009780 0.0000 0.8402 0.0000 0.1598
009800 0.0000 0.8399 0.0000 0.1601
009820 0.0000 0.8410 0.0000 0.1590
009840 0.0000 0.8410 0.0000 0.1590
009860 0.0000 0.8408 0.0000 0.1592
009880 0.0000 0.8406 0.0000 0.1594
009900 0.0000 0.8417 0.0000 0.1583
009920 0.0000 0.8419 0.0000 0.1581
009940 0.0000 0.8418 0.0000 0.1582
009960 0.0000 0.8418 0.0000 0.1582
009980 0.0000 0.8415 0.0000 0.1585
010000 0.0000 0.8409 0.0000 0.1591
010020 0.0000 0.8410 0.0000 0.1590
010040 0.0000 0.8410 0.0000 0.1590
010060 0.0000 0.8410 0.0000 0.1590
010080 0.0000 0.8410 0.0000 0.1590
010100 0.0000 0.8410 0.0000 0.1590
010120 0.0000 0.8410 0.0000 0.1590
010140 0.0000 0.8410 0.0000 0.1590
010160 0.0000 0.8410 0.0000 0.1590
010180 0.0000 0.8410 0.0000 0.1590
010200 0.0000 0.8410 0.0000 0.1590
010220 0.0000 0.8410 0.0000 0.1590
010240 0.0000 0.8410 0.0000 0.1590
010260 0.0000 0.8410 0.0000 0.1590
010280 0.0000 0.8410 0.0000 0.1590
010300 0.0000 0.8410 0.0000 0.1590
010320 0.0000 0.8410 0.0000 0.1590
010340 0.0000 0.8410 0.0000 0.1590
010360 0.0000 0.8410 0.0000 0.1590
010380 0.0000 0.8410 0.0000 0.1590
010400 0.0000 0.8410 0.0000 0.1590
010420 0.0000 0.8410 0.0000 0.1590
010440 0.0000 0.8410 0.0000 0.1590
010460 0.0000 0.8410 0.0000 0.1590
010480 0.0000 0.8410 0.0000 0.1590
010500 0.0000 0.8410 0.0000 0.1590
010520 0.0000 0.8410 0.0000 0.1590
010540 0.0000 0.8410 0.0000 0.1590
010560 0.0000 0.8410 0.0000 0.1590
010580 0.0000 0.8410 0.0000 0.1590
010600 0.0000 0.8410 0.0000 0.1590
010620 0.0000 0.8410 0.0000 0.1590
010640 0.0000 0.8410 0.0000 0.1590
010660 0.0000 0.8410 0.0000 0.1590
010680 0.0000 0.8410 0.0000 0.1590
010700 0.0000 0.8410 0.0000 0.1590
010720 0.0000 0.8410 0.0000 0.1590
010740 0.0000 0.8410 0.0000 0.1590
010760 0.0000 0.8410 0.0000 0.1590
010780 0.0000 0.8410 0.0000 0.1590
010800 0.0000 0.8410 0.0000 0.1590
010820 0.0000 0.8410 0.0000 0.1590
010840 0.0000 0.8410 0.0000 0.1590
010860 0.0000 0.8410 0.0000 0.1590
010880 0.0000 0.8410 0.0000 0.1590
010900 0.0000 0.8410 0.0000 0.1590
010920 0.0000 0.8410 0.0000 0.1590
010940 0.0000 0.8410 0.0000 0.1590
010960 0.0000 0.8410 0.0000 0.1590
010980 0.0000 0.8410 0.0000 0.1590
011000 0.0000 0.8410 0.0000 0.1590
011020 0.0000 0.8410 0.0000 0.1590
011040 0.0000 0.8410 0.0000 0.1590
011060 0.0000 0.8410 0.0000 0.1590
011080 0.0000 0.8410 0.0000 0.1590
011100 0.0000 0.8410 0.0000 0.1590
011120 0.0000 0.8410 0.0000 0.1590
011140 0.0000 0.8410 0.0000 0.1590
011160 0.0000 0.8410 0.0000 0.1590
011180 0.0000 0.8410 0.0000 0.1590
011200 0.0000 0.8410 0.0000 0.1590
011220 0.0000 0.8410 0.0000 0.1590
011240 0.0000 0.8410 0.0000 0.1590
011260 0.0000 0.8410 0.0000 0.1590
011280 0.0000 0.8410 0.0000 0.1590
011300 0.0000 0.8410 0.0000 0.1590
011320 0.0000 0.8410 0.0000 0.1590
011340 0.0000 0.8410 0.0000 0.1590
011360 0.0000 0.8410 0.0000 0.1590
011380 0.0000 0.8410 0.0000 0.1590
011400 0.0000 0.8410 0.0000 0.1590
011420 0.0000 0.8410 0.0000 0.1590
011440 0.0000 0.8410 0.0000 0.1590
011460 0.0000 0.8410 0.0000 0.1590
011480 0.0000 0.8410 0.0000 0.1590
011500 0.0000 0.8410 0.0000 0.1590
011520 0.0000 0.8410 0.0000 0.1590
011540 0.0000 0.8410 0.0000 0.1590
011560 0.0000 0.8410 0.0000 0.1590
011580 0.0000 0.8410 0.0000 0.1590
011600 0.0000 0.8410 0.0000 0.1590
011620 0.0000 0.8410 0.0000 0.1590
011640 0.0000 0.8410 0.0000 0.1590
011660 0.0000 0.8410 0.0000 0.1590
011680 0.0000 0.8410 0.0000 0.1590
011700 0.0000 0.8410 0.0000 0.1590
011720 0.0000 0.8410 0.0000 0.1590
011740 0.0000 0.8410 0.0000 0.1590
011760 0.0000 0.8410 0.0000 0.1590
011780 0.0000 0.8410 0.0000 0.1590
011800 0.0000 0.8410 0.0000 0.1590
011820 0.0000 0.8410 0.0000 0.1590
011840 0.0000 0.8410 0.0000 0.1590
011860 0.0000 0.8410 0.0000 0.1590
011880 0.0000 0.8410 0.0000 0.1590
011900 0.0000 0.8410 0.0000 0.1590
011920 0.0000 0.8410 0.0000 0.1590
011940 0.0000 0.8410 0.0000 0.1590
011960 0.0000 0.8410 0.0000 0.1590
011980 0.0000 0.8410 0.0000 0.1590
012000 0.0000 0.8410 0.0000 0.1590
012020 0.0000 0.8410 0.0000 0.1590
012040 0.0000 0.8410 0.0000 0.1590
012060 0.0000 0.8410 0.0000 0.1590
012080 0.0000 0.8410 0.0000 0.1590
012100 0.0000 0.8410 0.0000 0.1590
012120 0.0000 0.8410 0.0000 0.1590
012140 0.0000 0.8410 0.0000 0.1590
012160 0.0000 0.8410 0.0000 0.1590
012180 0.0000 0.8410 0.0000 0.1590
012200 0.0000 0.8410 0.0000 0.1590
012220 0.0000 0.8410 0.0000 0.1590
012240 0.0000 0.8410 0.0000 0.1590
012260 0.0000 0.8410 0.0000 0.1590
012280 0.0000 0.8410 0.0000 0.1590
012300 0.0000 0.8410 0.0000 0.1590
012320 0.0000 0.8410 0.0000 0.1590
012340 0.0000 0.8410 0.0000 0.1590
012360 0.0000 0.8410 0.0000 0.1590
012380 0.0000 0.8410 0.0000 0.1590
012400 0.0000 0.8410 0.0000 0.1590
012420 0.0000 0.8410 0.0000 0.1590
012440 0.0000 0.8410 0.0000 0.1590
012460 0.0000 0.8410 0.0000 0.1590
012480 0.0000 0.8410 0.0000 0.1590
012500 0.0000 0.8410 0.0000 0.1590
012520 0.0000 0.8410 0.0000 0.1590
012540 0.0000 0.8410 0.0000 0.1590
012560 0.0000 0.8410 0.0000 0.1590
012580 0.0000 0.8410 0.0000 0.1590
012600 0.0000 0.8410 0.0000 0.1590
012620 0.0000 0.8410 0.0000 0.1590
012640 0.0000 0.8410 0.0000 0.1590
012660 0.0000 0.8410 0.0000 0.1590
012680 0.0000 0.8410 0.0000 0.1590
012700 0.0000 0.8410 0.0000 0.1590
012720 0.0000 0.8410 0.0000 0.1590
012740 0.0000 0.8410 0.0000 0.1590
012760 0.0000 0.8410 0.0000 0.1590
012780 0.0000 0.8410 0.0000 0.1590
012800 0.0000 0.8410 0.0000 0.1590
012820 0.0000 0.8410 0.0000 0.1590
012840 0.0000 0.8410 0.0000 0.1590
012860 0.0000 0.8410 0.0000 0.1590
012880 0.0000 0.8410 0.0000 0.1590
012900 0.0000 0.8410 0.0000 0.1590
012920 0.0000 0.8410 0.0000 0.1590
012940 0.0000 0.8410 0.0000 0.1590
012960 0.0000 0.8410 0.0000 0.1590
012980 0.0000 0.8410 0.0000 0.1590
013000 0.0000 0.8410 0.0000 0.1590
013020 0.0000 0.8410 0.0000 0.1590
013040 0.0000 0.8410 0.0000 0.1590
013060 0.0000 0.8410 0.0000 0.1590
013080 0.0000 0.8410 0.0000 0.1590
013100 0.0000 0.8410 0.0000 0.1590
013120 0.0000 0.8410 0.0000 0.1590
013140 0.0000 0.8410 0.0000 0.1590
013160 0.0000 0.8410 0.0000 0.1590
013180 0.0000 0.8410 0.0000 0.1590
013200 0.0000 0.8410 0.0000 0.1590
013220 0.0000 0.8410 0.0000 0.1590
013240 0.0000 0.8410 0.0000 0.1590
013260 0.0000 0.8410 0.0000 0.1590
013280 0.0000 0.8410 0.0000 0.1590
013300 0.0000 0.8410 0.0000 0.1590
013320 0.0000 0.8410 0.0000 0.1590
013340 0.0000 0.8410 0.0000 0.1590
013360 0.0000 0.8410 0.0000 0.1590
013380 0.0000 0.8410 0.0000 0.1590
013400 0.0000 0.8410 0.0000 0.1590
013420 0.0000 0.8410 0.0000 0.1590
013440 0.0000 0.8410 0.0000 0.1590
013460 0.0000 0.8410 0.0000 0.1590
013480 0.0000 0.8410 0.0000 0.1590
013500 0.0000 0.8410 0.0000 0.1590
013520 0.0000 0.8410 0.0000 0.1590
013540 0.0000 0.8410 0.0000 0.1590
013560 0.0000 0.8410 0.0000 0.1590
013580 0.0000 0.8410 0.0000 0.1590
013600 0.0000 0.8410 0.0000 0.1590
013620 0.0000 0.8410 0.0000 0.1590
013640 0.0000 0.8410 0.0000 0.1590
013660 0.0000 0.8410 0.0000 0.1590
013680 0.0000 0.8410 0.0000 0.1590
013700 0.0000 0.8410 0.0000 0.1590
013720 0.0000 0.8410 0.0000 0.1590
013740 0.0000 0.8410 0.0000 0.1590
013760 0.0000 0.8410 0.0000 0.1590
013780 0.0000 0.8410 0.0000 0.1590
013800 0.0000 0.8410 0.0000 0.1590
013820 0.0000 0.8410 0.0000 0.1590
013840 0.0000 0.8410 0.0000 0.1590
013860 0.0000 0.8410 0.0000 0.1590
013880 0.0000 0.8410 0.0000 0.1590
013900 0.0000 0.8410 0.0000 0.1590
013920 0.0000 0.8410 0.0000 0.1590
013940 0.0000 0.8410 0.0000 0.1590
013960 0.0000 0.8410 0.0000 0.1590
013980 0.0000 0.8410 0.0000 0.1590
014000 0.0000 0.8410 0.0000 0.1590
014020 0.0000 0.8410 0.0000 0.1590
014040 0.0000 0.8410 0.0000 0.1590
014060 0.0000 0.8410 0.0000 0.1590
014080 0.0000 0.8410 0.0000 0.1590
014100 0.0000 0.8410 0.0000 0.1590
014120 0.0000 0.8410 0.0000 0.1590
014140 0.0000 0.8410 0.0000 0.1590
014160 0.0000 0.8410 0.0000 0.1590
014180 0.0000 0.8410 0.0000 0.1590
014200 0.0000 0.8410 0.0000 0.1590
014220 0.0000 0.8410 0.0000 0.1590
014240 0.0000 0.8410 0.0000 0.1590
014260 0.0000 0.8410 0.0000 0.1590
014280 0.0000 0.8410 0.0000 0.1590
014300 0.0000 0.8410 0.0000 0.1590
014320 0.0000 0.8410 0.0000 0.1590
014340 0.0000 0.8410 0.0000 0.1590
014360 0.0000 0.8410 0.0000 0.1590
014380 0.0000 0.8410 0.0000 0.1590
014400 0.0000 0.8410 0.0000 0.1590
014420 0.0000 0.8410 0.0000 0.1590
014440 0.0000 0.8410 0.0000 0.1590
014460 0.0000 0.8410 0.0000 0.1590
014480 0.0000 0.8410 0.0000 0.1590
014500 0.0000 0.8410 0.0000 0.1590
014520 0.0000 0.8410 0.0000 0.1590
014540 0.0000 0.8410 0.0000 0.1590
014560 0.0000 0.8410 0.0000 0.1590
014580 0.0000 0.8410 0.0000 0.1590
014600 0.0000 0.8410 0.0000 0.1590
014620 0.0000 0.8410 0.0000 0.1590
014640 0.0000 0.8410 0.0000 0.1590
014660 0.0000 0.8410 0.0000 0.1590
014680 0.0000 0.8410 0.0000 0.1590
014700 0.0000 0.8410 0.0000 0.1590
014720 0.0000 0.8410 0.0000 0.1590
014740 0.0000 0.8410 0.0000 0.1590
014760 0.0000 0.8410 0.0000 0.1590
014780 0.0000 0.8410 0.0000 0.1590
014800 0.0000 0.8410 0.0000 0.1590
014820 0.0000 0.8410 0.0000 0.1590
014840 0.0000 0.8410 0.0000 0.1590
014860 0.0000 0.8410 0.0000 0.1590
014880 0.0000 0.8410 0.0000 0.1590
014900 0.0000 0.8410 0.0000 0.1590
014920 0.0000 0.8410 0.0000 0.1590
014940 0.0000 0.8410 0.0000 0.1590
014960 0.0000 0.8410 0.0000 0.1590
014980 0.0000 0.8410 0.0000 0.1590
015000 0.0000 0.8410 0.0000 0.1590
015020 0.0000 0.8410 0.0000 0.1590
015040 0.0000 0.8410 0.0000 0.1590
015060 0.0000 0.8410 0.0000 0.1590
015080 0.0000 0.8410 0.0000 0.1590
015100 0.0000 0.8410 0.0000 0.1590
015120 0.0000 0.8410 0.0000 0.1590
015140 0.0000 0.8410 0.0000 0.1590
015160 0.0000 0.8410 0.0000 0.1590
015180 0.0000 0.8410 0.0000 0.1590
015200 0.0000 0.8410 0.0000 0.1590
015220 0.0000 0.8410 0.0000 0.1590
015240 0.0000 0.8410 0.0000 0.1590
015260 0.0000 0.8410 0.0000 0.1590
015280 0.0000 0.8410 0.0000 0.1590
015300 0.0000 0.8410 0.0000 0.1590
015320 0.0000 0.8410 0.0000 0.1590
015340 0.0000 0.8410 0.0000 0.1590
015360 0.0000 0.8410 0.0000 0.1590
015380 0.0000 0.8410 0.0000 0.1590
015400 0.0000 0.8410 0.0000 0.1590
015420 0.0000 0.8410 0.0000 0.1590
015440 0.0000 0.8410 0.0000 0.1590
015460 0.0000 0.8410 0.0000 0.1590
015480 0.0000 0.8410 0.0000 0.1590
015500 0.0000 0.8410 0.0000 0.1590
015520 0.0000 0.8410 0.0000 0.1590
015540 0.0000 0.8410 0.0000 0.1590
015560 0.0000 0.8410 0.0000 0.1590
015580 0.0000 0.8410 0.0000 0.1590
015600 0.0000 0.8410 0.0000 0.1590
015620 0.0000 0.8410 0.0000 0.1590
015640 0.0000 0.8410 0.0000 0.1590
015660 0.0000 0.8410 0.0000 0.1590
015680 0.0000 0.8410 0.0000 0.1590
015700 0.0000 0.8410 0.0000 0.1590
015720 0.0000 0.8410 0.0000 0.1590
015740 0.0000 0.8410 0.0000 0.1590
015760 0.0000 0.8410 0.0000 0.1590
015780 0.0000 0.8410 0.0000 0.1590
015800 0.0000 0.8410 0.0000 0.1590
015820 0.0000 0.8410 0.0000 0.1590
015840 0.0000 0.8410 0.0000 0.1590
015860 0.0000 0.8410 0.0000 0.1590
015880 0.0000 0.8410 0.0000 0.1590
015900 0.0000 0.8410 0.0000 0.1590
015920 0.0000 0.8410 0.0000 0.1590
015940 0.0000 0.8410 0.0000 0.1590
015960 0.0000 0.8410 0.0000 0.1590
015980 0.0000 0.8410 0.0000 0.1590
016000 0.0000 0.8410 0.0000 0.1590
016020 0.0000 0.8410 0.0000 0.1590
016040 0.0000 0.8410 0.0000 0.1590
016060 0.0000 0.8410 0.0000 0.1590
016080 0.0000 0.8410 0.0000 0.1590
016100 0.0000 0.8410 0.0000 0.1590
016120 0.0000 0.8410 0.0000 0.1590
016140 0.0000 0.8410 0.0000 0.1590
016160 0.0000 0.8410 0.0000 0.1590
016180 0.0000 0.8410 0.0000 0.1590
016200 0.0000 0.8410 0.0000 0.1590
016220 0.0000 0.8410 0.0000 0.1590
016240 0.0000 0.8410 0.0000 0.1590
016260 0.0000 0.8410 0.0000 0.1590
016280 0.0000 0.8410 0.0000 0.1590
016300 0.0000 0.8410 0.0000 0.1590
016320 0.0000 0.8410 0.0000 0.1590
016340 0.0000 0.8410 0.0000 0.1590
016360 0.0000 0.8410 0.0000 0.1590
016380 0.0000 0.8410 0.0000 0.1590
016400 0.0000 0.8410 0.0000 0.1590
016420 0.0000 0.8410 0.0000 0.1590
016440 0.0000 0.8410 0.0000 0.1590
016460 0.0000 0.8410 0.0000 0.1590
016480 0.0000 0.8410 0.0000 0.1590
016500 0.0000 0.8410 0.0000 0.1590
016520 0.0000 0.8410 0.0000 0.1590
016540 0.0000 0.8410 0.0000 0.1590
016560 0.0000 0.8410 0.0000 0.1590
016580 0.0000 0.8410 0.0000 0.1590
016600 0.0000 0.8410 0.0000 0.1590
016620 0.0000 0.8410 0.0000 0.1590
016640 0.0000 0.8410 0.0000 0.1590
016660 0.0000 0.8410 0.0000 0.1590
016680 0.0000 0.8410 0.0000 0.1590
016700 0.0000 0.8410 0.0000 0.1590
016720 0.0000 0.8410 0.0000 0.1590
016740 0.0000 0.8410 0.0000 0.1590
016760 0.0000 0.8410 0.0000 0.1590
016780 0.0000 0.8410 0.0000 0.1590
016800 0.0000 0.8410 0.0000 0.1590
016820 0.0000 0.8410 0.0000 0.1590
016840 0.0000 0.8410 0.0000 0.1590
016860 0.0000 0.8410 0.0000 0.1590
016880 0.0000 0.8410 0.0000 0.1590
016900 0.0000 0.8410 0.0000 0.1590
016920 0.0000 0.8410 0.0000 0.1590
016940 0.0000 0.8410 0.0000 0.1590
016960 0.0000 0.8410 0.0000 0.1590
016980 0.0000 0.8410 0.0000 0.1590
017000 0.0000 0.8410 0.0000 0.1590
017020 0.0000 0.8410 0.0000 0.1590
017040 0.0000 0.8410 0.0000 0.1590
017060 0.0000 0.8410 0.0000 0.1590
017080 0.0000 0.8410 0.0000 0.1590
017100 0.0000 0.8410 0.0000 0.1590
017120 0.0000 0.8410 0.0000 0.1590
017140 0.0000 0.8410 0.0000 0.1590
017160 0.0000 0.8410 0.0000 0.1590
017180 0.0000 0.8410 0.0000 0.1590
017200 0.0000 0.8410 0.0000 0.1590
017220 0.0000 0.8410 0.0000 0.1590
017240 0.0000 0.8410 0.0000 0.1590
017260 0.0000 0.8410 0.0000 0.1590
017280 0.0000 0.8410 0.0000 0.1590
017300 0.0000 0.8410 0.0000 0.1590
017320 0.0000 0.8410 0.0000 0.1590
017340 0.0000 0.8410 0.0000 0.1590
017360 0.0000 0.8410 0.0000 0.1590
017380 0.0000 0.8410 0.0000 0.1590
017400 0.0000 0.8410 0.0000 0.1590
017420 0.0000 0.8410 0.0000 0.1590
017440 0.0000 0.8410 0.0000 0.1590
017460 0.0000 0.8410 0.0000 0.1590
017480 0.0000 0.8410 0.0000 0.1590
017500 0.0000 0.8410 0.0000 0.1590
017520 0.0000 0.8410 0.0000 0.1590
017540 0.0000 0.8410 0.0000 0.1590
017560 0.0000 0.8410 0.0000 0.1590
017580 0.0000 0.8410 0.0000 0.1590
017600 0.0000 0.8410 0.0000 0.1590
017620 0.0000 0.8410 0.0000 0.1590
017640 0.0000 0.8410 0.0000 0.1590
017660 0.0000 0.8410 0.0000 0.1590
017680 0.0000 0.8410 0.0000 0.1590
017700 0.0000 0.8410 0.0000 0.1590
017720 0.0000 0.8410 0.0000 0.1590
017740 0.0000 0.8410 0.0000 0.1590
017760 0.0000 0.8410 0.0000 0.1590
017780 0.0000 0.8410 0.0000 0.1590
017800 0.0000 0.8410 0.0000 0.1590
017820 0.0000 0.8410 0.0000 0.1590
017840 0.0000 0.8410 0.0000 0.1590
017860 0.0000 0.8410 0.0000 0.1590
017880 0.0000 0.8410 0.0000 0.1590
017900 0.0000 0.8410 0.0000 0.1590
017920 0.0000 0.8410 0.0000 0.1590
017940 0.0000 0.8410 0.0000 0.1590
017960 0.0000 0.8410 0.0000 0.1590
017980 0.0000 0.8410 0.0000 0.1590
018000 0.0000 0.8410 0.0000 0.1590
018020 0.0000 0.8410 0.0000 0.1590
018040 0.0000 0.8410 0.0000 0.1590
018060 0.0000 0.8410 0.0000 0.1590
018080 0.0000 0.8410 0.0000 0.1590
018100 0.0000 0.8410 0.0000 0.1590
018120 0.0000 0.8410 0.0000 0.1590
018140 0.0000 0.8410 0.0000 0.1590
018160 0.0000 0.8410 0.0000 0.1590
018180 0.0000 0.8410 0.0000 0.1590
018200 0.0000 0.8410 0.0000 0.1590
018220 0.0000 0.8410 0.0000 0.1590
018240 0.0000 0.8410 0.0000 0.1590
018260 0.0000 0.8410 0.0000 0.1590
018280 0.0000 0.8410 0.0000 0.1590
018300 0.0000 0.8410 0.0000 0.1590
018320 0.0000 0.8410 0.0000 0.1590
018340 0.0000 0.8410 0.0000 0.1590
018360 0.0000 0.8410 0.0000 0.1590
018380 0.0000 0.8410 0.0000 0.1590
018400 0.0000 0.8410 0.0000 0.1590
018420 0.0000 0.8410 0.0000 0.1590
018440 0.0000 0.8410 0.0000 0.1590
018460 0.0000 0.8410 0.0000 0.1590
018480 0.0000 0.8410 0.0000 0.1590
018500 0.0000 0.8410 0.0000 0.1590
018520 0.0000 0.8410 0.0000 0.1590
018540 0.0000 0.8410 0.0000 0.1590
018560 0.0000 0.8410 0.0000 0.1590
018580 0.0000 0.8410 0.0000 0.1590
018600 0.0000 0.8410 0.0000 0.1590
018620 0.0000 0.8410 0.0000 0.1590
018640 0.0000 0.8410 0.0000 0.1590
018660 0.0000 0.8410 0.0000 0.1590
018680 0.0000 0.8410 0.0000 0.1590
018700 0.0000 0.8410 0.0000 0.1590
018720 0.0000 0.8410 0.0000 0.1590
018740 0.0000 0.8410 0.0000 0.1590
018760 0.0000 0.8410 0.0000 0.1590
018780 0.0000 0.8410 0.0000 0.1590
018800 0.0000 0.8410 0.0000 0.1590
018820 0.0000 0.8410 0.0000 0.1590
018840 0.0000 0.8410 0.0000 0.1590
018860 0.0000 0.8410 0.0000 0.1590
018880 0.0000 0.8410 0.0000 0.1590
018900 0.0000 0.8410 0.0000 0.1590
018920 0.0000 0.8410 0.0000 0.1590
018940 0.0000 0.8410 0.0000 0.1590
018960 0.0000 0.8410 0.0000 0.1590
018980 0.0000 0.8410 0.0000 0.1590
019000 0.0000 0.8410 0.0000 0.1590
019020 0.0000 0.8410 0.0000 0.1590
019040 0.0000 0.8410 0.0000 0.1590
019060 0.0000 0.8410 0.0000 0.1590
019080 0.0000 0.8410 0.0000 0.1590
019100 0.0000 0.8410 0.0000 0.1590
019120 0.0000 0.8410 0.0000 0.1590
019140 0.0000 0.8410 0.0000 0.1590
019160 0.0000 0.8410 0.0000 0.1590
019180 0.0000 0.8410 0.0000 0.1590
019200 0.0000 0.8410 0.0000 0.1590
019220 0.0000 0.8410 0.0000 0.1590
019240 0.0000 0.8410 0.0000 0.1590
019260 0.0000 0.8410 0.0000 0.1590
019280 0.0000 0.8410 0.0000 0.1590
019300 0.0000 0.8410 0.0000 0.1590
019320 0.0000 0.8410 0.0000 0.1590
019340 0.0000 0.8410 0.0000 0.1590
019360 0.0000 0.8410 0.0000 0.1590
019380 0.0000 0.8410 0.0000 0.1590
019400 0.0000 0.8410 0.0000 0.1590
019420 0.0000 0.8410 0.0000 0.1590
019440 0.0000 0.8410 0.0000 0.1590
019460 0.0000 0.8410 0.0000 0.1590
019480 0.0000 0.8410 0.0000 0.1590
019500 0.0000 0.8410 0.0000 0.1590
019520 0.0000 0.8410 0.0000 0.1590
019540 0.0000 0.8410 0.0000 0.1590
019560 0.0000 0.8410 0.0000 0.1590
019580 0.0000 0.8410 0.0000 0.1590
019600 0.0000 0.8410 0.0000 0.1590
019620 0.0000 0.8410 0.0000 0.1590
019640 0.0000 0.8410 0.0000 0.1590
019660 0.0000 0.8410 0.0000 0.1590
019680 0.0000 0.8410 0.0000 0.1590
019700 0.0000 0.8410 0.0000 0.1590
019720 0.0000 0.8410 0.0000 0.1590
019740 0.0000 0.8410 0.0000 0.1590
019760 0.0000 0.8410 0.0000 0.1590
019780 0.0000 0.8410 0.0000 0.1590
019800 0.0000 0.8410 0.0000 0.1590
019820 0.0000 0.8410 0.0000 0.1590
019840 0.0000 0.8410 0.0000 0.1590
019860 0.0000 0.8410 0.0000 0.1590
019880 0.0000 0.8410 0.0000 0.1590
019900 0.0000 0.8410 0.0000 0.1590
019920 0.0000 0.8410 0.0000 0.1590
019940 0.0000 0.8410 0.0000 0.1590
019960 0.0000 0.8410 0.0000 0.1590
019980 0.0000 0.8410 0.0000 0.1590
020000 0.0000 0.8410 0.0000 0.1590
