000000 0.2504 0.2503 0.2501 0.2492
000020 0.0806 0.7350 0.0007 0.1837
000040 0.0568 0.7727 0.0000 0.1704
000060 0.0427 0.7929 0.0000 0.1644
000080 0.0343 0.8027 0.0000 0.1630
000100 0.0267 0.8124 0.0000 0.1609
000120 0.0215 0.8174 0.0000 0.1612
000140 0.0180 0.8219 0.0000 0.1601
000160 0.0137 0.8252 0.0000 0.1611
000180 0.0107 0.8293 0.0000 0.1601
000200 0.0087 0.8311 0.0000 0.1601
000220 0.0066 0.8331 0.0000 0.1603
000240 0.0052 0.8353 0.0000 0.1595
000260 0.0041 0.8363 0.0000 0.1596
000280 0.0033 0.8378 0.0000 0.1589
000300 0.0028 0.8380 0.0000 0.1591
000320 0.0024 0.8396 0.0000 0.1580
000340 0.0021 0.8395 0.0000 0.1584
000360 0.0019 0.8397 0.0000 0.1585
000380 0.0015 0.8391 0.0000 0.1594
000400 0.0012 0.8391 0.0000 0.1596
000420 0.0011 0.8409 0.0000 0.1581
000440 0.0009 0.8406 0.0000 0.1585
000460 0.0007 0.8406 0.0000 0.1587
000480 0.0005 0.8410 0.0000 0.1585
000500 0.0004 0.8410 0.0000 0.1586
000520 0.0003 0.8405 0.0000 0.1592
000540 0.0002 0.8406 0.0000 0.1592
000560 0.0002 0.8410 0.0000 0.1588
000580 0.0002 0.8404 0.0000 0.1595
000600 0.0001 0.8400 0.0000 0.1599
000620 0.0001 0.8409 0.0000 0.1590
000640 0.0001 0.8414 0.0000 0.1586
000660 0.0000 0.8410 0.0000 0.1590
000680 0.0000 0.8415 0.0000 0.1585
000700 0.0000 0.8410 0.0000 0.1589
000720 0.0000 0.8412 0.0000 0.1588
000740 0.0000 0.8419 0.0000 0.1581
000760 0.0000 0.8416 0.0000 0.1584
000780 0.0000 0.8414 0.0000 0.1586
000800 0.0000 0.8422 0.0000 0.1578
000820 0.0000 0.8421 0.0000 0.1579
000840 0.0000 0.8416 0.0000 0.1584
000860 0.0000 0.8412 0.0000 0.1588
000880 0.0000 0.8411 0.0000 0.1589
000900 0.0000 0.8412 0.0000 0.1588
000920 0.0000 0.8412 0.0000 0.1588
000940 0.0000 0.8407 0.0000 0.1593
000960 0.0000 0.8407 0.0000 0.1593
000980 0.0000 0.8407 0.0000 0.1593
001000 0.0000 0.8406 0.0000 0.1594
001020 0.0000 0.8410 0.0000 0.1590
001040 0.0000 0.8412 0.0000 0.1588
001060 0.0000 0.8413 0.0000 0.1587
001080 0.0000 0.8409 0.0000 0.1591
001100 0.0000 0.8417 0.0000 0.1583
001120 0.0000 0.8403 0.0000 0.1597
001140 0.0000 0.8406 0.0000 0.1594
001160 0.0000 0.8412 0.0000 0.1588
001180 0.0000 0.8417 0.0000 0.1583
001200 0.0000 0.8416 0.0000 0.1584
001220 0.0000 0.8412 0.0000 0.1588
001240 0.0000 0.8416 0.0000 0.1584
001260 0.0000 0.8413 0.0000 0.1587
001280 0.0000 0.8405 0.0000 0.1595
001300 0.0000 0.8414 0.0000 0.1586
001320 0.0000 0.8420 0.0000 0.1580
001340 0.0000 0.8407 0.0000 0.1593
001360 0.0000 0.8417 0.0000 0.1583
001380 0.0000 0.8416 0.0000 0.1584
001400 0.0000 0.8411 0.0000 0.1589
001420 0.0000 0.8417 0.0000 0.1583
001440 0.0000 0.8422 0.0000 0.1578
001460 0.0000 0.8415 0.0000 0.1585
001480 0.0000 0.8408 0.0000 0.1592
001500 0.0000 0.8416 0.0000 0.1584
001520 0.0000 0.8415 0.0000 0.1585
001540 0.0000 0.8421 0.0000 0.1579
001560 0.0000 0.8412 0.0000 0.1588
001580 0.0000 0.8415 0.0000 0.1585
001600 0.0000 0.8418 0.0000 0.1582
001620 0.0000 0.8419 0.0000 0.1581
001640 0.0000 0.8418 0.0000 0.1582
001660 0.0000 0.8411 0.0000 0.1589
001680 0.0000 0.8416 0.0000 0.1584
001700 0.0000 0.8421 0.0000 0.1579
001720 0.0000 0.8413 0.0000 0.1587
001740 0.0000 0.8413 0.0000 0.1587
001760 0.0000 0.8419 0.0000 0.1581
001780 0.0000 0.8413 0.0000 0.1587
001800 0.0000 0.8413 0.0000 0.1587
001820 0.0000 0.8406 0.0000 0.1594
001840 0.0000 0.8410 0.0000 0.1590
001860 0.0000 0.8411 0.0000 0.1589
001880 0.0000 0.8409 0.0000 0.1591
001900 0.0000 0.8412 0.0000 0.1588
001920 0.0000 0.8408 0.0000 0.1592
001940 0.0000 0.8415 0.0000 0.1585
001960 0.0000 0.8412 0.0000 0.1588
001980 0.0000 0.8411 0.0000 0.1589
002000 0.0000 0.8415 0.0000 0.1585
002020 0.0000 0.8407 0.0000 0.1593
002040 0.0000 0.8416 0.0000 0.1584
002060 0.0000 0.8420 0.0000 0.1580
002080 0.0000 0.8422 0.0000 0.1578
002100 0.0000 0.8415 0.0000 0.1585
002120 0.0000 0.8412 0.0000 0.1588
002140 0.0000 0.8413 0.0000 0.1587
002160 0.0000 0.8406 0.0000 0.1594
002180 0.0000 0.8407 0.0000 0.1593
002200 0.0000 0.8412 0.0000 0.1588
002220 0.0000 0.8410 0.0000 0.1590
002240 0.0000 0.8419 0.0000 0.1581
002260 0.0000 0.8410 0.0000 0.1590
002280 0.0000 0.8413 0.0000 0.1587
002300 0.0000 0.8406 0.0000 0.1594
002320 0.0000 0.8405 0.0000 0.1595
002340 0.0000 0.8412 0.0000 0.1588
002360 0.0000 0.8419 0.0000 0.1581
002380 0.0000 0.8417 0.0000 0.1583
002400 0.0000 0.8413 0.0000 0.1587
002420 0.0000 0.8416 0.0000 0.1584
002440 0.0000 0.8410 0.0000 0.1590
002460 0.0000 0.8411 0.0000 0.1589
002480 0.0000 0.8406 0.0000 0.1594
002500 0.0000 0.8411 0.0000 0.1589
002520 0.0000 0.8415 0.0000 0.1585
002540 0.0000 0.8421 0.0000 0.1579
002560 0.0000 0.8413 0.0000 0.1587
002580 0.0000 0.8423 0.0000 0.1577
002600 0.0000 0.8410 0.0000 0.1590
002620 0.0000 0.8414 0.0000 0.1586
002640 0.0000 0.8413 0.0000 0.1587
002660 0.0000 0.8412 0.0000 0.1588
002680 0.0000 0.8404 0.0000 0.1596
002700 0.0000 0.8417 0.0000 0.1583
002720 0.0000 0.8419 0.0000 0.1581
002740 0.0000 0.8419 0.0000 0.1581
002760 0.0000 0.8415 0.0000 0.1585
002780 0.0000 0.8414 0.0000 0.1586
002800 0.0000 0.8416 0.0000 0.1584
002820 0.0000 0.8411 0.0000 0.1589
002840 0.0000 0.8412 0.0000 0.1588
002860 0.0000 0.8412 0.0000 0.1588
002880 0.0000 0.8423 0.0000 0.1577
002900 0.0000 0.8408 0.0000 0.1592
002920 0.0000 0.8412 0.0000 0.1588
002940 0.0000 0.8402 0.0000 0.1598
002960 0.0000 0.8411 0.0000 0.1589
002980 0.0000 0.8404 0.0000 0.1596
003000 0.0000 0.8414 0.0000 0.1586
003020 0.0000 0.8408 0.0000 0.1592
003040 0.0000 0.8419 0.0000 0.1581
003060 0.0000 0.8411 0.0000 0.1589
003080 0.0000 0.8414 0.0000 0.1586
003100 0.0000 0.8410 0.0000 0.1590
003120 0.0000 0.8410 0.0000 0.1590
003140 0.0000 0.8417 0.0000 0.1583
003160 0.0000 0.8405 0.0000 0.1595
003180 0.0000 0.8418 0.0000 0.1582
003200 0.0000 0.8400 0.0000 0.1600
003220 0.0000 0.8420 0.0000 0.1580
003240 0.0000 0.8417 0.0000 0.1583
003260 0.0000 0.8420 0.0000 0.1580
003280 0.0000 0.8407 0.0000 0.1593
003300 0.0000 0.8418 0.0000 0.1582
003320 0.0000 0.8419 0.0000 0.1581
003340 0.0000 0.8419 0.0000 0.1581
003360 0.0000 0.8410 0.0000 0.1590
003380 0.0000 0.8420 0.0000 0.1580
003400 0.0000 0.8414 0.0000 0.1586
003420 0.0000 0.8414 0.0000 0.1586
003440 0.0000 0.8413 0.0000 0.1587
003460 0.0000 0.8409 0.0000 0.1591
003480 0.0000 0.8412 0.0000 0.1588
003500 0.0000 0.8413 0.0000 0.1587
003520 0.0000 0.8422 0.0000 0.1578
003540 0.0000 0.8415 0.0000 0.1585
003560 0.0000 0.8417 0.0000 0.1583
003580 0.0000 0.8414 0.0000 0.1586
003600 0.0000 0.8406 0.0000 0.1594
003620 0.0000 0.8414 0.0000 0.1586
003640 0.0000 0.8410 0.0000 0.1590
003660 0.0000 0.8404 0.0000 0.1596
003680 0.0000 0.8414 0.0000 0.1586
003700 0.0000 0.8411 0.0000 0.1589
003720 0.0000 0.8405 0.0000 0.1595
003740 0.0000 0.8414 0.0000 0.1586
003760 0.0000 0.8412 0.0000 0.1588
003780 0.0000 0.8400 0.0000 0.1600
003800 0.0000 0.8413 0.0000 0.1587
003820 0.0000 0.8420 0.0000 0.1580
003840 0.0000 0.8414 0.0000 0.1586
003860 0.0000 0.8422 0.0000 0.1578
003880 0.0000 0.8425 0.0000 0.1575
003900 0.0000 0.8420 0.0000 0.1580
003920 0.0000 0.8414 0.0000 0.1586
003940 0.0000 0.8416 0.0000 0.1584
003960 0.0000 0.8418 0.0000 0.1582
003980 0.0000 0.8417 0.0000 0.1583
004000 0.0000 0.8408 0.0000 0.1592
004020 0.0000 0.8414 0.0000 0.1586
004040 0.0000 0.8416 0.0000 0.1584
004060 0.0000 0.8419 0.0000 0.1581
004080 0.0000 0.8420 0.0000 0.1580
004100 0.0000 0.8417 0.0000 0.1583
004120 0.0000 0.8417 0.0000 0.1583
004140 0.0000 0.8413 0.0000 0.1587
004160 0.0000 0.8405 0.0000 0.1595
004180 0.0000 0.8405 0.0000 0.1595
004200 0.0000 0.8413 0.0000 0.1587
004220 0.0000 0.8415 0.0000 0.1585
004240 0.0000 0.8415 0.0000 0.1585
004260 0.0000 0.8409 0.0000 0.1591
004280 0.0000 0.8413 0.0000 0.1587
004300 0.0000 0.8400 0.0000 0.1600
004320 0.0000 0.8413 0.0000 0.1587
004340 0.0000 0.8409 0.0000 0.1591
004360 0.0000 0.8412 0.0000 0.1588
004380 0.0000 0.8417 0.0000 0.1583
004400 0.0000 0.8411 0.0000 0.1589
004420 0.0000 0.8409 0.0000 0.1591
004440 0.0000 0.8406 0.0000 0.1594
004460 0.0000 0.8408 0.0000 0.1592
004480 0.0000 0.8399 0.0000 0.1601
004500 0.0000 0.8406 0.0000 0.1594
004520 0.0000 0.8412 0.0000 0.1588
004540 0.0000 0.8402 0.0000 0.1598
004560 0.0000 0.8399 0.0000 0.1601
004580 0.0000 0.8406 0.0000 0.1594
004600 0.0000 0.8411 0.0000 0.1589
004620 0.0000 0.8403 0.0000 0.1597
004640 0.0000 0.8414 0.0000 0.1586
004660 0.0000 0.8421 0.0000 0.1579
004680 0.0000 0.8414 0.0000 0.1586
004700 0.0000 0.8414 0.0000 0.1586
004720 0.0000 0.8414 0.0000 0.1586
004740 0.0000 0.8402 0.0000 0.1598
004760 0.0000 0.8405 0.0000 0.1595
004780 0.0000 0.8405 0.0000 0.1595
004800 0.0000 0.8403 0.0000 0.1597
004820 0.0000 0.8415 0.0000 0.1585
004840 0.0000 0.8420 0.0000 0.1580
004860 0.0000 0.8422 0.0000 0.1578
004880 0.0000 0.8416 0.0000 0.1584
004900 0.0000 0.8413 0.0000 0.1587
004920 0.0000 0.8417 0.0000 0.1583
004940 0.0000 0.8419 0.0000 0.1581
004960 0.0000 0.8416 0.0000 0.1584
004980 0.0000 0.8408 0.0000 0.1592
005000 0.0000 0.8410 0.0000 0.1590
005020 0.0000 0.8406 0.0000 0.1594
005040 0.0000 0.8411 0.0000 0.1589
005060 0.0000 0.8413 0.0000 0.1587
005080 0.0000 0.8412 0.0000 0.1588
005100 0.0000 0.8417 0.0000 0.1583
005120 0.0000 0.8412 0.0000 0.1588
005140 0.0000 0.8410 0.0000 0.1590
005160 0.0000 0.8411 0.0000 0.1589
005180 0.0000 0.8418 0.0000 0.1582
005200 0.0000 0.8411 0.0000 0.1589
005220 0.0000 0.8412 0.0000 0.1588
005240 0.0000 0.8413 0.0000 0.1587
005260 0.0000 0.8410 0.0000 0.1590
005280 0.0000 0.8418 0.0000 0.1582
005300 0.0000 0.8406 0.0000 0.1594
005320 0.0000 0.8408 0.0000 0.1592
005340 0.0000 0.8409 0.0000 0.1591
005360 0.0000 0.8416 0.0000 0.1584
005380 0.0000 0.8416 0.0000 0.1584
005400 0.0000 0.8416 0.0000 0.1584
005420 0.0000 0.8406 0.0000 0.1594
005440 0.0000 0.8411 0.0000 0.1589
005460 0.0000 0.8410 0.0000 0.1590
005480 0.0000 0.8417 0.0000 0.1583
005500 0.0000 0.8420 0.0000 0.1580
005520 0.0000 0.8407 0.0000 0.1593
005540 0.0000 0.8410 0.0000 0.1590
005560 0.0000 0.8413 0.0000 0.1587
005580 0.0000 0.8400 0.0000 0.1600
005600 0.0000 0.8407 0.0000 0.1593
005620 0.0000 0.8409 0.0000 0.1591
005640 0.0000 0.8404 0.0000 0.1596
005660 0.0000 0.8413 0.0000 0.1587
005680 0.0000 0.8410 0.0000 0.1590
005700 0.0000 0.8414 0.0000 0.1586
005720 0.0000 0.8410 0.0000 0.1590
005740 0.0000 0.8413 0.0000 0.1587
005760 0.0000 0.8411 0.0000 0.1589
005780 0.0000 0.8414 0.0000 0.1586
005800 0.0000 0.8412 0.0000 0.1588
005820 0.0000 0.8417 0.0000 0.1583
005840 0.0000 0.8417 0.0000 0.1583
005860 0.0000 0.8418 0.0000 0.1582
005880 0.0000 0.8410 0.0000 0.1590
005900 0.0000 0.8418 0.0000 0.1582
005920 0.0000 0.8408 0.0000 0.1592
005940 0.0000 0.8406 0.0000 0.1594
005960 0.0000 0.8405 0.0000 0.1595
005980 0.0000 0.8411 0.0000 0.1589
006000 0.0000 0.8411 0.0000 0.1589
006020 0.0000 0.8419 0.0000 0.1581
006040 0.0000 0.8410 0.0000 0.1590
006060 0.0000 0.8415 0.0000 0.1585
006080 0.0000 0.8412 0.0000 0.1588
006100 0.0000 0.8412 0.0000 0.1588
006120 0.0000 0.8407 0.0000 0.1593
006140 0.0000 0.8411 0.0000 0.1589
006160 0.0000 0.8413 0.0000 0.1587
006180 0.0000 0.8419 0.0000 0.1581
006200 0.0000 0.8419 0.0000 0.1581
006220 0.0000 0.8408 0.0000 0.1592
006240 0.0000 0.8411 0.0000 0.1589
006260 0.0000 0.8410 0.0000 0.1590
006280 0.0000 0.8417 0.0000 0.1583
006300 0.0000 0.8413 0.0000 0.1587
006320 0.0000 0.8416 0.0000 0.1584
006340 0.0000 0.8410 0.0000 0.1590
006360 0.0000 0.8415 0.0000 0.1585
006380 0.0000 0.8408 0.0000 0.1592
006400 0.0000 0.8412 0.0000 0.1588
006420 0.0000 0.8411 0.0000 0.1589
006440 0.0000 0.8409 0.0000 0.1591
006460 0.0000 0.8401 0.0000 0.1599
006480 0.0000 0.8401 0.0000 0.1599
006500 0.0000 0.8402 0.0000 0.1598
006520 0.0000 0.8408 0.0000 0.1592
006540 0.0000 0.8424 0.0000 0.1576
006560 0.0000 0.8405 0.0000 0.1595
006580 0.0000 0.8415 0.0000 0.1585
006600 0.0000 0.8422 0.0000 0.1578
006620 0.0000 0.8423 0.0000 0.1577
006640 0.0000 0.8410 0.0000 0.1590
006660 0.0000 0.8416 0.0000 0.1584
006680 0.0000 0.8423 0.0000 0.1577
006700 0.0000 0.8421 0.0000 0.1579
006720 0.0000 0.8424 0.0000 0.1576
006740 0.0000 0.8409 0.0000 0.1591
006760 0.0000 0.8416 0.0000 0.1584
006780 0.0000 0.8410 0.0000 0.1590
006800 0.0000 0.8407 0.0000 0.1593
006820 0.0000 0.8417 0.0000 0.1583
006840 0.0000 0.8402 0.0000 0.1598
006860 0.0000 0.8412 0.0000 0.1588
006880 0.0000 0.8420 0.0000 0.1580
006900 0.0000 0.8410 0.0000 0.1590
006920 0.0000 0.8417 0.0000 0.1583
006940 0.0000 0.8414 0.0000 0.1586
006960 0.0000 0.8402 0.0000 0.1598
006980 0.0000 0.8412 0.0000 0.1588
007000 0.0000 0.8415 0.0000 0.1585
007020 0.0000 0.8411 0.0000 0.1589
007040 0.0000 0.8419 0.0000 0.1581
007060 0.0000 0.8421 0.0000 0.1579
007080 0.0000 0.8406 0.0000 0.1594
007100 0.0000 0.8407 0.0000 0.1593
007120 0.0000 0.8400 0.0000 0.1600
007140 0.0000 0.8407 0.0000 0.1593
007160 0.0000 0.8419 0.0000 0.1581
007180 0.0000 0.8412 0.0000 0.1588
007200 0.0000 0.8416 0.0000 0.1584
007220 0.0000 0.8410 0.0000 0.1590
007240 0.0000 0.8421 0.0000 0.1579
007260 0.0000 0.8413 0.0000 0.1587
007280 0.0000 0.8416 0.0000 0.1584
007300 0.0000 0.8413 0.0000 0.1587
007320 0.0000 0.8416 0.0000 0.1584
007340 0.0000 0.8409 0.0000 0.1591
007360 0.0000 0.8402 0.0000 0.1598
007380 0.0000 0.8410 0.0000 0.1590
007400 0.0000 0.8407 0.0000 0.1593
007420 0.0000 0.8410 0.0000 0.1590
007440 0.0000 0.8417 0.0000 0.1583
007460 0.0000 0.8415 0.0000 0.1585
007480 0.0000 0.8417 0.0000 0.1583
007500 0.0000 0.8419 0.0000 0.1581
007520 0.0000 0.8414 0.0000 0.1586
007540 0.0000 0.8417 0.0000 0.1583
007560 0.0000 0.8412 0.0000 0.1588
007580 0.0000 0.8414 0.0000 0.1586
007600 0.0000 0.8412 0.0000 0.1588
007620 0.0000 0.8419 0.0000 0.1581
007640 0.0000 0.8407 0.0000 0.1593
007660 0.0000 0.8407 0.0000 0.1593
007680 0.0000 0.8411 0.0000 0.1589
007700 0.0000 0.8406 0.0000 0.1594
007720 0.0000 0.8401 0.0000 0.1599
007740 0.0000 0.8409 0.0000 0.1591
007760 0.0000 0.8414 0.0000 0.1586
007780 0.0000 0.8418 0.0000 0.1582
007800 0.0000 0.8405 0.0000 0.1595
007820 0.0000 0.8416 0.0000 0.1584
007840 0.0000 0.8412 0.0000 0.1588
007860 0.0000 0.8403 0.0000 0.1597
007880 0.0000 0.8416 0.0000 0.1584
007900 0.0000 0.8420 0.0000 0.1580
007920 0.0000 0.8419 0.0000 0.1581
007940 0.0000 0.8409 0.0000 0.1591
007960 0.0000 0.8413 0.0000 0.1587
007980 0.0000 0.8417 0.0000 0.1583
008000 0.0000 0.8413 0.0000 0.1587
008020 0.0000 0.8410 0.0000 0.1590
008040 0.0000 0.8413 0.0000 0.1587
008060 0.0000 0.8410 0.0000 0.1590
008080 0.0000 0.8413 0.0000 0.1587
008100 0.0000 0.8412 0.0000 0.1588
008120 0.0000 0.8417 0.0000 0.1583
008140 0.0000 0.8412 0.0000 0.1588
008160 0.0000 0.8414 0.0000 0.1586
008180 0.0000 0.8408 0.0000 0.1592
008200 0.0000 0.8417 0.0000 0.1583
008220 0.0000 0.8414 0.0000 0.1586
008240 0.0000 0.8409 0.0000 0.1591
008260 0.0000 0.8415 0.0000 0.1585
008280 0.0000 0.8408 0.0000 0.1592
008300 0.0000 0.8412 0.0000 0.1588
008320 0.0000 0.8418 0.0000 0.1582
008340 0.0000 0.8410 0.0000 0.1590
008360 0.0000 0.8409 0.0000 0.1591
008380 0.0000 0.8414 0.0000 0.1586
008400 0.0000 0.8410 0.0000 0.1590
008420 0.0000 0.8410 0.0000 0.1590
008440 0.0000 0.8409 0.0000 0.1591
008460 0.0000 0.8414 0.0000 0.1586
008480 0.0000 0.8404 0.0000 0.1596
008500 0.0000 0.8416 0.0000 0.1584
008520 0.0000 0.8405 0.0000 0.1595
008540 0.0000 0.8412 0.0000 0.1588
008560 0.0000 0.8414 0.0000 0.1586
008580 0.0000 0.8408 0.0000 0.1592
008600 0.0000 0.8420 0.0000 0.1580
008620 0.0000 0.8409 0.0000 0.1591
008640 0.0000 0.8408 0.0000 0.1592
008660 0.0000 0.8413 0.0000 0.1587
008680 0.0000 0.8421 0.0000 0.1579
008700 0.0000 0.8419 0.0000 0.1581
008720 0.0000 0.8416 0.0000 0.1584
008740 0.0000 0.8414 0.0000 0.1586
008760 0.0000 0.8414 0.0000 0.1586
008780 0.0000 0.8417 0.0000 0.1583
008800 0.0000 0.8412 0.0000 0.1588
008820 0.0000 0.8417 0.0000 0.1583
008840 0.0000 0.8415 0.0000 0.1585
008860 0.0000 0.8410 0.0000 0.1590
008880 0.0000 0.8414 0.0000 0.1586
008900 0.0000 0.8412 0.0000 0.1588
008920 0.0000 0.8411 0.0000 0.1589
008940 0.0000 0.8419 0.0000 0.1581
008960 0.0000 0.8401 0.0000 0.1599
008980 0.0000 0.8412 0.0000 0.1588
009000 0.0000 0.8415 0.0000 0.1585
009020 0.0000 0.8406 0.0000 0.1594
009040 0.0000 0.8415 0.0000 0.1585
009060 0.0000 0.8414 0.0000 0.1586
009080 0.0000 0.8405 0.0000 0.1595
009100 0.0000 0.8413 0.0000 0.1587
009120 0.0000 0.8412 0.0000 0.1588
009140 0.0000 0.8411 0.0000 0.1589
009160 0.0000 0.8419 0.0000 0.1581
009180 0.0000 0.8425 0.0000 0.1575
009200 0.0000 0.8427 0.0000 0.1573
009220 0.0000 0.8416 0.0000 0.1584
009240 0.0000 0.8419 0.0000 0.1581
009260 0.0000 0.8410 0.0000 0.1590
009280 0.0000 0.8407 0.0000 0.1593
009300 0.0000 0.8408 0.0000 0.1592
009320 0.0000 0.8414 0.0000 0.1586
009340 0.0000 0.8420 0.0000 0.1580
009360 0.0000 0.8413 0.0000 0.1587
009380 0.0000 0.8410 0.0000 0.1590
009400 0.0000 0.8413 0.0000 0.1587
009420 0.0000 0.8412 0.0000 0.1588
009440 0.0000 0.8412 0.0000 0.1588
009460 0.0000 0.8413 0.0000 0.1587
009480 0.0000 0.8413 0.0000 0.1587
009500 0.0000 0.8409 0.0000 0.1591
009520 0.0000 0.8410 0.0000 0.1590
009540 0.0000 0.8412 0.0000 0.1588
009560 0.0000 0.8409 0.0000 0.1591
009580 0.0000 0.8414 0.0000 0.1586
009600 0.0000 0.8410 0.0000 0.1590
009620 0.0000 0.8407 0.0000 0.1593
009640 0.0000 0.8417 0.0000 0.1583
009660 0.0000 0.8411 0.0000 0.1589
009680 0.0000 0.8408 0.0000 0.1592
009700 0.0000 0.8419 0.0000 0.1581
009720 0.0000 0.8420 0.0000 0.1580
009740 0.0000 0.8411 0.0000 0.1589
009760 0.0000 0.8412 0.0000 0.1588
009780 0.0000 0.8414 0.0000 0.1586
009800 0.0000 0.8415 0.0000 0.1585
009820 0.0000 0.8420 0.0000 0.1580
009840 0.0000 0.8416 0.0000 0.1584
009860 0.0000 0.8401 0.0000 0.1599
009880 0.0000 0.8408 0.0000 0.1592
009900 0.0000 0.8414 0.0000 0.1586
009920 0.0000 0.8417 0.0000 0.1583
009940 0.0000 0.8418 0.0000 0.1582
009960 0.0000 0.8419 0.0000 0.1581
009980 0.0000 0.8417 0.0000 0.1583
010000 0.0000 0.8412 0.0000 0.1588
010020 0.0000 0.8403 0.0000 0.1597
010040 0.0000 0.8403 0.0000 0.1597
010060 0.0000 0.8403 0.0000 0.1597
010080 0.0000 0.8403 0.0000 0.1597
010100 0.0000 0.8403 0.0000 0.1597
010120 0.0000 0.8403 0.0000 0.1597
010140 0.0000 0.8403 0.0000 0.1597
010160 0.0000 0.8403 0.0000 0.1597
010180 0.0000 0.8403 0.0000 0.1597
010200 0.0000 0.8403 0.0000 0.1597
010220 0.0000 0.8403 0.0000 0.1597
010240 0.0000 0.8403 0.0000 0.1597
010260 0.0000 0.8403 0.0000 0.1597
010280 0.0000 0.8403 0.0000 0.1597
010300 0.0000 0.8403 0.0000 0.1597
010320 0.0000 0.8403 0.0000 0.1597
010340 0.0000 0.8403 0.0000 0.1597
010360 0.0000 0.8403 0.0000 0.1597
010380 0.0000 0.8403 0.0000 0.1597
010400 0.0000 0.8403 0.0000 0.1597
010420 0.0000 0.8403 0.0000 0.1597
010440 0.0000 0.8403 0.0000 0.1597
010460 0.0000 0.8403 0.0000 0.1597
010480 0.0000 0.8403 0.0000 0.1597
010500 0.0000 0.8403 0.0000 0.1597
010520 0.0000 0.8403 0.0000 0.1597
010540 0.0000 0.8403 0.0000 0.1597
010560 0.0000 0.8403 0.0000 0.1597
010580 0.0000 0.8403 0.0000 0.1597
010600 0.0000 0.8403 0.0000 0.1597
010620 0.0000 0.8403 0.0000 0.1597
010640 0.0000 0.8403 0.0000 0.1597
010660 0.0000 0.8403 0.0000 0.1597
010680 0.0000 0.8403 0.0000 0.1597
010700 0.0000 0.8403 0.0000 0.1597
010720 0.0000 0.8403 0.0000 0.1597
010740 0.0000 0.8403 0.0000 0.1597
010760 0.0000 0.8403 0.0000 0.1597
010780 0.0000 0.8403 0.0000 0.1597
010800 0.0000 0.8403 0.0000 0.1597
010820 0.0000 0.8403 0.0000 0.1597
010840 0.0000 0.8403 0.0000 0.1597
010860 0.0000 0.8403 0.0000 0.1597
010880 0.0000 0.8403 0.0000 0.1597
010900 0.0000 0.8403 0.0000 0.1597
010920 0.0000 0.8403 0.0000 0.1597
010940 0.0000 0.8403 0.0000 0.1597
010960 0.0000 0.8403 0.0000 0.1597
010980 0.0000 0.8403 0.0000 0.1597
011000 0.0000 0.8403 0.0000 0.1597
011020 0.0000 0.8403 0.0000 0.1597
011040 0.0000 0.8403 0.0000 0.1597
011060 0.0000 0.8403 0.0000 0.1597
011080 0.0000 0.8403 0.0000 0.1597
011100 0.0000 0.8403 0.0000 0.1597
011120 0.0000 0.8403 0.0000 0.1597
011140 0.0000 0.8403 0.0000 0.1597
011160 0.0000 0.8403 0.0000 0.1597
011180 0.0000 0.8403 0.0000 0.1597
011200 0.0000 0.8403 0.0000 0.1597
011220 0.0000 0.8403 0.0000 0.1597
011240 0.0000 0.8403 0.0000 0.1597
011260 0.0000 0.8403 0.0000 0.1597
011280 0.0000 0.8403 0.0000 0.1597
011300 0.0000 0.8403 0.0000 0.1597
011320 0.0000 0.8403 0.0000 0.1597
011340 0.0000 0.8403 0.0000 0.1597
011360 0.0000 0.8403 0.0000 0.1597
011380 0.0000 0.8403 0.0000 0.1597
011400 0.0000 0.8403 0.0000 0.1597
011420 0.0000 0.8403 0.0000 0.1597
011440 0.0000 0.8403 0.0000 0.1597
011460 0.0000 0.8403 0.0000 0.1597
011480 0.0000 0.8403 0.0000 0.1597
011500 0.0000 0.8403 0.0000 0.1597
011520 0.0000 0.8403 0.0000 0.1597
011540 0.0000 0.8403 0.0000 0.1597
011560 0.0000 0.8403 0.0000 0.1597
011580 0.0000 0.8403 0.0000 0.1597
011600 0.0000 0.8403 0.0000 0.1597
011620 0.0000 0.8403 0.0000 0.1597
011640 0.0000 0.8403 0.0000 0.1597
011660 0.0000 0.8403 0.0000 0.1597
011680 0.0000 0.8403 0.0000 0.1597
011700 0.0000 0.8403 0.0000 0.1597
011720 0.0000 0.8403 0.0000 0.1597
011740 0.0000 0.8403 0.0000 0.1597
011760 0.0000 0.8403 0.0000 0.1597
011780 0.0000 0.8403 0.0000 0.1597
011800 0.0000 0.8403 0.0000 0.1597
011820 0.0000 0.8403 0.0000 0.1597
011840 0.0000 0.8403 0.0000 0.1597
011860 0.0000 0.8403 0.0000 0.1597
011880 0.0000 0.8403 0.0000 0.1597
011900 0.0000 0.8403 0.0000 0.1597
011920 0.0000 0.8403 0.0000 0.1597
011940 0.0000 0.8403 0.0000 0.1597
011960 0.0000 0.8403 0.0000 0.1597
011980 0.0000 0.8403 0.0000 0.1597
012000 0.0000 0.8403 0.0000 0.1597
012020 0.0000 0.8403 0.0000 0.1597
012040 0.0000 0.8403 0.0000 0.1597
012060 0.0000 0.8403 0.0000 0.1597
012080 0.0000 0.8403 0.0000 0.1597
012100 0.0000 0.8403 0.0000 0.1597
012120 0.0000 0.8403 0.0000 0.1597
012140 0.0000 0.8403 0.0000 0.1597
012160 0.0000 0.8403 0.0000 0.1597
012180 0.0000 0.8403 0.0000 0.1597
012200 0.0000 0.8403 0.0000 0.1597
012220 0.0000 0.8403 0.0000 0.1597
012240 0.0000 0.8403 0.0000 0.1597
012260 0.0000 0.8403 0.0000 0.1597
012280 0.0000 0.8403 0.0000 0.1597
012300 0.0000 0.8403 0.0000 0.1597
012320 0.0000 0.8403 0.0000 0.1597
012340 0.0000 0.8403 0.0000 0.1597
012360 0.0000 0.8403 0.0000 0.1597
012380 0.0000 0.8403 0.0000 0.1597
012400 0.0000 0.8403 0.0000 0.1597
012420 0.0000 0.8403 0.0000 0.1597
012440 0.0000 0.8403 0.0000 0.1597
012460 0.0000 0.8403 0.0000 0.1597
012480 0.0000 0.8403 0.0000 0.1597
012500 0.0000 0.8403 0.0000 0.1597
012520 0.0000 0.8403 0.0000 0.1597
012540 0.0000 0.8403 0.0000 0.1597
012560 0.0000 0.8403 0.0000 0.1597
012580 0.0000 0.8403 0.0000 0.1597
012600 0.0000 0.8403 0.0000 0.1597
012620 0.0000 0.8403 0.0000 0.1597
012640 0.0000 0.8403 0.0000 0.1597
012660 0.0000 0.8403 0.0000 0.1597
012680 0.0000 0.8403 0.0000 0.1597
012700 0.0000 0.8403 0.0000 0.1597
012720 0.0000 0.8403 0.0000 0.1597
012740 0.0000 0.8403 0.0000 0.1597
012760 0.0000 0.8403 0.0000 0.1597
012780 0.0000 0.8403 0.0000 0.1597
012800 0.0000 0.8403 0.0000 0.1597
012820 0.0000 0.8403 0.0000 0.1597
012840 0.0000 0.8403 0.0000 0.1597
012860 0.0000 0.8403 0.0000 0.1597
012880 0.0000 0.8403 0.0000 0.1597
012900 0.0000 0.8403 0.0000 0.1597
012920 0.0000 0.8403 0.0000 0.1597
012940 0.0000 0.8403 0.0000 0.1597
012960 0.0000 0.8403 0.0000 0.1597
012980 0.0000 0.8403 0.0000 0.1597
013000 0.0000 0.8403 0.0000 0.1597
013020 0.0000 0.8403 0.0000 0.1597
013040 0.0000 0.8403 0.0000 0.1597
013060 0.0000 0.8403 0.0000 0.1597
013080 0.0000 0.8403 0.0000 0.1597
013100 0.0000 0.8403 0.0000 0.1597
013120 0.0000 0.8403 0.0000 0.1597
013140 0.0000 0.8403 0.0000 0.1597
013160 0.0000 0.8403 0.0000 0.1597
013180 0.0000 0.8403 0.0000 0.1597
013200 0.0000 0.8403 0.0000 0.1597
013220 0.0000 0.8403 0.0000 0.1597
013240 0.0000 0.8403 0.0000 0.1597
013260 0.0000 0.8403 0.0000 0.1597
013280 0.0000 0.8403 0.0000 0.1597
013300 0.0000 0.8403 0.0000 0.1597
013320 0.0000 0.8403 0.0000 0.1597
013340 0.0000 0.8403 0.0000 0.1597
013360 0.0000 0.8403 0.0000 0.1597
013380 0.0000 0.8403 0.0000 0.1597
013400 0.0000 0.8403 0.0000 0.1597
013420 0.0000 0.8403 0.0000 0.1597
013440 0.0000 0.8403 0.0000 0.1597
013460 0.0000 0.8403 0.0000 0.1597
013480 0.0000 0.8403 0.0000 0.1597
013500 0.0000 0.8403 0.0000 0.1597
013520 0.0000 0.8403 0.0000 0.1597
013540 0.0000 0.8403 0.0000 0.1597
013560 0.0000 0.8403 0.0000 0.1597
013580 0.0000 0.8403 0.0000 0.1597
013600 0.0000 0.8403 0.0000 0.1597
013620 0.0000 0.8403 0.0000 0.1597
013640 0.0000 0.8403 0.0000 0.1597
013660 0.0000 0.8403 0.0000 0.1597
013680 0.0000 0.8403 0.0000 0.1597
013700 0.0000 0.8403 0.0000 0.1597
013720 0.0000 0.8403 0.0000 0.1597
013740 0.0000 0.8403 0.0000 0.1597
013760 0.0000 0.8403 0.0000 0.1597
013780 0.0000 0.8403 0.0000 0.1597
013800 0.0000 0.8403 0.0000 0.1597
013820 0.0000 0.8403 0.0000 0.1597
013840 0.0000 0.8403 0.0000 0.1597
013860 0.0000 0.8403 0.0000 0.1597
013880 0.0000 0.8403 0.0000 0.1597
013900 0.0000 0.8403 0.0000 0.1597
013920 0.0000 0.8403 0.0000 0.1597
013940 0.0000 0.8403 0.0000 0.1597
013960 0.0000 0.8403 0.0000 0.1597
013980 0.0000 0.8403 0.0000 0.1597
014000 0.0000 0.8403 0.0000 0.1597
014020 0.0000 0.8403 0.0000 0.1597
014040 0.0000 0.8403 0.0000 0.1597
014060 0.0000 0.8403 0.0000 0.1597
014080 0.0000 0.8403 0.0000 0.1597
014100 0.0000 0.8403 0.0000 0.1597
014120 0.0000 0.8403 0.0000 0.1597
014140 0.0000 0.8403 0.0000 0.1597
014160 0.0000 0.8403 0.0000 0.1597
014180 0.0000 0.8403 0.0000 0.1597
014200 0.0000 0.8403 0.0000 0.1597
014220 0.0000 0.8403 0.0000 0.1597
014240 0.0000 0.8403 0.0000 0.1597
014260 0.0000 0.8403 0.0000 0.1597
014280 0.0000 0.8403 0.0000 0.1597
014300 0.0000 0.8403 0.0000 0.1597
014320 0.0000 0.8403 0.0000 0.1597
014340 0.0000 0.8403 0.0000 0.1597
014360 0.0000 0.8403 0.0000 0.1597
014380 0.0000 0.8403 0.0000 0.1597
014400 0.0000 0.8403 0.0000 0.1597
014420 0.0000 0.8403 0.0000 0.1597
014440 0.0000 0.8403 0.0000 0.1597
014460 0.0000 0.8403 0.0000 0.1597
014480 0.0000 0.8403 0.0000 0.1597
014500 0.0000 0.8403 0.0000 0.1597
014520 0.0000 0.8403 0.0000 0.1597
014540 0.0000 0.8403 0.0000 0.1597
014560 0.0000 0.8403 0.0000 0.1597
014580 0.0000 0.8403 0.0000 0.1597
014600 0.0000 0.8403 0.0000 0.1597
014620 0.0000 0.8403 0.0000 0.1597
014640 0.0000 0.8403 0.0000 0.1597
014660 0.0000 0.8403 0.0000 0.1597
014680 0.0000 0.8403 0.0000 0.1597
014700 0.0000 0.8403 0.0000 0.1597
014720 0.0000 0.8403 0.0000 0.1597
014740 0.0000 0.8403 0.0000 0.1597
014760 0.0000 0.8403 0.0000 0.1597
014780 0.0000 0.8403 0.0000 0.1597
014800 0.0000 0.8403 0.0000 0.1597
014820 0.0000 0.8403 0.0000 0.1597
014840 0.0000 0.8403 0.0000 0.1597
014860 0.0000 0.8403 0.0000 0.1597
014880 0.0000 0.8403 0.0000 0.1597
014900 0.0000 0.8403 0.0000 0.1597
014920 0.0000 0.8403 0.0000 0.1597
014940 0.0000 0.8403 0.0000 0.1597
014960 0.0000 0.8403 0.0000 0.1597
014980 0.0000 0.8403 0.0000 0.1597
015000 0.0000 0.8403 0.0000 0.1597
015020 0.0000 0.8403 0.0000 0.1597
015040 0.0000 0.8403 0.0000 0.1597
015060 0.0000 0.8403 0.0000 0.1597
015080 0.0000 0.8403 0.0000 0.1597
015100 0.0000 0.8403 0.0000 0.1597
015120 0.0000 0.8403 0.0000 0.1597
015140 0.0000 0.8403 0.0000 0.1597
015160 0.0000 0.8403 0.0000 0.1597
015180 0.0000 0.8403 0.0000 0.1597
015200 0.0000 0.8403 0.0000 0.1597
015220 0.0000 0.8403 0.0000 0.1597
015240 0.0000 0.8403 0.0000 0.1597
015260 0.0000 0.8403 0.0000 0.1597
015280 0.0000 0.8403 0.0000 0.1597
015300 0.0000 0.8403 0.0000 0.1597
015320 0.0000 0.8403 0.0000 0.1597
015340 0.0000 0.8403 0.0000 0.1597
015360 0.0000 0.8403 0.0000 0.1597
015380 0.0000 0.8403 0.0000 0.1597
015400 0.0000 0.8403 0.0000 0.1597
015420 0.0000 0.8403 0.0000 0.1597
015440 0.0000 0.8403 0.0000 0.1597
015460 0.0000 0.8403 0.0000 0.1597
015480 0.0000 0.8403 0.0000 0.1597
015500 0.0000 0.8403 0.0000 0.1597
015520 0.0000 0.8403 0.0000 0.1597
015540 0.0000 0.8403 0.0000 0.1597
015560 0.0000 0.8403 0.0000 0.1597
015580 0.0000 0.8403 0.0000 0.1597
015600 0.0000 0.8403 0.0000 0.1597
015620 0.0000 0.8403 0.0000 0.1597
015640 0.0000 0.8403 0.0000 0.1597
015660 0.0000 0.8403 0.0000 0.1597
015680 0.0000 0.8403 0.0000 0.1597
015700 0.0000 0.8403 0.0000 0.1597
015720 0.0000 0.8403 0.0000 0.1597
015740 0.0000 0.8403 0.0000 0.1597
015760 0.0000 0.8403 0.0000 0.1597
015780 0.0000 0.8403 0.0000 0.1597
015800 0.0000 0.8403 0.0000 0.1597
015820 0.0000 0.8403 0.0000 0.1597
015840 0.0000 0.8403 0.0000 0.1597
015860 0.0000 0.8403 0.0000 0.1597
015880 0.0000 0.8403 0.0000 0.1597
015900 0.0000 0.8403 0.0000 0.1597
015920 0.0000 0.8403 0.0000 0.1597
015940 0.0000 0.8403 0.0000 0.1597
015960 0.0000 0.8403 0.0000 0.1597
015980 0.0000 0.8403 0.0000 0.1597
016000 0.0000 0.8403 0.0000 0.1597
016020 0.0000 0.8403 0.0000 0.1597
016040 0.0000 0.8403 0.0000 0.1597
016060 0.0000 0.8403 0.0000 0.1597
016080 0.0000 0.8403 0.0000 0.1597
016100 0.0000 0.8403 0.0000 0.1597
016120 0.0000 0.8403 0.0000 0.1597
016140 0.0000 0.8403 0.0000 0.1597
016160 0.0000 0.8403 0.0000 0.1597
016180 0.0000 0.8403 0.0000 0.1597
016200 0.0000 0.8403 0.0000 0.1597
016220 0.0000 0.8403 0.0000 0.1597
016240 0.0000 0.8403 0.0000 0.1597
016260 0.0000 0.8403 0.0000 0.1597
016280 0.0000 0.8403 0.0000 0.1597
016300 0.0000 0.8403 0.0000 0.1597
016320 0.0000 0.8403 0.0000 0.1597
016340 0.0000 0.8403 0.0000 0.1597
016360 0.0000 0.8403 0.0000 0.1597
016380 0.0000 0.8403 0.0000 0.1597
016400 0.0000 0.8403 0.0000 0.1597
016420 0.0000 0.8403 0.0000 0.1597
016440 0.0000 0.8403 0.0000 0.1597
016460 0.0000 0.8403 0.0000 0.1597
016480 0.0000 0.8403 0.0000 0.1597
016500 0.0000 0.8403 0.0000 0.1597
016520 0.0000 0.8403 0.0000 0.1597
016540 0.0000 0.8403 0.0000 0.1597
016560 0.0000 0.8403 0.0000 0.1597
016580 0.0000 0.8403 0.0000 0.1597
016600 0.0000 0.8403 0.0000 0.1597
016620 0.0000 0.8403 0.0000 0.1597
016640 0.0000 0.8403 0.0000 0.1597
016660 0.0000 0.8403 0.0000 0.1597
016680 0.0000 0.8403 0.0000 0.1597
016700 0.0000 0.8403 0.0000 0.1597
016720 0.0000 0.8403 0.0000 0.1597
016740 0.0000 0.8403 0.0000 0.1597
016760 0.0000 0.8403 0.0000 0.1597
016780 0.0000 0.8403 0.0000 0.1597
016800 0.0000 0.8403 0.0000 0.1597
016820 0.0000 0.8403 0.0000 0.1597
016840 0.0000 0.8403 0.0000 0.1597
016860 0.0000 0.8403 0.0000 0.1597
016880 0.0000 0.8403 0.0000 0.1597
016900 0.0000 0.8403 0.0000 0.1597
016920 0.0000 0.8403 0.0000 0.1597
016940 0.0000 0.8403 0.0000 0.1597
016960 0.0000 0.8403 0.0000 0.1597
016980 0.0000 0.8403 0.0000 0.1597
017000 0.0000 0.8403 0.0000 0.1597
017020 0.0000 0.8403 0.0000 0.1597
017040 0.0000 0.8403 0.0000 0.1597
017060 0.0000 0.8403 0.0000 0.1597
017080 0.0000 0.8403 0.0000 0.1597
017100 0.0000 0.8403 0.0000 0.1597
017120 0.0000 0.8403 0.0000 0.1597
017140 0.0000 0.8403 0.0000 0.1597
017160 0.0000 0.8403 0.0000 0.1597
017180 0.0000 0.8403 0.0000 0.1597
017200 0.0000 0.8403 0.0000 0.1597
017220 0.0000 0.8403 0.0000 0.1597
017240 0.0000 0.8403 0.0000 0.1597
017260 0.0000 0.8403 0.0000 0.1597
017280 0.0000 0.8403 0.0000 0.1597
017300 0.0000 0.8403 0.0000 0.1597
017320 0.0000 0.8403 0.0000 0.1597
017340 0.0000 0.8403 0.0000 0.1597
017360 0.0000 0.8403 0.0000 0.1597
017380 0.0000 0.8403 0.0000 0.1597
017400 0.0000 0.8403 0.0000 0.1597
017420 0.0000 0.8403 0.0000 0.1597
017440 0.0000 0.8403 0.0000 0.1597
017460 0.0000 0.8403 0.0000 0.1597
017480 0.0000 0.8403 0.0000 0.1597
017500 0.0000 0.8403 0.0000 0.1597
017520 0.0000 0.8403 0.0000 0.1597
017540 0.0000 0.8403 0.0000 0.1597
017560 0.0000 0.8403 0.0000 0.1597
017580 0.0000 0.8403 0.0000 0.1597
017600 0.0000 0.8403 0.0000 0.1597
017620 0.0000 0.8403 0.0000 0.1597
017640 0.0000 0.8403 0.0000 0.1597
017660 0.0000 0.8403 0.0000 0.1597
017680 0.0000 0.8403 0.0000 0.1597
017700 0.0000 0.8403 0.0000 0.1597
017720 0.0000 0.8403 0.0000 0.1597
017740 0.0000 0.8403 0.0000 0.1597
017760 0.0000 0.8403 0.0000 0.1597
017780 0.0000 0.8403 0.0000 0.1597
017800 0.0000 0.8403 0.0000 0.1597
017820 0.0000 0.8403 0.0000 0.1597
017840 0.0000 0.8403 0.0000 0.1597
017860 0.0000 0.8403 0.0000 0.1597
017880 0.0000 0.8403 0.0000 0.1597
017900 0.0000 0.8403 0.0000 0.1597
017920 0.0000 0.8403 0.0000 0.1597
017940 0.0000 0.8403 0.0000 0.1597
017960 0.0000 0.8403 0.0000 0.1597
017980 0.0000 0.8403 0.0000 0.1597
018000 0.0000 0.8403 0.0000 0.1597
018020 0.0000 0.8403 0.0000 0.1597
018040 0.0000 0.8403 0.0000 0.1597
018060 0.0000 0.8403 0.0000 0.1597
018080 0.0000 0.8403 0.0000 0.1597
018100 0.0000 0.8403 0.0000 0.1597
018120 0.0000 0.8403 0.0000 0.1597
018140 0.0000 0.8403 0.0000 0.1597
018160 0.0000 0.8403 0.0000 0.1597
018180 0.0000 0.8403 0.0000 0.1597
018200 0.0000 0.8403 0.0000 0.1597
018220 0.0000 0.8403 0.0000 0.1597
018240 0.0000 0.8403 0.0000 0.1597
018260 0.0000 0.8403 0.0000 0.1597
018280 0.0000 0.8403 0.0000 0.1597
018300 0.0000 0.8403 0.0000 0.1597
018320 0.0000 0.8403 0.0000 0.1597
018340 0.0000 0.8403 0.0000 0.1597
018360 0.0000 0.8403 0.0000 0.1597
018380 0.0000 0.8403 0.0000 0.1597
018400 0.0000 0.8403 0.0000 0.1597
018420 0.0000 0.8403 0.0000 0.1597
018440 0.0000 0.8403 0.0000 0.1597
018460 0.0000 0.8403 0.0000 0.1597
018480 0.0000 0.8403 0.0000 0.1597
018500 0.0000 0.8403 0.0000 0.1597
018520 0.0000 0.8403 0.0000 0.1597
018540 0.0000 0.8403 0.0000 0.1597
018560 0.0000 0.8403 0.0000 0.1597
018580 0.0000 0.8403 0.0000 0.1597
018600 0.0000 0.8403 0.0000 0.1597
018620 0.0000 0.8403 0.0000 0.1597
018640 0.0000 0.8403 0.0000 0.1597
018660 0.0000 0.8403 0.0000 0.1597
018680 0.0000 0.8403 0.0000 0.1597
018700 0.0000 0.8403 0.0000 0.1597
018720 0.0000 0.8403 0.0000 0.1597
018740 0.0000 0.8403 0.0000 0.1597
018760 0.0000 0.8403 0.0000 0.1597
018780 0.0000 0.8403 0.0000 0.1597
018800 0.0000 0.8403 0.0000 0.1597
018820 0.0000 0.8403 0.0000 0.1597
018840 0.0000 0.8403 0.0000 0.1597
018860 0.0000 0.8403 0.0000 0.1597
018880 0.0000 0.8403 0.0000 0.1597
018900 0.0000 0.8403 0.0000 0.1597
018920 0.0000 0.8403 0.0000 0.1597
018940 0.0000 0.8403 0.0000 0.1597
018960 0.0000 0.8403 0.0000 0.1597
018980 0.0000 0.8403 0.0000 0.1597
019000 0.0000 0.8403 0.0000 0.1597
019020 0.0000 0.8403 0.0000 0.1597
019040 0.0000 0.8403 0.0000 0.1597
019060 0.0000 0.8403 0.0000 0.1597
019080 0.0000 0.8403 0.0000 0.1597
019100 0.0000 0.8403 0.0000 0.1597
019120 0.0000 0.8403 0.0000 0.1597
019140 0.0000 0.8403 0.0000 0.1597
019160 0.0000 0.8403 0.0000 0.1597
019180 0.0000 0.8403 0.0000 0.1597
019200 0.0000 0.8403 0.0000 0.1597
019220 0.0000 0.8403 0.0000 0.1597
019240 0.0000 0.8403 0.0000 0.1597
019260 0.0000 0.8403 0.0000 0.1597
019280 0.0000 0.8403 0.0000 0.1597
019300 0.0000 0.8403 0.0000 0.1597
019320 0.0000 0.8403 0.0000 0.1597
019340 0.0000 0.8403 0.0000 0.1597
019360 0.0000 0.8403 0.0000 0.1597
019380 0.0000 0.8403 0.0000 0.1597
019400 0.0000 0.8403 0.0000 0.1597
019420 0.0000 0.8403 0.0000 0.1597
019440 0.0000 0.8403 0.0000 0.1597
019460 0.0000 0.8403 0.0000 0.1597
019480 0.0000 0.8403 0.0000 0.1597
019500 0.0000 0.8403 0.0000 0.1597
019520 0.0000 0.8403 0.0000 0.1597
019540 0.0000 0.8403 0.0000 0.1597
019560 0.0000 0.8403 0.0000 0.1597
019580 0.0000 0.8403 0.0000 0.1597
019600 0.0000 0.8403 0.0000 0.1597
019620 0.0000 0.8403 0.0000 0.1597
019640 0.0000 0.8403 0.0000 0.1597
019660 0.0000 0.8403 0.0000 0.1597
019680 0.0000 0.8403 0.0000 0.1597
019700 0.0000 0.8403 0.0000 0.1597
019720 0.0000 0.8403 0.0000 0.1597
019740 0.0000 0.8403 0.0000 0.1597
019760 0.0000 0.8403 0.0000 0.1597
019780 0.0000 0.8403 0.0000 0.1597
019800 0.0000 0.8403 0.0000 0.1597
019820 0.0000 0.8403 0.0000 0.1597
019840 0.0000 0.8403 0.0000 0.1597
019860 0.0000 0.8403 0.0000 0.1597
019880 0.0000 0.8403 0.0000 0.1597
019900 0.0000 0.8403 0.0000 0.1597
019920 0.0000 0.8403 0.0000 0.1597
019940 0.0000 0.8403 0.0000 0.1597
019960 0.0000 0.8403 0.0000 0.1597
019980 0.0000 0.8403 0.0000 0.1597
020000 0.0000 0.8403 0.0000 0.1597
