000000 0.2494 0.2501 0.2497 0.2508
000020 0.3242 0.5092 0.0067 0.1599
000040 0.3388 0.5124 0.0010 0.1477
000060 0.3480 0.5063 0.0002 0.1456
000080 0.3491 0.5052 0.0000 0.1457
000100 0.3493 0.5045 0.0000 0.1462
000120 0.3475 0.5076 0.0000 0.1449
000140 0.3501 0.5060 0.0000 0.1439
000160 0.3503 0.5041 0.0000 0.1457
000180 0.3502 0.5046 0.0000 0.1452
000200 0.3482 0.5066 0.0000 0.1452
000220 0.3490 0.5061 0.0000 0.1448
000240 0.3497 0.5052 0.0000 0.1450
000260 0.3494 0.5055 0.0000 0.1450
000280 0.3503 0.5047 0.0000 0.1450
000300 0.3490 0.5041 0.0000 0.1468
000320 0.3474 0.5061 0.0000 0.1465
000340 0.3466 0.5073 0.0000 0.1461
000360 0.3490 0.5049 0.0000 0.1461
000380 0.3464 0.5081 0.0000 0.1455
000400 0.3468 0.5066 0.0000 0.1466
000420 0.3456 0.5079 0.0000 0.1465
000440 0.3457 0.5090 0.0000 0.1453
000460 0.3469 0.5075 0.0000 0.1455
000480 0.3467 0.5082 0.0000 0.1451
000500 0.3484 0.5061 0.0000 0.1455
000520 0.3477 0.5074 0.0000 0.1449
000540 0.3478 0.5068 0.0000 0.1453
000560 0.3489 0.5065 0.0000 0.1446
000580 0.3484 0.5068 0.0000 0.1448
000600 0.3473 0.5065 0.0000 0.1462
000620 0.3454 0.5085 0.0000 0.1461
000640 0.3493 0.5053 0.0000 0.1454
000660 0.3491 0.5062 0.0000 0.1448
000680 0.3465 0.5080 0.0000 0.1455
000700 0.3480 0.5067 0.0000 0.1453
000720 0.3491 0.5055 0.0000 0.1454
000740 0.3489 0.5055 0.0000 0.1456
000760 0.3488 0.5046 0.0000 0.1466
000780 0.3469 0.5076 0.0000 0.1455
000800 0.3472 0.5079 0.0000 0.1449
000820 0.3490 0.5055 0.0000 0.1454
000840 0.3510 0.5044 0.0000 0.1446
000860 0.3493 0.5055 0.0000 0.1452
000880 0.3477 0.5060 0.0000 0.1463
000900 0.3478 0.5066 0.0000 0.1456
000920 0.3471 0.5086 0.0000 0.1443
000940 0.3485 0.5056 0.0000 0.1459
000960 0.3483 0.5056 0.0000 0.1461
000980 0.3465 0.5080 0.0000 0.1455
001000 0.3487 0.5062 0.0000 0.1451
001020 0.3449 0.5083 0.0000 0.1468
001040 0.3439 0.5094 0.0000 0.1466
001060 0.3439 0.5099 0.0000 0.1462
001080 0.3440 0.5102 0.0000 0.1457
001100 0.3465 0.5103 0.0000 0.1432
001120 0.3481 0.5075 0.0000 0.1444
001140 0.3486 0.5064 0.0000 0.1450
001160 0.3513 0.5036 0.0000 0.1451
001180 0.3505 0.5043 0.0000 0.1452
001200 0.3476 0.5071 0.0000 0.1453
001220 0.3464 0.5083 0.0000 0.1453
001240 0.3476 0.5072 0.0000 0.1452
001260 0.3456 0.5085 0.0000 0.1459
001280 0.3452 0.5101 0.0000 0.1448
001300 0.3481 0.5067 0.0000 0.1453
001320 0.3467 0.5070 0.0000 0.1463
001340 0.3447 0.5088 0.0000 0.1465
001360 0.3455 0.5089 0.0000 0.1456
001380 0.3477 0.5068 0.0000 0.1455
001400 0.3464 0.5076 0.0000 0.1459
001420 0.3469 0.5082 0.0000 0.1449
001440 0.3489 0.5056 0.0000 0.1454
001460 0.3475 0.5060 0.0000 0.1465
001480 0.3495 0.5061 0.0000 0.1444
001500 0.3515 0.5031 0.0000 0.1454
001520 0.3501 0.5048 0.0000 0.1450
001540 0.3522 0.5022 0.0000 0.1456
001560 0.3528 0.5018 0.0000 0.1454
001580 0.3518 0.5021 0.0000 0.1461
001600 0.3509 0.5028 0.0000 0.1463
001620 0.3492 0.5039 0.0000 0.1469
001640 0.3477 0.5074 0.0000 0.1450
001660 0.3436 0.5110 0.0000 0.1454
001680 0.3445 0.5095 0.0000 0.1460
001700 0.3458 0.5097 0.0000 0.1445
001720 0.3483 0.5065 0.0000 0.1452
001740 0.3479 0.5070 0.0000 0.1451
001760 0.3482 0.5067 0.0000 0.1450
001780 0.3478 0.5066 0.0000 0.1456
001800 0.3490 0.5054 0.0000 0.1456
001820 0.3522 0.5030 0.0000 0.1447
001840 0.3488 0.5042 0.0000 0.1471
001860 0.3482 0.5063 0.0000 0.1456
001880 0.3487 0.5054 0.0000 0.1458
001900 0.3483 0.5060 0.0000 0.1457
001920 0.3487 0.5059 0.0000 0.1455
001940 0.3481 0.5051 0.0000 0.1468
001960 0.3442 0.5089 0.0000 0.1469
001980 0.3440 0.5106 0.0000 0.1453
002000 0.3471 0.5066 0.0000 0.1463
002020 0.3491 0.5045 0.0000 0.1464
002040 0.3451 0.5083 0.0000 0.1466
002060 0.3459 0.5080 0.0000 0.1461
002080 0.3446 0.5092 0.0000 0.1462
002100 0.3425 0.5106 0.0000 0.1469
002120 0.3474 0.5074 0.0000 0.1452
002140 0.3476 0.5073 0.0000 0.1451
002160 0.3485 0.5061 0.0000 0.1455
002180 0.3451 0.5086 0.0000 0.1463
002200 0.3454 0.5090 0.0000 0.1456
002220 0.3484 0.5070 0.0000 0.1445
002240 0.3479 0.5059 0.0000 0.1463
002260 0.3455 0.5099 0.0000 0.1446
002280 0.3483 0.5065 0.0000 0.1453
002300 0.3495 0.5042 0.0000 0.1463
002320 0.3467 0.5074 0.0000 0.1459
002340 0.3460 0.5087 0.0000 0.1454
002360 0.3477 0.5063 0.0000 0.1460
002380 0.3456 0.5073 0.0000 0.1471
002400 0.3441 0.5107 0.0000 0.1453
002420 0.3509 0.5067 0.0000 0.1424
002440 0.3517 0.5029 0.0000 0.1454
002460 0.3483 0.5066 0.0000 0.1452
002480 0.3473 0.5074 0.0000 0.1452
002500 0.3450 0.5104 0.0000 0.1445
002520 0.3456 0.5089 0.0000 0.1456
002540 0.3475 0.5070 0.0000 0.1455
002560 0.3500 0.5046 0.0000 0.1454
002580 0.3502 0.5049 0.0000 0.1449
002600 0.3500 0.5036 0.0000 0.1464
002620 0.3492 0.5048 0.0000 0.1460
002640 0.3488 0.5048 0.0000 0.1464
002660 0.3453 0.5086 0.0000 0.1461
002680 0.3484 0.5078 0.0000 0.1438
002700 0.3506 0.5044 0.0000 0.1450
002720 0.3495 0.5047 0.0000 0.1458
002740 0.3468 0.5069 0.0000 0.1463
002760 0.3462 0.5086 0.0000 0.1452
002780 0.3478 0.5071 0.0000 0.1451
002800 0.3486 0.5061 0.0000 0.1453
002820 0.3487 0.5062 0.0000 0.1452
002840 0.3467 0.5073 0.0000 0.1460
002860 0.3456 0.5079 0.0000 0.1465
002880 0.3438 0.5106 0.0000 0.1456
002900 0.3461 0.5087 0.0000 0.1452
002920 0.3454 0.5093 0.0000 0.1453
002940 0.3456 0.5088 0.0000 0.1456
002960 0.3472 0.5071 0.0000 0.1457
002980 0.3469 0.5069 0.0000 0.1462
003000 0.3470 0.5072 0.0000 0.1458
003020 0.3452 0.5100 0.0000 0.1448
003040 0.3450 0.5093 0.0000 0.1457
003060 0.3458 0.5077 0.0000 0.1465
003080 0.3484 0.5056 0.0000 0.1461
003100 0.3477 0.5070 0.0000 0.1454
003120 0.3487 0.5067 0.0000 0.1446
003140 0.3499 0.5035 0.0000 0.1466
003160 0.3482 0.5061 0.0000 0.1456
003180 0.3480 0.5062 0.0000 0.1459
003200 0.3482 0.5073 0.0000 0.1445
003220 0.3501 0.5038 0.0000 0.1461
003240 0.3487 0.5051 0.0000 0.1462
003260 0.3467 0.5079 0.0000 0.1454
003280 0.3472 0.5071 0.0000 0.1457
003300 0.3443 0.5092 0.0000 0.1464
003320 0.3438 0.5103 0.0000 0.1459
003340 0.3454 0.5089 0.0000 0.1458
003360 0.3448 0.5085 0.0000 0.1467
003380 0.3446 0.5098 0.0000 0.1456
003400 0.3461 0.5094 0.0000 0.1445
003420 0.3500 0.5064 0.0000 0.1436
003440 0.3500 0.5044 0.0000 0.1457
003460 0.3478 0.5061 0.0000 0.1461
003480 0.3458 0.5072 0.0000 0.1470
003500 0.3461 0.5076 0.0000 0.1463
003520 0.3433 0.5111 0.0000 0.1456
003540 0.3455 0.5084 0.0000 0.1461
003560 0.3426 0.5121 0.0000 0.1453
003580 0.3439 0.5099 0.0000 0.1462
003600 0.3449 0.5095 0.0000 0.1455
003620 0.3425 0.5109 0.0000 0.1467
003640 0.3434 0.5108 0.0000 0.1457
003660 0.3458 0.5104 0.0000 0.1438
003680 0.3473 0.5074 0.0000 0.1452
003700 0.3472 0.5071 0.0000 0.1457
003720 0.3441 0.5109 0.0000 0.1450
003740 0.3425 0.5111 0.0000 0.1463
003760 0.3454 0.5096 0.0000 0.1449
003780 0.3470 0.5070 0.0000 0.1460
003800 0.3454 0.5088 0.0000 0.1458
003820 0.3449 0.5093 0.0000 0.1458
003840 0.3456 0.5080 0.0000 0.1464
003860 0.3436 0.5100 0.0000 0.1464
003880 0.3440 0.5105 0.0000 0.1455
003900 0.3456 0.5098 0.0000 0.1446
003920 0.3494 0.5059 0.0000 0.1447
003940 0.3494 0.5044 0.0000 0.1462
003960 0.3495 0.5045 0.0000 0.1461
003980 0.3460 0.5078 0.0000 0.1463
004000 0.3461 0.5077 0.0000 0.1462
004020 0.3473 0.5075 0.0000 0.1452
004040 0.3446 0.5096 0.0000 0.1458
004060 0.3461 0.5099 0.0000 0.1441
004080 0.3512 0.5049 0.0000 0.1439
004100 0.3514 0.5033 0.0000 0.1453
004120 0.3482 0.5060 0.0000 0.1458
004140 0.3466 0.5079 0.0000 0.1455
004160 0.3461 0.5078 0.0000 0.1461
004180 0.3462 0.5078 0.0000 0.1459
004200 0.3468 0.5081 0.0000 0.1451
004220 0.3475 0.5065 0.0000 0.1460
004240 0.3483 0.5064 0.0000 0.1453
004260 0.3500 0.5051 0.0000 0.1449
004280 0.3523 0.5032 0.0000 0.1445
004300 0.3483 0.5056 0.0000 0.1461
004320 0.3464 0.5074 0.0000 0.1461
004340 0.3464 0.5081 0.0000 0.1455
004360 0.3467 0.5080 0.0000 0.1453
004380 0.3478 0.5067 0.0000 0.1455
004400 0.3470 0.5079 0.0000 0.1451
004420 0.3458 0.5085 0.0000 0.1457
004440 0.3431 0.5106 0.0000 0.1463
004460 0.3424 0.5117 0.0000 0.1459
004480 0.3475 0.5082 0.0000 0.1443
004500 0.3501 0.5058 0.0000 0.1441
004520 0.3493 0.5056 0.0000 0.1451
004540 0.3483 0.5063 0.0000 0.1454
004560 0.3495 0.5057 0.0000 0.1448
004580 0.3503 0.5041 0.0000 0.1456
004600 0.3512 0.5031 0.0000 0.1457
004620 0.3497 0.5054 0.0000 0.1449
004640 0.3517 0.5033 0.0000 0.1450
004660 0.3496 0.5038 0.0000 0.1466
004680 0.3474 0.5075 0.0000 0.1451
004700 0.3480 0.5074 0.0000 0.1446
004720 0.3492 0.5059 0.0000 0.1448
004740 0.3512 0.5044 0.0000 0.1444
004760 0.3503 0.5047 0.0000 0.1450
004780 0.3473 0.5065 0.0000 0.1462
004800 0.3459 0.5079 0.0000 0.1462
004820 0.3457 0.5078 0.0000 0.1465
004840 0.3453 0.5077 0.0000 0.1470
004860 0.3451 0.5094 0.0000 0.1455
004880 0.3470 0.5078 0.0000 0.1452
004900 0.3496 0.5063 0.0000 0.1441
004920 0.3510 0.5039 0.0000 0.1451
004940 0.3505 0.5038 0.0000 0.1456
004960 0.3496 0.5047 0.0000 0.1458
004980 0.3497 0.5046 0.0000 0.1457
005000 0.3493 0.5045 0.0000 0.1463
005020 0.3459 0.5088 0.0000 0.1453
005040 0.3456 0.5097 0.0000 0.1447
005060 0.3463 0.5086 0.0000 0.1451
005080 0.3493 0.5056 0.0000 0.1451
005100 0.3459 0.5081 0.0000 0.1460
005120 0.3464 0.5093 0.0000 0.1443
005140 0.3471 0.5086 0.0000 0.1443
005160 0.3479 0.5064 0.0000 0.1457
005180 0.3453 0.5082 0.0000 0.1465
005200 0.3475 0.5065 0.0000 0.1460
005220 0.3483 0.5071 0.0000 0.1446
005240 0.3489 0.5066 0.0000 0.1445
005260 0.3501 0.5046 0.0000 0.1453
005280 0.3503 0.5045 0.0000 0.1452
005300 0.3530 0.5029 0.0000 0.1442
005320 0.3508 0.5035 0.0000 0.1457
005340 0.3464 0.5071 0.0000 0.1465
005360 0.3478 0.5071 0.0000 0.1451
005380 0.3485 0.5069 0.0000 0.1446
005400 0.3473 0.5070 0.0000 0.1457
005420 0.3447 0.5086 0.0000 0.1467
005440 0.3462 0.5079 0.0000 0.1459
005460 0.3479 0.5068 0.0000 0.1453
005480 0.3496 0.5058 0.0000 0.1446
005500 0.3499 0.5043 0.0000 0.1459
005520 0.3504 0.5050 0.0000 0.1446
005540 0.3504 0.5043 0.0000 0.1452
005560 0.3496 0.5053 0.0000 0.1451
005580 0.3507 0.5042 0.0000 0.1451
005600 0.3501 0.5038 0.0000 0.1462
005620 0.3487 0.5060 0.0000 0.1453
005640 0.3494 0.5056 0.0000 0.1451
005660 0.3491 0.5052 0.0000 0.1457
005680 0.3482 0.5060 0.0000 0.1458
005700 0.3477 0.5058 0.0000 0.1466
005720 0.3470 0.5065 0.0000 0.1465
005740 0.3466 0.5071 0.0000 0.1463
005760 0.3478 0.5074 0.0000 0.1448
005780 0.3468 0.5073 0.0000 0.1459
005800 0.3448 0.5100 0.0000 0.1452
005820 0.3463 0.5092 0.0000 0.1446
005840 0.3475 0.5069 0.0000 0.1456
005860 0.3476 0.5064 0.0000 0.1460
005880 0.3430 0.5096 0.0000 0.1473
005900 0.3445 0.5095 0.0000 0.1460
005920 0.3446 0.5097 0.0000 0.1458
005940 0.3440 0.5102 0.0000 0.1458
005960 0.3466 0.5080 0.0000 0.1455
005980 0.3486 0.5049 0.0000 0.1464
006000 0.3457 0.5080 0.0000 0.1462
006020 0.3484 0.5067 0.0000 0.1449
006040 0.3466 0.5081 0.0000 0.1452
006060 0.3479 0.5065 0.0000 0.1456
006080 0.3484 0.5062 0.0000 0.1454
006100 0.3471 0.5080 0.0000 0.1449
006120 0.3475 0.5075 0.0000 0.1450
006140 0.3489 0.5059 0.0000 0.1452
006160 0.3493 0.5059 0.0000 0.1448
006180 0.3504 0.5045 0.0000 0.1451
006200 0.3509 0.5044 0.0000 0.1447
006220 0.3510 0.5050 0.0000 0.1440
006240 0.3524 0.5019 0.0000 0.1457
006260 0.3520 0.5030 0.0000 0.1451
006280 0.3526 0.5027 0.0000 0.1447
006300 0.3540 0.5016 0.0000 0.1445
006320 0.3521 0.5023 0.0000 0.1456
006340 0.3495 0.5048 0.0000 0.1458
006360 0.3490 0.5043 0.0000 0.1467
006380 0.3482 0.5045 0.0000 0.1472
006400 0.3463 0.5073 0.0000 0.1464
006420 0.3458 0.5087 0.0000 0.1455
006440 0.3470 0.5076 0.0000 0.1455
006460 0.3475 0.5075 0.0000 0.1450
006480 0.3459 0.5085 0.0000 0.1456
006500 0.3464 0.5081 0.0000 0.1456
006520 0.3449 0.5091 0.0000 0.1460
006540 0.3445 0.5098 0.0000 0.1457
006560 0.3447 0.5095 0.0000 0.1458
006580 0.3458 0.5094 0.0000 0.1448
006600 0.3498 0.5050 0.0000 0.1451
006620 0.3488 0.5048 0.0000 0.1464
006640 0.3495 0.5058 0.0000 0.1447
006660 0.3492 0.5050 0.0000 0.1458
006680 0.3493 0.5052 0.0000 0.1454
006700 0.3478 0.5060 0.0000 0.1462
006720 0.3458 0.5093 0.0000 0.1449
006740 0.3479 0.5067 0.0000 0.1454
006760 0.3484 0.5057 0.0000 0.1459
006780 0.3482 0.5068 0.0000 0.1451
006800 0.3494 0.5062 0.0000 0.1443
006820 0.3503 0.5052 0.0000 0.1446
006840 0.3511 0.5038 0.0000 0.1450
006860 0.3503 0.5033 0.0000 0.1464
006880 0.3497 0.5055 0.0000 0.1448
006900 0.3498 0.5046 0.0000 0.1456
006920 0.3515 0.5037 0.0000 0.1448
006940 0.3485 0.5055 0.0000 0.1460
006960 0.3460 0.5078 0.0000 0.1461
006980 0.3459 0.5082 0.0000 0.1459
007000 0.3455 0.5091 0.0000 0.1454
007020 0.3461 0.5088 0.0000 0.1451
007040 0.3485 0.5058 0.0000 0.1457
007060 0.3505 0.5043 0.0000 0.1451
007080 0.3485 0.5065 0.0000 0.1450
007100 0.3480 0.5070 0.0000 0.1450
007120 0.3485 0.5063 0.0000 0.1452
007140 0.3513 0.5036 0.0000 0.1451
007160 0.3481 0.5040 0.0000 0.1479
007180 0.3452 0.5088 0.0000 0.1461
007200 0.3450 0.5096 0.0000 0.1454
007220 0.3486 0.5052 0.0000 0.1462
007240 0.3477 0.5068 0.0000 0.1455
007260 0.3437 0.5107 0.0000 0.1457
007280 0.3470 0.5081 0.0000 0.1448
007300 0.3460 0.5087 0.0000 0.1454
007320 0.3460 0.5094 0.0000 0.1446
007340 0.3486 0.5063 0.0000 0.1451
007360 0.3468 0.5072 0.0000 0.1460
007380 0.3464 0.5084 0.0000 0.1453
007400 0.3447 0.5085 0.0000 0.1468
007420 0.3456 0.5082 0.0000 0.1461
007440 0.3483 0.5065 0.0000 0.1452
007460 0.3461 0.5074 0.0000 0.1465
007480 0.3459 0.5085 0.0000 0.1456
007500 0.3444 0.5099 0.0000 0.1456
007520 0.3473 0.5066 0.0000 0.1461
007540 0.3486 0.5067 0.0000 0.1448
007560 0.3504 0.5047 0.0000 0.1450
007580 0.3474 0.5061 0.0000 0.1465
007600 0.3455 0.5093 0.0000 0.1452
007620 0.3473 0.5075 0.0000 0.1452
007640 0.3483 0.5061 0.0000 0.1456
007660 0.3475 0.5075 0.0000 0.1451
007680 0.3474 0.5067 0.0000 0.1458
007700 0.3504 0.5046 0.0000 0.1450
007720 0.3478 0.5061 0.0000 0.1461
007740 0.3477 0.5067 0.0000 0.1456
007760 0.3458 0.5083 0.0000 0.1459
007780 0.3442 0.5092 0.0000 0.1466
007800 0.3434 0.5111 0.0000 0.1455
007820 0.3451 0.5104 0.0000 0.1444
007840 0.3469 0.5072 0.0000 0.1459
007860 0.3445 0.5087 0.0000 0.1468
007880 0.3452 0.5091 0.0000 0.1457
007900 0.3454 0.5090 0.0000 0.1456
007920 0.3439 0.5106 0.0000 0.1455
007940 0.3454 0.5086 0.0000 0.1460
007960 0.3470 0.5091 0.0000 0.1439
007980 0.3509 0.5047 0.0000 0.1445
008000 0.3520 0.5035 0.0000 0.1445
008020 0.3506 0.5037 0.0000 0.1456
008040 0.3504 0.5051 0.0000 0.1445
008060 0.3519 0.5038 0.0000 0.1443
008080 0.3506 0.5045 0.0000 0.1448
008100 0.3483 0.5070 0.0000 0.1447
008120 0.3485 0.5052 0.0000 0.1462
008140 0.3465 0.5075 0.0000 0.1460
008160 0.3492 0.5051 0.0000 0.1456
008180 0.3476 0.5071 0.0000 0.1453
008200 0.3480 0.5065 0.0000 0.1455
008220 0.3481 0.5061 0.0000 0.1458
008240 0.3455 0.5091 0.0000 0.1454
008260 0.3488 0.5075 0.0000 0.1436
008280 0.3494 0.5063 0.0000 0.1443
008300 0.3495 0.5048 0.0000 0.1457
008320 0.3468 0.5071 0.0000 0.1461
008340 0.3455 0.5078 0.0000 0.1467
008360 0.3456 0.5087 0.0000 0.1457
008380 0.3460 0.5087 0.0000 0.1454
008400 0.3476 0.5066 0.0000 0.1458
008420 0.3481 0.5061 0.0000 0.1458
008440 0.3470 0.5068 0.0000 0.1462
008460 0.3484 0.5057 0.0000 0.1459
008480 0.3484 0.5057 0.0000 0.1458
008500 0.3446 0.5081 0.0000 0.1472
008520 0.3449 0.5095 0.0000 0.1456
008540 0.3420 0.5115 0.0000 0.1466
008560 0.3416 0.5128 0.0000 0.1457
008580 0.3455 0.5104 0.0000 0.1442
008600 0.3469 0.5075 0.0000 0.1456
008620 0.3466 0.5071 0.0000 0.1462
008640 0.3455 0.5087 0.0000 0.1458
008660 0.3472 0.5070 0.0000 0.1458
008680 0.3472 0.5073 0.0000 0.1455
008700 0.3477 0.5080 0.0000 0.1444
008720 0.3485 0.5069 0.0000 0.1446
008740 0.3495 0.5064 0.0000 0.1441
008760 0.3502 0.5043 0.0000 0.1455
008780 0.3463 0.5078 0.0000 0.1459
008800 0.3477 0.5075 0.0000 0.1448
008820 0.3488 0.5066 0.0000 0.1446
008840 0.3511 0.5047 0.0000 0.1442
008860 0.3502 0.5038 0.0000 0.1460
008880 0.3491 0.5053 0.0000 0.1456
008900 0.3489 0.5048 0.0000 0.1462
008920 0.3508 0.5036 0.0000 0.1455
008940 0.3499 0.5046 0.0000 0.1455
008960 0.3511 0.5028 0.0000 0.1460
008980 0.3468 0.5065 0.0000 0.1467
009000 0.3476 0.5066 0.0000 0.1458
009020 0.3469 0.5071 0.0000 0.1460
009040 0.3486 0.5057 0.0000 0.1457
009060 0.3485 0.5057 0.0000 0.1457
009080 0.3475 0.5069 0.0000 0.1456
009100 0.3497 0.5052 0.0000 0.1450
009120 0.3504 0.5033 0.0000 0.1463
009140 0.3472 0.5068 0.0000 0.1460
009160 0.3459 0.5076 0.0000 0.1464
009180 0.3487 0.5060 0.0000 0.1453
009200 0.3471 0.5065 0.0000 0.1464
009220 0.3467 0.5082 0.0000 0.1451
009240 0.3451 0.5088 0.0000 0.1461
009260 0.3455 0.5083 0.0000 0.1462
009280 0.3440 0.5108 0.0000 0.1453
009300 0.3449 0.5097 0.0000 0.1455
009320 0.3442 0.5102 0.0000 0.1457
009340 0.3457 0.5088 0.0000 0.1455
009360 0.3451 0.5092 0.0000 0.1458
009380 0.3446 0.5094 0.0000 0.1460
009400 0.3471 0.5076 0.0000 0.1453
009420 0.3469 0.5068 0.0000 0.1463
009440 0.3446 0.5095 0.0000 0.1459
009460 0.3469 0.5075 0.0000 0.1456
009480 0.3440 0.5106 0.0000 0.1454
009500 0.3459 0.5080 0.0000 0.1461
009520 0.3459 0.5082 0.0000 0.1459
009540 0.3456 0.5084 0.0000 0.1460
009560 0.3455 0.5075 0.0000 0.1470
009580 0.3445 0.5085 0.0000 0.1470
009600 0.3439 0.5100 0.0000 0.1461
009620 0.3430 0.5113 0.0000 0.1457
009640 0.3451 0.5098 0.0000 0.1451
009660 0.3447 0.5090 0.0000 0.1463
009680 0.3469 0.5075 0.0000 0.1456
009700 0.3468 0.5078 0.0000 0.1454
009720 0.3486 0.5068 0.0000 0.1445
009740 0.3472 0.5070 0.0000 0.1458
009760 0.3468 0.5085 0.0000 0.1447
009780 0.3472 0.5066 0.0000 0.1462
009800 0.3464 0.5074 0.0000 0.1462
009820 0.3459 0.5090 0.0000 0.1451
009840 0.3457 0.5089 0.0000 0.1455
009860 0.3484 0.5067 0.0000 0.1449
009880 0.3479 0.5071 0.0000 0.1450
009900 0.3501 0.5050 0.0000 0.1449
009920 0.3495 0.5053 0.0000 0.1453
009940 0.3487 0.5051 0.0000 0.1462
009960 0.3490 0.5052 0.0000 0.1458
009980 0.3466 0.5077 0.0000 0.1457
010000 0.3463 0.5078 0.0000 0.1459
010020 0.3476 0.5058 0.0000 0.1466
010040 0.3476 0.5058 0.0000 0.1466
010060 0.3476 0.5058 0.0000 0.1466
010080 0.3476 0.5058 0.0000 0.1466
010100 0.3476 0.5058 0.0000 0.1466
010120 0.3476 0.5058 0.0000 0.1466
010140 0.3476 0.5058 0.0000 0.1466
010160 0.3476 0.5058 0.0000 0.1466
010180 0.3476 0.5058 0.0000 0.1466
010200 0.3476 0.5058 0.0000 0.1466
010220 0.3476 0.5058 0.0000 0.1466
010240 0.3476 0.5058 0.0000 0.1466
010260 0.3476 0.5058 0.0000 0.1466
010280 0.3476 0.5058 0.0000 0.1466
010300 0.3476 0.5058 0.0000 0.1466
010320 0.3476 0.5058 0.0000 0.1466
010340 0.3476 0.5058 0.0000 0.1466
010360 0.3476 0.5058 0.0000 0.1466
010380 0.3476 0.5058 0.0000 0.1466
010400 0.3476 0.5058 0.0000 0.1466
010420 0.3476 0.5058 0.0000 0.1466
010440 0.3476 0.5058 0.0000 0.1466
010460 0.3476 0.5058 0.0000 0.1466
010480 0.3476 0.5058 0.0000 0.1466
010500 0.3476 0.5058 0.0000 0.1466
010520 0.3476 0.5058 0.0000 0.1466
010540 0.3476 0.5058 0.0000 0.1466
010560 0.3476 0.5058 0.0000 0.1466
010580 0.3476 0.5058 0.0000 0.1466
010600 0.3476 0.5058 0.0000 0.1466
010620 0.3476 0.5058 0.0000 0.1466
010640 0.3476 0.5058 0.0000 0.1466
010660 0.3476 0.5058 0.0000 0.1466
010680 0.3476 0.5058 0.0000 0.1466
010700 0.3476 0.5058 0.0000 0.1466
010720 0.3476 0.5058 0.0000 0.1466
010740 0.3476 0.5058 0.0000 0.1466
010760 0.3476 0.5058 0.0000 0.1466
010780 0.3476 0.5058 0.0000 0.1466
010800 0.3476 0.5058 0.0000 0.1466
010820 0.3476 0.5058 0.0000 0.1466
010840 0.3476 0.5058 0.0000 0.1466
010860 0.3476 0.5058 0.0000 0.1466
010880 0.3476 0.5058 0.0000 0.1466
010900 0.3476 0.5058 0.0000 0.1466
010920 0.3476 0.5058 0.0000 0.1466
010940 0.3476 0.5058 0.0000 0.1466
010960 0.3476 0.5058 0.0000 0.1466
010980 0.3476 0.5058 0.0000 0.1466
011000 0.3476 0.5058 0.0000 0.1466
011020 0.3476 0.5058 0.0000 0.1466
011040 0.3476 0.5058 0.0000 0.1466
011060 0.3476 0.5058 0.0000 0.1466
011080 0.3476 0.5058 0.0000 0.1466
011100 0.3476 0.5058 0.0000 0.1466
011120 0.3476 0.5058 0.0000 0.1466
011140 0.3476 0.5058 0.0000 0.1466
011160 0.3476 0.5058 0.0000 0.1466
011180 0.3476 0.5058 0.0000 0.1466
011200 0.3476 0.5058 0.0000 0.1466
011220 0.3476 0.5058 0.0000 0.1466
011240 0.3476 0.5058 0.0000 0.1466
011260 0.3476 0.5058 0.0000 0.1466
011280 0.3476 0.5058 0.0000 0.1466
011300 0.3476 0.5058 0.0000 0.1466
011320 0.3476 0.5058 0.0000 0.1466
011340 0.3476 0.5058 0.0000 0.1466
011360 0.3476 0.5058 0.0000 0.1466
011380 0.3476 0.5058 0.0000 0.1466
011400 0.3476 0.5058 0.0000 0.1466
011420 0.3476 0.5058 0.0000 0.1466
011440 0.3476 0.5058 0.0000 0.1466
011460 0.3476 0.5058 0.0000 0.1466
011480 0.3476 0.5058 0.0000 0.1466
011500 0.3476 0.5058 0.0000 0.1466
011520 0.3476 0.5058 0.0000 0.1466
011540 0.3476 0.5058 0.0000 0.1466
011560 0.3476 0.5058 0.0000 0.1466
011580 0.3476 0.5058 0.0000 0.1466
011600 0.3476 0.5058 0.0000 0.1466
011620 0.3476 0.5058 0.0000 0.1466
011640 0.3476 0.5058 0.0000 0.1466
011660 0.3476 0.5058 0.0000 0.1466
011680 0.3476 0.5058 0.0000 0.1466
011700 0.3476 0.5058 0.0000 0.1466
011720 0.3476 0.5058 0.0000 0.1466
011740 0.3476 0.5058 0.0000 0.1466
011760 0.3476 0.5058 0.0000 0.1466
011780 0.3476 0.5058 0.0000 0.1466
011800 0.3476 0.5058 0.0000 0.1466
011820 0.3476 0.5058 0.0000 0.1466
011840 0.3476 0.5058 0.0000 0.1466
011860 0.3476 0.5058 0.0000 0.1466
011880 0.3476 0.5058 0.0000 0.1466
011900 0.3476 0.5058 0.0000 0.1466
011920 0.3476 0.5058 0.0000 0.1466
011940 0.3476 0.5058 0.0000 0.1466
011960 0.3476 0.5058 0.0000 0.1466
011980 0.3476 0.5058 0.0000 0.1466
012000 0.3476 0.5058 0.0000 0.1466
012020 0.3476 0.5058 0.0000 0.1466
012040 0.3476 0.5058 0.0000 0.1466
012060 0.3476 0.5058 0.0000 0.1466
012080 0.3476 0.5058 0.0000 0.1466
012100 0.3476 0.5058 0.0000 0.1466
012120 0.3476 0.5058 0.0000 0.1466
012140 0.3476 0.5058 0.0000 0.1466
012160 0.3476 0.5058 0.0000 0.1466
012180 0.3476 0.5058 0.0000 0.1466
012200 0.3476 0.5058 0.0000 0.1466
012220 0.3476 0.5058 0.0000 0.1466
012240 0.3476 0.5058 0.0000 0.1466
012260 0.3476 0.5058 0.0000 0.1466
012280 0.3476 0.5058 0.0000 0.1466
012300 0.3476 0.5058 0.0000 0.1466
012320 0.3476 0.5058 0.0000 0.1466
012340 0.3476 0.5058 0.0000 0.1466
012360 0.3476 0.5058 0.0000 0.1466
012380 0.3476 0.5058 0.0000 0.1466
012400 0.3476 0.5058 0.0000 0.1466
012420 0.3476 0.5058 0.0000 0.1466
012440 0.3476 0.5058 0.0000 0.1466
012460 0.3476 0.5058 0.0000 0.1466
012480 0.3476 0.5058 0.0000 0.1466
012500 0.3476 0.5058 0.0000 0.1466
012520 0.3476 0.5058 0.0000 0.1466
012540 0.3476 0.5058 0.0000 0.1466
012560 0.3476 0.5058 0.0000 0.1466
012580 0.3476 0.5058 0.0000 0.1466
012600 0.3476 0.5058 0.0000 0.1466
012620 0.3476 0.5058 0.0000 0.1466
012640 0.3476 0.5058 0.0000 0.1466
012660 0.3476 0.5058 0.0000 0.1466
012680 0.3476 0.5058 0.0000 0.1466
012700 0.3476 0.5058 0.0000 0.1466
012720 0.3476 0.5058 0.0000 0.1466
012740 0.3476 0.5058 0.0000 0.1466
012760 0.3476 0.5058 0.0000 0.1466
012780 0.3476 0.5058 0.0000 0.1466
012800 0.3476 0.5058 0.0000 0.1466
012820 0.3476 0.5058 0.0000 0.1466
012840 0.3476 0.5058 0.0000 0.1466
012860 0.3476 0.5058 0.0000 0.1466
012880 0.3476 0.5058 0.0000 0.1466
012900 0.3476 0.5058 0.0000 0.1466
012920 0.3476 0.5058 0.0000 0.1466
012940 0.3476 0.5058 0.0000 0.1466
012960 0.3476 0.5058 0.0000 0.1466
012980 0.3476 0.5058 0.0000 0.1466
013000 0.3476 0.5058 0.0000 0.1466
013020 0.3476 0.5058 0.0000 0.1466
013040 0.3476 0.5058 0.0000 0.1466
013060 0.3476 0.5058 0.0000 0.1466
013080 0.3476 0.5058 0.0000 0.1466
013100 0.3476 0.5058 0.0000 0.1466
013120 0.3476 0.5058 0.0000 0.1466
013140 0.3476 0.5058 0.0000 0.1466
013160 0.3476 0.5058 0.0000 0.1466
013180 0.3476 0.5058 0.0000 0.1466
013200 0.3476 0.5058 0.0000 0.1466
013220 0.3476 0.5058 0.0000 0.1466
013240 0.3476 0.5058 0.0000 0.1466
013260 0.3476 0.5058 0.0000 0.1466
013280 0.3476 0.5058 0.0000 0.1466
013300 0.3476 0.5058 0.0000 0.1466
013320 0.3476 0.5058 0.0000 0.1466
013340 0.3476 0.5058 0.0000 0.1466
013360 0.3476 0.5058 0.0000 0.1466
013380 0.3476 0.5058 0.0000 0.1466
013400 0.3476 0.5058 0.0000 0.1466
013420 0.3476 0.5058 0.0000 0.1466
013440 0.3476 0.5058 0.0000 0.1466
013460 0.3476 0.5058 0.0000 0.1466
013480 0.3476 0.5058 0.0000 0.1466
013500 0.3476 0.5058 0.0000 0.1466
013520 0.3476 0.5058 0.0000 0.1466
013540 0.3476 0.5058 0.0000 0.1466
013560 0.3476 0.5058 0.0000 0.1466
013580 0.3476 0.5058 0.0000 0.1466
013600 0.3476 0.5058 0.0000 0.1466
013620 0.3476 0.5058 0.0000 0.1466
013640 0.3476 0.5058 0.0000 0.1466
013660 0.3476 0.5058 0.0000 0.1466
013680 0.3476 0.5058 0.0000 0.1466
013700 0.3476 0.5058 0.0000 0.1466
013720 0.3476 0.5058 0.0000 0.1466
013740 0.3476 0.5058 0.0000 0.1466
013760 0.3476 0.5058 0.0000 0.1466
013780 0.3476 0.5058 0.0000 0.1466
013800 0.3476 0.5058 0.0000 0.1466
013820 0.3476 0.5058 0.0000 0.1466
013840 0.3476 0.5058 0.0000 0.1466
013860 0.3476 0.5058 0.0000 0.1466
013880 0.3476 0.5058 0.0000 0.1466
013900 0.3476 0.5058 0.0000 0.1466
013920 0.3476 0.5058 0.0000 0.1466
013940 0.3476 0.5058 0.0000 0.1466
013960 0.3476 0.5058 0.0000 0.1466
013980 0.3476 0.5058 0.0000 0.1466
014000 0.3476 0.5058 0.0000 0.1466
014020 0.3476 0.5058 0.0000 0.1466
014040 0.3476 0.5058 0.0000 0.1466
014060 0.3476 0.5058 0.0000 0.1466
014080 0.3476 0.5058 0.0000 0.1466
014100 0.3476 0.5058 0.0000 0.1466
014120 0.3476 0.5058 0.0000 0.1466
014140 0.3476 0.5058 0.0000 0.1466
014160 0.3476 0.5058 0.0000 0.1466
014180 0.3476 0.5058 0.0000 0.1466
014200 0.3476 0.5058 0.0000 0.1466
014220 0.3476 0.5058 0.0000 0.1466
014240 0.3476 0.5058 0.0000 0.1466
014260 0.3476 0.5058 0.0000 0.1466
014280 0.3476 0.5058 0.0000 0.1466
014300 0.3476 0.5058 0.0000 0.1466
014320 0.3476 0.5058 0.0000 0.1466
014340 0.3476 0.5058 0.0000 0.1466
014360 0.3476 0.5058 0.0000 0.1466
014380 0.3476 0.5058 0.0000 0.1466
014400 0.3476 0.5058 0.0000 0.1466
014420 0.3476 0.5058 0.0000 0.1466
014440 0.3476 0.5058 0.0000 0.1466
014460 0.3476 0.5058 0.0000 0.1466
014480 0.3476 0.5058 0.0000 0.1466
014500 0.3476 0.5058 0.0000 0.1466
014520 0.3476 0.5058 0.0000 0.1466
014540 0.3476 0.5058 0.0000 0.1466
014560 0.3476 0.5058 0.0000 0.1466
014580 0.3476 0.5058 0.0000 0.1466
014600 0.3476 0.5058 0.0000 0.1466
014620 0.3476 0.5058 0.0000 0.1466
014640 0.3476 0.5058 0.0000 0.1466
014660 0.3476 0.5058 0.0000 0.1466
014680 0.3476 0.5058 0.0000 0.1466
014700 0.3476 0.5058 0.0000 0.1466
014720 0.3476 0.5058 0.0000 0.1466
014740 0.3476 0.5058 0.0000 0.1466
014760 0.3476 0.5058 0.0000 0.1466
014780 0.3476 0.5058 0.0000 0.1466
014800 0.3476 0.5058 0.0000 0.1466
014820 0.3476 0.5058 0.0000 0.1466
014840 0.3476 0.5058 0.0000 0.1466
014860 0.3476 0.5058 0.0000 0.1466
014880 0.3476 0.5058 0.0000 0.1466
014900 0.3476 0.5058 0.0000 0.1466
014920 0.3476 0.5058 0.0000 0.1466
014940 0.3476 0.5058 0.0000 0.1466
014960 0.3476 0.5058 0.0000 0.1466
014980 0.3476 0.5058 0.0000 0.1466
015000 0.3476 0.5058 0.0000 0.1466
015020 0.3476 0.5058 0.0000 0.1466
015040 0.3476 0.5058 0.0000 0.1466
015060 0.3476 0.5058 0.0000 0.1466
015080 0.3476 0.5058 0.0000 0.1466
015100 0.3476 0.5058 0.0000 0.1466
015120 0.3476 0.5058 0.0000 0.1466
015140 0.3476 0.5058 0.0000 0.1466
015160 0.3476 0.5058 0.0000 0.1466
015180 0.3476 0.5058 0.0000 0.1466
015200 0.3476 0.5058 0.0000 0.1466
015220 0.3476 0.5058 0.0000 0.1466
015240 0.3476 0.5058 0.0000 0.1466
015260 0.3476 0.5058 0.0000 0.1466
015280 0.3476 0.5058 0.0000 0.1466
015300 0.3476 0.5058 0.0000 0.1466
015320 0.3476 0.5058 0.0000 0.1466
015340 0.3476 0.5058 0.0000 0.1466
015360 0.3476 0.5058 0.0000 0.1466
015380 0.3476 0.5058 0.0000 0.1466
015400 0.3476 0.5058 0.0000 0.1466
015420 0.3476 0.5058 0.0000 0.1466
015440 0.3476 0.5058 0.0000 0.1466
015460 0.3476 0.5058 0.0000 0.1466
015480 0.3476 0.5058 0.0000 0.1466
015500 0.3476 0.5058 0.0000 0.1466
015520 0.3476 0.5058 0.0000 0.1466
015540 0.3476 0.5058 0.0000 0.1466
015560 0.3476 0.5058 0.0000 0.1466
015580 0.3476 0.5058 0.0000 0.1466
015600 0.3476 0.5058 0.0000 0.1466
015620 0.3476 0.5058 0.0000 0.1466
015640 0.3476 0.5058 0.0000 0.1466
015660 0.3476 0.5058 0.0000 0.1466
015680 0.3476 0.5058 0.0000 0.1466
015700 0.3476 0.5058 0.0000 0.1466
015720 0.3476 0.5058 0.0000 0.1466
015740 0.3476 0.5058 0.0000 0.1466
015760 0.3476 0.5058 0.0000 0.1466
015780 0.3476 0.5058 0.0000 0.1466
015800 0.3476 0.5058 0.0000 0.1466
015820 0.3476 0.5058 0.0000 0.1466
015840 0.3476 0.5058 0.0000 0.1466
015860 0.3476 0.5058 0.0000 0.1466
015880 0.3476 0.5058 0.0000 0.1466
015900 0.3476 0.5058 0.0000 0.1466
015920 0.3476 0.5058 0.0000 0.1466
015940 0.3476 0.5058 0.0000 0.1466
015960 0.3476 0.5058 0.0000 0.1466
015980 0.3476 0.5058 0.0000 0.1466
016000 0.3476 0.5058 0.0000 0.1466
016020 0.3476 0.5058 0.0000 0.1466
016040 0.3476 0.5058 0.0000 0.1466
016060 0.3476 0.5058 0.0000 0.1466
016080 0.3476 0.5058 0.0000 0.1466
016100 0.3476 0.5058 0.0000 0.1466
016120 0.3476 0.5058 0.0000 0.1466
016140 0.3476 0.5058 0.0000 0.1466
016160 0.3476 0.5058 0.0000 0.1466
016180 0.3476 0.5058 0.0000 0.1466
016200 0.3476 0.5058 0.0000 0.1466
016220 0.3476 0.5058 0.0000 0.1466
016240 0.3476 0.5058 0.0000 0.1466
016260 0.3476 0.5058 0.0000 0.1466
016280 0.3476 0.5058 0.0000 0.1466
016300 0.3476 0.5058 0.0000 0.1466
016320 0.3476 0.5058 0.0000 0.1466
016340 0.3476 0.5058 0.0000 0.1466
016360 0.3476 0.5058 0.0000 0.1466
016380 0.3476 0.5058 0.0000 0.1466
016400 0.3476 0.5058 0.0000 0.1466
016420 0.3476 0.5058 0.0000 0.1466
016440 0.3476 0.5058 0.0000 0.1466
016460 0.3476 0.5058 0.0000 0.1466
016480 0.3476 0.5058 0.0000 0.1466
016500 0.3476 0.5058 0.0000 0.1466
016520 0.3476 0.5058 0.0000 0.1466
016540 0.3476 0.5058 0.0000 0.1466
016560 0.3476 0.5058 0.0000 0.1466
016580 0.3476 0.5058 0.0000 0.1466
016600 0.3476 0.5058 0.0000 0.1466
016620 0.3476 0.5058 0.0000 0.1466
016640 0.3476 0.5058 0.0000 0.1466
016660 0.3476 0.5058 0.0000 0.1466
016680 0.3476 0.5058 0.0000 0.1466
016700 0.3476 0.5058 0.0000 0.1466
016720 0.3476 0.5058 0.0000 0.1466
016740 0.3476 0.5058 0.0000 0.1466
016760 0.3476 0.5058 0.0000 0.1466
016780 0.3476 0.5058 0.0000 0.1466
016800 0.3476 0.5058 0.0000 0.1466
016820 0.3476 0.5058 0.0000 0.1466
016840 0.3476 0.5058 0.0000 0.1466
016860 0.3476 0.5058 0.0000 0.1466
016880 0.3476 0.5058 0.0000 0.1466
016900 0.3476 0.5058 0.0000 0.1466
016920 0.3476 0.5058 0.0000 0.1466
016940 0.3476 0.5058 0.0000 0.1466
016960 0.3476 0.5058 0.0000 0.1466
016980 0.3476 0.5058 0.0000 0.1466
017000 0.3476 0.5058 0.0000 0.1466
017020 0.3476 0.5058 0.0000 0.1466
017040 0.3476 0.5058 0.0000 0.1466
017060 0.3476 0.5058 0.0000 0.1466
017080 0.3476 0.5058 0.0000 0.1466
017100 0.3476 0.5058 0.0000 0.1466
017120 0.3476 0.5058 0.0000 0.1466
017140 0.3476 0.5058 0.0000 0.1466
017160 0.3476 0.5058 0.0000 0.1466
017180 0.3476 0.5058 0.0000 0.1466
017200 0.3476 0.5058 0.0000 0.1466
017220 0.3476 0.5058 0.0000 0.1466
017240 0.3476 0.5058 0.0000 0.1466
017260 0.3476 0.5058 0.0000 0.1466
017280 0.3476 0.5058 0.0000 0.1466
017300 0.3476 0.5058 0.0000 0.1466
017320 0.3476 0.5058 0.0000 0.1466
017340 0.3476 0.5058 0.0000 0.1466
017360 0.3476 0.5058 0.0000 0.1466
017380 0.3476 0.5058 0.0000 0.1466
017400 0.3476 0.5058 0.0000 0.1466
017420 0.3476 0.5058 0.0000 0.1466
017440 0.3476 0.5058 0.0000 0.1466
017460 0.3476 0.5058 0.0000 0.1466
017480 0.3476 0.5058 0.0000 0.1466
017500 0.3476 0.5058 0.0000 0.1466
017520 0.3476 0.5058 0.0000 0.1466
017540 0.3476 0.5058 0.0000 0.1466
017560 0.3476 0.5058 0.0000 0.1466
017580 0.3476 0.5058 0.0000 0.1466
017600 0.3476 0.5058 0.0000 0.1466
017620 0.3476 0.5058 0.0000 0.1466
017640 0.3476 0.5058 0.0000 0.1466
017660 0.3476 0.5058 0.0000 0.1466
017680 0.3476 0.5058 0.0000 0.1466
017700 0.3476 0.5058 0.0000 0.1466
017720 0.3476 0.5058 0.0000 0.1466
017740 0.3476 0.5058 0.0000 0.1466
017760 0.3476 0.5058 0.0000 0.1466
017780 0.3476 0.5058 0.0000 0.1466
017800 0.3476 0.5058 0.0000 0.1466
017820 0.3476 0.5058 0.0000 0.1466
017840 0.3476 0.5058 0.0000 0.1466
017860 0.3476 0.5058 0.0000 0.1466
017880 0.3476 0.5058 0.0000 0.1466
017900 0.3476 0.5058 0.0000 0.1466
017920 0.3476 0.5058 0.0000 0.1466
017940 0.3476 0.5058 0.0000 0.1466
017960 0.3476 0.5058 0.0000 0.1466
017980 0.3476 0.5058 0.0000 0.1466
018000 0.3476 0.5058 0.0000 0.1466
018020 0.3476 0.5058 0.0000 0.1466
018040 0.3476 0.5058 0.0000 0.1466
018060 0.3476 0.5058 0.0000 0.1466
018080 0.3476 0.5058 0.0000 0.1466
018100 0.3476 0.5058 0.0000 0.1466
018120 0.3476 0.5058 0.0000 0.1466
018140 0.3476 0.5058 0.0000 0.1466
018160 0.3476 0.5058 0.0000 0.1466
018180 0.3476 0.5058 0.0000 0.1466
018200 0.3476 0.5058 0.0000 0.1466
018220 0.3476 0.5058 0.0000 0.1466
018240 0.3476 0.5058 0.0000 0.1466
018260 0.3476 0.5058 0.0000 0.1466
018280 0.3476 0.5058 0.0000 0.1466
018300 0.3476 0.5058 0.0000 0.1466
018320 0.3476 0.5058 0.0000 0.1466
018340 0.3476 0.5058 0.0000 0.1466
018360 0.3476 0.5058 0.0000 0.1466
018380 0.3476 0.5058 0.0000 0.1466
018400 0.3476 0.5058 0.0000 0.1466
018420 0.3476 0.5058 0.0000 0.1466
018440 0.3476 0.5058 0.0000 0.1466
018460 0.3476 0.5058 0.0000 0.1466
018480 0.3476 0.5058 0.0000 0.1466
018500 0.3476 0.5058 0.0000 0.1466
018520 0.3476 0.5058 0.0000 0.1466
018540 0.3476 0.5058 0.0000 0.1466
018560 0.3476 0.5058 0.0000 0.1466
018580 0.3476 0.5058 0.0000 0.1466
018600 0.3476 0.5058 0.0000 0.1466
018620 0.3476 0.5058 0.0000 0.1466
018640 0.3476 0.5058 0.0000 0.1466
018660 0.3476 0.5058 0.0000 0.1466
018680 0.3476 0.5058 0.0000 0.1466
018700 0.3476 0.5058 0.0000 0.1466
018720 0.3476 0.5058 0.0000 0.1466
018740 0.3476 0.5058 0.0000 0.1466
018760 0.3476 0.5058 0.0000 0.1466
018780 0.3476 0.5058 0.0000 0.1466
018800 0.3476 0.5058 0.0000 0.1466
018820 0.3476 0.5058 0.0000 0.1466
018840 0.3476 0.5058 0.0000 0.1466
018860 0.3476 0.5058 0.0000 0.1466
018880 0.3476 0.5058 0.0000 0.1466
018900 0.3476 0.5058 0.0000 0.1466
018920 0.3476 0.5058 0.0000 0.1466
018940 0.3476 0.5058 0.0000 0.1466
018960 0.3476 0.5058 0.0000 0.1466
018980 0.3476 0.5058 0.0000 0.1466
019000 0.3476 0.5058 0.0000 0.1466
019020 0.3476 0.5058 0.0000 0.1466
019040 0.3476 0.5058 0.0000 0.1466
019060 0.3476 0.5058 0.0000 0.1466
019080 0.3476 0.5058 0.0000 0.1466
019100 0.3476 0.5058 0.0000 0.1466
019120 0.3476 0.5058 0.0000 0.1466
019140 0.3476 0.5058 0.0000 0.1466
019160 0.3476 0.5058 0.0000 0.1466
019180 0.3476 0.5058 0.0000 0.1466
019200 0.3476 0.5058 0.0000 0.1466
019220 0.3476 0.5058 0.0000 0.1466
019240 0.3476 0.5058 0.0000 0.1466
019260 0.3476 0.5058 0.0000 0.1466
019280 0.3476 0.5058 0.0000 0.1466
019300 0.3476 0.5058 0.0000 0.1466
019320 0.3476 0.5058 0.0000 0.1466
019340 0.3476 0.5058 0.0000 0.1466
019360 0.3476 0.5058 0.0000 0.1466
019380 0.3476 0.5058 0.0000 0.1466
019400 0.3476 0.5058 0.0000 0.1466
019420 0.3476 0.5058 0.0000 0.1466
019440 0.3476 0.5058 0.0000 0.1466
019460 0.3476 0.5058 0.0000 0.1466
019480 0.3476 0.5058 0.0000 0.1466
019500 0.3476 0.5058 0.0000 0.1466
019520 0.3476 0.5058 0.0000 0.1466
019540 0.3476 0.5058 0.0000 0.1466
019560 0.3476 0.5058 0.0000 0.1466
019580 0.3476 0.5058 0.0000 0.1466
019600 0.3476 0.5058 0.0000 0.1466
019620 0.3476 0.5058 0.0000 0.1466
019640 0.3476 0.5058 0.0000 0.1466
019660 0.3476 0.5058 0.0000 0.1466
019680 0.3476 0.5058 0.0000 0.1466
019700 0.3476 0.5058 0.0000 0.1466
019720 0.3476 0.5058 0.0000 0.1466
019740 0.3476 0.5058 0.0000 0.1466
019760 0.3476 0.5058 0.0000 0.1466
019780 0.3476 0.5058 0.0000 0.1466
019800 0.3476 0.5058 0.0000 0.1466
019820 0.3476 0.5058 0.0000 0.1466
019840 0.3476 0.5058 0.0000 0.1466
019860 0.3476 0.5058 0.0000 0.1466
019880 0.3476 0.5058 0.0000 0.1466
019900 0.3476 0.5058 0.0000 0.1466
019920 0.3476 0.5058 0.0000 0.1466
019940 0.3476 0.5058 0.0000 0.1466
019960 0.3476 0.5058 0.0000 0.1466
019980 0.3476 0.5058 0.0000 0.1466
020000 0.3476 0.5058 0.0000 0.1466
