000000 0.2496 0.2496 0.2504 0.2504
000020 0.0071 0.8117 0.0000 0.1812
000040 0.0018 0.8317 0.0000 0.1665
000060 0.0006 0.8384 0.0000 0.1610
000080 0.0002 0.8404 0.0000 0.1594
000100 0.0001 0.8407 0.0000 0.1593
000120 0.0000 0.8415 0.0000 0.1585
000140 0.0000 0.8410 0.0000 0.1590
000160 0.0000 0.8408 0.0000 0.1592
000180 0.0000 0.8408 0.0000 0.1592
000200 0.0000 0.8410 0.0000 0.1590
000220 0.0000 0.8411 0.0000 0.1589
000240 0.0000 0.8416 0.0000 0.1584
000260 0.0000 0.8404 0.0000 0.1596
000280 0.0000 0.8412 0.0000 0.1588
000300 0.0000 0.8421 0.0000 0.1579
000320 0.0000 0.8414 0.0000 0.1586
000340 0.0000 0.8415 0.0000 0.1585
000360 0.0000 0.8414 0.0000 0.1586
000380 0.0000 0.8409 0.0000 0.1591
000400 0.0000 0.8413 0.0000 0.1587
000420 0.0000 0.8408 0.0000 0.1592
000440 0.0000 0.8421 0.0000 0.1579
000460 0.0000 0.8416 0.0000 0.1584
000480 0.0000 0.8413 0.0000 0.1587
000500 0.0000 0.8427 0.0000 0.1573
000520 0.0000 0.8412 0.0000 0.1588
000540 0.0000 0.8413 0.0000 0.1587
000560 0.0000 0.8423 0.0000 0.1577
000580 0.0000 0.8416 0.0000 0.1584
000600 0.0000 0.8408 0.0000 0.1592
000620 0.0000 0.8416 0.0000 0.1584
000640 0.0000 0.8409 0.0000 0.1591
000660 0.0000 0.8409 0.0000 0.1591
000680 0.0000 0.8419 0.0000 0.1581
000700 0.0000 0.8409 0.0000 0.1591
000720 0.0000 0.8412 0.0000 0.1588
000740 0.0000 0.8416 0.0000 0.1584
000760 0.0000 0.8406 0.0000 0.1594
000780 0.0000 0.8420 0.0000 0.1580
000800 0.0000 0.8408 0.0000 0.1592
000820 0.0000 0.8413 0.0000 0.1587
000840 0.0000 0.8414 0.0000 0.1586
000860 0.0000 0.8403 0.0000 0.1597
000880 0.0000 0.8410 0.0000 0.1590
000900 0.0000 0.8416 0.0000 0.1584
000920 0.0000 0.8411 0.0000 0.1589
000940 0.0000 0.8416 0.0000 0.1584
000960 0.0000 0.8410 0.0000 0.1590
000980 0.0000 0.8418 0.0000 0.1582
001000 0.0000 0.8423 0.0000 0.1577
001020 0.0000 0.8423 0.0000 0.1577
001040 0.0000 0.8413 0.0000 0.1587
001060 0.0000 0.8416 0.0000 0.1584
001080 0.0000 0.8408 0.0000 0.1592
001100 0.0000 0.8417 0.0000 0.1583
001120 0.0000 0.8419 0.0000 0.1581
001140 0.0000 0.8414 0.0000 0.1586
001160 0.0000 0.8411 0.0000 0.1589
001180 0.0000 0.8416 0.0000 0.1584
001200 0.0000 0.8410 0.0000 0.1590
001220 0.0000 0.8419 0.0000 0.1581
001240 0.0000 0.8418 0.0000 0.1582
001260 0.0000 0.8409 0.0000 0.1591
001280 0.0000 0.8413 0.0000 0.1587
001300 0.0000 0.8416 0.0000 0.1584
001320 0.0000 0.8421 0.0000 0.1579
001340 0.0000 0.8418 0.0000 0.1582
001360 0.0000 0.8413 0.0000 0.1587
001380 0.0000 0.8416 0.0000 0.1584
001400 0.0000 0.8416 0.0000 0.1584
001420 0.0000 0.8412 0.0000 0.1588
001440 0.0000 0.8410 0.0000 0.1590
001460 0.0000 0.8412 0.0000 0.1588
001480 0.0000 0.8414 0.0000 0.1586
001500 0.0000 0.8412 0.0000 0.1588
001520 0.0000 0.8406 0.0000 0.1594
001540 0.0000 0.8413 0.0000 0.1587
001560 0.0000 0.8412 0.0000 0.1588
001580 0.0000 0.8423 0.0000 0.1577
001600 0.0000 0.8412 0.0000 0.1588
001620 0.0000 0.8414 0.0000 0.1586
001640 0.0000 0.8416 0.0000 0.1584
001660 0.0000 0.8412 0.0000 0.1588
001680 0.0000 0.8410 0.0000 0.1590
001700 0.0000 0.8415 0.0000 0.1585
001720 0.0000 0.8412 0.0000 0.1588
001740 0.0000 0.8414 0.0000 0.1586
001760 0.0000 0.8412 0.0000 0.1588
001780 0.0000 0.8410 0.0000 0.1590
001800 0.0000 0.8417 0.0000 0.1583
001820 0.0000 0.8417 0.0000 0.1583
001840 0.0000 0.8413 0.0000 0.1587
001860 0.0000 0.8417 0.0000 0.1583
001880 0.0000 0.8414 0.0000 0.1586
001900 0.0000 0.8409 0.0000 0.1591
001920 0.0000 0.8409 0.0000 0.1591
001940 0.0000 0.8405 0.0000 0.1595
001960 0.0000 0.8415 0.0000 0.1585
001980 0.0000 0.8413 0.0000 0.1587
002000 0.0000 0.8407 0.0000 0.1593
002020 0.0000 0.8409 0.0000 0.1591
002040 0.0000 0.8413 0.0000 0.1587
002060 0.0000 0.8417 0.0000 0.1583
002080 0.0000 0.8413 0.0000 0.1587
002100 0.0000 0.8411 0.0000 0.1589
002120 0.0000 0.8415 0.0000 0.1585
002140 0.0000 0.8415 0.0000 0.1585
002160 0.0000 0.8414 0.0000 0.1586
002180 0.0000 0.8415 0.0000 0.1585
002200 0.0000 0.8413 0.0000 0.1587
002220 0.0000 0.8416 0.0000 0.1584
002240 0.0000 0.8411 0.0000 0.1589
002260 0.0000 0.8408 0.0000 0.1592
002280 0.0000 0.8408 0.0000 0.1592
002300 0.0000 0.8421 0.0000 0.1579
002320 0.0000 0.8413 0.0000 0.1587
002340 0.0000 0.8409 0.0000 0.1591
002360 0.0000 0.8416 0.0000 0.1584
002380 0.0000 0.8419 0.0000 0.1581
002400 0.0000 0.8415 0.0000 0.1585
002420 0.0000 0.8420 0.0000 0.1580
002440 0.0000 0.8412 0.0000 0.1588
002460 0.0000 0.8408 0.0000 0.1592
002480 0.0000 0.8408 0.0000 0.1592
002500 0.0000 0.8415 0.0000 0.1585
002520 0.0000 0.8410 0.0000 0.1590
002540 0.0000 0.8405 0.0000 0.1595
002560 0.0000 0.8402 0.0000 0.1598
002580 0.0000 0.8413 0.0000 0.1587
002600 0.0000 0.8413 0.0000 0.1587
002620 0.0000 0.8411 0.0000 0.1589
002640 0.0000 0.8411 0.0000 0.1589
002660 0.0000 0.8418 0.0000 0.1582
002680 0.0000 0.8421 0.0000 0.1579
002700 0.0000 0.8420 0.0000 0.1580
002720 0.0000 0.8418 0.0000 0.1582
002740 0.0000 0.8414 0.0000 0.1586
002760 0.0000 0.8415 0.0000 0.1585
002780 0.0000 0.8411 0.0000 0.1589
002800 0.0000 0.8411 0.0000 0.1589
002820 0.0000 0.8402 0.0000 0.1598
002840 0.0000 0.8411 0.0000 0.1589
002860 0.0000 0.8411 0.0000 0.1589
002880 0.0000 0.8421 0.0000 0.1579
002900 0.0000 0.8410 0.0000 0.1590
002920 0.0000 0.8411 0.0000 0.1589
002940 0.0000 0.8409 0.0000 0.1590
002960 0.0000 0.8409 0.0000 0.1591
002980 0.0000 0.8406 0.0000 0.1594
003000 0.0000 0.8415 0.0000 0.1585
003020 0.0000 0.8411 0.0000 0.1589
003040 0.0000 0.8417 0.0000 0.1583
003060 0.0000 0.8419 0.0000 0.1581
003080 0.0000 0.8414 0.0000 0.1586
003100 0.0000 0.8418 0.0000 0.1582
003120 0.0000 0.8410 0.0000 0.1590
003140 0.0000 0.8416 0.0000 0.1584
003160 0.0000 0.8418 0.0000 0.1582
003180 0.0000 0.8411 0.0000 0.1589
003200 0.0000 0.8410 0.0000 0.1590
003220 0.0000 0.8416 0.0000 0.1584
003240 0.0000 0.8407 0.0000 0.1593
003260 0.0000 0.8418 0.0000 0.1582
003280 0.0000 0.8417 0.0000 0.1583
003300 0.0000 0.8406 0.0000 0.1594
003320 0.0000 0.8405 0.0000 0.1595
003340 0.0000 0.8407 0.0000 0.1593
003360 0.0000 0.8410 0.0000 0.1590
003380 0.0000 0.8409 0.0000 0.1591
003400 0.0000 0.8404 0.0000 0.1596
003420 0.0000 0.8406 0.0000 0.1594
003440 0.0000 0.8409 0.0000 0.1591
003460 0.0000 0.8408 0.0000 0.1592
003480 0.0000 0.8415 0.0000 0.1585
003500 0.0000 0.8417 0.0000 0.1583
003520 0.0000 0.8414 0.0000 0.1586
003540 0.0000 0.8415 0.0000 0.1585
003560 0.0000 0.8415 0.0000 0.1585
003580 0.0000 0.8414 0.0000 0.1586
003600 0.0000 0.8407 0.0000 0.1593
003620 0.0000 0.8413 0.0000 0.1587
003640 0.0000 0.8408 0.0000 0.1592
003660 0.0000 0.8414 0.0000 0.1586
003680 0.0000 0.8414 0.0000 0.1586
003700 0.0000 0.8416 0.0000 0.1584
003720 0.0000 0.8415 0.0000 0.1585
003740 0.0000 0.8406 0.0000 0.1594
003760 0.0000 0.8405 0.0000 0.1595
003780 0.0000 0.8413 0.0000 0.1587
003800 0.0000 0.8412 0.0000 0.1588
003820 0.0000 0.8410 0.0000 0.1590
003840 0.0000 0.8406 0.0000 0.1594
003860 0.0000 0.8416 0.0000 0.1584
003880 0.0000 0.8416 0.0000 0.1584
003900 0.0000 0.8412 0.0000 0.1588
003920 0.0000 0.8407 0.0000 0.1593
003940 0.0000 0.8418 0.0000 0.1582
003960 0.0000 0.8418 0.0000 0.1582
003980 0.0000 0.8426 0.0000 0.1574
004000 0.0000 0.8417 0.0000 0.1583
004020 0.0000 0.8412 0.0000 0.1588
004040 0.0000 0.8414 0.0000 0.1586
004060 0.0000 0.8417 0.0000 0.1583
004080 0.0000 0.8413 0.0000 0.1587
004100 0.0000 0.8421 0.0000 0.1579
004120 0.0000 0.8408 0.0000 0.1592
004140 0.0000 0.8403 0.0000 0.1597
004160 0.0000 0.8408 0.0000 0.1592
004180 0.0000 0.8404 0.0000 0.1596
004200 0.0000 0.8402 0.0000 0.1598
004220 0.0000 0.8410 0.0000 0.1590
004240 0.0000 0.8416 0.0000 0.1584
004260 0.0000 0.8423 0.0000 0.1577
004280 0.0000 0.8425 0.0000 0.1575
004300 0.0000 0.8417 0.0000 0.1583
004320 0.0000 0.8418 0.0000 0.1582
004340 0.0000 0.8406 0.0000 0.1594
004360 0.0000 0.8418 0.0000 0.1582
004380 0.0000 0.8413 0.0000 0.1587
004400 0.0000 0.8411 0.0000 0.1589
004420 0.0000 0.8405 0.0000 0.1595
004440 0.0000 0.8406 0.0000 0.1594
004460 0.0000 0.8411 0.0000 0.1589
004480 0.0000 0.8412 0.0000 0.1588
004500 0.0000 0.8418 0.0000 0.1582
004520 0.0000 0.8416 0.0000 0.1584
004540 0.0000 0.8410 0.0000 0.1590
004560 0.0000 0.8407 0.0000 0.1593
004580 0.0000 0.8410 0.0000 0.1590
004600 0.0000 0.8410 0.0000 0.1590
004620 0.0000 0.8406 0.0000 0.1594
004640 0.0000 0.8403 0.0000 0.1597
004660 0.0000 0.8416 0.0000 0.1584
004680 0.0000 0.8414 0.0000 0.1586
004700 0.0000 0.8409 0.0000 0.1591
004720 0.0000 0.8404 0.0000 0.1596
004740 0.0000 0.8417 0.0000 0.1583
004760 0.0000 0.8415 0.0000 0.1585
004780 0.0000 0.8419 0.0000 0.1581
004800 0.0000 0.8420 0.0000 0.1580
004820 0.0000 0.8417 0.0000 0.1583
004840 0.0000 0.8421 0.0000 0.1579
004860 0.0000 0.8422 0.0000 0.1578
004880 0.0000 0.8415 0.0000 0.1585
004900 0.0000 0.8423 0.0000 0.1577
004920 0.0000 0.8418 0.0000 0.1582
004940 0.0000 0.8418 0.0000 0.1582
004960 0.0000 0.8418 0.0000 0.1582
004980 0.0000 0.8407 0.0000 0.1593
005000 0.0000 0.8418 0.0000 0.1582
005020 0.0000 0.8418 0.0000 0.1582
005040 0.0000 0.8412 0.0000 0.1588
005060 0.0000 0.8410 0.0000 0.1590
005080 0.0000 0.8414 0.0000 0.1586
005100 0.0000 0.8409 0.0000 0.1591
005120 0.0000 0.8408 0.0000 0.1592
005140 0.0000 0.8403 0.0000 0.1597
005160 0.0000 0.8409 0.0000 0.1591
005180 0.0000 0.8404 0.0000 0.1596
005200 0.0000 0.8403 0.0000 0.1597
005220 0.0000 0.8406 0.0000 0.1594
005240 0.0000 0.8410 0.0000 0.1590
005260 0.0000 0.8409 0.0000 0.1591
005280 0.0000 0.8412 0.0000 0.1588
005300 0.0000 0.8419 0.0000 0.1581
005320 0.0000 0.8417 0.0000 0.1583
005340 0.0000 0.8415 0.0000 0.1585
005360 0.0000 0.8409 0.0000 0.1591
005380 0.0000 0.8409 0.0000 0.1591
005400 0.0000 0.8420 0.0000 0.1580
005420 0.0000 0.8416 0.0000 0.1584
005440 0.0000 0.8413 0.0000 0.1587
005460 0.0000 0.8409 0.0000 0.1591
005480 0.0000 0.8406 0.0000 0.1594
005500 0.0000 0.8411 0.0000 0.1589
005520 0.0000 0.8417 0.0000 0.1583
005540 0.0000 0.8420 0.0000 0.1580
005560 0.0000 0.8414 0.0000 0.1586
005580 0.0000 0.8421 0.0000 0.1579
005600 0.0000 0.8420 0.0000 0.1580
005620 0.0000 0.8408 0.0000 0.1592
005640 0.0000 0.8414 0.0000 0.1586
005660 0.0000 0.8418 0.0000 0.1582
005680 0.0000 0.8416 0.0000 0.1584
005700 0.0000 0.8418 0.0000 0.1582
005720 0.0000 0.8419 0.0000 0.1580
005740 0.0000 0.8415 0.0000 0.1585
005760 0.0000 0.8419 0.0000 0.1581
005780 0.0000 0.8425 0.0000 0.1575
005800 0.0000 0.8414 0.0000 0.1586
005820 0.0000 0.8418 0.0000 0.1582
005840 0.0000 0.8415 0.0000 0.1585
005860 0.0000 0.8414 0.0000 0.1586
005880 0.0000 0.8412 0.0000 0.1588
005900 0.0000 0.8407 0.0000 0.1593
005920 0.0000 0.8412 0.0000 0.1588
005940 0.0000 0.8421 0.0000 0.1579
005960 0.0000 0.8416 0.0000 0.1584
005980 0.0000 0.8410 0.0000 0.1590
006000 0.0000 0.8413 0.0000 0.1587
006020 0.0000 0.8416 0.0000 0.1584
006040 0.0000 0.8411 0.0000 0.1589
006060 0.0000 0.8419 0.0000 0.1581
006080 0.0000 0.8408 0.0000 0.1592
006100 0.0000 0.8413 0.0000 0.1587
006120 0.0000 0.8413 0.0000 0.1587
006140 0.0000 0.8411 0.0000 0.1589
006160 0.0000 0.8413 0.0000 0.1587
006180 0.0000 0.8415 0.0000 0.1585
006200 0.0000 0.8410 0.0000 0.1590
006220 0.0000 0.8410 0.0000 0.1590
006240 0.0000 0.8410 0.0000 0.1590
006260 0.0000 0.8411 0.0000 0.1589
006280 0.0000 0.8421 0.0000 0.1579
006300 0.0000 0.8414 0.0000 0.1586
006320 0.0000 0.8414 0.0000 0.1586
006340 0.0000 0.8416 0.0000 0.1584
006360 0.0000 0.8414 0.0000 0.1586
006380 0.0000 0.8418 0.0000 0.1582
006400 0.0000 0.8406 0.0000 0.1594
006420 0.0000 0.8418 0.0000 0.1582
006440 0.0000 0.8418 0.0000 0.1582
006460 0.0000 0.8413 0.0000 0.1587
006480 0.0000 0.8413 0.0000 0.1587
006500 0.0000 0.8408 0.0000 0.1592
006520 0.0000 0.8416 0.0000 0.1584
006540 0.0000 0.8420 0.0000 0.1580
006560 0.0000 0.8410 0.0000 0.1590
006580 0.0000 0.8417 0.0000 0.1583
006600 0.0000 0.8407 0.0000 0.1593
006620 0.0000 0.8420 0.0000 0.1580
006640 0.0000 0.8420 0.0000 0.1580
006660 0.0000 0.8410 0.0000 0.1590
006680 0.0000 0.8415 0.0000 0.1585
006700 0.0000 0.8409 0.0000 0.1591
006720 0.0000 0.8407 0.0000 0.1593
006740 0.0000 0.8416 0.0000 0.1584
006760 0.0000 0.8417 0.0000 0.1583
006780 0.0000 0.8415 0.0000 0.1585
006800 0.0000 0.8417 0.0000 0.1583
006820 0.0000 0.8413 0.0000 0.1587
006840 0.0000 0.8415 0.0000 0.1585
006860 0.0000 0.8419 0.0000 0.1581
006880 0.0000 0.8426 0.0000 0.1574
006900 0.0000 0.8427 0.0000 0.1573
006920 0.0000 0.8419 0.0000 0.1581
006940 0.0000 0.8420 0.0000 0.1580
006960 0.0000 0.8420 0.0000 0.1580
006980 0.0000 0.8415 0.0000 0.1585
007000 0.0000 0.8414 0.0000 0.1586
007020 0.0000 0.8414 0.0000 0.1586
007040 0.0000 0.8417 0.0000 0.1583
007060 0.0000 0.8412 0.0000 0.1588
007080 0.0000 0.8414 0.0000 0.1586
007100 0.0000 0.8410 0.0000 0.1590
007120 0.0000 0.8412 0.0000 0.1588
007140 0.0000 0.8410 0.0000 0.1590
007160 0.0000 0.8410 0.0000 0.1590
007180 0.0000 0.8412 0.0000 0.1588
007200 0.0000 0.8413 0.0000 0.1587
007220 0.0000 0.8415 0.0000 0.1585
007240 0.0000 0.8411 0.0000 0.1589
007260 0.0000 0.8424 0.0000 0.1576
007280 0.0000 0.8406 0.0000 0.1594
007300 0.0000 0.8414 0.0000 0.1586
007320 0.0000 0.8406 0.0000 0.1594
007340 0.0000 0.8411 0.0000 0.1589
007360 0.0000 0.8414 0.0000 0.1586
007380 0.0000 0.8408 0.0000 0.1592
007400 0.0000 0.8415 0.0000 0.1585
007420 0.0000 0.8412 0.0000 0.1588
007440 0.0000 0.8415 0.0000 0.1585
007460 0.0000 0.8413 0.0000 0.1588
007480 0.0000 0.8406 0.0000 0.1594
007500 0.0000 0.8409 0.0000 0.1591
007520 0.0000 0.8409 0.0000 0.1591
007540 0.0000 0.8417 0.0000 0.1583
007560 0.0000 0.8418 0.0000 0.1582
007580 0.0000 0.8408 0.0000 0.1592
007600 0.0000 0.8413 0.0000 0.1587
007620 0.0000 0.8416 0.0000 0.1584
007640 0.0000 0.8407 0.0000 0.1593
007660 0.0000 0.8407 0.0000 0.1593
007680 0.0000 0.8405 0.0000 0.1595
007700 0.0000 0.8411 0.0000 0.1589
007720 0.0000 0.8411 0.0000 0.1589
007740 0.0000 0.8415 0.0000 0.1585
007760 0.0000 0.8409 0.0000 0.1591
007780 0.0000 0.8413 0.0000 0.1587
007800 0.0000 0.8409 0.0000 0.1591
007820 0.0000 0.8418 0.0000 0.1582
007840 0.0000 0.8422 0.0000 0.1578
007860 0.0000 0.8416 0.0000 0.1584
007880 0.0000 0.8414 0.0000 0.1586
007900 0.0000 0.8414 0.0000 0.1586
007920 0.0000 0.8407 0.0000 0.1593
007940 0.0000 0.8405 0.0000 0.1595
007960 0.0000 0.8401 0.0000 0.1599
007980 0.0000 0.8417 0.0000 0.1583
008000 0.0000 0.8412 0.0000 0.1588
008020 0.0000 0.8408 0.0000 0.1592
008040 0.0000 0.8416 0.0000 0.1584
008060 0.0000 0.8405 0.0000 0.1595
008080 0.0000 0.8410 0.0000 0.1590
008100 0.0000 0.8413 0.0000 0.1587
008120 0.0000 0.8423 0.0000 0.1577
008140 0.0000 0.8418 0.0000 0.1582
008160 0.0000 0.8411 0.0000 0.1589
008180 0.0000 0.8416 0.0000 0.1584
008200 0.0000 0.8415 0.0000 0.1585
008220 0.0000 0.8415 0.0000 0.1585
008240 0.0000 0.8406 0.0000 0.1594
008260 0.0000 0.8407 0.0000 0.1593
008280 0.0000 0.8416 0.0000 0.1584
008300 0.0000 0.8412 0.0000 0.1588
008320 0.0000 0.8412 0.0000 0.1588
008340 0.0000 0.8409 0.0000 0.1591
008360 0.0000 0.8396 0.0000 0.1604
008380 0.0000 0.8415 0.0000 0.1585
008400 0.0000 0.8410 0.0000 0.1590
008420 0.0000 0.8416 0.0000 0.1584
008440 0.0000 0.8412 0.0000 0.1588
008460 0.0000 0.8415 0.0000 0.1585
008480 0.0000 0.8409 0.0000 0.1591
008500 0.0000 0.8410 0.0000 0.1590
008520 0.0000 0.8410 0.0000 0.1590
008540 0.0000 0.8418 0.0000 0.1582
008560 0.0000 0.8411 0.0000 0.1589
008580 0.0000 0.8415 0.0000 0.1585
008600 0.0000 0.8412 0.0000 0.1588
008620 0.0000 0.8420 0.0000 0.1580
008640 0.0000 0.8411 0.0000 0.1589
008660 0.0000 0.8415 0.0000 0.1585
008680 0.0000 0.8410 0.0000 0.1590
008700 0.0000 0.8413 0.0000 0.1587
008720 0.0000 0.8410 0.0000 0.1590
008740 0.0000 0.8414 0.0000 0.1586
008760 0.0000 0.8418 0.0000 0.1582
008780 0.0000 0.8411 0.0000 0.1589
008800 0.0000 0.8410 0.0000 0.1590
008820 0.0000 0.8418 0.0000 0.1582
008840 0.0000 0.8413 0.0000 0.1587
008860 0.0000 0.8410 0.0000 0.1590
008880 0.0000 0.8407 0.0000 0.1593
008900 0.0000 0.8407 0.0000 0.1593
008920 0.0000 0.8417 0.0000 0.1583
008940 0.0000 0.8411 0.0000 0.1589
008960 0.0000 0.8416 0.0000 0.1584
008980 0.0000 0.8413 0.0000 0.1587
009000 0.0000 0.8406 0.0000 0.1594
009020 0.0000 0.8410 0.0000 0.1590
009040 0.0000 0.8407 0.0000 0.1593
009060 0.0000 0.8418 0.0000 0.1582
009080 0.0000 0.8409 0.0000 0.1590
009100 0.0000 0.8410 0.0000 0.1590
009120 0.0000 0.8418 0.0000 0.1582
009140 0.0000 0.8418 0.0000 0.1582
009160 0.0000 0.8407 0.0000 0.1593
009180 0.0000 0.8413 0.0000 0.1587
009200 0.0000 0.8415 0.0000 0.1585
009220 0.0000 0.8415 0.0000 0.1585
009240 0.0000 0.8415 0.0000 0.1585
009260 0.0000 0.8413 0.0000 0.1587
009280 0.0000 0.8408 0.0000 0.1592
009300 0.0000 0.8419 0.0000 0.1581
009320 0.0000 0.8420 0.0000 0.1580
009340 0.0000 0.8414 0.0000 0.1586
009360 0.0000 0.8424 0.0000 0.1576
009380 0.0000 0.8413 0.0000 0.1587
009400 0.0000 0.8411 0.0000 0.1589
009420 0.0000 0.8408 0.0000 0.1592
009440 0.0000 0.8415 0.0000 0.1585
009460 0.0000 0.8406 0.0000 0.1594
009480 0.0000 0.8418 0.0000 0.1582
009500 0.0000 0.8417 0.0000 0.1583
009520 0.0000 0.8416 0.0000 0.1584
009540 0.0000 0.8416 0.0000 0.1584
009560 0.0000 0.8425 0.0000 0.1575
009580 0.0000 0.8423 0.0000 0.1578
009600 0.0000 0.8416 0.0000 0.1584
009620 0.0000 0.8409 0.0000 0.1591
009640 0.0000 0.8408 0.0000 0.1592
009660 0.0000 0.8418 0.0000 0.1582
009680 0.0000 0.8413 0.0000 0.1587
009700 0.0000 0.8408 0.0000 0.1592
009720 0.0000 0.8414 0.0000 0.1586
009740 0.0000 0.8415 0.0000 0.1585
009760 0.0000 0.8410 0.0000 0.1590
009780 0.0000 0.8412 0.0000 0.1588
009800 0.0000 0.8411 0.0000 0.1589
009820 0.0000 0.8409 0.0000 0.1591
009840 0.0000 0.8401 0.0000 0.1599
009860 0.0000 0.8412 0.0000 0.1588
009880 0.0000 0.8416 0.0000 0.1584
009900 0.0000 0.8408 0.0000 0.1592
009920 0.0000 0.8406 0.0000 0.1594
009940 0.0000 0.8416 0.0000 0.1584
009960 0.0000 0.8413 0.0000 0.1587
009980 0.0000 0.8422 0.0000 0.1578
010000 0.0000 0.8415 0.0000 0.1585
010020 0.0000 0.8411 0.0000 0.1589
010040 0.0000 0.8411 0.0000 0.1589
010060 0.0000 0.8411 0.0000 0.1589
010080 0.0000 0.8411 0.0000 0.1589
010100 0.0000 0.8411 0.0000 0.1589
010120 0.0000 0.8411 0.0000 0.1589
010140 0.0000 0.8411 0.0000 0.1589
010160 0.0000 0.8411 0.0000 0.1589
010180 0.0000 0.8411 0.0000 0.1589
010200 0.0000 0.8411 0.0000 0.1589
010220 0.0000 0.8411 0.0000 0.1589
010240 0.0000 0.8411 0.0000 0.1589
010260 0.0000 0.8411 0.0000 0.1589
010280 0.0000 0.8411 0.0000 0.1589
010300 0.0000 0.8411 0.0000 0.1589
010320 0.0000 0.8411 0.0000 0.1589
010340 0.0000 0.8411 0.0000 0.1589
010360 0.0000 0.8411 0.0000 0.1589
010380 0.0000 0.8411 0.0000 0.1589
010400 0.0000 0.8411 0.0000 0.1589
010420 0.0000 0.8411 0.0000 0.1589
010440 0.0000 0.8411 0.0000 0.1589
010460 0.0000 0.8411 0.0000 0.1589
010480 0.0000 0.8411 0.0000 0.1589
010500 0.0000 0.8411 0.0000 0.1589
010520 0.0000 0.8411 0.0000 0.1589
010540 0.0000 0.8411 0.0000 0.1589
010560 0.0000 0.8411 0.0000 0.1589
010580 0.0000 0.8411 0.0000 0.1589
010600 0.0000 0.8411 0.0000 0.1589
010620 0.0000 0.8411 0.0000 0.1589
010640 0.0000 0.8411 0.0000 0.1589
010660 0.0000 0.8411 0.0000 0.1589
010680 0.0000 0.8411 0.0000 0.1589
010700 0.0000 0.8411 0.0000 0.1589
010720 0.0000 0.8411 0.0000 0.1589
010740 0.0000 0.8411 0.0000 0.1589
010760 0.0000 0.8411 0.0000 0.1589
010780 0.0000 0.8411 0.0000 0.1589
010800 0.0000 0.8411 0.0000 0.1589
010820 0.0000 0.8411 0.0000 0.1589
010840 0.0000 0.8411 0.0000 0.1589
010860 0.0000 0.8411 0.0000 0.1589
010880 0.0000 0.8411 0.0000 0.1589
010900 0.0000 0.8411 0.0000 0.1589
010920 0.0000 0.8411 0.0000 0.1589
010940 0.0000 0.8411 0.0000 0.1589
010960 0.0000 0.8411 0.0000 0.1589
010980 0.0000 0.8411 0.0000 0.1589
011000 0.0000 0.8411 0.0000 0.1589
011020 0.0000 0.8411 0.0000 0.1589
011040 0.0000 0.8411 0.0000 0.1589
011060 0.0000 0.8411 0.0000 0.1589
011080 0.0000 0.8411 0.0000 0.1589
011100 0.0000 0.8411 0.0000 0.1589
011120 0.0000 0.8411 0.0000 0.1589
011140 0.0000 0.8411 0.0000 0.1589
011160 0.0000 0.8411 0.0000 0.1589
011180 0.0000 0.8411 0.0000 0.1589
011200 0.0000 0.8411 0.0000 0.1589
011220 0.0000 0.8411 0.0000 0.1589
011240 0.0000 0.8411 0.0000 0.1589
011260 0.0000 0.8411 0.0000 0.1589
011280 0.0000 0.8411 0.0000 0.1589
011300 0.0000 0.8411 0.0000 0.1589
011320 0.0000 0.8411 0.0000 0.1589
011340 0.0000 0.8411 0.0000 0.1589
011360 0.0000 0.8411 0.0000 0.1589
011380 0.0000 0.8411 0.0000 0.1589
011400 0.0000 0.8411 0.0000 0.1589
011420 0.0000 0.8411 0.0000 0.1589
011440 0.0000 0.8411 0.0000 0.1589
011460 0.0000 0.8411 0.0000 0.1589
011480 0.0000 0.8411 0.0000 0.1589
011500 0.0000 0.8411 0.0000 0.1589
011520 0.0000 0.8411 0.0000 0.1589
011540 0.0000 0.8411 0.0000 0.1589
011560 0.0000 0.8411 0.0000 0.1589
011580 0.0000 0.8411 0.0000 0.1589
011600 0.0000 0.8411 0.0000 0.1589
011620 0.0000 0.8411 0.0000 0.1589
011640 0.0000 0.8411 0.0000 0.1589
011660 0.0000 0.8411 0.0000 0.1589
011680 0.0000 0.8411 0.0000 0.1589
011700 0.0000 0.8411 0.0000 0.1589
011720 0.0000 0.8411 0.0000 0.1589
011740 0.0000 0.8411 0.0000 0.1589
011760 0.0000 0.8411 0.0000 0.1589
011780 0.0000 0.8411 0.0000 0.1589
011800 0.0000 0.8411 0.0000 0.1589
011820 0.0000 0.8411 0.0000 0.1589
011840 0.0000 0.8411 0.0000 0.1589
011860 0.0000 0.8411 0.0000 0.1589
011880 0.0000 0.8411 0.0000 0.1589
011900 0.0000 0.8411 0.0000 0.1589
011920 0.0000 0.8411 0.0000 0.1589
011940 0.0000 0.8411 0.0000 0.1589
011960 0.0000 0.8411 0.0000 0.1589
011980 0.0000 0.8411 0.0000 0.1589
012000 0.0000 0.8411 0.0000 0.1589
012020 0.0000 0.8411 0.0000 0.1589
012040 0.0000 0.8411 0.0000 0.1589
012060 0.0000 0.8411 0.0000 0.1589
012080 0.0000 0.8411 0.0000 0.1589
012100 0.0000 0.8411 0.0000 0.1589
012120 0.0000 0.8411 0.0000 0.1589
012140 0.0000 0.8411 0.0000 0.1589
012160 0.0000 0.8411 0.0000 0.1589
012180 0.0000 0.8411 0.0000 0.1589
012200 0.0000 0.8411 0.0000 0.1589
012220 0.0000 0.8411 0.0000 0.1589
012240 0.0000 0.8411 0.0000 0.1589
012260 0.0000 0.8411 0.0000 0.1589
012280 0.0000 0.8411 0.0000 0.1589
012300 0.0000 0.8411 0.0000 0.1589
012320 0.0000 0.8411 0.0000 0.1589
012340 0.0000 0.8411 0.0000 0.1589
012360 0.0000 0.8411 0.0000 0.1589
012380 0.0000 0.8411 0.0000 0.1589
012400 0.0000 0.8411 0.0000 0.1589
012420 0.0000 0.8411 0.0000 0.1589
012440 0.0000 0.8411 0.0000 0.1589
012460 0.0000 0.8411 0.0000 0.1589
012480 0.0000 0.8411 0.0000 0.1589
012500 0.0000 0.8411 0.0000 0.1589
012520 0.0000 0.8411 0.0000 0.1589
012540 0.0000 0.8411 0.0000 0.1589
012560 0.0000 0.8411 0.0000 0.1589
012580 0.0000 0.8411 0.0000 0.1589
012600 0.0000 0.8411 0.0000 0.1589
012620 0.0000 0.8411 0.0000 0.1589
012640 0.0000 0.8411 0.0000 0.1589
012660 0.0000 0.8411 0.0000 0.1589
012680 0.0000 0.8411 0.0000 0.1589
012700 0.0000 0.8411 0.0000 0.1589
012720 0.0000 0.8411 0.0000 0.1589
012740 0.0000 0.8411 0.0000 0.1589
012760 0.0000 0.8411 0.0000 0.1589
012780 0.0000 0.8411 0.0000 0.1589
012800 0.0000 0.8411 0.0000 0.1589
012820 0.0000 0.8411 0.0000 0.1589
012840 0.0000 0.8411 0.0000 0.1589
012860 0.0000 0.8411 0.0000 0.1589
012880 0.0000 0.8411 0.0000 0.1589
012900 0.0000 0.8411 0.0000 0.1589
012920 0.0000 0.8411 0.0000 0.1589
012940 0.0000 0.8411 0.0000 0.1589
012960 0.0000 0.8411 0.0000 0.1589
012980 0.0000 0.8411 0.0000 0.1589
013000 0.0000 0.8411 0.0000 0.1589
013020 0.0000 0.8411 0.0000 0.1589
013040 0.0000 0.8411 0.0000 0.1589
013060 0.0000 0.8411 0.0000 0.1589
013080 0.0000 0.8411 0.0000 0.1589
013100 0.0000 0.8411 0.0000 0.1589
013120 0.0000 0.8411 0.0000 0.1589
013140 0.0000 0.8411 0.0000 0.1589
013160 0.0000 0.8411 0.0000 0.1589
013180 0.0000 0.8411 0.0000 0.1589
013200 0.0000 0.8411 0.0000 0.1589
013220 0.0000 0.8411 0.0000 0.1589
013240 0.0000 0.8411 0.0000 0.1589
013260 0.0000 0.8411 0.0000 0.1589
013280 0.0000 0.8411 0.0000 0.1589
013300 0.0000 0.8411 0.0000 0.1589
013320 0.0000 0.8411 0.0000 0.1589
013340 0.0000 0.8411 0.0000 0.1589
013360 0.0000 0.8411 0.0000 0.1589
013380 0.0000 0.8411 0.0000 0.1589
013400 0.0000 0.8411 0.0000 0.1589
013420 0.0000 0.8411 0.0000 0.1589
013440 0.0000 0.8411 0.0000 0.1589
013460 0.0000 0.8411 0.0000 0.1589
013480 0.0000 0.8411 0.0000 0.1589
013500 0.0000 0.8411 0.0000 0.1589
013520 0.0000 0.8411 0.0000 0.1589
013540 0.0000 0.8411 0.0000 0.1589
013560 0.0000 0.8411 0.0000 0.1589
013580 0.0000 0.8411 0.0000 0.1589
013600 0.0000 0.8411 0.0000 0.1589
013620 0.0000 0.8411 0.0000 0.1589
013640 0.0000 0.8411 0.0000 0.1589
013660 0.0000 0.8411 0.0000 0.1589
013680 0.0000 0.8411 0.0000 0.1589
013700 0.0000 0.8411 0.0000 0.1589
013720 0.0000 0.8411 0.0000 0.1589
013740 0.0000 0.8411 0.0000 0.1589
013760 0.0000 0.8411 0.0000 0.1589
013780 0.0000 0.8411 0.0000 0.1589
013800 0.0000 0.8411 0.0000 0.1589
013820 0.0000 0.8411 0.0000 0.1589
013840 0.0000 0.8411 0.0000 0.1589
013860 0.0000 0.8411 0.0000 0.1589
013880 0.0000 0.8411 0.0000 0.1589
013900 0.0000 0.8411 0.0000 0.1589
013920 0.0000 0.8411 0.0000 0.1589
013940 0.0000 0.8411 0.0000 0.1589
013960 0.0000 0.8411 0.0000 0.1589
013980 0.0000 0.8411 0.0000 0.1589
014000 0.0000 0.8411 0.0000 0.1589
014020 0.0000 0.8411 0.0000 0.1589
014040 0.0000 0.8411 0.0000 0.1589
014060 0.0000 0.8411 0.0000 0.1589
014080 0.0000 0.8411 0.0000 0.1589
014100 0.0000 0.8411 0.0000 0.1589
014120 0.0000 0.8411 0.0000 0.1589
014140 0.0000 0.8411 0.0000 0.1589
014160 0.0000 0.8411 0.0000 0.1589
014180 0.0000 0.8411 0.0000 0.1589
014200 0.0000 0.8411 0.0000 0.1589
014220 0.0000 0.8411 0.0000 0.1589
014240 0.0000 0.8411 0.0000 0.1589
014260 0.0000 0.8411 0.0000 0.1589
014280 0.0000 0.8411 0.0000 0.1589
014300 0.0000 0.8411 0.0000 0.1589
014320 0.0000 0.8411 0.0000 0.1589
014340 0.0000 0.8411 0.0000 0.1589
014360 0.0000 0.8411 0.0000 0.1589
014380 0.0000 0.8411 0.0000 0.1589
014400 0.0000 0.8411 0.0000 0.1589
014420 0.0000 0.8411 0.0000 0.1589
014440 0.0000 0.8411 0.0000 0.1589
014460 0.0000 0.8411 0.0000 0.1589
014480 0.0000 0.8411 0.0000 0.1589
014500 0.0000 0.8411 0.0000 0.1589
014520 0.0000 0.8411 0.0000 0.1589
014540 0.0000 0.8411 0.0000 0.1589
014560 0.0000 0.8411 0.0000 0.1589
014580 0.0000 0.8411 0.0000 0.1589
014600 0.0000 0.8411 0.0000 0.1589
014620 0.0000 0.8411 0.0000 0.1589
014640 0.0000 0.8411 0.0000 0.1589
014660 0.0000 0.8411 0.0000 0.1589
014680 0.0000 0.8411 0.0000 0.1589
014700 0.0000 0.8411 0.0000 0.1589
014720 0.0000 0.8411 0.0000 0.1589
014740 0.0000 0.8411 0.0000 0.1589
014760 0.0000 0.8411 0.0000 0.1589
014780 0.0000 0.8411 0.0000 0.1589
014800 0.0000 0.8411 0.0000 0.1589
014820 0.0000 0.8411 0.0000 0.1589
014840 0.0000 0.8411 0.0000 0.1589
014860 0.0000 0.8411 0.0000 0.1589
014880 0.0000 0.8411 0.0000 0.1589
014900 0.0000 0.8411 0.0000 0.1589
014920 0.0000 0.8411 0.0000 0.1589
014940 0.0000 0.8411 0.0000 0.1589
014960 0.0000 0.8411 0.0000 0.1589
014980 0.0000 0.8411 0.0000 0.1589
015000 0.0000 0.8411 0.0000 0.1589
015020 0.0000 0.8411 0.0000 0.1589
015040 0.0000 0.8411 0.0000 0.1589
015060 0.0000 0.8411 0.0000 0.1589
015080 0.0000 0.8411 0.0000 0.1589
015100 0.0000 0.8411 0.0000 0.1589
015120 0.0000 0.8411 0.0000 0.1589
015140 0.0000 0.8411 0.0000 0.1589
015160 0.0000 0.8411 0.0000 0.1589
015180 0.0000 0.8411 0.0000 0.1589
015200 0.0000 0.8411 0.0000 0.1589
015220 0.0000 0.8411 0.0000 0.1589
015240 0.0000 0.8411 0.0000 0.1589
015260 0.0000 0.8411 0.0000 0.1589
015280 0.0000 0.8411 0.0000 0.1589
015300 0.0000 0.8411 0.0000 0.1589
015320 0.0000 0.8411 0.0000 0.1589
015340 0.0000 0.8411 0.0000 0.1589
015360 0.0000 0.8411 0.0000 0.1589
015380 0.0000 0.8411 0.0000 0.1589
015400 0.0000 0.8411 0.0000 0.1589
015420 0.0000 0.8411 0.0000 0.1589
015440 0.0000 0.8411 0.0000 0.1589
015460 0.0000 0.8411 0.0000 0.1589
015480 0.0000 0.8411 0.0000 0.1589
015500 0.0000 0.8411 0.0000 0.1589
015520 0.0000 0.8411 0.0000 0.1589
015540 0.0000 0.8411 0.0000 0.1589
015560 0.0000 0.8411 0.0000 0.1589
015580 0.0000 0.8411 0.0000 0.1589
015600 0.0000 0.8411 0.0000 0.1589
015620 0.0000 0.8411 0.0000 0.1589
015640 0.0000 0.8411 0.0000 0.1589
015660 0.0000 0.8411 0.0000 0.1589
015680 0.0000 0.8411 0.0000 0.1589
015700 0.0000 0.8411 0.0000 0.1589
015720 0.0000 0.8411 0.0000 0.1589
015740 0.0000 0.8411 0.0000 0.1589
015760 0.0000 0.8411 0.0000 0.1589
015780 0.0000 0.8411 0.0000 0.1589
015800 0.0000 0.8411 0.0000 0.1589
015820 0.0000 0.8411 0.0000 0.1589
015840 0.0000 0.8411 0.0000 0.1589
015860 0.0000 0.8411 0.0000 0.1589
015880 0.0000 0.8411 0.0000 0.1589
015900 0.0000 0.8411 0.0000 0.1589
015920 0.0000 0.8411 0.0000 0.1589
015940 0.0000 0.8411 0.0000 0.1589
015960 0.0000 0.8411 0.0000 0.1589
015980 0.0000 0.8411 0.0000 0.1589
016000 0.0000 0.8411 0.0000 0.1589
016020 0.0000 0.8411 0.0000 0.1589
016040 0.0000 0.8411 0.0000 0.1589
016060 0.0000 0.8411 0.0000 0.1589
016080 0.0000 0.8411 0.0000 0.1589
016100 0.0000 0.8411 0.0000 0.1589
016120 0.0000 0.8411 0.0000 0.1589
016140 0.0000 0.8411 0.0000 0.1589
016160 0.0000 0.8411 0.0000 0.1589
016180 0.0000 0.8411 0.0000 0.1589
016200 0.0000 0.8411 0.0000 0.1589
016220 0.0000 0.8411 0.0000 0.1589
016240 0.0000 0.8411 0.0000 0.1589
016260 0.0000 0.8411 0.0000 0.1589
016280 0.0000 0.8411 0.0000 0.1589
016300 0.0000 0.8411 0.0000 0.1589
016320 0.0000 0.8411 0.0000 0.1589
016340 0.0000 0.8411 0.0000 0.1589
016360 0.0000 0.8411 0.0000 0.1589
016380 0.0000 0.8411 0.0000 0.1589
016400 0.0000 0.8411 0.0000 0.1589
016420 0.0000 0.8411 0.0000 0.1589
016440 0.0000 0.8411 0.0000 0.1589
016460 0.0000 0.8411 0.0000 0.1589
016480 0.0000 0.8411 0.0000 0.1589
016500 0.0000 0.8411 0.0000 0.1589
016520 0.0000 0.8411 0.0000 0.1589
016540 0.0000 0.8411 0.0000 0.1589
016560 0.0000 0.8411 0.0000 0.1589
016580 0.0000 0.8411 0.0000 0.1589
016600 0.0000 0.8411 0.0000 0.1589
016620 0.0000 0.8411 0.0000 0.1589
016640 0.0000 0.8411 0.0000 0.1589
016660 0.0000 0.8411 0.0000 0.1589
016680 0.0000 0.8411 0.0000 0.1589
016700 0.0000 0.8411 0.0000 0.1589
016720 0.0000 0.8411 0.0000 0.1589
016740 0.0000 0.8411 0.0000 0.1589
016760 0.0000 0.8411 0.0000 0.1589
016780 0.0000 0.8411 0.0000 0.1589
016800 0.0000 0.8411 0.0000 0.1589
016820 0.0000 0.8411 0.0000 0.1589
016840 0.0000 0.8411 0.0000 0.1589
016860 0.0000 0.8411 0.0000 0.1589
016880 0.0000 0.8411 0.0000 0.1589
016900 0.0000 0.8411 0.0000 0.1589
016920 0.0000 0.8411 0.0000 0.1589
016940 0.0000 0.8411 0.0000 0.1589
016960 0.0000 0.8411 0.0000 0.1589
016980 0.0000 0.8411 0.0000 0.1589
017000 0.0000 0.8411 0.0000 0.1589
017020 0.0000 0.8411 0.0000 0.1589
017040 0.0000 0.8411 0.0000 0.1589
017060 0.0000 0.8411 0.0000 0.1589
017080 0.0000 0.8411 0.0000 0.1589
017100 0.0000 0.8411 0.0000 0.1589
017120 0.0000 0.8411 0.0000 0.1589
017140 0.0000 0.8411 0.0000 0.1589
017160 0.0000 0.8411 0.0000 0.1589
017180 0.0000 0.8411 0.0000 0.1589
017200 0.0000 0.8411 0.0000 0.1589
017220 0.0000 0.8411 0.0000 0.1589
017240 0.0000 0.8411 0.0000 0.1589
017260 0.0000 0.8411 0.0000 0.1589
017280 0.0000 0.8411 0.0000 0.1589
017300 0.0000 0.8411 0.0000 0.1589
017320 0.0000 0.8411 0.0000 0.1589
017340 0.0000 0.8411 0.0000 0.1589
017360 0.0000 0.8411 0.0000 0.1589
017380 0.0000 0.8411 0.0000 0.1589
017400 0.0000 0.8411 0.0000 0.1589
017420 0.0000 0.8411 0.0000 0.1589
017440 0.0000 0.8411 0.0000 0.1589
017460 0.0000 0.8411 0.0000 0.1589
017480 0.0000 0.8411 0.0000 0.1589
017500 0.0000 0.8411 0.0000 0.1589
017520 0.0000 0.8411 0.0000 0.1589
017540 0.0000 0.8411 0.0000 0.1589
017560 0.0000 0.8411 0.0000 0.1589
017580 0.0000 0.8411 0.0000 0.1589
017600 0.0000 0.8411 0.0000 0.1589
017620 0.0000 0.8411 0.0000 0.1589
017640 0.0000 0.8411 0.0000 0.1589
017660 0.0000 0.8411 0.0000 0.1589
017680 0.0000 0.8411 0.0000 0.1589
017700 0.0000 0.8411 0.0000 0.1589
017720 0.0000 0.8411 0.0000 0.1589
017740 0.0000 0.8411 0.0000 0.1589
017760 0.0000 0.8411 0.0000 0.1589
017780 0.0000 0.8411 0.0000 0.1589
017800 0.0000 0.8411 0.0000 0.1589
017820 0.0000 0.8411 0.0000 0.1589
017840 0.0000 0.8411 0.0000 0.1589
017860 0.0000 0.8411 0.0000 0.1589
017880 0.0000 0.8411 0.0000 0.1589
017900 0.0000 0.8411 0.0000 0.1589
017920 0.0000 0.8411 0.0000 0.1589
017940 0.0000 0.8411 0.0000 0.1589
017960 0.0000 0.8411 0.0000 0.1589
017980 0.0000 0.8411 0.0000 0.1589
018000 0.0000 0.8411 0.0000 0.1589
018020 0.0000 0.8411 0.0000 0.1589
018040 0.0000 0.8411 0.0000 0.1589
018060 0.0000 0.8411 0.0000 0.1589
018080 0.0000 0.8411 0.0000 0.1589
018100 0.0000 0.8411 0.0000 0.1589
018120 0.0000 0.8411 0.0000 0.1589
018140 0.0000 0.8411 0.0000 0.1589
018160 0.0000 0.8411 0.0000 0.1589
018180 0.0000 0.8411 0.0000 0.1589
018200 0.0000 0.8411 0.0000 0.1589
018220 0.0000 0.8411 0.0000 0.1589
018240 0.0000 0.8411 0.0000 0.1589
018260 0.0000 0.8411 0.0000 0.1589
018280 0.0000 0.8411 0.0000 0.1589
018300 0.0000 0.8411 0.0000 0.1589
018320 0.0000 0.8411 0.0000 0.1589
018340 0.0000 0.8411 0.0000 0.1589
018360 0.0000 0.8411 0.0000 0.1589
018380 0.0000 0.8411 0.0000 0.1589
018400 0.0000 0.8411 0.0000 0.1589
018420 0.0000 0.8411 0.0000 0.1589
018440 0.0000 0.8411 0.0000 0.1589
018460 0.0000 0.8411 0.0000 0.1589
018480 0.0000 0.8411 0.0000 0.1589
018500 0.0000 0.8411 0.0000 0.1589
018520 0.0000 0.8411 0.0000 0.1589
018540 0.0000 0.8411 0.0000 0.1589
018560 0.0000 0.8411 0.0000 0.1589
018580 0.0000 0.8411 0.0000 0.1589
018600 0.0000 0.8411 0.0000 0.1589
018620 0.0000 0.8411 0.0000 0.1589
018640 0.0000 0.8411 0.0000 0.1589
018660 0.0000 0.8411 0.0000 0.1589
018680 0.0000 0.8411 0.0000 0.1589
018700 0.0000 0.8411 0.0000 0.1589
018720 0.0000 0.8411 0.0000 0.1589
018740 0.0000 0.8411 0.0000 0.1589
018760 0.0000 0.8411 0.0000 0.1589
018780 0.0000 0.8411 0.0000 0.1589
018800 0.0000 0.8411 0.0000 0.1589
018820 0.0000 0.8411 0.0000 0.1589
018840 0.0000 0.8411 0.0000 0.1589
018860 0.0000 0.8411 0.0000 0.1589
018880 0.0000 0.8411 0.0000 0.1589
018900 0.0000 0.8411 0.0000 0.1589
018920 0.0000 0.8411 0.0000 0.1589
018940 0.0000 0.8411 0.0000 0.1589
018960 0.0000 0.8411 0.0000 0.1589
018980 0.0000 0.8411 0.0000 0.1589
019000 0.0000 0.8411 0.0000 0.1589
019020 0.0000 0.8411 0.0000 0.1589
019040 0.0000 0.8411 0.0000 0.1589
019060 0.0000 0.8411 0.0000 0.1589
019080 0.0000 0.8411 0.0000 0.1589
019100 0.0000 0.8411 0.0000 0.1589
019120 0.0000 0.8411 0.0000 0.1589
019140 0.0000 0.8411 0.0000 0.1589
019160 0.0000 0.8411 0.0000 0.1589
019180 0.0000 0.8411 0.0000 0.1589
019200 0.0000 0.8411 0.0000 0.1589
019220 0.0000 0.8411 0.0000 0.1589
019240 0.0000 0.8411 0.0000 0.1589
019260 0.0000 0.8411 0.0000 0.1589
019280 0.0000 0.8411 0.0000 0.1589
019300 0.0000 0.8411 0.0000 0.1589
019320 0.0000 0.8411 0.0000 0.1589
019340 0.0000 0.8411 0.0000 0.1589
019360 0.0000 0.8411 0.0000 0.1589
019380 0.0000 0.8411 0.0000 0.1589
019400 0.0000 0.8411 0.0000 0.1589
019420 0.0000 0.8411 0.0000 0.1589
019440 0.0000 0.8411 0.0000 0.1589
019460 0.0000 0.8411 0.0000 0.1589
019480 0.0000 0.8411 0.0000 0.1589
019500 0.0000 0.8411 0.0000 0.1589
019520 0.0000 0.8411 0.0000 0.1589
019540 0.0000 0.8411 0.0000 0.1589
019560 0.0000 0.8411 0.0000 0.1589
019580 0.0000 0.8411 0.0000 0.1589
019600 0.0000 0.8411 0.0000 0.1589
019620 0.0000 0.8411 0.0000 0.1589
019640 0.0000 0.8411 0.0000 0.1589
019660 0.0000 0.8411 0.0000 0.1589
019680 0.0000 0.8411 0.0000 0.1589
019700 0.0000 0.8411 0.0000 0.1589
019720 0.0000 0.8411 0.0000 0.1589
019740 0.0000 0.8411 0.0000 0.1589
019760 0.0000 0.8411 0.0000 0.1589
019780 0.0000 0.8411 0.0000 0.1589
019800 0.0000 0.8411 0.0000 0.1589
019820 0.0000 0.8411 0.0000 0.1589
019840 0.0000 0.8411 0.0000 0.1589
019860 0.0000 0.8411 0.0000 0.1589
019880 0.0000 0.8411 0.0000 0.1589
019900 0.0000 0.8411 0.0000 0.1589
019920 0.0000 0.8411 0.0000 0.1589
019940 0.0000 0.8411 0.0000 0.1589
019960 0.0000 0.8411 0.0000 0.1589
019980 0.0000 0.8411 0.0000 0.1589
020000 0.0000 0.8411 0.0000 0.1589
