000000 0.2503 0.2497 0.2511 0.2489
000020 0.5384 0.3349 0.0214 0.1052
000040 0.6398 0.2725 0.0068 0.0809
000060 0.7166 0.2125 0.0024 0.0684
000080 0.7656 0.1736 0.0009 0.0599
000100 0.8036 0.1444 0.0003 0.0516
000120 0.8314 0.1221 0.0001 0.0463
000140 0.8524 0.1043 0.0000 0.0433
000160 0.8701 0.0881 0.0000 0.0417
000180 0.8821 0.0782 0.0000 0.0397
000200 0.8943 0.0678 0.0000 0.0379
000220 0.9028 0.0605 0.0000 0.0366
000240 0.9121 0.0511 0.0000 0.0368
000260 0.9166 0.0464 0.0000 0.0370
000280 0.9199 0.0413 0.0000 0.0388
000300 0.9230 0.0369 0.0000 0.0401
000320 0.9231 0.0337 0.0000 0.0432
000340 0.9240 0.0303 0.0000 0.0456
000360 0.9233 0.0277 0.0000 0.0490
000380 0.9200 0.0260 0.0000 0.0540
000400 0.9170 0.0245 0.0000 0.0585
000420 0.9151 0.0222 0.0000 0.0627
000440 0.9112 0.0210 0.0000 0.0679
000460 0.9076 0.0197 0.0000 0.0728
000480 0.9032 0.0186 0.0000 0.0783
000500 0.8985 0.0180 0.0000 0.0834
000520 0.8932 0.0176 0.0000 0.0892
000540 0.8861 0.0186 0.0000 0.0953
000560 0.8799 0.0193 0.0000 0.1008
000580 0.8740 0.0201 0.0000 0.1059
000600 0.8682 0.0207 0.0000 0.1110
000620 0.8613 0.0204 0.0000 0.1183
000640 0.8539 0.0209 0.0000 0.1252
000660 0.8469 0.0205 0.0000 0.1326
000680 0.8386 0.0214 0.0000 0.1400
000700 0.8318 0.0219 0.0000 0.1463
000720 0.8252 0.0225 0.0000 0.1523
000740 0.8180 0.0235 0.0000 0.1585
000760 0.8116 0.0238 0.0000 0.1647
000780 0.8027 0.0241 0.0000 0.1732
000800 0.7948 0.0245 0.0000 0.1808
000820 0.7867 0.0244 0.0000 0.1889
000840 0.7796 0.0247 0.0000 0.1957
000860 0.7710 0.0242 0.0000 0.2048
000880 0.7633 0.0248 0.0000 0.2119
000900 0.7545 0.0260 0.0000 0.2195
000920 0.7450 0.0279 0.0000 0.2271
000940 0.7377 0.0289 0.0000 0.2334
000960 0.7304 0.0304 0.0000 0.2392
000980 0.7238 0.0314 0.0000 0.2448
001000 0.7154 0.0334 0.0000 0.2511
001020 0.7085 0.0362 0.0000 0.2554
001040 0.7020 0.0386 0.0000 0.2594
001060 0.6950 0.0424 0.0000 0.2626
001080 0.6887 0.0472 0.0000 0.2642
001100 0.6832 0.0515 0.0000 0.2654
001120 0.6784 0.0544 0.0000 0.2672
001140 0.6766 0.0548 0.0000 0.2685
001160 0.6749 0.0561 0.0000 0.2690
001180 0.6702 0.0578 0.0000 0.2720
001200 0.6683 0.0597 0.0000 0.2720
001220 0.6682 0.0606 0.0000 0.2712
001240 0.6655 0.0645 0.0000 0.2700
001260 0.6643 0.0673 0.0000 0.2683
001280 0.6637 0.0702 0.0000 0.2662
001300 0.6651 0.0719 0.0000 0.2630
001320 0.6680 0.0747 0.0000 0.2573
001340 0.6709 0.0771 0.0000 0.2519
001360 0.6715 0.0780 0.0000 0.2505
001380 0.6760 0.0779 0.0000 0.2461
001400 0.6822 0.0773 0.0000 0.2405
001420 0.6872 0.0773 0.0000 0.2355
001440 0.6917 0.0775 0.0000 0.2308
001460 0.6960 0.0790 0.0000 0.2250
001480 0.6979 0.0824 0.0000 0.2197
001500 0.7021 0.0871 0.0000 0.2108
001520 0.7067 0.0915 0.0000 0.2018
001540 0.7115 0.0954 0.0000 0.1931
001560 0.7173 0.0983 0.0000 0.1844
001580 0.7233 0.0986 0.0000 0.1781
001600 0.7294 0.0998 0.0000 0.1707
001620 0.7362 0.0992 0.0000 0.1646
001640 0.7445 0.0958 0.0000 0.1597
001660 0.7510 0.0920 0.0000 0.1570
001680 0.7581 0.0876 0.0000 0.1542
001700 0.7647 0.0829 0.0000 0.1524
001720 0.7710 0.0765 0.0000 0.1525
001740 0.7775 0.0712 0.0000 0.1513
001760 0.7807 0.0666 0.0000 0.1527
001780 0.7838 0.0626 0.0000 0.1536
001800 0.7850 0.0600 0.0000 0.1550
001820 0.7860 0.0581 0.0000 0.1560
001840 0.7866 0.0563 0.0000 0.1571
001860 0.7886 0.0536 0.0000 0.1578
001880 0.7892 0.0509 0.0000 0.1599
001900 0.7895 0.0473 0.0000 0.1633
001920 0.7879 0.0465 0.0000 0.1656
001940 0.7880 0.0442 0.0000 0.1678
001960 0.7864 0.0423 0.0000 0.1713
001980 0.7842 0.0414 0.0000 0.1744
002000 0.7820 0.0401 0.0000 0.1779
002020 0.7800 0.0389 0.0000 0.1811
002040 0.7766 0.0382 0.0000 0.1852
002060 0.7743 0.0378 0.0000 0.1879
002080 0.7701 0.0385 0.0000 0.1914
002100 0.7670 0.0394 0.0000 0.1936
002120 0.7644 0.0399 0.0000 0.1957
002140 0.7610 0.0417 0.0000 0.1973
002160 0.7573 0.0446 0.0000 0.1981
002180 0.7533 0.0479 0.0000 0.1988
002200 0.7502 0.0524 0.0000 0.1974
002220 0.7476 0.0556 0.0000 0.1968
002240 0.7454 0.0588 0.0000 0.1958
002260 0.7432 0.0616 0.0000 0.1953
002280 0.7426 0.0634 0.0000 0.1940
002300 0.7421 0.0641 0.0000 0.1939
002320 0.7407 0.0646 0.0000 0.1948
002340 0.7404 0.0646 0.0000 0.1949
002360 0.7431 0.0648 0.0000 0.1921
002380 0.7429 0.0657 0.0000 0.1915
002400 0.7444 0.0655 0.0000 0.1902
002420 0.7441 0.0666 0.0000 0.1893
002440 0.7453 0.0668 0.0000 0.1879
002460 0.7456 0.0673 0.0000 0.1871
002480 0.7479 0.0674 0.0000 0.1847
002500 0.7498 0.0685 0.0000 0.1817
002520 0.7522 0.0704 0.0000 0.1774
002540 0.7545 0.0715 0.0000 0.1740
002560 0.7560 0.0742 0.0000 0.1698
002580 0.7585 0.0761 0.0000 0.1654
002600 0.7636 0.0740 0.0000 0.1624
002620 0.7683 0.0741 0.0000 0.1576
002640 0.7725 0.0732 0.0000 0.1544
002660 0.7754 0.0715 0.0000 0.1532
002680 0.7784 0.0698 0.0000 0.1518
002700 0.7827 0.0668 0.0000 0.1505
002720 0.7852 0.0650 0.0000 0.1498
002740 0.7879 0.0633 0.0000 0.1488
002760 0.7883 0.0626 0.0000 0.1491
002780 0.7895 0.0605 0.0000 0.1500
002800 0.7911 0.0580 0.0000 0.1509
002820 0.7924 0.0546 0.0000 0.1530
002840 0.7932 0.0526 0.0000 0.1542
002860 0.7933 0.0501 0.0000 0.1566
002880 0.7928 0.0484 0.0000 0.1588
002900 0.7923 0.0484 0.0000 0.1593
002920 0.7921 0.0479 0.0000 0.1600
002940 0.7909 0.0477 0.0000 0.1614
002960 0.7885 0.0478 0.0000 0.1637
002980 0.7859 0.0475 0.0000 0.1665
003000 0.7841 0.0475 0.0000 0.1685
003020 0.7835 0.0463 0.0000 0.1701
003040 0.7826 0.0471 0.0000 0.1703
003060 0.7815 0.0467 0.0000 0.1718
003080 0.7801 0.0474 0.0000 0.1725
003100 0.7777 0.0476 0.0000 0.1747
003120 0.7759 0.0488 0.0000 0.1753
003140 0.7734 0.0514 0.0000 0.1752
003160 0.7703 0.0555 0.0000 0.1742
003180 0.7686 0.0583 0.0000 0.1732
003200 0.7687 0.0594 0.0000 0.1719
003220 0.7690 0.0592 0.0000 0.1719
003240 0.7705 0.0577 0.0000 0.1718
003260 0.7692 0.0574 0.0000 0.1733
003280 0.7694 0.0573 0.0000 0.1733
003300 0.7689 0.0595 0.0000 0.1716
003320 0.7694 0.0592 0.0000 0.1714
003340 0.7689 0.0589 0.0000 0.1722
003360 0.7707 0.0574 0.0000 0.1720
003380 0.7703 0.0572 0.0000 0.1725
003400 0.7689 0.0583 0.0000 0.1728
003420 0.7693 0.0566 0.0000 0.1741
003440 0.7698 0.0570 0.0000 0.1732
003460 0.7697 0.0568 0.0000 0.1735
003480 0.7698 0.0562 0.0000 0.1740
003500 0.7694 0.0560 0.0000 0.1746
003520 0.7698 0.0551 0.0000 0.1750
003540 0.7691 0.0566 0.0000 0.1743
003560 0.7702 0.0565 0.0000 0.1732
003580 0.7719 0.0554 0.0000 0.1727
003600 0.7747 0.0516 0.0000 0.1736
003620 0.7746 0.0508 0.0000 0.1746
003640 0.7742 0.0490 0.0000 0.1768
003660 0.7745 0.0470 0.0000 0.1785
003680 0.7734 0.0465 0.0000 0.1801
003700 0.7729 0.0446 0.0000 0.1825
003720 0.7722 0.0428 0.0000 0.1849
003740 0.7708 0.0430 0.0000 0.1862
003760 0.7689 0.0435 0.0000 0.1876
003780 0.7670 0.0450 0.0000 0.1879
003800 0.7668 0.0447 0.0000 0.1885
003820 0.7642 0.0455 0.0000 0.1902
003840 0.7623 0.0462 0.0000 0.1915
003860 0.7606 0.0474 0.0000 0.1920
003880 0.7581 0.0492 0.0000 0.1927
003900 0.7560 0.0500 0.0000 0.1940
003920 0.7544 0.0493 0.0000 0.1962
003940 0.7542 0.0492 0.0000 0.1966
003960 0.7541 0.0488 0.0000 0.1971
003980 0.7535 0.0482 0.0000 0.1984
004000 0.7504 0.0491 0.0000 0.2005
004020 0.7470 0.0498 0.0000 0.2033
004040 0.7465 0.0490 0.0000 0.2045
004060 0.7457 0.0484 0.0000 0.2059
004080 0.7442 0.0490 0.0000 0.2068
004100 0.7422 0.0503 0.0000 0.2075
004120 0.7398 0.0526 0.0000 0.2075
004140 0.7384 0.0555 0.0000 0.2061
004160 0.7392 0.0580 0.0000 0.2028
004180 0.7384 0.0602 0.0000 0.2014
004200 0.7369 0.0651 0.0000 0.1980
004220 0.7379 0.0687 0.0000 0.1933
004240 0.7397 0.0735 0.0000 0.1867
004260 0.7409 0.0783 0.0000 0.1808
004280 0.7444 0.0812 0.0000 0.1744
004300 0.7479 0.0842 0.0000 0.1679
004320 0.7529 0.0857 0.0000 0.1614
004340 0.7583 0.0855 0.0000 0.1562
004360 0.7630 0.0840 0.0000 0.1530
004380 0.7696 0.0812 0.0000 0.1492
004400 0.7744 0.0789 0.0000 0.1467
004420 0.7801 0.0761 0.0000 0.1438
004440 0.7844 0.0728 0.0000 0.1428
004460 0.7894 0.0701 0.0000 0.1405
004480 0.7939 0.0672 0.0000 0.1389
004500 0.7975 0.0642 0.0000 0.1383
004520 0.7994 0.0632 0.0000 0.1374
004540 0.8009 0.0616 0.0000 0.1375
004560 0.8034 0.0593 0.0000 0.1373
004580 0.8052 0.0561 0.0000 0.1387
004600 0.8066 0.0528 0.0000 0.1406
004620 0.8077 0.0496 0.0000 0.1427
004640 0.8100 0.0448 0.0000 0.1452
004660 0.8115 0.0403 0.0000 0.1483
004680 0.8093 0.0394 0.0000 0.1513
004700 0.8077 0.0380 0.0000 0.1543
004720 0.8064 0.0368 0.0000 0.1568
004740 0.8034 0.0365 0.0000 0.1601
004760 0.8010 0.0348 0.0000 0.1642
004780 0.7972 0.0351 0.0000 0.1678
004800 0.7954 0.0341 0.0000 0.1705
004820 0.7916 0.0345 0.0000 0.1738
004840 0.7889 0.0355 0.0000 0.1756
004860 0.7842 0.0376 0.0000 0.1781
004880 0.7812 0.0387 0.0000 0.1801
004900 0.7784 0.0407 0.0000 0.1809
004920 0.7769 0.0416 0.0000 0.1815
004940 0.7746 0.0423 0.0000 0.1831
004960 0.7724 0.0431 0.0000 0.1844
004980 0.7714 0.0432 0.0000 0.1854
005000 0.7674 0.0445 0.0000 0.1880
005020 0.7632 0.0468 0.0000 0.1899
005040 0.7604 0.0504 0.0000 0.1892
005060 0.7593 0.0525 0.0000 0.1882
005080 0.7583 0.0553 0.0000 0.1864
005100 0.7570 0.0578 0.0000 0.1851
005120 0.7587 0.0592 0.0000 0.1820
005140 0.7595 0.0606 0.0000 0.1799
005160 0.7603 0.0625 0.0000 0.1772
005180 0.7607 0.0648 0.0000 0.1745
005200 0.7620 0.0663 0.0000 0.1717
005220 0.7631 0.0669 0.0000 0.1700
005240 0.7646 0.0674 0.0000 0.1680
005260 0.7671 0.0656 0.0000 0.1672
005280 0.7698 0.0636 0.0000 0.1666
005300 0.7723 0.0613 0.0000 0.1664
005320 0.7757 0.0591 0.0000 0.1651
005340 0.7770 0.0583 0.0000 0.1647
005360 0.7781 0.0576 0.0000 0.1643
005380 0.7799 0.0568 0.0000 0.1633
005400 0.7815 0.0563 0.0000 0.1621
005420 0.7835 0.0548 0.0000 0.1617
005440 0.7842 0.0535 0.0000 0.1623
005460 0.7840 0.0531 0.0000 0.1629
005480 0.7840 0.0514 0.0000 0.1646
005500 0.7837 0.0495 0.0000 0.1668
005520 0.7841 0.0471 0.0000 0.1689
005540 0.7830 0.0477 0.0000 0.1693
005560 0.7817 0.0480 0.0000 0.1703
005580 0.7812 0.0475 0.0000 0.1713
005600 0.7803 0.0470 0.0000 0.1727
005620 0.7804 0.0471 0.0000 0.1725
005640 0.7773 0.0495 0.0000 0.1732
005660 0.7754 0.0504 0.0000 0.1742
005680 0.7756 0.0502 0.0000 0.1741
005700 0.7753 0.0490 0.0000 0.1758
005720 0.7731 0.0485 0.0000 0.1784
005740 0.7714 0.0479 0.0000 0.1806
005760 0.7718 0.0455 0.0000 0.1826
005780 0.7717 0.0444 0.0000 0.1840
005800 0.7706 0.0418 0.0000 0.1877
005820 0.7674 0.0415 0.0000 0.1911
005840 0.7668 0.0394 0.0000 0.1938
005860 0.7643 0.0396 0.0000 0.1961
005880 0.7619 0.0394 0.0000 0.1987
005900 0.7591 0.0416 0.0000 0.1993
005920 0.7582 0.0424 0.0000 0.1994
005940 0.7573 0.0443 0.0000 0.1984
005960 0.7540 0.0472 0.0000 0.1988
005980 0.7533 0.0479 0.0000 0.1988
006000 0.7529 0.0483 0.0000 0.1988
006020 0.7515 0.0501 0.0000 0.1985
006040 0.7488 0.0530 0.0000 0.1982
006060 0.7477 0.0560 0.0000 0.1963
006080 0.7463 0.0592 0.0000 0.1945
006100 0.7448 0.0642 0.0000 0.1909
006120 0.7439 0.0701 0.0000 0.1860
006140 0.7431 0.0767 0.0000 0.1802
006160 0.7458 0.0806 0.0000 0.1736
006180 0.7490 0.0838 0.0000 0.1672
006200 0.7531 0.0858 0.0000 0.1611
006220 0.7597 0.0857 0.0000 0.1547
006240 0.7650 0.0856 0.0000 0.1494
006260 0.7697 0.0863 0.0000 0.1439
006280 0.7739 0.0860 0.0000 0.1401
006300 0.7786 0.0835 0.0000 0.1379
006320 0.7830 0.0820 0.0000 0.1350
006340 0.7891 0.0780 0.0000 0.1329
006360 0.7946 0.0743 0.0000 0.1311
006380 0.7996 0.0702 0.0000 0.1302
006400 0.8022 0.0668 0.0000 0.1309
006420 0.8056 0.0632 0.0000 0.1313
006440 0.8072 0.0604 0.0000 0.1324
006460 0.8100 0.0581 0.0000 0.1319
006480 0.8130 0.0550 0.0000 0.1320
006500 0.8147 0.0551 0.0000 0.1302
006520 0.8161 0.0538 0.0000 0.1301
006540 0.8168 0.0523 0.0000 0.1309
006560 0.8181 0.0503 0.0000 0.1316
006580 0.8182 0.0478 0.0000 0.1340
006600 0.8195 0.0446 0.0000 0.1360
006620 0.8190 0.0417 0.0000 0.1393
006640 0.8192 0.0395 0.0000 0.1413
006660 0.8183 0.0387 0.0000 0.1430
006680 0.8183 0.0374 0.0000 0.1444
006700 0.8163 0.0378 0.0000 0.1458
006720 0.8149 0.0385 0.0000 0.1465
006740 0.8149 0.0378 0.0000 0.1473
006760 0.8126 0.0385 0.0000 0.1489
006780 0.8096 0.0396 0.0000 0.1508
006800 0.8073 0.0406 0.0000 0.1521
006820 0.8043 0.0417 0.0000 0.1540
006840 0.8033 0.0420 0.0000 0.1546
006860 0.8022 0.0419 0.0000 0.1559
006880 0.8032 0.0398 0.0000 0.1570
006900 0.8027 0.0386 0.0000 0.1587
006920 0.8013 0.0385 0.0000 0.1602
006940 0.8008 0.0380 0.0000 0.1611
006960 0.7997 0.0373 0.0000 0.1630
006980 0.7975 0.0368 0.0000 0.1657
007000 0.7966 0.0362 0.0000 0.1672
007020 0.7954 0.0357 0.0000 0.1689
007040 0.7924 0.0365 0.0000 0.1712
007060 0.7899 0.0374 0.0000 0.1726
007080 0.7870 0.0393 0.0000 0.1737
007100 0.7854 0.0406 0.0000 0.1740
007120 0.7826 0.0423 0.0000 0.1751
007140 0.7822 0.0429 0.0000 0.1749
007160 0.7805 0.0446 0.0000 0.1749
007180 0.7785 0.0485 0.0000 0.1730
007200 0.7763 0.0519 0.0000 0.1718
007220 0.7755 0.0536 0.0000 0.1709
007240 0.7751 0.0545 0.0000 0.1704
007260 0.7723 0.0560 0.0000 0.1718
007280 0.7709 0.0565 0.0000 0.1726
007300 0.7700 0.0575 0.0000 0.1725
007320 0.7690 0.0589 0.0000 0.1721
007340 0.7683 0.0590 0.0000 0.1727
007360 0.7691 0.0595 0.0000 0.1714
007380 0.7689 0.0614 0.0000 0.1697
007400 0.7690 0.0629 0.0000 0.1680
007420 0.7700 0.0639 0.0000 0.1662
007440 0.7714 0.0644 0.0000 0.1642
007460 0.7737 0.0630 0.0000 0.1633
007480 0.7751 0.0628 0.0000 0.1621
007500 0.7773 0.0622 0.0000 0.1606
007520 0.7773 0.0617 0.0000 0.1610
007540 0.7784 0.0610 0.0000 0.1605
007560 0.7803 0.0585 0.0000 0.1612
007580 0.7835 0.0561 0.0000 0.1605
007600 0.7843 0.0555 0.0000 0.1601
007620 0.7837 0.0548 0.0000 0.1615
007640 0.7838 0.0549 0.0000 0.1613
007660 0.7836 0.0549 0.0000 0.1615
007680 0.7818 0.0542 0.0000 0.1640
007700 0.7808 0.0528 0.0000 0.1664
007720 0.7809 0.0500 0.0000 0.1692
007740 0.7809 0.0469 0.0000 0.1723
007760 0.7790 0.0467 0.0000 0.1742
007780 0.7799 0.0463 0.0000 0.1737
007800 0.7811 0.0456 0.0000 0.1733
007820 0.7792 0.0460 0.0000 0.1749
007840 0.7778 0.0470 0.0000 0.1753
007860 0.7759 0.0479 0.0000 0.1762
007880 0.7753 0.0484 0.0000 0.1764
007900 0.7747 0.0499 0.0000 0.1754
007920 0.7719 0.0523 0.0000 0.1758
007940 0.7702 0.0528 0.0000 0.1770
007960 0.7676 0.0543 0.0000 0.1781
007980 0.7679 0.0544 0.0000 0.1777
008000 0.7663 0.0548 0.0000 0.1789
008020 0.7661 0.0547 0.0000 0.1792
008040 0.7651 0.0547 0.0000 0.1802
008060 0.7646 0.0554 0.0000 0.1800
008080 0.7612 0.0578 0.0000 0.1810
008100 0.7611 0.0589 0.0000 0.1800
008120 0.7594 0.0599 0.0000 0.1808
008140 0.7599 0.0596 0.0000 0.1806
008160 0.7606 0.0586 0.0000 0.1808
008180 0.7605 0.0583 0.0000 0.1812
008200 0.7604 0.0570 0.0000 0.1826
008220 0.7604 0.0577 0.0000 0.1819
008240 0.7615 0.0569 0.0000 0.1815
008260 0.7609 0.0562 0.0000 0.1829
008280 0.7586 0.0564 0.0000 0.1850
008300 0.7591 0.0559 0.0000 0.1850
008320 0.7580 0.0551 0.0000 0.1869
008340 0.7578 0.0538 0.0000 0.1883
008360 0.7588 0.0512 0.0000 0.1900
008380 0.7581 0.0504 0.0000 0.1915
008400 0.7574 0.0498 0.0000 0.1928
008420 0.7580 0.0493 0.0000 0.1927
008440 0.7554 0.0522 0.0000 0.1924
008460 0.7537 0.0556 0.0000 0.1907
008480 0.7531 0.0588 0.0000 0.1882
008500 0.7540 0.0614 0.0000 0.1846
008520 0.7543 0.0632 0.0000 0.1825
008540 0.7560 0.0654 0.0000 0.1787
008560 0.7566 0.0680 0.0000 0.1754
008580 0.7581 0.0701 0.0000 0.1717
008600 0.7591 0.0747 0.0000 0.1662
008620 0.7622 0.0771 0.0000 0.1608
008640 0.7664 0.0779 0.0000 0.1557
008660 0.7702 0.0790 0.0000 0.1507
008680 0.7746 0.0786 0.0000 0.1468
008700 0.7792 0.0769 0.0000 0.1438
008720 0.7841 0.0765 0.0000 0.1394
008740 0.7883 0.0762 0.0000 0.1354
008760 0.7944 0.0750 0.0000 0.1305
008780 0.7970 0.0755 0.0000 0.1275
008800 0.8010 0.0731 0.0000 0.1259
008820 0.8039 0.0703 0.0000 0.1258
008840 0.8075 0.0659 0.0000 0.1265
008860 0.8093 0.0618 0.0000 0.1289
008880 0.8108 0.0592 0.0000 0.1299
008900 0.8135 0.0554 0.0000 0.1311
008920 0.8138 0.0546 0.0000 0.1316
008940 0.8145 0.0533 0.0000 0.1321
008960 0.8131 0.0527 0.0000 0.1343
008980 0.8130 0.0522 0.0000 0.1348
009000 0.8136 0.0505 0.0000 0.1360
009020 0.8135 0.0474 0.0000 0.1391
009040 0.8114 0.0479 0.0000 0.1407
009060 0.8087 0.0486 0.0000 0.1427
009080 0.8073 0.0472 0.0000 0.1454
009100 0.8075 0.0444 0.0000 0.1480
009120 0.8050 0.0426 0.0000 0.1524
009140 0.8035 0.0419 0.0000 0.1546
009160 0.8022 0.0398 0.0000 0.1581
009180 0.7987 0.0401 0.0000 0.1612
009200 0.7974 0.0389 0.0000 0.1636
009220 0.7942 0.0391 0.0000 0.1666
009240 0.7908 0.0390 0.0000 0.1703
009260 0.7863 0.0396 0.0000 0.1741
009280 0.7823 0.0418 0.0000 0.1759
009300 0.7803 0.0417 0.0000 0.1779
009320 0.7780 0.0420 0.0000 0.1800
009340 0.7751 0.0418 0.0000 0.1830
009360 0.7714 0.0446 0.0000 0.1841
009380 0.7686 0.0466 0.0000 0.1848
009400 0.7662 0.0502 0.0000 0.1836
009420 0.7631 0.0543 0.0000 0.1826
009440 0.7602 0.0606 0.0000 0.1792
009460 0.7599 0.0650 0.0000 0.1752
009480 0.7586 0.0677 0.0000 0.1737
009500 0.7588 0.0699 0.0000 0.1713
009520 0.7609 0.0707 0.0000 0.1684
009540 0.7631 0.0700 0.0000 0.1670
009560 0.7654 0.0698 0.0000 0.1648
009580 0.7678 0.0683 0.0000 0.1639
009600 0.7693 0.0667 0.0000 0.1640
009620 0.7729 0.0650 0.0000 0.1621
009640 0.7757 0.0641 0.0000 0.1602
009660 0.7760 0.0642 0.0000 0.1598
009680 0.7773 0.0631 0.0000 0.1596
009700 0.7779 0.0627 0.0000 0.1594
009720 0.7781 0.0619 0.0000 0.1600
009740 0.7785 0.0608 0.0000 0.1607
009760 0.7790 0.0605 0.0000 0.1605
009780 0.7822 0.0585 0.0000 0.1593
009800 0.7832 0.0586 0.0000 0.1581
009820 0.7842 0.0580 0.0000 0.1577
009840 0.7859 0.0570 0.0000 0.1571
009860 0.7862 0.0562 0.0000 0.1576
009880 0.7867 0.0555 0.0000 0.1578
009900 0.7873 0.0549 0.0000 0.1578
009920 0.7884 0.0522 0.0000 0.1594
009940 0.7874 0.0526 0.0000 0.1600
009960 0.7875 0.0529 0.0000 0.1596
009980 0.7869 0.0544 0.0000 0.1587
010000 0.7867 0.0562 0.0000 0.1571
010020 0.7872 0.0567 0.0000 0.1562
010040 0.7872 0.0573 0.0000 0.1555
010060 0.7868 0.0567 0.0000 0.1564
010080 0.7871 0.0571 0.0000 0.1558
010100 0.7868 0.0567 0.0000 0.1565
010120 0.7857 0.0561 0.0000 0.1582
010140 0.7869 0.0547 0.0000 0.1584
010160 0.7854 0.0540 0.0000 0.1606
010180 0.7858 0.0539 0.0000 0.1603
010200 0.7853 0.0534 0.0000 0.1613
010220 0.7833 0.0540 0.0000 0.1627
010240 0.7826 0.0547 0.0000 0.1627
010260 0.7815 0.0544 0.0000 0.1640
010280 0.7796 0.0554 0.0000 0.1650
010300 0.7789 0.0540 0.0000 0.1671
010320 0.7792 0.0528 0.0000 0.1680
010340 0.7788 0.0509 0.0000 0.1703
010360 0.7801 0.0479 0.0000 0.1720
010380 0.7787 0.0465 0.0000 0.1747
010400 0.7773 0.0477 0.0000 0.1750
010420 0.7744 0.0496 0.0000 0.1761
010440 0.7731 0.0507 0.0000 0.1762
010460 0.7724 0.0518 0.0000 0.1758
010480 0.7703 0.0526 0.0000 0.1771
010500 0.7695 0.0535 0.0000 0.1770
010520 0.7704 0.0545 0.0000 0.1751
010540 0.7708 0.0548 0.0000 0.1744
010560 0.7714 0.0549 0.0000 0.1737
010580 0.7711 0.0563 0.0000 0.1725
010600 0.7731 0.0570 0.0000 0.1699
010620 0.7739 0.0571 0.0000 0.1690
010640 0.7731 0.0592 0.0000 0.1677
010660 0.7747 0.0601 0.0000 0.1651
010680 0.7767 0.0605 0.0000 0.1628
010700 0.7781 0.0594 0.0000 0.1625
010720 0.7798 0.0586 0.0000 0.1616
010740 0.7800 0.0581 0.0000 0.1619
010760 0.7813 0.0572 0.0000 0.1615
010780 0.7824 0.0568 0.0000 0.1608
010800 0.7856 0.0550 0.0000 0.1593
010820 0.7869 0.0543 0.0000 0.1588
010840 0.7870 0.0552 0.0000 0.1578
010860 0.7874 0.0555 0.0000 0.1572
010880 0.7877 0.0565 0.0000 0.1558
010900 0.7879 0.0582 0.0000 0.1539
010920 0.7878 0.0594 0.0000 0.1528
010940 0.7891 0.0624 0.0000 0.1486
010960 0.7903 0.0652 0.0000 0.1445
010980 0.7911 0.0679 0.0000 0.1410
011000 0.7934 0.0680 0.0000 0.1386
011020 0.7961 0.0660 0.0000 0.1379
011040 0.8001 0.0635 0.0000 0.1364
011060 0.8014 0.0629 0.0000 0.1357
011080 0.8044 0.0621 0.0000 0.1335
011100 0.8069 0.0600 0.0000 0.1331
011120 0.8099 0.0580 0.0000 0.1321
011140 0.8101 0.0585 0.0000 0.1314
011160 0.8114 0.0581 0.0000 0.1305
011180 0.8122 0.0570 0.0000 0.1308
011200 0.8106 0.0574 0.0000 0.1320
011220 0.8109 0.0566 0.0000 0.1325
011240 0.8112 0.0552 0.0000 0.1336
011260 0.8091 0.0548 0.0000 0.1361
011280 0.8068 0.0545 0.0000 0.1387
011300 0.8090 0.0518 0.0000 0.1391
011320 0.8106 0.0514 0.0000 0.1380
011340 0.8097 0.0507 0.0000 0.1397
011360 0.8099 0.0504 0.0000 0.1397
011380 0.8101 0.0504 0.0000 0.1395
011400 0.8111 0.0490 0.0000 0.1399
011420 0.8108 0.0492 0.0000 0.1400
011440 0.8112 0.0485 0.0000 0.1403
011460 0.8129 0.0459 0.0000 0.1412
011480 0.8133 0.0453 0.0000 0.1414
011500 0.8110 0.0456 0.0000 0.1434
011520 0.8099 0.0460 0.0000 0.1441
011540 0.8103 0.0455 0.0000 0.1443
011560 0.8106 0.0459 0.0000 0.1435
011580 0.8093 0.0473 0.0000 0.1434
011600 0.8088 0.0480 0.0000 0.1432
011620 0.8089 0.0498 0.0000 0.1413
011640 0.8079 0.0519 0.0000 0.1402
011660 0.8073 0.0531 0.0000 0.1395
011680 0.8066 0.0549 0.0000 0.1386
011700 0.8076 0.0556 0.0000 0.1367
011720 0.8080 0.0569 0.0000 0.1351
011740 0.8062 0.0590 0.0000 0.1347
011760 0.8061 0.0606 0.0000 0.1333
011780 0.8068 0.0613 0.0000 0.1319
011800 0.8082 0.0606 0.0000 0.1313
011820 0.8095 0.0587 0.0000 0.1318
011840 0.8120 0.0573 0.0000 0.1307
011860 0.8139 0.0546 0.0000 0.1314
011880 0.8142 0.0550 0.0000 0.1308
011900 0.8148 0.0536 0.0000 0.1316
011920 0.8174 0.0510 0.0000 0.1316
011940 0.8194 0.0489 0.0000 0.1317
011960 0.8206 0.0461 0.0000 0.1334
011980 0.8209 0.0433 0.0000 0.1358
012000 0.8201 0.0410 0.0000 0.1388
012020 0.8190 0.0380 0.0000 0.1429
012040 0.8179 0.0375 0.0000 0.1446
012060 0.8164 0.0382 0.0000 0.1454
012080 0.8140 0.0386 0.0000 0.1473
012100 0.8117 0.0398 0.0000 0.1486
012120 0.8087 0.0411 0.0000 0.1502
012140 0.8059 0.0421 0.0000 0.1519
012160 0.8059 0.0417 0.0000 0.1524
012180 0.8046 0.0413 0.0000 0.1541
012200 0.8029 0.0409 0.0000 0.1562
012220 0.8009 0.0390 0.0000 0.1601
012240 0.8001 0.0376 0.0000 0.1623
012260 0.7976 0.0366 0.0000 0.1658
012280 0.7951 0.0370 0.0000 0.1679
012300 0.7933 0.0379 0.0000 0.1688
012320 0.7904 0.0396 0.0000 0.1699
012340 0.7881 0.0408 0.0000 0.1711
012360 0.7852 0.0427 0.0000 0.1721
012380 0.7825 0.0452 0.0000 0.1723
012400 0.7816 0.0472 0.0000 0.1711
012420 0.7791 0.0486 0.0000 0.1723
012440 0.7787 0.0479 0.0000 0.1734
012460 0.7784 0.0474 0.0000 0.1742
012480 0.7760 0.0472 0.0000 0.1768
012500 0.7737 0.0470 0.0000 0.1793
012520 0.7721 0.0459 0.0000 0.1820
012540 0.7685 0.0459 0.0000 0.1855
012560 0.7664 0.0459 0.0000 0.1876
012580 0.7643 0.0461 0.0000 0.1896
012600 0.7617 0.0471 0.0000 0.1911
012620 0.7605 0.0469 0.0000 0.1925
012640 0.7583 0.0491 0.0000 0.1927
012660 0.7570 0.0509 0.0000 0.1921
012680 0.7547 0.0547 0.0000 0.1906
012700 0.7527 0.0583 0.0000 0.1890
012720 0.7520 0.0609 0.0000 0.1870
012740 0.7523 0.0627 0.0000 0.1850
012760 0.7534 0.0639 0.0000 0.1826
012780 0.7531 0.0664 0.0000 0.1805
012800 0.7540 0.0661 0.0000 0.1799
012820 0.7538 0.0653 0.0000 0.1809
012840 0.7537 0.0649 0.0000 0.1814
012860 0.7537 0.0645 0.0000 0.1817
012880 0.7552 0.0627 0.0000 0.1821
012900 0.7545 0.0632 0.0000 0.1823
012920 0.7541 0.0625 0.0000 0.1834
012940 0.7558 0.0618 0.0000 0.1824
012960 0.7556 0.0604 0.0000 0.1840
012980 0.7558 0.0588 0.0000 0.1854
013000 0.7563 0.0580 0.0000 0.1858
013020 0.7565 0.0580 0.0000 0.1856
013040 0.7562 0.0586 0.0000 0.1851
013060 0.7569 0.0586 0.0000 0.1845
013080 0.7567 0.0581 0.0000 0.1851
013100 0.7545 0.0575 0.0000 0.1881
013120 0.7529 0.0571 0.0000 0.1900
013140 0.7522 0.0557 0.0000 0.1922
013160 0.7497 0.0554 0.0000 0.1950
013180 0.7491 0.0542 0.0000 0.1967
013200 0.7481 0.0533 0.0000 0.1986
013220 0.7446 0.0521 0.0000 0.2033
013240 0.7421 0.0517 0.0000 0.2061
013260 0.7395 0.0526 0.0000 0.2080
013280 0.7363 0.0539 0.0000 0.2098
013300 0.7346 0.0545 0.0000 0.2109
013320 0.7323 0.0559 0.0000 0.2119
013340 0.7301 0.0558 0.0000 0.2140
013360 0.7273 0.0564 0.0000 0.2162
013380 0.7254 0.0566 0.0000 0.2180
013400 0.7238 0.0573 0.0000 0.2189
013420 0.7223 0.0586 0.0000 0.2192
013440 0.7211 0.0604 0.0000 0.2185
013460 0.7201 0.0631 0.0000 0.2168
013480 0.7200 0.0639 0.0000 0.2161
013500 0.7200 0.0643 0.0000 0.2157
013520 0.7194 0.0642 0.0000 0.2165
013540 0.7201 0.0644 0.0000 0.2155
013560 0.7226 0.0624 0.0000 0.2150
013580 0.7242 0.0608 0.0000 0.2150
013600 0.7252 0.0622 0.0000 0.2126
013620 0.7264 0.0652 0.0000 0.2084
013640 0.7275 0.0667 0.0000 0.2058
013660 0.7288 0.0677 0.0000 0.2035
013680 0.7309 0.0675 0.0000 0.2016
013700 0.7330 0.0671 0.0000 0.1999
013720 0.7358 0.0666 0.0000 0.1977
013740 0.7384 0.0667 0.0000 0.1950
013760 0.7397 0.0675 0.0000 0.1927
013780 0.7415 0.0654 0.0000 0.1931
013800 0.7442 0.0628 0.0000 0.1931
013820 0.7476 0.0612 0.0000 0.1912
013840 0.7498 0.0608 0.0000 0.1895
013860 0.7507 0.0631 0.0000 0.1862
013880 0.7531 0.0638 0.0000 0.1830
013900 0.7556 0.0624 0.0000 0.1819
013920 0.7581 0.0615 0.0000 0.1804
013940 0.7609 0.0603 0.0000 0.1788
013960 0.7618 0.0599 0.0000 0.1783
013980 0.7622 0.0584 0.0000 0.1794
014000 0.7624 0.0579 0.0000 0.1797
014020 0.7626 0.0561 0.0000 0.1813
014040 0.7623 0.0551 0.0000 0.1826
014060 0.7633 0.0530 0.0000 0.1838
014080 0.7630 0.0524 0.0000 0.1846
014100 0.7621 0.0535 0.0000 0.1844
014120 0.7621 0.0546 0.0000 0.1833
014140 0.7615 0.0561 0.0000 0.1824
014160 0.7601 0.0583 0.0000 0.1815
014180 0.7595 0.0582 0.0000 0.1823
014200 0.7574 0.0594 0.0000 0.1832
014220 0.7574 0.0604 0.0000 0.1823
014240 0.7559 0.0636 0.0000 0.1805
014260 0.7547 0.0678 0.0000 0.1775
014280 0.7552 0.0690 0.0000 0.1758
014300 0.7556 0.0706 0.0000 0.1737
014320 0.7559 0.0720 0.0000 0.1721
014340 0.7576 0.0721 0.0000 0.1703
014360 0.7591 0.0723 0.0000 0.1686
014380 0.7617 0.0704 0.0000 0.1679
014400 0.7640 0.0684 0.0000 0.1675
014420 0.7646 0.0654 0.0000 0.1699
014440 0.7664 0.0622 0.0000 0.1714
014460 0.7675 0.0586 0.0000 0.1739
014480 0.7661 0.0550 0.0000 0.1789
014500 0.7634 0.0511 0.0000 0.1855
014520 0.7618 0.0469 0.0000 0.1913
014540 0.7596 0.0427 0.0000 0.1977
014560 0.7575 0.0385 0.0000 0.2040
014580 0.7538 0.0351 0.0000 0.2110
014600 0.7479 0.0334 0.0000 0.2187
014620 0.7430 0.0319 0.0000 0.2251
014640 0.7384 0.0296 0.0000 0.2320
014660 0.7317 0.0280 0.0000 0.2403
014680 0.7238 0.0272 0.0000 0.2490
014700 0.7171 0.0263 0.0000 0.2566
014720 0.7094 0.0267 0.0000 0.2639
014740 0.7009 0.0273 0.0000 0.2719
014760 0.6936 0.0273 0.0000 0.2791
014780 0.6867 0.0279 0.0000 0.2855
014800 0.6800 0.0272 0.0000 0.2928
014820 0.6729 0.0264 0.0000 0.3007
014840 0.6668 0.0261 0.0000 0.3072
014860 0.6606 0.0258 0.0000 0.3136
014880 0.6536 0.0267 0.0000 0.3197
014900 0.6445 0.0279 0.0000 0.3276
014920 0.6351 0.0302 0.0000 0.3347
014940 0.6274 0.0328 0.0000 0.3398
014960 0.6199 0.0363 0.0000 0.3438
014980 0.6142 0.0401 0.0000 0.3457
015000 0.6102 0.0440 0.0000 0.3459
015020 0.6048 0.0486 0.0000 0.3467
015040 0.5986 0.0549 0.0000 0.3465
015060 0.5956 0.0611 0.0000 0.3433
015080 0.5924 0.0680 0.0000 0.3397
015100 0.5904 0.0753 0.0000 0.3343
015120 0.5913 0.0785 0.0000 0.3302
015140 0.5949 0.0817 0.0000 0.3235
015160 0.5969 0.0871 0.0000 0.3160
015180 0.5992 0.0921 0.0000 0.3088
015200 0.6009 0.0981 0.0000 0.3009
015220 0.6040 0.1045 0.0000 0.2915
015240 0.6083 0.1105 0.0000 0.2813
015260 0.6146 0.1158 0.0000 0.2696
015280 0.6217 0.1199 0.0000 0.2584
015300 0.6291 0.1236 0.0000 0.2472
015320 0.6365 0.1283 0.0000 0.2352
015340 0.6466 0.1318 0.0000 0.2215
015360 0.6560 0.1339 0.0000 0.2101
015380 0.6666 0.1333 0.0000 0.2001
015400 0.6772 0.1325 0.0000 0.1903
015420 0.6870 0.1306 0.0000 0.1824
015440 0.6966 0.1297 0.0000 0.1736
015460 0.7064 0.1304 0.0000 0.1631
015480 0.7182 0.1283 0.0000 0.1535
015500 0.7308 0.1249 0.0000 0.1443
015520 0.7429 0.1188 0.0000 0.1383
015540 0.7527 0.1138 0.0000 0.1335
015560 0.7615 0.1100 0.0000 0.1285
015580 0.7705 0.1050 0.0000 0.1245
015600 0.7786 0.0991 0.0000 0.1223
015620 0.7849 0.0949 0.0000 0.1202
015640 0.7917 0.0911 0.0000 0.1172
015660 0.7995 0.0877 0.0000 0.1128
015680 0.8074 0.0831 0.0000 0.1096
015700 0.8155 0.0791 0.0000 0.1054
015720 0.8221 0.0766 0.0000 0.1012
015740 0.8283 0.0731 0.0000 0.0985
015760 0.8317 0.0721 0.0000 0.0962
015780 0.8381 0.0691 0.0000 0.0929
015800 0.8429 0.0662 0.0000 0.0910
015820 0.8478 0.0634 0.0000 0.0888
015840 0.8478 0.0634 0.0000 0.0888
015860 0.8478 0.0634 0.0000 0.0888
015880 0.8478 0.0634 0.0000 0.0888
015900 0.8478 0.0634 0.0000 0.0888
015920 0.8478 0.0634 0.0000 0.0888
015940 0.8478 0.0634 0.0000 0.0888
015960 0.8478 0.0634 0.0000 0.0888
015980 0.8478 0.0634 0.0000 0.0888
016000 0.8478 0.0634 0.0000 0.0888
016020 0.8478 0.0634 0.0000 0.0888
016040 0.8478 0.0634 0.0000 0.0888
016060 0.8478 0.0634 0.0000 0.0888
016080 0.8478 0.0634 0.0000 0.0888
016100 0.8478 0.0634 0.0000 0.0888
016120 0.8478 0.0634 0.0000 0.0888
016140 0.8478 0.0634 0.0000 0.0888
016160 0.8478 0.0634 0.0000 0.0888
016180 0.8478 0.0634 0.0000 0.0888
016200 0.8478 0.0634 0.0000 0.0888
016220 0.8478 0.0634 0.0000 0.0888
016240 0.8478 0.0634 0.0000 0.0888
016260 0.8478 0.0634 0.0000 0.0888
016280 0.8478 0.0634 0.0000 0.0888
016300 0.8478 0.0634 0.0000 0.0888
016320 0.8478 0.0634 0.0000 0.0888
016340 0.8478 0.0634 0.0000 0.0888
016360 0.8478 0.0634 0.0000 0.0888
016380 0.8478 0.0634 0.0000 0.0888
016400 0.8478 0.0634 0.0000 0.0888
016420 0.8478 0.0634 0.0000 0.0888
016440 0.8478 0.0634 0.0000 0.0888
016460 0.8478 0.0634 0.0000 0.0888
016480 0.8478 0.0634 0.0000 0.0888
016500 0.8478 0.0634 0.0000 0.0888
016520 0.8478 0.0634 0.0000 0.0888
016540 0.8478 0.0634 0.0000 0.0888
016560 0.8478 0.0634 0.0000 0.0888
016580 0.8478 0.0634 0.0000 0.0888
016600 0.8478 0.0634 0.0000 0.0888
016620 0.8478 0.0634 0.0000 0.0888
016640 0.8478 0.0634 0.0000 0.0888
016660 0.8478 0.0634 0.0000 0.0888
016680 0.8478 0.0634 0.0000 0.0888
016700 0.8478 0.0634 0.0000 0.0888
016720 0.8478 0.0634 0.0000 0.0888
016740 0.8478 0.0634 0.0000 0.0888
016760 0.8478 0.0634 0.0000 0.0888
016780 0.8478 0.0634 0.0000 0.0888
016800 0.8478 0.0634 0.0000 0.0888
016820 0.8478 0.0634 0.0000 0.0888
016840 0.8478 0.0634 0.0000 0.0888
016860 0.8478 0.0634 0.0000 0.0888
016880 0.8478 0.0634 0.0000 0.0888
016900 0.8478 0.0634 0.0000 0.0888
016920 0.8478 0.0634 0.0000 0.0888
016940 0.8478 0.0634 0.0000 0.0888
016960 0.8478 0.0634 0.0000 0.0888
016980 0.8478 0.0634 0.0000 0.0888
017000 0.8478 0.0634 0.0000 0.0888
017020 0.8478 0.0634 0.0000 0.0888
017040 0.8478 0.0634 0.0000 0.0888
017060 0.8478 0.0634 0.0000 0.0888
017080 0.8478 0.0634 0.0000 0.0888
017100 0.8478 0.0634 0.0000 0.0888
017120 0.8478 0.0634 0.0000 0.0888
017140 0.8478 0.0634 0.0000 0.0888
017160 0.8478 0.0634 0.0000 0.0888
017180 0.8478 0.0634 0.0000 0.0888
017200 0.8478 0.0634 0.0000 0.0888
017220 0.8478 0.0634 0.0000 0.0888
017240 0.8478 0.0634 0.0000 0.0888
017260 0.8478 0.0634 0.0000 0.0888
017280 0.8478 0.0634 0.0000 0.0888
017300 0.8478 0.0634 0.0000 0.0888
017320 0.8478 0.0634 0.0000 0.0888
017340 0.8478 0.0634 0.0000 0.0888
017360 0.8478 0.0634 0.0000 0.0888
017380 0.8478 0.0634 0.0000 0.0888
017400 0.8478 0.0634 0.0000 0.0888
017420 0.8478 0.0634 0.0000 0.0888
017440 0.8478 0.0634 0.0000 0.0888
017460 0.8478 0.0634 0.0000 0.0888
017480 0.8478 0.0634 0.0000 0.0888
017500 0.8478 0.0634 0.0000 0.0888
017520 0.8478 0.0634 0.0000 0.0888
017540 0.8478 0.0634 0.0000 0.0888
017560 0.8478 0.0634 0.0000 0.0888
017580 0.8478 0.0634 0.0000 0.0888
017600 0.8478 0.0634 0.0000 0.0888
017620 0.8478 0.0634 0.0000 0.0888
017640 0.8478 0.0634 0.0000 0.0888
017660 0.8478 0.0634 0.0000 0.0888
017680 0.8478 0.0634 0.0000 0.0888
017700 0.8478 0.0634 0.0000 0.0888
017720 0.8478 0.0634 0.0000 0.0888
017740 0.8478 0.0634 0.0000 0.0888
017760 0.8478 0.0634 0.0000 0.0888
017780 0.8478 0.0634 0.0000 0.0888
017800 0.8478 0.0634 0.0000 0.0888
017820 0.8478 0.0634 0.0000 0.0888
017840 0.8478 0.0634 0.0000 0.0888
017860 0.8478 0.0634 0.0000 0.0888
017880 0.8478 0.0634 0.0000 0.0888
017900 0.8478 0.0634 0.0000 0.0888
017920 0.8478 0.0634 0.0000 0.0888
017940 0.8478 0.0634 0.0000 0.0888
017960 0.8478 0.0634 0.0000 0.0888
017980 0.8478 0.0634 0.0000 0.0888
018000 0.8478 0.0634 0.0000 0.0888
018020 0.8478 0.0634 0.0000 0.0888
018040 0.8478 0.0634 0.0000 0.0888
018060 0.8478 0.0634 0.0000 0.0888
018080 0.8478 0.0634 0.0000 0.0888
018100 0.8478 0.0634 0.0000 0.0888
018120 0.8478 0.0634 0.0000 0.0888
018140 0.8478 0.0634 0.0000 0.0888
018160 0.8478 0.0634 0.0000 0.0888
018180 0.8478 0.0634 0.0000 0.0888
018200 0.8478 0.0634 0.0000 0.0888
018220 0.8478 0.0634 0.0000 0.0888
018240 0.8478 0.0634 0.0000 0.0888
018260 0.8478 0.0634 0.0000 0.0888
018280 0.8478 0.0634 0.0000 0.0888
018300 0.8478 0.0634 0.0000 0.0888
018320 0.8478 0.0634 0.0000 0.0888
018340 0.8478 0.0634 0.0000 0.0888
018360 0.8478 0.0634 0.0000 0.0888
018380 0.8478 0.0634 0.0000 0.0888
018400 0.8478 0.0634 0.0000 0.0888
018420 0.8478 0.0634 0.0000 0.0888
018440 0.8478 0.0634 0.0000 0.0888
018460 0.8478 0.0634 0.0000 0.0888
018480 0.8478 0.0634 0.0000 0.0888
018500 0.8478 0.0634 0.0000 0.0888
018520 0.8478 0.0634 0.0000 0.0888
018540 0.8478 0.0634 0.0000 0.0888
018560 0.8478 0.0634 0.0000 0.0888
018580 0.8478 0.0634 0.0000 0.0888
018600 0.8478 0.0634 0.0000 0.0888
018620 0.8478 0.0634 0.0000 0.0888
018640 0.8478 0.0634 0.0000 0.0888
018660 0.8478 0.0634 0.0000 0.0888
018680 0.8478 0.0634 0.0000 0.0888
018700 0.8478 0.0634 0.0000 0.0888
018720 0.8478 0.0634 0.0000 0.0888
018740 0.8478 0.0634 0.0000 0.0888
018760 0.8478 0.0634 0.0000 0.0888
018780 0.8478 0.0634 0.0000 0.0888
018800 0.8478 0.0634 0.0000 0.0888
018820 0.8478 0.0634 0.0000 0.0888
018840 0.8478 0.0634 0.0000 0.0888
018860 0.8478 0.0634 0.0000 0.0888
018880 0.8478 0.0634 0.0000 0.0888
018900 0.8478 0.0634 0.0000 0.0888
018920 0.8478 0.0634 0.0000 0.0888
018940 0.8478 0.0634 0.0000 0.0888
018960 0.8478 0.0634 0.0000 0.0888
018980 0.8478 0.0634 0.0000 0.0888
019000 0.8478 0.0634 0.0000 0.0888
019020 0.8478 0.0634 0.0000 0.0888
019040 0.8478 0.0634 0.0000 0.0888
019060 0.8478 0.0634 0.0000 0.0888
019080 0.8478 0.0634 0.0000 0.0888
019100 0.8478 0.0634 0.0000 0.0888
019120 0.8478 0.0634 0.0000 0.0888
019140 0.8478 0.0634 0.0000 0.0888
019160 0.8478 0.0634 0.0000 0.0888
019180 0.8478 0.0634 0.0000 0.0888
019200 0.8478 0.0634 0.0000 0.0888
019220 0.8478 0.0634 0.0000 0.0888
019240 0.8478 0.0634 0.0000 0.0888
019260 0.8478 0.0634 0.0000 0.0888
019280 0.8478 0.0634 0.0000 0.0888
019300 0.8478 0.0634 0.0000 0.0888
019320 0.8478 0.0634 0.0000 0.0888
019340 0.8478 0.0634 0.0000 0.0888
019360 0.8478 0.0634 0.0000 0.0888
019380 0.8478 0.0634 0.0000 0.0888
019400 0.8478 0.0634 0.0000 0.0888
019420 0.8478 0.0634 0.0000 0.0888
019440 0.8478 0.0634 0.0000 0.0888
019460 0.8478 0.0634 0.0000 0.0888
019480 0.8478 0.0634 0.0000 0.0888
019500 0.8478 0.0634 0.0000 0.0888
019520 0.8478 0.0634 0.0000 0.0888
019540 0.8478 0.0634 0.0000 0.0888
019560 0.8478 0.0634 0.0000 0.0888
019580 0.8478 0.0634 0.0000 0.0888
019600 0.8478 0.0634 0.0000 0.0888
019620 0.8478 0.0634 0.0000 0.0888
019640 0.8478 0.0634 0.0000 0.0888
019660 0.8478 0.0634 0.0000 0.0888
019680 0.8478 0.0634 0.0000 0.0888
019700 0.8478 0.0634 0.0000 0.0888
019720 0.8478 0.0634 0.0000 0.0888
019740 0.8478 0.0634 0.0000 0.0888
019760 0.8478 0.0634 0.0000 0.0888
019780 0.8478 0.0634 0.0000 0.0888
019800 0.8478 0.0634 0.0000 0.0888
019820 0.8478 0.0634 0.0000 0.0888
019840 0.8478 0.0634 0.0000 0.0888
019860 0.8478 0.0634 0.0000 0.0888
019880 0.8478 0.0634 0.0000 0.0888
019900 0.8478 0.0634 0.0000 0.0888
019920 0.8478 0.0634 0.0000 0.0888
019940 0.8478 0.0634 0.0000 0.0888
019960 0.8478 0.0634 0.0000 0.0888
019980 0.8478 0.0634 0.0000 0.0888
020000 0.8478 0.0634 0.0000 0.0888
020020 0.8478 0.0634 0.0000 0.0888
020040 0.8478 0.0634 0.0000 0.0888
020060 0.8478 0.0634 0.0000 0.0888
020080 0.8478 0.0634 0.0000 0.0888
020100 0.8478 0.0634 0.0000 0.0888
020120 0.8478 0.0634 0.0000 0.0888
020140 0.8478 0.0634 0.0000 0.0888
020160 0.8478 0.0634 0.0000 0.0888
020180 0.8478 0.0634 0.0000 0.0888
020200 0.8478 0.0634 0.0000 0.0888
020220 0.8478 0.0634 0.0000 0.0888
020240 0.8478 0.0634 0.0000 0.0888
020260 0.8478 0.0634 0.0000 0.0888
020280 0.8478 0.0634 0.0000 0.0888
020300 0.8478 0.0634 0.0000 0.0888
020320 0.8478 0.0634 0.0000 0.0888
020340 0.8478 0.0634 0.0000 0.0888
020360 0.8478 0.0634 0.0000 0.0888
020380 0.8478 0.0634 0.0000 0.0888
020400 0.8478 0.0634 0.0000 0.0888
020420 0.8478 0.0634 0.0000 0.0888
020440 0.8478 0.0634 0.0000 0.0888
020460 0.8478 0.0634 0.0000 0.0888
020480 0.8478 0.0634 0.0000 0.0888
020500 0.8478 0.0634 0.0000 0.0888
020520 0.8478 0.0634 0.0000 0.0888
020540 0.8478 0.0634 0.0000 0.0888
020560 0.8478 0.0634 0.0000 0.0888
020580 0.8478 0.0634 0.0000 0.0888
020600 0.8478 0.0634 0.0000 0.0888
020620 0.8478 0.0634 0.0000 0.0888
020640 0.8478 0.0634 0.0000 0.0888
020660 0.8478 0.0634 0.0000 0.0888
020680 0.8478 0.0634 0.0000 0.0888
020700 0.8478 0.0634 0.0000 0.0888
020720 0.8478 0.0634 0.0000 0.0888
020740 0.8478 0.0634 0.0000 0.0888
020760 0.8478 0.0634 0.0000 0.0888
020780 0.8478 0.0634 0.0000 0.0888
020800 0.8478 0.0634 0.0000 0.0888
020820 0.8478 0.0634 0.0000 0.0888
020840 0.8478 0.0634 0.0000 0.0888
020860 0.8478 0.0634 0.0000 0.0888
020880 0.8478 0.0634 0.0000 0.0888
020900 0.8478 0.0634 0.0000 0.0888
020920 0.8478 0.0634 0.0000 0.0888
020940 0.8478 0.0634 0.0000 0.0888
020960 0.8478 0.0634 0.0000 0.0888
020980 0.8478 0.0634 0.0000 0.0888
021000 0.8478 0.0634 0.0000 0.0888
021020 0.8478 0.0634 0.0000 0.0888
021040 0.8478 0.0634 0.0000 0.0888
021060 0.8478 0.0634 0.0000 0.0888
021080 0.8478 0.0634 0.0000 0.0888
021100 0.8478 0.0634 0.0000 0.0888
021120 0.8478 0.0634 0.0000 0.0888
021140 0.8478 0.0634 0.0000 0.0888
021160 0.8478 0.0634 0.0000 0.0888
021180 0.8478 0.0634 0.0000 0.0888
021200 0.8478 0.0634 0.0000 0.0888
021220 0.8478 0.0634 0.0000 0.0888
021240 0.8478 0.0634 0.0000 0.0888
021260 0.8478 0.0634 0.0000 0.0888
021280 0.8478 0.0634 0.0000 0.0888
021300 0.8478 0.0634 0.0000 0.0888
021320 0.8478 0.0634 0.0000 0.0888
021340 0.8478 0.0634 0.0000 0.0888
021360 0.8478 0.0634 0.0000 0.0888
021380 0.8478 0.0634 0.0000 0.0888
021400 0.8478 0.0634 0.0000 0.0888
021420 0.8478 0.0634 0.0000 0.0888
021440 0.8478 0.0634 0.0000 0.0888
021460 0.8478 0.0634 0.0000 0.0888
021480 0.8478 0.0634 0.0000 0.0888
021500 0.8478 0.0634 0.0000 0.0888
021520 0.8478 0.0634 0.0000 0.0888
021540 0.8478 0.0634 0.0000 0.0888
021560 0.8478 0.0634 0.0000 0.0888
021580 0.8478 0.0634 0.0000 0.0888
021600 0.8478 0.0634 0.0000 0.0888
021620 0.8478 0.0634 0.0000 0.0888
021640 0.8478 0.0634 0.0000 0.0888
021660 0.8478 0.0634 0.0000 0.0888
021680 0.8478 0.0634 0.0000 0.0888
021700 0.8478 0.0634 0.0000 0.0888
021720 0.8478 0.0634 0.0000 0.0888
021740 0.8478 0.0634 0.0000 0.0888
021760 0.8478 0.0634 0.0000 0.0888
021780 0.8478 0.0634 0.0000 0.0888
021800 0.8478 0.0634 0.0000 0.0888
021820 0.8478 0.0634 0.0000 0.0888
021840 0.8478 0.0634 0.0000 0.0888
021860 0.8478 0.0634 0.0000 0.0888
021880 0.8478 0.0634 0.0000 0.0888
021900 0.8478 0.0634 0.0000 0.0888
021920 0.8478 0.0634 0.0000 0.0888
021940 0.8478 0.0634 0.0000 0.0888
021960 0.8478 0.0634 0.0000 0.0888
021980 0.8478 0.0634 0.0000 0.0888
022000 0.8478 0.0634 0.0000 0.0888
022020 0.8478 0.0634 0.0000 0.0888
022040 0.8478 0.0634 0.0000 0.0888
022060 0.8478 0.0634 0.0000 0.0888
022080 0.8478 0.0634 0.0000 0.0888
022100 0.8478 0.0634 0.0000 0.0888
022120 0.8478 0.0634 0.0000 0.0888
022140 0.8478 0.0634 0.0000 0.0888
022160 0.8478 0.0634 0.0000 0.0888
022180 0.8478 0.0634 0.0000 0.0888
022200 0.8478 0.0634 0.0000 0.0888
022220 0.8478 0.0634 0.0000 0.0888
022240 0.8478 0.0634 0.0000 0.0888
022260 0.8478 0.0634 0.0000 0.0888
022280 0.8478 0.0634 0.0000 0.0888
022300 0.8478 0.0634 0.0000 0.0888
022320 0.8478 0.0634 0.0000 0.0888
022340 0.8478 0.0634 0.0000 0.0888
022360 0.8478 0.0634 0.0000 0.0888
022380 0.8478 0.0634 0.0000 0.0888
022400 0.8478 0.0634 0.0000 0.0888
022420 0.8478 0.0634 0.0000 0.0888
022440 0.8478 0.0634 0.0000 0.0888
022460 0.8478 0.0634 0.0000 0.0888
022480 0.8478 0.0634 0.0000 0.0888
022500 0.8478 0.0634 0.0000 0.0888
022520 0.8478 0.0634 0.0000 0.0888
022540 0.8478 0.0634 0.0000 0.0888
022560 0.8478 0.0634 0.0000 0.0888
022580 0.8478 0.0634 0.0000 0.0888
022600 0.8478 0.0634 0.0000 0.0888
022620 0.8478 0.0634 0.0000 0.0888
022640 0.8478 0.0634 0.0000 0.0888
022660 0.8478 0.0634 0.0000 0.0888
022680 0.8478 0.0634 0.0000 0.0888
022700 0.8478 0.0634 0.0000 0.0888
022720 0.8478 0.0634 0.0000 0.0888
022740 0.8478 0.0634 0.0000 0.0888
022760 0.8478 0.0634 0.0000 0.0888
022780 0.8478 0.0634 0.0000 0.0888
022800 0.8478 0.0634 0.0000 0.0888
022820 0.8478 0.0634 0.0000 0.0888
022840 0.8478 0.0634 0.0000 0.0888
022860 0.8478 0.0634 0.0000 0.0888
022880 0.8478 0.0634 0.0000 0.0888
022900 0.8478 0.0634 0.0000 0.0888
022920 0.8478 0.0634 0.0000 0.0888
022940 0.8478 0.0634 0.0000 0.0888
022960 0.8478 0.0634 0.0000 0.0888
022980 0.8478 0.0634 0.0000 0.0888
023000 0.8478 0.0634 0.0000 0.0888
023020 0.8478 0.0634 0.0000 0.0888
023040 0.8478 0.0634 0.0000 0.0888
023060 0.8478 0.0634 0.0000 0.0888
023080 0.8478 0.0634 0.0000 0.0888
023100 0.8478 0.0634 0.0000 0.0888
023120 0.8478 0.0634 0.0000 0.0888
023140 0.8478 0.0634 0.0000 0.0888
023160 0.8478 0.0634 0.0000 0.0888
023180 0.8478 0.0634 0.0000 0.0888
023200 0.8478 0.0634 0.0000 0.0888
023220 0.8478 0.0634 0.0000 0.0888
023240 0.8478 0.0634 0.0000 0.0888
023260 0.8478 0.0634 0.0000 0.0888
023280 0.8478 0.0634 0.0000 0.0888
023300 0.8478 0.0634 0.0000 0.0888
023320 0.8478 0.0634 0.0000 0.0888
023340 0.8478 0.0634 0.0000 0.0888
023360 0.8478 0.0634 0.0000 0.0888
023380 0.8478 0.0634 0.0000 0.0888
023400 0.8478 0.0634 0.0000 0.0888
023420 0.8478 0.0634 0.0000 0.0888
023440 0.8478 0.0634 0.0000 0.0888
023460 0.8478 0.0634 0.0000 0.0888
023480 0.8478 0.0634 0.0000 0.0888
023500 0.8478 0.0634 0.0000 0.0888
023520 0.8478 0.0634 0.0000 0.0888
023540 0.8478 0.0634 0.0000 0.0888
023560 0.8478 0.0634 0.0000 0.0888
023580 0.8478 0.0634 0.0000 0.0888
023600 0.8478 0.0634 0.0000 0.0888
023620 0.8478 0.0634 0.0000 0.0888
023640 0.8478 0.0634 0.0000 0.0888
023660 0.8478 0.0634 0.0000 0.0888
023680 0.8478 0.0634 0.0000 0.0888
023700 0.8478 0.0634 0.0000 0.0888
023720 0.8478 0.0634 0.0000 0.0888
023740 0.8478 0.0634 0.0000 0.0888
023760 0.8478 0.0634 0.0000 0.0888
023780 0.8478 0.0634 0.0000 0.0888
023800 0.8478 0.0634 0.0000 0.0888
023820 0.8478 0.0634 0.0000 0.0888
023840 0.8478 0.0634 0.0000 0.0888
023860 0.8478 0.0634 0.0000 0.0888
023880 0.8478 0.0634 0.0000 0.0888
023900 0.8478 0.0634 0.0000 0.0888
023920 0.8478 0.0634 0.0000 0.0888
023940 0.8478 0.0634 0.0000 0.0888
023960 0.8478 0.0634 0.0000 0.0888
023980 0.8478 0.0634 0.0000 0.0888
024000 0.8478 0.0634 0.0000 0.0888
024020 0.8478 0.0634 0.0000 0.0888
024040 0.8478 0.0634 0.0000 0.0888
024060 0.8478 0.0634 0.0000 0.0888
024080 0.8478 0.0634 0.0000 0.0888
024100 0.8478 0.0634 0.0000 0.0888
024120 0.8478 0.0634 0.0000 0.0888
024140 0.8478 0.0634 0.0000 0.0888
024160 0.8478 0.0634 0.0000 0.0888
024180 0.8478 0.0634 0.0000 0.0888
024200 0.8478 0.0634 0.0000 0.0888
024220 0.8478 0.0634 0.0000 0.0888
024240 0.8478 0.0634 0.0000 0.0888
024260 0.8478 0.0634 0.0000 0.0888
024280 0.8478 0.0634 0.0000 0.0888
024300 0.8478 0.0634 0.0000 0.0888
024320 0.8478 0.0634 0.0000 0.0888
024340 0.8478 0.0634 0.0000 0.0888
024360 0.8478 0.0634 0.0000 0.0888
024380 0.8478 0.0634 0.0000 0.0888
024400 0.8478 0.0634 0.0000 0.0888
024420 0.8478 0.0634 0.0000 0.0888
024440 0.8478 0.0634 0.0000 0.0888
024460 0.8478 0.0634 0.0000 0.0888
024480 0.8478 0.0634 0.0000 0.0888
024500 0.8478 0.0634 0.0000 0.0888
024520 0.8478 0.0634 0.0000 0.0888
024540 0.8478 0.0634 0.0000 0.0888
024560 0.8478 0.0634 0.0000 0.0888
024580 0.8478 0.0634 0.0000 0.0888
024600 0.8478 0.0634 0.0000 0.0888
024620 0.8478 0.0634 0.0000 0.0888
024640 0.8478 0.0634 0.0000 0.0888
024660 0.8478 0.0634 0.0000 0.0888
024680 0.8478 0.0634 0.0000 0.0888
024700 0.8478 0.0634 0.0000 0.0888
024720 0.8478 0.0634 0.0000 0.0888
024740 0.8478 0.0634 0.0000 0.0888
024760 0.8478 0.0634 0.0000 0.0888
024780 0.8478 0.0634 0.0000 0.0888
024800 0.8478 0.0634 0.0000 0.0888
024820 0.8478 0.0634 0.0000 0.0888
024840 0.8478 0.0634 0.0000 0.0888
024860 0.8478 0.0634 0.0000 0.0888
024880 0.8478 0.0634 0.0000 0.0888
024900 0.8478 0.0634 0.0000 0.0888
024920 0.8478 0.0634 0.0000 0.0888
024940 0.8478 0.0634 0.0000 0.0888
024960 0.8478 0.0634 0.0000 0.0888
024980 0.8478 0.0634 0.0000 0.0888
025000 0.8478 0.0634 0.0000 0.0888
025020 0.8478 0.0634 0.0000 0.0888
025040 0.8478 0.0634 0.0000 0.0888
025060 0.8478 0.0634 0.0000 0.0888
025080 0.8478 0.0634 0.0000 0.0888
025100 0.8478 0.0634 0.0000 0.0888
025120 0.8478 0.0634 0.0000 0.0888
025140 0.8478 0.0634 0.0000 0.0888
025160 0.8478 0.0634 0.0000 0.0888
025180 0.8478 0.0634 0.0000 0.0888
025200 0.8478 0.0634 0.0000 0.0888
025220 0.8478 0.0634 0.0000 0.0888
025240 0.8478 0.0634 0.0000 0.0888
025260 0.8478 0.0634 0.0000 0.0888
025280 0.8478 0.0634 0.0000 0.0888
025300 0.8478 0.0634 0.0000 0.0888
025320 0.8478 0.0634 0.0000 0.0888
025340 0.8478 0.0634 0.0000 0.0888
025360 0.8478 0.0634 0.0000 0.0888
025380 0.8478 0.0634 0.0000 0.0888
025400 0.8478 0.0634 0.0000 0.0888
025420 0.8478 0.0634 0.0000 0.0888
025440 0.8478 0.0634 0.0000 0.0888
025460 0.8478 0.0634 0.0000 0.0888
025480 0.8478 0.0634 0.0000 0.0888
025500 0.8478 0.0634 0.0000 0.0888
025520 0.8478 0.0634 0.0000 0.0888
025540 0.8478 0.0634 0.0000 0.0888
025560 0.8478 0.0634 0.0000 0.0888
025580 0.8478 0.0634 0.0000 0.0888
025600 0.8478 0.0634 0.0000 0.0888
025620 0.8478 0.0634 0.0000 0.0888
025640 0.8478 0.0634 0.0000 0.0888
025660 0.8478 0.0634 0.0000 0.0888
025680 0.8478 0.0634 0.0000 0.0888
025700 0.8478 0.0634 0.0000 0.0888
025720 0.8478 0.0634 0.0000 0.0888
025740 0.8478 0.0634 0.0000 0.0888
025760 0.8478 0.0634 0.0000 0.0888
025780 0.8478 0.0634 0.0000 0.0888
025800 0.8478 0.0634 0.0000 0.0888
025820 0.8478 0.0634 0.0000 0.0888
025840 0.8478 0.0634 0.0000 0.0888
025860 0.8478 0.0634 0.0000 0.0888
025880 0.8478 0.0634 0.0000 0.0888
025900 0.8478 0.0634 0.0000 0.0888
025920 0.8478 0.0634 0.0000 0.0888
025940 0.8478 0.0634 0.0000 0.0888
025960 0.8478 0.0634 0.0000 0.0888
025980 0.8478 0.0634 0.0000 0.0888
026000 0.8478 0.0634 0.0000 0.0888
026020 0.8478 0.0634 0.0000 0.0888
026040 0.8478 0.0634 0.0000 0.0888
026060 0.8478 0.0634 0.0000 0.0888
026080 0.8478 0.0634 0.0000 0.0888
026100 0.8478 0.0634 0.0000 0.0888
026120 0.8478 0.0634 0.0000 0.0888
026140 0.8478 0.0634 0.0000 0.0888
026160 0.8478 0.0634 0.0000 0.0888
026180 0.8478 0.0634 0.0000 0.0888
026200 0.8478 0.0634 0.0000 0.0888
026220 0.8478 0.0634 0.0000 0.0888
026240 0.8478 0.0634 0.0000 0.0888
026260 0.8478 0.0634 0.0000 0.0888
026280 0.8478 0.0634 0.0000 0.0888
026300 0.8478 0.0634 0.0000 0.0888
026320 0.8478 0.0634 0.0000 0.0888
026340 0.8478 0.0634 0.0000 0.0888
026360 0.8478 0.0634 0.0000 0.0888
026380 0.8478 0.0634 0.0000 0.0888
026400 0.8478 0.0634 0.0000 0.0888
026420 0.8478 0.0634 0.0000 0.0888
026440 0.8478 0.0634 0.0000 0.0888
026460 0.8478 0.0634 0.0000 0.0888
026480 0.8478 0.0634 0.0000 0.0888
026500 0.8478 0.0634 0.0000 0.0888
026520 0.8478 0.0634 0.0000 0.0888
026540 0.8478 0.0634 0.0000 0.0888
026560 0.8478 0.0634 0.0000 0.0888
026580 0.8478 0.0634 0.0000 0.0888
026600 0.8478 0.0634 0.0000 0.0888
026620 0.8478 0.0634 0.0000 0.0888
026640 0.8478 0.0634 0.0000 0.0888
026660 0.8478 0.0634 0.0000 0.0888
026680 0.8478 0.0634 0.0000 0.0888
026700 0.8478 0.0634 0.0000 0.0888
026720 0.8478 0.0634 0.0000 0.0888
026740 0.8478 0.0634 0.0000 0.0888
026760 0.8478 0.0634 0.0000 0.0888
026780 0.8478 0.0634 0.0000 0.0888
026800 0.8478 0.0634 0.0000 0.0888
026820 0.8478 0.0634 0.0000 0.0888
026840 0.8478 0.0634 0.0000 0.0888
026860 0.8478 0.0634 0.0000 0.0888
026880 0.8478 0.0634 0.0000 0.0888
026900 0.8478 0.0634 0.0000 0.0888
026920 0.8478 0.0634 0.0000 0.0888
026940 0.8478 0.0634 0.0000 0.0888
026960 0.8478 0.0634 0.0000 0.0888
026980 0.8478 0.0634 0.0000 0.0888
027000 0.8478 0.0634 0.0000 0.0888
027020 0.8478 0.0634 0.0000 0.0888
027040 0.8478 0.0634 0.0000 0.0888
027060 0.8478 0.0634 0.0000 0.0888
027080 0.8478 0.0634 0.0000 0.0888
027100 0.8478 0.0634 0.0000 0.0888
027120 0.8478 0.0634 0.0000 0.0888
027140 0.8478 0.0634 0.0000 0.0888
027160 0.8478 0.0634 0.0000 0.0888
027180 0.8478 0.0634 0.0000 0.0888
027200 0.8478 0.0634 0.0000 0.0888
027220 0.8478 0.0634 0.0000 0.0888
027240 0.8478 0.0634 0.0000 0.0888
027260 0.8478 0.0634 0.0000 0.0888
027280 0.8478 0.0634 0.0000 0.0888
027300 0.8478 0.0634 0.0000 0.0888
027320 0.8478 0.0634 0.0000 0.0888
027340 0.8478 0.0634 0.0000 0.0888
027360 0.8478 0.0634 0.0000 0.0888
027380 0.8478 0.0634 0.0000 0.0888
027400 0.8478 0.0634 0.0000 0.0888
027420 0.8478 0.0634 0.0000 0.0888
027440 0.8478 0.0634 0.0000 0.0888
027460 0.8478 0.0634 0.0000 0.0888
027480 0.8478 0.0634 0.0000 0.0888
027500 0.8478 0.0634 0.0000 0.0888
027520 0.8478 0.0634 0.0000 0.0888
027540 0.8478 0.0634 0.0000 0.0888
027560 0.8478 0.0634 0.0000 0.0888
027580 0.8478 0.0634 0.0000 0.0888
027600 0.8478 0.0634 0.0000 0.0888
027620 0.8478 0.0634 0.0000 0.0888
027640 0.8478 0.0634 0.0000 0.0888
027660 0.8478 0.0634 0.0000 0.0888
027680 0.8478 0.0634 0.0000 0.0888
027700 0.8478 0.0634 0.0000 0.0888
027720 0.8478 0.0634 0.0000 0.0888
027740 0.8478 0.0634 0.0000 0.0888
027760 0.8478 0.0634 0.0000 0.0888
027780 0.8478 0.0634 0.0000 0.0888
027800 0.8478 0.0634 0.0000 0.0888
027820 0.8478 0.0634 0.0000 0.0888
027840 0.8478 0.0634 0.0000 0.0888
027860 0.8478 0.0634 0.0000 0.0888
027880 0.8478 0.0634 0.0000 0.0888
027900 0.8478 0.0634 0.0000 0.0888
027920 0.8478 0.0634 0.0000 0.0888
027940 0.8478 0.0634 0.0000 0.0888
027960 0.8478 0.0634 0.0000 0.0888
027980 0.8478 0.0634 0.0000 0.0888
028000 0.8478 0.0634 0.0000 0.0888
028020 0.8478 0.0634 0.0000 0.0888
028040 0.8478 0.0634 0.0000 0.0888
028060 0.8478 0.0634 0.0000 0.0888
028080 0.8478 0.0634 0.0000 0.0888
028100 0.8478 0.0634 0.0000 0.0888
028120 0.8478 0.0634 0.0000 0.0888
028140 0.8478 0.0634 0.0000 0.0888
028160 0.8478 0.0634 0.0000 0.0888
028180 0.8478 0.0634 0.0000 0.0888
028200 0.8478 0.0634 0.0000 0.0888
028220 0.8478 0.0634 0.0000 0.0888
028240 0.8478 0.0634 0.0000 0.0888
028260 0.8478 0.0634 0.0000 0.0888
028280 0.8478 0.0634 0.0000 0.0888
028300 0.8478 0.0634 0.0000 0.0888
028320 0.8478 0.0634 0.0000 0.0888
028340 0.8478 0.0634 0.0000 0.0888
028360 0.8478 0.0634 0.0000 0.0888
028380 0.8478 0.0634 0.0000 0.0888
028400 0.8478 0.0634 0.0000 0.0888
028420 0.8478 0.0634 0.0000 0.0888
028440 0.8478 0.0634 0.0000 0.0888
028460 0.8478 0.0634 0.0000 0.0888
028480 0.8478 0.0634 0.0000 0.0888
028500 0.8478 0.0634 0.0000 0.0888
028520 0.8478 0.0634 0.0000 0.0888
028540 0.8478 0.0634 0.0000 0.0888
028560 0.8478 0.0634 0.0000 0.0888
028580 0.8478 0.0634 0.0000 0.0888
028600 0.8478 0.0634 0.0000 0.0888
028620 0.8478 0.0634 0.0000 0.0888
028640 0.8478 0.0634 0.0000 0.0888
028660 0.8478 0.0634 0.0000 0.0888
028680 0.8478 0.0634 0.0000 0.0888
028700 0.8478 0.0634 0.0000 0.0888
028720 0.8478 0.0634 0.0000 0.0888
028740 0.8478 0.0634 0.0000 0.0888
028760 0.8478 0.0634 0.0000 0.0888
028780 0.8478 0.0634 0.0000 0.0888
028800 0.8478 0.0634 0.0000 0.0888
028820 0.8478 0.0634 0.0000 0.0888
028840 0.8478 0.0634 0.0000 0.0888
028860 0.8478 0.0634 0.0000 0.0888
028880 0.8478 0.0634 0.0000 0.0888
028900 0.8478 0.0634 0.0000 0.0888
028920 0.8478 0.0634 0.0000 0.0888
028940 0.8478 0.0634 0.0000 0.0888
028960 0.8478 0.0634 0.0000 0.0888
028980 0.8478 0.0634 0.0000 0.0888
029000 0.8478 0.0634 0.0000 0.0888
029020 0.8478 0.0634 0.0000 0.0888
029040 0.8478 0.0634 0.0000 0.0888
029060 0.8478 0.0634 0.0000 0.0888
029080 0.8478 0.0634 0.0000 0.0888
029100 0.8478 0.0634 0.0000 0.0888
029120 0.8478 0.0634 0.0000 0.0888
029140 0.8478 0.0634 0.0000 0.0888
029160 0.8478 0.0634 0.0000 0.0888
029180 0.8478 0.0634 0.0000 0.0888
029200 0.8478 0.0634 0.0000 0.0888
029220 0.8478 0.0634 0.0000 0.0888
029240 0.8478 0.0634 0.0000 0.0888
029260 0.8478 0.0634 0.0000 0.0888
029280 0.8478 0.0634 0.0000 0.0888
029300 0.8478 0.0634 0.0000 0.0888
029320 0.8478 0.0634 0.0000 0.0888
029340 0.8478 0.0634 0.0000 0.0888
029360 0.8478 0.0634 0.0000 0.0888
029380 0.8478 0.0634 0.0000 0.0888
029400 0.8478 0.0634 0.0000 0.0888
029420 0.8478 0.0634 0.0000 0.0888
029440 0.8478 0.0634 0.0000 0.0888
029460 0.8478 0.0634 0.0000 0.0888
029480 0.8478 0.0634 0.0000 0.0888
029500 0.8478 0.0634 0.0000 0.0888
029520 0.8478 0.0634 0.0000 0.0888
029540 0.8478 0.0634 0.0000 0.0888
029560 0.8478 0.0634 0.0000 0.0888
029580 0.8478 0.0634 0.0000 0.0888
029600 0.8478 0.0634 0.0000 0.0888
029620 0.8478 0.0634 0.0000 0.0888
029640 0.8478 0.0634 0.0000 0.0888
029660 0.8478 0.0634 0.0000 0.0888
029680 0.8478 0.0634 0.0000 0.0888
029700 0.8478 0.0634 0.0000 0.0888
029720 0.8478 0.0634 0.0000 0.0888
029740 0.8478 0.0634 0.0000 0.0888
029760 0.8478 0.0634 0.0000 0.0888
029780 0.8478 0.0634 0.0000 0.0888
029800 0.8478 0.0634 0.0000 0.0888
029820 0.8478 0.0634 0.0000 0.0888
029840 0.8478 0.0634 0.0000 0.0888
029860 0.8478 0.0634 0.0000 0.0888
029880 0.8478 0.0634 0.0000 0.0888
029900 0.8478 0.0634 0.0000 0.0888
029920 0.8478 0.0634 0.0000 0.0888
029940 0.8478 0.0634 0.0000 0.0888
029960 0.8478 0.0634 0.0000 0.0888
029980 0.8478 0.0634 0.0000 0.0888
030000 0.8478 0.0634 0.0000 0.0888
