000000 0.2498 0.2510 0.2498 0.2494
000020 0.1280 0.6889 0.0014 0.1817
000040 0.1037 0.7263 0.0001 0.1699
000060 0.0895 0.7453 0.0000 0.1652
000080 0.0791 0.7574 0.0000 0.1635
000100 0.0709 0.7669 0.0000 0.1622
000120 0.0650 0.7727 0.0000 0.1623
000140 0.0577 0.7802 0.0000 0.1621
000160 0.0533 0.7856 0.0000 0.1611
000180 0.0488 0.7900 0.0000 0.1612
000200 0.0443 0.7946 0.0000 0.1612
000220 0.0407 0.7995 0.0000 0.1598
000240 0.0383 0.8023 0.0000 0.1594
000260 0.0363 0.8028 0.0000 0.1608
000280 0.0338 0.8062 0.0000 0.1601
000300 0.0315 0.8083 0.0000 0.1602
000320 0.0288 0.8095 0.0000 0.1617
000340 0.0276 0.8121 0.0000 0.1603
000360 0.0258 0.8136 0.0000 0.1607
000380 0.0245 0.8158 0.0000 0.1597
000400 0.0229 0.8164 0.0000 0.1606
000420 0.0222 0.8178 0.0000 0.1600
000440 0.0205 0.8196 0.0000 0.1599
000460 0.0201 0.8199 0.0000 0.1599
000480 0.0184 0.8223 0.0000 0.1593
000500 0.0180 0.8229 0.0000 0.1592
000520 0.0167 0.8240 0.0000 0.1593
000540 0.0155 0.8243 0.0000 0.1603
000560 0.0151 0.8256 0.0000 0.1593
000580 0.0144 0.8259 0.0000 0.1596
000600 0.0135 0.8269 0.0000 0.1596
000620 0.0127 0.8273 0.0000 0.1600
000640 0.0126 0.8275 0.0000 0.1600
000660 0.0119 0.8289 0.0000 0.1593
000680 0.0104 0.8305 0.0000 0.1592
000700 0.0097 0.8309 0.0000 0.1594
000720 0.0096 0.8313 0.0000 0.1591
000740 0.0093 0.8318 0.0000 0.1589
000760 0.0088 0.8321 0.0000 0.1591
000780 0.0079 0.8324 0.0000 0.1597
000800 0.0075 0.8340 0.0000 0.1585
000820 0.0073 0.8340 0.0000 0.1587
000840 0.0068 0.8348 0.0000 0.1584
000860 0.0066 0.8340 0.0000 0.1594
000880 0.0062 0.8343 0.0000 0.1595
000900 0.0059 0.8354 0.0000 0.1587
000920 0.0053 0.8352 0.0000 0.1595
000940 0.0053 0.8353 0.0000 0.1594
000960 0.0048 0.8354 0.0000 0.1599
000980 0.0047 0.8363 0.0000 0.1590
001000 0.0043 0.8362 0.0000 0.1595
001020 0.0043 0.8372 0.0000 0.1585
001040 0.0038 0.8371 0.0000 0.1590
001060 0.0038 0.8378 0.0000 0.1584
001080 0.0038 0.8374 0.0000 0.1589
001100 0.0034 0.8375 0.0000 0.1590
001120 0.0032 0.8387 0.0000 0.1581
001140 0.0029 0.8381 0.0000 0.1589
001160 0.0026 0.8383 0.0000 0.1590
001180 0.0025 0.8390 0.0000 0.1585
001200 0.0024 0.8385 0.0000 0.1591
001220 0.0024 0.8384 0.0000 0.1592
001240 0.0024 0.8383 0.0000 0.1593
001260 0.0023 0.8386 0.0000 0.1591
001280 0.0023 0.8389 0.0000 0.1589
001300 0.0020 0.8389 0.0000 0.1591
001320 0.0020 0.8391 0.0000 0.1589
001340 0.0018 0.8398 0.0000 0.1584
001360 0.0018 0.8397 0.0000 0.1585
001380 0.0016 0.8394 0.0000 0.1590
001400 0.0015 0.8404 0.0000 0.1581
001420 0.0013 0.8400 0.0000 0.1587
001440 0.0011 0.8405 0.0000 0.1584
001460 0.0009 0.8406 0.0000 0.1585
001480 0.0008 0.8415 0.0000 0.1577
001500 0.0008 0.8403 0.0000 0.1589
001520 0.0009 0.8403 0.0000 0.1588
001540 0.0009 0.8400 0.0000 0.1591
001560 0.0006 0.8416 0.0000 0.1578
001580 0.0006 0.8409 0.0000 0.1585
001600 0.0004 0.8415 0.0000 0.1580
001620 0.0004 0.8413 0.0000 0.1584
001640 0.0004 0.8403 0.0000 0.1594
001660 0.0004 0.8408 0.0000 0.1588
001680 0.0003 0.8410 0.0000 0.1586
001700 0.0003 0.8409 0.0000 0.1588
001720 0.0003 0.8415 0.0000 0.1582
001740 0.0002 0.8404 0.0000 0.1594
001760 0.0002 0.8414 0.0000 0.1584
001780 0.0001 0.8415 0.0000 0.1584
001800 0.0002 0.8408 0.0000 0.1590
001820 0.0002 0.8407 0.0000 0.1591
001840 0.0001 0.8413 0.0000 0.1585
001860 0.0001 0.8410 0.0000 0.1589
001880 0.0001 0.8414 0.0000 0.1585
001900 0.0001 0.8414 0.0000 0.1585
001920 0.0002 0.8423 0.0000 0.1575
001940 0.0002 0.8421 0.0000 0.1577
001960 0.0002 0.8414 0.0000 0.1584
001980 0.0002 0.8416 0.0000 0.1582
002000 0.0002 0.8415 0.0000 0.1583
002020 0.0002 0.8407 0.0000 0.1591
002040 0.0001 0.8410 0.0000 0.1588
002060 0.0001 0.8413 0.0000 0.1587
002080 0.0000 0.8413 0.0000 0.1586
002100 0.0001 0.8411 0.0000 0.1588
002120 0.0001 0.8413 0.0000 0.1586
002140 0.0000 0.8425 0.0000 0.1574
002160 0.0000 0.8416 0.0000 0.1583
002180 0.0000 0.8415 0.0000 0.1585
002200 0.0000 0.8409 0.0000 0.1591
002220 0.0000 0.8410 0.0000 0.1590
002240 0.0000 0.8403 0.0000 0.1597
002260 0.0000 0.8415 0.0000 0.1585
002280 0.0000 0.8405 0.0000 0.1595
002300 0.0000 0.8406 0.0000 0.1594
002320 0.0000 0.8414 0.0000 0.1586
002340 0.0000 0.8415 0.0000 0.1585
002360 0.0000 0.8413 0.0000 0.1587
002380 0.0000 0.8416 0.0000 0.1584
002400 0.0000 0.8425 0.0000 0.1575
002420 0.0000 0.8410 0.0000 0.1590
002440 0.0000 0.8411 0.0000 0.1589
002460 0.0000 0.8416 0.0000 0.1584
002480 0.0000 0.8416 0.0000 0.1584
002500 0.0000 0.8413 0.0000 0.1587
002520 0.0000 0.8412 0.0000 0.1588
002540 0.0000 0.8406 0.0000 0.1594
002560 0.0000 0.8412 0.0000 0.1588
002580 0.0000 0.8413 0.0000 0.1587
002600 0.0000 0.8417 0.0000 0.1583
002620 0.0000 0.8419 0.0000 0.1581
002640 0.0000 0.8420 0.0000 0.1580
002660 0.0000 0.8415 0.0000 0.1585
002680 0.0000 0.8426 0.0000 0.1574
002700 0.0000 0.8412 0.0000 0.1588
002720 0.0000 0.8412 0.0000 0.1588
002740 0.0000 0.8416 0.0000 0.1584
002760 0.0000 0.8415 0.0000 0.1585
002780 0.0000 0.8412 0.0000 0.1588
002800 0.0000 0.8420 0.0000 0.1580
002820 0.0000 0.8417 0.0000 0.1583
002840 0.0000 0.8414 0.0000 0.1586
002860 0.0000 0.8406 0.0000 0.1594
002880 0.0000 0.8418 0.0000 0.1582
002900 0.0000 0.8420 0.0000 0.1580
002920 0.0000 0.8414 0.0000 0.1586
002940 0.0000 0.8420 0.0000 0.1580
002960 0.0000 0.8423 0.0000 0.1578
002980 0.0000 0.8405 0.0000 0.1595
003000 0.0000 0.8411 0.0000 0.1589
003020 0.0000 0.8405 0.0000 0.1595
003040 0.0000 0.8407 0.0000 0.1593
003060 0.0000 0.8410 0.0000 0.1590
003080 0.0000 0.8412 0.0000 0.1588
003100 0.0000 0.8416 0.0000 0.1584
003120 0.0000 0.8418 0.0000 0.1582
003140 0.0000 0.8410 0.0000 0.1590
003160 0.0000 0.8410 0.0000 0.1590
003180 0.0000 0.8418 0.0000 0.1582
003200 0.0000 0.8413 0.0000 0.1587
003220 0.0000 0.8417 0.0000 0.1583
003240 0.0000 0.8417 0.0000 0.1583
003260 0.0000 0.8425 0.0000 0.1575
003280 0.0000 0.8417 0.0000 0.1583
003300 0.0000 0.8412 0.0000 0.1588
003320 0.0000 0.8408 0.0000 0.1592
003340 0.0000 0.8411 0.0000 0.1589
003360 0.0000 0.8421 0.0000 0.1579
003380 0.0000 0.8410 0.0000 0.1590
003400 0.0000 0.8415 0.0000 0.1585
003420 0.0000 0.8414 0.0000 0.1586
003440 0.0000 0.8404 0.0000 0.1596
003460 0.0000 0.8411 0.0000 0.1589
003480 0.0000 0.8412 0.0000 0.1588
003500 0.0000 0.8408 0.0000 0.1592
003520 0.0000 0.8405 0.0000 0.1595
003540 0.0000 0.8409 0.0000 0.1591
003560 0.0000 0.8416 0.0000 0.1584
003580 0.0000 0.8421 0.0000 0.1579
003600 0.0000 0.8424 0.0000 0.1576
003620 0.0000 0.8415 0.0000 0.1585
003640 0.0000 0.8422 0.0000 0.1578
003660 0.0000 0.8412 0.0000 0.1588
003680 0.0000 0.8409 0.0000 0.1591
003700 0.0000 0.8416 0.0000 0.1584
003720 0.0000 0.8404 0.0000 0.1596
003740 0.0000 0.8412 0.0000 0.1588
003760 0.0000 0.8408 0.0000 0.1592
003780 0.0000 0.8417 0.0000 0.1583
003800 0.0000 0.8404 0.0000 0.1596
003820 0.0000 0.8408 0.0000 0.1592
003840 0.0000 0.8416 0.0000 0.1584
003860 0.0000 0.8411 0.0000 0.1589
003880 0.0000 0.8420 0.0000 0.1580
003900 0.0000 0.8415 0.0000 0.1585
003920 0.0000 0.8414 0.0000 0.1586
003940 0.0000 0.8415 0.0000 0.1585
003960 0.0000 0.8416 0.0000 0.1584
003980 0.0000 0.8418 0.0000 0.1582
004000 0.0000 0.8412 0.0000 0.1588
004020 0.0000 0.8411 0.0000 0.1589
004040 0.0000 0.8413 0.0000 0.1587
004060 0.0000 0.8406 0.0000 0.1594
004080 0.0000 0.8401 0.0000 0.1599
004100 0.0000 0.8406 0.0000 0.1594
004120 0.0000 0.8411 0.0000 0.1589
004140 0.0000 0.8406 0.0000 0.1594
004160 0.0000 0.8409 0.0000 0.1591
004180 0.0000 0.8408 0.0000 0.1592
004200 0.0000 0.8410 0.0000 0.1590
004220 0.0000 0.8422 0.0000 0.1578
004240 0.0000 0.8414 0.0000 0.1586
004260 0.0000 0.8407 0.0000 0.1593
004280 0.0000 0.8412 0.0000 0.1588
004300 0.0000 0.8413 0.0000 0.1587
004320 0.0000 0.8412 0.0000 0.1588
004340 0.0000 0.8416 0.0000 0.1584
004360 0.0000 0.8416 0.0000 0.1584
004380 0.0000 0.8406 0.0000 0.1594
004400 0.0000 0.8416 0.0000 0.1584
004420 0.0000 0.8417 0.0000 0.1583
004440 0.0000 0.8418 0.0000 0.1582
004460 0.0000 0.8411 0.0000 0.1589
004480 0.0000 0.8413 0.0000 0.1587
004500 0.0000 0.8410 0.0000 0.1590
004520 0.0000 0.8414 0.0000 0.1586
004540 0.0000 0.8417 0.0000 0.1583
004560 0.0000 0.8418 0.0000 0.1582
004580 0.0000 0.8425 0.0000 0.1575
004600 0.0000 0.8421 0.0000 0.1579
004620 0.0000 0.8421 0.0000 0.1579
004640 0.0000 0.8416 0.0000 0.1584
004660 0.0000 0.8413 0.0000 0.1587
004680 0.0000 0.8422 0.0000 0.1578
004700 0.0000 0.8413 0.0000 0.1587
004720 0.0000 0.8420 0.0000 0.1580
004740 0.0000 0.8421 0.0000 0.1579
004760 0.0000 0.8419 0.0000 0.1581
004780 0.0000 0.8417 0.0000 0.1583
004800 0.0000 0.8416 0.0000 0.1584
004820 0.0000 0.8417 0.0000 0.1583
004840 0.0000 0.8419 0.0000 0.1581
004860 0.0000 0.8412 0.0000 0.1588
004880 0.0000 0.8408 0.0000 0.1592
004900 0.0000 0.8412 0.0000 0.1588
004920 0.0000 0.8410 0.0000 0.1590
004940 0.0000 0.8410 0.0000 0.1590
004960 0.0000 0.8406 0.0000 0.1594
004980 0.0000 0.8406 0.0000 0.1594
005000 0.0000 0.8410 0.0000 0.1590
005020 0.0000 0.8403 0.0000 0.1597
005040 0.0000 0.8413 0.0000 0.1587
005060 0.0000 0.8413 0.0000 0.1587
005080 0.0000 0.8407 0.0000 0.1593
005100 0.0000 0.8408 0.0000 0.1592
005120 0.0000 0.8407 0.0000 0.1593
005140 0.0000 0.8417 0.0000 0.1583
005160 0.0000 0.8410 0.0000 0.1590
005180 0.0000 0.8406 0.0000 0.1594
005200 0.0000 0.8411 0.0000 0.1589
005220 0.0000 0.8416 0.0000 0.1585
005240 0.0000 0.8404 0.0000 0.1596
005260 0.0000 0.8411 0.0000 0.1589
005280 0.0000 0.8416 0.0000 0.1584
005300 0.0000 0.8414 0.0000 0.1586
005320 0.0000 0.8408 0.0000 0.1592
005340 0.0000 0.8409 0.0000 0.1591
005360 0.0000 0.8417 0.0000 0.1583
005380 0.0000 0.8412 0.0000 0.1588
005400 0.0000 0.8413 0.0000 0.1587
005420 0.0000 0.8409 0.0000 0.1591
005440 0.0000 0.8415 0.0000 0.1585
005460 0.0000 0.8418 0.0000 0.1582
005480 0.0000 0.8424 0.0000 0.1576
005500 0.0000 0.8414 0.0000 0.1586
005520 0.0000 0.8420 0.0000 0.1580
005540 0.0000 0.8417 0.0000 0.1583
005560 0.0000 0.8413 0.0000 0.1587
005580 0.0000 0.8420 0.0000 0.1580
005600 0.0000 0.8416 0.0000 0.1584
005620 0.0000 0.8419 0.0000 0.1581
005640 0.0000 0.8416 0.0000 0.1584
005660 0.0000 0.8399 0.0000 0.1601
005680 0.0000 0.8411 0.0000 0.1589
005700 0.0000 0.8414 0.0000 0.1586
005720 0.0000 0.8407 0.0000 0.1593
005740 0.0000 0.8417 0.0000 0.1583
005760 0.0000 0.8419 0.0000 0.1581
005780 0.0000 0.8411 0.0000 0.1589
005800 0.0000 0.8409 0.0000 0.1591
005820 0.0000 0.8411 0.0000 0.1589
005840 0.0000 0.8406 0.0000 0.1594
005860 0.0000 0.8412 0.0000 0.1588
005880 0.0000 0.8419 0.0000 0.1581
005900 0.0000 0.8415 0.0000 0.1585
005920 0.0000 0.8421 0.0000 0.1579
005940 0.0000 0.8417 0.0000 0.1583
005960 0.0000 0.8408 0.0000 0.1592
005980 0.0000 0.8410 0.0000 0.1590
006000 0.0000 0.8410 0.0000 0.1590
006020 0.0000 0.8409 0.0000 0.1591
006040 0.0000 0.8417 0.0000 0.1583
006060 0.0000 0.8414 0.0000 0.1586
006080 0.0000 0.8416 0.0000 0.1584
006100 0.0000 0.8412 0.0000 0.1588
006120 0.0000 0.8417 0.0000 0.1583
006140 0.0000 0.8404 0.0000 0.1596
006160 0.0000 0.8409 0.0000 0.1591
006180 0.0000 0.8418 0.0000 0.1582
006200 0.0000 0.8416 0.0000 0.1584
006220 0.0000 0.8410 0.0000 0.1590
006240 0.0000 0.8417 0.0000 0.1583
006260 0.0000 0.8416 0.0000 0.1584
006280 0.0000 0.8414 0.0000 0.1586
006300 0.0000 0.8413 0.0000 0.1587
006320 0.0000 0.8408 0.0000 0.1592
006340 0.0000 0.8410 0.0000 0.1590
006360 0.0000 0.8407 0.0000 0.1593
006380 0.0000 0.8414 0.0000 0.1586
006400 0.0000 0.8417 0.0000 0.1583
006420 0.0000 0.8410 0.0000 0.1590
006440 0.0000 0.8411 0.0000 0.1589
006460 0.0000 0.8407 0.0000 0.1593
006480 0.0000 0.8412 0.0000 0.1588
006500 0.0000 0.8411 0.0000 0.1589
006520 0.0000 0.8410 0.0000 0.1590
006540 0.0000 0.8413 0.0000 0.1587
006560 0.0000 0.8420 0.0000 0.1580
006580 0.0000 0.8410 0.0000 0.1590
006600 0.0000 0.8412 0.0000 0.1588
006620 0.0000 0.8407 0.0000 0.1593
006640 0.0000 0.8412 0.0000 0.1588
006660 0.0000 0.8412 0.0000 0.1588
006680 0.0000 0.8416 0.0000 0.1584
006700 0.0000 0.8413 0.0000 0.1587
006720 0.0000 0.8417 0.0000 0.1583
006740 0.0000 0.8411 0.0000 0.1589
006760 0.0000 0.8412 0.0000 0.1588
006780 0.0000 0.8408 0.0000 0.1592
006800 0.0000 0.8412 0.0000 0.1588
006820 0.0000 0.8412 0.0000 0.1588
006840 0.0000 0.8414 0.0000 0.1586
006860 0.0000 0.8406 0.0000 0.1594
006880 0.0000 0.8408 0.0000 0.1592
006900 0.0000 0.8413 0.0000 0.1587
006920 0.0000 0.8414 0.0000 0.1586
006940 0.0000 0.8408 0.0000 0.1592
006960 0.0000 0.8417 0.0000 0.1583
006980 0.0000 0.8413 0.0000 0.1587
007000 0.0000 0.8417 0.0000 0.1583
007020 0.0000 0.8408 0.0000 0.1592
007040 0.0000 0.8413 0.0000 0.1587
007060 0.0000 0.8411 0.0000 0.1589
007080 0.0000 0.8412 0.0000 0.1588
007100 0.0000 0.8416 0.0000 0.1584
007120 0.0000 0.8409 0.0000 0.1591
007140 0.0000 0.8416 0.0000 0.1584
007160 0.0000 0.8417 0.0000 0.1583
007180 0.0000 0.8415 0.0000 0.1585
007200 0.0000 0.8417 0.0000 0.1583
007220 0.0000 0.8412 0.0000 0.1588
007240 0.0000 0.8411 0.0000 0.1589
007260 0.0000 0.8414 0.0000 0.1586
007280 0.0000 0.8415 0.0000 0.1585
007300 0.0000 0.8414 0.0000 0.1586
007320 0.0000 0.8404 0.0000 0.1596
007340 0.0000 0.8415 0.0000 0.1585
007360 0.0000 0.8412 0.0000 0.1588
007380 0.0000 0.8418 0.0000 0.1582
007400 0.0000 0.8415 0.0000 0.1585
007420 0.0000 0.8420 0.0000 0.1580
007440 0.0000 0.8412 0.0000 0.1588
007460 0.0000 0.8415 0.0000 0.1585
007480 0.0000 0.8414 0.0000 0.1586
007500 0.0000 0.8409 0.0000 0.1591
007520 0.0000 0.8411 0.0000 0.1589
007540 0.0000 0.8413 0.0000 0.1587
007560 0.0000 0.8412 0.0000 0.1588
007580 0.0000 0.8412 0.0000 0.1588
007600 0.0000 0.8408 0.0000 0.1592
007620 0.0000 0.8423 0.0000 0.1577
007640 0.0000 0.8416 0.0000 0.1584
007660 0.0000 0.8410 0.0000 0.1590
007680 0.0000 0.8414 0.0000 0.1586
007700 0.0000 0.8415 0.0000 0.1585
007720 0.0000 0.8419 0.0000 0.1581
007740 0.0000 0.8414 0.0000 0.1586
007760 0.0000 0.8417 0.0000 0.1583
007780 0.0000 0.8418 0.0000 0.1582
007800 0.0000 0.8415 0.0000 0.1585
007820 0.0000 0.8420 0.0000 0.1580
007840 0.0000 0.8410 0.0000 0.1590
007860 0.0000 0.8406 0.0000 0.1594
007880 0.0000 0.8422 0.0000 0.1578
007900 0.0000 0.8420 0.0000 0.1580
007920 0.0000 0.8413 0.0000 0.1588
007940 0.0000 0.8415 0.0000 0.1585
007960 0.0000 0.8413 0.0000 0.1587
007980 0.0000 0.8418 0.0000 0.1582
008000 0.0000 0.8418 0.0000 0.1582
008020 0.0000 0.8418 0.0000 0.1582
008040 0.0000 0.8417 0.0000 0.1583
008060 0.0000 0.8411 0.0000 0.1589
008080 0.0000 0.8416 0.0000 0.1584
008100 0.0000 0.8413 0.0000 0.1587
008120 0.0000 0.8411 0.0000 0.1589
008140 0.0000 0.8409 0.0000 0.1591
008160 0.0000 0.8413 0.0000 0.1587
008180 0.0000 0.8411 0.0000 0.1589
008200 0.0000 0.8412 0.0000 0.1588
008220 0.0000 0.8409 0.0000 0.1591
008240 0.0000 0.8413 0.0000 0.1587
008260 0.0000 0.8415 0.0000 0.1585
008280 0.0000 0.8417 0.0000 0.1583
008300 0.0000 0.8410 0.0000 0.1590
008320 0.0000 0.8412 0.0000 0.1588
008340 0.0000 0.8412 0.0000 0.1588
008360 0.0000 0.8411 0.0000 0.1589
008380 0.0000 0.8422 0.0000 0.1578
008400 0.0000 0.8412 0.0000 0.1588
008420 0.0000 0.8417 0.0000 0.1583
008440 0.0000 0.8415 0.0000 0.1585
008460 0.0000 0.8412 0.0000 0.1588
008480 0.0000 0.8412 0.0000 0.1588
008500 0.0000 0.8416 0.0000 0.1584
008520 0.0000 0.8411 0.0000 0.1589
008540 0.0000 0.8417 0.0000 0.1583
008560 0.0000 0.8419 0.0000 0.1581
008580 0.0000 0.8415 0.0000 0.1585
008600 0.0000 0.8418 0.0000 0.1582
008620 0.0000 0.8412 0.0000 0.1588
008640 0.0000 0.8415 0.0000 0.1585
008660 0.0000 0.8413 0.0000 0.1587
008680 0.0000 0.8409 0.0000 0.1591
008700 0.0000 0.8408 0.0000 0.1592
008720 0.0000 0.8415 0.0000 0.1585
008740 0.0000 0.8410 0.0000 0.1590
008760 0.0000 0.8406 0.0000 0.1594
008780 0.0000 0.8411 0.0000 0.1589
008800 0.0000 0.8412 0.0000 0.1588
008820 0.0000 0.8407 0.0000 0.1593
008840 0.0000 0.8411 0.0000 0.1589
008860 0.0000 0.8410 0.0000 0.1590
008880 0.0000 0.8410 0.0000 0.1590
008900 0.0000 0.8418 0.0000 0.1582
008920 0.0000 0.8410 0.0000 0.1590
008940 0.0000 0.8405 0.0000 0.1595
008960 0.0000 0.8416 0.0000 0.1584
008980 0.0000 0.8406 0.0000 0.1594
009000 0.0000 0.8408 0.0000 0.1592
009020 0.0000 0.8418 0.0000 0.1582
009040 0.0000 0.8411 0.0000 0.1589
009060 0.0000 0.8406 0.0000 0.1594
009080 0.0000 0.8415 0.0000 0.1585
009100 0.0000 0.8408 0.0000 0.1592
009120 0.0000 0.8414 0.0000 0.1586
009140 0.0000 0.8416 0.0000 0.1584
009160 0.0000 0.8420 0.0000 0.1580
009180 0.0000 0.8416 0.0000 0.1584
009200 0.0000 0.8417 0.0000 0.1583
009220 0.0000 0.8415 0.0000 0.1585
009240 0.0000 0.8416 0.0000 0.1584
009260 0.0000 0.8419 0.0000 0.1581
009280 0.0000 0.8418 0.0000 0.1582
009300 0.0000 0.8414 0.0000 0.1586
009320 0.0000 0.8413 0.0000 0.1587
009340 0.0000 0.8406 0.0000 0.1594
009360 0.0000 0.8409 0.0000 0.1591
009380 0.0000 0.8417 0.0000 0.1583
009400 0.0000 0.8416 0.0000 0.1584
009420 0.0000 0.8420 0.0000 0.1580
009440 0.0000 0.8413 0.0000 0.1587
009460 0.0000 0.8417 0.0000 0.1583
009480 0.0000 0.8419 0.0000 0.1581
009500 0.0000 0.8409 0.0000 0.1591
009520 0.0000 0.8412 0.0000 0.1588
009540 0.0000 0.8405 0.0000 0.1595
009560 0.0000 0.8411 0.0000 0.1589
009580 0.0000 0.8413 0.0000 0.1587
009600 0.0000 0.8424 0.0000 0.1576
009620 0.0000 0.8413 0.0000 0.1587
009640 0.0000 0.8417 0.0000 0.1583
009660 0.0000 0.8407 0.0000 0.1593
009680 0.0000 0.8411 0.0000 0.1589
009700 0.0000 0.8414 0.0000 0.1586
009720 0.0000 0.8417 0.0000 0.1583
009740 0.0000 0.8408 0.0000 0.1592
009760 0.0000 0.8406 0.0000 0.1594
009780 0.0000 0.8429 0.0000 0.1571
009800 0.0000 0.8414 0.0000 0.1586
009820 0.0000 0.8419 0.0000 0.1581
009840 0.0000 0.8407 0.0000 0.1593
009860 0.0000 0.8409 0.0000 0.1591
009880 0.0000 0.8410 0.0000 0.1590
009900 0.0000 0.8407 0.0000 0.1593
009920 0.0000 0.8407 0.0000 0.1593
009940 0.0000 0.8408 0.0000 0.1592
009960 0.0000 0.8401 0.0000 0.1599
009980 0.0000 0.8410 0.0000 0.1590
010000 0.0000 0.8409 0.0000 0.1591
010020 0.0000 0.8418 0.0000 0.1582
010040 0.0000 0.8418 0.0000 0.1582
010060 0.0000 0.8418 0.0000 0.1582
010080 0.0000 0.8418 0.0000 0.1582
010100 0.0000 0.8418 0.0000 0.1582
010120 0.0000 0.8418 0.0000 0.1582
010140 0.0000 0.8418 0.0000 0.1582
010160 0.0000 0.8418 0.0000 0.1582
010180 0.0000 0.8418 0.0000 0.1582
010200 0.0000 0.8418 0.0000 0.1582
010220 0.0000 0.8418 0.0000 0.1582
010240 0.0000 0.8418 0.0000 0.1582
010260 0.0000 0.8418 0.0000 0.1582
010280 0.0000 0.8418 0.0000 0.1582
010300 0.0000 0.8418 0.0000 0.1582
010320 0.0000 0.8418 0.0000 0.1582
010340 0.0000 0.8418 0.0000 0.1582
010360 0.0000 0.8418 0.0000 0.1582
010380 0.0000 0.8418 0.0000 0.1582
010400 0.0000 0.8418 0.0000 0.1582
010420 0.0000 0.8418 0.0000 0.1582
010440 0.0000 0.8418 0.0000 0.1582
010460 0.0000 0.8418 0.0000 0.1582
010480 0.0000 0.8418 0.0000 0.1582
010500 0.0000 0.8418 0.0000 0.1582
010520 0.0000 0.8418 0.0000 0.1582
010540 0.0000 0.8418 0.0000 0.1582
010560 0.0000 0.8418 0.0000 0.1582
010580 0.0000 0.8418 0.0000 0.1582
010600 0.0000 0.8418 0.0000 0.1582
010620 0.0000 0.8418 0.0000 0.1582
010640 0.0000 0.8418 0.0000 0.1582
010660 0.0000 0.8418 0.0000 0.1582
010680 0.0000 0.8418 0.0000 0.1582
010700 0.0000 0.8418 0.0000 0.1582
010720 0.0000 0.8418 0.0000 0.1582
010740 0.0000 0.8418 0.0000 0.1582
010760 0.0000 0.8418 0.0000 0.1582
010780 0.0000 0.8418 0.0000 0.1582
010800 0.0000 0.8418 0.0000 0.1582
010820 0.0000 0.8418 0.0000 0.1582
010840 0.0000 0.8418 0.0000 0.1582
010860 0.0000 0.8418 0.0000 0.1582
010880 0.0000 0.8418 0.0000 0.1582
010900 0.0000 0.8418 0.0000 0.1582
010920 0.0000 0.8418 0.0000 0.1582
010940 0.0000 0.8418 0.0000 0.1582
010960 0.0000 0.8418 0.0000 0.1582
010980 0.0000 0.8418 0.0000 0.1582
011000 0.0000 0.8418 0.0000 0.1582
011020 0.0000 0.8418 0.0000 0.1582
011040 0.0000 0.8418 0.0000 0.1582
011060 0.0000 0.8418 0.0000 0.1582
011080 0.0000 0.8418 0.0000 0.1582
011100 0.0000 0.8418 0.0000 0.1582
011120 0.0000 0.8418 0.0000 0.1582
011140 0.0000 0.8418 0.0000 0.1582
011160 0.0000 0.8418 0.0000 0.1582
011180 0.0000 0.8418 0.0000 0.1582
011200 0.0000 0.8418 0.0000 0.1582
011220 0.0000 0.8418 0.0000 0.1582
011240 0.0000 0.8418 0.0000 0.1582
011260 0.0000 0.8418 0.0000 0.1582
011280 0.0000 0.8418 0.0000 0.1582
011300 0.0000 0.8418 0.0000 0.1582
011320 0.0000 0.8418 0.0000 0.1582
011340 0.0000 0.8418 0.0000 0.1582
011360 0.0000 0.8418 0.0000 0.1582
011380 0.0000 0.8418 0.0000 0.1582
011400 0.0000 0.8418 0.0000 0.1582
011420 0.0000 0.8418 0.0000 0.1582
011440 0.0000 0.8418 0.0000 0.1582
011460 0.0000 0.8418 0.0000 0.1582
011480 0.0000 0.8418 0.0000 0.1582
011500 0.0000 0.8418 0.0000 0.1582
011520 0.0000 0.8418 0.0000 0.1582
011540 0.0000 0.8418 0.0000 0.1582
011560 0.0000 0.8418 0.0000 0.1582
011580 0.0000 0.8418 0.0000 0.1582
011600 0.0000 0.8418 0.0000 0.1582
011620 0.0000 0.8418 0.0000 0.1582
011640 0.0000 0.8418 0.0000 0.1582
011660 0.0000 0.8418 0.0000 0.1582
011680 0.0000 0.8418 0.0000 0.1582
011700 0.0000 0.8418 0.0000 0.1582
011720 0.0000 0.8418 0.0000 0.1582
011740 0.0000 0.8418 0.0000 0.1582
011760 0.0000 0.8418 0.0000 0.1582
011780 0.0000 0.8418 0.0000 0.1582
011800 0.0000 0.8418 0.0000 0.1582
011820 0.0000 0.8418 0.0000 0.1582
011840 0.0000 0.8418 0.0000 0.1582
011860 0.0000 0.8418 0.0000 0.1582
011880 0.0000 0.8418 0.0000 0.1582
011900 0.0000 0.8418 0.0000 0.1582
011920 0.0000 0.8418 0.0000 0.1582
011940 0.0000 0.8418 0.0000 0.1582
011960 0.0000 0.8418 0.0000 0.1582
011980 0.0000 0.8418 0.0000 0.1582
012000 0.0000 0.8418 0.0000 0.1582
012020 0.0000 0.8418 0.0000 0.1582
012040 0.0000 0.8418 0.0000 0.1582
012060 0.0000 0.8418 0.0000 0.1582
012080 0.0000 0.8418 0.0000 0.1582
012100 0.0000 0.8418 0.0000 0.1582
012120 0.0000 0.8418 0.0000 0.1582
012140 0.0000 0.8418 0.0000 0.1582
012160 0.0000 0.8418 0.0000 0.1582
012180 0.0000 0.8418 0.0000 0.1582
012200 0.0000 0.8418 0.0000 0.1582
012220 0.0000 0.8418 0.0000 0.1582
012240 0.0000 0.8418 0.0000 0.1582
012260 0.0000 0.8418 0.0000 0.1582
012280 0.0000 0.8418 0.0000 0.1582
012300 0.0000 0.8418 0.0000 0.1582
012320 0.0000 0.8418 0.0000 0.1582
012340 0.0000 0.8418 0.0000 0.1582
012360 0.0000 0.8418 0.0000 0.1582
012380 0.0000 0.8418 0.0000 0.1582
012400 0.0000 0.8418 0.0000 0.1582
012420 0.0000 0.8418 0.0000 0.1582
012440 0.0000 0.8418 0.0000 0.1582
012460 0.0000 0.8418 0.0000 0.1582
012480 0.0000 0.8418 0.0000 0.1582
012500 0.0000 0.8418 0.0000 0.1582
012520 0.0000 0.8418 0.0000 0.1582
012540 0.0000 0.8418 0.0000 0.1582
012560 0.0000 0.8418 0.0000 0.1582
012580 0.0000 0.8418 0.0000 0.1582
012600 0.0000 0.8418 0.0000 0.1582
012620 0.0000 0.8418 0.0000 0.1582
012640 0.0000 0.8418 0.0000 0.1582
012660 0.0000 0.8418 0.0000 0.1582
012680 0.0000 0.8418 0.0000 0.1582
012700 0.0000 0.8418 0.0000 0.1582
012720 0.0000 0.8418 0.0000 0.1582
012740 0.0000 0.8418 0.0000 0.1582
012760 0.0000 0.8418 0.0000 0.1582
012780 0.0000 0.8418 0.0000 0.1582
012800 0.0000 0.8418 0.0000 0.1582
012820 0.0000 0.8418 0.0000 0.1582
012840 0.0000 0.8418 0.0000 0.1582
012860 0.0000 0.8418 0.0000 0.1582
012880 0.0000 0.8418 0.0000 0.1582
012900 0.0000 0.8418 0.0000 0.1582
012920 0.0000 0.8418 0.0000 0.1582
012940 0.0000 0.8418 0.0000 0.1582
012960 0.0000 0.8418 0.0000 0.1582
012980 0.0000 0.8418 0.0000 0.1582
013000 0.0000 0.8418 0.0000 0.1582
013020 0.0000 0.8418 0.0000 0.1582
013040 0.0000 0.8418 0.0000 0.1582
013060 0.0000 0.8418 0.0000 0.1582
013080 0.0000 0.8418 0.0000 0.1582
013100 0.0000 0.8418 0.0000 0.1582
013120 0.0000 0.8418 0.0000 0.1582
013140 0.0000 0.8418 0.0000 0.1582
013160 0.0000 0.8418 0.0000 0.1582
013180 0.0000 0.8418 0.0000 0.1582
013200 0.0000 0.8418 0.0000 0.1582
013220 0.0000 0.8418 0.0000 0.1582
013240 0.0000 0.8418 0.0000 0.1582
013260 0.0000 0.8418 0.0000 0.1582
013280 0.0000 0.8418 0.0000 0.1582
013300 0.0000 0.8418 0.0000 0.1582
013320 0.0000 0.8418 0.0000 0.1582
013340 0.0000 0.8418 0.0000 0.1582
013360 0.0000 0.8418 0.0000 0.1582
013380 0.0000 0.8418 0.0000 0.1582
013400 0.0000 0.8418 0.0000 0.1582
013420 0.0000 0.8418 0.0000 0.1582
013440 0.0000 0.8418 0.0000 0.1582
013460 0.0000 0.8418 0.0000 0.1582
013480 0.0000 0.8418 0.0000 0.1582
013500 0.0000 0.8418 0.0000 0.1582
013520 0.0000 0.8418 0.0000 0.1582
013540 0.0000 0.8418 0.0000 0.1582
013560 0.0000 0.8418 0.0000 0.1582
013580 0.0000 0.8418 0.0000 0.1582
013600 0.0000 0.8418 0.0000 0.1582
013620 0.0000 0.8418 0.0000 0.1582
013640 0.0000 0.8418 0.0000 0.1582
013660 0.0000 0.8418 0.0000 0.1582
013680 0.0000 0.8418 0.0000 0.1582
013700 0.0000 0.8418 0.0000 0.1582
013720 0.0000 0.8418 0.0000 0.1582
013740 0.0000 0.8418 0.0000 0.1582
013760 0.0000 0.8418 0.0000 0.1582
013780 0.0000 0.8418 0.0000 0.1582
013800 0.0000 0.8418 0.0000 0.1582
013820 0.0000 0.8418 0.0000 0.1582
013840 0.0000 0.8418 0.0000 0.1582
013860 0.0000 0.8418 0.0000 0.1582
013880 0.0000 0.8418 0.0000 0.1582
013900 0.0000 0.8418 0.0000 0.1582
013920 0.0000 0.8418 0.0000 0.1582
013940 0.0000 0.8418 0.0000 0.1582
013960 0.0000 0.8418 0.0000 0.1582
013980 0.0000 0.8418 0.0000 0.1582
014000 0.0000 0.8418 0.0000 0.1582
014020 0.0000 0.8418 0.0000 0.1582
014040 0.0000 0.8418 0.0000 0.1582
014060 0.0000 0.8418 0.0000 0.1582
014080 0.0000 0.8418 0.0000 0.1582
014100 0.0000 0.8418 0.0000 0.1582
014120 0.0000 0.8418 0.0000 0.1582
014140 0.0000 0.8418 0.0000 0.1582
014160 0.0000 0.8418 0.0000 0.1582
014180 0.0000 0.8418 0.0000 0.1582
014200 0.0000 0.8418 0.0000 0.1582
014220 0.0000 0.8418 0.0000 0.1582
014240 0.0000 0.8418 0.0000 0.1582
014260 0.0000 0.8418 0.0000 0.1582
014280 0.0000 0.8418 0.0000 0.1582
014300 0.0000 0.8418 0.0000 0.1582
014320 0.0000 0.8418 0.0000 0.1582
014340 0.0000 0.8418 0.0000 0.1582
014360 0.0000 0.8418 0.0000 0.1582
014380 0.0000 0.8418 0.0000 0.1582
014400 0.0000 0.8418 0.0000 0.1582
014420 0.0000 0.8418 0.0000 0.1582
014440 0.0000 0.8418 0.0000 0.1582
014460 0.0000 0.8418 0.0000 0.1582
014480 0.0000 0.8418 0.0000 0.1582
014500 0.0000 0.8418 0.0000 0.1582
014520 0.0000 0.8418 0.0000 0.1582
014540 0.0000 0.8418 0.0000 0.1582
014560 0.0000 0.8418 0.0000 0.1582
014580 0.0000 0.8418 0.0000 0.1582
014600 0.0000 0.8418 0.0000 0.1582
014620 0.0000 0.8418 0.0000 0.1582
014640 0.0000 0.8418 0.0000 0.1582
014660 0.0000 0.8418 0.0000 0.1582
014680 0.0000 0.8418 0.0000 0.1582
014700 0.0000 0.8418 0.0000 0.1582
014720 0.0000 0.8418 0.0000 0.1582
014740 0.0000 0.8418 0.0000 0.1582
014760 0.0000 0.8418 0.0000 0.1582
014780 0.0000 0.8418 0.0000 0.1582
014800 0.0000 0.8418 0.0000 0.1582
014820 0.0000 0.8418 0.0000 0.1582
014840 0.0000 0.8418 0.0000 0.1582
014860 0.0000 0.8418 0.0000 0.1582
014880 0.0000 0.8418 0.0000 0.1582
014900 0.0000 0.8418 0.0000 0.1582
014920 0.0000 0.8418 0.0000 0.1582
014940 0.0000 0.8418 0.0000 0.1582
014960 0.0000 0.8418 0.0000 0.1582
014980 0.0000 0.8418 0.0000 0.1582
015000 0.0000 0.8418 0.0000 0.1582
015020 0.0000 0.8418 0.0000 0.1582
015040 0.0000 0.8418 0.0000 0.1582
015060 0.0000 0.8418 0.0000 0.1582
015080 0.0000 0.8418 0.0000 0.1582
015100 0.0000 0.8418 0.0000 0.1582
015120 0.0000 0.8418 0.0000 0.1582
015140 0.0000 0.8418 0.0000 0.1582
015160 0.0000 0.8418 0.0000 0.1582
015180 0.0000 0.8418 0.0000 0.1582
015200 0.0000 0.8418 0.0000 0.1582
015220 0.0000 0.8418 0.0000 0.1582
015240 0.0000 0.8418 0.0000 0.1582
015260 0.0000 0.8418 0.0000 0.1582
015280 0.0000 0.8418 0.0000 0.1582
015300 0.0000 0.8418 0.0000 0.1582
015320 0.0000 0.8418 0.0000 0.1582
015340 0.0000 0.8418 0.0000 0.1582
015360 0.0000 0.8418 0.0000 0.1582
015380 0.0000 0.8418 0.0000 0.1582
015400 0.0000 0.8418 0.0000 0.1582
015420 0.0000 0.8418 0.0000 0.1582
015440 0.0000 0.8418 0.0000 0.1582
015460 0.0000 0.8418 0.0000 0.1582
015480 0.0000 0.8418 0.0000 0.1582
015500 0.0000 0.8418 0.0000 0.1582
015520 0.0000 0.8418 0.0000 0.1582
015540 0.0000 0.8418 0.0000 0.1582
015560 0.0000 0.8418 0.0000 0.1582
015580 0.0000 0.8418 0.0000 0.1582
015600 0.0000 0.8418 0.0000 0.1582
015620 0.0000 0.8418 0.0000 0.1582
015640 0.0000 0.8418 0.0000 0.1582
015660 0.0000 0.8418 0.0000 0.1582
015680 0.0000 0.8418 0.0000 0.1582
015700 0.0000 0.8418 0.0000 0.1582
015720 0.0000 0.8418 0.0000 0.1582
015740 0.0000 0.8418 0.0000 0.1582
015760 0.0000 0.8418 0.0000 0.1582
015780 0.0000 0.8418 0.0000 0.1582
015800 0.0000 0.8418 0.0000 0.1582
015820 0.0000 0.8418 0.0000 0.1582
015840 0.0000 0.8418 0.0000 0.1582
015860 0.0000 0.8418 0.0000 0.1582
015880 0.0000 0.8418 0.0000 0.1582
015900 0.0000 0.8418 0.0000 0.1582
015920 0.0000 0.8418 0.0000 0.1582
015940 0.0000 0.8418 0.0000 0.1582
015960 0.0000 0.8418 0.0000 0.1582
015980 0.0000 0.8418 0.0000 0.1582
016000 0.0000 0.8418 0.0000 0.1582
016020 0.0000 0.8418 0.0000 0.1582
016040 0.0000 0.8418 0.0000 0.1582
016060 0.0000 0.8418 0.0000 0.1582
016080 0.0000 0.8418 0.0000 0.1582
016100 0.0000 0.8418 0.0000 0.1582
016120 0.0000 0.8418 0.0000 0.1582
016140 0.0000 0.8418 0.0000 0.1582
016160 0.0000 0.8418 0.0000 0.1582
016180 0.0000 0.8418 0.0000 0.1582
016200 0.0000 0.8418 0.0000 0.1582
016220 0.0000 0.8418 0.0000 0.1582
016240 0.0000 0.8418 0.0000 0.1582
016260 0.0000 0.8418 0.0000 0.1582
016280 0.0000 0.8418 0.0000 0.1582
016300 0.0000 0.8418 0.0000 0.1582
016320 0.0000 0.8418 0.0000 0.1582
016340 0.0000 0.8418 0.0000 0.1582
016360 0.0000 0.8418 0.0000 0.1582
016380 0.0000 0.8418 0.0000 0.1582
016400 0.0000 0.8418 0.0000 0.1582
016420 0.0000 0.8418 0.0000 0.1582
016440 0.0000 0.8418 0.0000 0.1582
016460 0.0000 0.8418 0.0000 0.1582
016480 0.0000 0.8418 0.0000 0.1582
016500 0.0000 0.8418 0.0000 0.1582
016520 0.0000 0.8418 0.0000 0.1582
016540 0.0000 0.8418 0.0000 0.1582
016560 0.0000 0.8418 0.0000 0.1582
016580 0.0000 0.8418 0.0000 0.1582
016600 0.0000 0.8418 0.0000 0.1582
016620 0.0000 0.8418 0.0000 0.1582
016640 0.0000 0.8418 0.0000 0.1582
016660 0.0000 0.8418 0.0000 0.1582
016680 0.0000 0.8418 0.0000 0.1582
016700 0.0000 0.8418 0.0000 0.1582
016720 0.0000 0.8418 0.0000 0.1582
016740 0.0000 0.8418 0.0000 0.1582
016760 0.0000 0.8418 0.0000 0.1582
016780 0.0000 0.8418 0.0000 0.1582
016800 0.0000 0.8418 0.0000 0.1582
016820 0.0000 0.8418 0.0000 0.1582
016840 0.0000 0.8418 0.0000 0.1582
016860 0.0000 0.8418 0.0000 0.1582
016880 0.0000 0.8418 0.0000 0.1582
016900 0.0000 0.8418 0.0000 0.1582
016920 0.0000 0.8418 0.0000 0.1582
016940 0.0000 0.8418 0.0000 0.1582
016960 0.0000 0.8418 0.0000 0.1582
016980 0.0000 0.8418 0.0000 0.1582
017000 0.0000 0.8418 0.0000 0.1582
017020 0.0000 0.8418 0.0000 0.1582
017040 0.0000 0.8418 0.0000 0.1582
017060 0.0000 0.8418 0.0000 0.1582
017080 0.0000 0.8418 0.0000 0.1582
017100 0.0000 0.8418 0.0000 0.1582
017120 0.0000 0.8418 0.0000 0.1582
017140 0.0000 0.8418 0.0000 0.1582
017160 0.0000 0.8418 0.0000 0.1582
017180 0.0000 0.8418 0.0000 0.1582
017200 0.0000 0.8418 0.0000 0.1582
017220 0.0000 0.8418 0.0000 0.1582
017240 0.0000 0.8418 0.0000 0.1582
017260 0.0000 0.8418 0.0000 0.1582
017280 0.0000 0.8418 0.0000 0.1582
017300 0.0000 0.8418 0.0000 0.1582
017320 0.0000 0.8418 0.0000 0.1582
017340 0.0000 0.8418 0.0000 0.1582
017360 0.0000 0.8418 0.0000 0.1582
017380 0.0000 0.8418 0.0000 0.1582
017400 0.0000 0.8418 0.0000 0.1582
017420 0.0000 0.8418 0.0000 0.1582
017440 0.0000 0.8418 0.0000 0.1582
017460 0.0000 0.8418 0.0000 0.1582
017480 0.0000 0.8418 0.0000 0.1582
017500 0.0000 0.8418 0.0000 0.1582
017520 0.0000 0.8418 0.0000 0.1582
017540 0.0000 0.8418 0.0000 0.1582
017560 0.0000 0.8418 0.0000 0.1582
017580 0.0000 0.8418 0.0000 0.1582
017600 0.0000 0.8418 0.0000 0.1582
017620 0.0000 0.8418 0.0000 0.1582
017640 0.0000 0.8418 0.0000 0.1582
017660 0.0000 0.8418 0.0000 0.1582
017680 0.0000 0.8418 0.0000 0.1582
017700 0.0000 0.8418 0.0000 0.1582
017720 0.0000 0.8418 0.0000 0.1582
017740 0.0000 0.8418 0.0000 0.1582
017760 0.0000 0.8418 0.0000 0.1582
017780 0.0000 0.8418 0.0000 0.1582
017800 0.0000 0.8418 0.0000 0.1582
017820 0.0000 0.8418 0.0000 0.1582
017840 0.0000 0.8418 0.0000 0.1582
017860 0.0000 0.8418 0.0000 0.1582
017880 0.0000 0.8418 0.0000 0.1582
017900 0.0000 0.8418 0.0000 0.1582
017920 0.0000 0.8418 0.0000 0.1582
017940 0.0000 0.8418 0.0000 0.1582
017960 0.0000 0.8418 0.0000 0.1582
017980 0.0000 0.8418 0.0000 0.1582
018000 0.0000 0.8418 0.0000 0.1582
018020 0.0000 0.8418 0.0000 0.1582
018040 0.0000 0.8418 0.0000 0.1582
018060 0.0000 0.8418 0.0000 0.1582
018080 0.0000 0.8418 0.0000 0.1582
018100 0.0000 0.8418 0.0000 0.1582
018120 0.0000 0.8418 0.0000 0.1582
018140 0.0000 0.8418 0.0000 0.1582
018160 0.0000 0.8418 0.0000 0.1582
018180 0.0000 0.8418 0.0000 0.1582
018200 0.0000 0.8418 0.0000 0.1582
018220 0.0000 0.8418 0.0000 0.1582
018240 0.0000 0.8418 0.0000 0.1582
018260 0.0000 0.8418 0.0000 0.1582
018280 0.0000 0.8418 0.0000 0.1582
018300 0.0000 0.8418 0.0000 0.1582
018320 0.0000 0.8418 0.0000 0.1582
018340 0.0000 0.8418 0.0000 0.1582
018360 0.0000 0.8418 0.0000 0.1582
018380 0.0000 0.8418 0.0000 0.1582
018400 0.0000 0.8418 0.0000 0.1582
018420 0.0000 0.8418 0.0000 0.1582
018440 0.0000 0.8418 0.0000 0.1582
018460 0.0000 0.8418 0.0000 0.1582
018480 0.0000 0.8418 0.0000 0.1582
018500 0.0000 0.8418 0.0000 0.1582
018520 0.0000 0.8418 0.0000 0.1582
018540 0.0000 0.8418 0.0000 0.1582
018560 0.0000 0.8418 0.0000 0.1582
018580 0.0000 0.8418 0.0000 0.1582
018600 0.0000 0.8418 0.0000 0.1582
018620 0.0000 0.8418 0.0000 0.1582
018640 0.0000 0.8418 0.0000 0.1582
018660 0.0000 0.8418 0.0000 0.1582
018680 0.0000 0.8418 0.0000 0.1582
018700 0.0000 0.8418 0.0000 0.1582
018720 0.0000 0.8418 0.0000 0.1582
018740 0.0000 0.8418 0.0000 0.1582
018760 0.0000 0.8418 0.0000 0.1582
018780 0.0000 0.8418 0.0000 0.1582
018800 0.0000 0.8418 0.0000 0.1582
018820 0.0000 0.8418 0.0000 0.1582
018840 0.0000 0.8418 0.0000 0.1582
018860 0.0000 0.8418 0.0000 0.1582
018880 0.0000 0.8418 0.0000 0.1582
018900 0.0000 0.8418 0.0000 0.1582
018920 0.0000 0.8418 0.0000 0.1582
018940 0.0000 0.8418 0.0000 0.1582
018960 0.0000 0.8418 0.0000 0.1582
018980 0.0000 0.8418 0.0000 0.1582
019000 0.0000 0.8418 0.0000 0.1582
019020 0.0000 0.8418 0.0000 0.1582
019040 0.0000 0.8418 0.0000 0.1582
019060 0.0000 0.8418 0.0000 0.1582
019080 0.0000 0.8418 0.0000 0.1582
019100 0.0000 0.8418 0.0000 0.1582
019120 0.0000 0.8418 0.0000 0.1582
019140 0.0000 0.8418 0.0000 0.1582
019160 0.0000 0.8418 0.0000 0.1582
019180 0.0000 0.8418 0.0000 0.1582
019200 0.0000 0.8418 0.0000 0.1582
019220 0.0000 0.8418 0.0000 0.1582
019240 0.0000 0.8418 0.0000 0.1582
019260 0.0000 0.8418 0.0000 0.1582
019280 0.0000 0.8418 0.0000 0.1582
019300 0.0000 0.8418 0.0000 0.1582
019320 0.0000 0.8418 0.0000 0.1582
019340 0.0000 0.8418 0.0000 0.1582
019360 0.0000 0.8418 0.0000 0.1582
019380 0.0000 0.8418 0.0000 0.1582
019400 0.0000 0.8418 0.0000 0.1582
019420 0.0000 0.8418 0.0000 0.1582
019440 0.0000 0.8418 0.0000 0.1582
019460 0.0000 0.8418 0.0000 0.1582
019480 0.0000 0.8418 0.0000 0.1582
019500 0.0000 0.8418 0.0000 0.1582
019520 0.0000 0.8418 0.0000 0.1582
019540 0.0000 0.8418 0.0000 0.1582
019560 0.0000 0.8418 0.0000 0.1582
019580 0.0000 0.8418 0.0000 0.1582
019600 0.0000 0.8418 0.0000 0.1582
019620 0.0000 0.8418 0.0000 0.1582
019640 0.0000 0.8418 0.0000 0.1582
019660 0.0000 0.8418 0.0000 0.1582
019680 0.0000 0.8418 0.0000 0.1582
019700 0.0000 0.8418 0.0000 0.1582
019720 0.0000 0.8418 0.0000 0.1582
019740 0.0000 0.8418 0.0000 0.1582
019760 0.0000 0.8418 0.0000 0.1582
019780 0.0000 0.8418 0.0000 0.1582
019800 0.0000 0.8418 0.0000 0.1582
019820 0.0000 0.8418 0.0000 0.1582
019840 0.0000 0.8418 0.0000 0.1582
019860 0.0000 0.8418 0.0000 0.1582
019880 0.0000 0.8418 0.0000 0.1582
019900 0.0000 0.8418 0.0000 0.1582
019920 0.0000 0.8418 0.0000 0.1582
019940 0.0000 0.8418 0.0000 0.1582
019960 0.0000 0.8418 0.0000 0.1582
019980 0.0000 0.8418 0.0000 0.1582
020000 0.0000 0.8418 0.0000 0.1582
