000000 0.2494 0.2506 0.2490 0.2509
000020 0.0158 0.8032 0.0000 0.1810
000040 0.0057 0.8277 0.0000 0.1666
000060 0.0024 0.8348 0.0000 0.1627
000080 0.0011 0.8388 0.0000 0.1602
000100 0.0004 0.8402 0.0000 0.1593
000120 0.0002 0.8409 0.0000 0.1590
000140 0.0001 0.8407 0.0000 0.1591
000160 0.0000 0.8403 0.0000 0.1596
000180 0.0000 0.8411 0.0000 0.1589
000200 0.0000 0.8409 0.0000 0.1591
000220 0.0000 0.8417 0.0000 0.1583
000240 0.0000 0.8417 0.0000 0.1583
000260 0.0000 0.8411 0.0000 0.1589
000280 0.0000 0.8410 0.0000 0.1590
000300 0.0000 0.8415 0.0000 0.1585
000320 0.0000 0.8416 0.0000 0.1584
000340 0.0000 0.8419 0.0000 0.1581
000360 0.0000 0.8408 0.0000 0.1592
000380 0.0000 0.8417 0.0000 0.1583
000400 0.0000 0.8416 0.0000 0.1584
000420 0.0000 0.8416 0.0000 0.1584
000440 0.0000 0.8405 0.0000 0.1595
000460 0.0000 0.8411 0.0000 0.1589
000480 0.0000 0.8414 0.0000 0.1586
000500 0.0000 0.8412 0.0000 0.1588
000520 0.0000 0.8411 0.0000 0.1589
000540 0.0000 0.8415 0.0000 0.1585
000560 0.0000 0.8410 0.0000 0.1590
000580 0.0000 0.8422 0.0000 0.1578
000600 0.0000 0.8410 0.0000 0.1590
000620 0.0000 0.8411 0.0000 0.1589
000640 0.0000 0.8415 0.0000 0.1585
000660 0.0000 0.8412 0.0000 0.1588
000680 0.0000 0.8417 0.0000 0.1583
000700 0.0000 0.8417 0.0000 0.1583
000720 0.0000 0.8416 0.0000 0.1584
000740 0.0000 0.8415 0.0000 0.1585
000760 0.0000 0.8409 0.0000 0.1591
000780 0.0000 0.8416 0.0000 0.1584
000800 0.0000 0.8408 0.0000 0.1592
000820 0.0000 0.8407 0.0000 0.1593
000840 0.0000 0.8414 0.0000 0.1586
000860 0.0000 0.8409 0.0000 0.1591
000880 0.0000 0.8409 0.0000 0.1591
000900 0.0000 0.8415 0.0000 0.1585
000920 0.0000 0.8418 0.0000 0.1582
000940 0.0000 0.8425 0.0000 0.1575
000960 0.0000 0.8421 0.0000 0.1579
000980 0.0000 0.8413 0.0000 0.1587
001000 0.0000 0.8417 0.0000 0.1583
001020 0.0000 0.8412 0.0000 0.1588
001040 0.0000 0.8406 0.0000 0.1594
001060 0.0000 0.8407 0.0000 0.1593
001080 0.0000 0.8418 0.0000 0.1582
001100 0.0000 0.8406 0.0000 0.1594
001120 0.0000 0.8408 0.0000 0.1592
001140 0.0000 0.8413 0.0000 0.1587
001160 0.0000 0.8424 0.0000 0.1576
001180 0.0000 0.8414 0.0000 0.1586
001200 0.0000 0.8407 0.0000 0.1593
001220 0.0000 0.8408 0.0000 0.1592
001240 0.0000 0.8411 0.0000 0.1589
001260 0.0000 0.8410 0.0000 0.1590
001280 0.0000 0.8418 0.0000 0.1582
001300 0.0000 0.8410 0.0000 0.1590
001320 0.0000 0.8417 0.0000 0.1583
001340 0.0000 0.8405 0.0000 0.1595
001360 0.0000 0.8418 0.0000 0.1582
001380 0.0000 0.8431 0.0000 0.1569
001400 0.0000 0.8411 0.0000 0.1589
001420 0.0000 0.8411 0.0000 0.1589
001440 0.0000 0.8417 0.0000 0.1583
001460 0.0000 0.8409 0.0000 0.1591
001480 0.0000 0.8401 0.0000 0.1599
001500 0.0000 0.8411 0.0000 0.1589
001520 0.0000 0.8411 0.0000 0.1589
001540 0.0000 0.8414 0.0000 0.1586
001560 0.0000 0.8413 0.0000 0.1587
001580 0.0000 0.8412 0.0000 0.1588
001600 0.0000 0.8408 0.0000 0.1592
001620 0.0000 0.8411 0.0000 0.1589
001640 0.0000 0.8418 0.0000 0.1582
001660 0.0000 0.8408 0.0000 0.1592
001680 0.0000 0.8414 0.0000 0.1586
001700 0.0000 0.8415 0.0000 0.1585
001720 0.0000 0.8412 0.0000 0.1588
001740 0.0000 0.8414 0.0000 0.1586
001760 0.0000 0.8402 0.0000 0.1598
001780 0.0000 0.8408 0.0000 0.1592
001800 0.0000 0.8409 0.0000 0.1591
001820 0.0000 0.8420 0.0000 0.1580
001840 0.0000 0.8424 0.0000 0.1576
001860 0.0000 0.8422 0.0000 0.1578
001880 0.0000 0.8413 0.0000 0.1587
001900 0.0000 0.8411 0.0000 0.1589
001920 0.0000 0.8416 0.0000 0.1584
001940 0.0000 0.8404 0.0000 0.1596
001960 0.0000 0.8411 0.0000 0.1589
001980 0.0000 0.8406 0.0000 0.1594
002000 0.0000 0.8409 0.0000 0.1591
002020 0.0000 0.8413 0.0000 0.1587
002040 0.0000 0.8410 0.0000 0.1590
002060 0.0000 0.8412 0.0000 0.1588
002080 0.0000 0.8423 0.0000 0.1577
002100 0.0000 0.8413 0.0000 0.1587
002120 0.0000 0.8404 0.0000 0.1596
002140 0.0000 0.8413 0.0000 0.1587
002160 0.0000 0.8406 0.0000 0.1594
002180 0.0000 0.8405 0.0000 0.1595
002200 0.0000 0.8407 0.0000 0.1593
002220 0.0000 0.8409 0.0000 0.1591
002240 0.0000 0.8414 0.0000 0.1586
002260 0.0000 0.8417 0.0000 0.1583
002280 0.0000 0.8410 0.0000 0.1590
002300 0.0000 0.8412 0.0000 0.1588
002320 0.0000 0.8418 0.0000 0.1582
002340 0.0000 0.8413 0.0000 0.1587
002360 0.0000 0.8414 0.0000 0.1586
002380 0.0000 0.8413 0.0000 0.1587
002400 0.0000 0.8417 0.0000 0.1583
002420 0.0000 0.8414 0.0000 0.1586
002440 0.0000 0.8417 0.0000 0.1583
002460 0.0000 0.8415 0.0000 0.1585
002480 0.0000 0.8408 0.0000 0.1592
002500 0.0000 0.8413 0.0000 0.1587
002520 0.0000 0.8411 0.0000 0.1589
002540 0.0000 0.8416 0.0000 0.1584
002560 0.0000 0.8413 0.0000 0.1587
002580 0.0000 0.8407 0.0000 0.1593
002600 0.0000 0.8415 0.0000 0.1585
002620 0.0000 0.8407 0.0000 0.1593
002640 0.0000 0.8413 0.0000 0.1587
002660 0.0000 0.8411 0.0000 0.1589
002680 0.0000 0.8414 0.0000 0.1586
002700 0.0000 0.8414 0.0000 0.1586
002720 0.0000 0.8422 0.0000 0.1578
002740 0.0000 0.8416 0.0000 0.1584
002760 0.0000 0.8413 0.0000 0.1587
002780 0.0000 0.8424 0.0000 0.1576
002800 0.0000 0.8427 0.0000 0.1573
002820 0.0000 0.8423 0.0000 0.1577
002840 0.0000 0.8420 0.0000 0.1580
002860 0.0000 0.8420 0.0000 0.1580
002880 0.0000 0.8417 0.0000 0.1583
002900 0.0000 0.8412 0.0000 0.1588
002920 0.0000 0.8415 0.0000 0.1585
002940 0.0000 0.8412 0.0000 0.1588
002960 0.0000 0.8418 0.0000 0.1582
002980 0.0000 0.8415 0.0000 0.1585
003000 0.0000 0.8413 0.0000 0.1587
003020 0.0000 0.8408 0.0000 0.1592
003040 0.0000 0.8413 0.0000 0.1587
003060 0.0000 0.8411 0.0000 0.1589
003080 0.0000 0.8421 0.0000 0.1579
003100 0.0000 0.8413 0.0000 0.1587
003120 0.0000 0.8415 0.0000 0.1585
003140 0.0000 0.8413 0.0000 0.1587
003160 0.0000 0.8409 0.0000 0.1591
003180 0.0000 0.8410 0.0000 0.1590
003200 0.0000 0.8409 0.0000 0.1591
003220 0.0000 0.8417 0.0000 0.1583
003240 0.0000 0.8421 0.0000 0.1579
003260 0.0000 0.8410 0.0000 0.1590
003280 0.0000 0.8411 0.0000 0.1589
003300 0.0000 0.8411 0.0000 0.1589
003320 0.0000 0.8421 0.0000 0.1579
003340 0.0000 0.8418 0.0000 0.1582
003360 0.0000 0.8414 0.0000 0.1586
003380 0.0000 0.8421 0.0000 0.1579
003400 0.0000 0.8406 0.0000 0.1594
003420 0.0000 0.8409 0.0000 0.1591
003440 0.0000 0.8410 0.0000 0.1590
003460 0.0000 0.8418 0.0000 0.1582
003480 0.0000 0.8409 0.0000 0.1591
003500 0.0000 0.8413 0.0000 0.1587
003520 0.0000 0.8410 0.0000 0.1590
003540 0.0000 0.8409 0.0000 0.1591
003560 0.0000 0.8410 0.0000 0.1590
003580 0.0000 0.8416 0.0000 0.1584
003600 0.0000 0.8418 0.0000 0.1582
003620 0.0000 0.8420 0.0000 0.1580
003640 0.0000 0.8413 0.0000 0.1587
003660 0.0000 0.8414 0.0000 0.1587
003680 0.0000 0.8414 0.0000 0.1586
003700 0.0000 0.8413 0.0000 0.1587
003720 0.0000 0.8416 0.0000 0.1584
003740 0.0000 0.8410 0.0000 0.1590
003760 0.0000 0.8407 0.0000 0.1593
003780 0.0000 0.8414 0.0000 0.1586
003800 0.0000 0.8419 0.0000 0.1581
003820 0.0000 0.8420 0.0000 0.1580
003840 0.0000 0.8413 0.0000 0.1587
003860 0.0000 0.8408 0.0000 0.1592
003880 0.0000 0.8418 0.0000 0.1582
003900 0.0000 0.8417 0.0000 0.1583
003920 0.0000 0.8411 0.0000 0.1589
003940 0.0000 0.8417 0.0000 0.1583
003960 0.0000 0.8416 0.0000 0.1584
003980 0.0000 0.8418 0.0000 0.1582
004000 0.0000 0.8422 0.0000 0.1578
004020 0.0000 0.8419 0.0000 0.1581
004040 0.0000 0.8410 0.0000 0.1590
004060 0.0000 0.8405 0.0000 0.1595
004080 0.0000 0.8415 0.0000 0.1585
004100 0.0000 0.8417 0.0000 0.1583
004120 0.0000 0.8401 0.0000 0.1599
004140 0.0000 0.8407 0.0000 0.1593
004160 0.0000 0.8407 0.0000 0.1593
004180 0.0000 0.8406 0.0000 0.1594
004200 0.0000 0.8412 0.0000 0.1588
004220 0.0000 0.8420 0.0000 0.1580
004240 0.0000 0.8407 0.0000 0.1593
004260 0.0000 0.8409 0.0000 0.1591
004280 0.0000 0.8415 0.0000 0.1585
004300 0.0000 0.8416 0.0000 0.1584
004320 0.0000 0.8417 0.0000 0.1583
004340 0.0000 0.8415 0.0000 0.1585
004360 0.0000 0.8417 0.0000 0.1583
004380 0.0000 0.8410 0.0000 0.1590
004400 0.0000 0.8414 0.0000 0.1586
004420 0.0000 0.8416 0.0000 0.1584
004440 0.0000 0.8411 0.0000 0.1589
004460 0.0000 0.8415 0.0000 0.1585
004480 0.0000 0.8413 0.0000 0.1587
004500 0.0000 0.8417 0.0000 0.1583
004520 0.0000 0.8418 0.0000 0.1582
004540 0.0000 0.8412 0.0000 0.1588
004560 0.0000 0.8409 0.0000 0.1591
004580 0.0000 0.8411 0.0000 0.1589
004600 0.0000 0.8410 0.0000 0.1590
004620 0.0000 0.8408 0.0000 0.1592
004640 0.0000 0.8421 0.0000 0.1579
004660 0.0000 0.8414 0.0000 0.1586
004680 0.0000 0.8422 0.0000 0.1578
004700 0.0000 0.8414 0.0000 0.1586
004720 0.0000 0.8410 0.0000 0.1590
004740 0.0000 0.8412 0.0000 0.1588
004760 0.0000 0.8415 0.0000 0.1585
004780 0.0000 0.8415 0.0000 0.1585
004800 0.0000 0.8419 0.0000 0.1581
004820 0.0000 0.8413 0.0000 0.1587
004840 0.0000 0.8413 0.0000 0.1587
004860 0.0000 0.8419 0.0000 0.1581
004880 0.0000 0.8409 0.0000 0.1591
004900 0.0000 0.8414 0.0000 0.1586
004920 0.0000 0.8409 0.0000 0.1591
004940 0.0000 0.8415 0.0000 0.1585
004960 0.0000 0.8418 0.0000 0.1582
004980 0.0000 0.8409 0.0000 0.1591
005000 0.0000 0.8416 0.0000 0.1584
005020 0.0000 0.8415 0.0000 0.1585
005040 0.0000 0.8414 0.0000 0.1586
005060 0.0000 0.8413 0.0000 0.1587
005080 0.0000 0.8413 0.0000 0.1587
005100 0.0000 0.8421 0.0000 0.1579
005120 0.0000 0.8416 0.0000 0.1584
005140 0.0000 0.8415 0.0000 0.1585
005160 0.0000 0.8404 0.0000 0.1596
005180 0.0000 0.8419 0.0000 0.1581
005200 0.0000 0.8418 0.0000 0.1582
005220 0.0000 0.8417 0.0000 0.1583
005240 0.0000 0.8415 0.0000 0.1585
005260 0.0000 0.8411 0.0000 0.1589
005280 0.0000 0.8409 0.0000 0.1591
005300 0.0000 0.8413 0.0000 0.1587
005320 0.0000 0.8411 0.0000 0.1589
005340 0.0000 0.8408 0.0000 0.1592
005360 0.0000 0.8407 0.0000 0.1593
005380 0.0000 0.8410 0.0000 0.1590
005400 0.0000 0.8421 0.0000 0.1579
005420 0.0000 0.8418 0.0000 0.1582
005440 0.0000 0.8409 0.0000 0.1591
005460 0.0000 0.8411 0.0000 0.1589
005480 0.0000 0.8411 0.0000 0.1589
005500 0.0000 0.8408 0.0000 0.1592
005520 0.0000 0.8401 0.0000 0.1599
005540 0.0000 0.8412 0.0000 0.1588
005560 0.0000 0.8404 0.0000 0.1596
005580 0.0000 0.8414 0.0000 0.1586
005600 0.0000 0.8416 0.0000 0.1584
005620 0.0000 0.8416 0.0000 0.1584
005640 0.0000 0.8416 0.0000 0.1584
005660 0.0000 0.8416 0.0000 0.1584
005680 0.0000 0.8411 0.0000 0.1589
005700 0.0000 0.8406 0.0000 0.1594
005720 0.0000 0.8412 0.0000 0.1588
005740 0.0000 0.8414 0.0000 0.1586
005760 0.0000 0.8401 0.0000 0.1599
005780 0.0000 0.8403 0.0000 0.1597
005800 0.0000 0.8410 0.0000 0.1590
005820 0.0000 0.8409 0.0000 0.1591
005840 0.0000 0.8411 0.0000 0.1589
005860 0.0000 0.8413 0.0000 0.1587
005880 0.0000 0.8410 0.0000 0.1590
005900 0.0000 0.8420 0.0000 0.1580
005920 0.0000 0.8413 0.0000 0.1587
005940 0.0000 0.8420 0.0000 0.1580
005960 0.0000 0.8417 0.0000 0.1583
005980 0.0000 0.8407 0.0000 0.1593
006000 0.0000 0.8412 0.0000 0.1588
006020 0.0000 0.8416 0.0000 0.1584
006040 0.0000 0.8407 0.0000 0.1593
006060 0.0000 0.8422 0.0000 0.1578
006080 0.0000 0.8417 0.0000 0.1583
006100 0.0000 0.8412 0.0000 0.1588
006120 0.0000 0.8415 0.0000 0.1585
006140 0.0000 0.8410 0.0000 0.1590
006160 0.0000 0.8412 0.0000 0.1588
006180 0.0000 0.8419 0.0000 0.1581
006200 0.0000 0.8409 0.0000 0.1591
006220 0.0000 0.8407 0.0000 0.1593
006240 0.0000 0.8409 0.0000 0.1591
006260 0.0000 0.8413 0.0000 0.1587
006280 0.0000 0.8413 0.0000 0.1587
006300 0.0000 0.8414 0.0000 0.1586
006320 0.0000 0.8422 0.0000 0.1578
006340 0.0000 0.8411 0.0000 0.1589
006360 0.0000 0.8416 0.0000 0.1584
006380 0.0000 0.8419 0.0000 0.1581
006400 0.0000 0.8419 0.0000 0.1581
006420 0.0000 0.8417 0.0000 0.1583
006440 0.0000 0.8417 0.0000 0.1583
006460 0.0000 0.8422 0.0000 0.1578
006480 0.0000 0.8410 0.0000 0.1590
006500 0.0000 0.8408 0.0000 0.1592
006520 0.0000 0.8418 0.0000 0.1582
006540 0.0000 0.8419 0.0000 0.1581
006560 0.0000 0.8412 0.0000 0.1588
006580 0.0000 0.8415 0.0000 0.1585
006600 0.0000 0.8412 0.0000 0.1588
006620 0.0000 0.8419 0.0000 0.1581
006640 0.0000 0.8412 0.0000 0.1588
006660 0.0000 0.8416 0.0000 0.1584
006680 0.0000 0.8413 0.0000 0.1587
006700 0.0000 0.8410 0.0000 0.1590
006720 0.0000 0.8411 0.0000 0.1589
006740 0.0000 0.8412 0.0000 0.1588
006760 0.0000 0.8415 0.0000 0.1585
006780 0.0000 0.8406 0.0000 0.1594
006800 0.0000 0.8411 0.0000 0.1589
006820 0.0000 0.8407 0.0000 0.1593
006840 0.0000 0.8410 0.0000 0.1590
006860 0.0000 0.8421 0.0000 0.1579
006880 0.0000 0.8424 0.0000 0.1576
006900 0.0000 0.8419 0.0000 0.1581
006920 0.0000 0.8417 0.0000 0.1583
006940 0.0000 0.8424 0.0000 0.1576
006960 0.0000 0.8423 0.0000 0.1577
006980 0.0000 0.8422 0.0000 0.1578
007000 0.0000 0.8412 0.0000 0.1588
007020 0.0000 0.8421 0.0000 0.1579
007040 0.0000 0.8411 0.0000 0.1589
007060 0.0000 0.8409 0.0000 0.1591
007080 0.0000 0.8418 0.0000 0.1582
007100 0.0000 0.8417 0.0000 0.1583
007120 0.0000 0.8417 0.0000 0.1583
007140 0.0000 0.8412 0.0000 0.1588
007160 0.0000 0.8415 0.0000 0.1585
007180 0.0000 0.8409 0.0000 0.1591
007200 0.0000 0.8414 0.0000 0.1586
007220 0.0000 0.8409 0.0000 0.1591
007240 0.0000 0.8410 0.0000 0.1590
007260 0.0000 0.8416 0.0000 0.1584
007280 0.0000 0.8415 0.0000 0.1585
007300 0.0000 0.8424 0.0000 0.1576
007320 0.0000 0.8422 0.0000 0.1578
007340 0.0000 0.8413 0.0000 0.1587
007360 0.0000 0.8411 0.0000 0.1589
007380 0.0000 0.8414 0.0000 0.1586
007400 0.0000 0.8417 0.0000 0.1583
007420 0.0000 0.8421 0.0000 0.1579
007440 0.0000 0.8404 0.0000 0.1596
007460 0.0000 0.8411 0.0000 0.1589
007480 0.0000 0.8404 0.0000 0.1596
007500 0.0000 0.8416 0.0000 0.1584
007520 0.0000 0.8416 0.0000 0.1584
007540 0.0000 0.8414 0.0000 0.1586
007560 0.0000 0.8414 0.0000 0.1586
007580 0.0000 0.8416 0.0000 0.1584
007600 0.0000 0.8415 0.0000 0.1585
007620 0.0000 0.8420 0.0000 0.1580
007640 0.0000 0.8418 0.0000 0.1582
007660 0.0000 0.8424 0.0000 0.1576
007680 0.0000 0.8414 0.0000 0.1586
007700 0.0000 0.8413 0.0000 0.1587
007720 0.0000 0.8414 0.0000 0.1586
007740 0.0000 0.8419 0.0000 0.1581
007760 0.0000 0.8407 0.0000 0.1593
007780 0.0000 0.8418 0.0000 0.1582
007800 0.0000 0.8422 0.0000 0.1578
007820 0.0000 0.8418 0.0000 0.1582
007840 0.0000 0.8412 0.0000 0.1588
007860 0.0000 0.8417 0.0000 0.1583
007880 0.0000 0.8410 0.0000 0.1590
007900 0.0000 0.8410 0.0000 0.1590
007920 0.0000 0.8418 0.0000 0.1582
007940 0.0000 0.8416 0.0000 0.1584
007960 0.0000 0.8408 0.0000 0.1592
007980 0.0000 0.8419 0.0000 0.1581
008000 0.0000 0.8418 0.0000 0.1582
008020 0.0000 0.8417 0.0000 0.1583
008040 0.0000 0.8415 0.0000 0.1585
008060 0.0000 0.8418 0.0000 0.1582
008080 0.0000 0.8415 0.0000 0.1585
008100 0.0000 0.8413 0.0000 0.1587
008120 0.0000 0.8411 0.0000 0.1589
008140 0.0000 0.8415 0.0000 0.1585
008160 0.0000 0.8415 0.0000 0.1585
008180 0.0000 0.8412 0.0000 0.1588
008200 0.0000 0.8406 0.0000 0.1594
008220 0.0000 0.8410 0.0000 0.1590
008240 0.0000 0.8412 0.0000 0.1588
008260 0.0000 0.8415 0.0000 0.1585
008280 0.0000 0.8416 0.0000 0.1584
008300 0.0000 0.8415 0.0000 0.1585
008320 0.0000 0.8408 0.0000 0.1592
008340 0.0000 0.8413 0.0000 0.1587
008360 0.0000 0.8418 0.0000 0.1582
008380 0.0000 0.8417 0.0000 0.1583
008400 0.0000 0.8417 0.0000 0.1583
008420 0.0000 0.8416 0.0000 0.1584
008440 0.0000 0.8420 0.0000 0.1580
008460 0.0000 0.8425 0.0000 0.1575
008480 0.0000 0.8430 0.0000 0.1570
008500 0.0000 0.8414 0.0000 0.1586
008520 0.0000 0.8407 0.0000 0.1593
008540 0.0000 0.8421 0.0000 0.1579
008560 0.0000 0.8419 0.0000 0.1581
008580 0.0000 0.8413 0.0000 0.1587
008600 0.0000 0.8420 0.0000 0.1580
008620 0.0000 0.8414 0.0000 0.1586
008640 0.0000 0.8423 0.0000 0.1577
008660 0.0000 0.8417 0.0000 0.1583
008680 0.0000 0.8413 0.0000 0.1587
008700 0.0000 0.8412 0.0000 0.1588
008720 0.0000 0.8413 0.0000 0.1587
008740 0.0000 0.8410 0.0000 0.1590
008760 0.0000 0.8411 0.0000 0.1589
008780 0.0000 0.8408 0.0000 0.1592
008800 0.0000 0.8411 0.0000 0.1589
008820 0.0000 0.8409 0.0000 0.1591
008840 0.0000 0.8417 0.0000 0.1583
008860 0.0000 0.8415 0.0000 0.1585
008880 0.0000 0.8409 0.0000 0.1591
008900 0.0000 0.8411 0.0000 0.1589
008920 0.0000 0.8410 0.0000 0.1590
008940 0.0000 0.8415 0.0000 0.1585
008960 0.0000 0.8416 0.0000 0.1584
008980 0.0000 0.8415 0.0000 0.1585
009000 0.0000 0.8416 0.0000 0.1584
009020 0.0000 0.8415 0.0000 0.1585
009040 0.0000 0.8419 0.0000 0.1581
009060 0.0000 0.8413 0.0000 0.1587
009080 0.0000 0.8410 0.0000 0.1590
009100 0.0000 0.8412 0.0000 0.1588
009120 0.0000 0.8414 0.0000 0.1586
009140 0.0000 0.8427 0.0000 0.1573
009160 0.0000 0.8407 0.0000 0.1593
009180 0.0000 0.8402 0.0000 0.1598
009200 0.0000 0.8420 0.0000 0.1580
009220 0.0000 0.8408 0.0000 0.1592
009240 0.0000 0.8415 0.0000 0.1585
009260 0.0000 0.8415 0.0000 0.1585
009280 0.0000 0.8410 0.0000 0.1590
009300 0.0000 0.8409 0.0000 0.1591
009320 0.0000 0.8409 0.0000 0.1591
009340 0.0000 0.8411 0.0000 0.1588
009360 0.0000 0.8413 0.0000 0.1587
009380 0.0000 0.8408 0.0000 0.1592
009400 0.0000 0.8423 0.0000 0.1577
009420 0.0000 0.8420 0.0000 0.1580
009440 0.0000 0.8410 0.0000 0.1590
009460 0.0000 0.8412 0.0000 0.1588
009480 0.0000 0.8407 0.0000 0.1593
009500 0.0000 0.8411 0.0000 0.1589
009520 0.0000 0.8411 0.0000 0.1589
009540 0.0000 0.8425 0.0000 0.1575
009560 0.0000 0.8418 0.0000 0.1582
009580 0.0000 0.8413 0.0000 0.1587
009600 0.0000 0.8411 0.0000 0.1589
009620 0.0000 0.8410 0.0000 0.1590
009640 0.0000 0.8414 0.0000 0.1586
009660 0.0000 0.8425 0.0000 0.1575
009680 0.0000 0.8418 0.0000 0.1582
009700 0.0000 0.8419 0.0000 0.1581
009720 0.0000 0.8413 0.0000 0.1587
009740 0.0000 0.8419 0.0000 0.1581
009760 0.0000 0.8413 0.0000 0.1587
009780 0.0000 0.8420 0.0000 0.1580
009800 0.0000 0.8419 0.0000 0.1581
009820 0.0000 0.8406 0.0000 0.1595
009840 0.0000 0.8406 0.0000 0.1594
009860 0.0000 0.8417 0.0000 0.1583
009880 0.0000 0.8416 0.0000 0.1584
009900 0.0000 0.8424 0.0000 0.1576
009920 0.0000 0.8419 0.0000 0.1580
009940 0.0000 0.8412 0.0000 0.1588
009960 0.0000 0.8419 0.0000 0.1581
009980 0.0000 0.8411 0.0000 0.1589
010000 0.0000 0.8416 0.0000 0.1584
010020 0.0000 0.8415 0.0000 0.1585
010040 0.0000 0.8415 0.0000 0.1585
010060 0.0000 0.8415 0.0000 0.1585
010080 0.0000 0.8415 0.0000 0.1585
010100 0.0000 0.8415 0.0000 0.1585
010120 0.0000 0.8415 0.0000 0.1585
010140 0.0000 0.8415 0.0000 0.1585
010160 0.0000 0.8415 0.0000 0.1585
010180 0.0000 0.8415 0.0000 0.1585
010200 0.0000 0.8415 0.0000 0.1585
010220 0.0000 0.8415 0.0000 0.1585
010240 0.0000 0.8415 0.0000 0.1585
010260 0.0000 0.8415 0.0000 0.1585
010280 0.0000 0.8415 0.0000 0.1585
010300 0.0000 0.8415 0.0000 0.1585
010320 0.0000 0.8415 0.0000 0.1585
010340 0.0000 0.8415 0.0000 0.1585
010360 0.0000 0.8415 0.0000 0.1585
010380 0.0000 0.8415 0.0000 0.1585
010400 0.0000 0.8415 0.0000 0.1585
010420 0.0000 0.8415 0.0000 0.1585
010440 0.0000 0.8415 0.0000 0.1585
010460 0.0000 0.8415 0.0000 0.1585
010480 0.0000 0.8415 0.0000 0.1585
010500 0.0000 0.8415 0.0000 0.1585
010520 0.0000 0.8415 0.0000 0.1585
010540 0.0000 0.8415 0.0000 0.1585
010560 0.0000 0.8415 0.0000 0.1585
010580 0.0000 0.8415 0.0000 0.1585
010600 0.0000 0.8415 0.0000 0.1585
010620 0.0000 0.8415 0.0000 0.1585
010640 0.0000 0.8415 0.0000 0.1585
010660 0.0000 0.8415 0.0000 0.1585
010680 0.0000 0.8415 0.0000 0.1585
010700 0.0000 0.8415 0.0000 0.1585
010720 0.0000 0.8415 0.0000 0.1585
010740 0.0000 0.8415 0.0000 0.1585
010760 0.0000 0.8415 0.0000 0.1585
010780 0.0000 0.8415 0.0000 0.1585
010800 0.0000 0.8415 0.0000 0.1585
010820 0.0000 0.8415 0.0000 0.1585
010840 0.0000 0.8415 0.0000 0.1585
010860 0.0000 0.8415 0.0000 0.1585
010880 0.0000 0.8415 0.0000 0.1585
010900 0.0000 0.8415 0.0000 0.1585
010920 0.0000 0.8415 0.0000 0.1585
010940 0.0000 0.8415 0.0000 0.1585
010960 0.0000 0.8415 0.0000 0.1585
010980 0.0000 0.8415 0.0000 0.1585
011000 0.0000 0.8415 0.0000 0.1585
011020 0.0000 0.8415 0.0000 0.1585
011040 0.0000 0.8415 0.0000 0.1585
011060 0.0000 0.8415 0.0000 0.1585
011080 0.0000 0.8415 0.0000 0.1585
011100 0.0000 0.8415 0.0000 0.1585
011120 0.0000 0.8415 0.0000 0.1585
011140 0.0000 0.8415 0.0000 0.1585
011160 0.0000 0.8415 0.0000 0.1585
011180 0.0000 0.8415 0.0000 0.1585
011200 0.0000 0.8415 0.0000 0.1585
011220 0.0000 0.8415 0.0000 0.1585
011240 0.0000 0.8415 0.0000 0.1585
011260 0.0000 0.8415 0.0000 0.1585
011280 0.0000 0.8415 0.0000 0.1585
011300 0.0000 0.8415 0.0000 0.1585
011320 0.0000 0.8415 0.0000 0.1585
011340 0.0000 0.8415 0.0000 0.1585
011360 0.0000 0.8415 0.0000 0.1585
011380 0.0000 0.8415 0.0000 0.1585
011400 0.0000 0.8415 0.0000 0.1585
011420 0.0000 0.8415 0.0000 0.1585
011440 0.0000 0.8415 0.0000 0.1585
011460 0.0000 0.8415 0.0000 0.1585
011480 0.0000 0.8415 0.0000 0.1585
011500 0.0000 0.8415 0.0000 0.1585
011520 0.0000 0.8415 0.0000 0.1585
011540 0.0000 0.8415 0.0000 0.1585
011560 0.0000 0.8415 0.0000 0.1585
011580 0.0000 0.8415 0.0000 0.1585
011600 0.0000 0.8415 0.0000 0.1585
011620 0.0000 0.8415 0.0000 0.1585
011640 0.0000 0.8415 0.0000 0.1585
011660 0.0000 0.8415 0.0000 0.1585
011680 0.0000 0.8415 0.0000 0.1585
011700 0.0000 0.8415 0.0000 0.1585
011720 0.0000 0.8415 0.0000 0.1585
011740 0.0000 0.8415 0.0000 0.1585
011760 0.0000 0.8415 0.0000 0.1585
011780 0.0000 0.8415 0.0000 0.1585
011800 0.0000 0.8415 0.0000 0.1585
011820 0.0000 0.8415 0.0000 0.1585
011840 0.0000 0.8415 0.0000 0.1585
011860 0.0000 0.8415 0.0000 0.1585
011880 0.0000 0.8415 0.0000 0.1585
011900 0.0000 0.8415 0.0000 0.1585
011920 0.0000 0.8415 0.0000 0.1585
011940 0.0000 0.8415 0.0000 0.1585
011960 0.0000 0.8415 0.0000 0.1585
011980 0.0000 0.8415 0.0000 0.1585
012000 0.0000 0.8415 0.0000 0.1585
012020 0.0000 0.8415 0.0000 0.1585
012040 0.0000 0.8415 0.0000 0.1585
012060 0.0000 0.8415 0.0000 0.1585
012080 0.0000 0.8415 0.0000 0.1585
012100 0.0000 0.8415 0.0000 0.1585
012120 0.0000 0.8415 0.0000 0.1585
012140 0.0000 0.8415 0.0000 0.1585
012160 0.0000 0.8415 0.0000 0.1585
012180 0.0000 0.8415 0.0000 0.1585
012200 0.0000 0.8415 0.0000 0.1585
012220 0.0000 0.8415 0.0000 0.1585
012240 0.0000 0.8415 0.0000 0.1585
012260 0.0000 0.8415 0.0000 0.1585
012280 0.0000 0.8415 0.0000 0.1585
012300 0.0000 0.8415 0.0000 0.1585
012320 0.0000 0.8415 0.0000 0.1585
012340 0.0000 0.8415 0.0000 0.1585
012360 0.0000 0.8415 0.0000 0.1585
012380 0.0000 0.8415 0.0000 0.1585
012400 0.0000 0.8415 0.0000 0.1585
012420 0.0000 0.8415 0.0000 0.1585
012440 0.0000 0.8415 0.0000 0.1585
012460 0.0000 0.8415 0.0000 0.1585
012480 0.0000 0.8415 0.0000 0.1585
012500 0.0000 0.8415 0.0000 0.1585
012520 0.0000 0.8415 0.0000 0.1585
012540 0.0000 0.8415 0.0000 0.1585
012560 0.0000 0.8415 0.0000 0.1585
012580 0.0000 0.8415 0.0000 0.1585
012600 0.0000 0.8415 0.0000 0.1585
012620 0.0000 0.8415 0.0000 0.1585
012640 0.0000 0.8415 0.0000 0.1585
012660 0.0000 0.8415 0.0000 0.1585
012680 0.0000 0.8415 0.0000 0.1585
012700 0.0000 0.8415 0.0000 0.1585
012720 0.0000 0.8415 0.0000 0.1585
012740 0.0000 0.8415 0.0000 0.1585
012760 0.0000 0.8415 0.0000 0.1585
012780 0.0000 0.8415 0.0000 0.1585
012800 0.0000 0.8415 0.0000 0.1585
012820 0.0000 0.8415 0.0000 0.1585
012840 0.0000 0.8415 0.0000 0.1585
012860 0.0000 0.8415 0.0000 0.1585
012880 0.0000 0.8415 0.0000 0.1585
012900 0.0000 0.8415 0.0000 0.1585
012920 0.0000 0.8415 0.0000 0.1585
012940 0.0000 0.8415 0.0000 0.1585
012960 0.0000 0.8415 0.0000 0.1585
012980 0.0000 0.8415 0.0000 0.1585
013000 0.0000 0.8415 0.0000 0.1585
013020 0.0000 0.8415 0.0000 0.1585
013040 0.0000 0.8415 0.0000 0.1585
013060 0.0000 0.8415 0.0000 0.1585
013080 0.0000 0.8415 0.0000 0.1585
013100 0.0000 0.8415 0.0000 0.1585
013120 0.0000 0.8415 0.0000 0.1585
013140 0.0000 0.8415 0.0000 0.1585
013160 0.0000 0.8415 0.0000 0.1585
013180 0.0000 0.8415 0.0000 0.1585
013200 0.0000 0.8415 0.0000 0.1585
013220 0.0000 0.8415 0.0000 0.1585
013240 0.0000 0.8415 0.0000 0.1585
013260 0.0000 0.8415 0.0000 0.1585
013280 0.0000 0.8415 0.0000 0.1585
013300 0.0000 0.8415 0.0000 0.1585
013320 0.0000 0.8415 0.0000 0.1585
013340 0.0000 0.8415 0.0000 0.1585
013360 0.0000 0.8415 0.0000 0.1585
013380 0.0000 0.8415 0.0000 0.1585
013400 0.0000 0.8415 0.0000 0.1585
013420 0.0000 0.8415 0.0000 0.1585
013440 0.0000 0.8415 0.0000 0.1585
013460 0.0000 0.8415 0.0000 0.1585
013480 0.0000 0.8415 0.0000 0.1585
013500 0.0000 0.8415 0.0000 0.1585
013520 0.0000 0.8415 0.0000 0.1585
013540 0.0000 0.8415 0.0000 0.1585
013560 0.0000 0.8415 0.0000 0.1585
013580 0.0000 0.8415 0.0000 0.1585
013600 0.0000 0.8415 0.0000 0.1585
013620 0.0000 0.8415 0.0000 0.1585
013640 0.0000 0.8415 0.0000 0.1585
013660 0.0000 0.8415 0.0000 0.1585
013680 0.0000 0.8415 0.0000 0.1585
013700 0.0000 0.8415 0.0000 0.1585
013720 0.0000 0.8415 0.0000 0.1585
013740 0.0000 0.8415 0.0000 0.1585
013760 0.0000 0.8415 0.0000 0.1585
013780 0.0000 0.8415 0.0000 0.1585
013800 0.0000 0.8415 0.0000 0.1585
013820 0.0000 0.8415 0.0000 0.1585
013840 0.0000 0.8415 0.0000 0.1585
013860 0.0000 0.8415 0.0000 0.1585
013880 0.0000 0.8415 0.0000 0.1585
013900 0.0000 0.8415 0.0000 0.1585
013920 0.0000 0.8415 0.0000 0.1585
013940 0.0000 0.8415 0.0000 0.1585
013960 0.0000 0.8415 0.0000 0.1585
013980 0.0000 0.8415 0.0000 0.1585
014000 0.0000 0.8415 0.0000 0.1585
014020 0.0000 0.8415 0.0000 0.1585
014040 0.0000 0.8415 0.0000 0.1585
014060 0.0000 0.8415 0.0000 0.1585
014080 0.0000 0.8415 0.0000 0.1585
014100 0.0000 0.8415 0.0000 0.1585
014120 0.0000 0.8415 0.0000 0.1585
014140 0.0000 0.8415 0.0000 0.1585
014160 0.0000 0.8415 0.0000 0.1585
014180 0.0000 0.8415 0.0000 0.1585
014200 0.0000 0.8415 0.0000 0.1585
014220 0.0000 0.8415 0.0000 0.1585
014240 0.0000 0.8415 0.0000 0.1585
014260 0.0000 0.8415 0.0000 0.1585
014280 0.0000 0.8415 0.0000 0.1585
014300 0.0000 0.8415 0.0000 0.1585
014320 0.0000 0.8415 0.0000 0.1585
014340 0.0000 0.8415 0.0000 0.1585
014360 0.0000 0.8415 0.0000 0.1585
014380 0.0000 0.8415 0.0000 0.1585
014400 0.0000 0.8415 0.0000 0.1585
014420 0.0000 0.8415 0.0000 0.1585
014440 0.0000 0.8415 0.0000 0.1585
014460 0.0000 0.8415 0.0000 0.1585
014480 0.0000 0.8415 0.0000 0.1585
014500 0.0000 0.8415 0.0000 0.1585
014520 0.0000 0.8415 0.0000 0.1585
014540 0.0000 0.8415 0.0000 0.1585
014560 0.0000 0.8415 0.0000 0.1585
014580 0.0000 0.8415 0.0000 0.1585
014600 0.0000 0.8415 0.0000 0.1585
014620 0.0000 0.8415 0.0000 0.1585
014640 0.0000 0.8415 0.0000 0.1585
014660 0.0000 0.8415 0.0000 0.1585
014680 0.0000 0.8415 0.0000 0.1585
014700 0.0000 0.8415 0.0000 0.1585
014720 0.0000 0.8415 0.0000 0.1585
014740 0.0000 0.8415 0.0000 0.1585
014760 0.0000 0.8415 0.0000 0.1585
014780 0.0000 0.8415 0.0000 0.1585
014800 0.0000 0.8415 0.0000 0.1585
014820 0.0000 0.8415 0.0000 0.1585
014840 0.0000 0.8415 0.0000 0.1585
014860 0.0000 0.8415 0.0000 0.1585
014880 0.0000 0.8415 0.0000 0.1585
014900 0.0000 0.8415 0.0000 0.1585
014920 0.0000 0.8415 0.0000 0.1585
014940 0.0000 0.8415 0.0000 0.1585
014960 0.0000 0.8415 0.0000 0.1585
014980 0.0000 0.8415 0.0000 0.1585
015000 0.0000 0.8415 0.0000 0.1585
015020 0.0000 0.8415 0.0000 0.1585
015040 0.0000 0.8415 0.0000 0.1585
015060 0.0000 0.8415 0.0000 0.1585
015080 0.0000 0.8415 0.0000 0.1585
015100 0.0000 0.8415 0.0000 0.1585
015120 0.0000 0.8415 0.0000 0.1585
015140 0.0000 0.8415 0.0000 0.1585
015160 0.0000 0.8415 0.0000 0.1585
015180 0.0000 0.8415 0.0000 0.1585
015200 0.0000 0.8415 0.0000 0.1585
015220 0.0000 0.8415 0.0000 0.1585
015240 0.0000 0.8415 0.0000 0.1585
015260 0.0000 0.8415 0.0000 0.1585
015280 0.0000 0.8415 0.0000 0.1585
015300 0.0000 0.8415 0.0000 0.1585
015320 0.0000 0.8415 0.0000 0.1585
015340 0.0000 0.8415 0.0000 0.1585
015360 0.0000 0.8415 0.0000 0.1585
015380 0.0000 0.8415 0.0000 0.1585
015400 0.0000 0.8415 0.0000 0.1585
015420 0.0000 0.8415 0.0000 0.1585
015440 0.0000 0.8415 0.0000 0.1585
015460 0.0000 0.8415 0.0000 0.1585
015480 0.0000 0.8415 0.0000 0.1585
015500 0.0000 0.8415 0.0000 0.1585
015520 0.0000 0.8415 0.0000 0.1585
015540 0.0000 0.8415 0.0000 0.1585
015560 0.0000 0.8415 0.0000 0.1585
015580 0.0000 0.8415 0.0000 0.1585
015600 0.0000 0.8415 0.0000 0.1585
015620 0.0000 0.8415 0.0000 0.1585
015640 0.0000 0.8415 0.0000 0.1585
015660 0.0000 0.8415 0.0000 0.1585
015680 0.0000 0.8415 0.0000 0.1585
015700 0.0000 0.8415 0.0000 0.1585
015720 0.0000 0.8415 0.0000 0.1585
015740 0.0000 0.8415 0.0000 0.1585
015760 0.0000 0.8415 0.0000 0.1585
015780 0.0000 0.8415 0.0000 0.1585
015800 0.0000 0.8415 0.0000 0.1585
015820 0.0000 0.8415 0.0000 0.1585
015840 0.0000 0.8415 0.0000 0.1585
015860 0.0000 0.8415 0.0000 0.1585
015880 0.0000 0.8415 0.0000 0.1585
015900 0.0000 0.8415 0.0000 0.1585
015920 0.0000 0.8415 0.0000 0.1585
015940 0.0000 0.8415 0.0000 0.1585
015960 0.0000 0.8415 0.0000 0.1585
015980 0.0000 0.8415 0.0000 0.1585
016000 0.0000 0.8415 0.0000 0.1585
016020 0.0000 0.8415 0.0000 0.1585
016040 0.0000 0.8415 0.0000 0.1585
016060 0.0000 0.8415 0.0000 0.1585
016080 0.0000 0.8415 0.0000 0.1585
016100 0.0000 0.8415 0.0000 0.1585
016120 0.0000 0.8415 0.0000 0.1585
016140 0.0000 0.8415 0.0000 0.1585
016160 0.0000 0.8415 0.0000 0.1585
016180 0.0000 0.8415 0.0000 0.1585
016200 0.0000 0.8415 0.0000 0.1585
016220 0.0000 0.8415 0.0000 0.1585
016240 0.0000 0.8415 0.0000 0.1585
016260 0.0000 0.8415 0.0000 0.1585
016280 0.0000 0.8415 0.0000 0.1585
016300 0.0000 0.8415 0.0000 0.1585
016320 0.0000 0.8415 0.0000 0.1585
016340 0.0000 0.8415 0.0000 0.1585
016360 0.0000 0.8415 0.0000 0.1585
016380 0.0000 0.8415 0.0000 0.1585
016400 0.0000 0.8415 0.0000 0.1585
016420 0.0000 0.8415 0.0000 0.1585
016440 0.0000 0.8415 0.0000 0.1585
016460 0.0000 0.8415 0.0000 0.1585
016480 0.0000 0.8415 0.0000 0.1585
016500 0.0000 0.8415 0.0000 0.1585
016520 0.0000 0.8415 0.0000 0.1585
016540 0.0000 0.8415 0.0000 0.1585
016560 0.0000 0.8415 0.0000 0.1585
016580 0.0000 0.8415 0.0000 0.1585
016600 0.0000 0.8415 0.0000 0.1585
016620 0.0000 0.8415 0.0000 0.1585
016640 0.0000 0.8415 0.0000 0.1585
016660 0.0000 0.8415 0.0000 0.1585
016680 0.0000 0.8415 0.0000 0.1585
016700 0.0000 0.8415 0.0000 0.1585
016720 0.0000 0.8415 0.0000 0.1585
016740 0.0000 0.8415 0.0000 0.1585
016760 0.0000 0.8415 0.0000 0.1585
016780 0.0000 0.8415 0.0000 0.1585
016800 0.0000 0.8415 0.0000 0.1585
016820 0.0000 0.8415 0.0000 0.1585
016840 0.0000 0.8415 0.0000 0.1585
016860 0.0000 0.8415 0.0000 0.1585
016880 0.0000 0.8415 0.0000 0.1585
016900 0.0000 0.8415 0.0000 0.1585
016920 0.0000 0.8415 0.0000 0.1585
016940 0.0000 0.8415 0.0000 0.1585
016960 0.0000 0.8415 0.0000 0.1585
016980 0.0000 0.8415 0.0000 0.1585
017000 0.0000 0.8415 0.0000 0.1585
017020 0.0000 0.8415 0.0000 0.1585
017040 0.0000 0.8415 0.0000 0.1585
017060 0.0000 0.8415 0.0000 0.1585
017080 0.0000 0.8415 0.0000 0.1585
017100 0.0000 0.8415 0.0000 0.1585
017120 0.0000 0.8415 0.0000 0.1585
017140 0.0000 0.8415 0.0000 0.1585
017160 0.0000 0.8415 0.0000 0.1585
017180 0.0000 0.8415 0.0000 0.1585
017200 0.0000 0.8415 0.0000 0.1585
017220 0.0000 0.8415 0.0000 0.1585
017240 0.0000 0.8415 0.0000 0.1585
017260 0.0000 0.8415 0.0000 0.1585
017280 0.0000 0.8415 0.0000 0.1585
017300 0.0000 0.8415 0.0000 0.1585
017320 0.0000 0.8415 0.0000 0.1585
017340 0.0000 0.8415 0.0000 0.1585
017360 0.0000 0.8415 0.0000 0.1585
017380 0.0000 0.8415 0.0000 0.1585
017400 0.0000 0.8415 0.0000 0.1585
017420 0.0000 0.8415 0.0000 0.1585
017440 0.0000 0.8415 0.0000 0.1585
017460 0.0000 0.8415 0.0000 0.1585
017480 0.0000 0.8415 0.0000 0.1585
017500 0.0000 0.8415 0.0000 0.1585
017520 0.0000 0.8415 0.0000 0.1585
017540 0.0000 0.8415 0.0000 0.1585
017560 0.0000 0.8415 0.0000 0.1585
017580 0.0000 0.8415 0.0000 0.1585
017600 0.0000 0.8415 0.0000 0.1585
017620 0.0000 0.8415 0.0000 0.1585
017640 0.0000 0.8415 0.0000 0.1585
017660 0.0000 0.8415 0.0000 0.1585
017680 0.0000 0.8415 0.0000 0.1585
017700 0.0000 0.8415 0.0000 0.1585
017720 0.0000 0.8415 0.0000 0.1585
017740 0.0000 0.8415 0.0000 0.1585
017760 0.0000 0.8415 0.0000 0.1585
017780 0.0000 0.8415 0.0000 0.1585
017800 0.0000 0.8415 0.0000 0.1585
017820 0.0000 0.8415 0.0000 0.1585
017840 0.0000 0.8415 0.0000 0.1585
017860 0.0000 0.8415 0.0000 0.1585
017880 0.0000 0.8415 0.0000 0.1585
017900 0.0000 0.8415 0.0000 0.1585
017920 0.0000 0.8415 0.0000 0.1585
017940 0.0000 0.8415 0.0000 0.1585
017960 0.0000 0.8415 0.0000 0.1585
017980 0.0000 0.8415 0.0000 0.1585
018000 0.0000 0.8415 0.0000 0.1585
018020 0.0000 0.8415 0.0000 0.1585
018040 0.0000 0.8415 0.0000 0.1585
018060 0.0000 0.8415 0.0000 0.1585
018080 0.0000 0.8415 0.0000 0.1585
018100 0.0000 0.8415 0.0000 0.1585
018120 0.0000 0.8415 0.0000 0.1585
018140 0.0000 0.8415 0.0000 0.1585
018160 0.0000 0.8415 0.0000 0.1585
018180 0.0000 0.8415 0.0000 0.1585
018200 0.0000 0.8415 0.0000 0.1585
018220 0.0000 0.8415 0.0000 0.1585
018240 0.0000 0.8415 0.0000 0.1585
018260 0.0000 0.8415 0.0000 0.1585
018280 0.0000 0.8415 0.0000 0.1585
018300 0.0000 0.8415 0.0000 0.1585
018320 0.0000 0.8415 0.0000 0.1585
018340 0.0000 0.8415 0.0000 0.1585
018360 0.0000 0.8415 0.0000 0.1585
018380 0.0000 0.8415 0.0000 0.1585
018400 0.0000 0.8415 0.0000 0.1585
018420 0.0000 0.8415 0.0000 0.1585
018440 0.0000 0.8415 0.0000 0.1585
018460 0.0000 0.8415 0.0000 0.1585
018480 0.0000 0.8415 0.0000 0.1585
018500 0.0000 0.8415 0.0000 0.1585
018520 0.0000 0.8415 0.0000 0.1585
018540 0.0000 0.8415 0.0000 0.1585
018560 0.0000 0.8415 0.0000 0.1585
018580 0.0000 0.8415 0.0000 0.1585
018600 0.0000 0.8415 0.0000 0.1585
018620 0.0000 0.8415 0.0000 0.1585
018640 0.0000 0.8415 0.0000 0.1585
018660 0.0000 0.8415 0.0000 0.1585
018680 0.0000 0.8415 0.0000 0.1585
018700 0.0000 0.8415 0.0000 0.1585
018720 0.0000 0.8415 0.0000 0.1585
018740 0.0000 0.8415 0.0000 0.1585
018760 0.0000 0.8415 0.0000 0.1585
018780 0.0000 0.8415 0.0000 0.1585
018800 0.0000 0.8415 0.0000 0.1585
018820 0.0000 0.8415 0.0000 0.1585
018840 0.0000 0.8415 0.0000 0.1585
018860 0.0000 0.8415 0.0000 0.1585
018880 0.0000 0.8415 0.0000 0.1585
018900 0.0000 0.8415 0.0000 0.1585
018920 0.0000 0.8415 0.0000 0.1585
018940 0.0000 0.8415 0.0000 0.1585
018960 0.0000 0.8415 0.0000 0.1585
018980 0.0000 0.8415 0.0000 0.1585
019000 0.0000 0.8415 0.0000 0.1585
019020 0.0000 0.8415 0.0000 0.1585
019040 0.0000 0.8415 0.0000 0.1585
019060 0.0000 0.8415 0.0000 0.1585
019080 0.0000 0.8415 0.0000 0.1585
019100 0.0000 0.8415 0.0000 0.1585
019120 0.0000 0.8415 0.0000 0.1585
019140 0.0000 0.8415 0.0000 0.1585
019160 0.0000 0.8415 0.0000 0.1585
019180 0.0000 0.8415 0.0000 0.1585
019200 0.0000 0.8415 0.0000 0.1585
019220 0.0000 0.8415 0.0000 0.1585
019240 0.0000 0.8415 0.0000 0.1585
019260 0.0000 0.8415 0.0000 0.1585
019280 0.0000 0.8415 0.0000 0.1585
019300 0.0000 0.8415 0.0000 0.1585
019320 0.0000 0.8415 0.0000 0.1585
019340 0.0000 0.8415 0.0000 0.1585
019360 0.0000 0.8415 0.0000 0.1585
019380 0.0000 0.8415 0.0000 0.1585
019400 0.0000 0.8415 0.0000 0.1585
019420 0.0000 0.8415 0.0000 0.1585
019440 0.0000 0.8415 0.0000 0.1585
019460 0.0000 0.8415 0.0000 0.1585
019480 0.0000 0.8415 0.0000 0.1585
019500 0.0000 0.8415 0.0000 0.1585
019520 0.0000 0.8415 0.0000 0.1585
019540 0.0000 0.8415 0.0000 0.1585
019560 0.0000 0.8415 0.0000 0.1585
019580 0.0000 0.8415 0.0000 0.1585
019600 0.0000 0.8415 0.0000 0.1585
019620 0.0000 0.8415 0.0000 0.1585
019640 0.0000 0.8415 0.0000 0.1585
019660 0.0000 0.8415 0.0000 0.1585
019680 0.0000 0.8415 0.0000 0.1585
019700 0.0000 0.8415 0.0000 0.1585
019720 0.0000 0.8415 0.0000 0.1585
019740 0.0000 0.8415 0.0000 0.1585
019760 0.0000 0.8415 0.0000 0.1585
019780 0.0000 0.8415 0.0000 0.1585
019800 0.0000 0.8415 0.0000 0.1585
019820 0.0000 0.8415 0.0000 0.1585
019840 0.0000 0.8415 0.0000 0.1585
019860 0.0000 0.8415 0.0000 0.1585
019880 0.0000 0.8415 0.0000 0.1585
019900 0.0000 0.8415 0.0000 0.1585
019920 0.0000 0.8415 0.0000 0.1585
019940 0.0000 0.8415 0.0000 0.1585
019960 0.0000 0.8415 0.0000 0.1585
019980 0.0000 0.8415 0.0000 0.1585
020000 0.0000 0.8415 0.0000 0.1585
