000000 0.2504 0.2491 0.2500 0.2505
000020 0.0120 0.8065 0.0000 0.1815
000040 0.0038 0.8295 0.0000 0.1668
000060 0.0014 0.8364 0.0000 0.1622
000080 0.0006 0.8396 0.0000 0.1598
000100 0.0002 0.8408 0.0000 0.1591
000120 0.0001 0.8413 0.0000 0.1586
000140 0.0000 0.8413 0.0000 0.1587
000160 0.0000 0.8427 0.0000 0.1573
000180 0.0000 0.8421 0.0000 0.1579
000200 0.0000 0.8417 0.0000 0.1583
000220 0.0000 0.8416 0.0000 0.1584
000240 0.0000 0.8414 0.0000 0.1586
000260 0.0000 0.8416 0.0000 0.1584
000280 0.0000 0.8410 0.0000 0.1590
000300 0.0000 0.8410 0.0000 0.1590
000320 0.0000 0.8416 0.0000 0.1584
000340 0.0000 0.8404 0.0000 0.1596
000360 0.0000 0.8409 0.0000 0.1591
000380 0.0000 0.8405 0.0000 0.1595
000400 0.0000 0.8418 0.0000 0.1582
000420 0.0000 0.8410 0.0000 0.1590
000440 0.0000 0.8409 0.0000 0.1591
000460 0.0000 0.8413 0.0000 0.1587
000480 0.0000 0.8413 0.0000 0.1587
000500 0.0000 0.8412 0.0000 0.1588
000520 0.0000 0.8413 0.0000 0.1587
000540 0.0000 0.8412 0.0000 0.1588
000560 0.0000 0.8411 0.0000 0.1589
000580 0.0000 0.8415 0.0000 0.1585
000600 0.0000 0.8415 0.0000 0.1585
000620 0.0000 0.8406 0.0000 0.1594
000640 0.0000 0.8410 0.0000 0.1590
000660 0.0000 0.8416 0.0000 0.1584
000680 0.0000 0.8414 0.0000 0.1586
000700 0.0000 0.8414 0.0000 0.1586
000720 0.0000 0.8412 0.0000 0.1588
000740 0.0000 0.8409 0.0000 0.1591
000760 0.0000 0.8413 0.0000 0.1587
000780 0.0000 0.8408 0.0000 0.1592
000800 0.0000 0.8414 0.0000 0.1586
000820 0.0000 0.8420 0.0000 0.1580
000840 0.0000 0.8413 0.0000 0.1587
000860 0.0000 0.8413 0.0000 0.1587
000880 0.0000 0.8410 0.0000 0.1590
000900 0.0000 0.8432 0.0000 0.1568
000920 0.0000 0.8416 0.0000 0.1584
000940 0.0000 0.8418 0.0000 0.1582
000960 0.0000 0.8413 0.0000 0.1587
000980 0.0000 0.8418 0.0000 0.1582
001000 0.0000 0.8412 0.0000 0.1588
001020 0.0000 0.8412 0.0000 0.1588
001040 0.0000 0.8411 0.0000 0.1589
001060 0.0000 0.8416 0.0000 0.1584
001080 0.0000 0.8413 0.0000 0.1587
001100 0.0000 0.8409 0.0000 0.1591
001120 0.0000 0.8417 0.0000 0.1583
001140 0.0000 0.8418 0.0000 0.1582
001160 0.0000 0.8416 0.0000 0.1584
001180 0.0000 0.8420 0.0000 0.1580
001200 0.0000 0.8415 0.0000 0.1585
001220 0.0000 0.8413 0.0000 0.1587
001240 0.0000 0.8403 0.0000 0.1597
001260 0.0000 0.8407 0.0000 0.1593
001280 0.0000 0.8418 0.0000 0.1582
001300 0.0000 0.8409 0.0000 0.1591
001320 0.0000 0.8414 0.0000 0.1586
001340 0.0000 0.8410 0.0000 0.1590
001360 0.0000 0.8416 0.0000 0.1584
001380 0.0000 0.8407 0.0000 0.1593
001400 0.0000 0.8405 0.0000 0.1595
001420 0.0000 0.8406 0.0000 0.1594
001440 0.0000 0.8412 0.0000 0.1588
001460 0.0000 0.8414 0.0000 0.1586
001480 0.0000 0.8408 0.0000 0.1592
001500 0.0000 0.8401 0.0000 0.1599
001520 0.0000 0.8416 0.0000 0.1584
001540 0.0000 0.8422 0.0000 0.1578
001560 0.0000 0.8417 0.0000 0.1583
001580 0.0000 0.8419 0.0000 0.1581
001600 0.0000 0.8410 0.0000 0.1590
001620 0.0000 0.8411 0.0000 0.1589
001640 0.0000 0.8427 0.0000 0.1573
001660 0.0000 0.8417 0.0000 0.1583
001680 0.0000 0.8412 0.0000 0.1588
001700 0.0000 0.8419 0.0000 0.1581
001720 0.0000 0.8416 0.0000 0.1584
001740 0.0000 0.8419 0.0000 0.1581
001760 0.0000 0.8415 0.0000 0.1585
001780 0.0000 0.8413 0.0000 0.1587
001800 0.0000 0.8409 0.0000 0.1591
001820 0.0000 0.8411 0.0000 0.1589
001840 0.0000 0.8416 0.0000 0.1584
001860 0.0000 0.8413 0.0000 0.1587
001880 0.0000 0.8414 0.0000 0.1586
001900 0.0000 0.8423 0.0000 0.1578
001920 0.0000 0.8418 0.0000 0.1582
001940 0.0000 0.8422 0.0000 0.1578
001960 0.0000 0.8411 0.0000 0.1589
001980 0.0000 0.8409 0.0000 0.1591
002000 0.0000 0.8417 0.0000 0.1583
002020 0.0000 0.8413 0.0000 0.1587
002040 0.0000 0.8411 0.0000 0.1589
002060 0.0000 0.8411 0.0000 0.1589
002080 0.0000 0.8412 0.0000 0.1588
002100 0.0000 0.8415 0.0000 0.1585
002120 0.0000 0.8415 0.0000 0.1585
002140 0.0000 0.8410 0.0000 0.1590
002160 0.0000 0.8415 0.0000 0.1585
002180 0.0000 0.8412 0.0000 0.1588
002200 0.0000 0.8413 0.0000 0.1587
002220 0.0000 0.8418 0.0000 0.1582
002240 0.0000 0.8414 0.0000 0.1586
002260 0.0000 0.8419 0.0000 0.1581
002280 0.0000 0.8422 0.0000 0.1578
002300 0.0000 0.8411 0.0000 0.1589
002320 0.0000 0.8412 0.0000 0.1588
002340 0.0000 0.8414 0.0000 0.1586
002360 0.0000 0.8403 0.0000 0.1597
002380 0.0000 0.8409 0.0000 0.1591
002400 0.0000 0.8409 0.0000 0.1591
002420 0.0000 0.8422 0.0000 0.1578
002440 0.0000 0.8417 0.0000 0.1583
002460 0.0000 0.8408 0.0000 0.1592
002480 0.0000 0.8416 0.0000 0.1584
002500 0.0000 0.8409 0.0000 0.1591
002520 0.0000 0.8415 0.0000 0.1585
002540 0.0000 0.8409 0.0000 0.1591
002560 0.0000 0.8414 0.0000 0.1586
002580 0.0000 0.8414 0.0000 0.1586
002600 0.0000 0.8420 0.0000 0.1580
002620 0.0000 0.8415 0.0000 0.1585
002640 0.0000 0.8416 0.0000 0.1584
002660 0.0000 0.8411 0.0000 0.1589
002680 0.0000 0.8410 0.0000 0.1590
002700 0.0000 0.8405 0.0000 0.1595
002720 0.0000 0.8408 0.0000 0.1592
002740 0.0000 0.8418 0.0000 0.1582
002760 0.0000 0.8407 0.0000 0.1593
002780 0.0000 0.8408 0.0000 0.1592
002800 0.0000 0.8399 0.0000 0.1601
002820 0.0000 0.8427 0.0000 0.1573
002840 0.0000 0.8418 0.0000 0.1582
002860 0.0000 0.8410 0.0000 0.1590
002880 0.0000 0.8418 0.0000 0.1582
002900 0.0000 0.8410 0.0000 0.1590
002920 0.0000 0.8417 0.0000 0.1583
002940 0.0000 0.8410 0.0000 0.1590
002960 0.0000 0.8422 0.0000 0.1578
002980 0.0000 0.8410 0.0000 0.1590
003000 0.0000 0.8410 0.0000 0.1590
003020 0.0000 0.8416 0.0000 0.1584
003040 0.0000 0.8413 0.0000 0.1587
003060 0.0000 0.8409 0.0000 0.1591
003080 0.0000 0.8406 0.0000 0.1594
003100 0.0000 0.8416 0.0000 0.1584
003120 0.0000 0.8415 0.0000 0.1585
003140 0.0000 0.8412 0.0000 0.1588
003160 0.0000 0.8412 0.0000 0.1588
003180 0.0000 0.8410 0.0000 0.1590
003200 0.0000 0.8407 0.0000 0.1593
003220 0.0000 0.8419 0.0000 0.1581
003240 0.0000 0.8411 0.0000 0.1589
003260 0.0000 0.8419 0.0000 0.1581
003280 0.0000 0.8421 0.0000 0.1579
003300 0.0000 0.8419 0.0000 0.1581
003320 0.0000 0.8417 0.0000 0.1583
003340 0.0000 0.8412 0.0000 0.1588
003360 0.0000 0.8407 0.0000 0.1593
003380 0.0000 0.8409 0.0000 0.1591
003400 0.0000 0.8422 0.0000 0.1578
003420 0.0000 0.8418 0.0000 0.1582
003440 0.0000 0.8405 0.0000 0.1595
003460 0.0000 0.8415 0.0000 0.1585
003480 0.0000 0.8415 0.0000 0.1585
003500 0.0000 0.8411 0.0000 0.1589
003520 0.0000 0.8418 0.0000 0.1582
003540 0.0000 0.8417 0.0000 0.1583
003560 0.0000 0.8417 0.0000 0.1583
003580 0.0000 0.8415 0.0000 0.1585
003600 0.0000 0.8421 0.0000 0.1579
003620 0.0000 0.8414 0.0000 0.1586
003640 0.0000 0.8422 0.0000 0.1578
003660 0.0000 0.8419 0.0000 0.1581
003680 0.0000 0.8418 0.0000 0.1582
003700 0.0000 0.8416 0.0000 0.1584
003720 0.0000 0.8420 0.0000 0.1580
003740 0.0000 0.8410 0.0000 0.1590
003760 0.0000 0.8407 0.0000 0.1593
003780 0.0000 0.8411 0.0000 0.1589
003800 0.0000 0.8416 0.0000 0.1584
003820 0.0000 0.8419 0.0000 0.1581
003840 0.0000 0.8415 0.0000 0.1585
003860 0.0000 0.8404 0.0000 0.1596
003880 0.0000 0.8412 0.0000 0.1588
003900 0.0000 0.8411 0.0000 0.1589
003920 0.0000 0.8408 0.0000 0.1592
003940 0.0000 0.8403 0.0000 0.1597
003960 0.0000 0.8406 0.0000 0.1594
003980 0.0000 0.8406 0.0000 0.1594
004000 0.0000 0.8408 0.0000 0.1592
004020 0.0000 0.8402 0.0000 0.1598
004040 0.0000 0.8411 0.0000 0.1589
004060 0.0000 0.8413 0.0000 0.1587
004080 0.0000 0.8410 0.0000 0.1590
004100 0.0000 0.8412 0.0000 0.1588
004120 0.0000 0.8413 0.0000 0.1587
004140 0.0000 0.8413 0.0000 0.1587
004160 0.0000 0.8411 0.0000 0.1589
004180 0.0000 0.8413 0.0000 0.1587
004200 0.0000 0.8416 0.0000 0.1584
004220 0.0000 0.8414 0.0000 0.1586
004240 0.0000 0.8415 0.0000 0.1585
004260 0.0000 0.8417 0.0000 0.1583
004280 0.0000 0.8417 0.0000 0.1583
004300 0.0000 0.8409 0.0000 0.1591
004320 0.0000 0.8411 0.0000 0.1589
004340 0.0000 0.8412 0.0000 0.1588
004360 0.0000 0.8414 0.0000 0.1586
004380 0.0000 0.8400 0.0000 0.1600
004400 0.0000 0.8416 0.0000 0.1584
004420 0.0000 0.8412 0.0000 0.1588
004440 0.0000 0.8409 0.0000 0.1591
004460 0.0000 0.8411 0.0000 0.1589
004480 0.0000 0.8418 0.0000 0.1582
004500 0.0000 0.8415 0.0000 0.1585
004520 0.0000 0.8416 0.0000 0.1584
004540 0.0000 0.8413 0.0000 0.1587
004560 0.0000 0.8406 0.0000 0.1594
004580 0.0000 0.8417 0.0000 0.1583
004600 0.0000 0.8419 0.0000 0.1581
004620 0.0000 0.8418 0.0000 0.1582
004640 0.0000 0.8406 0.0000 0.1594
004660 0.0000 0.8409 0.0000 0.1591
004680 0.0000 0.8404 0.0000 0.1596
004700 0.0000 0.8422 0.0000 0.1578
004720 0.0000 0.8413 0.0000 0.1587
004740 0.0000 0.8411 0.0000 0.1589
004760 0.0000 0.8410 0.0000 0.1590
004780 0.0000 0.8415 0.0000 0.1585
004800 0.0000 0.8420 0.0000 0.1580
004820 0.0000 0.8412 0.0000 0.1588
004840 0.0000 0.8410 0.0000 0.1590
004860 0.0000 0.8406 0.0000 0.1594
004880 0.0000 0.8413 0.0000 0.1587
004900 0.0000 0.8418 0.0000 0.1582
004920 0.0000 0.8421 0.0000 0.1579
004940 0.0000 0.8415 0.0000 0.1585
004960 0.0000 0.8410 0.0000 0.1590
004980 0.0000 0.8419 0.0000 0.1581
005000 0.0000 0.8410 0.0000 0.1590
005020 0.0000 0.8407 0.0000 0.1593
005040 0.0000 0.8409 0.0000 0.1591
005060 0.0000 0.8415 0.0000 0.1585
005080 0.0000 0.8414 0.0000 0.1586
005100 0.0000 0.8419 0.0000 0.1581
005120 0.0000 0.8414 0.0000 0.1586
005140 0.0000 0.8403 0.0000 0.1597
005160 0.0000 0.8414 0.0000 0.1586
005180 0.0000 0.8415 0.0000 0.1585
005200 0.0000 0.8404 0.0000 0.1596
005220 0.0000 0.8406 0.0000 0.1594
005240 0.0000 0.8417 0.0000 0.1583
005260 0.0000 0.8421 0.0000 0.1579
005280 0.0000 0.8411 0.0000 0.1589
005300 0.0000 0.8425 0.0000 0.1575
005320 0.0000 0.8420 0.0000 0.1580
005340 0.0000 0.8416 0.0000 0.1584
005360 0.0000 0.8411 0.0000 0.1588
005380 0.0000 0.8419 0.0000 0.1581
005400 0.0000 0.8418 0.0000 0.1582
005420 0.0000 0.8419 0.0000 0.1581
005440 0.0000 0.8405 0.0000 0.1595
005460 0.0000 0.8413 0.0000 0.1587
005480 0.0000 0.8415 0.0000 0.1585
005500 0.0000 0.8413 0.0000 0.1587
005520 0.0000 0.8410 0.0000 0.1590
005540 0.0000 0.8410 0.0000 0.1590
005560 0.0000 0.8412 0.0000 0.1588
005580 0.0000 0.8419 0.0000 0.1581
005600 0.0000 0.8415 0.0000 0.1585
005620 0.0000 0.8408 0.0000 0.1592
005640 0.0000 0.8406 0.0000 0.1594
005660 0.0000 0.8418 0.0000 0.1582
005680 0.0000 0.8414 0.0000 0.1586
005700 0.0000 0.8415 0.0000 0.1585
005720 0.0000 0.8412 0.0000 0.1588
005740 0.0000 0.8418 0.0000 0.1582
005760 0.0000 0.8422 0.0000 0.1578
005780 0.0000 0.8415 0.0000 0.1585
005800 0.0000 0.8417 0.0000 0.1583
005820 0.0000 0.8412 0.0000 0.1588
005840 0.0000 0.8422 0.0000 0.1578
005860 0.0000 0.8417 0.0000 0.1583
005880 0.0000 0.8417 0.0000 0.1583
005900 0.0000 0.8413 0.0000 0.1587
005920 0.0000 0.8419 0.0000 0.1581
005940 0.0000 0.8408 0.0000 0.1592
005960 0.0000 0.8406 0.0000 0.1594
005980 0.0000 0.8412 0.0000 0.1588
006000 0.0000 0.8412 0.0000 0.1588
006020 0.0000 0.8410 0.0000 0.1590
006040 0.0000 0.8417 0.0000 0.1583
006060 0.0000 0.8425 0.0000 0.1575
006080 0.0000 0.8411 0.0000 0.1589
006100 0.0000 0.8413 0.0000 0.1587
006120 0.0000 0.8407 0.0000 0.1593
006140 0.0000 0.8407 0.0000 0.1593
006160 0.0000 0.8417 0.0000 0.1583
006180 0.0000 0.8407 0.0000 0.1593
006200 0.0000 0.8411 0.0000 0.1589
006220 0.0000 0.8417 0.0000 0.1583
006240 0.0000 0.8416 0.0000 0.1584
006260 0.0000 0.8415 0.0000 0.1585
006280 0.0000 0.8413 0.0000 0.1587
006300 0.0000 0.8414 0.0000 0.1586
006320 0.0000 0.8421 0.0000 0.1579
006340 0.0000 0.8416 0.0000 0.1584
006360 0.0000 0.8413 0.0000 0.1587
006380 0.0000 0.8417 0.0000 0.1583
006400 0.0000 0.8407 0.0000 0.1593
006420 0.0000 0.8414 0.0000 0.1586
006440 0.0000 0.8408 0.0000 0.1592
006460 0.0000 0.8408 0.0000 0.1592
006480 0.0000 0.8417 0.0000 0.1583
006500 0.0000 0.8404 0.0000 0.1596
006520 0.0000 0.8415 0.0000 0.1585
006540 0.0000 0.8419 0.0000 0.1581
006560 0.0000 0.8411 0.0000 0.1589
006580 0.0000 0.8419 0.0000 0.1581
006600 0.0000 0.8412 0.0000 0.1588
006620 0.0000 0.8406 0.0000 0.1594
006640 0.0000 0.8413 0.0000 0.1587
006660 0.0000 0.8416 0.0000 0.1584
006680 0.0000 0.8411 0.0000 0.1589
006700 0.0000 0.8414 0.0000 0.1587
006720 0.0000 0.8411 0.0000 0.1589
006740 0.0000 0.8417 0.0000 0.1583
006760 0.0000 0.8414 0.0000 0.1586
006780 0.0000 0.8411 0.0000 0.1589
006800 0.0000 0.8414 0.0000 0.1586
006820 0.0000 0.8417 0.0000 0.1583
006840 0.0000 0.8418 0.0000 0.1582
006860 0.0000 0.8418 0.0000 0.1582
006880 0.0000 0.8406 0.0000 0.1594
006900 0.0000 0.8421 0.0000 0.1579
006920 0.0000 0.8414 0.0000 0.1586
006940 0.0000 0.8418 0.0000 0.1582
006960 0.0000 0.8413 0.0000 0.1587
006980 0.0000 0.8419 0.0000 0.1581
007000 0.0000 0.8416 0.0000 0.1584
007020 0.0000 0.8404 0.0000 0.1596
007040 0.0000 0.8405 0.0000 0.1595
007060 0.0000 0.8408 0.0000 0.1592
007080 0.0000 0.8401 0.0000 0.1599
007100 0.0000 0.8400 0.0000 0.1600
007120 0.0000 0.8421 0.0000 0.1579
007140 0.0000 0.8416 0.0000 0.1584
007160 0.0000 0.8415 0.0000 0.1585
007180 0.0000 0.8419 0.0000 0.1581
007200 0.0000 0.8415 0.0000 0.1585
007220 0.0000 0.8418 0.0000 0.1582
007240 0.0000 0.8417 0.0000 0.1583
007260 0.0000 0.8419 0.0000 0.1581
007280 0.0000 0.8418 0.0000 0.1582
007300 0.0000 0.8408 0.0000 0.1592
007320 0.0000 0.8411 0.0000 0.1589
007340 0.0000 0.8417 0.0000 0.1583
007360 0.0000 0.8406 0.0000 0.1594
007380 0.0000 0.8411 0.0000 0.1589
007400 0.0000 0.8411 0.0000 0.1589
007420 0.0000 0.8412 0.0000 0.1588
007440 0.0000 0.8406 0.0000 0.1594
007460 0.0000 0.8412 0.0000 0.1588
007480 0.0000 0.8414 0.0000 0.1586
007500 0.0000 0.8410 0.0000 0.1590
007520 0.0000 0.8416 0.0000 0.1584
007540 0.0000 0.8404 0.0000 0.1596
007560 0.0000 0.8410 0.0000 0.1590
007580 0.0000 0.8416 0.0000 0.1584
007600 0.0000 0.8414 0.0000 0.1586
007620 0.0000 0.8417 0.0000 0.1583
007640 0.0000 0.8408 0.0000 0.1592
007660 0.0000 0.8414 0.0000 0.1586
007680 0.0000 0.8416 0.0000 0.1584
007700 0.0000 0.8408 0.0000 0.1592
007720 0.0000 0.8414 0.0000 0.1586
007740 0.0000 0.8413 0.0000 0.1587
007760 0.0000 0.8415 0.0000 0.1585
007780 0.0000 0.8416 0.0000 0.1584
007800 0.0000 0.8416 0.0000 0.1584
007820 0.0000 0.8417 0.0000 0.1583
007840 0.0000 0.8421 0.0000 0.1579
007860 0.0000 0.8400 0.0000 0.1600
007880 0.0000 0.8406 0.0000 0.1594
007900 0.0000 0.8409 0.0000 0.1591
007920 0.0000 0.8416 0.0000 0.1584
007940 0.0000 0.8410 0.0000 0.1590
007960 0.0000 0.8415 0.0000 0.1585
007980 0.0000 0.8423 0.0000 0.1577
008000 0.0000 0.8419 0.0000 0.1581
008020 0.0000 0.8420 0.0000 0.1580
008040 0.0000 0.8417 0.0000 0.1583
008060 0.0000 0.8419 0.0000 0.1581
008080 0.0000 0.8414 0.0000 0.1586
008100 0.0000 0.8418 0.0000 0.1582
008120 0.0000 0.8409 0.0000 0.1591
008140 0.0000 0.8408 0.0000 0.1592
008160 0.0000 0.8415 0.0000 0.1585
008180 0.0000 0.8408 0.0000 0.1592
008200 0.0000 0.8415 0.0000 0.1585
008220 0.0000 0.8409 0.0000 0.1591
008240 0.0000 0.8416 0.0000 0.1584
008260 0.0000 0.8417 0.0000 0.1583
008280 0.0000 0.8418 0.0000 0.1582
008300 0.0000 0.8418 0.0000 0.1582
008320 0.0000 0.8416 0.0000 0.1584
008340 0.0000 0.8417 0.0000 0.1583
008360 0.0000 0.8420 0.0000 0.1580
008380 0.0000 0.8409 0.0000 0.1591
008400 0.0000 0.8410 0.0000 0.1590
008420 0.0000 0.8414 0.0000 0.1586
008440 0.0000 0.8421 0.0000 0.1579
008460 0.0000 0.8419 0.0000 0.1581
008480 0.0000 0.8417 0.0000 0.1583
008500 0.0000 0.8412 0.0000 0.1588
008520 0.0000 0.8409 0.0000 0.1591
008540 0.0000 0.8413 0.0000 0.1587
008560 0.0000 0.8414 0.0000 0.1587
008580 0.0000 0.8421 0.0000 0.1579
008600 0.0000 0.8414 0.0000 0.1586
008620 0.0000 0.8417 0.0000 0.1583
008640 0.0000 0.8415 0.0000 0.1585
008660 0.0000 0.8412 0.0000 0.1588
008680 0.0000 0.8409 0.0000 0.1591
008700 0.0000 0.8405 0.0000 0.1595
008720 0.0000 0.8415 0.0000 0.1585
008740 0.0000 0.8414 0.0000 0.1586
008760 0.0000 0.8419 0.0000 0.1581
008780 0.0000 0.8415 0.0000 0.1585
008800 0.0000 0.8417 0.0000 0.1583
008820 0.0000 0.8415 0.0000 0.1585
008840 0.0000 0.8416 0.0000 0.1584
008860 0.0000 0.8404 0.0000 0.1596
008880 0.0000 0.8415 0.0000 0.1585
008900 0.0000 0.8426 0.0000 0.1574
008920 0.0000 0.8413 0.0000 0.1587
008940 0.0000 0.8421 0.0000 0.1579
008960 0.0000 0.8420 0.0000 0.1580
008980 0.0000 0.8418 0.0000 0.1582
009000 0.0000 0.8415 0.0000 0.1585
009020 0.0000 0.8414 0.0000 0.1586
009040 0.0000 0.8406 0.0000 0.1594
009060 0.0000 0.8422 0.0000 0.1578
009080 0.0000 0.8412 0.0000 0.1588
009100 0.0000 0.8413 0.0000 0.1587
009120 0.0000 0.8403 0.0000 0.1597
009140 0.0000 0.8412 0.0000 0.1588
009160 0.0000 0.8408 0.0000 0.1592
009180 0.0000 0.8402 0.0000 0.1598
009200 0.0000 0.8408 0.0000 0.1592
009220 0.0000 0.8413 0.0000 0.1587
009240 0.0000 0.8413 0.0000 0.1587
009260 0.0000 0.8414 0.0000 0.1586
009280 0.0000 0.8408 0.0000 0.1592
009300 0.0000 0.8409 0.0000 0.1591
009320 0.0000 0.8414 0.0000 0.1586
009340 0.0000 0.8409 0.0000 0.1591
009360 0.0000 0.8414 0.0000 0.1586
009380 0.0000 0.8421 0.0000 0.1579
009400 0.0000 0.8411 0.0000 0.1589
009420 0.0000 0.8414 0.0000 0.1586
009440 0.0000 0.8419 0.0000 0.1581
009460 0.0000 0.8417 0.0000 0.1583
009480 0.0000 0.8410 0.0000 0.1590
009500 0.0000 0.8411 0.0000 0.1589
009520 0.0000 0.8411 0.0000 0.1589
009540 0.0000 0.8417 0.0000 0.1583
009560 0.0000 0.8412 0.0000 0.1588
009580 0.0000 0.8408 0.0000 0.1592
009600 0.0000 0.8405 0.0000 0.1595
009620 0.0000 0.8407 0.0000 0.1593
009640 0.0000 0.8415 0.0000 0.1585
009660 0.0000 0.8407 0.0000 0.1593
009680 0.0000 0.8407 0.0000 0.1593
009700 0.0000 0.8412 0.0000 0.1588
009720 0.0000 0.8406 0.0000 0.1594
009740 0.0000 0.8406 0.0000 0.1594
009760 0.0000 0.8413 0.0000 0.1587
009780 0.0000 0.8416 0.0000 0.1584
009800 0.0000 0.8427 0.0000 0.1573
009820 0.0000 0.8419 0.0000 0.1581
009840 0.0000 0.8422 0.0000 0.1578
009860 0.0000 0.8419 0.0000 0.1581
009880 0.0000 0.8420 0.0000 0.1580
009900 0.0000 0.8413 0.0000 0.1587
009920 0.0000 0.8415 0.0000 0.1585
009940 0.0000 0.8419 0.0000 0.1581
009960 0.0000 0.8414 0.0000 0.1586
009980 0.0000 0.8419 0.0000 0.1581
010000 0.0000 0.8413 0.0000 0.1587
010020 0.0000 0.8410 0.0000 0.1590
010040 0.0000 0.8410 0.0000 0.1590
010060 0.0000 0.8410 0.0000 0.1590
010080 0.0000 0.8410 0.0000 0.1590
010100 0.0000 0.8410 0.0000 0.1590
010120 0.0000 0.8410 0.0000 0.1590
010140 0.0000 0.8410 0.0000 0.1590
010160 0.0000 0.8410 0.0000 0.1590
010180 0.0000 0.8410 0.0000 0.1590
010200 0.0000 0.8410 0.0000 0.1590
010220 0.0000 0.8410 0.0000 0.1590
010240 0.0000 0.8410 0.0000 0.1590
010260 0.0000 0.8410 0.0000 0.1590
010280 0.0000 0.8410 0.0000 0.1590
010300 0.0000 0.8410 0.0000 0.1590
010320 0.0000 0.8410 0.0000 0.1590
010340 0.0000 0.8410 0.0000 0.1590
010360 0.0000 0.8410 0.0000 0.1590
010380 0.0000 0.8410 0.0000 0.1590
010400 0.0000 0.8410 0.0000 0.1590
010420 0.0000 0.8410 0.0000 0.1590
010440 0.0000 0.8410 0.0000 0.1590
010460 0.0000 0.8410 0.0000 0.1590
010480 0.0000 0.8410 0.0000 0.1590
010500 0.0000 0.8410 0.0000 0.1590
010520 0.0000 0.8410 0.0000 0.1590
010540 0.0000 0.8410 0.0000 0.1590
010560 0.0000 0.8410 0.0000 0.1590
010580 0.0000 0.8410 0.0000 0.1590
010600 0.0000 0.8410 0.0000 0.1590
010620 0.0000 0.8410 0.0000 0.1590
010640 0.0000 0.8410 0.0000 0.1590
010660 0.0000 0.8410 0.0000 0.1590
010680 0.0000 0.8410 0.0000 0.1590
010700 0.0000 0.8410 0.0000 0.1590
010720 0.0000 0.8410 0.0000 0.1590
010740 0.0000 0.8410 0.0000 0.1590
010760 0.0000 0.8410 0.0000 0.1590
010780 0.0000 0.8410 0.0000 0.1590
010800 0.0000 0.8410 0.0000 0.1590
010820 0.0000 0.8410 0.0000 0.1590
010840 0.0000 0.8410 0.0000 0.1590
010860 0.0000 0.8410 0.0000 0.1590
010880 0.0000 0.8410 0.0000 0.1590
010900 0.0000 0.8410 0.0000 0.1590
010920 0.0000 0.8410 0.0000 0.1590
010940 0.0000 0.8410 0.0000 0.1590
010960 0.0000 0.8410 0.0000 0.1590
010980 0.0000 0.8410 0.0000 0.1590
011000 0.0000 0.8410 0.0000 0.1590
011020 0.0000 0.8410 0.0000 0.1590
011040 0.0000 0.8410 0.0000 0.1590
011060 0.0000 0.8410 0.0000 0.1590
011080 0.0000 0.8410 0.0000 0.1590
011100 0.0000 0.8410 0.0000 0.1590
011120 0.0000 0.8410 0.0000 0.1590
011140 0.0000 0.8410 0.0000 0.1590
011160 0.0000 0.8410 0.0000 0.1590
011180 0.0000 0.8410 0.0000 0.1590
011200 0.0000 0.8410 0.0000 0.1590
011220 0.0000 0.8410 0.0000 0.1590
011240 0.0000 0.8410 0.0000 0.1590
011260 0.0000 0.8410 0.0000 0.1590
011280 0.0000 0.8410 0.0000 0.1590
011300 0.0000 0.8410 0.0000 0.1590
011320 0.0000 0.8410 0.0000 0.1590
011340 0.0000 0.8410 0.0000 0.1590
011360 0.0000 0.8410 0.0000 0.1590
011380 0.0000 0.8410 0.0000 0.1590
011400 0.0000 0.8410 0.0000 0.1590
011420 0.0000 0.8410 0.0000 0.1590
011440 0.0000 0.8410 0.0000 0.1590
011460 0.0000 0.8410 0.0000 0.1590
011480 0.0000 0.8410 0.0000 0.1590
011500 0.0000 0.8410 0.0000 0.1590
011520 0.0000 0.8410 0.0000 0.1590
011540 0.0000 0.8410 0.0000 0.1590
011560 0.0000 0.8410 0.0000 0.1590
011580 0.0000 0.8410 0.0000 0.1590
011600 0.0000 0.8410 0.0000 0.1590
011620 0.0000 0.8410 0.0000 0.1590
011640 0.0000 0.8410 0.0000 0.1590
011660 0.0000 0.8410 0.0000 0.1590
011680 0.0000 0.8410 0.0000 0.1590
011700 0.0000 0.8410 0.0000 0.1590
011720 0.0000 0.8410 0.0000 0.1590
011740 0.0000 0.8410 0.0000 0.1590
011760 0.0000 0.8410 0.0000 0.1590
011780 0.0000 0.8410 0.0000 0.1590
011800 0.0000 0.8410 0.0000 0.1590
011820 0.0000 0.8410 0.0000 0.1590
011840 0.0000 0.8410 0.0000 0.1590
011860 0.0000 0.8410 0.0000 0.1590
011880 0.0000 0.8410 0.0000 0.1590
011900 0.0000 0.8410 0.0000 0.1590
011920 0.0000 0.8410 0.0000 0.1590
011940 0.0000 0.8410 0.0000 0.1590
011960 0.0000 0.8410 0.0000 0.1590
011980 0.0000 0.8410 0.0000 0.1590
012000 0.0000 0.8410 0.0000 0.1590
012020 0.0000 0.8410 0.0000 0.1590
012040 0.0000 0.8410 0.0000 0.1590
012060 0.0000 0.8410 0.0000 0.1590
012080 0.0000 0.8410 0.0000 0.1590
012100 0.0000 0.8410 0.0000 0.1590
012120 0.0000 0.8410 0.0000 0.1590
012140 0.0000 0.8410 0.0000 0.1590
012160 0.0000 0.8410 0.0000 0.1590
012180 0.0000 0.8410 0.0000 0.1590
012200 0.0000 0.8410 0.0000 0.1590
012220 0.0000 0.8410 0.0000 0.1590
012240 0.0000 0.8410 0.0000 0.1590
012260 0.0000 0.8410 0.0000 0.1590
012280 0.0000 0.8410 0.0000 0.1590
012300 0.0000 0.8410 0.0000 0.1590
012320 0.0000 0.8410 0.0000 0.1590
012340 0.0000 0.8410 0.0000 0.1590
012360 0.0000 0.8410 0.0000 0.1590
012380 0.0000 0.8410 0.0000 0.1590
012400 0.0000 0.8410 0.0000 0.1590
012420 0.0000 0.8410 0.0000 0.1590
012440 0.0000 0.8410 0.0000 0.1590
012460 0.0000 0.8410 0.0000 0.1590
012480 0.0000 0.8410 0.0000 0.1590
012500 0.0000 0.8410 0.0000 0.1590
012520 0.0000 0.8410 0.0000 0.1590
012540 0.0000 0.8410 0.0000 0.1590
012560 0.0000 0.8410 0.0000 0.1590
012580 0.0000 0.8410 0.0000 0.1590
012600 0.0000 0.8410 0.0000 0.1590
012620 0.0000 0.8410 0.0000 0.1590
012640 0.0000 0.8410 0.0000 0.1590
012660 0.0000 0.8410 0.0000 0.1590
012680 0.0000 0.8410 0.0000 0.1590
012700 0.0000 0.8410 0.0000 0.1590
012720 0.0000 0.8410 0.0000 0.1590
012740 0.0000 0.8410 0.0000 0.1590
012760 0.0000 0.8410 0.0000 0.1590
012780 0.0000 0.8410 0.0000 0.1590
012800 0.0000 0.8410 0.0000 0.1590
012820 0.0000 0.8410 0.0000 0.1590
012840 0.0000 0.8410 0.0000 0.1590
012860 0.0000 0.8410 0.0000 0.1590
012880 0.0000 0.8410 0.0000 0.1590
012900 0.0000 0.8410 0.0000 0.1590
012920 0.0000 0.8410 0.0000 0.1590
012940 0.0000 0.8410 0.0000 0.1590
012960 0.0000 0.8410 0.0000 0.1590
012980 0.0000 0.8410 0.0000 0.1590
013000 0.0000 0.8410 0.0000 0.1590
013020 0.0000 0.8410 0.0000 0.1590
013040 0.0000 0.8410 0.0000 0.1590
013060 0.0000 0.8410 0.0000 0.1590
013080 0.0000 0.8410 0.0000 0.1590
013100 0.0000 0.8410 0.0000 0.1590
013120 0.0000 0.8410 0.0000 0.1590
013140 0.0000 0.8410 0.0000 0.1590
013160 0.0000 0.8410 0.0000 0.1590
013180 0.0000 0.8410 0.0000 0.1590
013200 0.0000 0.8410 0.0000 0.1590
013220 0.0000 0.8410 0.0000 0.1590
013240 0.0000 0.8410 0.0000 0.1590
013260 0.0000 0.8410 0.0000 0.1590
013280 0.0000 0.8410 0.0000 0.1590
013300 0.0000 0.8410 0.0000 0.1590
013320 0.0000 0.8410 0.0000 0.1590
013340 0.0000 0.8410 0.0000 0.1590
013360 0.0000 0.8410 0.0000 0.1590
013380 0.0000 0.8410 0.0000 0.1590
013400 0.0000 0.8410 0.0000 0.1590
013420 0.0000 0.8410 0.0000 0.1590
013440 0.0000 0.8410 0.0000 0.1590
013460 0.0000 0.8410 0.0000 0.1590
013480 0.0000 0.8410 0.0000 0.1590
013500 0.0000 0.8410 0.0000 0.1590
013520 0.0000 0.8410 0.0000 0.1590
013540 0.0000 0.8410 0.0000 0.1590
013560 0.0000 0.8410 0.0000 0.1590
013580 0.0000 0.8410 0.0000 0.1590
013600 0.0000 0.8410 0.0000 0.1590
013620 0.0000 0.8410 0.0000 0.1590
013640 0.0000 0.8410 0.0000 0.1590
013660 0.0000 0.8410 0.0000 0.1590
013680 0.0000 0.8410 0.0000 0.1590
013700 0.0000 0.8410 0.0000 0.1590
013720 0.0000 0.8410 0.0000 0.1590
013740 0.0000 0.8410 0.0000 0.1590
013760 0.0000 0.8410 0.0000 0.1590
013780 0.0000 0.8410 0.0000 0.1590
013800 0.0000 0.8410 0.0000 0.1590
013820 0.0000 0.8410 0.0000 0.1590
013840 0.0000 0.8410 0.0000 0.1590
013860 0.0000 0.8410 0.0000 0.1590
013880 0.0000 0.8410 0.0000 0.1590
013900 0.0000 0.8410 0.0000 0.1590
013920 0.0000 0.8410 0.0000 0.1590
013940 0.0000 0.8410 0.0000 0.1590
013960 0.0000 0.8410 0.0000 0.1590
013980 0.0000 0.8410 0.0000 0.1590
014000 0.0000 0.8410 0.0000 0.1590
014020 0.0000 0.8410 0.0000 0.1590
014040 0.0000 0.8410 0.0000 0.1590
014060 0.0000 0.8410 0.0000 0.1590
014080 0.0000 0.8410 0.0000 0.1590
014100 0.0000 0.8410 0.0000 0.1590
014120 0.0000 0.8410 0.0000 0.1590
014140 0.0000 0.8410 0.0000 0.1590
014160 0.0000 0.8410 0.0000 0.1590
014180 0.0000 0.8410 0.0000 0.1590
014200 0.0000 0.8410 0.0000 0.1590
014220 0.0000 0.8410 0.0000 0.1590
014240 0.0000 0.8410 0.0000 0.1590
014260 0.0000 0.8410 0.0000 0.1590
014280 0.0000 0.8410 0.0000 0.1590
014300 0.0000 0.8410 0.0000 0.1590
014320 0.0000 0.8410 0.0000 0.1590
014340 0.0000 0.8410 0.0000 0.1590
014360 0.0000 0.8410 0.0000 0.1590
014380 0.0000 0.8410 0.0000 0.1590
014400 0.0000 0.8410 0.0000 0.1590
014420 0.0000 0.8410 0.0000 0.1590
014440 0.0000 0.8410 0.0000 0.1590
014460 0.0000 0.8410 0.0000 0.1590
014480 0.0000 0.8410 0.0000 0.1590
014500 0.0000 0.8410 0.0000 0.1590
014520 0.0000 0.8410 0.0000 0.1590
014540 0.0000 0.8410 0.0000 0.1590
014560 0.0000 0.8410 0.0000 0.1590
014580 0.0000 0.8410 0.0000 0.1590
014600 0.0000 0.8410 0.0000 0.1590
014620 0.0000 0.8410 0.0000 0.1590
014640 0.0000 0.8410 0.0000 0.1590
014660 0.0000 0.8410 0.0000 0.1590
014680 0.0000 0.8410 0.0000 0.1590
014700 0.0000 0.8410 0.0000 0.1590
014720 0.0000 0.8410 0.0000 0.1590
014740 0.0000 0.8410 0.0000 0.1590
014760 0.0000 0.8410 0.0000 0.1590
014780 0.0000 0.8410 0.0000 0.1590
014800 0.0000 0.8410 0.0000 0.1590
014820 0.0000 0.8410 0.0000 0.1590
014840 0.0000 0.8410 0.0000 0.1590
014860 0.0000 0.8410 0.0000 0.1590
014880 0.0000 0.8410 0.0000 0.1590
014900 0.0000 0.8410 0.0000 0.1590
014920 0.0000 0.8410 0.0000 0.1590
014940 0.0000 0.8410 0.0000 0.1590
014960 0.0000 0.8410 0.0000 0.1590
014980 0.0000 0.8410 0.0000 0.1590
015000 0.0000 0.8410 0.0000 0.1590
015020 0.0000 0.8410 0.0000 0.1590
015040 0.0000 0.8410 0.0000 0.1590
015060 0.0000 0.8410 0.0000 0.1590
015080 0.0000 0.8410 0.0000 0.1590
015100 0.0000 0.8410 0.0000 0.1590
015120 0.0000 0.8410 0.0000 0.1590
015140 0.0000 0.8410 0.0000 0.1590
015160 0.0000 0.8410 0.0000 0.1590
015180 0.0000 0.8410 0.0000 0.1590
015200 0.0000 0.8410 0.0000 0.1590
015220 0.0000 0.8410 0.0000 0.1590
015240 0.0000 0.8410 0.0000 0.1590
015260 0.0000 0.8410 0.0000 0.1590
015280 0.0000 0.8410 0.0000 0.1590
015300 0.0000 0.8410 0.0000 0.1590
015320 0.0000 0.8410 0.0000 0.1590
015340 0.0000 0.8410 0.0000 0.1590
015360 0.0000 0.8410 0.0000 0.1590
015380 0.0000 0.8410 0.0000 0.1590
015400 0.0000 0.8410 0.0000 0.1590
015420 0.0000 0.8410 0.0000 0.1590
015440 0.0000 0.8410 0.0000 0.1590
015460 0.0000 0.8410 0.0000 0.1590
015480 0.0000 0.8410 0.0000 0.1590
015500 0.0000 0.8410 0.0000 0.1590
015520 0.0000 0.8410 0.0000 0.1590
015540 0.0000 0.8410 0.0000 0.1590
015560 0.0000 0.8410 0.0000 0.1590
015580 0.0000 0.8410 0.0000 0.1590
015600 0.0000 0.8410 0.0000 0.1590
015620 0.0000 0.8410 0.0000 0.1590
015640 0.0000 0.8410 0.0000 0.1590
015660 0.0000 0.8410 0.0000 0.1590
015680 0.0000 0.8410 0.0000 0.1590
015700 0.0000 0.8410 0.0000 0.1590
015720 0.0000 0.8410 0.0000 0.1590
015740 0.0000 0.8410 0.0000 0.1590
015760 0.0000 0.8410 0.0000 0.1590
015780 0.0000 0.8410 0.0000 0.1590
015800 0.0000 0.8410 0.0000 0.1590
015820 0.0000 0.8410 0.0000 0.1590
015840 0.0000 0.8410 0.0000 0.1590
015860 0.0000 0.8410 0.0000 0.1590
015880 0.0000 0.8410 0.0000 0.1590
015900 0.0000 0.8410 0.0000 0.1590
015920 0.0000 0.8410 0.0000 0.1590
015940 0.0000 0.8410 0.0000 0.1590
015960 0.0000 0.8410 0.0000 0.1590
015980 0.0000 0.8410 0.0000 0.1590
016000 0.0000 0.8410 0.0000 0.1590
016020 0.0000 0.8410 0.0000 0.1590
016040 0.0000 0.8410 0.0000 0.1590
016060 0.0000 0.8410 0.0000 0.1590
016080 0.0000 0.8410 0.0000 0.1590
016100 0.0000 0.8410 0.0000 0.1590
016120 0.0000 0.8410 0.0000 0.1590
016140 0.0000 0.8410 0.0000 0.1590
016160 0.0000 0.8410 0.0000 0.1590
016180 0.0000 0.8410 0.0000 0.1590
016200 0.0000 0.8410 0.0000 0.1590
016220 0.0000 0.8410 0.0000 0.1590
016240 0.0000 0.8410 0.0000 0.1590
016260 0.0000 0.8410 0.0000 0.1590
016280 0.0000 0.8410 0.0000 0.1590
016300 0.0000 0.8410 0.0000 0.1590
016320 0.0000 0.8410 0.0000 0.1590
016340 0.0000 0.8410 0.0000 0.1590
016360 0.0000 0.8410 0.0000 0.1590
016380 0.0000 0.8410 0.0000 0.1590
016400 0.0000 0.8410 0.0000 0.1590
016420 0.0000 0.8410 0.0000 0.1590
016440 0.0000 0.8410 0.0000 0.1590
016460 0.0000 0.8410 0.0000 0.1590
016480 0.0000 0.8410 0.0000 0.1590
016500 0.0000 0.8410 0.0000 0.1590
016520 0.0000 0.8410 0.0000 0.1590
016540 0.0000 0.8410 0.0000 0.1590
016560 0.0000 0.8410 0.0000 0.1590
016580 0.0000 0.8410 0.0000 0.1590
016600 0.0000 0.8410 0.0000 0.1590
016620 0.0000 0.8410 0.0000 0.1590
016640 0.0000 0.8410 0.0000 0.1590
016660 0.0000 0.8410 0.0000 0.1590
016680 0.0000 0.8410 0.0000 0.1590
016700 0.0000 0.8410 0.0000 0.1590
016720 0.0000 0.8410 0.0000 0.1590
016740 0.0000 0.8410 0.0000 0.1590
016760 0.0000 0.8410 0.0000 0.1590
016780 0.0000 0.8410 0.0000 0.1590
016800 0.0000 0.8410 0.0000 0.1590
016820 0.0000 0.8410 0.0000 0.1590
016840 0.0000 0.8410 0.0000 0.1590
016860 0.0000 0.8410 0.0000 0.1590
016880 0.0000 0.8410 0.0000 0.1590
016900 0.0000 0.8410 0.0000 0.1590
016920 0.0000 0.8410 0.0000 0.1590
016940 0.0000 0.8410 0.0000 0.1590
016960 0.0000 0.8410 0.0000 0.1590
016980 0.0000 0.8410 0.0000 0.1590
017000 0.0000 0.8410 0.0000 0.1590
017020 0.0000 0.8410 0.0000 0.1590
017040 0.0000 0.8410 0.0000 0.1590
017060 0.0000 0.8410 0.0000 0.1590
017080 0.0000 0.8410 0.0000 0.1590
017100 0.0000 0.8410 0.0000 0.1590
017120 0.0000 0.8410 0.0000 0.1590
017140 0.0000 0.8410 0.0000 0.1590
017160 0.0000 0.8410 0.0000 0.1590
017180 0.0000 0.8410 0.0000 0.1590
017200 0.0000 0.8410 0.0000 0.1590
017220 0.0000 0.8410 0.0000 0.1590
017240 0.0000 0.8410 0.0000 0.1590
017260 0.0000 0.8410 0.0000 0.1590
017280 0.0000 0.8410 0.0000 0.1590
017300 0.0000 0.8410 0.0000 0.1590
017320 0.0000 0.8410 0.0000 0.1590
017340 0.0000 0.8410 0.0000 0.1590
017360 0.0000 0.8410 0.0000 0.1590
017380 0.0000 0.8410 0.0000 0.1590
017400 0.0000 0.8410 0.0000 0.1590
017420 0.0000 0.8410 0.0000 0.1590
017440 0.0000 0.8410 0.0000 0.1590
017460 0.0000 0.8410 0.0000 0.1590
017480 0.0000 0.8410 0.0000 0.1590
017500 0.0000 0.8410 0.0000 0.1590
017520 0.0000 0.8410 0.0000 0.1590
017540 0.0000 0.8410 0.0000 0.1590
017560 0.0000 0.8410 0.0000 0.1590
017580 0.0000 0.8410 0.0000 0.1590
017600 0.0000 0.8410 0.0000 0.1590
017620 0.0000 0.8410 0.0000 0.1590
017640 0.0000 0.8410 0.0000 0.1590
017660 0.0000 0.8410 0.0000 0.1590
017680 0.0000 0.8410 0.0000 0.1590
017700 0.0000 0.8410 0.0000 0.1590
017720 0.0000 0.8410 0.0000 0.1590
017740 0.0000 0.8410 0.0000 0.1590
017760 0.0000 0.8410 0.0000 0.1590
017780 0.0000 0.8410 0.0000 0.1590
017800 0.0000 0.8410 0.0000 0.1590
017820 0.0000 0.8410 0.0000 0.1590
017840 0.0000 0.8410 0.0000 0.1590
017860 0.0000 0.8410 0.0000 0.1590
017880 0.0000 0.8410 0.0000 0.1590
017900 0.0000 0.8410 0.0000 0.1590
017920 0.0000 0.8410 0.0000 0.1590
017940 0.0000 0.8410 0.0000 0.1590
017960 0.0000 0.8410 0.0000 0.1590
017980 0.0000 0.8410 0.0000 0.1590
018000 0.0000 0.8410 0.0000 0.1590
018020 0.0000 0.8410 0.0000 0.1590
018040 0.0000 0.8410 0.0000 0.1590
018060 0.0000 0.8410 0.0000 0.1590
018080 0.0000 0.8410 0.0000 0.1590
018100 0.0000 0.8410 0.0000 0.1590
018120 0.0000 0.8410 0.0000 0.1590
018140 0.0000 0.8410 0.0000 0.1590
018160 0.0000 0.8410 0.0000 0.1590
018180 0.0000 0.8410 0.0000 0.1590
018200 0.0000 0.8410 0.0000 0.1590
018220 0.0000 0.8410 0.0000 0.1590
018240 0.0000 0.8410 0.0000 0.1590
018260 0.0000 0.8410 0.0000 0.1590
018280 0.0000 0.8410 0.0000 0.1590
018300 0.0000 0.8410 0.0000 0.1590
018320 0.0000 0.8410 0.0000 0.1590
018340 0.0000 0.8410 0.0000 0.1590
018360 0.0000 0.8410 0.0000 0.1590
018380 0.0000 0.8410 0.0000 0.1590
018400 0.0000 0.8410 0.0000 0.1590
018420 0.0000 0.8410 0.0000 0.1590
018440 0.0000 0.8410 0.0000 0.1590
018460 0.0000 0.8410 0.0000 0.1590
018480 0.0000 0.8410 0.0000 0.1590
018500 0.0000 0.8410 0.0000 0.1590
018520 0.0000 0.8410 0.0000 0.1590
018540 0.0000 0.8410 0.0000 0.1590
018560 0.0000 0.8410 0.0000 0.1590
018580 0.0000 0.8410 0.0000 0.1590
018600 0.0000 0.8410 0.0000 0.1590
018620 0.0000 0.8410 0.0000 0.1590
018640 0.0000 0.8410 0.0000 0.1590
018660 0.0000 0.8410 0.0000 0.1590
018680 0.0000 0.8410 0.0000 0.1590
018700 0.0000 0.8410 0.0000 0.1590
018720 0.0000 0.8410 0.0000 0.1590
018740 0.0000 0.8410 0.0000 0.1590
018760 0.0000 0.8410 0.0000 0.1590
018780 0.0000 0.8410 0.0000 0.1590
018800 0.0000 0.8410 0.0000 0.1590
018820 0.0000 0.8410 0.0000 0.1590
018840 0.0000 0.8410 0.0000 0.1590
018860 0.0000 0.8410 0.0000 0.1590
018880 0.0000 0.8410 0.0000 0.1590
018900 0.0000 0.8410 0.0000 0.1590
018920 0.0000 0.8410 0.0000 0.1590
018940 0.0000 0.8410 0.0000 0.1590
018960 0.0000 0.8410 0.0000 0.1590
018980 0.0000 0.8410 0.0000 0.1590
019000 0.0000 0.8410 0.0000 0.1590
019020 0.0000 0.8410 0.0000 0.1590
019040 0.0000 0.8410 0.0000 0.1590
019060 0.0000 0.8410 0.0000 0.1590
019080 0.0000 0.8410 0.0000 0.1590
019100 0.0000 0.8410 0.0000 0.1590
019120 0.0000 0.8410 0.0000 0.1590
019140 0.0000 0.8410 0.0000 0.1590
019160 0.0000 0.8410 0.0000 0.1590
019180 0.0000 0.8410 0.0000 0.1590
019200 0.0000 0.8410 0.0000 0.1590
019220 0.0000 0.8410 0.0000 0.1590
019240 0.0000 0.8410 0.0000 0.1590
019260 0.0000 0.8410 0.0000 0.1590
019280 0.0000 0.8410 0.0000 0.1590
019300 0.0000 0.8410 0.0000 0.1590
019320 0.0000 0.8410 0.0000 0.1590
019340 0.0000 0.8410 0.0000 0.1590
019360 0.0000 0.8410 0.0000 0.1590
019380 0.0000 0.8410 0.0000 0.1590
019400 0.0000 0.8410 0.0000 0.1590
019420 0.0000 0.8410 0.0000 0.1590
019440 0.0000 0.8410 0.0000 0.1590
019460 0.0000 0.8410 0.0000 0.1590
019480 0.0000 0.8410 0.0000 0.1590
019500 0.0000 0.8410 0.0000 0.1590
019520 0.0000 0.8410 0.0000 0.1590
019540 0.0000 0.8410 0.0000 0.1590
019560 0.0000 0.8410 0.0000 0.1590
019580 0.0000 0.8410 0.0000 0.1590
019600 0.0000 0.8410 0.0000 0.1590
019620 0.0000 0.8410 0.0000 0.1590
019640 0.0000 0.8410 0.0000 0.1590
019660 0.0000 0.8410 0.0000 0.1590
019680 0.0000 0.8410 0.0000 0.1590
019700 0.0000 0.8410 0.0000 0.1590
019720 0.0000 0.8410 0.0000 0.1590
019740 0.0000 0.8410 0.0000 0.1590
019760 0.0000 0.8410 0.0000 0.1590
019780 0.0000 0.8410 0.0000 0.1590
019800 0.0000 0.8410 0.0000 0.1590
019820 0.0000 0.8410 0.0000 0.1590
019840 0.0000 0.8410 0.0000 0.1590
019860 0.0000 0.8410 0.0000 0.1590
019880 0.0000 0.8410 0.0000 0.1590
019900 0.0000 0.8410 0.0000 0.1590
019920 0.0000 0.8410 0.0000 0.1590
019940 0.0000 0.8410 0.0000 0.1590
019960 0.0000 0.8410 0.0000 0.1590
019980 0.0000 0.8410 0.0000 0.1590
020000 0.0000 0.8410 0.0000 0.1590
