000000 0.2500 0.2498 0.2498 0.2505
000020 0.0257 0.7910 0.0001 0.1833
000040 0.0109 0.8216 0.0000 0.1674
000060 0.0056 0.8317 0.0000 0.1627
000080 0.0027 0.8370 0.0000 0.1603
000100 0.0015 0.8394 0.0000 0.1591
000120 0.0007 0.8403 0.0000 0.1589
000140 0.0004 0.8408 0.0000 0.1588
000160 0.0002 0.8413 0.0000 0.1584
000180 0.0001 0.8409 0.0000 0.1590
000200 0.0001 0.8410 0.0000 0.1589
000220 0.0001 0.8412 0.0000 0.1587
000240 0.0000 0.8416 0.0000 0.1584
000260 0.0000 0.8410 0.0000 0.1590
000280 0.0000 0.8410 0.0000 0.1590
000300 0.0000 0.8412 0.0000 0.1588
000320 0.0000 0.8414 0.0000 0.1586
000340 0.0000 0.8407 0.0000 0.1593
000360 0.0000 0.8412 0.0000 0.1588
000380 0.0000 0.8423 0.0000 0.1577
000400 0.0000 0.8410 0.0000 0.1590
000420 0.0000 0.8418 0.0000 0.1582
000440 0.0000 0.8413 0.0000 0.1587
000460 0.0000 0.8415 0.0000 0.1585
000480 0.0000 0.8414 0.0000 0.1586
000500 0.0000 0.8414 0.0000 0.1586
000520 0.0000 0.8414 0.0000 0.1586
000540 0.0000 0.8420 0.0000 0.1580
000560 0.0000 0.8422 0.0000 0.1578
000580 0.0000 0.8410 0.0000 0.1590
000600 0.0000 0.8424 0.0000 0.1576
000620 0.0000 0.8416 0.0000 0.1584
000640 0.0000 0.8410 0.0000 0.1590
000660 0.0000 0.8407 0.0000 0.1593
000680 0.0000 0.8408 0.0000 0.1592
000700 0.0000 0.8412 0.0000 0.1588
000720 0.0000 0.8418 0.0000 0.1582
000740 0.0000 0.8413 0.0000 0.1588
000760 0.0000 0.8413 0.0000 0.1587
000780 0.0000 0.8408 0.0000 0.1592
000800 0.0000 0.8403 0.0000 0.1597
000820 0.0000 0.8415 0.0000 0.1585
000840 0.0000 0.8414 0.0000 0.1586
000860 0.0000 0.8410 0.0000 0.1590
000880 0.0000 0.8410 0.0000 0.1590
000900 0.0000 0.8409 0.0000 0.1591
000920 0.0000 0.8412 0.0000 0.1588
000940 0.0000 0.8420 0.0000 0.1580
000960 0.0000 0.8412 0.0000 0.1588
000980 0.0000 0.8411 0.0000 0.1589
001000 0.0000 0.8413 0.0000 0.1587
001020 0.0000 0.8406 0.0000 0.1594
001040 0.0000 0.8402 0.0000 0.1598
001060 0.0000 0.8399 0.0000 0.1601
001080 0.0000 0.8412 0.0000 0.1588
001100 0.0000 0.8406 0.0000 0.1594
001120 0.0000 0.8407 0.0000 0.1593
001140 0.0000 0.8409 0.0000 0.1591
001160 0.0000 0.8409 0.0000 0.1591
001180 0.0000 0.8415 0.0000 0.1585
001200 0.0000 0.8410 0.0000 0.1590
001220 0.0000 0.8412 0.0000 0.1588
001240 0.0000 0.8421 0.0000 0.1579
001260 0.0000 0.8424 0.0000 0.1576
001280 0.0000 0.8420 0.0000 0.1580
001300 0.0000 0.8421 0.0000 0.1579
001320 0.0000 0.8423 0.0000 0.1577
001340 0.0000 0.8420 0.0000 0.1580
001360 0.0000 0.8416 0.0000 0.1584
001380 0.0000 0.8409 0.0000 0.1591
001400 0.0000 0.8411 0.0000 0.1589
001420 0.0000 0.8412 0.0000 0.1588
001440 0.0000 0.8406 0.0000 0.1594
001460 0.0000 0.8409 0.0000 0.1591
001480 0.0000 0.8420 0.0000 0.1580
001500 0.0000 0.8415 0.0000 0.1585
001520 0.0000 0.8413 0.0000 0.1587
001540 0.0000 0.8426 0.0000 0.1574
001560 0.0000 0.8417 0.0000 0.1583
001580 0.0000 0.8416 0.0000 0.1584
001600 0.0000 0.8421 0.0000 0.1579
001620 0.0000 0.8419 0.0000 0.1581
001640 0.0000 0.8424 0.0000 0.1576
001660 0.0000 0.8417 0.0000 0.1583
001680 0.0000 0.8413 0.0000 0.1587
001700 0.0000 0.8418 0.0000 0.1582
001720 0.0000 0.8419 0.0000 0.1581
001740 0.0000 0.8420 0.0000 0.1580
001760 0.0000 0.8414 0.0000 0.1586
001780 0.0000 0.8414 0.0000 0.1586
001800 0.0000 0.8407 0.0000 0.1593
001820 0.0000 0.8413 0.0000 0.1587
001840 0.0000 0.8413 0.0000 0.1587
001860 0.0000 0.8420 0.0000 0.1580
001880 0.0000 0.8414 0.0000 0.1586
001900 0.0000 0.8419 0.0000 0.1581
001920 0.0000 0.8417 0.0000 0.1583
001940 0.0000 0.8405 0.0000 0.1595
001960 0.0000 0.8411 0.0000 0.1589
001980 0.0000 0.8417 0.0000 0.1583
002000 0.0000 0.8414 0.0000 0.1586
002020 0.0000 0.8410 0.0000 0.1590
002040 0.0000 0.8409 0.0000 0.1591
002060 0.0000 0.8409 0.0000 0.1591
002080 0.0000 0.8407 0.0000 0.1593
002100 0.0000 0.8414 0.0000 0.1586
002120 0.0000 0.8418 0.0000 0.1582
002140 0.0000 0.8410 0.0000 0.1590
002160 0.0000 0.8414 0.0000 0.1586
002180 0.0000 0.8416 0.0000 0.1584
002200 0.0000 0.8416 0.0000 0.1584
002220 0.0000 0.8417 0.0000 0.1583
002240 0.0000 0.8413 0.0000 0.1587
002260 0.0000 0.8409 0.0000 0.1591
002280 0.0000 0.8418 0.0000 0.1582
002300 0.0000 0.8418 0.0000 0.1582
002320 0.0000 0.8418 0.0000 0.1582
002340 0.0000 0.8420 0.0000 0.1580
002360 0.0000 0.8423 0.0000 0.1577
002380 0.0000 0.8414 0.0000 0.1586
002400 0.0000 0.8414 0.0000 0.1586
002420 0.0000 0.8412 0.0000 0.1588
002440 0.0000 0.8407 0.0000 0.1593
002460 0.0000 0.8412 0.0000 0.1588
002480 0.0000 0.8423 0.0000 0.1577
002500 0.0000 0.8418 0.0000 0.1582
002520 0.0000 0.8412 0.0000 0.1588
002540 0.0000 0.8419 0.0000 0.1581
002560 0.0000 0.8417 0.0000 0.1583
002580 0.0000 0.8411 0.0000 0.1589
002600 0.0000 0.8414 0.0000 0.1586
002620 0.0000 0.8417 0.0000 0.1583
002640 0.0000 0.8411 0.0000 0.1589
002660 0.0000 0.8416 0.0000 0.1584
002680 0.0000 0.8414 0.0000 0.1586
002700 0.0000 0.8422 0.0000 0.1578
002720 0.0000 0.8411 0.0000 0.1589
002740 0.0000 0.8415 0.0000 0.1585
002760 0.0000 0.8413 0.0000 0.1587
002780 0.0000 0.8415 0.0000 0.1585
002800 0.0000 0.8421 0.0000 0.1579
002820 0.0000 0.8407 0.0000 0.1593
002840 0.0000 0.8410 0.0000 0.1590
002860 0.0000 0.8406 0.0000 0.1594
002880 0.0000 0.8407 0.0000 0.1593
002900 0.0000 0.8410 0.0000 0.1590
002920 0.0000 0.8411 0.0000 0.1589
002940 0.0000 0.8405 0.0000 0.1595
002960 0.0000 0.8415 0.0000 0.1585
002980 0.0000 0.8419 0.0000 0.1581
003000 0.0000 0.8414 0.0000 0.1586
003020 0.0000 0.8418 0.0000 0.1582
003040 0.0000 0.8422 0.0000 0.1578
003060 0.0000 0.8411 0.0000 0.1589
003080 0.0000 0.8406 0.0000 0.1594
003100 0.0000 0.8417 0.0000 0.1583
003120 0.0000 0.8417 0.0000 0.1583
003140 0.0000 0.8416 0.0000 0.1584
003160 0.0000 0.8412 0.0000 0.1588
003180 0.0000 0.8422 0.0000 0.1578
003200 0.0000 0.8416 0.0000 0.1584
003220 0.0000 0.8402 0.0000 0.1598
003240 0.0000 0.8417 0.0000 0.1583
003260 0.0000 0.8406 0.0000 0.1594
003280 0.0000 0.8413 0.0000 0.1587
003300 0.0000 0.8409 0.0000 0.1591
003320 0.0000 0.8414 0.0000 0.1586
003340 0.0000 0.8416 0.0000 0.1584
003360 0.0000 0.8414 0.0000 0.1586
003380 0.0000 0.8412 0.0000 0.1588
003400 0.0000 0.8413 0.0000 0.1587
003420 0.0000 0.8415 0.0000 0.1585
003440 0.0000 0.8416 0.0000 0.1585
003460 0.0000 0.8409 0.0000 0.1591
003480 0.0000 0.8409 0.0000 0.1591
003500 0.0000 0.8409 0.0000 0.1591
003520 0.0000 0.8409 0.0000 0.1591
003540 0.0000 0.8419 0.0000 0.1581
003560 0.0000 0.8412 0.0000 0.1588
003580 0.0000 0.8406 0.0000 0.1594
003600 0.0000 0.8416 0.0000 0.1584
003620 0.0000 0.8416 0.0000 0.1585
003640 0.0000 0.8420 0.0000 0.1580
003660 0.0000 0.8414 0.0000 0.1586
003680 0.0000 0.8421 0.0000 0.1579
003700 0.0000 0.8425 0.0000 0.1575
003720 0.0000 0.8425 0.0000 0.1575
003740 0.0000 0.8419 0.0000 0.1581
003760 0.0000 0.8408 0.0000 0.1592
003780 0.0000 0.8414 0.0000 0.1586
003800 0.0000 0.8413 0.0000 0.1587
003820 0.0000 0.8417 0.0000 0.1583
003840 0.0000 0.8415 0.0000 0.1585
003860 0.0000 0.8409 0.0000 0.1591
003880 0.0000 0.8415 0.0000 0.1585
003900 0.0000 0.8411 0.0000 0.1589
003920 0.0000 0.8409 0.0000 0.1591
003940 0.0000 0.8405 0.0000 0.1595
003960 0.0000 0.8414 0.0000 0.1586
003980 0.0000 0.8413 0.0000 0.1587
004000 0.0000 0.8407 0.0000 0.1593
004020 0.0000 0.8405 0.0000 0.1595
004040 0.0000 0.8414 0.0000 0.1586
004060 0.0000 0.8408 0.0000 0.1592
004080 0.0000 0.8411 0.0000 0.1589
004100 0.0000 0.8409 0.0000 0.1591
004120 0.0000 0.8413 0.0000 0.1587
004140 0.0000 0.8419 0.0000 0.1581
004160 0.0000 0.8422 0.0000 0.1578
004180 0.0000 0.8414 0.0000 0.1586
004200 0.0000 0.8416 0.0000 0.1584
004220 0.0000 0.8401 0.0000 0.1599
004240 0.0000 0.8410 0.0000 0.1590
004260 0.0000 0.8407 0.0000 0.1593
004280 0.0000 0.8417 0.0000 0.1583
004300 0.0000 0.8409 0.0000 0.1591
004320 0.0000 0.8414 0.0000 0.1586
004340 0.0000 0.8416 0.0000 0.1584
004360 0.0000 0.8411 0.0000 0.1589
004380 0.0000 0.8400 0.0000 0.1600
004400 0.0000 0.8408 0.0000 0.1592
004420 0.0000 0.8403 0.0000 0.1597
004440 0.0000 0.8410 0.0000 0.1590
004460 0.0000 0.8407 0.0000 0.1593
004480 0.0000 0.8404 0.0000 0.1596
004500 0.0000 0.8411 0.0000 0.1589
004520 0.0000 0.8414 0.0000 0.1586
004540 0.0000 0.8416 0.0000 0.1584
004560 0.0000 0.8414 0.0000 0.1586
004580 0.0000 0.8410 0.0000 0.1590
004600 0.0000 0.8413 0.0000 0.1587
004620 0.0000 0.8410 0.0000 0.1590
004640 0.0000 0.8407 0.0000 0.1593
004660 0.0000 0.8409 0.0000 0.1591
004680 0.0000 0.8417 0.0000 0.1583
004700 0.0000 0.8421 0.0000 0.1579
004720 0.0000 0.8407 0.0000 0.1593
004740 0.0000 0.8413 0.0000 0.1587
004760 0.0000 0.8416 0.0000 0.1584
004780 0.0000 0.8417 0.0000 0.1583
004800 0.0000 0.8415 0.0000 0.1585
004820 0.0000 0.8409 0.0000 0.1591
004840 0.0000 0.8426 0.0000 0.1574
004860 0.0000 0.8421 0.0000 0.1579
004880 0.0000 0.8408 0.0000 0.1592
004900 0.0000 0.8413 0.0000 0.1587
004920 0.0000 0.8409 0.0000 0.1591
004940 0.0000 0.8416 0.0000 0.1584
004960 0.0000 0.8407 0.0000 0.1593
004980 0.0000 0.8414 0.0000 0.1586
005000 0.0000 0.8413 0.0000 0.1587
005020 0.0000 0.8409 0.0000 0.1591
005040 0.0000 0.8418 0.0000 0.1582
005060 0.0000 0.8409 0.0000 0.1591
005080 0.0000 0.8413 0.0000 0.1587
005100 0.0000 0.8412 0.0000 0.1588
005120 0.0000 0.8407 0.0000 0.1593
005140 0.0000 0.8408 0.0000 0.1592
005160 0.0000 0.8404 0.0000 0.1596
005180 0.0000 0.8411 0.0000 0.1589
005200 0.0000 0.8417 0.0000 0.1583
005220 0.0000 0.8420 0.0000 0.1580
005240 0.0000 0.8418 0.0000 0.1582
005260 0.0000 0.8414 0.0000 0.1586
005280 0.0000 0.8414 0.0000 0.1586
005300 0.0000 0.8416 0.0000 0.1584
005320 0.0000 0.8409 0.0000 0.1591
005340 0.0000 0.8411 0.0000 0.1589
005360 0.0000 0.8415 0.0000 0.1585
005380 0.0000 0.8405 0.0000 0.1595
005400 0.0000 0.8421 0.0000 0.1579
005420 0.0000 0.8420 0.0000 0.1580
005440 0.0000 0.8415 0.0000 0.1585
005460 0.0000 0.8413 0.0000 0.1587
005480 0.0000 0.8414 0.0000 0.1586
005500 0.0000 0.8415 0.0000 0.1585
005520 0.0000 0.8405 0.0000 0.1595
005540 0.0000 0.8410 0.0000 0.1590
005560 0.0000 0.8411 0.0000 0.1589
005580 0.0000 0.8398 0.0000 0.1602
005600 0.0000 0.8402 0.0000 0.1598
005620 0.0000 0.8414 0.0000 0.1586
005640 0.0000 0.8408 0.0000 0.1592
005660 0.0000 0.8411 0.0000 0.1589
005680 0.0000 0.8400 0.0000 0.1600
005700 0.0000 0.8413 0.0000 0.1587
005720 0.0000 0.8410 0.0000 0.1590
005740 0.0000 0.8416 0.0000 0.1584
005760 0.0000 0.8420 0.0000 0.1580
005780 0.0000 0.8409 0.0000 0.1591
005800 0.0000 0.8409 0.0000 0.1591
005820 0.0000 0.8412 0.0000 0.1588
005840 0.0000 0.8409 0.0000 0.1591
005860 0.0000 0.8402 0.0000 0.1598
005880 0.0000 0.8414 0.0000 0.1586
005900 0.0000 0.8418 0.0000 0.1582
005920 0.0000 0.8412 0.0000 0.1588
005940 0.0000 0.8415 0.0000 0.1585
005960 0.0000 0.8406 0.0000 0.1594
005980 0.0000 0.8406 0.0000 0.1594
006000 0.0000 0.8413 0.0000 0.1587
006020 0.0000 0.8415 0.0000 0.1585
006040 0.0000 0.8419 0.0000 0.1581
006060 0.0000 0.8418 0.0000 0.1582
006080 0.0000 0.8405 0.0000 0.1595
006100 0.0000 0.8408 0.0000 0.1592
006120 0.0000 0.8408 0.0000 0.1592
006140 0.0000 0.8408 0.0000 0.1592
006160 0.0000 0.8412 0.0000 0.1588
006180 0.0000 0.8402 0.0000 0.1598
006200 0.0000 0.8406 0.0000 0.1594
006220 0.0000 0.8408 0.0000 0.1592
006240 0.0000 0.8412 0.0000 0.1588
006260 0.0000 0.8422 0.0000 0.1578
006280 0.0000 0.8415 0.0000 0.1585
006300 0.0000 0.8413 0.0000 0.1587
006320 0.0000 0.8415 0.0000 0.1585
006340 0.0000 0.8407 0.0000 0.1593
006360 0.0000 0.8413 0.0000 0.1587
006380 0.0000 0.8409 0.0000 0.1591
006400 0.0000 0.8409 0.0000 0.1591
006420 0.0000 0.8406 0.0000 0.1594
006440 0.0000 0.8411 0.0000 0.1589
006460 0.0000 0.8404 0.0000 0.1596
006480 0.0000 0.8411 0.0000 0.1589
006500 0.0000 0.8417 0.0000 0.1583
006520 0.0000 0.8418 0.0000 0.1582
006540 0.0000 0.8405 0.0000 0.1595
006560 0.0000 0.8412 0.0000 0.1588
006580 0.0000 0.8419 0.0000 0.1581
006600 0.0000 0.8413 0.0000 0.1587
006620 0.0000 0.8415 0.0000 0.1585
006640 0.0000 0.8403 0.0000 0.1597
006660 0.0000 0.8409 0.0000 0.1591
006680 0.0000 0.8409 0.0000 0.1591
006700 0.0000 0.8406 0.0000 0.1594
006720 0.0000 0.8413 0.0000 0.1587
006740 0.0000 0.8410 0.0000 0.1590
006760 0.0000 0.8414 0.0000 0.1586
006780 0.0000 0.8409 0.0000 0.1591
006800 0.0000 0.8404 0.0000 0.1596
006820 0.0000 0.8410 0.0000 0.1590
006840 0.0000 0.8410 0.0000 0.1590
006860 0.0000 0.8412 0.0000 0.1588
006880 0.0000 0.8405 0.0000 0.1595
006900 0.0000 0.8410 0.0000 0.1590
006920 0.0000 0.8408 0.0000 0.1592
006940 0.0000 0.8410 0.0000 0.1590
006960 0.0000 0.8414 0.0000 0.1586
006980 0.0000 0.8407 0.0000 0.1593
007000 0.0000 0.8414 0.0000 0.1586
007020 0.0000 0.8409 0.0000 0.1591
007040 0.0000 0.8418 0.0000 0.1582
007060 0.0000 0.8409 0.0000 0.1591
007080 0.0000 0.8414 0.0000 0.1586
007100 0.0000 0.8407 0.0000 0.1593
007120 0.0000 0.8414 0.0000 0.1586
007140 0.0000 0.8421 0.0000 0.1579
007160 0.0000 0.8416 0.0000 0.1584
007180 0.0000 0.8402 0.0000 0.1598
007200 0.0000 0.8419 0.0000 0.1581
007220 0.0000 0.8410 0.0000 0.1590
007240 0.0000 0.8408 0.0000 0.1592
007260 0.0000 0.8410 0.0000 0.1590
007280 0.0000 0.8407 0.0000 0.1593
007300 0.0000 0.8410 0.0000 0.1590
007320 0.0000 0.8408 0.0000 0.1592
007340 0.0000 0.8407 0.0000 0.1593
007360 0.0000 0.8409 0.0000 0.1591
007380 0.0000 0.8407 0.0000 0.1593
007400 0.0000 0.8405 0.0000 0.1595
007420 0.0000 0.8411 0.0000 0.1589
007440 0.0000 0.8415 0.0000 0.1585
007460 0.0000 0.8412 0.0000 0.1588
007480 0.0000 0.8406 0.0000 0.1594
007500 0.0000 0.8414 0.0000 0.1586
007520 0.0000 0.8410 0.0000 0.1590
007540 0.0000 0.8421 0.0000 0.1579
007560 0.0000 0.8406 0.0000 0.1594
007580 0.0000 0.8404 0.0000 0.1596
007600 0.0000 0.8407 0.0000 0.1593
007620 0.0000 0.8406 0.0000 0.1594
007640 0.0000 0.8413 0.0000 0.1587
007660 0.0000 0.8410 0.0000 0.1590
007680 0.0000 0.8409 0.0000 0.1591
007700 0.0000 0.8410 0.0000 0.1590
007720 0.0000 0.8404 0.0000 0.1596
007740 0.0000 0.8414 0.0000 0.1586
007760 0.0000 0.8412 0.0000 0.1588
007780 0.0000 0.8405 0.0000 0.1595
007800 0.0000 0.8417 0.0000 0.1583
007820 0.0000 0.8416 0.0000 0.1584
007840 0.0000 0.8408 0.0000 0.1592
007860 0.0000 0.8410 0.0000 0.1590
007880 0.0000 0.8401 0.0000 0.1599
007900 0.0000 0.8404 0.0000 0.1596
007920 0.0000 0.8405 0.0000 0.1595
007940 0.0000 0.8413 0.0000 0.1587
007960 0.0000 0.8418 0.0000 0.1582
007980 0.0000 0.8417 0.0000 0.1583
008000 0.0000 0.8407 0.0000 0.1593
008020 0.0000 0.8416 0.0000 0.1584
008040 0.0000 0.8415 0.0000 0.1585
008060 0.0000 0.8407 0.0000 0.1593
008080 0.0000 0.8412 0.0000 0.1588
008100 0.0000 0.8408 0.0000 0.1592
008120 0.0000 0.8412 0.0000 0.1588
008140 0.0000 0.8413 0.0000 0.1587
008160 0.0000 0.8410 0.0000 0.1590
008180 0.0000 0.8415 0.0000 0.1585
008200 0.0000 0.8409 0.0000 0.1591
008220 0.0000 0.8409 0.0000 0.1591
008240 0.0000 0.8409 0.0000 0.1591
008260 0.0000 0.8417 0.0000 0.1583
008280 0.0000 0.8409 0.0000 0.1591
008300 0.0000 0.8416 0.0000 0.1584
008320 0.0000 0.8412 0.0000 0.1588
008340 0.0000 0.8411 0.0000 0.1589
008360 0.0000 0.8410 0.0000 0.1590
008380 0.0000 0.8408 0.0000 0.1592
008400 0.0000 0.8422 0.0000 0.1578
008420 0.0000 0.8404 0.0000 0.1596
008440 0.0000 0.8407 0.0000 0.1593
008460 0.0000 0.8404 0.0000 0.1596
008480 0.0000 0.8415 0.0000 0.1585
008500 0.0000 0.8413 0.0000 0.1587
008520 0.0000 0.8413 0.0000 0.1587
008540 0.0000 0.8411 0.0000 0.1589
008560 0.0000 0.8413 0.0000 0.1587
008580 0.0000 0.8411 0.0000 0.1589
008600 0.0000 0.8411 0.0000 0.1589
008620 0.0000 0.8415 0.0000 0.1585
008640 0.0000 0.8424 0.0000 0.1576
008660 0.0000 0.8421 0.0000 0.1579
008680 0.0000 0.8417 0.0000 0.1583
008700 0.0000 0.8420 0.0000 0.1580
008720 0.0000 0.8421 0.0000 0.1579
008740 0.0000 0.8420 0.0000 0.1580
008760 0.0000 0.8418 0.0000 0.1582
008780 0.0000 0.8420 0.0000 0.1580
008800 0.0000 0.8412 0.0000 0.1588
008820 0.0000 0.8411 0.0000 0.1589
008840 0.0000 0.8411 0.0000 0.1589
008860 0.0000 0.8410 0.0000 0.1590
008880 0.0000 0.8419 0.0000 0.1581
008900 0.0000 0.8409 0.0000 0.1591
008920 0.0000 0.8407 0.0000 0.1593
008940 0.0000 0.8413 0.0000 0.1587
008960 0.0000 0.8407 0.0000 0.1593
008980 0.0000 0.8421 0.0000 0.1579
009000 0.0000 0.8412 0.0000 0.1588
009020 0.0000 0.8412 0.0000 0.1588
009040 0.0000 0.8409 0.0000 0.1591
009060 0.0000 0.8414 0.0000 0.1586
009080 0.0000 0.8407 0.0000 0.1593
009100 0.0000 0.8416 0.0000 0.1584
009120 0.0000 0.8413 0.0000 0.1587
009140 0.0000 0.8407 0.0000 0.1593
009160 0.0000 0.8412 0.0000 0.1588
009180 0.0000 0.8412 0.0000 0.1588
009200 0.0000 0.8413 0.0000 0.1587
009220 0.0000 0.8413 0.0000 0.1587
009240 0.0000 0.8406 0.0000 0.1594
009260 0.0000 0.8415 0.0000 0.1585
009280 0.0000 0.8405 0.0000 0.1595
009300 0.0000 0.8407 0.0000 0.1593
009320 0.0000 0.8406 0.0000 0.1594
009340 0.0000 0.8413 0.0000 0.1587
009360 0.0000 0.8410 0.0000 0.1590
009380 0.0000 0.8416 0.0000 0.1584
009400 0.0000 0.8409 0.0000 0.1591
009420 0.0000 0.8423 0.0000 0.1577
009440 0.0000 0.8414 0.0000 0.1586
009460 0.0000 0.8409 0.0000 0.1591
009480 0.0000 0.8416 0.0000 0.1584
009500 0.0000 0.8411 0.0000 0.1588
009520 0.0000 0.8413 0.0000 0.1587
009540 0.0000 0.8415 0.0000 0.1585
009560 0.0000 0.8408 0.0000 0.1592
009580 0.0000 0.8409 0.0000 0.1591
009600 0.0000 0.8411 0.0000 0.1589
009620 0.0000 0.8414 0.0000 0.1586
009640 0.0000 0.8413 0.0000 0.1587
009660 0.0000 0.8411 0.0000 0.1589
009680 0.0000 0.8409 0.0000 0.1591
009700 0.0000 0.8413 0.0000 0.1587
009720 0.0000 0.8409 0.0000 0.1591
009740 0.0000 0.8404 0.0000 0.1596
009760 0.0000 0.8411 0.0000 0.1589
009780 0.0000 0.8404 0.0000 0.1596
009800 0.0000 0.8415 0.0000 0.1585
009820 0.0000 0.8406 0.0000 0.1594
009840 0.0000 0.8412 0.0000 0.1588
009860 0.0000 0.8405 0.0000 0.1595
009880 0.0000 0.8404 0.0000 0.1596
009900 0.0000 0.8404 0.0000 0.1596
009920 0.0000 0.8414 0.0000 0.1586
009940 0.0000 0.8408 0.0000 0.1592
009960 0.0000 0.8409 0.0000 0.1591
009980 0.0000 0.8410 0.0000 0.1590
010000 0.0000 0.8413 0.0000 0.1587
010020 0.0000 0.8413 0.0000 0.1587
010040 0.0000 0.8413 0.0000 0.1587
010060 0.0000 0.8413 0.0000 0.1587
010080 0.0000 0.8413 0.0000 0.1587
010100 0.0000 0.8413 0.0000 0.1587
010120 0.0000 0.8413 0.0000 0.1587
010140 0.0000 0.8413 0.0000 0.1587
010160 0.0000 0.8413 0.0000 0.1587
010180 0.0000 0.8413 0.0000 0.1587
010200 0.0000 0.8413 0.0000 0.1587
010220 0.0000 0.8413 0.0000 0.1587
010240 0.0000 0.8413 0.0000 0.1587
010260 0.0000 0.8413 0.0000 0.1587
010280 0.0000 0.8413 0.0000 0.1587
010300 0.0000 0.8413 0.0000 0.1587
010320 0.0000 0.8413 0.0000 0.1587
010340 0.0000 0.8413 0.0000 0.1587
010360 0.0000 0.8413 0.0000 0.1587
010380 0.0000 0.8413 0.0000 0.1587
010400 0.0000 0.8413 0.0000 0.1587
010420 0.0000 0.8413 0.0000 0.1587
010440 0.0000 0.8413 0.0000 0.1587
010460 0.0000 0.8413 0.0000 0.1587
010480 0.0000 0.8413 0.0000 0.1587
010500 0.0000 0.8413 0.0000 0.1587
010520 0.0000 0.8413 0.0000 0.1587
010540 0.0000 0.8413 0.0000 0.1587
010560 0.0000 0.8413 0.0000 0.1587
010580 0.0000 0.8413 0.0000 0.1587
010600 0.0000 0.8413 0.0000 0.1587
010620 0.0000 0.8413 0.0000 0.1587
010640 0.0000 0.8413 0.0000 0.1587
010660 0.0000 0.8413 0.0000 0.1587
010680 0.0000 0.8413 0.0000 0.1587
010700 0.0000 0.8413 0.0000 0.1587
010720 0.0000 0.8413 0.0000 0.1587
010740 0.0000 0.8413 0.0000 0.1587
010760 0.0000 0.8413 0.0000 0.1587
010780 0.0000 0.8413 0.0000 0.1587
010800 0.0000 0.8413 0.0000 0.1587
010820 0.0000 0.8413 0.0000 0.1587
010840 0.0000 0.8413 0.0000 0.1587
010860 0.0000 0.8413 0.0000 0.1587
010880 0.0000 0.8413 0.0000 0.1587
010900 0.0000 0.8413 0.0000 0.1587
010920 0.0000 0.8413 0.0000 0.1587
010940 0.0000 0.8413 0.0000 0.1587
010960 0.0000 0.8413 0.0000 0.1587
010980 0.0000 0.8413 0.0000 0.1587
011000 0.0000 0.8413 0.0000 0.1587
011020 0.0000 0.8413 0.0000 0.1587
011040 0.0000 0.8413 0.0000 0.1587
011060 0.0000 0.8413 0.0000 0.1587
011080 0.0000 0.8413 0.0000 0.1587
011100 0.0000 0.8413 0.0000 0.1587
011120 0.0000 0.8413 0.0000 0.1587
011140 0.0000 0.8413 0.0000 0.1587
011160 0.0000 0.8413 0.0000 0.1587
011180 0.0000 0.8413 0.0000 0.1587
011200 0.0000 0.8413 0.0000 0.1587
011220 0.0000 0.8413 0.0000 0.1587
011240 0.0000 0.8413 0.0000 0.1587
011260 0.0000 0.8413 0.0000 0.1587
011280 0.0000 0.8413 0.0000 0.1587
011300 0.0000 0.8413 0.0000 0.1587
011320 0.0000 0.8413 0.0000 0.1587
011340 0.0000 0.8413 0.0000 0.1587
011360 0.0000 0.8413 0.0000 0.1587
011380 0.0000 0.8413 0.0000 0.1587
011400 0.0000 0.8413 0.0000 0.1587
011420 0.0000 0.8413 0.0000 0.1587
011440 0.0000 0.8413 0.0000 0.1587
011460 0.0000 0.8413 0.0000 0.1587
011480 0.0000 0.8413 0.0000 0.1587
011500 0.0000 0.8413 0.0000 0.1587
011520 0.0000 0.8413 0.0000 0.1587
011540 0.0000 0.8413 0.0000 0.1587
011560 0.0000 0.8413 0.0000 0.1587
011580 0.0000 0.8413 0.0000 0.1587
011600 0.0000 0.8413 0.0000 0.1587
011620 0.0000 0.8413 0.0000 0.1587
011640 0.0000 0.8413 0.0000 0.1587
011660 0.0000 0.8413 0.0000 0.1587
011680 0.0000 0.8413 0.0000 0.1587
011700 0.0000 0.8413 0.0000 0.1587
011720 0.0000 0.8413 0.0000 0.1587
011740 0.0000 0.8413 0.0000 0.1587
011760 0.0000 0.8413 0.0000 0.1587
011780 0.0000 0.8413 0.0000 0.1587
011800 0.0000 0.8413 0.0000 0.1587
011820 0.0000 0.8413 0.0000 0.1587
011840 0.0000 0.8413 0.0000 0.1587
011860 0.0000 0.8413 0.0000 0.1587
011880 0.0000 0.8413 0.0000 0.1587
011900 0.0000 0.8413 0.0000 0.1587
011920 0.0000 0.8413 0.0000 0.1587
011940 0.0000 0.8413 0.0000 0.1587
011960 0.0000 0.8413 0.0000 0.1587
011980 0.0000 0.8413 0.0000 0.1587
012000 0.0000 0.8413 0.0000 0.1587
012020 0.0000 0.8413 0.0000 0.1587
012040 0.0000 0.8413 0.0000 0.1587
012060 0.0000 0.8413 0.0000 0.1587
012080 0.0000 0.8413 0.0000 0.1587
012100 0.0000 0.8413 0.0000 0.1587
012120 0.0000 0.8413 0.0000 0.1587
012140 0.0000 0.8413 0.0000 0.1587
012160 0.0000 0.8413 0.0000 0.1587
012180 0.0000 0.8413 0.0000 0.1587
012200 0.0000 0.8413 0.0000 0.1587
012220 0.0000 0.8413 0.0000 0.1587
012240 0.0000 0.8413 0.0000 0.1587
012260 0.0000 0.8413 0.0000 0.1587
012280 0.0000 0.8413 0.0000 0.1587
012300 0.0000 0.8413 0.0000 0.1587
012320 0.0000 0.8413 0.0000 0.1587
012340 0.0000 0.8413 0.0000 0.1587
012360 0.0000 0.8413 0.0000 0.1587
012380 0.0000 0.8413 0.0000 0.1587
012400 0.0000 0.8413 0.0000 0.1587
012420 0.0000 0.8413 0.0000 0.1587
012440 0.0000 0.8413 0.0000 0.1587
012460 0.0000 0.8413 0.0000 0.1587
012480 0.0000 0.8413 0.0000 0.1587
012500 0.0000 0.8413 0.0000 0.1587
012520 0.0000 0.8413 0.0000 0.1587
012540 0.0000 0.8413 0.0000 0.1587
012560 0.0000 0.8413 0.0000 0.1587
012580 0.0000 0.8413 0.0000 0.1587
012600 0.0000 0.8413 0.0000 0.1587
012620 0.0000 0.8413 0.0000 0.1587
012640 0.0000 0.8413 0.0000 0.1587
012660 0.0000 0.8413 0.0000 0.1587
012680 0.0000 0.8413 0.0000 0.1587
012700 0.0000 0.8413 0.0000 0.1587
012720 0.0000 0.8413 0.0000 0.1587
012740 0.0000 0.8413 0.0000 0.1587
012760 0.0000 0.8413 0.0000 0.1587
012780 0.0000 0.8413 0.0000 0.1587
012800 0.0000 0.8413 0.0000 0.1587
012820 0.0000 0.8413 0.0000 0.1587
012840 0.0000 0.8413 0.0000 0.1587
012860 0.0000 0.8413 0.0000 0.1587
012880 0.0000 0.8413 0.0000 0.1587
012900 0.0000 0.8413 0.0000 0.1587
012920 0.0000 0.8413 0.0000 0.1587
012940 0.0000 0.8413 0.0000 0.1587
012960 0.0000 0.8413 0.0000 0.1587
012980 0.0000 0.8413 0.0000 0.1587
013000 0.0000 0.8413 0.0000 0.1587
013020 0.0000 0.8413 0.0000 0.1587
013040 0.0000 0.8413 0.0000 0.1587
013060 0.0000 0.8413 0.0000 0.1587
013080 0.0000 0.8413 0.0000 0.1587
013100 0.0000 0.8413 0.0000 0.1587
013120 0.0000 0.8413 0.0000 0.1587
013140 0.0000 0.8413 0.0000 0.1587
013160 0.0000 0.8413 0.0000 0.1587
013180 0.0000 0.8413 0.0000 0.1587
013200 0.0000 0.8413 0.0000 0.1587
013220 0.0000 0.8413 0.0000 0.1587
013240 0.0000 0.8413 0.0000 0.1587
013260 0.0000 0.8413 0.0000 0.1587
013280 0.0000 0.8413 0.0000 0.1587
013300 0.0000 0.8413 0.0000 0.1587
013320 0.0000 0.8413 0.0000 0.1587
013340 0.0000 0.8413 0.0000 0.1587
013360 0.0000 0.8413 0.0000 0.1587
013380 0.0000 0.8413 0.0000 0.1587
013400 0.0000 0.8413 0.0000 0.1587
013420 0.0000 0.8413 0.0000 0.1587
013440 0.0000 0.8413 0.0000 0.1587
013460 0.0000 0.8413 0.0000 0.1587
013480 0.0000 0.8413 0.0000 0.1587
013500 0.0000 0.8413 0.0000 0.1587
013520 0.0000 0.8413 0.0000 0.1587
013540 0.0000 0.8413 0.0000 0.1587
013560 0.0000 0.8413 0.0000 0.1587
013580 0.0000 0.8413 0.0000 0.1587
013600 0.0000 0.8413 0.0000 0.1587
013620 0.0000 0.8413 0.0000 0.1587
013640 0.0000 0.8413 0.0000 0.1587
013660 0.0000 0.8413 0.0000 0.1587
013680 0.0000 0.8413 0.0000 0.1587
013700 0.0000 0.8413 0.0000 0.1587
013720 0.0000 0.8413 0.0000 0.1587
013740 0.0000 0.8413 0.0000 0.1587
013760 0.0000 0.8413 0.0000 0.1587
013780 0.0000 0.8413 0.0000 0.1587
013800 0.0000 0.8413 0.0000 0.1587
013820 0.0000 0.8413 0.0000 0.1587
013840 0.0000 0.8413 0.0000 0.1587
013860 0.0000 0.8413 0.0000 0.1587
013880 0.0000 0.8413 0.0000 0.1587
013900 0.0000 0.8413 0.0000 0.1587
013920 0.0000 0.8413 0.0000 0.1587
013940 0.0000 0.8413 0.0000 0.1587
013960 0.0000 0.8413 0.0000 0.1587
013980 0.0000 0.8413 0.0000 0.1587
014000 0.0000 0.8413 0.0000 0.1587
014020 0.0000 0.8413 0.0000 0.1587
014040 0.0000 0.8413 0.0000 0.1587
014060 0.0000 0.8413 0.0000 0.1587
014080 0.0000 0.8413 0.0000 0.1587
014100 0.0000 0.8413 0.0000 0.1587
014120 0.0000 0.8413 0.0000 0.1587
014140 0.0000 0.8413 0.0000 0.1587
014160 0.0000 0.8413 0.0000 0.1587
014180 0.0000 0.8413 0.0000 0.1587
014200 0.0000 0.8413 0.0000 0.1587
014220 0.0000 0.8413 0.0000 0.1587
014240 0.0000 0.8413 0.0000 0.1587
014260 0.0000 0.8413 0.0000 0.1587
014280 0.0000 0.8413 0.0000 0.1587
014300 0.0000 0.8413 0.0000 0.1587
014320 0.0000 0.8413 0.0000 0.1587
014340 0.0000 0.8413 0.0000 0.1587
014360 0.0000 0.8413 0.0000 0.1587
014380 0.0000 0.8413 0.0000 0.1587
014400 0.0000 0.8413 0.0000 0.1587
014420 0.0000 0.8413 0.0000 0.1587
014440 0.0000 0.8413 0.0000 0.1587
014460 0.0000 0.8413 0.0000 0.1587
014480 0.0000 0.8413 0.0000 0.1587
014500 0.0000 0.8413 0.0000 0.1587
014520 0.0000 0.8413 0.0000 0.1587
014540 0.0000 0.8413 0.0000 0.1587
014560 0.0000 0.8413 0.0000 0.1587
014580 0.0000 0.8413 0.0000 0.1587
014600 0.0000 0.8413 0.0000 0.1587
014620 0.0000 0.8413 0.0000 0.1587
014640 0.0000 0.8413 0.0000 0.1587
014660 0.0000 0.8413 0.0000 0.1587
014680 0.0000 0.8413 0.0000 0.1587
014700 0.0000 0.8413 0.0000 0.1587
014720 0.0000 0.8413 0.0000 0.1587
014740 0.0000 0.8413 0.0000 0.1587
014760 0.0000 0.8413 0.0000 0.1587
014780 0.0000 0.8413 0.0000 0.1587
014800 0.0000 0.8413 0.0000 0.1587
014820 0.0000 0.8413 0.0000 0.1587
014840 0.0000 0.8413 0.0000 0.1587
014860 0.0000 0.8413 0.0000 0.1587
014880 0.0000 0.8413 0.0000 0.1587
014900 0.0000 0.8413 0.0000 0.1587
014920 0.0000 0.8413 0.0000 0.1587
014940 0.0000 0.8413 0.0000 0.1587
014960 0.0000 0.8413 0.0000 0.1587
014980 0.0000 0.8413 0.0000 0.1587
015000 0.0000 0.8413 0.0000 0.1587
015020 0.0000 0.8413 0.0000 0.1587
015040 0.0000 0.8413 0.0000 0.1587
015060 0.0000 0.8413 0.0000 0.1587
015080 0.0000 0.8413 0.0000 0.1587
015100 0.0000 0.8413 0.0000 0.1587
015120 0.0000 0.8413 0.0000 0.1587
015140 0.0000 0.8413 0.0000 0.1587
015160 0.0000 0.8413 0.0000 0.1587
015180 0.0000 0.8413 0.0000 0.1587
015200 0.0000 0.8413 0.0000 0.1587
015220 0.0000 0.8413 0.0000 0.1587
015240 0.0000 0.8413 0.0000 0.1587
015260 0.0000 0.8413 0.0000 0.1587
015280 0.0000 0.8413 0.0000 0.1587
015300 0.0000 0.8413 0.0000 0.1587
015320 0.0000 0.8413 0.0000 0.1587
015340 0.0000 0.8413 0.0000 0.1587
015360 0.0000 0.8413 0.0000 0.1587
015380 0.0000 0.8413 0.0000 0.1587
015400 0.0000 0.8413 0.0000 0.1587
015420 0.0000 0.8413 0.0000 0.1587
015440 0.0000 0.8413 0.0000 0.1587
015460 0.0000 0.8413 0.0000 0.1587
015480 0.0000 0.8413 0.0000 0.1587
015500 0.0000 0.8413 0.0000 0.1587
015520 0.0000 0.8413 0.0000 0.1587
015540 0.0000 0.8413 0.0000 0.1587
015560 0.0000 0.8413 0.0000 0.1587
015580 0.0000 0.8413 0.0000 0.1587
015600 0.0000 0.8413 0.0000 0.1587
015620 0.0000 0.8413 0.0000 0.1587
015640 0.0000 0.8413 0.0000 0.1587
015660 0.0000 0.8413 0.0000 0.1587
015680 0.0000 0.8413 0.0000 0.1587
015700 0.0000 0.8413 0.0000 0.1587
015720 0.0000 0.8413 0.0000 0.1587
015740 0.0000 0.8413 0.0000 0.1587
015760 0.0000 0.8413 0.0000 0.1587
015780 0.0000 0.8413 0.0000 0.1587
015800 0.0000 0.8413 0.0000 0.1587
015820 0.0000 0.8413 0.0000 0.1587
015840 0.0000 0.8413 0.0000 0.1587
015860 0.0000 0.8413 0.0000 0.1587
015880 0.0000 0.8413 0.0000 0.1587
015900 0.0000 0.8413 0.0000 0.1587
015920 0.0000 0.8413 0.0000 0.1587
015940 0.0000 0.8413 0.0000 0.1587
015960 0.0000 0.8413 0.0000 0.1587
015980 0.0000 0.8413 0.0000 0.1587
016000 0.0000 0.8413 0.0000 0.1587
016020 0.0000 0.8413 0.0000 0.1587
016040 0.0000 0.8413 0.0000 0.1587
016060 0.0000 0.8413 0.0000 0.1587
016080 0.0000 0.8413 0.0000 0.1587
016100 0.0000 0.8413 0.0000 0.1587
016120 0.0000 0.8413 0.0000 0.1587
016140 0.0000 0.8413 0.0000 0.1587
016160 0.0000 0.8413 0.0000 0.1587
016180 0.0000 0.8413 0.0000 0.1587
016200 0.0000 0.8413 0.0000 0.1587
016220 0.0000 0.8413 0.0000 0.1587
016240 0.0000 0.8413 0.0000 0.1587
016260 0.0000 0.8413 0.0000 0.1587
016280 0.0000 0.8413 0.0000 0.1587
016300 0.0000 0.8413 0.0000 0.1587
016320 0.0000 0.8413 0.0000 0.1587
016340 0.0000 0.8413 0.0000 0.1587
016360 0.0000 0.8413 0.0000 0.1587
016380 0.0000 0.8413 0.0000 0.1587
016400 0.0000 0.8413 0.0000 0.1587
016420 0.0000 0.8413 0.0000 0.1587
016440 0.0000 0.8413 0.0000 0.1587
016460 0.0000 0.8413 0.0000 0.1587
016480 0.0000 0.8413 0.0000 0.1587
016500 0.0000 0.8413 0.0000 0.1587
016520 0.0000 0.8413 0.0000 0.1587
016540 0.0000 0.8413 0.0000 0.1587
016560 0.0000 0.8413 0.0000 0.1587
016580 0.0000 0.8413 0.0000 0.1587
016600 0.0000 0.8413 0.0000 0.1587
016620 0.0000 0.8413 0.0000 0.1587
016640 0.0000 0.8413 0.0000 0.1587
016660 0.0000 0.8413 0.0000 0.1587
016680 0.0000 0.8413 0.0000 0.1587
016700 0.0000 0.8413 0.0000 0.1587
016720 0.0000 0.8413 0.0000 0.1587
016740 0.0000 0.8413 0.0000 0.1587
016760 0.0000 0.8413 0.0000 0.1587
016780 0.0000 0.8413 0.0000 0.1587
016800 0.0000 0.8413 0.0000 0.1587
016820 0.0000 0.8413 0.0000 0.1587
016840 0.0000 0.8413 0.0000 0.1587
016860 0.0000 0.8413 0.0000 0.1587
016880 0.0000 0.8413 0.0000 0.1587
016900 0.0000 0.8413 0.0000 0.1587
016920 0.0000 0.8413 0.0000 0.1587
016940 0.0000 0.8413 0.0000 0.1587
016960 0.0000 0.8413 0.0000 0.1587
016980 0.0000 0.8413 0.0000 0.1587
017000 0.0000 0.8413 0.0000 0.1587
017020 0.0000 0.8413 0.0000 0.1587
017040 0.0000 0.8413 0.0000 0.1587
017060 0.0000 0.8413 0.0000 0.1587
017080 0.0000 0.8413 0.0000 0.1587
017100 0.0000 0.8413 0.0000 0.1587
017120 0.0000 0.8413 0.0000 0.1587
017140 0.0000 0.8413 0.0000 0.1587
017160 0.0000 0.8413 0.0000 0.1587
017180 0.0000 0.8413 0.0000 0.1587
017200 0.0000 0.8413 0.0000 0.1587
017220 0.0000 0.8413 0.0000 0.1587
017240 0.0000 0.8413 0.0000 0.1587
017260 0.0000 0.8413 0.0000 0.1587
017280 0.0000 0.8413 0.0000 0.1587
017300 0.0000 0.8413 0.0000 0.1587
017320 0.0000 0.8413 0.0000 0.1587
017340 0.0000 0.8413 0.0000 0.1587
017360 0.0000 0.8413 0.0000 0.1587
017380 0.0000 0.8413 0.0000 0.1587
017400 0.0000 0.8413 0.0000 0.1587
017420 0.0000 0.8413 0.0000 0.1587
017440 0.0000 0.8413 0.0000 0.1587
017460 0.0000 0.8413 0.0000 0.1587
017480 0.0000 0.8413 0.0000 0.1587
017500 0.0000 0.8413 0.0000 0.1587
017520 0.0000 0.8413 0.0000 0.1587
017540 0.0000 0.8413 0.0000 0.1587
017560 0.0000 0.8413 0.0000 0.1587
017580 0.0000 0.8413 0.0000 0.1587
017600 0.0000 0.8413 0.0000 0.1587
017620 0.0000 0.8413 0.0000 0.1587
017640 0.0000 0.8413 0.0000 0.1587
017660 0.0000 0.8413 0.0000 0.1587
017680 0.0000 0.8413 0.0000 0.1587
017700 0.0000 0.8413 0.0000 0.1587
017720 0.0000 0.8413 0.0000 0.1587
017740 0.0000 0.8413 0.0000 0.1587
017760 0.0000 0.8413 0.0000 0.1587
017780 0.0000 0.8413 0.0000 0.1587
017800 0.0000 0.8413 0.0000 0.1587
017820 0.0000 0.8413 0.0000 0.1587
017840 0.0000 0.8413 0.0000 0.1587
017860 0.0000 0.8413 0.0000 0.1587
017880 0.0000 0.8413 0.0000 0.1587
017900 0.0000 0.8413 0.0000 0.1587
017920 0.0000 0.8413 0.0000 0.1587
017940 0.0000 0.8413 0.0000 0.1587
017960 0.0000 0.8413 0.0000 0.1587
017980 0.0000 0.8413 0.0000 0.1587
018000 0.0000 0.8413 0.0000 0.1587
018020 0.0000 0.8413 0.0000 0.1587
018040 0.0000 0.8413 0.0000 0.1587
018060 0.0000 0.8413 0.0000 0.1587
018080 0.0000 0.8413 0.0000 0.1587
018100 0.0000 0.8413 0.0000 0.1587
018120 0.0000 0.8413 0.0000 0.1587
018140 0.0000 0.8413 0.0000 0.1587
018160 0.0000 0.8413 0.0000 0.1587
018180 0.0000 0.8413 0.0000 0.1587
018200 0.0000 0.8413 0.0000 0.1587
018220 0.0000 0.8413 0.0000 0.1587
018240 0.0000 0.8413 0.0000 0.1587
018260 0.0000 0.8413 0.0000 0.1587
018280 0.0000 0.8413 0.0000 0.1587
018300 0.0000 0.8413 0.0000 0.1587
018320 0.0000 0.8413 0.0000 0.1587
018340 0.0000 0.8413 0.0000 0.1587
018360 0.0000 0.8413 0.0000 0.1587
018380 0.0000 0.8413 0.0000 0.1587
018400 0.0000 0.8413 0.0000 0.1587
018420 0.0000 0.8413 0.0000 0.1587
018440 0.0000 0.8413 0.0000 0.1587
018460 0.0000 0.8413 0.0000 0.1587
018480 0.0000 0.8413 0.0000 0.1587
018500 0.0000 0.8413 0.0000 0.1587
018520 0.0000 0.8413 0.0000 0.1587
018540 0.0000 0.8413 0.0000 0.1587
018560 0.0000 0.8413 0.0000 0.1587
018580 0.0000 0.8413 0.0000 0.1587
018600 0.0000 0.8413 0.0000 0.1587
018620 0.0000 0.8413 0.0000 0.1587
018640 0.0000 0.8413 0.0000 0.1587
018660 0.0000 0.8413 0.0000 0.1587
018680 0.0000 0.8413 0.0000 0.1587
018700 0.0000 0.8413 0.0000 0.1587
018720 0.0000 0.8413 0.0000 0.1587
018740 0.0000 0.8413 0.0000 0.1587
018760 0.0000 0.8413 0.0000 0.1587
018780 0.0000 0.8413 0.0000 0.1587
018800 0.0000 0.8413 0.0000 0.1587
018820 0.0000 0.8413 0.0000 0.1587
018840 0.0000 0.8413 0.0000 0.1587
018860 0.0000 0.8413 0.0000 0.1587
018880 0.0000 0.8413 0.0000 0.1587
018900 0.0000 0.8413 0.0000 0.1587
018920 0.0000 0.8413 0.0000 0.1587
018940 0.0000 0.8413 0.0000 0.1587
018960 0.0000 0.8413 0.0000 0.1587
018980 0.0000 0.8413 0.0000 0.1587
019000 0.0000 0.8413 0.0000 0.1587
019020 0.0000 0.8413 0.0000 0.1587
019040 0.0000 0.8413 0.0000 0.1587
019060 0.0000 0.8413 0.0000 0.1587
019080 0.0000 0.8413 0.0000 0.1587
019100 0.0000 0.8413 0.0000 0.1587
019120 0.0000 0.8413 0.0000 0.1587
019140 0.0000 0.8413 0.0000 0.1587
019160 0.0000 0.8413 0.0000 0.1587
019180 0.0000 0.8413 0.0000 0.1587
019200 0.0000 0.8413 0.0000 0.1587
019220 0.0000 0.8413 0.0000 0.1587
019240 0.0000 0.8413 0.0000 0.1587
019260 0.0000 0.8413 0.0000 0.1587
019280 0.0000 0.8413 0.0000 0.1587
019300 0.0000 0.8413 0.0000 0.1587
019320 0.0000 0.8413 0.0000 0.1587
019340 0.0000 0.8413 0.0000 0.1587
019360 0.0000 0.8413 0.0000 0.1587
019380 0.0000 0.8413 0.0000 0.1587
019400 0.0000 0.8413 0.0000 0.1587
019420 0.0000 0.8413 0.0000 0.1587
019440 0.0000 0.8413 0.0000 0.1587
019460 0.0000 0.8413 0.0000 0.1587
019480 0.0000 0.8413 0.0000 0.1587
019500 0.0000 0.8413 0.0000 0.1587
019520 0.0000 0.8413 0.0000 0.1587
019540 0.0000 0.8413 0.0000 0.1587
019560 0.0000 0.8413 0.0000 0.1587
019580 0.0000 0.8413 0.0000 0.1587
019600 0.0000 0.8413 0.0000 0.1587
019620 0.0000 0.8413 0.0000 0.1587
019640 0.0000 0.8413 0.0000 0.1587
019660 0.0000 0.8413 0.0000 0.1587
019680 0.0000 0.8413 0.0000 0.1587
019700 0.0000 0.8413 0.0000 0.1587
019720 0.0000 0.8413 0.0000 0.1587
019740 0.0000 0.8413 0.0000 0.1587
019760 0.0000 0.8413 0.0000 0.1587
019780 0.0000 0.8413 0.0000 0.1587
019800 0.0000 0.8413 0.0000 0.1587
019820 0.0000 0.8413 0.0000 0.1587
019840 0.0000 0.8413 0.0000 0.1587
019860 0.0000 0.8413 0.0000 0.1587
019880 0.0000 0.8413 0.0000 0.1587
019900 0.0000 0.8413 0.0000 0.1587
019920 0.0000 0.8413 0.0000 0.1587
019940 0.0000 0.8413 0.0000 0.1587
019960 0.0000 0.8413 0.0000 0.1587
019980 0.0000 0.8413 0.0000 0.1587
020000 0.0000 0.8413 0.0000 0.1587
