000000 0.2501 0.2500 0.2495 0.2505
000020 0.1851 0.6344 0.0025 0.1781
000040 0.1686 0.6666 0.0002 0.1646
000060 0.1604 0.6775 0.0000 0.1621
000080 0.1513 0.6871 0.0000 0.1616
000100 0.1446 0.6945 0.0000 0.1609
000120 0.1360 0.7025 0.0000 0.1614
000140 0.1295 0.7094 0.0000 0.1611
000160 0.1262 0.7141 0.0000 0.1596
000180 0.1238 0.7159 0.0000 0.1603
000200 0.1214 0.7200 0.0000 0.1586
000220 0.1180 0.7215 0.0000 0.1604
000240 0.1185 0.7221 0.0000 0.1594
000260 0.1171 0.7234 0.0000 0.1594
000280 0.1139 0.7259 0.0000 0.1602
000300 0.1121 0.7279 0.0000 0.1599
000320 0.1097 0.7308 0.0000 0.1595
000340 0.1074 0.7331 0.0000 0.1595
000360 0.1059 0.7330 0.0000 0.1611
000380 0.1065 0.7345 0.0000 0.1590
000400 0.1055 0.7355 0.0000 0.1591
000420 0.1042 0.7367 0.0000 0.1591
000440 0.1043 0.7362 0.0000 0.1595
000460 0.1039 0.7365 0.0000 0.1596
000480 0.1029 0.7375 0.0000 0.1597
000500 0.1021 0.7382 0.0000 0.1598
000520 0.1017 0.7387 0.0000 0.1596
000540 0.1008 0.7401 0.0000 0.1590
000560 0.1014 0.7388 0.0000 0.1598
000580 0.1018 0.7384 0.0000 0.1598
000600 0.1020 0.7385 0.0000 0.1596
000620 0.1000 0.7400 0.0000 0.1600
000640 0.1004 0.7405 0.0000 0.1592
000660 0.1008 0.7397 0.0000 0.1596
000680 0.1004 0.7402 0.0000 0.1594
000700 0.0998 0.7418 0.0000 0.1584
000720 0.0998 0.7411 0.0000 0.1590
000740 0.0999 0.7402 0.0000 0.1600
000760 0.0996 0.7404 0.0000 0.1600
000780 0.1000 0.7394 0.0000 0.1605
000800 0.0991 0.7402 0.0000 0.1607
000820 0.0992 0.7411 0.0000 0.1597
000840 0.1004 0.7405 0.0000 0.1591
000860 0.1025 0.7387 0.0000 0.1588
000880 0.1009 0.7397 0.0000 0.1594
000900 0.1015 0.7389 0.0000 0.1596
000920 0.1009 0.7390 0.0000 0.1600
000940 0.1004 0.7395 0.0000 0.1600
000960 0.1005 0.7396 0.0000 0.1598
000980 0.1002 0.7400 0.0000 0.1598
001000 0.0997 0.7410 0.0000 0.1592
001020 0.0990 0.7420 0.0000 0.1590
001040 0.0986 0.7408 0.0000 0.1605
001060 0.0986 0.7413 0.0000 0.1600
001080 0.1004 0.7399 0.0000 0.1597
001100 0.1004 0.7403 0.0000 0.1593
001120 0.1008 0.7412 0.0000 0.1581
001140 0.1026 0.7390 0.0000 0.1585
001160 0.1022 0.7385 0.0000 0.1593
001180 0.1024 0.7381 0.0000 0.1595
001200 0.1014 0.7387 0.0000 0.1599
001220 0.1011 0.7391 0.0000 0.1598
001240 0.1016 0.7389 0.0000 0.1595
001260 0.1007 0.7407 0.0000 0.1586
001280 0.1011 0.7392 0.0000 0.1598
001300 0.1015 0.7393 0.0000 0.1593
001320 0.1004 0.7405 0.0000 0.1591
001340 0.0989 0.7412 0.0000 0.1599
001360 0.0992 0.7412 0.0000 0.1596
001380 0.1001 0.7410 0.0000 0.1589
001400 0.1015 0.7391 0.0000 0.1594
001420 0.0995 0.7413 0.0000 0.1591
001440 0.0994 0.7416 0.0000 0.1590
001460 0.0993 0.7415 0.0000 0.1592
001480 0.0981 0.7420 0.0000 0.1599
001500 0.0981 0.7427 0.0000 0.1591
001520 0.0986 0.7413 0.0000 0.1600
001540 0.0989 0.7423 0.0000 0.1588
001560 0.0994 0.7406 0.0000 0.1601
001580 0.0969 0.7441 0.0000 0.1590
001600 0.0976 0.7432 0.0000 0.1592
001620 0.0986 0.7415 0.0000 0.1599
001640 0.0961 0.7438 0.0000 0.1601
001660 0.0971 0.7430 0.0000 0.1599
001680 0.0974 0.7438 0.0000 0.1588
001700 0.0980 0.7433 0.0000 0.1587
001720 0.0975 0.7425 0.0000 0.1600
001740 0.0974 0.7429 0.0000 0.1597
001760 0.0974 0.7428 0.0000 0.1598
001780 0.0955 0.7451 0.0000 0.1594
001800 0.0941 0.7450 0.0000 0.1609
001820 0.0936 0.7467 0.0000 0.1596
001840 0.0935 0.7465 0.0000 0.1600
001860 0.0942 0.7464 0.0000 0.1593
001880 0.0951 0.7456 0.0000 0.1592
001900 0.0948 0.7457 0.0000 0.1595
001920 0.0940 0.7467 0.0000 0.1593
001940 0.0940 0.7462 0.0000 0.1598
001960 0.0943 0.7472 0.0000 0.1585
001980 0.0945 0.7465 0.0000 0.1591
002000 0.0942 0.7459 0.0000 0.1599
002020 0.0930 0.7471 0.0000 0.1599
002040 0.0928 0.7478 0.0000 0.1594
002060 0.0938 0.7466 0.0000 0.1597
002080 0.0922 0.7484 0.0000 0.1594
002100 0.0911 0.7487 0.0000 0.1602
002120 0.0902 0.7498 0.0000 0.1600
002140 0.0916 0.7493 0.0000 0.1591
002160 0.0919 0.7489 0.0000 0.1592
002180 0.0921 0.7478 0.0000 0.1601
002200 0.0933 0.7477 0.0000 0.1589
002220 0.0929 0.7474 0.0000 0.1597
002240 0.0933 0.7472 0.0000 0.1595
002260 0.0936 0.7478 0.0000 0.1586
002280 0.0930 0.7474 0.0000 0.1595
002300 0.0945 0.7471 0.0000 0.1584
002320 0.0959 0.7448 0.0000 0.1593
002340 0.0960 0.7448 0.0000 0.1593
002360 0.0944 0.7451 0.0000 0.1605
002380 0.0947 0.7447 0.0000 0.1606
002400 0.0939 0.7469 0.0000 0.1592
002420 0.0956 0.7451 0.0000 0.1594
002440 0.0943 0.7454 0.0000 0.1603
002460 0.0949 0.7456 0.0000 0.1595
002480 0.0961 0.7444 0.0000 0.1596
002500 0.0952 0.7454 0.0000 0.1594
002520 0.0958 0.7455 0.0000 0.1588
002540 0.0960 0.7452 0.0000 0.1589
002560 0.0954 0.7460 0.0000 0.1585
002580 0.0957 0.7446 0.0000 0.1597
002600 0.0954 0.7443 0.0000 0.1602
002620 0.0966 0.7437 0.0000 0.1597
002640 0.0962 0.7451 0.0000 0.1588
002660 0.0979 0.7426 0.0000 0.1595
002680 0.0968 0.7442 0.0000 0.1590
002700 0.0976 0.7427 0.0000 0.1597
002720 0.0981 0.7428 0.0000 0.1590
002740 0.0978 0.7423 0.0000 0.1599
002760 0.0973 0.7438 0.0000 0.1590
002780 0.0989 0.7415 0.0000 0.1596
002800 0.0979 0.7419 0.0000 0.1603
002820 0.0987 0.7424 0.0000 0.1589
002840 0.0993 0.7421 0.0000 0.1586
002860 0.0995 0.7417 0.0000 0.1588
002880 0.0993 0.7416 0.0000 0.1592
002900 0.0990 0.7416 0.0000 0.1594
002920 0.0984 0.7421 0.0000 0.1595
002940 0.0987 0.7422 0.0000 0.1591
002960 0.0983 0.7417 0.0000 0.1600
002980 0.0982 0.7424 0.0000 0.1594
003000 0.0971 0.7433 0.0000 0.1596
003020 0.0951 0.7442 0.0000 0.1608
003040 0.0953 0.7446 0.0000 0.1601
003060 0.0967 0.7436 0.0000 0.1597
003080 0.0955 0.7444 0.0000 0.1601
003100 0.0959 0.7445 0.0000 0.1595
003120 0.0973 0.7429 0.0000 0.1598
003140 0.0946 0.7454 0.0000 0.1600
003160 0.0954 0.7454 0.0000 0.1592
003180 0.0956 0.7446 0.0000 0.1599
003200 0.0952 0.7452 0.0000 0.1596
003220 0.0956 0.7451 0.0000 0.1593
003240 0.0965 0.7450 0.0000 0.1585
003260 0.0970 0.7438 0.0000 0.1592
003280 0.0962 0.7449 0.0000 0.1589
003300 0.0981 0.7428 0.0000 0.1591
003320 0.0984 0.7422 0.0000 0.1594
003340 0.0972 0.7440 0.0000 0.1588
003360 0.0980 0.7427 0.0000 0.1593
003380 0.0976 0.7433 0.0000 0.1591
003400 0.0960 0.7433 0.0000 0.1607
003420 0.0945 0.7454 0.0000 0.1601
003440 0.0950 0.7447 0.0000 0.1602
003460 0.0947 0.7451 0.0000 0.1602
003480 0.0937 0.7465 0.0000 0.1598
003500 0.0943 0.7461 0.0000 0.1595
003520 0.0954 0.7461 0.0000 0.1585
003540 0.0933 0.7478 0.0000 0.1589
003560 0.0943 0.7470 0.0000 0.1587
003580 0.0952 0.7445 0.0000 0.1603
003600 0.0956 0.7450 0.0000 0.1594
003620 0.0955 0.7450 0.0000 0.1596
003640 0.0967 0.7438 0.0000 0.1596
003660 0.0962 0.7443 0.0000 0.1595
003680 0.0954 0.7447 0.0000 0.1599
003700 0.0949 0.7451 0.0000 0.1600
003720 0.0955 0.7440 0.0000 0.1605
003740 0.0948 0.7449 0.0000 0.1603
003760 0.0966 0.7442 0.0000 0.1592
003780 0.0961 0.7444 0.0000 0.1595
003800 0.0966 0.7448 0.0000 0.1586
003820 0.0975 0.7426 0.0000 0.1600
003840 0.0974 0.7434 0.0000 0.1592
003860 0.0989 0.7413 0.0000 0.1597
003880 0.0984 0.7413 0.0000 0.1603
003900 0.0977 0.7431 0.0000 0.1592
003920 0.0978 0.7438 0.0000 0.1585
003940 0.0970 0.7437 0.0000 0.1593
003960 0.0953 0.7450 0.0000 0.1598
003980 0.0967 0.7438 0.0000 0.1595
004000 0.0955 0.7445 0.0000 0.1600
004020 0.0956 0.7445 0.0000 0.1599
004040 0.0958 0.7441 0.0000 0.1602
004060 0.0948 0.7450 0.0000 0.1601
004080 0.0948 0.7453 0.0000 0.1599
004100 0.0946 0.7449 0.0000 0.1605
004120 0.0945 0.7456 0.0000 0.1599
004140 0.0940 0.7460 0.0000 0.1601
004160 0.0950 0.7450 0.0000 0.1600
004180 0.0940 0.7460 0.0000 0.1600
004200 0.0938 0.7460 0.0000 0.1602
004220 0.0933 0.7461 0.0000 0.1606
004240 0.0941 0.7456 0.0000 0.1603
004260 0.0931 0.7475 0.0000 0.1595
004280 0.0951 0.7447 0.0000 0.1602
004300 0.0951 0.7452 0.0000 0.1598
004320 0.0957 0.7447 0.0000 0.1596
004340 0.0948 0.7452 0.0000 0.1599
004360 0.0928 0.7469 0.0000 0.1603
004380 0.0926 0.7476 0.0000 0.1598
004400 0.0939 0.7466 0.0000 0.1595
004420 0.0940 0.7465 0.0000 0.1595
004440 0.0945 0.7449 0.0000 0.1606
004460 0.0949 0.7439 0.0000 0.1611
004480 0.0939 0.7455 0.0000 0.1605
004500 0.0936 0.7461 0.0000 0.1603
004520 0.0936 0.7464 0.0000 0.1601
004540 0.0934 0.7469 0.0000 0.1597
004560 0.0939 0.7463 0.0000 0.1598
004580 0.0949 0.7451 0.0000 0.1600
004600 0.0931 0.7469 0.0000 0.1599
004620 0.0949 0.7457 0.0000 0.1594
004640 0.0950 0.7460 0.0000 0.1590
004660 0.0956 0.7454 0.0000 0.1590
004680 0.0960 0.7443 0.0000 0.1596
004700 0.0957 0.7450 0.0000 0.1593
004720 0.0947 0.7453 0.0000 0.1600
004740 0.0954 0.7454 0.0000 0.1592
004760 0.0957 0.7451 0.0000 0.1592
004780 0.0946 0.7468 0.0000 0.1586
004800 0.0956 0.7452 0.0000 0.1592
004820 0.0967 0.7449 0.0000 0.1584
004840 0.0970 0.7434 0.0000 0.1596
004860 0.0979 0.7424 0.0000 0.1597
004880 0.0970 0.7423 0.0000 0.1607
004900 0.0980 0.7424 0.0000 0.1596
004920 0.0962 0.7435 0.0000 0.1603
004940 0.0950 0.7453 0.0000 0.1597
004960 0.0961 0.7447 0.0000 0.1592
004980 0.0968 0.7445 0.0000 0.1587
005000 0.0981 0.7422 0.0000 0.1597
005020 0.0968 0.7438 0.0000 0.1594
005040 0.0949 0.7455 0.0000 0.1596
005060 0.0956 0.7455 0.0000 0.1588
005080 0.0960 0.7458 0.0000 0.1582
005100 0.0981 0.7430 0.0000 0.1589
005120 0.0970 0.7449 0.0000 0.1581
005140 0.0981 0.7423 0.0000 0.1596
005160 0.0989 0.7412 0.0000 0.1599
005180 0.0981 0.7429 0.0000 0.1591
005200 0.0985 0.7424 0.0000 0.1591
005220 0.0977 0.7432 0.0000 0.1591
005240 0.0980 0.7426 0.0000 0.1594
005260 0.0976 0.7419 0.0000 0.1604
005280 0.0975 0.7435 0.0000 0.1590
005300 0.0982 0.7416 0.0000 0.1603
005320 0.0980 0.7427 0.0000 0.1593
005340 0.0963 0.7441 0.0000 0.1596
005360 0.0971 0.7441 0.0000 0.1588
005380 0.0972 0.7434 0.0000 0.1593
005400 0.0971 0.7428 0.0000 0.1601
005420 0.0960 0.7446 0.0000 0.1594
005440 0.0947 0.7459 0.0000 0.1594
005460 0.0962 0.7447 0.0000 0.1591
005480 0.0962 0.7444 0.0000 0.1595
005500 0.0955 0.7445 0.0000 0.1600
005520 0.0957 0.7444 0.0000 0.1599
005540 0.0957 0.7439 0.0000 0.1604
005560 0.0948 0.7451 0.0000 0.1601
005580 0.0949 0.7447 0.0000 0.1605
005600 0.0949 0.7454 0.0000 0.1597
005620 0.0943 0.7467 0.0000 0.1590
005640 0.0946 0.7461 0.0000 0.1593
005660 0.0954 0.7457 0.0000 0.1589
005680 0.0961 0.7445 0.0000 0.1594
005700 0.0949 0.7461 0.0000 0.1590
005720 0.0970 0.7442 0.0000 0.1588
005740 0.0963 0.7442 0.0000 0.1594
005760 0.0955 0.7446 0.0000 0.1599
005780 0.0954 0.7453 0.0000 0.1592
005800 0.0945 0.7465 0.0000 0.1590
005820 0.0962 0.7453 0.0000 0.1585
005840 0.0961 0.7446 0.0000 0.1593
005860 0.0953 0.7447 0.0000 0.1600
005880 0.0946 0.7469 0.0000 0.1585
005900 0.0946 0.7462 0.0000 0.1592
005920 0.0949 0.7447 0.0000 0.1604
005940 0.0946 0.7451 0.0000 0.1603
005960 0.0946 0.7455 0.0000 0.1599
005980 0.0952 0.7453 0.0000 0.1595
006000 0.0946 0.7457 0.0000 0.1598
006020 0.0957 0.7447 0.0000 0.1596
006040 0.0944 0.7454 0.0000 0.1602
006060 0.0939 0.7469 0.0000 0.1592
006080 0.0954 0.7448 0.0000 0.1597
006100 0.0949 0.7455 0.0000 0.1596
006120 0.0945 0.7459 0.0000 0.1596
006140 0.0951 0.7449 0.0000 0.1600
006160 0.0952 0.7447 0.0000 0.1601
006180 0.0943 0.7476 0.0000 0.1581
006200 0.0951 0.7463 0.0000 0.1585
006220 0.0936 0.7470 0.0000 0.1593
006240 0.0936 0.7467 0.0000 0.1597
006260 0.0940 0.7464 0.0000 0.1597
006280 0.0932 0.7480 0.0000 0.1588
006300 0.0933 0.7468 0.0000 0.1599
006320 0.0939 0.7468 0.0000 0.1593
006340 0.0942 0.7470 0.0000 0.1588
006360 0.0938 0.7474 0.0000 0.1588
006380 0.0935 0.7478 0.0000 0.1587
006400 0.0943 0.7459 0.0000 0.1598
006420 0.0938 0.7469 0.0000 0.1593
006440 0.0946 0.7459 0.0000 0.1595
006460 0.0944 0.7463 0.0000 0.1592
006480 0.0936 0.7464 0.0000 0.1600
006500 0.0943 0.7464 0.0000 0.1593
006520 0.0937 0.7465 0.0000 0.1597
006540 0.0927 0.7473 0.0000 0.1601
006560 0.0926 0.7474 0.0000 0.1600
006580 0.0933 0.7474 0.0000 0.1593
006600 0.0941 0.7463 0.0000 0.1597
006620 0.0930 0.7465 0.0000 0.1604
006640 0.0944 0.7462 0.0000 0.1594
006660 0.0948 0.7452 0.0000 0.1600
006680 0.0952 0.7452 0.0000 0.1596
006700 0.0942 0.7458 0.0000 0.1600
006720 0.0941 0.7467 0.0000 0.1592
006740 0.0941 0.7460 0.0000 0.1599
006760 0.0941 0.7470 0.0000 0.1589
006780 0.0946 0.7463 0.0000 0.1591
006800 0.0946 0.7462 0.0000 0.1592
006820 0.0952 0.7454 0.0000 0.1594
006840 0.0954 0.7447 0.0000 0.1599
006860 0.0951 0.7463 0.0000 0.1586
006880 0.0952 0.7456 0.0000 0.1592
006900 0.0951 0.7453 0.0000 0.1596
006920 0.0957 0.7446 0.0000 0.1597
006940 0.0936 0.7470 0.0000 0.1594
006960 0.0938 0.7468 0.0000 0.1593
006980 0.0945 0.7464 0.0000 0.1591
007000 0.0944 0.7467 0.0000 0.1589
007020 0.0958 0.7452 0.0000 0.1589
007040 0.0970 0.7434 0.0000 0.1597
007060 0.0967 0.7432 0.0000 0.1600
007080 0.0937 0.7462 0.0000 0.1601
007100 0.0956 0.7446 0.0000 0.1598
007120 0.0950 0.7455 0.0000 0.1596
007140 0.0953 0.7453 0.0000 0.1594
007160 0.0969 0.7441 0.0000 0.1591
007180 0.0967 0.7444 0.0000 0.1589
007200 0.0966 0.7442 0.0000 0.1592
007220 0.0967 0.7441 0.0000 0.1592
007240 0.0962 0.7443 0.0000 0.1595
007260 0.0966 0.7443 0.0000 0.1591
007280 0.0966 0.7435 0.0000 0.1599
007300 0.0953 0.7444 0.0000 0.1603
007320 0.0955 0.7439 0.0000 0.1605
007340 0.0966 0.7436 0.0000 0.1598
007360 0.0966 0.7432 0.0000 0.1602
007380 0.0965 0.7441 0.0000 0.1594
007400 0.0974 0.7427 0.0000 0.1600
007420 0.0949 0.7447 0.0000 0.1604
007440 0.0967 0.7429 0.0000 0.1604
007460 0.0938 0.7465 0.0000 0.1597
007480 0.0952 0.7450 0.0000 0.1598
007500 0.0961 0.7447 0.0000 0.1592
007520 0.0968 0.7441 0.0000 0.1591
007540 0.0968 0.7436 0.0000 0.1596
007560 0.0959 0.7445 0.0000 0.1596
007580 0.0960 0.7447 0.0000 0.1593
007600 0.0953 0.7455 0.0000 0.1593
007620 0.0959 0.7454 0.0000 0.1587
007640 0.0955 0.7446 0.0000 0.1600
007660 0.0958 0.7445 0.0000 0.1598
007680 0.0962 0.7447 0.0000 0.1591
007700 0.0961 0.7442 0.0000 0.1597
007720 0.0953 0.7458 0.0000 0.1589
007740 0.0949 0.7450 0.0000 0.1601
007760 0.0954 0.7452 0.0000 0.1594
007780 0.0962 0.7439 0.0000 0.1600
007800 0.0969 0.7435 0.0000 0.1596
007820 0.0965 0.7427 0.0000 0.1608
007840 0.0950 0.7451 0.0000 0.1599
007860 0.0949 0.7449 0.0000 0.1602
007880 0.0952 0.7454 0.0000 0.1594
007900 0.0952 0.7450 0.0000 0.1598
007920 0.0946 0.7452 0.0000 0.1602
007940 0.0942 0.7469 0.0000 0.1589
007960 0.0963 0.7448 0.0000 0.1589
007980 0.0973 0.7429 0.0000 0.1598
008000 0.0964 0.7439 0.0000 0.1597
008020 0.0967 0.7427 0.0000 0.1606
008040 0.0966 0.7433 0.0000 0.1601
008060 0.0975 0.7440 0.0000 0.1585
008080 0.0977 0.7429 0.0000 0.1594
008100 0.0964 0.7429 0.0000 0.1607
008120 0.0956 0.7451 0.0000 0.1593
008140 0.0948 0.7450 0.0000 0.1602
008160 0.0964 0.7447 0.0000 0.1589
008180 0.0965 0.7443 0.0000 0.1592
008200 0.0947 0.7457 0.0000 0.1596
008220 0.0955 0.7449 0.0000 0.1596
008240 0.0953 0.7445 0.0000 0.1603
008260 0.0952 0.7446 0.0000 0.1602
008280 0.0942 0.7468 0.0000 0.1591
008300 0.0944 0.7463 0.0000 0.1593
008320 0.0945 0.7452 0.0000 0.1602
008340 0.0933 0.7465 0.0000 0.1602
008360 0.0930 0.7473 0.0000 0.1597
008380 0.0931 0.7483 0.0000 0.1586
008400 0.0930 0.7478 0.0000 0.1592
008420 0.0942 0.7468 0.0000 0.1591
008440 0.0942 0.7465 0.0000 0.1593
008460 0.0956 0.7448 0.0000 0.1596
008480 0.0942 0.7459 0.0000 0.1599
008500 0.0933 0.7469 0.0000 0.1597
008520 0.0949 0.7466 0.0000 0.1586
008540 0.0951 0.7454 0.0000 0.1594
008560 0.0943 0.7464 0.0000 0.1594
008580 0.0936 0.7471 0.0000 0.1593
008600 0.0955 0.7450 0.0000 0.1595
008620 0.0954 0.7443 0.0000 0.1604
008640 0.0944 0.7456 0.0000 0.1600
008660 0.0933 0.7471 0.0000 0.1596
008680 0.0930 0.7481 0.0000 0.1590
008700 0.0960 0.7451 0.0000 0.1589
008720 0.0970 0.7435 0.0000 0.1596
008740 0.0962 0.7444 0.0000 0.1593
008760 0.0959 0.7453 0.0000 0.1588
008780 0.0960 0.7445 0.0000 0.1595
008800 0.0952 0.7448 0.0000 0.1600
008820 0.0950 0.7453 0.0000 0.1597
008840 0.0959 0.7447 0.0000 0.1594
008860 0.0975 0.7433 0.0000 0.1592
008880 0.0972 0.7433 0.0000 0.1595
008900 0.0967 0.7434 0.0000 0.1599
008920 0.0978 0.7434 0.0000 0.1589
008940 0.0961 0.7442 0.0000 0.1597
008960 0.0939 0.7462 0.0000 0.1599
008980 0.0945 0.7456 0.0000 0.1599
009000 0.0949 0.7459 0.0000 0.1592
009020 0.0955 0.7457 0.0000 0.1588
009040 0.0968 0.7442 0.0000 0.1590
009060 0.0984 0.7424 0.0000 0.1593
009080 0.0979 0.7430 0.0000 0.1591
009100 0.0985 0.7419 0.0000 0.1596
009120 0.0984 0.7420 0.0000 0.1596
009140 0.0968 0.7427 0.0000 0.1605
009160 0.0961 0.7442 0.0000 0.1596
009180 0.0965 0.7440 0.0000 0.1595
009200 0.0968 0.7439 0.0000 0.1593
009220 0.0973 0.7431 0.0000 0.1596
009240 0.0964 0.7437 0.0000 0.1598
009260 0.0987 0.7430 0.0000 0.1583
009280 0.0983 0.7420 0.0000 0.1597
009300 0.0976 0.7431 0.0000 0.1593
009320 0.0989 0.7424 0.0000 0.1587
009340 0.0997 0.7415 0.0000 0.1588
009360 0.0990 0.7419 0.0000 0.1591
009380 0.0994 0.7412 0.0000 0.1593
009400 0.1000 0.7409 0.0000 0.1592
009420 0.0989 0.7423 0.0000 0.1588
009440 0.0986 0.7419 0.0000 0.1595
009460 0.0988 0.7417 0.0000 0.1595
009480 0.1004 0.7408 0.0000 0.1587
009500 0.1015 0.7397 0.0000 0.1588
009520 0.1012 0.7395 0.0000 0.1593
009540 0.1000 0.7410 0.0000 0.1590
009560 0.0992 0.7416 0.0000 0.1592
009580 0.0998 0.7411 0.0000 0.1591
009600 0.0993 0.7412 0.0000 0.1595
009620 0.0996 0.7408 0.0000 0.1596
009640 0.1010 0.7403 0.0000 0.1587
009660 0.1011 0.7396 0.0000 0.1593
009680 0.0990 0.7417 0.0000 0.1593
009700 0.0987 0.7415 0.0000 0.1599
009720 0.0986 0.7422 0.0000 0.1592
009740 0.0978 0.7414 0.0000 0.1608
009760 0.0972 0.7427 0.0000 0.1601
009780 0.0978 0.7426 0.0000 0.1596
009800 0.0961 0.7442 0.0000 0.1597
009820 0.0973 0.7433 0.0000 0.1594
009840 0.0978 0.7430 0.0000 0.1592
009860 0.0974 0.7433 0.0000 0.1593
009880 0.0968 0.7436 0.0000 0.1597
009900 0.0964 0.7429 0.0000 0.1608
009920 0.0970 0.7431 0.0000 0.1599
009940 0.0957 0.7446 0.0000 0.1597
009960 0.0963 0.7450 0.0000 0.1587
009980 0.0965 0.7443 0.0000 0.1592
010000 0.0973 0.7437 0.0000 0.1590
010020 0.0966 0.7442 0.0000 0.1592
010040 0.0966 0.7442 0.0000 0.1592
010060 0.0966 0.7442 0.0000 0.1592
010080 0.0966 0.7442 0.0000 0.1592
010100 0.0966 0.7442 0.0000 0.1592
010120 0.0966 0.7442 0.0000 0.1592
010140 0.0966 0.7442 0.0000 0.1592
010160 0.0966 0.7442 0.0000 0.1592
010180 0.0966 0.7442 0.0000 0.1592
010200 0.0966 0.7442 0.0000 0.1592
010220 0.0966 0.7442 0.0000 0.1592
010240 0.0966 0.7442 0.0000 0.1592
010260 0.0966 0.7442 0.0000 0.1592
010280 0.0966 0.7442 0.0000 0.1592
010300 0.0966 0.7442 0.0000 0.1592
010320 0.0966 0.7442 0.0000 0.1592
010340 0.0966 0.7442 0.0000 0.1592
010360 0.0966 0.7442 0.0000 0.1592
010380 0.0966 0.7442 0.0000 0.1592
010400 0.0966 0.7442 0.0000 0.1592
010420 0.0966 0.7442 0.0000 0.1592
010440 0.0966 0.7442 0.0000 0.1592
010460 0.0966 0.7442 0.0000 0.1592
010480 0.0966 0.7442 0.0000 0.1592
010500 0.0966 0.7442 0.0000 0.1592
010520 0.0966 0.7442 0.0000 0.1592
010540 0.0966 0.7442 0.0000 0.1592
010560 0.0966 0.7442 0.0000 0.1592
010580 0.0966 0.7442 0.0000 0.1592
010600 0.0966 0.7442 0.0000 0.1592
010620 0.0966 0.7442 0.0000 0.1592
010640 0.0966 0.7442 0.0000 0.1592
010660 0.0966 0.7442 0.0000 0.1592
010680 0.0966 0.7442 0.0000 0.1592
010700 0.0966 0.7442 0.0000 0.1592
010720 0.0966 0.7442 0.0000 0.1592
010740 0.0966 0.7442 0.0000 0.1592
010760 0.0966 0.7442 0.0000 0.1592
010780 0.0966 0.7442 0.0000 0.1592
010800 0.0966 0.7442 0.0000 0.1592
010820 0.0966 0.7442 0.0000 0.1592
010840 0.0966 0.7442 0.0000 0.1592
010860 0.0966 0.7442 0.0000 0.1592
010880 0.0966 0.7442 0.0000 0.1592
010900 0.0966 0.7442 0.0000 0.1592
010920 0.0966 0.7442 0.0000 0.1592
010940 0.0966 0.7442 0.0000 0.1592
010960 0.0966 0.7442 0.0000 0.1592
010980 0.0966 0.7442 0.0000 0.1592
011000 0.0966 0.7442 0.0000 0.1592
011020 0.0966 0.7442 0.0000 0.1592
011040 0.0966 0.7442 0.0000 0.1592
011060 0.0966 0.7442 0.0000 0.1592
011080 0.0966 0.7442 0.0000 0.1592
011100 0.0966 0.7442 0.0000 0.1592
011120 0.0966 0.7442 0.0000 0.1592
011140 0.0966 0.7442 0.0000 0.1592
011160 0.0966 0.7442 0.0000 0.1592
011180 0.0966 0.7442 0.0000 0.1592
011200 0.0966 0.7442 0.0000 0.1592
011220 0.0966 0.7442 0.0000 0.1592
011240 0.0966 0.7442 0.0000 0.1592
011260 0.0966 0.7442 0.0000 0.1592
011280 0.0966 0.7442 0.0000 0.1592
011300 0.0966 0.7442 0.0000 0.1592
011320 0.0966 0.7442 0.0000 0.1592
011340 0.0966 0.7442 0.0000 0.1592
011360 0.0966 0.7442 0.0000 0.1592
011380 0.0966 0.7442 0.0000 0.1592
011400 0.0966 0.7442 0.0000 0.1592
011420 0.0966 0.7442 0.0000 0.1592
011440 0.0966 0.7442 0.0000 0.1592
011460 0.0966 0.7442 0.0000 0.1592
011480 0.0966 0.7442 0.0000 0.1592
011500 0.0966 0.7442 0.0000 0.1592
011520 0.0966 0.7442 0.0000 0.1592
011540 0.0966 0.7442 0.0000 0.1592
011560 0.0966 0.7442 0.0000 0.1592
011580 0.0966 0.7442 0.0000 0.1592
011600 0.0966 0.7442 0.0000 0.1592
011620 0.0966 0.7442 0.0000 0.1592
011640 0.0966 0.7442 0.0000 0.1592
011660 0.0966 0.7442 0.0000 0.1592
011680 0.0966 0.7442 0.0000 0.1592
011700 0.0966 0.7442 0.0000 0.1592
011720 0.0966 0.7442 0.0000 0.1592
011740 0.0966 0.7442 0.0000 0.1592
011760 0.0966 0.7442 0.0000 0.1592
011780 0.0966 0.7442 0.0000 0.1592
011800 0.0966 0.7442 0.0000 0.1592
011820 0.0966 0.7442 0.0000 0.1592
011840 0.0966 0.7442 0.0000 0.1592
011860 0.0966 0.7442 0.0000 0.1592
011880 0.0966 0.7442 0.0000 0.1592
011900 0.0966 0.7442 0.0000 0.1592
011920 0.0966 0.7442 0.0000 0.1592
011940 0.0966 0.7442 0.0000 0.1592
011960 0.0966 0.7442 0.0000 0.1592
011980 0.0966 0.7442 0.0000 0.1592
012000 0.0966 0.7442 0.0000 0.1592
012020 0.0966 0.7442 0.0000 0.1592
012040 0.0966 0.7442 0.0000 0.1592
012060 0.0966 0.7442 0.0000 0.1592
012080 0.0966 0.7442 0.0000 0.1592
012100 0.0966 0.7442 0.0000 0.1592
012120 0.0966 0.7442 0.0000 0.1592
012140 0.0966 0.7442 0.0000 0.1592
012160 0.0966 0.7442 0.0000 0.1592
012180 0.0966 0.7442 0.0000 0.1592
012200 0.0966 0.7442 0.0000 0.1592
012220 0.0966 0.7442 0.0000 0.1592
012240 0.0966 0.7442 0.0000 0.1592
012260 0.0966 0.7442 0.0000 0.1592
012280 0.0966 0.7442 0.0000 0.1592
012300 0.0966 0.7442 0.0000 0.1592
012320 0.0966 0.7442 0.0000 0.1592
012340 0.0966 0.7442 0.0000 0.1592
012360 0.0966 0.7442 0.0000 0.1592
012380 0.0966 0.7442 0.0000 0.1592
012400 0.0966 0.7442 0.0000 0.1592
012420 0.0966 0.7442 0.0000 0.1592
012440 0.0966 0.7442 0.0000 0.1592
012460 0.0966 0.7442 0.0000 0.1592
012480 0.0966 0.7442 0.0000 0.1592
012500 0.0966 0.7442 0.0000 0.1592
012520 0.0966 0.7442 0.0000 0.1592
012540 0.0966 0.7442 0.0000 0.1592
012560 0.0966 0.7442 0.0000 0.1592
012580 0.0966 0.7442 0.0000 0.1592
012600 0.0966 0.7442 0.0000 0.1592
012620 0.0966 0.7442 0.0000 0.1592
012640 0.0966 0.7442 0.0000 0.1592
012660 0.0966 0.7442 0.0000 0.1592
012680 0.0966 0.7442 0.0000 0.1592
012700 0.0966 0.7442 0.0000 0.1592
012720 0.0966 0.7442 0.0000 0.1592
012740 0.0966 0.7442 0.0000 0.1592
012760 0.0966 0.7442 0.0000 0.1592
012780 0.0966 0.7442 0.0000 0.1592
012800 0.0966 0.7442 0.0000 0.1592
012820 0.0966 0.7442 0.0000 0.1592
012840 0.0966 0.7442 0.0000 0.1592
012860 0.0966 0.7442 0.0000 0.1592
012880 0.0966 0.7442 0.0000 0.1592
012900 0.0966 0.7442 0.0000 0.1592
012920 0.0966 0.7442 0.0000 0.1592
012940 0.0966 0.7442 0.0000 0.1592
012960 0.0966 0.7442 0.0000 0.1592
012980 0.0966 0.7442 0.0000 0.1592
013000 0.0966 0.7442 0.0000 0.1592
013020 0.0966 0.7442 0.0000 0.1592
013040 0.0966 0.7442 0.0000 0.1592
013060 0.0966 0.7442 0.0000 0.1592
013080 0.0966 0.7442 0.0000 0.1592
013100 0.0966 0.7442 0.0000 0.1592
013120 0.0966 0.7442 0.0000 0.1592
013140 0.0966 0.7442 0.0000 0.1592
013160 0.0966 0.7442 0.0000 0.1592
013180 0.0966 0.7442 0.0000 0.1592
013200 0.0966 0.7442 0.0000 0.1592
013220 0.0966 0.7442 0.0000 0.1592
013240 0.0966 0.7442 0.0000 0.1592
013260 0.0966 0.7442 0.0000 0.1592
013280 0.0966 0.7442 0.0000 0.1592
013300 0.0966 0.7442 0.0000 0.1592
013320 0.0966 0.7442 0.0000 0.1592
013340 0.0966 0.7442 0.0000 0.1592
013360 0.0966 0.7442 0.0000 0.1592
013380 0.0966 0.7442 0.0000 0.1592
013400 0.0966 0.7442 0.0000 0.1592
013420 0.0966 0.7442 0.0000 0.1592
013440 0.0966 0.7442 0.0000 0.1592
013460 0.0966 0.7442 0.0000 0.1592
013480 0.0966 0.7442 0.0000 0.1592
013500 0.0966 0.7442 0.0000 0.1592
013520 0.0966 0.7442 0.0000 0.1592
013540 0.0966 0.7442 0.0000 0.1592
013560 0.0966 0.7442 0.0000 0.1592
013580 0.0966 0.7442 0.0000 0.1592
013600 0.0966 0.7442 0.0000 0.1592
013620 0.0966 0.7442 0.0000 0.1592
013640 0.0966 0.7442 0.0000 0.1592
013660 0.0966 0.7442 0.0000 0.1592
013680 0.0966 0.7442 0.0000 0.1592
013700 0.0966 0.7442 0.0000 0.1592
013720 0.0966 0.7442 0.0000 0.1592
013740 0.0966 0.7442 0.0000 0.1592
013760 0.0966 0.7442 0.0000 0.1592
013780 0.0966 0.7442 0.0000 0.1592
013800 0.0966 0.7442 0.0000 0.1592
013820 0.0966 0.7442 0.0000 0.1592
013840 0.0966 0.7442 0.0000 0.1592
013860 0.0966 0.7442 0.0000 0.1592
013880 0.0966 0.7442 0.0000 0.1592
013900 0.0966 0.7442 0.0000 0.1592
013920 0.0966 0.7442 0.0000 0.1592
013940 0.0966 0.7442 0.0000 0.1592
013960 0.0966 0.7442 0.0000 0.1592
013980 0.0966 0.7442 0.0000 0.1592
014000 0.0966 0.7442 0.0000 0.1592
014020 0.0966 0.7442 0.0000 0.1592
014040 0.0966 0.7442 0.0000 0.1592
014060 0.0966 0.7442 0.0000 0.1592
014080 0.0966 0.7442 0.0000 0.1592
014100 0.0966 0.7442 0.0000 0.1592
014120 0.0966 0.7442 0.0000 0.1592
014140 0.0966 0.7442 0.0000 0.1592
014160 0.0966 0.7442 0.0000 0.1592
014180 0.0966 0.7442 0.0000 0.1592
014200 0.0966 0.7442 0.0000 0.1592
014220 0.0966 0.7442 0.0000 0.1592
014240 0.0966 0.7442 0.0000 0.1592
014260 0.0966 0.7442 0.0000 0.1592
014280 0.0966 0.7442 0.0000 0.1592
014300 0.0966 0.7442 0.0000 0.1592
014320 0.0966 0.7442 0.0000 0.1592
014340 0.0966 0.7442 0.0000 0.1592
014360 0.0966 0.7442 0.0000 0.1592
014380 0.0966 0.7442 0.0000 0.1592
014400 0.0966 0.7442 0.0000 0.1592
014420 0.0966 0.7442 0.0000 0.1592
014440 0.0966 0.7442 0.0000 0.1592
014460 0.0966 0.7442 0.0000 0.1592
014480 0.0966 0.7442 0.0000 0.1592
014500 0.0966 0.7442 0.0000 0.1592
014520 0.0966 0.7442 0.0000 0.1592
014540 0.0966 0.7442 0.0000 0.1592
014560 0.0966 0.7442 0.0000 0.1592
014580 0.0966 0.7442 0.0000 0.1592
014600 0.0966 0.7442 0.0000 0.1592
014620 0.0966 0.7442 0.0000 0.1592
014640 0.0966 0.7442 0.0000 0.1592
014660 0.0966 0.7442 0.0000 0.1592
014680 0.0966 0.7442 0.0000 0.1592
014700 0.0966 0.7442 0.0000 0.1592
014720 0.0966 0.7442 0.0000 0.1592
014740 0.0966 0.7442 0.0000 0.1592
014760 0.0966 0.7442 0.0000 0.1592
014780 0.0966 0.7442 0.0000 0.1592
014800 0.0966 0.7442 0.0000 0.1592
014820 0.0966 0.7442 0.0000 0.1592
014840 0.0966 0.7442 0.0000 0.1592
014860 0.0966 0.7442 0.0000 0.1592
014880 0.0966 0.7442 0.0000 0.1592
014900 0.0966 0.7442 0.0000 0.1592
014920 0.0966 0.7442 0.0000 0.1592
014940 0.0966 0.7442 0.0000 0.1592
014960 0.0966 0.7442 0.0000 0.1592
014980 0.0966 0.7442 0.0000 0.1592
015000 0.0966 0.7442 0.0000 0.1592
015020 0.0966 0.7442 0.0000 0.1592
015040 0.0966 0.7442 0.0000 0.1592
015060 0.0966 0.7442 0.0000 0.1592
015080 0.0966 0.7442 0.0000 0.1592
015100 0.0966 0.7442 0.0000 0.1592
015120 0.0966 0.7442 0.0000 0.1592
015140 0.0966 0.7442 0.0000 0.1592
015160 0.0966 0.7442 0.0000 0.1592
015180 0.0966 0.7442 0.0000 0.1592
015200 0.0966 0.7442 0.0000 0.1592
015220 0.0966 0.7442 0.0000 0.1592
015240 0.0966 0.7442 0.0000 0.1592
015260 0.0966 0.7442 0.0000 0.1592
015280 0.0966 0.7442 0.0000 0.1592
015300 0.0966 0.7442 0.0000 0.1592
015320 0.0966 0.7442 0.0000 0.1592
015340 0.0966 0.7442 0.0000 0.1592
015360 0.0966 0.7442 0.0000 0.1592
015380 0.0966 0.7442 0.0000 0.1592
015400 0.0966 0.7442 0.0000 0.1592
015420 0.0966 0.7442 0.0000 0.1592
015440 0.0966 0.7442 0.0000 0.1592
015460 0.0966 0.7442 0.0000 0.1592
015480 0.0966 0.7442 0.0000 0.1592
015500 0.0966 0.7442 0.0000 0.1592
015520 0.0966 0.7442 0.0000 0.1592
015540 0.0966 0.7442 0.0000 0.1592
015560 0.0966 0.7442 0.0000 0.1592
015580 0.0966 0.7442 0.0000 0.1592
015600 0.0966 0.7442 0.0000 0.1592
015620 0.0966 0.7442 0.0000 0.1592
015640 0.0966 0.7442 0.0000 0.1592
015660 0.0966 0.7442 0.0000 0.1592
015680 0.0966 0.7442 0.0000 0.1592
015700 0.0966 0.7442 0.0000 0.1592
015720 0.0966 0.7442 0.0000 0.1592
015740 0.0966 0.7442 0.0000 0.1592
015760 0.0966 0.7442 0.0000 0.1592
015780 0.0966 0.7442 0.0000 0.1592
015800 0.0966 0.7442 0.0000 0.1592
015820 0.0966 0.7442 0.0000 0.1592
015840 0.0966 0.7442 0.0000 0.1592
015860 0.0966 0.7442 0.0000 0.1592
015880 0.0966 0.7442 0.0000 0.1592
015900 0.0966 0.7442 0.0000 0.1592
015920 0.0966 0.7442 0.0000 0.1592
015940 0.0966 0.7442 0.0000 0.1592
015960 0.0966 0.7442 0.0000 0.1592
015980 0.0966 0.7442 0.0000 0.1592
016000 0.0966 0.7442 0.0000 0.1592
016020 0.0966 0.7442 0.0000 0.1592
016040 0.0966 0.7442 0.0000 0.1592
016060 0.0966 0.7442 0.0000 0.1592
016080 0.0966 0.7442 0.0000 0.1592
016100 0.0966 0.7442 0.0000 0.1592
016120 0.0966 0.7442 0.0000 0.1592
016140 0.0966 0.7442 0.0000 0.1592
016160 0.0966 0.7442 0.0000 0.1592
016180 0.0966 0.7442 0.0000 0.1592
016200 0.0966 0.7442 0.0000 0.1592
016220 0.0966 0.7442 0.0000 0.1592
016240 0.0966 0.7442 0.0000 0.1592
016260 0.0966 0.7442 0.0000 0.1592
016280 0.0966 0.7442 0.0000 0.1592
016300 0.0966 0.7442 0.0000 0.1592
016320 0.0966 0.7442 0.0000 0.1592
016340 0.0966 0.7442 0.0000 0.1592
016360 0.0966 0.7442 0.0000 0.1592
016380 0.0966 0.7442 0.0000 0.1592
016400 0.0966 0.7442 0.0000 0.1592
016420 0.0966 0.7442 0.0000 0.1592
016440 0.0966 0.7442 0.0000 0.1592
016460 0.0966 0.7442 0.0000 0.1592
016480 0.0966 0.7442 0.0000 0.1592
016500 0.0966 0.7442 0.0000 0.1592
016520 0.0966 0.7442 0.0000 0.1592
016540 0.0966 0.7442 0.0000 0.1592
016560 0.0966 0.7442 0.0000 0.1592
016580 0.0966 0.7442 0.0000 0.1592
016600 0.0966 0.7442 0.0000 0.1592
016620 0.0966 0.7442 0.0000 0.1592
016640 0.0966 0.7442 0.0000 0.1592
016660 0.0966 0.7442 0.0000 0.1592
016680 0.0966 0.7442 0.0000 0.1592
016700 0.0966 0.7442 0.0000 0.1592
016720 0.0966 0.7442 0.0000 0.1592
016740 0.0966 0.7442 0.0000 0.1592
016760 0.0966 0.7442 0.0000 0.1592
016780 0.0966 0.7442 0.0000 0.1592
016800 0.0966 0.7442 0.0000 0.1592
016820 0.0966 0.7442 0.0000 0.1592
016840 0.0966 0.7442 0.0000 0.1592
016860 0.0966 0.7442 0.0000 0.1592
016880 0.0966 0.7442 0.0000 0.1592
016900 0.0966 0.7442 0.0000 0.1592
016920 0.0966 0.7442 0.0000 0.1592
016940 0.0966 0.7442 0.0000 0.1592
016960 0.0966 0.7442 0.0000 0.1592
016980 0.0966 0.7442 0.0000 0.1592
017000 0.0966 0.7442 0.0000 0.1592
017020 0.0966 0.7442 0.0000 0.1592
017040 0.0966 0.7442 0.0000 0.1592
017060 0.0966 0.7442 0.0000 0.1592
017080 0.0966 0.7442 0.0000 0.1592
017100 0.0966 0.7442 0.0000 0.1592
017120 0.0966 0.7442 0.0000 0.1592
017140 0.0966 0.7442 0.0000 0.1592
017160 0.0966 0.7442 0.0000 0.1592
017180 0.0966 0.7442 0.0000 0.1592
017200 0.0966 0.7442 0.0000 0.1592
017220 0.0966 0.7442 0.0000 0.1592
017240 0.0966 0.7442 0.0000 0.1592
017260 0.0966 0.7442 0.0000 0.1592
017280 0.0966 0.7442 0.0000 0.1592
017300 0.0966 0.7442 0.0000 0.1592
017320 0.0966 0.7442 0.0000 0.1592
017340 0.0966 0.7442 0.0000 0.1592
017360 0.0966 0.7442 0.0000 0.1592
017380 0.0966 0.7442 0.0000 0.1592
017400 0.0966 0.7442 0.0000 0.1592
017420 0.0966 0.7442 0.0000 0.1592
017440 0.0966 0.7442 0.0000 0.1592
017460 0.0966 0.7442 0.0000 0.1592
017480 0.0966 0.7442 0.0000 0.1592
017500 0.0966 0.7442 0.0000 0.1592
017520 0.0966 0.7442 0.0000 0.1592
017540 0.0966 0.7442 0.0000 0.1592
017560 0.0966 0.7442 0.0000 0.1592
017580 0.0966 0.7442 0.0000 0.1592
017600 0.0966 0.7442 0.0000 0.1592
017620 0.0966 0.7442 0.0000 0.1592
017640 0.0966 0.7442 0.0000 0.1592
017660 0.0966 0.7442 0.0000 0.1592
017680 0.0966 0.7442 0.0000 0.1592
017700 0.0966 0.7442 0.0000 0.1592
017720 0.0966 0.7442 0.0000 0.1592
017740 0.0966 0.7442 0.0000 0.1592
017760 0.0966 0.7442 0.0000 0.1592
017780 0.0966 0.7442 0.0000 0.1592
017800 0.0966 0.7442 0.0000 0.1592
017820 0.0966 0.7442 0.0000 0.1592
017840 0.0966 0.7442 0.0000 0.1592
017860 0.0966 0.7442 0.0000 0.1592
017880 0.0966 0.7442 0.0000 0.1592
017900 0.0966 0.7442 0.0000 0.1592
017920 0.0966 0.7442 0.0000 0.1592
017940 0.0966 0.7442 0.0000 0.1592
017960 0.0966 0.7442 0.0000 0.1592
017980 0.0966 0.7442 0.0000 0.1592
018000 0.0966 0.7442 0.0000 0.1592
018020 0.0966 0.7442 0.0000 0.1592
018040 0.0966 0.7442 0.0000 0.1592
018060 0.0966 0.7442 0.0000 0.1592
018080 0.0966 0.7442 0.0000 0.1592
018100 0.0966 0.7442 0.0000 0.1592
018120 0.0966 0.7442 0.0000 0.1592
018140 0.0966 0.7442 0.0000 0.1592
018160 0.0966 0.7442 0.0000 0.1592
018180 0.0966 0.7442 0.0000 0.1592
018200 0.0966 0.7442 0.0000 0.1592
018220 0.0966 0.7442 0.0000 0.1592
018240 0.0966 0.7442 0.0000 0.1592
018260 0.0966 0.7442 0.0000 0.1592
018280 0.0966 0.7442 0.0000 0.1592
018300 0.0966 0.7442 0.0000 0.1592
018320 0.0966 0.7442 0.0000 0.1592
018340 0.0966 0.7442 0.0000 0.1592
018360 0.0966 0.7442 0.0000 0.1592
018380 0.0966 0.7442 0.0000 0.1592
018400 0.0966 0.7442 0.0000 0.1592
018420 0.0966 0.7442 0.0000 0.1592
018440 0.0966 0.7442 0.0000 0.1592
018460 0.0966 0.7442 0.0000 0.1592
018480 0.0966 0.7442 0.0000 0.1592
018500 0.0966 0.7442 0.0000 0.1592
018520 0.0966 0.7442 0.0000 0.1592
018540 0.0966 0.7442 0.0000 0.1592
018560 0.0966 0.7442 0.0000 0.1592
018580 0.0966 0.7442 0.0000 0.1592
018600 0.0966 0.7442 0.0000 0.1592
018620 0.0966 0.7442 0.0000 0.1592
018640 0.0966 0.7442 0.0000 0.1592
018660 0.0966 0.7442 0.0000 0.1592
018680 0.0966 0.7442 0.0000 0.1592
018700 0.0966 0.7442 0.0000 0.1592
018720 0.0966 0.7442 0.0000 0.1592
018740 0.0966 0.7442 0.0000 0.1592
018760 0.0966 0.7442 0.0000 0.1592
018780 0.0966 0.7442 0.0000 0.1592
018800 0.0966 0.7442 0.0000 0.1592
018820 0.0966 0.7442 0.0000 0.1592
018840 0.0966 0.7442 0.0000 0.1592
018860 0.0966 0.7442 0.0000 0.1592
018880 0.0966 0.7442 0.0000 0.1592
018900 0.0966 0.7442 0.0000 0.1592
018920 0.0966 0.7442 0.0000 0.1592
018940 0.0966 0.7442 0.0000 0.1592
018960 0.0966 0.7442 0.0000 0.1592
018980 0.0966 0.7442 0.0000 0.1592
019000 0.0966 0.7442 0.0000 0.1592
019020 0.0966 0.7442 0.0000 0.1592
019040 0.0966 0.7442 0.0000 0.1592
019060 0.0966 0.7442 0.0000 0.1592
019080 0.0966 0.7442 0.0000 0.1592
019100 0.0966 0.7442 0.0000 0.1592
019120 0.0966 0.7442 0.0000 0.1592
019140 0.0966 0.7442 0.0000 0.1592
019160 0.0966 0.7442 0.0000 0.1592
019180 0.0966 0.7442 0.0000 0.1592
019200 0.0966 0.7442 0.0000 0.1592
019220 0.0966 0.7442 0.0000 0.1592
019240 0.0966 0.7442 0.0000 0.1592
019260 0.0966 0.7442 0.0000 0.1592
019280 0.0966 0.7442 0.0000 0.1592
019300 0.0966 0.7442 0.0000 0.1592
019320 0.0966 0.7442 0.0000 0.1592
019340 0.0966 0.7442 0.0000 0.1592
019360 0.0966 0.7442 0.0000 0.1592
019380 0.0966 0.7442 0.0000 0.1592
019400 0.0966 0.7442 0.0000 0.1592
019420 0.0966 0.7442 0.0000 0.1592
019440 0.0966 0.7442 0.0000 0.1592
019460 0.0966 0.7442 0.0000 0.1592
019480 0.0966 0.7442 0.0000 0.1592
019500 0.0966 0.7442 0.0000 0.1592
019520 0.0966 0.7442 0.0000 0.1592
019540 0.0966 0.7442 0.0000 0.1592
019560 0.0966 0.7442 0.0000 0.1592
019580 0.0966 0.7442 0.0000 0.1592
019600 0.0966 0.7442 0.0000 0.1592
019620 0.0966 0.7442 0.0000 0.1592
019640 0.0966 0.7442 0.0000 0.1592
019660 0.0966 0.7442 0.0000 0.1592
019680 0.0966 0.7442 0.0000 0.1592
019700 0.0966 0.7442 0.0000 0.1592
019720 0.0966 0.7442 0.0000 0.1592
019740 0.0966 0.7442 0.0000 0.1592
019760 0.0966 0.7442 0.0000 0.1592
019780 0.0966 0.7442 0.0000 0.1592
019800 0.0966 0.7442 0.0000 0.1592
019820 0.0966 0.7442 0.0000 0.1592
019840 0.0966 0.7442 0.0000 0.1592
019860 0.0966 0.7442 0.0000 0.1592
019880 0.0966 0.7442 0.0000 0.1592
019900 0.0966 0.7442 0.0000 0.1592
019920 0.0966 0.7442 0.0000 0.1592
019940 0.0966 0.7442 0.0000 0.1592
019960 0.0966 0.7442 0.0000 0.1592
019980 0.0966 0.7442 0.0000 0.1592
020000 0.0966 0.7442 0.0000 0.1592
