000000 0.2499 0.2502 0.2502 0.2497
000020 0.1236 0.6927 0.0012 0.1826
000040 0.0977 0.7335 0.0001 0.1687
000060 0.0839 0.7520 0.0000 0.1641
000080 0.0735 0.7638 0.0000 0.1627
000100 0.0649 0.7729 0.0000 0.1622
000120 0.0581 0.7799 0.0000 0.1621
000140 0.0522 0.7863 0.0000 0.1615
000160 0.0483 0.7899 0.0000 0.1618
000180 0.0432 0.7953 0.0000 0.1615
000200 0.0397 0.8001 0.0000 0.1602
000220 0.0364 0.8026 0.0000 0.1610
000240 0.0337 0.8060 0.0000 0.1603
000260 0.0312 0.8097 0.0000 0.1590
000280 0.0301 0.8107 0.0000 0.1591
000300 0.0284 0.8117 0.0000 0.1599
000320 0.0263 0.8139 0.0000 0.1599
000340 0.0240 0.8159 0.0000 0.1600
000360 0.0219 0.8181 0.0000 0.1600
000380 0.0197 0.8203 0.0000 0.1601
000400 0.0192 0.8205 0.0000 0.1603
000420 0.0183 0.8219 0.0000 0.1598
000440 0.0170 0.8230 0.0000 0.1599
000460 0.0160 0.8244 0.0000 0.1596
000480 0.0157 0.8246 0.0000 0.1597
000500 0.0144 0.8261 0.0000 0.1595
000520 0.0122 0.8273 0.0000 0.1606
000540 0.0111 0.8286 0.0000 0.1603
000560 0.0106 0.8305 0.0000 0.1590
000580 0.0104 0.8306 0.0000 0.1590
000600 0.0101 0.8306 0.0000 0.1593
000620 0.0092 0.8322 0.0000 0.1586
000640 0.0088 0.8325 0.0000 0.1586
000660 0.0083 0.8334 0.0000 0.1583
000680 0.0083 0.8334 0.0000 0.1583
000700 0.0076 0.8339 0.0000 0.1585
000720 0.0067 0.8341 0.0000 0.1592
000740 0.0059 0.8349 0.0000 0.1592
000760 0.0054 0.8352 0.0000 0.1594
000780 0.0049 0.8371 0.0000 0.1581
000800 0.0046 0.8363 0.0000 0.1591
000820 0.0045 0.8363 0.0000 0.1592
000840 0.0042 0.8372 0.0000 0.1587
000860 0.0039 0.8369 0.0000 0.1592
000880 0.0036 0.8364 0.0000 0.1601
000900 0.0031 0.8363 0.0000 0.1605
000920 0.0027 0.8376 0.0000 0.1597
000940 0.0026 0.8387 0.0000 0.1588
000960 0.0024 0.8378 0.0000 0.1599
000980 0.0023 0.8388 0.0000 0.1588
001000 0.0024 0.8394 0.0000 0.1582
001020 0.0024 0.8392 0.0000 0.1585
001040 0.0021 0.8387 0.0000 0.1592
001060 0.0019 0.8389 0.0000 0.1592
001080 0.0019 0.8385 0.0000 0.1596
001100 0.0018 0.8394 0.0000 0.1588
001120 0.0016 0.8398 0.0000 0.1587
001140 0.0014 0.8401 0.0000 0.1585
001160 0.0011 0.8406 0.0000 0.1583
001180 0.0010 0.8406 0.0000 0.1584
001200 0.0011 0.8401 0.0000 0.1588
001220 0.0009 0.8397 0.0000 0.1594
001240 0.0008 0.8402 0.0000 0.1590
001260 0.0007 0.8394 0.0000 0.1598
001280 0.0005 0.8403 0.0000 0.1592
001300 0.0007 0.8406 0.0000 0.1586
001320 0.0008 0.8407 0.0000 0.1585
001340 0.0007 0.8409 0.0000 0.1584
001360 0.0006 0.8418 0.0000 0.1576
001380 0.0005 0.8405 0.0000 0.1590
001400 0.0006 0.8406 0.0000 0.1589
001420 0.0005 0.8413 0.0000 0.1582
001440 0.0005 0.8400 0.0000 0.1595
001460 0.0005 0.8410 0.0000 0.1585
001480 0.0005 0.8415 0.0000 0.1581
001500 0.0005 0.8406 0.0000 0.1589
001520 0.0005 0.8408 0.0000 0.1588
001540 0.0006 0.8412 0.0000 0.1582
001560 0.0006 0.8400 0.0000 0.1594
001580 0.0005 0.8412 0.0000 0.1583
001600 0.0005 0.8416 0.0000 0.1579
001620 0.0004 0.8412 0.0000 0.1585
001640 0.0003 0.8413 0.0000 0.1584
001660 0.0003 0.8412 0.0000 0.1585
001680 0.0004 0.8401 0.0000 0.1595
001700 0.0003 0.8409 0.0000 0.1588
001720 0.0003 0.8406 0.0000 0.1591
001740 0.0003 0.8404 0.0000 0.1593
001760 0.0003 0.8408 0.0000 0.1589
001780 0.0003 0.8407 0.0000 0.1590
001800 0.0003 0.8408 0.0000 0.1589
001820 0.0003 0.8406 0.0000 0.1591
001840 0.0002 0.8413 0.0000 0.1585
001860 0.0002 0.8409 0.0000 0.1589
001880 0.0002 0.8404 0.0000 0.1594
001900 0.0002 0.8405 0.0000 0.1593
001920 0.0003 0.8403 0.0000 0.1595
001940 0.0002 0.8408 0.0000 0.1590
001960 0.0003 0.8401 0.0000 0.1596
001980 0.0003 0.8406 0.0000 0.1592
002000 0.0002 0.8405 0.0000 0.1593
002020 0.0002 0.8410 0.0000 0.1588
002040 0.0001 0.8411 0.0000 0.1588
002060 0.0001 0.8412 0.0000 0.1587
002080 0.0001 0.8415 0.0000 0.1584
002100 0.0001 0.8416 0.0000 0.1583
002120 0.0001 0.8412 0.0000 0.1588
002140 0.0000 0.8413 0.0000 0.1586
002160 0.0001 0.8417 0.0000 0.1583
002180 0.0000 0.8423 0.0000 0.1576
002200 0.0000 0.8419 0.0000 0.1581
002220 0.0000 0.8416 0.0000 0.1583
002240 0.0001 0.8414 0.0000 0.1586
002260 0.0001 0.8416 0.0000 0.1583
002280 0.0000 0.8417 0.0000 0.1583
002300 0.0001 0.8415 0.0000 0.1584
002320 0.0001 0.8412 0.0000 0.1588
002340 0.0001 0.8413 0.0000 0.1586
002360 0.0001 0.8417 0.0000 0.1582
002380 0.0000 0.8419 0.0000 0.1581
002400 0.0000 0.8419 0.0000 0.1581
002420 0.0000 0.8413 0.0000 0.1587
002440 0.0000 0.8418 0.0000 0.1582
002460 0.0000 0.8429 0.0000 0.1571
002480 0.0000 0.8414 0.0000 0.1586
002500 0.0000 0.8420 0.0000 0.1580
002520 0.0000 0.8421 0.0000 0.1579
002540 0.0000 0.8408 0.0000 0.1592
002560 0.0000 0.8414 0.0000 0.1586
002580 0.0000 0.8417 0.0000 0.1583
002600 0.0000 0.8414 0.0000 0.1586
002620 0.0000 0.8414 0.0000 0.1586
002640 0.0000 0.8409 0.0000 0.1591
002660 0.0000 0.8411 0.0000 0.1589
002680 0.0000 0.8408 0.0000 0.1592
002700 0.0000 0.8407 0.0000 0.1593
002720 0.0000 0.8410 0.0000 0.1590
002740 0.0000 0.8402 0.0000 0.1598
002760 0.0000 0.8411 0.0000 0.1589
002780 0.0000 0.8413 0.0000 0.1587
002800 0.0000 0.8399 0.0000 0.1601
002820 0.0000 0.8410 0.0000 0.1590
002840 0.0000 0.8405 0.0000 0.1595
002860 0.0000 0.8412 0.0000 0.1588
002880 0.0000 0.8413 0.0000 0.1587
002900 0.0000 0.8414 0.0000 0.1586
002920 0.0000 0.8412 0.0000 0.1588
002940 0.0000 0.8415 0.0000 0.1585
002960 0.0000 0.8426 0.0000 0.1574
002980 0.0000 0.8414 0.0000 0.1586
003000 0.0000 0.8418 0.0000 0.1582
003020 0.0000 0.8415 0.0000 0.1585
003040 0.0000 0.8413 0.0000 0.1587
003060 0.0000 0.8408 0.0000 0.1592
003080 0.0000 0.8415 0.0000 0.1585
003100 0.0000 0.8424 0.0000 0.1576
003120 0.0000 0.8419 0.0000 0.1581
003140 0.0000 0.8415 0.0000 0.1585
003160 0.0000 0.8420 0.0000 0.1580
003180 0.0000 0.8409 0.0000 0.1591
003200 0.0000 0.8412 0.0000 0.1588
003220 0.0000 0.8407 0.0000 0.1593
003240 0.0000 0.8405 0.0000 0.1595
003260 0.0000 0.8412 0.0000 0.1588
003280 0.0000 0.8415 0.0000 0.1585
003300 0.0000 0.8401 0.0000 0.1599
003320 0.0000 0.8412 0.0000 0.1588
003340 0.0000 0.8417 0.0000 0.1583
003360 0.0000 0.8408 0.0000 0.1592
003380 0.0000 0.8413 0.0000 0.1587
003400 0.0000 0.8407 0.0000 0.1593
003420 0.0000 0.8411 0.0000 0.1589
003440 0.0000 0.8414 0.0000 0.1586
003460 0.0000 0.8414 0.0000 0.1586
003480 0.0000 0.8416 0.0000 0.1584
003500 0.0000 0.8414 0.0000 0.1586
003520 0.0000 0.8417 0.0000 0.1583
003540 0.0000 0.8414 0.0000 0.1586
003560 0.0000 0.8415 0.0000 0.1585
003580 0.0000 0.8408 0.0000 0.1592
003600 0.0000 0.8403 0.0000 0.1597
003620 0.0000 0.8412 0.0000 0.1588
003640 0.0000 0.8408 0.0000 0.1592
003660 0.0000 0.8417 0.0000 0.1583
003680 0.0000 0.8416 0.0000 0.1584
003700 0.0000 0.8414 0.0000 0.1586
003720 0.0000 0.8413 0.0000 0.1587
003740 0.0000 0.8405 0.0000 0.1595
003760 0.0000 0.8412 0.0000 0.1588
003780 0.0000 0.8406 0.0000 0.1594
003800 0.0000 0.8411 0.0000 0.1589
003820 0.0000 0.8409 0.0000 0.1591
003840 0.0000 0.8408 0.0000 0.1592
003860 0.0000 0.8410 0.0000 0.1590
003880 0.0000 0.8413 0.0000 0.1587
003900 0.0000 0.8406 0.0000 0.1594
003920 0.0000 0.8410 0.0000 0.1590
003940 0.0000 0.8409 0.0000 0.1591
003960 0.0000 0.8419 0.0000 0.1581
003980 0.0000 0.8409 0.0000 0.1591
004000 0.0000 0.8412 0.0000 0.1588
004020 0.0000 0.8416 0.0000 0.1584
004040 0.0000 0.8412 0.0000 0.1588
004060 0.0000 0.8415 0.0000 0.1585
004080 0.0000 0.8417 0.0000 0.1583
004100 0.0000 0.8412 0.0000 0.1588
004120 0.0000 0.8411 0.0000 0.1589
004140 0.0000 0.8426 0.0000 0.1574
004160 0.0000 0.8413 0.0000 0.1587
004180 0.0000 0.8412 0.0000 0.1588
004200 0.0000 0.8408 0.0000 0.1592
004220 0.0000 0.8419 0.0000 0.1581
004240 0.0000 0.8426 0.0000 0.1574
004260 0.0000 0.8423 0.0000 0.1577
004280 0.0000 0.8418 0.0000 0.1582
004300 0.0000 0.8413 0.0000 0.1587
004320 0.0000 0.8418 0.0000 0.1582
004340 0.0000 0.8415 0.0000 0.1585
004360 0.0000 0.8408 0.0000 0.1592
004380 0.0000 0.8417 0.0000 0.1583
004400 0.0000 0.8415 0.0000 0.1585
004420 0.0000 0.8410 0.0000 0.1590
004440 0.0000 0.8412 0.0000 0.1588
004460 0.0000 0.8407 0.0000 0.1593
004480 0.0000 0.8421 0.0000 0.1579
004500 0.0000 0.8421 0.0000 0.1579
004520 0.0000 0.8409 0.0000 0.1591
004540 0.0000 0.8412 0.0000 0.1588
004560 0.0000 0.8415 0.0000 0.1585
004580 0.0000 0.8410 0.0000 0.1590
004600 0.0000 0.8413 0.0000 0.1587
004620 0.0000 0.8421 0.0000 0.1579
004640 0.0000 0.8414 0.0000 0.1586
004660 0.0000 0.8409 0.0000 0.1591
004680 0.0000 0.8408 0.0000 0.1592
004700 0.0000 0.8416 0.0000 0.1584
004720 0.0000 0.8419 0.0000 0.1581
004740 0.0000 0.8409 0.0000 0.1591
004760 0.0000 0.8407 0.0000 0.1593
004780 0.0000 0.8402 0.0000 0.1598
004800 0.0000 0.8413 0.0000 0.1587
004820 0.0000 0.8407 0.0000 0.1593
004840 0.0000 0.8407 0.0000 0.1593
004860 0.0000 0.8413 0.0000 0.1587
004880 0.0000 0.8414 0.0000 0.1586
004900 0.0000 0.8411 0.0000 0.1589
004920 0.0000 0.8405 0.0000 0.1595
004940 0.0000 0.8409 0.0000 0.1591
004960 0.0000 0.8406 0.0000 0.1594
004980 0.0000 0.8415 0.0000 0.1585
005000 0.0000 0.8413 0.0000 0.1587
005020 0.0000 0.8419 0.0000 0.1581
005040 0.0000 0.8417 0.0000 0.1583
005060 0.0000 0.8414 0.0000 0.1586
005080 0.0000 0.8412 0.0000 0.1588
005100 0.0000 0.8413 0.0000 0.1587
005120 0.0000 0.8414 0.0000 0.1586
005140 0.0000 0.8414 0.0000 0.1586
005160 0.0000 0.8419 0.0000 0.1581
005180 0.0000 0.8408 0.0000 0.1592
005200 0.0000 0.8407 0.0000 0.1593
005220 0.0000 0.8415 0.0000 0.1585
005240 0.0000 0.8411 0.0000 0.1589
005260 0.0000 0.8414 0.0000 0.1586
005280 0.0000 0.8412 0.0000 0.1588
005300 0.0000 0.8419 0.0000 0.1581
005320 0.0000 0.8410 0.0000 0.1590
005340 0.0000 0.8402 0.0000 0.1598
005360 0.0000 0.8418 0.0000 0.1582
005380 0.0000 0.8418 0.0000 0.1582
005400 0.0000 0.8415 0.0000 0.1585
005420 0.0000 0.8411 0.0000 0.1589
005440 0.0000 0.8409 0.0000 0.1591
005460 0.0000 0.8415 0.0000 0.1585
005480 0.0000 0.8414 0.0000 0.1586
005500 0.0000 0.8413 0.0000 0.1587
005520 0.0000 0.8412 0.0000 0.1588
005540 0.0000 0.8411 0.0000 0.1589
005560 0.0000 0.8411 0.0000 0.1589
005580 0.0000 0.8408 0.0000 0.1592
005600 0.0000 0.8422 0.0000 0.1578
005620 0.0000 0.8415 0.0000 0.1585
005640 0.0000 0.8419 0.0000 0.1581
005660 0.0000 0.8415 0.0000 0.1585
005680 0.0000 0.8413 0.0000 0.1587
005700 0.0000 0.8417 0.0000 0.1583
005720 0.0000 0.8427 0.0000 0.1573
005740 0.0000 0.8420 0.0000 0.1580
005760 0.0000 0.8418 0.0000 0.1582
005780 0.0000 0.8408 0.0000 0.1592
005800 0.0000 0.8411 0.0000 0.1589
005820 0.0000 0.8419 0.0000 0.1581
005840 0.0000 0.8410 0.0000 0.1590
005860 0.0000 0.8408 0.0000 0.1592
005880 0.0000 0.8407 0.0000 0.1593
005900 0.0000 0.8414 0.0000 0.1586
005920 0.0000 0.8413 0.0000 0.1587
005940 0.0000 0.8410 0.0000 0.1590
005960 0.0000 0.8411 0.0000 0.1589
005980 0.0000 0.8407 0.0000 0.1593
006000 0.0000 0.8419 0.0000 0.1581
006020 0.0000 0.8417 0.0000 0.1583
006040 0.0000 0.8410 0.0000 0.1590
006060 0.0000 0.8417 0.0000 0.1583
006080 0.0000 0.8417 0.0000 0.1583
006100 0.0000 0.8411 0.0000 0.1589
006120 0.0000 0.8406 0.0000 0.1594
006140 0.0000 0.8410 0.0000 0.1590
006160 0.0000 0.8416 0.0000 0.1584
006180 0.0000 0.8412 0.0000 0.1588
006200 0.0000 0.8409 0.0000 0.1591
006220 0.0000 0.8411 0.0000 0.1589
006240 0.0000 0.8404 0.0000 0.1596
006260 0.0000 0.8408 0.0000 0.1592
006280 0.0000 0.8421 0.0000 0.1579
006300 0.0000 0.8427 0.0000 0.1573
006320 0.0000 0.8418 0.0000 0.1582
006340 0.0000 0.8407 0.0000 0.1593
006360 0.0000 0.8408 0.0000 0.1592
006380 0.0000 0.8411 0.0000 0.1589
006400 0.0000 0.8405 0.0000 0.1595
006420 0.0000 0.8413 0.0000 0.1587
006440 0.0000 0.8406 0.0000 0.1594
006460 0.0000 0.8407 0.0000 0.1593
006480 0.0000 0.8412 0.0000 0.1588
006500 0.0000 0.8416 0.0000 0.1584
006520 0.0000 0.8414 0.0000 0.1586
006540 0.0000 0.8411 0.0000 0.1589
006560 0.0000 0.8416 0.0000 0.1584
006580 0.0000 0.8426 0.0000 0.1574
006600 0.0000 0.8412 0.0000 0.1588
006620 0.0000 0.8408 0.0000 0.1592
006640 0.0000 0.8407 0.0000 0.1593
006660 0.0000 0.8404 0.0000 0.1596
006680 0.0000 0.8411 0.0000 0.1589
006700 0.0000 0.8411 0.0000 0.1589
006720 0.0000 0.8417 0.0000 0.1583
006740 0.0000 0.8413 0.0000 0.1587
006760 0.0000 0.8419 0.0000 0.1581
006780 0.0000 0.8415 0.0000 0.1585
006800 0.0000 0.8421 0.0000 0.1579
006820 0.0000 0.8407 0.0000 0.1593
006840 0.0000 0.8411 0.0000 0.1589
006860 0.0000 0.8413 0.0000 0.1587
006880 0.0000 0.8405 0.0000 0.1595
006900 0.0000 0.8415 0.0000 0.1585
006920 0.0000 0.8414 0.0000 0.1586
006940 0.0000 0.8412 0.0000 0.1588
006960 0.0000 0.8413 0.0000 0.1587
006980 0.0000 0.8411 0.0000 0.1589
007000 0.0000 0.8419 0.0000 0.1581
007020 0.0000 0.8419 0.0000 0.1580
007040 0.0000 0.8409 0.0000 0.1591
007060 0.0000 0.8415 0.0000 0.1585
007080 0.0000 0.8416 0.0000 0.1584
007100 0.0000 0.8411 0.0000 0.1589
007120 0.0000 0.8421 0.0000 0.1579
007140 0.0000 0.8410 0.0000 0.1590
007160 0.0000 0.8411 0.0000 0.1589
007180 0.0000 0.8407 0.0000 0.1593
007200 0.0000 0.8415 0.0000 0.1585
007220 0.0000 0.8408 0.0000 0.1592
007240 0.0000 0.8410 0.0000 0.1590
007260 0.0000 0.8421 0.0000 0.1579
007280 0.0000 0.8416 0.0000 0.1584
007300 0.0000 0.8411 0.0000 0.1589
007320 0.0000 0.8411 0.0000 0.1589
007340 0.0000 0.8418 0.0000 0.1582
007360 0.0000 0.8412 0.0000 0.1588
007380 0.0000 0.8415 0.0000 0.1585
007400 0.0000 0.8413 0.0000 0.1587
007420 0.0000 0.8416 0.0000 0.1584
007440 0.0000 0.8412 0.0000 0.1588
007460 0.0000 0.8413 0.0000 0.1587
007480 0.0000 0.8414 0.0000 0.1586
007500 0.0000 0.8409 0.0000 0.1591
007520 0.0000 0.8422 0.0000 0.1578
007540 0.0000 0.8412 0.0000 0.1588
007560 0.0000 0.8414 0.0000 0.1586
007580 0.0000 0.8410 0.0000 0.1590
007600 0.0000 0.8412 0.0000 0.1588
007620 0.0000 0.8411 0.0000 0.1589
007640 0.0000 0.8412 0.0000 0.1588
007660 0.0000 0.8417 0.0000 0.1583
007680 0.0000 0.8415 0.0000 0.1585
007700 0.0000 0.8411 0.0000 0.1589
007720 0.0000 0.8409 0.0000 0.1591
007740 0.0000 0.8409 0.0000 0.1591
007760 0.0000 0.8417 0.0000 0.1583
007780 0.0000 0.8421 0.0000 0.1579
007800 0.0000 0.8422 0.0000 0.1578
007820 0.0000 0.8422 0.0000 0.1578
007840 0.0000 0.8420 0.0000 0.1580
007860 0.0000 0.8412 0.0000 0.1588
007880 0.0000 0.8423 0.0000 0.1577
007900 0.0000 0.8414 0.0000 0.1586
007920 0.0000 0.8412 0.0000 0.1588
007940 0.0000 0.8406 0.0000 0.1594
007960 0.0000 0.8412 0.0000 0.1588
007980 0.0000 0.8414 0.0000 0.1586
008000 0.0000 0.8401 0.0000 0.1599
008020 0.0000 0.8414 0.0000 0.1586
008040 0.0000 0.8418 0.0000 0.1582
008060 0.0000 0.8421 0.0000 0.1579
008080 0.0000 0.8419 0.0000 0.1581
008100 0.0000 0.8411 0.0000 0.1589
008120 0.0000 0.8417 0.0000 0.1583
008140 0.0000 0.8419 0.0000 0.1581
008160 0.0000 0.8414 0.0000 0.1586
008180 0.0000 0.8422 0.0000 0.1578
008200 0.0000 0.8416 0.0000 0.1584
008220 0.0000 0.8422 0.0000 0.1578
008240 0.0000 0.8415 0.0000 0.1585
008260 0.0000 0.8409 0.0000 0.1591
008280 0.0000 0.8418 0.0000 0.1582
008300 0.0000 0.8409 0.0000 0.1591
008320 0.0000 0.8408 0.0000 0.1592
008340 0.0000 0.8411 0.0000 0.1589
008360 0.0000 0.8414 0.0000 0.1586
008380 0.0000 0.8409 0.0000 0.1591
008400 0.0000 0.8412 0.0000 0.1588
008420 0.0000 0.8406 0.0000 0.1594
008440 0.0000 0.8411 0.0000 0.1589
008460 0.0000 0.8414 0.0000 0.1586
008480 0.0000 0.8415 0.0000 0.1585
008500 0.0000 0.8423 0.0000 0.1577
008520 0.0000 0.8409 0.0000 0.1591
008540 0.0000 0.8414 0.0000 0.1586
008560 0.0000 0.8412 0.0000 0.1588
008580 0.0000 0.8414 0.0000 0.1586
008600 0.0000 0.8407 0.0000 0.1593
008620 0.0000 0.8415 0.0000 0.1585
008640 0.0000 0.8411 0.0000 0.1589
008660 0.0000 0.8411 0.0000 0.1589
008680 0.0000 0.8419 0.0000 0.1581
008700 0.0000 0.8414 0.0000 0.1586
008720 0.0000 0.8413 0.0000 0.1587
008740 0.0000 0.8407 0.0000 0.1593
008760 0.0000 0.8408 0.0000 0.1592
008780 0.0000 0.8414 0.0000 0.1586
008800 0.0000 0.8413 0.0000 0.1587
008820 0.0000 0.8410 0.0000 0.1590
008840 0.0000 0.8416 0.0000 0.1584
008860 0.0000 0.8410 0.0000 0.1590
008880 0.0000 0.8414 0.0000 0.1586
008900 0.0000 0.8415 0.0000 0.1585
008920 0.0000 0.8417 0.0000 0.1583
008940 0.0000 0.8417 0.0000 0.1583
008960 0.0000 0.8414 0.0000 0.1586
008980 0.0000 0.8409 0.0000 0.1591
009000 0.0000 0.8417 0.0000 0.1583
009020 0.0000 0.8414 0.0000 0.1586
009040 0.0000 0.8412 0.0000 0.1588
009060 0.0000 0.8414 0.0000 0.1586
009080 0.0000 0.8409 0.0000 0.1591
009100 0.0000 0.8410 0.0000 0.1590
009120 0.0000 0.8418 0.0000 0.1582
009140 0.0000 0.8412 0.0000 0.1588
009160 0.0000 0.8410 0.0000 0.1590
009180 0.0000 0.8415 0.0000 0.1585
009200 0.0000 0.8410 0.0000 0.1590
009220 0.0000 0.8413 0.0000 0.1587
009240 0.0000 0.8416 0.0000 0.1584
009260 0.0000 0.8413 0.0000 0.1587
009280 0.0000 0.8412 0.0000 0.1588
009300 0.0000 0.8425 0.0000 0.1575
009320 0.0000 0.8414 0.0000 0.1586
009340 0.0000 0.8417 0.0000 0.1583
009360 0.0000 0.8412 0.0000 0.1588
009380 0.0000 0.8413 0.0000 0.1587
009400 0.0000 0.8417 0.0000 0.1583
009420 0.0000 0.8429 0.0000 0.1571
009440 0.0000 0.8422 0.0000 0.1578
009460 0.0000 0.8418 0.0000 0.1582
009480 0.0000 0.8417 0.0000 0.1583
009500 0.0000 0.8415 0.0000 0.1585
009520 0.0000 0.8416 0.0000 0.1584
009540 0.0000 0.8416 0.0000 0.1584
009560 0.0000 0.8416 0.0000 0.1584
009580 0.0000 0.8417 0.0000 0.1583
009600 0.0000 0.8399 0.0000 0.1601
009620 0.0000 0.8414 0.0000 0.1586
009640 0.0000 0.8413 0.0000 0.1587
009660 0.0000 0.8416 0.0000 0.1584
009680 0.0000 0.8414 0.0000 0.1586
009700 0.0000 0.8409 0.0000 0.1591
009720 0.0000 0.8406 0.0000 0.1594
009740 0.0000 0.8414 0.0000 0.1586
009760 0.0000 0.8412 0.0000 0.1588
009780 0.0000 0.8416 0.0000 0.1584
009800 0.0000 0.8419 0.0000 0.1581
009820 0.0000 0.8413 0.0000 0.1587
009840 0.0000 0.8404 0.0000 0.1596
009860 0.0000 0.8412 0.0000 0.1588
009880 0.0000 0.8418 0.0000 0.1582
009900 0.0000 0.8412 0.0000 0.1588
009920 0.0000 0.8409 0.0000 0.1591
009940 0.0000 0.8414 0.0000 0.1586
009960 0.0000 0.8411 0.0000 0.1589
009980 0.0000 0.8409 0.0000 0.1591
010000 0.0000 0.8409 0.0000 0.1591
010020 0.0000 0.8402 0.0000 0.1598
010040 0.0000 0.8402 0.0000 0.1598
010060 0.0000 0.8402 0.0000 0.1598
010080 0.0000 0.8402 0.0000 0.1598
010100 0.0000 0.8402 0.0000 0.1598
010120 0.0000 0.8402 0.0000 0.1598
010140 0.0000 0.8402 0.0000 0.1598
010160 0.0000 0.8402 0.0000 0.1598
010180 0.0000 0.8402 0.0000 0.1598
010200 0.0000 0.8402 0.0000 0.1598
010220 0.0000 0.8402 0.0000 0.1598
010240 0.0000 0.8402 0.0000 0.1598
010260 0.0000 0.8402 0.0000 0.1598
010280 0.0000 0.8402 0.0000 0.1598
010300 0.0000 0.8402 0.0000 0.1598
010320 0.0000 0.8402 0.0000 0.1598
010340 0.0000 0.8402 0.0000 0.1598
010360 0.0000 0.8402 0.0000 0.1598
010380 0.0000 0.8402 0.0000 0.1598
010400 0.0000 0.8402 0.0000 0.1598
010420 0.0000 0.8402 0.0000 0.1598
010440 0.0000 0.8402 0.0000 0.1598
010460 0.0000 0.8402 0.0000 0.1598
010480 0.0000 0.8402 0.0000 0.1598
010500 0.0000 0.8402 0.0000 0.1598
010520 0.0000 0.8402 0.0000 0.1598
010540 0.0000 0.8402 0.0000 0.1598
010560 0.0000 0.8402 0.0000 0.1598
010580 0.0000 0.8402 0.0000 0.1598
010600 0.0000 0.8402 0.0000 0.1598
010620 0.0000 0.8402 0.0000 0.1598
010640 0.0000 0.8402 0.0000 0.1598
010660 0.0000 0.8402 0.0000 0.1598
010680 0.0000 0.8402 0.0000 0.1598
010700 0.0000 0.8402 0.0000 0.1598
010720 0.0000 0.8402 0.0000 0.1598
010740 0.0000 0.8402 0.0000 0.1598
010760 0.0000 0.8402 0.0000 0.1598
010780 0.0000 0.8402 0.0000 0.1598
010800 0.0000 0.8402 0.0000 0.1598
010820 0.0000 0.8402 0.0000 0.1598
010840 0.0000 0.8402 0.0000 0.1598
010860 0.0000 0.8402 0.0000 0.1598
010880 0.0000 0.8402 0.0000 0.1598
010900 0.0000 0.8402 0.0000 0.1598
010920 0.0000 0.8402 0.0000 0.1598
010940 0.0000 0.8402 0.0000 0.1598
010960 0.0000 0.8402 0.0000 0.1598
010980 0.0000 0.8402 0.0000 0.1598
011000 0.0000 0.8402 0.0000 0.1598
011020 0.0000 0.8402 0.0000 0.1598
011040 0.0000 0.8402 0.0000 0.1598
011060 0.0000 0.8402 0.0000 0.1598
011080 0.0000 0.8402 0.0000 0.1598
011100 0.0000 0.8402 0.0000 0.1598
011120 0.0000 0.8402 0.0000 0.1598
011140 0.0000 0.8402 0.0000 0.1598
011160 0.0000 0.8402 0.0000 0.1598
011180 0.0000 0.8402 0.0000 0.1598
011200 0.0000 0.8402 0.0000 0.1598
011220 0.0000 0.8402 0.0000 0.1598
011240 0.0000 0.8402 0.0000 0.1598
011260 0.0000 0.8402 0.0000 0.1598
011280 0.0000 0.8402 0.0000 0.1598
011300 0.0000 0.8402 0.0000 0.1598
011320 0.0000 0.8402 0.0000 0.1598
011340 0.0000 0.8402 0.0000 0.1598
011360 0.0000 0.8402 0.0000 0.1598
011380 0.0000 0.8402 0.0000 0.1598
011400 0.0000 0.8402 0.0000 0.1598
011420 0.0000 0.8402 0.0000 0.1598
011440 0.0000 0.8402 0.0000 0.1598
011460 0.0000 0.8402 0.0000 0.1598
011480 0.0000 0.8402 0.0000 0.1598
011500 0.0000 0.8402 0.0000 0.1598
011520 0.0000 0.8402 0.0000 0.1598
011540 0.0000 0.8402 0.0000 0.1598
011560 0.0000 0.8402 0.0000 0.1598
011580 0.0000 0.8402 0.0000 0.1598
011600 0.0000 0.8402 0.0000 0.1598
011620 0.0000 0.8402 0.0000 0.1598
011640 0.0000 0.8402 0.0000 0.1598
011660 0.0000 0.8402 0.0000 0.1598
011680 0.0000 0.8402 0.0000 0.1598
011700 0.0000 0.8402 0.0000 0.1598
011720 0.0000 0.8402 0.0000 0.1598
011740 0.0000 0.8402 0.0000 0.1598
011760 0.0000 0.8402 0.0000 0.1598
011780 0.0000 0.8402 0.0000 0.1598
011800 0.0000 0.8402 0.0000 0.1598
011820 0.0000 0.8402 0.0000 0.1598
011840 0.0000 0.8402 0.0000 0.1598
011860 0.0000 0.8402 0.0000 0.1598
011880 0.0000 0.8402 0.0000 0.1598
011900 0.0000 0.8402 0.0000 0.1598
011920 0.0000 0.8402 0.0000 0.1598
011940 0.0000 0.8402 0.0000 0.1598
011960 0.0000 0.8402 0.0000 0.1598
011980 0.0000 0.8402 0.0000 0.1598
012000 0.0000 0.8402 0.0000 0.1598
012020 0.0000 0.8402 0.0000 0.1598
012040 0.0000 0.8402 0.0000 0.1598
012060 0.0000 0.8402 0.0000 0.1598
012080 0.0000 0.8402 0.0000 0.1598
012100 0.0000 0.8402 0.0000 0.1598
012120 0.0000 0.8402 0.0000 0.1598
012140 0.0000 0.8402 0.0000 0.1598
012160 0.0000 0.8402 0.0000 0.1598
012180 0.0000 0.8402 0.0000 0.1598
012200 0.0000 0.8402 0.0000 0.1598
012220 0.0000 0.8402 0.0000 0.1598
012240 0.0000 0.8402 0.0000 0.1598
012260 0.0000 0.8402 0.0000 0.1598
012280 0.0000 0.8402 0.0000 0.1598
012300 0.0000 0.8402 0.0000 0.1598
012320 0.0000 0.8402 0.0000 0.1598
012340 0.0000 0.8402 0.0000 0.1598
012360 0.0000 0.8402 0.0000 0.1598
012380 0.0000 0.8402 0.0000 0.1598
012400 0.0000 0.8402 0.0000 0.1598
012420 0.0000 0.8402 0.0000 0.1598
012440 0.0000 0.8402 0.0000 0.1598
012460 0.0000 0.8402 0.0000 0.1598
012480 0.0000 0.8402 0.0000 0.1598
012500 0.0000 0.8402 0.0000 0.1598
012520 0.0000 0.8402 0.0000 0.1598
012540 0.0000 0.8402 0.0000 0.1598
012560 0.0000 0.8402 0.0000 0.1598
012580 0.0000 0.8402 0.0000 0.1598
012600 0.0000 0.8402 0.0000 0.1598
012620 0.0000 0.8402 0.0000 0.1598
012640 0.0000 0.8402 0.0000 0.1598
012660 0.0000 0.8402 0.0000 0.1598
012680 0.0000 0.8402 0.0000 0.1598
012700 0.0000 0.8402 0.0000 0.1598
012720 0.0000 0.8402 0.0000 0.1598
012740 0.0000 0.8402 0.0000 0.1598
012760 0.0000 0.8402 0.0000 0.1598
012780 0.0000 0.8402 0.0000 0.1598
012800 0.0000 0.8402 0.0000 0.1598
012820 0.0000 0.8402 0.0000 0.1598
012840 0.0000 0.8402 0.0000 0.1598
012860 0.0000 0.8402 0.0000 0.1598
012880 0.0000 0.8402 0.0000 0.1598
012900 0.0000 0.8402 0.0000 0.1598
012920 0.0000 0.8402 0.0000 0.1598
012940 0.0000 0.8402 0.0000 0.1598
012960 0.0000 0.8402 0.0000 0.1598
012980 0.0000 0.8402 0.0000 0.1598
013000 0.0000 0.8402 0.0000 0.1598
013020 0.0000 0.8402 0.0000 0.1598
013040 0.0000 0.8402 0.0000 0.1598
013060 0.0000 0.8402 0.0000 0.1598
013080 0.0000 0.8402 0.0000 0.1598
013100 0.0000 0.8402 0.0000 0.1598
013120 0.0000 0.8402 0.0000 0.1598
013140 0.0000 0.8402 0.0000 0.1598
013160 0.0000 0.8402 0.0000 0.1598
013180 0.0000 0.8402 0.0000 0.1598
013200 0.0000 0.8402 0.0000 0.1598
013220 0.0000 0.8402 0.0000 0.1598
013240 0.0000 0.8402 0.0000 0.1598
013260 0.0000 0.8402 0.0000 0.1598
013280 0.0000 0.8402 0.0000 0.1598
013300 0.0000 0.8402 0.0000 0.1598
013320 0.0000 0.8402 0.0000 0.1598
013340 0.0000 0.8402 0.0000 0.1598
013360 0.0000 0.8402 0.0000 0.1598
013380 0.0000 0.8402 0.0000 0.1598
013400 0.0000 0.8402 0.0000 0.1598
013420 0.0000 0.8402 0.0000 0.1598
013440 0.0000 0.8402 0.0000 0.1598
013460 0.0000 0.8402 0.0000 0.1598
013480 0.0000 0.8402 0.0000 0.1598
013500 0.0000 0.8402 0.0000 0.1598
013520 0.0000 0.8402 0.0000 0.1598
013540 0.0000 0.8402 0.0000 0.1598
013560 0.0000 0.8402 0.0000 0.1598
013580 0.0000 0.8402 0.0000 0.1598
013600 0.0000 0.8402 0.0000 0.1598
013620 0.0000 0.8402 0.0000 0.1598
013640 0.0000 0.8402 0.0000 0.1598
013660 0.0000 0.8402 0.0000 0.1598
013680 0.0000 0.8402 0.0000 0.1598
013700 0.0000 0.8402 0.0000 0.1598
013720 0.0000 0.8402 0.0000 0.1598
013740 0.0000 0.8402 0.0000 0.1598
013760 0.0000 0.8402 0.0000 0.1598
013780 0.0000 0.8402 0.0000 0.1598
013800 0.0000 0.8402 0.0000 0.1598
013820 0.0000 0.8402 0.0000 0.1598
013840 0.0000 0.8402 0.0000 0.1598
013860 0.0000 0.8402 0.0000 0.1598
013880 0.0000 0.8402 0.0000 0.1598
013900 0.0000 0.8402 0.0000 0.1598
013920 0.0000 0.8402 0.0000 0.1598
013940 0.0000 0.8402 0.0000 0.1598
013960 0.0000 0.8402 0.0000 0.1598
013980 0.0000 0.8402 0.0000 0.1598
014000 0.0000 0.8402 0.0000 0.1598
014020 0.0000 0.8402 0.0000 0.1598
014040 0.0000 0.8402 0.0000 0.1598
014060 0.0000 0.8402 0.0000 0.1598
014080 0.0000 0.8402 0.0000 0.1598
014100 0.0000 0.8402 0.0000 0.1598
014120 0.0000 0.8402 0.0000 0.1598
014140 0.0000 0.8402 0.0000 0.1598
014160 0.0000 0.8402 0.0000 0.1598
014180 0.0000 0.8402 0.0000 0.1598
014200 0.0000 0.8402 0.0000 0.1598
014220 0.0000 0.8402 0.0000 0.1598
014240 0.0000 0.8402 0.0000 0.1598
014260 0.0000 0.8402 0.0000 0.1598
014280 0.0000 0.8402 0.0000 0.1598
014300 0.0000 0.8402 0.0000 0.1598
014320 0.0000 0.8402 0.0000 0.1598
014340 0.0000 0.8402 0.0000 0.1598
014360 0.0000 0.8402 0.0000 0.1598
014380 0.0000 0.8402 0.0000 0.1598
014400 0.0000 0.8402 0.0000 0.1598
014420 0.0000 0.8402 0.0000 0.1598
014440 0.0000 0.8402 0.0000 0.1598
014460 0.0000 0.8402 0.0000 0.1598
014480 0.0000 0.8402 0.0000 0.1598
014500 0.0000 0.8402 0.0000 0.1598
014520 0.0000 0.8402 0.0000 0.1598
014540 0.0000 0.8402 0.0000 0.1598
014560 0.0000 0.8402 0.0000 0.1598
014580 0.0000 0.8402 0.0000 0.1598
014600 0.0000 0.8402 0.0000 0.1598
014620 0.0000 0.8402 0.0000 0.1598
014640 0.0000 0.8402 0.0000 0.1598
014660 0.0000 0.8402 0.0000 0.1598
014680 0.0000 0.8402 0.0000 0.1598
014700 0.0000 0.8402 0.0000 0.1598
014720 0.0000 0.8402 0.0000 0.1598
014740 0.0000 0.8402 0.0000 0.1598
014760 0.0000 0.8402 0.0000 0.1598
014780 0.0000 0.8402 0.0000 0.1598
014800 0.0000 0.8402 0.0000 0.1598
014820 0.0000 0.8402 0.0000 0.1598
014840 0.0000 0.8402 0.0000 0.1598
014860 0.0000 0.8402 0.0000 0.1598
014880 0.0000 0.8402 0.0000 0.1598
014900 0.0000 0.8402 0.0000 0.1598
014920 0.0000 0.8402 0.0000 0.1598
014940 0.0000 0.8402 0.0000 0.1598
014960 0.0000 0.8402 0.0000 0.1598
014980 0.0000 0.8402 0.0000 0.1598
015000 0.0000 0.8402 0.0000 0.1598
015020 0.0000 0.8402 0.0000 0.1598
015040 0.0000 0.8402 0.0000 0.1598
015060 0.0000 0.8402 0.0000 0.1598
015080 0.0000 0.8402 0.0000 0.1598
015100 0.0000 0.8402 0.0000 0.1598
015120 0.0000 0.8402 0.0000 0.1598
015140 0.0000 0.8402 0.0000 0.1598
015160 0.0000 0.8402 0.0000 0.1598
015180 0.0000 0.8402 0.0000 0.1598
015200 0.0000 0.8402 0.0000 0.1598
015220 0.0000 0.8402 0.0000 0.1598
015240 0.0000 0.8402 0.0000 0.1598
015260 0.0000 0.8402 0.0000 0.1598
015280 0.0000 0.8402 0.0000 0.1598
015300 0.0000 0.8402 0.0000 0.1598
015320 0.0000 0.8402 0.0000 0.1598
015340 0.0000 0.8402 0.0000 0.1598
015360 0.0000 0.8402 0.0000 0.1598
015380 0.0000 0.8402 0.0000 0.1598
015400 0.0000 0.8402 0.0000 0.1598
015420 0.0000 0.8402 0.0000 0.1598
015440 0.0000 0.8402 0.0000 0.1598
015460 0.0000 0.8402 0.0000 0.1598
015480 0.0000 0.8402 0.0000 0.1598
015500 0.0000 0.8402 0.0000 0.1598
015520 0.0000 0.8402 0.0000 0.1598
015540 0.0000 0.8402 0.0000 0.1598
015560 0.0000 0.8402 0.0000 0.1598
015580 0.0000 0.8402 0.0000 0.1598
015600 0.0000 0.8402 0.0000 0.1598
015620 0.0000 0.8402 0.0000 0.1598
015640 0.0000 0.8402 0.0000 0.1598
015660 0.0000 0.8402 0.0000 0.1598
015680 0.0000 0.8402 0.0000 0.1598
015700 0.0000 0.8402 0.0000 0.1598
015720 0.0000 0.8402 0.0000 0.1598
015740 0.0000 0.8402 0.0000 0.1598
015760 0.0000 0.8402 0.0000 0.1598
015780 0.0000 0.8402 0.0000 0.1598
015800 0.0000 0.8402 0.0000 0.1598
015820 0.0000 0.8402 0.0000 0.1598
015840 0.0000 0.8402 0.0000 0.1598
015860 0.0000 0.8402 0.0000 0.1598
015880 0.0000 0.8402 0.0000 0.1598
015900 0.0000 0.8402 0.0000 0.1598
015920 0.0000 0.8402 0.0000 0.1598
015940 0.0000 0.8402 0.0000 0.1598
015960 0.0000 0.8402 0.0000 0.1598
015980 0.0000 0.8402 0.0000 0.1598
016000 0.0000 0.8402 0.0000 0.1598
016020 0.0000 0.8402 0.0000 0.1598
016040 0.0000 0.8402 0.0000 0.1598
016060 0.0000 0.8402 0.0000 0.1598
016080 0.0000 0.8402 0.0000 0.1598
016100 0.0000 0.8402 0.0000 0.1598
016120 0.0000 0.8402 0.0000 0.1598
016140 0.0000 0.8402 0.0000 0.1598
016160 0.0000 0.8402 0.0000 0.1598
016180 0.0000 0.8402 0.0000 0.1598
016200 0.0000 0.8402 0.0000 0.1598
016220 0.0000 0.8402 0.0000 0.1598
016240 0.0000 0.8402 0.0000 0.1598
016260 0.0000 0.8402 0.0000 0.1598
016280 0.0000 0.8402 0.0000 0.1598
016300 0.0000 0.8402 0.0000 0.1598
016320 0.0000 0.8402 0.0000 0.1598
016340 0.0000 0.8402 0.0000 0.1598
016360 0.0000 0.8402 0.0000 0.1598
016380 0.0000 0.8402 0.0000 0.1598
016400 0.0000 0.8402 0.0000 0.1598
016420 0.0000 0.8402 0.0000 0.1598
016440 0.0000 0.8402 0.0000 0.1598
016460 0.0000 0.8402 0.0000 0.1598
016480 0.0000 0.8402 0.0000 0.1598
016500 0.0000 0.8402 0.0000 0.1598
016520 0.0000 0.8402 0.0000 0.1598
016540 0.0000 0.8402 0.0000 0.1598
016560 0.0000 0.8402 0.0000 0.1598
016580 0.0000 0.8402 0.0000 0.1598
016600 0.0000 0.8402 0.0000 0.1598
016620 0.0000 0.8402 0.0000 0.1598
016640 0.0000 0.8402 0.0000 0.1598
016660 0.0000 0.8402 0.0000 0.1598
016680 0.0000 0.8402 0.0000 0.1598
016700 0.0000 0.8402 0.0000 0.1598
016720 0.0000 0.8402 0.0000 0.1598
016740 0.0000 0.8402 0.0000 0.1598
016760 0.0000 0.8402 0.0000 0.1598
016780 0.0000 0.8402 0.0000 0.1598
016800 0.0000 0.8402 0.0000 0.1598
016820 0.0000 0.8402 0.0000 0.1598
016840 0.0000 0.8402 0.0000 0.1598
016860 0.0000 0.8402 0.0000 0.1598
016880 0.0000 0.8402 0.0000 0.1598
016900 0.0000 0.8402 0.0000 0.1598
016920 0.0000 0.8402 0.0000 0.1598
016940 0.0000 0.8402 0.0000 0.1598
016960 0.0000 0.8402 0.0000 0.1598
016980 0.0000 0.8402 0.0000 0.1598
017000 0.0000 0.8402 0.0000 0.1598
017020 0.0000 0.8402 0.0000 0.1598
017040 0.0000 0.8402 0.0000 0.1598
017060 0.0000 0.8402 0.0000 0.1598
017080 0.0000 0.8402 0.0000 0.1598
017100 0.0000 0.8402 0.0000 0.1598
017120 0.0000 0.8402 0.0000 0.1598
017140 0.0000 0.8402 0.0000 0.1598
017160 0.0000 0.8402 0.0000 0.1598
017180 0.0000 0.8402 0.0000 0.1598
017200 0.0000 0.8402 0.0000 0.1598
017220 0.0000 0.8402 0.0000 0.1598
017240 0.0000 0.8402 0.0000 0.1598
017260 0.0000 0.8402 0.0000 0.1598
017280 0.0000 0.8402 0.0000 0.1598
017300 0.0000 0.8402 0.0000 0.1598
017320 0.0000 0.8402 0.0000 0.1598
017340 0.0000 0.8402 0.0000 0.1598
017360 0.0000 0.8402 0.0000 0.1598
017380 0.0000 0.8402 0.0000 0.1598
017400 0.0000 0.8402 0.0000 0.1598
017420 0.0000 0.8402 0.0000 0.1598
017440 0.0000 0.8402 0.0000 0.1598
017460 0.0000 0.8402 0.0000 0.1598
017480 0.0000 0.8402 0.0000 0.1598
017500 0.0000 0.8402 0.0000 0.1598
017520 0.0000 0.8402 0.0000 0.1598
017540 0.0000 0.8402 0.0000 0.1598
017560 0.0000 0.8402 0.0000 0.1598
017580 0.0000 0.8402 0.0000 0.1598
017600 0.0000 0.8402 0.0000 0.1598
017620 0.0000 0.8402 0.0000 0.1598
017640 0.0000 0.8402 0.0000 0.1598
017660 0.0000 0.8402 0.0000 0.1598
017680 0.0000 0.8402 0.0000 0.1598
017700 0.0000 0.8402 0.0000 0.1598
017720 0.0000 0.8402 0.0000 0.1598
017740 0.0000 0.8402 0.0000 0.1598
017760 0.0000 0.8402 0.0000 0.1598
017780 0.0000 0.8402 0.0000 0.1598
017800 0.0000 0.8402 0.0000 0.1598
017820 0.0000 0.8402 0.0000 0.1598
017840 0.0000 0.8402 0.0000 0.1598
017860 0.0000 0.8402 0.0000 0.1598
017880 0.0000 0.8402 0.0000 0.1598
017900 0.0000 0.8402 0.0000 0.1598
017920 0.0000 0.8402 0.0000 0.1598
017940 0.0000 0.8402 0.0000 0.1598
017960 0.0000 0.8402 0.0000 0.1598
017980 0.0000 0.8402 0.0000 0.1598
018000 0.0000 0.8402 0.0000 0.1598
018020 0.0000 0.8402 0.0000 0.1598
018040 0.0000 0.8402 0.0000 0.1598
018060 0.0000 0.8402 0.0000 0.1598
018080 0.0000 0.8402 0.0000 0.1598
018100 0.0000 0.8402 0.0000 0.1598
018120 0.0000 0.8402 0.0000 0.1598
018140 0.0000 0.8402 0.0000 0.1598
018160 0.0000 0.8402 0.0000 0.1598
018180 0.0000 0.8402 0.0000 0.1598
018200 0.0000 0.8402 0.0000 0.1598
018220 0.0000 0.8402 0.0000 0.1598
018240 0.0000 0.8402 0.0000 0.1598
018260 0.0000 0.8402 0.0000 0.1598
018280 0.0000 0.8402 0.0000 0.1598
018300 0.0000 0.8402 0.0000 0.1598
018320 0.0000 0.8402 0.0000 0.1598
018340 0.0000 0.8402 0.0000 0.1598
018360 0.0000 0.8402 0.0000 0.1598
018380 0.0000 0.8402 0.0000 0.1598
018400 0.0000 0.8402 0.0000 0.1598
018420 0.0000 0.8402 0.0000 0.1598
018440 0.0000 0.8402 0.0000 0.1598
018460 0.0000 0.8402 0.0000 0.1598
018480 0.0000 0.8402 0.0000 0.1598
018500 0.0000 0.8402 0.0000 0.1598
018520 0.0000 0.8402 0.0000 0.1598
018540 0.0000 0.8402 0.0000 0.1598
018560 0.0000 0.8402 0.0000 0.1598
018580 0.0000 0.8402 0.0000 0.1598
018600 0.0000 0.8402 0.0000 0.1598
018620 0.0000 0.8402 0.0000 0.1598
018640 0.0000 0.8402 0.0000 0.1598
018660 0.0000 0.8402 0.0000 0.1598
018680 0.0000 0.8402 0.0000 0.1598
018700 0.0000 0.8402 0.0000 0.1598
018720 0.0000 0.8402 0.0000 0.1598
018740 0.0000 0.8402 0.0000 0.1598
018760 0.0000 0.8402 0.0000 0.1598
018780 0.0000 0.8402 0.0000 0.1598
018800 0.0000 0.8402 0.0000 0.1598
018820 0.0000 0.8402 0.0000 0.1598
018840 0.0000 0.8402 0.0000 0.1598
018860 0.0000 0.8402 0.0000 0.1598
018880 0.0000 0.8402 0.0000 0.1598
018900 0.0000 0.8402 0.0000 0.1598
018920 0.0000 0.8402 0.0000 0.1598
018940 0.0000 0.8402 0.0000 0.1598
018960 0.0000 0.8402 0.0000 0.1598
018980 0.0000 0.8402 0.0000 0.1598
019000 0.0000 0.8402 0.0000 0.1598
019020 0.0000 0.8402 0.0000 0.1598
019040 0.0000 0.8402 0.0000 0.1598
019060 0.0000 0.8402 0.0000 0.1598
019080 0.0000 0.8402 0.0000 0.1598
019100 0.0000 0.8402 0.0000 0.1598
019120 0.0000 0.8402 0.0000 0.1598
019140 0.0000 0.8402 0.0000 0.1598
019160 0.0000 0.8402 0.0000 0.1598
019180 0.0000 0.8402 0.0000 0.1598
019200 0.0000 0.8402 0.0000 0.1598
019220 0.0000 0.8402 0.0000 0.1598
019240 0.0000 0.8402 0.0000 0.1598
019260 0.0000 0.8402 0.0000 0.1598
019280 0.0000 0.8402 0.0000 0.1598
019300 0.0000 0.8402 0.0000 0.1598
019320 0.0000 0.8402 0.0000 0.1598
019340 0.0000 0.8402 0.0000 0.1598
019360 0.0000 0.8402 0.0000 0.1598
019380 0.0000 0.8402 0.0000 0.1598
019400 0.0000 0.8402 0.0000 0.1598
019420 0.0000 0.8402 0.0000 0.1598
019440 0.0000 0.8402 0.0000 0.1598
019460 0.0000 0.8402 0.0000 0.1598
019480 0.0000 0.8402 0.0000 0.1598
019500 0.0000 0.8402 0.0000 0.1598
019520 0.0000 0.8402 0.0000 0.1598
019540 0.0000 0.8402 0.0000 0.1598
019560 0.0000 0.8402 0.0000 0.1598
019580 0.0000 0.8402 0.0000 0.1598
019600 0.0000 0.8402 0.0000 0.1598
019620 0.0000 0.8402 0.0000 0.1598
019640 0.0000 0.8402 0.0000 0.1598
019660 0.0000 0.8402 0.0000 0.1598
019680 0.0000 0.8402 0.0000 0.1598
019700 0.0000 0.8402 0.0000 0.1598
019720 0.0000 0.8402 0.0000 0.1598
019740 0.0000 0.8402 0.0000 0.1598
019760 0.0000 0.8402 0.0000 0.1598
019780 0.0000 0.8402 0.0000 0.1598
019800 0.0000 0.8402 0.0000 0.1598
019820 0.0000 0.8402 0.0000 0.1598
019840 0.0000 0.8402 0.0000 0.1598
019860 0.0000 0.8402 0.0000 0.1598
019880 0.0000 0.8402 0.0000 0.1598
019900 0.0000 0.8402 0.0000 0.1598
019920 0.0000 0.8402 0.0000 0.1598
019940 0.0000 0.8402 0.0000 0.1598
019960 0.0000 0.8402 0.0000 0.1598
019980 0.0000 0.8402 0.0000 0.1598
020000 0.0000 0.8402 0.0000 0.1598
