000000 0.2496 0.2498 0.2509 0.2497
000020 0.1450 0.6721 0.0016 0.1813
000040 0.1224 0.7097 0.0001 0.1678
000060 0.1092 0.7251 0.0000 0.1657
000080 0.0976 0.7395 0.0000 0.1629
000100 0.0907 0.7478 0.0000 0.1615
000120 0.0839 0.7547 0.0000 0.1614
000140 0.0764 0.7620 0.0000 0.1615
000160 0.0717 0.7672 0.0000 0.1611
000180 0.0686 0.7710 0.0000 0.1604
000200 0.0649 0.7739 0.0000 0.1611
000220 0.0616 0.7770 0.0000 0.1614
000240 0.0578 0.7809 0.0000 0.1613
000260 0.0550 0.7842 0.0000 0.1608
000280 0.0520 0.7877 0.0000 0.1603
000300 0.0500 0.7894 0.0000 0.1606
000320 0.0478 0.7920 0.0000 0.1602
000340 0.0460 0.7941 0.0000 0.1599
000360 0.0443 0.7957 0.0000 0.1600
000380 0.0422 0.7983 0.0000 0.1595
000400 0.0395 0.7999 0.0000 0.1606
000420 0.0378 0.8020 0.0000 0.1602
000440 0.0370 0.8035 0.0000 0.1595
000460 0.0364 0.8044 0.0000 0.1592
000480 0.0351 0.8050 0.0000 0.1599
000500 0.0340 0.8062 0.0000 0.1598
000520 0.0334 0.8066 0.0000 0.1600
000540 0.0311 0.8091 0.0000 0.1598
000560 0.0300 0.8097 0.0000 0.1603
000580 0.0303 0.8098 0.0000 0.1599
000600 0.0296 0.8105 0.0000 0.1599
000620 0.0295 0.8109 0.0000 0.1596
000640 0.0294 0.8110 0.0000 0.1596
000660 0.0279 0.8126 0.0000 0.1595
000680 0.0271 0.8137 0.0000 0.1592
000700 0.0263 0.8133 0.0000 0.1604
000720 0.0255 0.8146 0.0000 0.1599
000740 0.0244 0.8160 0.0000 0.1596
000760 0.0239 0.8167 0.0000 0.1594
000780 0.0224 0.8175 0.0000 0.1601
000800 0.0224 0.8190 0.0000 0.1586
000820 0.0219 0.8187 0.0000 0.1594
000840 0.0216 0.8182 0.0000 0.1602
000860 0.0216 0.8184 0.0000 0.1600
000880 0.0210 0.8194 0.0000 0.1596
000900 0.0212 0.8189 0.0000 0.1598
000920 0.0205 0.8199 0.0000 0.1596
000940 0.0201 0.8208 0.0000 0.1590
000960 0.0201 0.8207 0.0000 0.1592
000980 0.0201 0.8209 0.0000 0.1591
001000 0.0199 0.8211 0.0000 0.1589
001020 0.0192 0.8222 0.0000 0.1586
001040 0.0183 0.8229 0.0000 0.1588
001060 0.0177 0.8241 0.0000 0.1583
001080 0.0170 0.8240 0.0000 0.1590
001100 0.0169 0.8241 0.0000 0.1591
001120 0.0170 0.8244 0.0000 0.1586
001140 0.0169 0.8241 0.0000 0.1590
001160 0.0171 0.8235 0.0000 0.1594
001180 0.0167 0.8245 0.0000 0.1588
001200 0.0165 0.8239 0.0000 0.1596
001220 0.0161 0.8248 0.0000 0.1591
001240 0.0158 0.8261 0.0000 0.1581
001260 0.0158 0.8253 0.0000 0.1589
001280 0.0155 0.8242 0.0000 0.1603
001300 0.0153 0.8256 0.0000 0.1591
001320 0.0143 0.8262 0.0000 0.1595
001340 0.0143 0.8262 0.0000 0.1595
001360 0.0142 0.8268 0.0000 0.1589
001380 0.0136 0.8270 0.0000 0.1594
001400 0.0134 0.8281 0.0000 0.1586
001420 0.0126 0.8284 0.0000 0.1590
001440 0.0120 0.8285 0.0000 0.1595
001460 0.0118 0.8282 0.0000 0.1599
001480 0.0116 0.8287 0.0000 0.1596
001500 0.0116 0.8298 0.0000 0.1586
001520 0.0109 0.8310 0.0000 0.1581
001540 0.0113 0.8307 0.0000 0.1580
001560 0.0115 0.8297 0.0000 0.1589
001580 0.0114 0.8299 0.0000 0.1587
001600 0.0112 0.8299 0.0000 0.1589
001620 0.0112 0.8303 0.0000 0.1585
001640 0.0109 0.8300 0.0000 0.1591
001660 0.0107 0.8307 0.0000 0.1586
001680 0.0102 0.8306 0.0000 0.1592
001700 0.0099 0.8312 0.0000 0.1589
001720 0.0095 0.8316 0.0000 0.1589
001740 0.0097 0.8312 0.0000 0.1591
001760 0.0096 0.8319 0.0000 0.1585
001780 0.0093 0.8316 0.0000 0.1591
001800 0.0091 0.8324 0.0000 0.1585
001820 0.0085 0.8334 0.0000 0.1580
001840 0.0087 0.8318 0.0000 0.1595
001860 0.0089 0.8328 0.0000 0.1583
001880 0.0085 0.8330 0.0000 0.1585
001900 0.0081 0.8327 0.0000 0.1593
001920 0.0080 0.8336 0.0000 0.1584
001940 0.0078 0.8333 0.0000 0.1588
001960 0.0082 0.8342 0.0000 0.1576
001980 0.0082 0.8334 0.0000 0.1585
002000 0.0086 0.8322 0.0000 0.1592
002020 0.0086 0.8325 0.0000 0.1589
002040 0.0086 0.8321 0.0000 0.1593
002060 0.0082 0.8333 0.0000 0.1585
002080 0.0078 0.8332 0.0000 0.1590
002100 0.0077 0.8330 0.0000 0.1593
002120 0.0072 0.8341 0.0000 0.1587
002140 0.0076 0.8337 0.0000 0.1587
002160 0.0076 0.8339 0.0000 0.1585
002180 0.0072 0.8336 0.0000 0.1591
002200 0.0067 0.8341 0.0000 0.1592
002220 0.0066 0.8348 0.0000 0.1587
002240 0.0066 0.8338 0.0000 0.1596
002260 0.0069 0.8340 0.0000 0.1591
002280 0.0067 0.8332 0.0000 0.1601
002300 0.0066 0.8344 0.0000 0.1590
002320 0.0064 0.8349 0.0000 0.1587
002340 0.0063 0.8344 0.0000 0.1593
002360 0.0060 0.8341 0.0000 0.1599
002380 0.0055 0.8352 0.0000 0.1593
002400 0.0057 0.8349 0.0000 0.1594
002420 0.0055 0.8351 0.0000 0.1594
002440 0.0056 0.8356 0.0000 0.1588
002460 0.0053 0.8356 0.0000 0.1590
002480 0.0055 0.8362 0.0000 0.1583
002500 0.0053 0.8352 0.0000 0.1595
002520 0.0052 0.8363 0.0000 0.1585
002540 0.0051 0.8359 0.0000 0.1590
002560 0.0052 0.8361 0.0000 0.1587
002580 0.0047 0.8357 0.0000 0.1597
002600 0.0046 0.8357 0.0000 0.1597
002620 0.0045 0.8362 0.0000 0.1593
002640 0.0047 0.8365 0.0000 0.1588
002660 0.0046 0.8364 0.0000 0.1590
002680 0.0046 0.8364 0.0000 0.1590
002700 0.0044 0.8368 0.0000 0.1587
002720 0.0046 0.8366 0.0000 0.1588
002740 0.0047 0.8371 0.0000 0.1581
002760 0.0042 0.8370 0.0000 0.1588
002780 0.0041 0.8373 0.0000 0.1586
002800 0.0042 0.8365 0.0000 0.1594
002820 0.0039 0.8368 0.0000 0.1593
002840 0.0035 0.8378 0.0000 0.1587
002860 0.0036 0.8373 0.0000 0.1590
002880 0.0036 0.8382 0.0000 0.1583
002900 0.0035 0.8380 0.0000 0.1585
002920 0.0034 0.8375 0.0000 0.1591
002940 0.0034 0.8379 0.0000 0.1588
002960 0.0034 0.8371 0.0000 0.1595
002980 0.0032 0.8380 0.0000 0.1588
003000 0.0030 0.8375 0.0000 0.1595
003020 0.0029 0.8384 0.0000 0.1588
003040 0.0031 0.8378 0.0000 0.1591
003060 0.0028 0.8388 0.0000 0.1584
003080 0.0029 0.8382 0.0000 0.1590
003100 0.0027 0.8380 0.0000 0.1593
003120 0.0027 0.8387 0.0000 0.1586
003140 0.0027 0.8381 0.0000 0.1593
003160 0.0028 0.8383 0.0000 0.1589
003180 0.0027 0.8382 0.0000 0.1591
003200 0.0028 0.8385 0.0000 0.1587
003220 0.0027 0.8379 0.0000 0.1593
003240 0.0026 0.8391 0.0000 0.1583
003260 0.0023 0.8385 0.0000 0.1592
003280 0.0022 0.8391 0.0000 0.1587
003300 0.0021 0.8386 0.0000 0.1593
003320 0.0021 0.8394 0.0000 0.1585
003340 0.0020 0.8405 0.0000 0.1575
003360 0.0019 0.8399 0.0000 0.1582
003380 0.0019 0.8395 0.0000 0.1585
003400 0.0020 0.8395 0.0000 0.1586
003420 0.0019 0.8392 0.0000 0.1589
003440 0.0019 0.8401 0.0000 0.1580
003460 0.0019 0.8396 0.0000 0.1585
003480 0.0018 0.8390 0.0000 0.1592
003500 0.0015 0.8397 0.0000 0.1588
003520 0.0015 0.8400 0.0000 0.1585
003540 0.0017 0.8401 0.0000 0.1583
003560 0.0017 0.8397 0.0000 0.1586
003580 0.0016 0.8398 0.0000 0.1587
003600 0.0016 0.8399 0.0000 0.1584
003620 0.0016 0.8405 0.0000 0.1579
003640 0.0018 0.8400 0.0000 0.1582
003660 0.0019 0.8398 0.0000 0.1583
003680 0.0018 0.8400 0.0000 0.1582
003700 0.0018 0.8395 0.0000 0.1588
003720 0.0018 0.8399 0.0000 0.1584
003740 0.0017 0.8390 0.0000 0.1593
003760 0.0015 0.8392 0.0000 0.1592
003780 0.0013 0.8397 0.0000 0.1590
003800 0.0014 0.8397 0.0000 0.1589
003820 0.0013 0.8399 0.0000 0.1588
003840 0.0014 0.8397 0.0000 0.1589
003860 0.0012 0.8395 0.0000 0.1593
003880 0.0012 0.8395 0.0000 0.1593
003900 0.0012 0.8399 0.0000 0.1590
003920 0.0012 0.8404 0.0000 0.1584
003940 0.0010 0.8405 0.0000 0.1585
003960 0.0010 0.8394 0.0000 0.1596
003980 0.0010 0.8403 0.0000 0.1587
004000 0.0010 0.8406 0.0000 0.1584
004020 0.0010 0.8418 0.0000 0.1572
004040 0.0011 0.8404 0.0000 0.1585
004060 0.0011 0.8405 0.0000 0.1584
004080 0.0011 0.8407 0.0000 0.1582
004100 0.0011 0.8399 0.0000 0.1590
004120 0.0011 0.8401 0.0000 0.1589
004140 0.0011 0.8394 0.0000 0.1595
004160 0.0013 0.8400 0.0000 0.1587
004180 0.0014 0.8400 0.0000 0.1586
004200 0.0015 0.8399 0.0000 0.1586
004220 0.0013 0.8402 0.0000 0.1585
004240 0.0014 0.8399 0.0000 0.1587
004260 0.0014 0.8406 0.0000 0.1580
004280 0.0016 0.8405 0.0000 0.1579
004300 0.0014 0.8405 0.0000 0.1581
004320 0.0013 0.8394 0.0000 0.1593
004340 0.0013 0.8398 0.0000 0.1590
004360 0.0011 0.8403 0.0000 0.1585
004380 0.0012 0.8405 0.0000 0.1583
004400 0.0012 0.8401 0.0000 0.1587
004420 0.0012 0.8411 0.0000 0.1577
004440 0.0011 0.8401 0.0000 0.1588
004460 0.0010 0.8397 0.0000 0.1593
004480 0.0009 0.8404 0.0000 0.1588
004500 0.0008 0.8402 0.0000 0.1590
004520 0.0008 0.8407 0.0000 0.1585
004540 0.0007 0.8406 0.0000 0.1587
004560 0.0007 0.8404 0.0000 0.1589
004580 0.0007 0.8412 0.0000 0.1580
004600 0.0005 0.8404 0.0000 0.1591
004620 0.0006 0.8404 0.0000 0.1590
004640 0.0006 0.8416 0.0000 0.1578
004660 0.0007 0.8400 0.0000 0.1593
004680 0.0007 0.8398 0.0000 0.1595
004700 0.0008 0.8400 0.0000 0.1591
004720 0.0007 0.8405 0.0000 0.1588
004740 0.0006 0.8410 0.0000 0.1584
004760 0.0006 0.8406 0.0000 0.1588
004780 0.0007 0.8411 0.0000 0.1582
004800 0.0007 0.8406 0.0000 0.1587
004820 0.0007 0.8403 0.0000 0.1589
004840 0.0007 0.8398 0.0000 0.1595
004860 0.0006 0.8413 0.0000 0.1581
004880 0.0007 0.8407 0.0000 0.1586
004900 0.0006 0.8400 0.0000 0.1595
004920 0.0006 0.8416 0.0000 0.1578
004940 0.0006 0.8405 0.0000 0.1589
004960 0.0005 0.8411 0.0000 0.1585
004980 0.0005 0.8422 0.0000 0.1573
005000 0.0006 0.8422 0.0000 0.1572
005020 0.0006 0.8413 0.0000 0.1582
005040 0.0005 0.8409 0.0000 0.1586
005060 0.0006 0.8415 0.0000 0.1579
005080 0.0005 0.8414 0.0000 0.1581
005100 0.0004 0.8405 0.0000 0.1591
005120 0.0005 0.8401 0.0000 0.1594
005140 0.0004 0.8410 0.0000 0.1587
005160 0.0003 0.8402 0.0000 0.1595
005180 0.0003 0.8409 0.0000 0.1588
005200 0.0004 0.8407 0.0000 0.1590
005220 0.0004 0.8406 0.0000 0.1590
005240 0.0003 0.8414 0.0000 0.1583
005260 0.0004 0.8408 0.0000 0.1587
005280 0.0004 0.8406 0.0000 0.1589
005300 0.0004 0.8408 0.0000 0.1588
005320 0.0003 0.8403 0.0000 0.1594
005340 0.0003 0.8415 0.0000 0.1582
005360 0.0003 0.8416 0.0000 0.1581
005380 0.0003 0.8416 0.0000 0.1581
005400 0.0003 0.8413 0.0000 0.1584
005420 0.0003 0.8408 0.0000 0.1589
005440 0.0004 0.8407 0.0000 0.1589
005460 0.0003 0.8410 0.0000 0.1587
005480 0.0003 0.8403 0.0000 0.1594
005500 0.0002 0.8413 0.0000 0.1585
005520 0.0002 0.8409 0.0000 0.1589
005540 0.0003 0.8416 0.0000 0.1582
005560 0.0002 0.8416 0.0000 0.1581
005580 0.0003 0.8405 0.0000 0.1593
005600 0.0003 0.8413 0.0000 0.1584
005620 0.0002 0.8409 0.0000 0.1589
005640 0.0003 0.8417 0.0000 0.1580
005660 0.0002 0.8412 0.0000 0.1586
005680 0.0003 0.8404 0.0000 0.1593
005700 0.0003 0.8411 0.0000 0.1586
005720 0.0003 0.8415 0.0000 0.1582
005740 0.0002 0.8414 0.0000 0.1584
005760 0.0003 0.8417 0.0000 0.1580
005780 0.0002 0.8411 0.0000 0.1587
005800 0.0003 0.8412 0.0000 0.1585
005820 0.0002 0.8414 0.0000 0.1584
005840 0.0001 0.8414 0.0000 0.1585
005860 0.0001 0.8424 0.0000 0.1575
005880 0.0001 0.8410 0.0000 0.1589
005900 0.0001 0.8410 0.0000 0.1589
005920 0.0001 0.8413 0.0000 0.1586
005940 0.0001 0.8414 0.0000 0.1585
005960 0.0001 0.8414 0.0000 0.1586
005980 0.0001 0.8409 0.0000 0.1590
006000 0.0001 0.8420 0.0000 0.1579
006020 0.0001 0.8416 0.0000 0.1583
006040 0.0001 0.8411 0.0000 0.1587
006060 0.0001 0.8418 0.0000 0.1581
006080 0.0001 0.8410 0.0000 0.1589
006100 0.0001 0.8409 0.0000 0.1590
006120 0.0001 0.8409 0.0000 0.1590
006140 0.0001 0.8420 0.0000 0.1579
006160 0.0001 0.8407 0.0000 0.1592
006180 0.0001 0.8418 0.0000 0.1582
006200 0.0000 0.8412 0.0000 0.1587
006220 0.0000 0.8417 0.0000 0.1583
006240 0.0000 0.8415 0.0000 0.1585
006260 0.0000 0.8415 0.0000 0.1584
006280 0.0000 0.8414 0.0000 0.1586
006300 0.0000 0.8416 0.0000 0.1584
006320 0.0000 0.8425 0.0000 0.1575
006340 0.0000 0.8421 0.0000 0.1579
006360 0.0000 0.8414 0.0000 0.1586
006380 0.0000 0.8405 0.0000 0.1595
006400 0.0000 0.8407 0.0000 0.1593
006420 0.0000 0.8414 0.0000 0.1585
006440 0.0000 0.8412 0.0000 0.1588
006460 0.0000 0.8406 0.0000 0.1594
006480 0.0000 0.8408 0.0000 0.1592
006500 0.0000 0.8414 0.0000 0.1586
006520 0.0000 0.8414 0.0000 0.1586
006540 0.0000 0.8412 0.0000 0.1588
006560 0.0000 0.8407 0.0000 0.1593
006580 0.0000 0.8418 0.0000 0.1582
006600 0.0000 0.8419 0.0000 0.1581
006620 0.0000 0.8415 0.0000 0.1585
006640 0.0000 0.8415 0.0000 0.1585
006660 0.0000 0.8410 0.0000 0.1590
006680 0.0000 0.8413 0.0000 0.1587
006700 0.0000 0.8417 0.0000 0.1583
006720 0.0000 0.8418 0.0000 0.1582
006740 0.0000 0.8417 0.0000 0.1583
006760 0.0000 0.8414 0.0000 0.1586
006780 0.0000 0.8419 0.0000 0.1581
006800 0.0000 0.8422 0.0000 0.1578
006820 0.0000 0.8413 0.0000 0.1587
006840 0.0000 0.8419 0.0000 0.1581
006860 0.0000 0.8417 0.0000 0.1583
006880 0.0000 0.8418 0.0000 0.1582
006900 0.0000 0.8416 0.0000 0.1584
006920 0.0000 0.8410 0.0000 0.1590
006940 0.0000 0.8403 0.0000 0.1597
006960 0.0000 0.8414 0.0000 0.1586
006980 0.0000 0.8408 0.0000 0.1592
007000 0.0000 0.8408 0.0000 0.1592
007020 0.0000 0.8415 0.0000 0.1585
007040 0.0000 0.8405 0.0000 0.1595
007060 0.0000 0.8414 0.0000 0.1586
007080 0.0000 0.8411 0.0000 0.1589
007100 0.0000 0.8415 0.0000 0.1585
007120 0.0000 0.8422 0.0000 0.1578
007140 0.0000 0.8421 0.0000 0.1579
007160 0.0000 0.8409 0.0000 0.1591
007180 0.0000 0.8412 0.0000 0.1588
007200 0.0000 0.8411 0.0000 0.1589
007220 0.0000 0.8413 0.0000 0.1587
007240 0.0000 0.8405 0.0000 0.1595
007260 0.0000 0.8419 0.0000 0.1581
007280 0.0000 0.8416 0.0000 0.1584
007300 0.0000 0.8415 0.0000 0.1585
007320 0.0000 0.8413 0.0000 0.1587
007340 0.0000 0.8409 0.0000 0.1591
007360 0.0000 0.8409 0.0000 0.1591
007380 0.0000 0.8412 0.0000 0.1588
007400 0.0000 0.8414 0.0000 0.1586
007420 0.0000 0.8412 0.0000 0.1588
007440 0.0000 0.8406 0.0000 0.1594
007460 0.0000 0.8408 0.0000 0.1592
007480 0.0000 0.8407 0.0000 0.1593
007500 0.0000 0.8413 0.0000 0.1587
007520 0.0000 0.8413 0.0000 0.1587
007540 0.0000 0.8410 0.0000 0.1590
007560 0.0000 0.8411 0.0000 0.1589
007580 0.0000 0.8410 0.0000 0.1590
007600 0.0000 0.8419 0.0000 0.1581
007620 0.0000 0.8423 0.0000 0.1577
007640 0.0000 0.8412 0.0000 0.1588
007660 0.0000 0.8419 0.0000 0.1581
007680 0.0000 0.8414 0.0000 0.1586
007700 0.0000 0.8414 0.0000 0.1586
007720 0.0000 0.8414 0.0000 0.1586
007740 0.0000 0.8414 0.0000 0.1586
007760 0.0000 0.8414 0.0000 0.1586
007780 0.0000 0.8407 0.0000 0.1593
007800 0.0000 0.8407 0.0000 0.1593
007820 0.0000 0.8406 0.0000 0.1594
007840 0.0000 0.8418 0.0000 0.1582
007860 0.0000 0.8414 0.0000 0.1586
007880 0.0000 0.8425 0.0000 0.1575
007900 0.0000 0.8415 0.0000 0.1585
007920 0.0000 0.8415 0.0000 0.1585
007940 0.0000 0.8412 0.0000 0.1588
007960 0.0000 0.8415 0.0000 0.1585
007980 0.0000 0.8409 0.0000 0.1591
008000 0.0000 0.8410 0.0000 0.1590
008020 0.0000 0.8405 0.0000 0.1595
008040 0.0000 0.8416 0.0000 0.1584
008060 0.0000 0.8399 0.0000 0.1601
008080 0.0000 0.8406 0.0000 0.1594
008100 0.0000 0.8411 0.0000 0.1589
008120 0.0000 0.8411 0.0000 0.1589
008140 0.0000 0.8414 0.0000 0.1586
008160 0.0000 0.8409 0.0000 0.1591
008180 0.0000 0.8406 0.0000 0.1594
008200 0.0000 0.8413 0.0000 0.1587
008220 0.0000 0.8416 0.0000 0.1584
008240 0.0000 0.8413 0.0000 0.1587
008260 0.0000 0.8408 0.0000 0.1592
008280 0.0000 0.8403 0.0000 0.1597
008300 0.0000 0.8408 0.0000 0.1592
008320 0.0000 0.8404 0.0000 0.1596
008340 0.0000 0.8413 0.0000 0.1587
008360 0.0000 0.8412 0.0000 0.1588
008380 0.0000 0.8415 0.0000 0.1585
008400 0.0000 0.8414 0.0000 0.1586
008420 0.0000 0.8417 0.0000 0.1583
008440 0.0000 0.8417 0.0000 0.1583
008460 0.0000 0.8416 0.0000 0.1584
008480 0.0000 0.8400 0.0000 0.1600
008500 0.0000 0.8407 0.0000 0.1593
008520 0.0000 0.8403 0.0000 0.1598
008540 0.0000 0.8418 0.0000 0.1582
008560 0.0000 0.8415 0.0000 0.1585
008580 0.0000 0.8410 0.0000 0.1590
008600 0.0000 0.8410 0.0000 0.1590
008620 0.0000 0.8411 0.0000 0.1589
008640 0.0000 0.8410 0.0000 0.1590
008660 0.0000 0.8405 0.0000 0.1595
008680 0.0000 0.8413 0.0000 0.1587
008700 0.0000 0.8412 0.0000 0.1588
008720 0.0000 0.8408 0.0000 0.1592
008740 0.0000 0.8415 0.0000 0.1585
008760 0.0000 0.8415 0.0000 0.1585
008780 0.0000 0.8412 0.0000 0.1588
008800 0.0000 0.8412 0.0000 0.1588
008820 0.0000 0.8407 0.0000 0.1593
008840 0.0000 0.8410 0.0000 0.1590
008860 0.0000 0.8412 0.0000 0.1588
008880 0.0000 0.8410 0.0000 0.1590
008900 0.0000 0.8406 0.0000 0.1594
008920 0.0000 0.8420 0.0000 0.1580
008940 0.0000 0.8422 0.0000 0.1578
008960 0.0000 0.8417 0.0000 0.1583
008980 0.0000 0.8415 0.0000 0.1585
009000 0.0000 0.8416 0.0000 0.1584
009020 0.0000 0.8410 0.0000 0.1590
009040 0.0000 0.8418 0.0000 0.1582
009060 0.0000 0.8408 0.0000 0.1592
009080 0.0000 0.8420 0.0000 0.1580
009100 0.0000 0.8416 0.0000 0.1584
009120 0.0000 0.8414 0.0000 0.1586
009140 0.0000 0.8412 0.0000 0.1588
009160 0.0000 0.8409 0.0000 0.1591
009180 0.0000 0.8412 0.0000 0.1588
009200 0.0000 0.8419 0.0000 0.1581
009220 0.0000 0.8413 0.0000 0.1587
009240 0.0000 0.8410 0.0000 0.1590
009260 0.0000 0.8410 0.0000 0.1590
009280 0.0000 0.8417 0.0000 0.1583
009300 0.0000 0.8425 0.0000 0.1575
009320 0.0000 0.8414 0.0000 0.1586
009340 0.0000 0.8410 0.0000 0.1590
009360 0.0000 0.8421 0.0000 0.1579
009380 0.0000 0.8422 0.0000 0.1578
009400 0.0000 0.8419 0.0000 0.1581
009420 0.0000 0.8413 0.0000 0.1587
009440 0.0000 0.8411 0.0000 0.1589
009460 0.0000 0.8421 0.0000 0.1579
009480 0.0000 0.8414 0.0000 0.1586
009500 0.0000 0.8409 0.0000 0.1591
009520 0.0000 0.8408 0.0000 0.1592
009540 0.0000 0.8409 0.0000 0.1591
009560 0.0000 0.8406 0.0000 0.1594
009580 0.0000 0.8417 0.0000 0.1583
009600 0.0000 0.8413 0.0000 0.1587
009620 0.0000 0.8412 0.0000 0.1588
009640 0.0000 0.8411 0.0000 0.1589
009660 0.0000 0.8413 0.0000 0.1587
009680 0.0000 0.8413 0.0000 0.1587
009700 0.0000 0.8416 0.0000 0.1584
009720 0.0000 0.8417 0.0000 0.1583
009740 0.0000 0.8417 0.0000 0.1583
009760 0.0000 0.8410 0.0000 0.1590
009780 0.0000 0.8405 0.0000 0.1595
009800 0.0000 0.8409 0.0000 0.1591
009820 0.0000 0.8409 0.0000 0.1591
009840 0.0000 0.8412 0.0000 0.1588
009860 0.0000 0.8404 0.0000 0.1596
009880 0.0000 0.8404 0.0000 0.1596
009900 0.0000 0.8414 0.0000 0.1586
009920 0.0000 0.8409 0.0000 0.1591
009940 0.0000 0.8410 0.0000 0.1590
009960 0.0000 0.8406 0.0000 0.1594
009980 0.0000 0.8411 0.0000 0.1589
010000 0.0000 0.8418 0.0000 0.1582
010020 0.0000 0.8420 0.0000 0.1580
010040 0.0000 0.8420 0.0000 0.1580
010060 0.0000 0.8420 0.0000 0.1580
010080 0.0000 0.8420 0.0000 0.1580
010100 0.0000 0.8420 0.0000 0.1580
010120 0.0000 0.8420 0.0000 0.1580
010140 0.0000 0.8420 0.0000 0.1580
010160 0.0000 0.8420 0.0000 0.1580
010180 0.0000 0.8420 0.0000 0.1580
010200 0.0000 0.8420 0.0000 0.1580
010220 0.0000 0.8420 0.0000 0.1580
010240 0.0000 0.8420 0.0000 0.1580
010260 0.0000 0.8420 0.0000 0.1580
010280 0.0000 0.8420 0.0000 0.1580
010300 0.0000 0.8420 0.0000 0.1580
010320 0.0000 0.8420 0.0000 0.1580
010340 0.0000 0.8420 0.0000 0.1580
010360 0.0000 0.8420 0.0000 0.1580
010380 0.0000 0.8420 0.0000 0.1580
010400 0.0000 0.8420 0.0000 0.1580
010420 0.0000 0.8420 0.0000 0.1580
010440 0.0000 0.8420 0.0000 0.1580
010460 0.0000 0.8420 0.0000 0.1580
010480 0.0000 0.8420 0.0000 0.1580
010500 0.0000 0.8420 0.0000 0.1580
010520 0.0000 0.8420 0.0000 0.1580
010540 0.0000 0.8420 0.0000 0.1580
010560 0.0000 0.8420 0.0000 0.1580
010580 0.0000 0.8420 0.0000 0.1580
010600 0.0000 0.8420 0.0000 0.1580
010620 0.0000 0.8420 0.0000 0.1580
010640 0.0000 0.8420 0.0000 0.1580
010660 0.0000 0.8420 0.0000 0.1580
010680 0.0000 0.8420 0.0000 0.1580
010700 0.0000 0.8420 0.0000 0.1580
010720 0.0000 0.8420 0.0000 0.1580
010740 0.0000 0.8420 0.0000 0.1580
010760 0.0000 0.8420 0.0000 0.1580
010780 0.0000 0.8420 0.0000 0.1580
010800 0.0000 0.8420 0.0000 0.1580
010820 0.0000 0.8420 0.0000 0.1580
010840 0.0000 0.8420 0.0000 0.1580
010860 0.0000 0.8420 0.0000 0.1580
010880 0.0000 0.8420 0.0000 0.1580
010900 0.0000 0.8420 0.0000 0.1580
010920 0.0000 0.8420 0.0000 0.1580
010940 0.0000 0.8420 0.0000 0.1580
010960 0.0000 0.8420 0.0000 0.1580
010980 0.0000 0.8420 0.0000 0.1580
011000 0.0000 0.8420 0.0000 0.1580
011020 0.0000 0.8420 0.0000 0.1580
011040 0.0000 0.8420 0.0000 0.1580
011060 0.0000 0.8420 0.0000 0.1580
011080 0.0000 0.8420 0.0000 0.1580
011100 0.0000 0.8420 0.0000 0.1580
011120 0.0000 0.8420 0.0000 0.1580
011140 0.0000 0.8420 0.0000 0.1580
011160 0.0000 0.8420 0.0000 0.1580
011180 0.0000 0.8420 0.0000 0.1580
011200 0.0000 0.8420 0.0000 0.1580
011220 0.0000 0.8420 0.0000 0.1580
011240 0.0000 0.8420 0.0000 0.1580
011260 0.0000 0.8420 0.0000 0.1580
011280 0.0000 0.8420 0.0000 0.1580
011300 0.0000 0.8420 0.0000 0.1580
011320 0.0000 0.8420 0.0000 0.1580
011340 0.0000 0.8420 0.0000 0.1580
011360 0.0000 0.8420 0.0000 0.1580
011380 0.0000 0.8420 0.0000 0.1580
011400 0.0000 0.8420 0.0000 0.1580
011420 0.0000 0.8420 0.0000 0.1580
011440 0.0000 0.8420 0.0000 0.1580
011460 0.0000 0.8420 0.0000 0.1580
011480 0.0000 0.8420 0.0000 0.1580
011500 0.0000 0.8420 0.0000 0.1580
011520 0.0000 0.8420 0.0000 0.1580
011540 0.0000 0.8420 0.0000 0.1580
011560 0.0000 0.8420 0.0000 0.1580
011580 0.0000 0.8420 0.0000 0.1580
011600 0.0000 0.8420 0.0000 0.1580
011620 0.0000 0.8420 0.0000 0.1580
011640 0.0000 0.8420 0.0000 0.1580
011660 0.0000 0.8420 0.0000 0.1580
011680 0.0000 0.8420 0.0000 0.1580
011700 0.0000 0.8420 0.0000 0.1580
011720 0.0000 0.8420 0.0000 0.1580
011740 0.0000 0.8420 0.0000 0.1580
011760 0.0000 0.8420 0.0000 0.1580
011780 0.0000 0.8420 0.0000 0.1580
011800 0.0000 0.8420 0.0000 0.1580
011820 0.0000 0.8420 0.0000 0.1580
011840 0.0000 0.8420 0.0000 0.1580
011860 0.0000 0.8420 0.0000 0.1580
011880 0.0000 0.8420 0.0000 0.1580
011900 0.0000 0.8420 0.0000 0.1580
011920 0.0000 0.8420 0.0000 0.1580
011940 0.0000 0.8420 0.0000 0.1580
011960 0.0000 0.8420 0.0000 0.1580
011980 0.0000 0.8420 0.0000 0.1580
012000 0.0000 0.8420 0.0000 0.1580
012020 0.0000 0.8420 0.0000 0.1580
012040 0.0000 0.8420 0.0000 0.1580
012060 0.0000 0.8420 0.0000 0.1580
012080 0.0000 0.8420 0.0000 0.1580
012100 0.0000 0.8420 0.0000 0.1580
012120 0.0000 0.8420 0.0000 0.1580
012140 0.0000 0.8420 0.0000 0.1580
012160 0.0000 0.8420 0.0000 0.1580
012180 0.0000 0.8420 0.0000 0.1580
012200 0.0000 0.8420 0.0000 0.1580
012220 0.0000 0.8420 0.0000 0.1580
012240 0.0000 0.8420 0.0000 0.1580
012260 0.0000 0.8420 0.0000 0.1580
012280 0.0000 0.8420 0.0000 0.1580
012300 0.0000 0.8420 0.0000 0.1580
012320 0.0000 0.8420 0.0000 0.1580
012340 0.0000 0.8420 0.0000 0.1580
012360 0.0000 0.8420 0.0000 0.1580
012380 0.0000 0.8420 0.0000 0.1580
012400 0.0000 0.8420 0.0000 0.1580
012420 0.0000 0.8420 0.0000 0.1580
012440 0.0000 0.8420 0.0000 0.1580
012460 0.0000 0.8420 0.0000 0.1580
012480 0.0000 0.8420 0.0000 0.1580
012500 0.0000 0.8420 0.0000 0.1580
012520 0.0000 0.8420 0.0000 0.1580
012540 0.0000 0.8420 0.0000 0.1580
012560 0.0000 0.8420 0.0000 0.1580
012580 0.0000 0.8420 0.0000 0.1580
012600 0.0000 0.8420 0.0000 0.1580
012620 0.0000 0.8420 0.0000 0.1580
012640 0.0000 0.8420 0.0000 0.1580
012660 0.0000 0.8420 0.0000 0.1580
012680 0.0000 0.8420 0.0000 0.1580
012700 0.0000 0.8420 0.0000 0.1580
012720 0.0000 0.8420 0.0000 0.1580
012740 0.0000 0.8420 0.0000 0.1580
012760 0.0000 0.8420 0.0000 0.1580
012780 0.0000 0.8420 0.0000 0.1580
012800 0.0000 0.8420 0.0000 0.1580
012820 0.0000 0.8420 0.0000 0.1580
012840 0.0000 0.8420 0.0000 0.1580
012860 0.0000 0.8420 0.0000 0.1580
012880 0.0000 0.8420 0.0000 0.1580
012900 0.0000 0.8420 0.0000 0.1580
012920 0.0000 0.8420 0.0000 0.1580
012940 0.0000 0.8420 0.0000 0.1580
012960 0.0000 0.8420 0.0000 0.1580
012980 0.0000 0.8420 0.0000 0.1580
013000 0.0000 0.8420 0.0000 0.1580
013020 0.0000 0.8420 0.0000 0.1580
013040 0.0000 0.8420 0.0000 0.1580
013060 0.0000 0.8420 0.0000 0.1580
013080 0.0000 0.8420 0.0000 0.1580
013100 0.0000 0.8420 0.0000 0.1580
013120 0.0000 0.8420 0.0000 0.1580
013140 0.0000 0.8420 0.0000 0.1580
013160 0.0000 0.8420 0.0000 0.1580
013180 0.0000 0.8420 0.0000 0.1580
013200 0.0000 0.8420 0.0000 0.1580
013220 0.0000 0.8420 0.0000 0.1580
013240 0.0000 0.8420 0.0000 0.1580
013260 0.0000 0.8420 0.0000 0.1580
013280 0.0000 0.8420 0.0000 0.1580
013300 0.0000 0.8420 0.0000 0.1580
013320 0.0000 0.8420 0.0000 0.1580
013340 0.0000 0.8420 0.0000 0.1580
013360 0.0000 0.8420 0.0000 0.1580
013380 0.0000 0.8420 0.0000 0.1580
013400 0.0000 0.8420 0.0000 0.1580
013420 0.0000 0.8420 0.0000 0.1580
013440 0.0000 0.8420 0.0000 0.1580
013460 0.0000 0.8420 0.0000 0.1580
013480 0.0000 0.8420 0.0000 0.1580
013500 0.0000 0.8420 0.0000 0.1580
013520 0.0000 0.8420 0.0000 0.1580
013540 0.0000 0.8420 0.0000 0.1580
013560 0.0000 0.8420 0.0000 0.1580
013580 0.0000 0.8420 0.0000 0.1580
013600 0.0000 0.8420 0.0000 0.1580
013620 0.0000 0.8420 0.0000 0.1580
013640 0.0000 0.8420 0.0000 0.1580
013660 0.0000 0.8420 0.0000 0.1580
013680 0.0000 0.8420 0.0000 0.1580
013700 0.0000 0.8420 0.0000 0.1580
013720 0.0000 0.8420 0.0000 0.1580
013740 0.0000 0.8420 0.0000 0.1580
013760 0.0000 0.8420 0.0000 0.1580
013780 0.0000 0.8420 0.0000 0.1580
013800 0.0000 0.8420 0.0000 0.1580
013820 0.0000 0.8420 0.0000 0.1580
013840 0.0000 0.8420 0.0000 0.1580
013860 0.0000 0.8420 0.0000 0.1580
013880 0.0000 0.8420 0.0000 0.1580
013900 0.0000 0.8420 0.0000 0.1580
013920 0.0000 0.8420 0.0000 0.1580
013940 0.0000 0.8420 0.0000 0.1580
013960 0.0000 0.8420 0.0000 0.1580
013980 0.0000 0.8420 0.0000 0.1580
014000 0.0000 0.8420 0.0000 0.1580
014020 0.0000 0.8420 0.0000 0.1580
014040 0.0000 0.8420 0.0000 0.1580
014060 0.0000 0.8420 0.0000 0.1580
014080 0.0000 0.8420 0.0000 0.1580
014100 0.0000 0.8420 0.0000 0.1580
014120 0.0000 0.8420 0.0000 0.1580
014140 0.0000 0.8420 0.0000 0.1580
014160 0.0000 0.8420 0.0000 0.1580
014180 0.0000 0.8420 0.0000 0.1580
014200 0.0000 0.8420 0.0000 0.1580
014220 0.0000 0.8420 0.0000 0.1580
014240 0.0000 0.8420 0.0000 0.1580
014260 0.0000 0.8420 0.0000 0.1580
014280 0.0000 0.8420 0.0000 0.1580
014300 0.0000 0.8420 0.0000 0.1580
014320 0.0000 0.8420 0.0000 0.1580
014340 0.0000 0.8420 0.0000 0.1580
014360 0.0000 0.8420 0.0000 0.1580
014380 0.0000 0.8420 0.0000 0.1580
014400 0.0000 0.8420 0.0000 0.1580
014420 0.0000 0.8420 0.0000 0.1580
014440 0.0000 0.8420 0.0000 0.1580
014460 0.0000 0.8420 0.0000 0.1580
014480 0.0000 0.8420 0.0000 0.1580
014500 0.0000 0.8420 0.0000 0.1580
014520 0.0000 0.8420 0.0000 0.1580
014540 0.0000 0.8420 0.0000 0.1580
014560 0.0000 0.8420 0.0000 0.1580
014580 0.0000 0.8420 0.0000 0.1580
014600 0.0000 0.8420 0.0000 0.1580
014620 0.0000 0.8420 0.0000 0.1580
014640 0.0000 0.8420 0.0000 0.1580
014660 0.0000 0.8420 0.0000 0.1580
014680 0.0000 0.8420 0.0000 0.1580
014700 0.0000 0.8420 0.0000 0.1580
014720 0.0000 0.8420 0.0000 0.1580
014740 0.0000 0.8420 0.0000 0.1580
014760 0.0000 0.8420 0.0000 0.1580
014780 0.0000 0.8420 0.0000 0.1580
014800 0.0000 0.8420 0.0000 0.1580
014820 0.0000 0.8420 0.0000 0.1580
014840 0.0000 0.8420 0.0000 0.1580
014860 0.0000 0.8420 0.0000 0.1580
014880 0.0000 0.8420 0.0000 0.1580
014900 0.0000 0.8420 0.0000 0.1580
014920 0.0000 0.8420 0.0000 0.1580
014940 0.0000 0.8420 0.0000 0.1580
014960 0.0000 0.8420 0.0000 0.1580
014980 0.0000 0.8420 0.0000 0.1580
015000 0.0000 0.8420 0.0000 0.1580
015020 0.0000 0.8420 0.0000 0.1580
015040 0.0000 0.8420 0.0000 0.1580
015060 0.0000 0.8420 0.0000 0.1580
015080 0.0000 0.8420 0.0000 0.1580
015100 0.0000 0.8420 0.0000 0.1580
015120 0.0000 0.8420 0.0000 0.1580
015140 0.0000 0.8420 0.0000 0.1580
015160 0.0000 0.8420 0.0000 0.1580
015180 0.0000 0.8420 0.0000 0.1580
015200 0.0000 0.8420 0.0000 0.1580
015220 0.0000 0.8420 0.0000 0.1580
015240 0.0000 0.8420 0.0000 0.1580
015260 0.0000 0.8420 0.0000 0.1580
015280 0.0000 0.8420 0.0000 0.1580
015300 0.0000 0.8420 0.0000 0.1580
015320 0.0000 0.8420 0.0000 0.1580
015340 0.0000 0.8420 0.0000 0.1580
015360 0.0000 0.8420 0.0000 0.1580
015380 0.0000 0.8420 0.0000 0.1580
015400 0.0000 0.8420 0.0000 0.1580
015420 0.0000 0.8420 0.0000 0.1580
015440 0.0000 0.8420 0.0000 0.1580
015460 0.0000 0.8420 0.0000 0.1580
015480 0.0000 0.8420 0.0000 0.1580
015500 0.0000 0.8420 0.0000 0.1580
015520 0.0000 0.8420 0.0000 0.1580
015540 0.0000 0.8420 0.0000 0.1580
015560 0.0000 0.8420 0.0000 0.1580
015580 0.0000 0.8420 0.0000 0.1580
015600 0.0000 0.8420 0.0000 0.1580
015620 0.0000 0.8420 0.0000 0.1580
015640 0.0000 0.8420 0.0000 0.1580
015660 0.0000 0.8420 0.0000 0.1580
015680 0.0000 0.8420 0.0000 0.1580
015700 0.0000 0.8420 0.0000 0.1580
015720 0.0000 0.8420 0.0000 0.1580
015740 0.0000 0.8420 0.0000 0.1580
015760 0.0000 0.8420 0.0000 0.1580
015780 0.0000 0.8420 0.0000 0.1580
015800 0.0000 0.8420 0.0000 0.1580
015820 0.0000 0.8420 0.0000 0.1580
015840 0.0000 0.8420 0.0000 0.1580
015860 0.0000 0.8420 0.0000 0.1580
015880 0.0000 0.8420 0.0000 0.1580
015900 0.0000 0.8420 0.0000 0.1580
015920 0.0000 0.8420 0.0000 0.1580
015940 0.0000 0.8420 0.0000 0.1580
015960 0.0000 0.8420 0.0000 0.1580
015980 0.0000 0.8420 0.0000 0.1580
016000 0.0000 0.8420 0.0000 0.1580
016020 0.0000 0.8420 0.0000 0.1580
016040 0.0000 0.8420 0.0000 0.1580
016060 0.0000 0.8420 0.0000 0.1580
016080 0.0000 0.8420 0.0000 0.1580
016100 0.0000 0.8420 0.0000 0.1580
016120 0.0000 0.8420 0.0000 0.1580
016140 0.0000 0.8420 0.0000 0.1580
016160 0.0000 0.8420 0.0000 0.1580
016180 0.0000 0.8420 0.0000 0.1580
016200 0.0000 0.8420 0.0000 0.1580
016220 0.0000 0.8420 0.0000 0.1580
016240 0.0000 0.8420 0.0000 0.1580
016260 0.0000 0.8420 0.0000 0.1580
016280 0.0000 0.8420 0.0000 0.1580
016300 0.0000 0.8420 0.0000 0.1580
016320 0.0000 0.8420 0.0000 0.1580
016340 0.0000 0.8420 0.0000 0.1580
016360 0.0000 0.8420 0.0000 0.1580
016380 0.0000 0.8420 0.0000 0.1580
016400 0.0000 0.8420 0.0000 0.1580
016420 0.0000 0.8420 0.0000 0.1580
016440 0.0000 0.8420 0.0000 0.1580
016460 0.0000 0.8420 0.0000 0.1580
016480 0.0000 0.8420 0.0000 0.1580
016500 0.0000 0.8420 0.0000 0.1580
016520 0.0000 0.8420 0.0000 0.1580
016540 0.0000 0.8420 0.0000 0.1580
016560 0.0000 0.8420 0.0000 0.1580
016580 0.0000 0.8420 0.0000 0.1580
016600 0.0000 0.8420 0.0000 0.1580
016620 0.0000 0.8420 0.0000 0.1580
016640 0.0000 0.8420 0.0000 0.1580
016660 0.0000 0.8420 0.0000 0.1580
016680 0.0000 0.8420 0.0000 0.1580
016700 0.0000 0.8420 0.0000 0.1580
016720 0.0000 0.8420 0.0000 0.1580
016740 0.0000 0.8420 0.0000 0.1580
016760 0.0000 0.8420 0.0000 0.1580
016780 0.0000 0.8420 0.0000 0.1580
016800 0.0000 0.8420 0.0000 0.1580
016820 0.0000 0.8420 0.0000 0.1580
016840 0.0000 0.8420 0.0000 0.1580
016860 0.0000 0.8420 0.0000 0.1580
016880 0.0000 0.8420 0.0000 0.1580
016900 0.0000 0.8420 0.0000 0.1580
016920 0.0000 0.8420 0.0000 0.1580
016940 0.0000 0.8420 0.0000 0.1580
016960 0.0000 0.8420 0.0000 0.1580
016980 0.0000 0.8420 0.0000 0.1580
017000 0.0000 0.8420 0.0000 0.1580
017020 0.0000 0.8420 0.0000 0.1580
017040 0.0000 0.8420 0.0000 0.1580
017060 0.0000 0.8420 0.0000 0.1580
017080 0.0000 0.8420 0.0000 0.1580
017100 0.0000 0.8420 0.0000 0.1580
017120 0.0000 0.8420 0.0000 0.1580
017140 0.0000 0.8420 0.0000 0.1580
017160 0.0000 0.8420 0.0000 0.1580
017180 0.0000 0.8420 0.0000 0.1580
017200 0.0000 0.8420 0.0000 0.1580
017220 0.0000 0.8420 0.0000 0.1580
017240 0.0000 0.8420 0.0000 0.1580
017260 0.0000 0.8420 0.0000 0.1580
017280 0.0000 0.8420 0.0000 0.1580
017300 0.0000 0.8420 0.0000 0.1580
017320 0.0000 0.8420 0.0000 0.1580
017340 0.0000 0.8420 0.0000 0.1580
017360 0.0000 0.8420 0.0000 0.1580
017380 0.0000 0.8420 0.0000 0.1580
017400 0.0000 0.8420 0.0000 0.1580
017420 0.0000 0.8420 0.0000 0.1580
017440 0.0000 0.8420 0.0000 0.1580
017460 0.0000 0.8420 0.0000 0.1580
017480 0.0000 0.8420 0.0000 0.1580
017500 0.0000 0.8420 0.0000 0.1580
017520 0.0000 0.8420 0.0000 0.1580
017540 0.0000 0.8420 0.0000 0.1580
017560 0.0000 0.8420 0.0000 0.1580
017580 0.0000 0.8420 0.0000 0.1580
017600 0.0000 0.8420 0.0000 0.1580
017620 0.0000 0.8420 0.0000 0.1580
017640 0.0000 0.8420 0.0000 0.1580
017660 0.0000 0.8420 0.0000 0.1580
017680 0.0000 0.8420 0.0000 0.1580
017700 0.0000 0.8420 0.0000 0.1580
017720 0.0000 0.8420 0.0000 0.1580
017740 0.0000 0.8420 0.0000 0.1580
017760 0.0000 0.8420 0.0000 0.1580
017780 0.0000 0.8420 0.0000 0.1580
017800 0.0000 0.8420 0.0000 0.1580
017820 0.0000 0.8420 0.0000 0.1580
017840 0.0000 0.8420 0.0000 0.1580
017860 0.0000 0.8420 0.0000 0.1580
017880 0.0000 0.8420 0.0000 0.1580
017900 0.0000 0.8420 0.0000 0.1580
017920 0.0000 0.8420 0.0000 0.1580
017940 0.0000 0.8420 0.0000 0.1580
017960 0.0000 0.8420 0.0000 0.1580
017980 0.0000 0.8420 0.0000 0.1580
018000 0.0000 0.8420 0.0000 0.1580
018020 0.0000 0.8420 0.0000 0.1580
018040 0.0000 0.8420 0.0000 0.1580
018060 0.0000 0.8420 0.0000 0.1580
018080 0.0000 0.8420 0.0000 0.1580
018100 0.0000 0.8420 0.0000 0.1580
018120 0.0000 0.8420 0.0000 0.1580
018140 0.0000 0.8420 0.0000 0.1580
018160 0.0000 0.8420 0.0000 0.1580
018180 0.0000 0.8420 0.0000 0.1580
018200 0.0000 0.8420 0.0000 0.1580
018220 0.0000 0.8420 0.0000 0.1580
018240 0.0000 0.8420 0.0000 0.1580
018260 0.0000 0.8420 0.0000 0.1580
018280 0.0000 0.8420 0.0000 0.1580
018300 0.0000 0.8420 0.0000 0.1580
018320 0.0000 0.8420 0.0000 0.1580
018340 0.0000 0.8420 0.0000 0.1580
018360 0.0000 0.8420 0.0000 0.1580
018380 0.0000 0.8420 0.0000 0.1580
018400 0.0000 0.8420 0.0000 0.1580
018420 0.0000 0.8420 0.0000 0.1580
018440 0.0000 0.8420 0.0000 0.1580
018460 0.0000 0.8420 0.0000 0.1580
018480 0.0000 0.8420 0.0000 0.1580
018500 0.0000 0.8420 0.0000 0.1580
018520 0.0000 0.8420 0.0000 0.1580
018540 0.0000 0.8420 0.0000 0.1580
018560 0.0000 0.8420 0.0000 0.1580
018580 0.0000 0.8420 0.0000 0.1580
018600 0.0000 0.8420 0.0000 0.1580
018620 0.0000 0.8420 0.0000 0.1580
018640 0.0000 0.8420 0.0000 0.1580
018660 0.0000 0.8420 0.0000 0.1580
018680 0.0000 0.8420 0.0000 0.1580
018700 0.0000 0.8420 0.0000 0.1580
018720 0.0000 0.8420 0.0000 0.1580
018740 0.0000 0.8420 0.0000 0.1580
018760 0.0000 0.8420 0.0000 0.1580
018780 0.0000 0.8420 0.0000 0.1580
018800 0.0000 0.8420 0.0000 0.1580
018820 0.0000 0.8420 0.0000 0.1580
018840 0.0000 0.8420 0.0000 0.1580
018860 0.0000 0.8420 0.0000 0.1580
018880 0.0000 0.8420 0.0000 0.1580
018900 0.0000 0.8420 0.0000 0.1580
018920 0.0000 0.8420 0.0000 0.1580
018940 0.0000 0.8420 0.0000 0.1580
018960 0.0000 0.8420 0.0000 0.1580
018980 0.0000 0.8420 0.0000 0.1580
019000 0.0000 0.8420 0.0000 0.1580
019020 0.0000 0.8420 0.0000 0.1580
019040 0.0000 0.8420 0.0000 0.1580
019060 0.0000 0.8420 0.0000 0.1580
019080 0.0000 0.8420 0.0000 0.1580
019100 0.0000 0.8420 0.0000 0.1580
019120 0.0000 0.8420 0.0000 0.1580
019140 0.0000 0.8420 0.0000 0.1580
019160 0.0000 0.8420 0.0000 0.1580
019180 0.0000 0.8420 0.0000 0.1580
019200 0.0000 0.8420 0.0000 0.1580
019220 0.0000 0.8420 0.0000 0.1580
019240 0.0000 0.8420 0.0000 0.1580
019260 0.0000 0.8420 0.0000 0.1580
019280 0.0000 0.8420 0.0000 0.1580
019300 0.0000 0.8420 0.0000 0.1580
019320 0.0000 0.8420 0.0000 0.1580
019340 0.0000 0.8420 0.0000 0.1580
019360 0.0000 0.8420 0.0000 0.1580
019380 0.0000 0.8420 0.0000 0.1580
019400 0.0000 0.8420 0.0000 0.1580
019420 0.0000 0.8420 0.0000 0.1580
019440 0.0000 0.8420 0.0000 0.1580
019460 0.0000 0.8420 0.0000 0.1580
019480 0.0000 0.8420 0.0000 0.1580
019500 0.0000 0.8420 0.0000 0.1580
019520 0.0000 0.8420 0.0000 0.1580
019540 0.0000 0.8420 0.0000 0.1580
019560 0.0000 0.8420 0.0000 0.1580
019580 0.0000 0.8420 0.0000 0.1580
019600 0.0000 0.8420 0.0000 0.1580
019620 0.0000 0.8420 0.0000 0.1580
019640 0.0000 0.8420 0.0000 0.1580
019660 0.0000 0.8420 0.0000 0.1580
019680 0.0000 0.8420 0.0000 0.1580
019700 0.0000 0.8420 0.0000 0.1580
019720 0.0000 0.8420 0.0000 0.1580
019740 0.0000 0.8420 0.0000 0.1580
019760 0.0000 0.8420 0.0000 0.1580
019780 0.0000 0.8420 0.0000 0.1580
019800 0.0000 0.8420 0.0000 0.1580
019820 0.0000 0.8420 0.0000 0.1580
019840 0.0000 0.8420 0.0000 0.1580
019860 0.0000 0.8420 0.0000 0.1580
019880 0.0000 0.8420 0.0000 0.1580
019900 0.0000 0.8420 0.0000 0.1580
019920 0.0000 0.8420 0.0000 0.1580
019940 0.0000 0.8420 0.0000 0.1580
019960 0.0000 0.8420 0.0000 0.1580
019980 0.0000 0.8420 0.0000 0.1580
020000 0.0000 0.8420 0.0000 0.1580
