000000 0.2498 0.2500 0.2507 0.2496
000020 0.1028 0.7129 0.0010 0.1833
000040 0.0776 0.7527 0.0001 0.1696
000060 0.0632 0.7721 0.0000 0.1647
000080 0.0524 0.7832 0.0000 0.1644
000100 0.0440 0.7923 0.0000 0.1637
000120 0.0377 0.8001 0.0000 0.1622
000140 0.0322 0.8065 0.0000 0.1613
000160 0.0278 0.8115 0.0000 0.1607
000180 0.0246 0.8150 0.0000 0.1604
000200 0.0212 0.8189 0.0000 0.1599
000220 0.0186 0.8208 0.0000 0.1606
000240 0.0169 0.8232 0.0000 0.1600
000260 0.0142 0.8259 0.0000 0.1599
000280 0.0121 0.8286 0.0000 0.1592
000300 0.0107 0.8302 0.0000 0.1590
000320 0.0091 0.8317 0.0000 0.1592
000340 0.0082 0.8328 0.0000 0.1589
000360 0.0072 0.8331 0.0000 0.1598
000380 0.0064 0.8340 0.0000 0.1596
000400 0.0058 0.8351 0.0000 0.1591
000420 0.0052 0.8357 0.0000 0.1591
000440 0.0043 0.8369 0.0000 0.1588
000460 0.0035 0.8372 0.0000 0.1593
000480 0.0034 0.8369 0.0000 0.1597
000500 0.0031 0.8378 0.0000 0.1591
000520 0.0025 0.8388 0.0000 0.1587
000540 0.0019 0.8390 0.0000 0.1591
000560 0.0017 0.8392 0.0000 0.1591
000580 0.0016 0.8398 0.0000 0.1586
000600 0.0015 0.8399 0.0000 0.1586
000620 0.0012 0.8402 0.0000 0.1586
000640 0.0012 0.8397 0.0000 0.1591
000660 0.0010 0.8396 0.0000 0.1594
000680 0.0010 0.8401 0.0000 0.1590
000700 0.0009 0.8406 0.0000 0.1585
000720 0.0006 0.8407 0.0000 0.1587
000740 0.0006 0.8404 0.0000 0.1590
000760 0.0005 0.8401 0.0000 0.1594
000780 0.0004 0.8406 0.0000 0.1590
000800 0.0003 0.8408 0.0000 0.1589
000820 0.0002 0.8413 0.0000 0.1585
000840 0.0002 0.8415 0.0000 0.1583
000860 0.0002 0.8407 0.0000 0.1591
000880 0.0002 0.8402 0.0000 0.1595
000900 0.0002 0.8405 0.0000 0.1593
000920 0.0001 0.8412 0.0000 0.1587
000940 0.0001 0.8410 0.0000 0.1590
000960 0.0000 0.8410 0.0000 0.1590
000980 0.0000 0.8415 0.0000 0.1585
001000 0.0000 0.8403 0.0000 0.1597
001020 0.0000 0.8412 0.0000 0.1588
001040 0.0000 0.8415 0.0000 0.1584
001060 0.0000 0.8410 0.0000 0.1590
001080 0.0000 0.8410 0.0000 0.1590
001100 0.0000 0.8416 0.0000 0.1584
001120 0.0000 0.8411 0.0000 0.1589
001140 0.0000 0.8408 0.0000 0.1592
001160 0.0000 0.8412 0.0000 0.1588
001180 0.0000 0.8406 0.0000 0.1594
001200 0.0001 0.8420 0.0000 0.1580
001220 0.0001 0.8411 0.0000 0.1588
001240 0.0000 0.8414 0.0000 0.1586
001260 0.0000 0.8415 0.0000 0.1584
001280 0.0000 0.8414 0.0000 0.1585
001300 0.0000 0.8416 0.0000 0.1584
001320 0.0000 0.8425 0.0000 0.1575
001340 0.0000 0.8412 0.0000 0.1588
001360 0.0000 0.8417 0.0000 0.1583
001380 0.0000 0.8415 0.0000 0.1585
001400 0.0000 0.8408 0.0000 0.1592
001420 0.0000 0.8410 0.0000 0.1590
001440 0.0000 0.8418 0.0000 0.1582
001460 0.0000 0.8406 0.0000 0.1594
001480 0.0000 0.8407 0.0000 0.1593
001500 0.0000 0.8415 0.0000 0.1585
001520 0.0000 0.8412 0.0000 0.1588
001540 0.0000 0.8410 0.0000 0.1590
001560 0.0000 0.8417 0.0000 0.1583
001580 0.0000 0.8413 0.0000 0.1587
001600 0.0000 0.8409 0.0000 0.1591
001620 0.0000 0.8423 0.0000 0.1577
001640 0.0000 0.8418 0.0000 0.1582
001660 0.0000 0.8407 0.0000 0.1593
001680 0.0000 0.8417 0.0000 0.1583
001700 0.0000 0.8412 0.0000 0.1588
001720 0.0000 0.8415 0.0000 0.1585
001740 0.0000 0.8408 0.0000 0.1592
001760 0.0000 0.8400 0.0000 0.1600
001780 0.0000 0.8411 0.0000 0.1589
001800 0.0000 0.8407 0.0000 0.1593
001820 0.0000 0.8423 0.0000 0.1577
001840 0.0000 0.8411 0.0000 0.1589
001860 0.0000 0.8419 0.0000 0.1581
001880 0.0000 0.8412 0.0000 0.1588
001900 0.0000 0.8412 0.0000 0.1588
001920 0.0000 0.8413 0.0000 0.1587
001940 0.0000 0.8418 0.0000 0.1582
001960 0.0000 0.8411 0.0000 0.1589
001980 0.0000 0.8414 0.0000 0.1586
002000 0.0000 0.8401 0.0000 0.1599
002020 0.0000 0.8412 0.0000 0.1588
002040 0.0000 0.8408 0.0000 0.1592
002060 0.0000 0.8404 0.0000 0.1596
002080 0.0000 0.8418 0.0000 0.1582
002100 0.0000 0.8413 0.0000 0.1587
002120 0.0000 0.8411 0.0000 0.1589
002140 0.0000 0.8414 0.0000 0.1586
002160 0.0000 0.8413 0.0000 0.1587
002180 0.0000 0.8416 0.0000 0.1584
002200 0.0000 0.8412 0.0000 0.1588
002220 0.0000 0.8411 0.0000 0.1589
002240 0.0000 0.8419 0.0000 0.1581
002260 0.0000 0.8406 0.0000 0.1594
002280 0.0000 0.8420 0.0000 0.1580
002300 0.0000 0.8416 0.0000 0.1584
002320 0.0000 0.8415 0.0000 0.1585
002340 0.0000 0.8416 0.0000 0.1584
002360 0.0000 0.8414 0.0000 0.1586
002380 0.0000 0.8409 0.0000 0.1591
002400 0.0000 0.8410 0.0000 0.1590
002420 0.0000 0.8414 0.0000 0.1586
002440 0.0000 0.8424 0.0000 0.1576
002460 0.0000 0.8417 0.0000 0.1583
002480 0.0000 0.8412 0.0000 0.1588
002500 0.0000 0.8408 0.0000 0.1592
002520 0.0000 0.8411 0.0000 0.1589
002540 0.0000 0.8416 0.0000 0.1584
002560 0.0000 0.8409 0.0000 0.1591
002580 0.0000 0.8411 0.0000 0.1589
002600 0.0000 0.8418 0.0000 0.1582
002620 0.0000 0.8417 0.0000 0.1583
002640 0.0000 0.8419 0.0000 0.1581
002660 0.0000 0.8410 0.0000 0.1590
002680 0.0000 0.8415 0.0000 0.1585
002700 0.0000 0.8412 0.0000 0.1588
002720 0.0000 0.8407 0.0000 0.1593
002740 0.0000 0.8412 0.0000 0.1588
002760 0.0000 0.8410 0.0000 0.1590
002780 0.0000 0.8409 0.0000 0.1591
002800 0.0000 0.8411 0.0000 0.1589
002820 0.0000 0.8410 0.0000 0.1590
002840 0.0000 0.8404 0.0000 0.1596
002860 0.0000 0.8406 0.0000 0.1594
002880 0.0000 0.8410 0.0000 0.1590
002900 0.0000 0.8412 0.0000 0.1588
002920 0.0000 0.8411 0.0000 0.1589
002940 0.0000 0.8418 0.0000 0.1582
002960 0.0000 0.8419 0.0000 0.1581
002980 0.0000 0.8417 0.0000 0.1583
003000 0.0000 0.8417 0.0000 0.1583
003020 0.0000 0.8406 0.0000 0.1594
003040 0.0000 0.8412 0.0000 0.1588
003060 0.0000 0.8412 0.0000 0.1588
003080 0.0000 0.8416 0.0000 0.1584
003100 0.0000 0.8403 0.0000 0.1597
003120 0.0000 0.8411 0.0000 0.1589
003140 0.0000 0.8411 0.0000 0.1589
003160 0.0000 0.8404 0.0000 0.1596
003180 0.0000 0.8408 0.0000 0.1592
003200 0.0000 0.8420 0.0000 0.1580
003220 0.0000 0.8410 0.0000 0.1590
003240 0.0000 0.8402 0.0000 0.1598
003260 0.0000 0.8408 0.0000 0.1592
003280 0.0000 0.8414 0.0000 0.1586
003300 0.0000 0.8418 0.0000 0.1582
003320 0.0000 0.8413 0.0000 0.1587
003340 0.0000 0.8413 0.0000 0.1587
003360 0.0000 0.8420 0.0000 0.1580
003380 0.0000 0.8416 0.0000 0.1584
003400 0.0000 0.8406 0.0000 0.1594
003420 0.0000 0.8412 0.0000 0.1588
003440 0.0000 0.8414 0.0000 0.1586
003460 0.0000 0.8415 0.0000 0.1585
003480 0.0000 0.8409 0.0000 0.1591
003500 0.0000 0.8407 0.0000 0.1593
003520 0.0000 0.8409 0.0000 0.1591
003540 0.0000 0.8404 0.0000 0.1596
003560 0.0000 0.8413 0.0000 0.1587
003580 0.0000 0.8412 0.0000 0.1588
003600 0.0000 0.8414 0.0000 0.1586
003620 0.0000 0.8425 0.0000 0.1575
003640 0.0000 0.8419 0.0000 0.1581
003660 0.0000 0.8429 0.0000 0.1571
003680 0.0000 0.8413 0.0000 0.1587
003700 0.0000 0.8409 0.0000 0.1591
003720 0.0000 0.8408 0.0000 0.1592
003740 0.0000 0.8420 0.0000 0.1580
003760 0.0000 0.8417 0.0000 0.1583
003780 0.0000 0.8403 0.0000 0.1597
003800 0.0000 0.8406 0.0000 0.1594
003820 0.0000 0.8419 0.0000 0.1581
003840 0.0000 0.8412 0.0000 0.1588
003860 0.0000 0.8413 0.0000 0.1587
003880 0.0000 0.8405 0.0000 0.1595
003900 0.0000 0.8409 0.0000 0.1591
003920 0.0000 0.8419 0.0000 0.1581
003940 0.0000 0.8412 0.0000 0.1588
003960 0.0000 0.8414 0.0000 0.1586
003980 0.0000 0.8413 0.0000 0.1587
004000 0.0000 0.8419 0.0000 0.1581
004020 0.0000 0.8410 0.0000 0.1590
004040 0.0000 0.8412 0.0000 0.1588
004060 0.0000 0.8410 0.0000 0.1590
004080 0.0000 0.8415 0.0000 0.1585
004100 0.0000 0.8414 0.0000 0.1586
004120 0.0000 0.8414 0.0000 0.1586
004140 0.0000 0.8422 0.0000 0.1578
004160 0.0000 0.8420 0.0000 0.1580
004180 0.0000 0.8419 0.0000 0.1581
004200 0.0000 0.8414 0.0000 0.1586
004220 0.0000 0.8408 0.0000 0.1592
004240 0.0000 0.8420 0.0000 0.1580
004260 0.0000 0.8411 0.0000 0.1589
004280 0.0000 0.8411 0.0000 0.1589
004300 0.0000 0.8415 0.0000 0.1585
004320 0.0000 0.8430 0.0000 0.1570
004340 0.0000 0.8416 0.0000 0.1584
004360 0.0000 0.8415 0.0000 0.1585
004380 0.0000 0.8409 0.0000 0.1591
004400 0.0000 0.8408 0.0000 0.1592
004420 0.0000 0.8407 0.0000 0.1593
004440 0.0000 0.8421 0.0000 0.1579
004460 0.0000 0.8419 0.0000 0.1581
004480 0.0000 0.8411 0.0000 0.1589
004500 0.0000 0.8412 0.0000 0.1588
004520 0.0000 0.8415 0.0000 0.1585
004540 0.0000 0.8419 0.0000 0.1581
004560 0.0000 0.8412 0.0000 0.1588
004580 0.0000 0.8410 0.0000 0.1590
004600 0.0000 0.8410 0.0000 0.1590
004620 0.0000 0.8406 0.0000 0.1594
004640 0.0000 0.8407 0.0000 0.1593
004660 0.0000 0.8411 0.0000 0.1589
004680 0.0000 0.8399 0.0000 0.1601
004700 0.0000 0.8410 0.0000 0.1590
004720 0.0000 0.8417 0.0000 0.1583
004740 0.0000 0.8410 0.0000 0.1590
004760 0.0000 0.8413 0.0000 0.1587
004780 0.0000 0.8415 0.0000 0.1585
004800 0.0000 0.8417 0.0000 0.1583
004820 0.0000 0.8407 0.0000 0.1593
004840 0.0000 0.8411 0.0000 0.1589
004860 0.0000 0.8409 0.0000 0.1591
004880 0.0000 0.8413 0.0000 0.1587
004900 0.0000 0.8409 0.0000 0.1591
004920 0.0000 0.8404 0.0000 0.1596
004940 0.0000 0.8409 0.0000 0.1591
004960 0.0000 0.8412 0.0000 0.1588
004980 0.0000 0.8411 0.0000 0.1589
005000 0.0000 0.8411 0.0000 0.1589
005020 0.0000 0.8410 0.0000 0.1590
005040 0.0000 0.8416 0.0000 0.1584
005060 0.0000 0.8418 0.0000 0.1582
005080 0.0000 0.8415 0.0000 0.1585
005100 0.0000 0.8411 0.0000 0.1589
005120 0.0000 0.8409 0.0000 0.1591
005140 0.0000 0.8409 0.0000 0.1591
005160 0.0000 0.8407 0.0000 0.1593
005180 0.0000 0.8401 0.0000 0.1599
005200 0.0000 0.8412 0.0000 0.1588
005220 0.0000 0.8404 0.0000 0.1596
005240 0.0000 0.8414 0.0000 0.1586
005260 0.0000 0.8418 0.0000 0.1582
005280 0.0000 0.8401 0.0000 0.1599
005300 0.0000 0.8411 0.0000 0.1589
005320 0.0000 0.8413 0.0000 0.1587
005340 0.0000 0.8416 0.0000 0.1584
005360 0.0000 0.8412 0.0000 0.1588
005380 0.0000 0.8413 0.0000 0.1587
005400 0.0000 0.8416 0.0000 0.1584
005420 0.0000 0.8416 0.0000 0.1584
005440 0.0000 0.8419 0.0000 0.1581
005460 0.0000 0.8412 0.0000 0.1588
005480 0.0000 0.8417 0.0000 0.1583
005500 0.0000 0.8409 0.0000 0.1591
005520 0.0000 0.8414 0.0000 0.1586
005540 0.0000 0.8414 0.0000 0.1586
005560 0.0000 0.8419 0.0000 0.1581
005580 0.0000 0.8416 0.0000 0.1584
005600 0.0000 0.8415 0.0000 0.1585
005620 0.0000 0.8410 0.0000 0.1590
005640 0.0000 0.8407 0.0000 0.1593
005660 0.0000 0.8411 0.0000 0.1589
005680 0.0000 0.8420 0.0000 0.1580
005700 0.0000 0.8414 0.0000 0.1586
005720 0.0000 0.8410 0.0000 0.1590
005740 0.0000 0.8416 0.0000 0.1584
005760 0.0000 0.8408 0.0000 0.1592
005780 0.0000 0.8415 0.0000 0.1585
005800 0.0000 0.8418 0.0000 0.1582
005820 0.0000 0.8416 0.0000 0.1584
005840 0.0000 0.8422 0.0000 0.1578
005860 0.0000 0.8413 0.0000 0.1587
005880 0.0000 0.8418 0.0000 0.1582
005900 0.0000 0.8407 0.0000 0.1593
005920 0.0000 0.8413 0.0000 0.1587
005940 0.0000 0.8410 0.0000 0.1590
005960 0.0000 0.8409 0.0000 0.1591
005980 0.0000 0.8408 0.0000 0.1592
006000 0.0000 0.8414 0.0000 0.1586
006020 0.0000 0.8419 0.0000 0.1581
006040 0.0000 0.8415 0.0000 0.1585
006060 0.0000 0.8418 0.0000 0.1582
006080 0.0000 0.8418 0.0000 0.1582
006100 0.0000 0.8418 0.0000 0.1582
006120 0.0000 0.8422 0.0000 0.1578
006140 0.0000 0.8422 0.0000 0.1578
006160 0.0000 0.8417 0.0000 0.1583
006180 0.0000 0.8415 0.0000 0.1585
006200 0.0000 0.8416 0.0000 0.1584
006220 0.0000 0.8414 0.0000 0.1586
006240 0.0000 0.8410 0.0000 0.1590
006260 0.0000 0.8409 0.0000 0.1591
006280 0.0000 0.8406 0.0000 0.1594
006300 0.0000 0.8412 0.0000 0.1588
006320 0.0000 0.8409 0.0000 0.1591
006340 0.0000 0.8417 0.0000 0.1583
006360 0.0000 0.8408 0.0000 0.1592
006380 0.0000 0.8406 0.0000 0.1594
006400 0.0000 0.8418 0.0000 0.1582
006420 0.0000 0.8409 0.0000 0.1591
006440 0.0000 0.8413 0.0000 0.1587
006460 0.0000 0.8412 0.0000 0.1588
006480 0.0000 0.8410 0.0000 0.1590
006500 0.0000 0.8409 0.0000 0.1591
006520 0.0000 0.8408 0.0000 0.1592
006540 0.0000 0.8408 0.0000 0.1592
006560 0.0000 0.8415 0.0000 0.1585
006580 0.0000 0.8412 0.0000 0.1588
006600 0.0000 0.8410 0.0000 0.1590
006620 0.0000 0.8409 0.0000 0.1591
006640 0.0000 0.8412 0.0000 0.1588
006660 0.0000 0.8420 0.0000 0.1580
006680 0.0000 0.8406 0.0000 0.1594
006700 0.0000 0.8419 0.0000 0.1581
006720 0.0000 0.8414 0.0000 0.1586
006740 0.0000 0.8411 0.0000 0.1589
006760 0.0000 0.8403 0.0000 0.1597
006780 0.0000 0.8414 0.0000 0.1586
006800 0.0000 0.8420 0.0000 0.1580
006820 0.0000 0.8403 0.0000 0.1597
006840 0.0000 0.8414 0.0000 0.1586
006860 0.0000 0.8412 0.0000 0.1588
006880 0.0000 0.8412 0.0000 0.1588
006900 0.0000 0.8414 0.0000 0.1586
006920 0.0000 0.8406 0.0000 0.1594
006940 0.0000 0.8415 0.0000 0.1585
006960 0.0000 0.8412 0.0000 0.1588
006980 0.0000 0.8406 0.0000 0.1594
007000 0.0000 0.8414 0.0000 0.1586
007020 0.0000 0.8411 0.0000 0.1589
007040 0.0000 0.8406 0.0000 0.1594
007060 0.0000 0.8415 0.0000 0.1585
007080 0.0000 0.8407 0.0000 0.1593
007100 0.0000 0.8408 0.0000 0.1592
007120 0.0000 0.8412 0.0000 0.1588
007140 0.0000 0.8404 0.0000 0.1596
007160 0.0000 0.8405 0.0000 0.1595
007180 0.0000 0.8402 0.0000 0.1598
007200 0.0000 0.8405 0.0000 0.1595
007220 0.0000 0.8422 0.0000 0.1578
007240 0.0000 0.8414 0.0000 0.1586
007260 0.0000 0.8410 0.0000 0.1590
007280 0.0000 0.8417 0.0000 0.1583
007300 0.0000 0.8418 0.0000 0.1582
007320 0.0000 0.8412 0.0000 0.1588
007340 0.0000 0.8419 0.0000 0.1581
007360 0.0000 0.8409 0.0000 0.1591
007380 0.0000 0.8404 0.0000 0.1596
007400 0.0000 0.8406 0.0000 0.1594
007420 0.0000 0.8412 0.0000 0.1588
007440 0.0000 0.8411 0.0000 0.1589
007460 0.0000 0.8414 0.0000 0.1586
007480 0.0000 0.8411 0.0000 0.1589
007500 0.0000 0.8417 0.0000 0.1583
007520 0.0000 0.8409 0.0000 0.1591
007540 0.0000 0.8405 0.0000 0.1595
007560 0.0000 0.8410 0.0000 0.1590
007580 0.0000 0.8408 0.0000 0.1592
007600 0.0000 0.8417 0.0000 0.1583
007620 0.0000 0.8413 0.0000 0.1587
007640 0.0000 0.8412 0.0000 0.1588
007660 0.0000 0.8413 0.0000 0.1587
007680 0.0000 0.8402 0.0000 0.1598
007700 0.0000 0.8414 0.0000 0.1586
007720 0.0000 0.8410 0.0000 0.1590
007740 0.0000 0.8413 0.0000 0.1587
007760 0.0000 0.8417 0.0000 0.1583
007780 0.0000 0.8411 0.0000 0.1589
007800 0.0000 0.8413 0.0000 0.1587
007820 0.0000 0.8408 0.0000 0.1592
007840 0.0000 0.8409 0.0000 0.1591
007860 0.0000 0.8416 0.0000 0.1584
007880 0.0000 0.8419 0.0000 0.1581
007900 0.0000 0.8421 0.0000 0.1579
007920 0.0000 0.8419 0.0000 0.1581
007940 0.0000 0.8423 0.0000 0.1577
007960 0.0000 0.8417 0.0000 0.1583
007980 0.0000 0.8415 0.0000 0.1585
008000 0.0000 0.8416 0.0000 0.1584
008020 0.0000 0.8412 0.0000 0.1588
008040 0.0000 0.8419 0.0000 0.1581
008060 0.0000 0.8422 0.0000 0.1578
008080 0.0000 0.8422 0.0000 0.1578
008100 0.0000 0.8410 0.0000 0.1590
008120 0.0000 0.8409 0.0000 0.1591
008140 0.0000 0.8416 0.0000 0.1584
008160 0.0000 0.8413 0.0000 0.1587
008180 0.0000 0.8402 0.0000 0.1598
008200 0.0000 0.8418 0.0000 0.1582
008220 0.0000 0.8418 0.0000 0.1582
008240 0.0000 0.8413 0.0000 0.1587
008260 0.0000 0.8418 0.0000 0.1582
008280 0.0000 0.8420 0.0000 0.1580
008300 0.0000 0.8421 0.0000 0.1579
008320 0.0000 0.8421 0.0000 0.1579
008340 0.0000 0.8414 0.0000 0.1586
008360 0.0000 0.8416 0.0000 0.1584
008380 0.0000 0.8412 0.0000 0.1588
008400 0.0000 0.8402 0.0000 0.1598
008420 0.0000 0.8412 0.0000 0.1588
008440 0.0000 0.8422 0.0000 0.1578
008460 0.0000 0.8417 0.0000 0.1583
008480 0.0000 0.8420 0.0000 0.1580
008500 0.0000 0.8414 0.0000 0.1586
008520 0.0000 0.8405 0.0000 0.1595
008540 0.0000 0.8414 0.0000 0.1586
008560 0.0000 0.8415 0.0000 0.1585
008580 0.0000 0.8415 0.0000 0.1585
008600 0.0000 0.8411 0.0000 0.1589
008620 0.0000 0.8408 0.0000 0.1592
008640 0.0000 0.8415 0.0000 0.1585
008660 0.0000 0.8404 0.0000 0.1596
008680 0.0000 0.8414 0.0000 0.1586
008700 0.0000 0.8402 0.0000 0.1598
008720 0.0000 0.8413 0.0000 0.1587
008740 0.0000 0.8419 0.0000 0.1581
008760 0.0000 0.8417 0.0000 0.1583
008780 0.0000 0.8415 0.0000 0.1585
008800 0.0000 0.8415 0.0000 0.1585
008820 0.0000 0.8414 0.0000 0.1586
008840 0.0000 0.8408 0.0000 0.1592
008860 0.0000 0.8416 0.0000 0.1584
008880 0.0000 0.8414 0.0000 0.1586
008900 0.0000 0.8418 0.0000 0.1582
008920 0.0000 0.8402 0.0000 0.1598
008940 0.0000 0.8412 0.0000 0.1588
008960 0.0000 0.8418 0.0000 0.1582
008980 0.0000 0.8408 0.0000 0.1592
009000 0.0000 0.8409 0.0000 0.1591
009020 0.0000 0.8415 0.0000 0.1585
009040 0.0000 0.8408 0.0000 0.1592
009060 0.0000 0.8413 0.0000 0.1587
009080 0.0000 0.8421 0.0000 0.1579
009100 0.0000 0.8418 0.0000 0.1582
009120 0.0000 0.8406 0.0000 0.1594
009140 0.0000 0.8410 0.0000 0.1590
009160 0.0000 0.8411 0.0000 0.1589
009180 0.0000 0.8408 0.0000 0.1592
009200 0.0000 0.8407 0.0000 0.1593
009220 0.0000 0.8407 0.0000 0.1593
009240 0.0000 0.8415 0.0000 0.1585
009260 0.0000 0.8407 0.0000 0.1593
009280 0.0000 0.8408 0.0000 0.1592
009300 0.0000 0.8418 0.0000 0.1582
009320 0.0000 0.8410 0.0000 0.1590
009340 0.0000 0.8414 0.0000 0.1586
009360 0.0000 0.8408 0.0000 0.1592
009380 0.0000 0.8412 0.0000 0.1588
009400 0.0000 0.8413 0.0000 0.1587
009420 0.0000 0.8417 0.0000 0.1583
009440 0.0000 0.8413 0.0000 0.1587
009460 0.0000 0.8418 0.0000 0.1582
009480 0.0000 0.8415 0.0000 0.1585
009500 0.0000 0.8416 0.0000 0.1584
009520 0.0000 0.8404 0.0000 0.1596
009540 0.0000 0.8410 0.0000 0.1590
009560 0.0000 0.8413 0.0000 0.1587
009580 0.0000 0.8413 0.0000 0.1587
009600 0.0000 0.8415 0.0000 0.1585
009620 0.0000 0.8417 0.0000 0.1583
009640 0.0000 0.8411 0.0000 0.1589
009660 0.0000 0.8417 0.0000 0.1583
009680 0.0000 0.8418 0.0000 0.1582
009700 0.0000 0.8414 0.0000 0.1586
009720 0.0000 0.8410 0.0000 0.1590
009740 0.0000 0.8407 0.0000 0.1593
009760 0.0000 0.8416 0.0000 0.1584
009780 0.0000 0.8412 0.0000 0.1588
009800 0.0000 0.8413 0.0000 0.1587
009820 0.0000 0.8410 0.0000 0.1590
009840 0.0000 0.8406 0.0000 0.1594
009860 0.0000 0.8408 0.0000 0.1592
009880 0.0000 0.8409 0.0000 0.1591
009900 0.0000 0.8406 0.0000 0.1594
009920 0.0000 0.8410 0.0000 0.1590
009940 0.0000 0.8413 0.0000 0.1587
009960 0.0000 0.8407 0.0000 0.1593
009980 0.0000 0.8408 0.0000 0.1592
010000 0.0000 0.8404 0.0000 0.1596
010020 0.0000 0.8412 0.0000 0.1588
010040 0.0000 0.8412 0.0000 0.1588
010060 0.0000 0.8412 0.0000 0.1588
010080 0.0000 0.8412 0.0000 0.1588
010100 0.0000 0.8412 0.0000 0.1588
010120 0.0000 0.8412 0.0000 0.1588
010140 0.0000 0.8412 0.0000 0.1588
010160 0.0000 0.8412 0.0000 0.1588
010180 0.0000 0.8412 0.0000 0.1588
010200 0.0000 0.8412 0.0000 0.1588
010220 0.0000 0.8412 0.0000 0.1588
010240 0.0000 0.8412 0.0000 0.1588
010260 0.0000 0.8412 0.0000 0.1588
010280 0.0000 0.8412 0.0000 0.1588
010300 0.0000 0.8412 0.0000 0.1588
010320 0.0000 0.8412 0.0000 0.1588
010340 0.0000 0.8412 0.0000 0.1588
010360 0.0000 0.8412 0.0000 0.1588
010380 0.0000 0.8412 0.0000 0.1588
010400 0.0000 0.8412 0.0000 0.1588
010420 0.0000 0.8412 0.0000 0.1588
010440 0.0000 0.8412 0.0000 0.1588
010460 0.0000 0.8412 0.0000 0.1588
010480 0.0000 0.8412 0.0000 0.1588
010500 0.0000 0.8412 0.0000 0.1588
010520 0.0000 0.8412 0.0000 0.1588
010540 0.0000 0.8412 0.0000 0.1588
010560 0.0000 0.8412 0.0000 0.1588
010580 0.0000 0.8412 0.0000 0.1588
010600 0.0000 0.8412 0.0000 0.1588
010620 0.0000 0.8412 0.0000 0.1588
010640 0.0000 0.8412 0.0000 0.1588
010660 0.0000 0.8412 0.0000 0.1588
010680 0.0000 0.8412 0.0000 0.1588
010700 0.0000 0.8412 0.0000 0.1588
010720 0.0000 0.8412 0.0000 0.1588
010740 0.0000 0.8412 0.0000 0.1588
010760 0.0000 0.8412 0.0000 0.1588
010780 0.0000 0.8412 0.0000 0.1588
010800 0.0000 0.8412 0.0000 0.1588
010820 0.0000 0.8412 0.0000 0.1588
010840 0.0000 0.8412 0.0000 0.1588
010860 0.0000 0.8412 0.0000 0.1588
010880 0.0000 0.8412 0.0000 0.1588
010900 0.0000 0.8412 0.0000 0.1588
010920 0.0000 0.8412 0.0000 0.1588
010940 0.0000 0.8412 0.0000 0.1588
010960 0.0000 0.8412 0.0000 0.1588
010980 0.0000 0.8412 0.0000 0.1588
011000 0.0000 0.8412 0.0000 0.1588
011020 0.0000 0.8412 0.0000 0.1588
011040 0.0000 0.8412 0.0000 0.1588
011060 0.0000 0.8412 0.0000 0.1588
011080 0.0000 0.8412 0.0000 0.1588
011100 0.0000 0.8412 0.0000 0.1588
011120 0.0000 0.8412 0.0000 0.1588
011140 0.0000 0.8412 0.0000 0.1588
011160 0.0000 0.8412 0.0000 0.1588
011180 0.0000 0.8412 0.0000 0.1588
011200 0.0000 0.8412 0.0000 0.1588
011220 0.0000 0.8412 0.0000 0.1588
011240 0.0000 0.8412 0.0000 0.1588
011260 0.0000 0.8412 0.0000 0.1588
011280 0.0000 0.8412 0.0000 0.1588
011300 0.0000 0.8412 0.0000 0.1588
011320 0.0000 0.8412 0.0000 0.1588
011340 0.0000 0.8412 0.0000 0.1588
011360 0.0000 0.8412 0.0000 0.1588
011380 0.0000 0.8412 0.0000 0.1588
011400 0.0000 0.8412 0.0000 0.1588
011420 0.0000 0.8412 0.0000 0.1588
011440 0.0000 0.8412 0.0000 0.1588
011460 0.0000 0.8412 0.0000 0.1588
011480 0.0000 0.8412 0.0000 0.1588
011500 0.0000 0.8412 0.0000 0.1588
011520 0.0000 0.8412 0.0000 0.1588
011540 0.0000 0.8412 0.0000 0.1588
011560 0.0000 0.8412 0.0000 0.1588
011580 0.0000 0.8412 0.0000 0.1588
011600 0.0000 0.8412 0.0000 0.1588
011620 0.0000 0.8412 0.0000 0.1588
011640 0.0000 0.8412 0.0000 0.1588
011660 0.0000 0.8412 0.0000 0.1588
011680 0.0000 0.8412 0.0000 0.1588
011700 0.0000 0.8412 0.0000 0.1588
011720 0.0000 0.8412 0.0000 0.1588
011740 0.0000 0.8412 0.0000 0.1588
011760 0.0000 0.8412 0.0000 0.1588
011780 0.0000 0.8412 0.0000 0.1588
011800 0.0000 0.8412 0.0000 0.1588
011820 0.0000 0.8412 0.0000 0.1588
011840 0.0000 0.8412 0.0000 0.1588
011860 0.0000 0.8412 0.0000 0.1588
011880 0.0000 0.8412 0.0000 0.1588
011900 0.0000 0.8412 0.0000 0.1588
011920 0.0000 0.8412 0.0000 0.1588
011940 0.0000 0.8412 0.0000 0.1588
011960 0.0000 0.8412 0.0000 0.1588
011980 0.0000 0.8412 0.0000 0.1588
012000 0.0000 0.8412 0.0000 0.1588
012020 0.0000 0.8412 0.0000 0.1588
012040 0.0000 0.8412 0.0000 0.1588
012060 0.0000 0.8412 0.0000 0.1588
012080 0.0000 0.8412 0.0000 0.1588
012100 0.0000 0.8412 0.0000 0.1588
012120 0.0000 0.8412 0.0000 0.1588
012140 0.0000 0.8412 0.0000 0.1588
012160 0.0000 0.8412 0.0000 0.1588
012180 0.0000 0.8412 0.0000 0.1588
012200 0.0000 0.8412 0.0000 0.1588
012220 0.0000 0.8412 0.0000 0.1588
012240 0.0000 0.8412 0.0000 0.1588
012260 0.0000 0.8412 0.0000 0.1588
012280 0.0000 0.8412 0.0000 0.1588
012300 0.0000 0.8412 0.0000 0.1588
012320 0.0000 0.8412 0.0000 0.1588
012340 0.0000 0.8412 0.0000 0.1588
012360 0.0000 0.8412 0.0000 0.1588
012380 0.0000 0.8412 0.0000 0.1588
012400 0.0000 0.8412 0.0000 0.1588
012420 0.0000 0.8412 0.0000 0.1588
012440 0.0000 0.8412 0.0000 0.1588
012460 0.0000 0.8412 0.0000 0.1588
012480 0.0000 0.8412 0.0000 0.1588
012500 0.0000 0.8412 0.0000 0.1588
012520 0.0000 0.8412 0.0000 0.1588
012540 0.0000 0.8412 0.0000 0.1588
012560 0.0000 0.8412 0.0000 0.1588
012580 0.0000 0.8412 0.0000 0.1588
012600 0.0000 0.8412 0.0000 0.1588
012620 0.0000 0.8412 0.0000 0.1588
012640 0.0000 0.8412 0.0000 0.1588
012660 0.0000 0.8412 0.0000 0.1588
012680 0.0000 0.8412 0.0000 0.1588
012700 0.0000 0.8412 0.0000 0.1588
012720 0.0000 0.8412 0.0000 0.1588
012740 0.0000 0.8412 0.0000 0.1588
012760 0.0000 0.8412 0.0000 0.1588
012780 0.0000 0.8412 0.0000 0.1588
012800 0.0000 0.8412 0.0000 0.1588
012820 0.0000 0.8412 0.0000 0.1588
012840 0.0000 0.8412 0.0000 0.1588
012860 0.0000 0.8412 0.0000 0.1588
012880 0.0000 0.8412 0.0000 0.1588
012900 0.0000 0.8412 0.0000 0.1588
012920 0.0000 0.8412 0.0000 0.1588
012940 0.0000 0.8412 0.0000 0.1588
012960 0.0000 0.8412 0.0000 0.1588
012980 0.0000 0.8412 0.0000 0.1588
013000 0.0000 0.8412 0.0000 0.1588
013020 0.0000 0.8412 0.0000 0.1588
013040 0.0000 0.8412 0.0000 0.1588
013060 0.0000 0.8412 0.0000 0.1588
013080 0.0000 0.8412 0.0000 0.1588
013100 0.0000 0.8412 0.0000 0.1588
013120 0.0000 0.8412 0.0000 0.1588
013140 0.0000 0.8412 0.0000 0.1588
013160 0.0000 0.8412 0.0000 0.1588
013180 0.0000 0.8412 0.0000 0.1588
013200 0.0000 0.8412 0.0000 0.1588
013220 0.0000 0.8412 0.0000 0.1588
013240 0.0000 0.8412 0.0000 0.1588
013260 0.0000 0.8412 0.0000 0.1588
013280 0.0000 0.8412 0.0000 0.1588
013300 0.0000 0.8412 0.0000 0.1588
013320 0.0000 0.8412 0.0000 0.1588
013340 0.0000 0.8412 0.0000 0.1588
013360 0.0000 0.8412 0.0000 0.1588
013380 0.0000 0.8412 0.0000 0.1588
013400 0.0000 0.8412 0.0000 0.1588
013420 0.0000 0.8412 0.0000 0.1588
013440 0.0000 0.8412 0.0000 0.1588
013460 0.0000 0.8412 0.0000 0.1588
013480 0.0000 0.8412 0.0000 0.1588
013500 0.0000 0.8412 0.0000 0.1588
013520 0.0000 0.8412 0.0000 0.1588
013540 0.0000 0.8412 0.0000 0.1588
013560 0.0000 0.8412 0.0000 0.1588
013580 0.0000 0.8412 0.0000 0.1588
013600 0.0000 0.8412 0.0000 0.1588
013620 0.0000 0.8412 0.0000 0.1588
013640 0.0000 0.8412 0.0000 0.1588
013660 0.0000 0.8412 0.0000 0.1588
013680 0.0000 0.8412 0.0000 0.1588
013700 0.0000 0.8412 0.0000 0.1588
013720 0.0000 0.8412 0.0000 0.1588
013740 0.0000 0.8412 0.0000 0.1588
013760 0.0000 0.8412 0.0000 0.1588
013780 0.0000 0.8412 0.0000 0.1588
013800 0.0000 0.8412 0.0000 0.1588
013820 0.0000 0.8412 0.0000 0.1588
013840 0.0000 0.8412 0.0000 0.1588
013860 0.0000 0.8412 0.0000 0.1588
013880 0.0000 0.8412 0.0000 0.1588
013900 0.0000 0.8412 0.0000 0.1588
013920 0.0000 0.8412 0.0000 0.1588
013940 0.0000 0.8412 0.0000 0.1588
013960 0.0000 0.8412 0.0000 0.1588
013980 0.0000 0.8412 0.0000 0.1588
014000 0.0000 0.8412 0.0000 0.1588
014020 0.0000 0.8412 0.0000 0.1588
014040 0.0000 0.8412 0.0000 0.1588
014060 0.0000 0.8412 0.0000 0.1588
014080 0.0000 0.8412 0.0000 0.1588
014100 0.0000 0.8412 0.0000 0.1588
014120 0.0000 0.8412 0.0000 0.1588
014140 0.0000 0.8412 0.0000 0.1588
014160 0.0000 0.8412 0.0000 0.1588
014180 0.0000 0.8412 0.0000 0.1588
014200 0.0000 0.8412 0.0000 0.1588
014220 0.0000 0.8412 0.0000 0.1588
014240 0.0000 0.8412 0.0000 0.1588
014260 0.0000 0.8412 0.0000 0.1588
014280 0.0000 0.8412 0.0000 0.1588
014300 0.0000 0.8412 0.0000 0.1588
014320 0.0000 0.8412 0.0000 0.1588
014340 0.0000 0.8412 0.0000 0.1588
014360 0.0000 0.8412 0.0000 0.1588
014380 0.0000 0.8412 0.0000 0.1588
014400 0.0000 0.8412 0.0000 0.1588
014420 0.0000 0.8412 0.0000 0.1588
014440 0.0000 0.8412 0.0000 0.1588
014460 0.0000 0.8412 0.0000 0.1588
014480 0.0000 0.8412 0.0000 0.1588
014500 0.0000 0.8412 0.0000 0.1588
014520 0.0000 0.8412 0.0000 0.1588
014540 0.0000 0.8412 0.0000 0.1588
014560 0.0000 0.8412 0.0000 0.1588
014580 0.0000 0.8412 0.0000 0.1588
014600 0.0000 0.8412 0.0000 0.1588
014620 0.0000 0.8412 0.0000 0.1588
014640 0.0000 0.8412 0.0000 0.1588
014660 0.0000 0.8412 0.0000 0.1588
014680 0.0000 0.8412 0.0000 0.1588
014700 0.0000 0.8412 0.0000 0.1588
014720 0.0000 0.8412 0.0000 0.1588
014740 0.0000 0.8412 0.0000 0.1588
014760 0.0000 0.8412 0.0000 0.1588
014780 0.0000 0.8412 0.0000 0.1588
014800 0.0000 0.8412 0.0000 0.1588
014820 0.0000 0.8412 0.0000 0.1588
014840 0.0000 0.8412 0.0000 0.1588
014860 0.0000 0.8412 0.0000 0.1588
014880 0.0000 0.8412 0.0000 0.1588
014900 0.0000 0.8412 0.0000 0.1588
014920 0.0000 0.8412 0.0000 0.1588
014940 0.0000 0.8412 0.0000 0.1588
014960 0.0000 0.8412 0.0000 0.1588
014980 0.0000 0.8412 0.0000 0.1588
015000 0.0000 0.8412 0.0000 0.1588
015020 0.0000 0.8412 0.0000 0.1588
015040 0.0000 0.8412 0.0000 0.1588
015060 0.0000 0.8412 0.0000 0.1588
015080 0.0000 0.8412 0.0000 0.1588
015100 0.0000 0.8412 0.0000 0.1588
015120 0.0000 0.8412 0.0000 0.1588
015140 0.0000 0.8412 0.0000 0.1588
015160 0.0000 0.8412 0.0000 0.1588
015180 0.0000 0.8412 0.0000 0.1588
015200 0.0000 0.8412 0.0000 0.1588
015220 0.0000 0.8412 0.0000 0.1588
015240 0.0000 0.8412 0.0000 0.1588
015260 0.0000 0.8412 0.0000 0.1588
015280 0.0000 0.8412 0.0000 0.1588
015300 0.0000 0.8412 0.0000 0.1588
015320 0.0000 0.8412 0.0000 0.1588
015340 0.0000 0.8412 0.0000 0.1588
015360 0.0000 0.8412 0.0000 0.1588
015380 0.0000 0.8412 0.0000 0.1588
015400 0.0000 0.8412 0.0000 0.1588
015420 0.0000 0.8412 0.0000 0.1588
015440 0.0000 0.8412 0.0000 0.1588
015460 0.0000 0.8412 0.0000 0.1588
015480 0.0000 0.8412 0.0000 0.1588
015500 0.0000 0.8412 0.0000 0.1588
015520 0.0000 0.8412 0.0000 0.1588
015540 0.0000 0.8412 0.0000 0.1588
015560 0.0000 0.8412 0.0000 0.1588
015580 0.0000 0.8412 0.0000 0.1588
015600 0.0000 0.8412 0.0000 0.1588
015620 0.0000 0.8412 0.0000 0.1588
015640 0.0000 0.8412 0.0000 0.1588
015660 0.0000 0.8412 0.0000 0.1588
015680 0.0000 0.8412 0.0000 0.1588
015700 0.0000 0.8412 0.0000 0.1588
015720 0.0000 0.8412 0.0000 0.1588
015740 0.0000 0.8412 0.0000 0.1588
015760 0.0000 0.8412 0.0000 0.1588
015780 0.0000 0.8412 0.0000 0.1588
015800 0.0000 0.8412 0.0000 0.1588
015820 0.0000 0.8412 0.0000 0.1588
015840 0.0000 0.8412 0.0000 0.1588
015860 0.0000 0.8412 0.0000 0.1588
015880 0.0000 0.8412 0.0000 0.1588
015900 0.0000 0.8412 0.0000 0.1588
015920 0.0000 0.8412 0.0000 0.1588
015940 0.0000 0.8412 0.0000 0.1588
015960 0.0000 0.8412 0.0000 0.1588
015980 0.0000 0.8412 0.0000 0.1588
016000 0.0000 0.8412 0.0000 0.1588
016020 0.0000 0.8412 0.0000 0.1588
016040 0.0000 0.8412 0.0000 0.1588
016060 0.0000 0.8412 0.0000 0.1588
016080 0.0000 0.8412 0.0000 0.1588
016100 0.0000 0.8412 0.0000 0.1588
016120 0.0000 0.8412 0.0000 0.1588
016140 0.0000 0.8412 0.0000 0.1588
016160 0.0000 0.8412 0.0000 0.1588
016180 0.0000 0.8412 0.0000 0.1588
016200 0.0000 0.8412 0.0000 0.1588
016220 0.0000 0.8412 0.0000 0.1588
016240 0.0000 0.8412 0.0000 0.1588
016260 0.0000 0.8412 0.0000 0.1588
016280 0.0000 0.8412 0.0000 0.1588
016300 0.0000 0.8412 0.0000 0.1588
016320 0.0000 0.8412 0.0000 0.1588
016340 0.0000 0.8412 0.0000 0.1588
016360 0.0000 0.8412 0.0000 0.1588
016380 0.0000 0.8412 0.0000 0.1588
016400 0.0000 0.8412 0.0000 0.1588
016420 0.0000 0.8412 0.0000 0.1588
016440 0.0000 0.8412 0.0000 0.1588
016460 0.0000 0.8412 0.0000 0.1588
016480 0.0000 0.8412 0.0000 0.1588
016500 0.0000 0.8412 0.0000 0.1588
016520 0.0000 0.8412 0.0000 0.1588
016540 0.0000 0.8412 0.0000 0.1588
016560 0.0000 0.8412 0.0000 0.1588
016580 0.0000 0.8412 0.0000 0.1588
016600 0.0000 0.8412 0.0000 0.1588
016620 0.0000 0.8412 0.0000 0.1588
016640 0.0000 0.8412 0.0000 0.1588
016660 0.0000 0.8412 0.0000 0.1588
016680 0.0000 0.8412 0.0000 0.1588
016700 0.0000 0.8412 0.0000 0.1588
016720 0.0000 0.8412 0.0000 0.1588
016740 0.0000 0.8412 0.0000 0.1588
016760 0.0000 0.8412 0.0000 0.1588
016780 0.0000 0.8412 0.0000 0.1588
016800 0.0000 0.8412 0.0000 0.1588
016820 0.0000 0.8412 0.0000 0.1588
016840 0.0000 0.8412 0.0000 0.1588
016860 0.0000 0.8412 0.0000 0.1588
016880 0.0000 0.8412 0.0000 0.1588
016900 0.0000 0.8412 0.0000 0.1588
016920 0.0000 0.8412 0.0000 0.1588
016940 0.0000 0.8412 0.0000 0.1588
016960 0.0000 0.8412 0.0000 0.1588
016980 0.0000 0.8412 0.0000 0.1588
017000 0.0000 0.8412 0.0000 0.1588
017020 0.0000 0.8412 0.0000 0.1588
017040 0.0000 0.8412 0.0000 0.1588
017060 0.0000 0.8412 0.0000 0.1588
017080 0.0000 0.8412 0.0000 0.1588
017100 0.0000 0.8412 0.0000 0.1588
017120 0.0000 0.8412 0.0000 0.1588
017140 0.0000 0.8412 0.0000 0.1588
017160 0.0000 0.8412 0.0000 0.1588
017180 0.0000 0.8412 0.0000 0.1588
017200 0.0000 0.8412 0.0000 0.1588
017220 0.0000 0.8412 0.0000 0.1588
017240 0.0000 0.8412 0.0000 0.1588
017260 0.0000 0.8412 0.0000 0.1588
017280 0.0000 0.8412 0.0000 0.1588
017300 0.0000 0.8412 0.0000 0.1588
017320 0.0000 0.8412 0.0000 0.1588
017340 0.0000 0.8412 0.0000 0.1588
017360 0.0000 0.8412 0.0000 0.1588
017380 0.0000 0.8412 0.0000 0.1588
017400 0.0000 0.8412 0.0000 0.1588
017420 0.0000 0.8412 0.0000 0.1588
017440 0.0000 0.8412 0.0000 0.1588
017460 0.0000 0.8412 0.0000 0.1588
017480 0.0000 0.8412 0.0000 0.1588
017500 0.0000 0.8412 0.0000 0.1588
017520 0.0000 0.8412 0.0000 0.1588
017540 0.0000 0.8412 0.0000 0.1588
017560 0.0000 0.8412 0.0000 0.1588
017580 0.0000 0.8412 0.0000 0.1588
017600 0.0000 0.8412 0.0000 0.1588
017620 0.0000 0.8412 0.0000 0.1588
017640 0.0000 0.8412 0.0000 0.1588
017660 0.0000 0.8412 0.0000 0.1588
017680 0.0000 0.8412 0.0000 0.1588
017700 0.0000 0.8412 0.0000 0.1588
017720 0.0000 0.8412 0.0000 0.1588
017740 0.0000 0.8412 0.0000 0.1588
017760 0.0000 0.8412 0.0000 0.1588
017780 0.0000 0.8412 0.0000 0.1588
017800 0.0000 0.8412 0.0000 0.1588
017820 0.0000 0.8412 0.0000 0.1588
017840 0.0000 0.8412 0.0000 0.1588
017860 0.0000 0.8412 0.0000 0.1588
017880 0.0000 0.8412 0.0000 0.1588
017900 0.0000 0.8412 0.0000 0.1588
017920 0.0000 0.8412 0.0000 0.1588
017940 0.0000 0.8412 0.0000 0.1588
017960 0.0000 0.8412 0.0000 0.1588
017980 0.0000 0.8412 0.0000 0.1588
018000 0.0000 0.8412 0.0000 0.1588
018020 0.0000 0.8412 0.0000 0.1588
018040 0.0000 0.8412 0.0000 0.1588
018060 0.0000 0.8412 0.0000 0.1588
018080 0.0000 0.8412 0.0000 0.1588
018100 0.0000 0.8412 0.0000 0.1588
018120 0.0000 0.8412 0.0000 0.1588
018140 0.0000 0.8412 0.0000 0.1588
018160 0.0000 0.8412 0.0000 0.1588
018180 0.0000 0.8412 0.0000 0.1588
018200 0.0000 0.8412 0.0000 0.1588
018220 0.0000 0.8412 0.0000 0.1588
018240 0.0000 0.8412 0.0000 0.1588
018260 0.0000 0.8412 0.0000 0.1588
018280 0.0000 0.8412 0.0000 0.1588
018300 0.0000 0.8412 0.0000 0.1588
018320 0.0000 0.8412 0.0000 0.1588
018340 0.0000 0.8412 0.0000 0.1588
018360 0.0000 0.8412 0.0000 0.1588
018380 0.0000 0.8412 0.0000 0.1588
018400 0.0000 0.8412 0.0000 0.1588
018420 0.0000 0.8412 0.0000 0.1588
018440 0.0000 0.8412 0.0000 0.1588
018460 0.0000 0.8412 0.0000 0.1588
018480 0.0000 0.8412 0.0000 0.1588
018500 0.0000 0.8412 0.0000 0.1588
018520 0.0000 0.8412 0.0000 0.1588
018540 0.0000 0.8412 0.0000 0.1588
018560 0.0000 0.8412 0.0000 0.1588
018580 0.0000 0.8412 0.0000 0.1588
018600 0.0000 0.8412 0.0000 0.1588
018620 0.0000 0.8412 0.0000 0.1588
018640 0.0000 0.8412 0.0000 0.1588
018660 0.0000 0.8412 0.0000 0.1588
018680 0.0000 0.8412 0.0000 0.1588
018700 0.0000 0.8412 0.0000 0.1588
018720 0.0000 0.8412 0.0000 0.1588
018740 0.0000 0.8412 0.0000 0.1588
018760 0.0000 0.8412 0.0000 0.1588
018780 0.0000 0.8412 0.0000 0.1588
018800 0.0000 0.8412 0.0000 0.1588
018820 0.0000 0.8412 0.0000 0.1588
018840 0.0000 0.8412 0.0000 0.1588
018860 0.0000 0.8412 0.0000 0.1588
018880 0.0000 0.8412 0.0000 0.1588
018900 0.0000 0.8412 0.0000 0.1588
018920 0.0000 0.8412 0.0000 0.1588
018940 0.0000 0.8412 0.0000 0.1588
018960 0.0000 0.8412 0.0000 0.1588
018980 0.0000 0.8412 0.0000 0.1588
019000 0.0000 0.8412 0.0000 0.1588
019020 0.0000 0.8412 0.0000 0.1588
019040 0.0000 0.8412 0.0000 0.1588
019060 0.0000 0.8412 0.0000 0.1588
019080 0.0000 0.8412 0.0000 0.1588
019100 0.0000 0.8412 0.0000 0.1588
019120 0.0000 0.8412 0.0000 0.1588
019140 0.0000 0.8412 0.0000 0.1588
019160 0.0000 0.8412 0.0000 0.1588
019180 0.0000 0.8412 0.0000 0.1588
019200 0.0000 0.8412 0.0000 0.1588
019220 0.0000 0.8412 0.0000 0.1588
019240 0.0000 0.8412 0.0000 0.1588
019260 0.0000 0.8412 0.0000 0.1588
019280 0.0000 0.8412 0.0000 0.1588
019300 0.0000 0.8412 0.0000 0.1588
019320 0.0000 0.8412 0.0000 0.1588
019340 0.0000 0.8412 0.0000 0.1588
019360 0.0000 0.8412 0.0000 0.1588
019380 0.0000 0.8412 0.0000 0.1588
019400 0.0000 0.8412 0.0000 0.1588
019420 0.0000 0.8412 0.0000 0.1588
019440 0.0000 0.8412 0.0000 0.1588
019460 0.0000 0.8412 0.0000 0.1588
019480 0.0000 0.8412 0.0000 0.1588
019500 0.0000 0.8412 0.0000 0.1588
019520 0.0000 0.8412 0.0000 0.1588
019540 0.0000 0.8412 0.0000 0.1588
019560 0.0000 0.8412 0.0000 0.1588
019580 0.0000 0.8412 0.0000 0.1588
019600 0.0000 0.8412 0.0000 0.1588
019620 0.0000 0.8412 0.0000 0.1588
019640 0.0000 0.8412 0.0000 0.1588
019660 0.0000 0.8412 0.0000 0.1588
019680 0.0000 0.8412 0.0000 0.1588
019700 0.0000 0.8412 0.0000 0.1588
019720 0.0000 0.8412 0.0000 0.1588
019740 0.0000 0.8412 0.0000 0.1588
019760 0.0000 0.8412 0.0000 0.1588
019780 0.0000 0.8412 0.0000 0.1588
019800 0.0000 0.8412 0.0000 0.1588
019820 0.0000 0.8412 0.0000 0.1588
019840 0.0000 0.8412 0.0000 0.1588
019860 0.0000 0.8412 0.0000 0.1588
019880 0.0000 0.8412 0.0000 0.1588
019900 0.0000 0.8412 0.0000 0.1588
019920 0.0000 0.8412 0.0000 0.1588
019940 0.0000 0.8412 0.0000 0.1588
019960 0.0000 0.8412 0.0000 0.1588
019980 0.0000 0.8412 0.0000 0.1588
020000 0.0000 0.8412 0.0000 0.1588
