000000 0.2496 0.2504 0.2502 0.2498
000020 0.0076 0.8117 0.0000 0.1807
000040 0.0021 0.8319 0.0000 0.1660
000060 0.0007 0.8378 0.0000 0.1615
000080 0.0003 0.8404 0.0000 0.1594
000100 0.0001 0.8408 0.0000 0.1591
000120 0.0000 0.8411 0.0000 0.1589
000140 0.0000 0.8411 0.0000 0.1589
000160 0.0000 0.8415 0.0000 0.1585
000180 0.0000 0.8410 0.0000 0.1590
000200 0.0000 0.8408 0.0000 0.1592
000220 0.0000 0.8407 0.0000 0.1593
000240 0.0000 0.8410 0.0000 0.1590
000260 0.0000 0.8410 0.0000 0.1590
000280 0.0000 0.8417 0.0000 0.1583
000300 0.0000 0.8415 0.0000 0.1585
000320 0.0000 0.8414 0.0000 0.1586
000340 0.0000 0.8412 0.0000 0.1588
000360 0.0000 0.8416 0.0000 0.1584
000380 0.0000 0.8408 0.0000 0.1592
000400 0.0000 0.8407 0.0000 0.1593
000420 0.0000 0.8418 0.0000 0.1582
000440 0.0000 0.8411 0.0000 0.1589
000460 0.0000 0.8417 0.0000 0.1583
000480 0.0000 0.8417 0.0000 0.1583
000500 0.0000 0.8405 0.0000 0.1595
000520 0.0000 0.8419 0.0000 0.1581
000540 0.0000 0.8416 0.0000 0.1584
000560 0.0000 0.8416 0.0000 0.1584
000580 0.0000 0.8411 0.0000 0.1589
000600 0.0000 0.8422 0.0000 0.1578
000620 0.0000 0.8412 0.0000 0.1588
000640 0.0000 0.8415 0.0000 0.1585
000660 0.0000 0.8417 0.0000 0.1583
000680 0.0000 0.8415 0.0000 0.1585
000700 0.0000 0.8413 0.0000 0.1587
000720 0.0000 0.8415 0.0000 0.1585
000740 0.0000 0.8412 0.0000 0.1588
000760 0.0000 0.8413 0.0000 0.1587
000780 0.0000 0.8417 0.0000 0.1583
000800 0.0000 0.8412 0.0000 0.1588
000820 0.0000 0.8417 0.0000 0.1583
000840 0.0000 0.8410 0.0000 0.1590
000860 0.0000 0.8411 0.0000 0.1589
000880 0.0000 0.8418 0.0000 0.1582
000900 0.0000 0.8404 0.0000 0.1596
000920 0.0000 0.8407 0.0000 0.1593
000940 0.0000 0.8413 0.0000 0.1587
000960 0.0000 0.8415 0.0000 0.1585
000980 0.0000 0.8417 0.0000 0.1583
001000 0.0000 0.8407 0.0000 0.1593
001020 0.0000 0.8413 0.0000 0.1587
001040 0.0000 0.8408 0.0000 0.1592
001060 0.0000 0.8418 0.0000 0.1582
001080 0.0000 0.8422 0.0000 0.1578
001100 0.0000 0.8421 0.0000 0.1579
001120 0.0000 0.8421 0.0000 0.1579
001140 0.0000 0.8418 0.0000 0.1582
001160 0.0000 0.8418 0.0000 0.1582
001180 0.0000 0.8414 0.0000 0.1586
001200 0.0000 0.8409 0.0000 0.1591
001220 0.0000 0.8406 0.0000 0.1594
001240 0.0000 0.8402 0.0000 0.1598
001260 0.0000 0.8414 0.0000 0.1586
001280 0.0000 0.8412 0.0000 0.1588
001300 0.0000 0.8405 0.0000 0.1595
001320 0.0000 0.8416 0.0000 0.1584
001340 0.0000 0.8414 0.0000 0.1586
001360 0.0000 0.8407 0.0000 0.1593
001380 0.0000 0.8405 0.0000 0.1595
001400 0.0000 0.8405 0.0000 0.1595
001420 0.0000 0.8399 0.0000 0.1601
001440 0.0000 0.8402 0.0000 0.1598
001460 0.0000 0.8409 0.0000 0.1591
001480 0.0000 0.8409 0.0000 0.1591
001500 0.0000 0.8418 0.0000 0.1582
001520 0.0000 0.8414 0.0000 0.1586
001540 0.0000 0.8415 0.0000 0.1585
001560 0.0000 0.8415 0.0000 0.1585
001580 0.0000 0.8411 0.0000 0.1589
001600 0.0000 0.8405 0.0000 0.1595
001620 0.0000 0.8405 0.0000 0.1595
001640 0.0000 0.8415 0.0000 0.1585
001660 0.0000 0.8405 0.0000 0.1595
001680 0.0000 0.8411 0.0000 0.1589
001700 0.0000 0.8425 0.0000 0.1575
001720 0.0000 0.8418 0.0000 0.1582
001740 0.0000 0.8420 0.0000 0.1580
001760 0.0000 0.8416 0.0000 0.1584
001780 0.0000 0.8416 0.0000 0.1584
001800 0.0000 0.8408 0.0000 0.1592
001820 0.0000 0.8409 0.0000 0.1591
001840 0.0000 0.8411 0.0000 0.1589
001860 0.0000 0.8417 0.0000 0.1583
001880 0.0000 0.8420 0.0000 0.1580
001900 0.0000 0.8411 0.0000 0.1589
001920 0.0000 0.8405 0.0000 0.1595
001940 0.0000 0.8405 0.0000 0.1595
001960 0.0000 0.8401 0.0000 0.1599
001980 0.0000 0.8410 0.0000 0.1590
002000 0.0000 0.8415 0.0000 0.1585
002020 0.0000 0.8406 0.0000 0.1594
002040 0.0000 0.8414 0.0000 0.1586
002060 0.0000 0.8410 0.0000 0.1590
002080 0.0000 0.8405 0.0000 0.1595
002100 0.0000 0.8411 0.0000 0.1589
002120 0.0000 0.8416 0.0000 0.1584
002140 0.0000 0.8414 0.0000 0.1586
002160 0.0000 0.8412 0.0000 0.1588
002180 0.0000 0.8413 0.0000 0.1587
002200 0.0000 0.8408 0.0000 0.1592
002220 0.0000 0.8409 0.0000 0.1591
002240 0.0000 0.8416 0.0000 0.1584
002260 0.0000 0.8409 0.0000 0.1591
002280 0.0000 0.8411 0.0000 0.1589
002300 0.0000 0.8412 0.0000 0.1588
002320 0.0000 0.8409 0.0000 0.1591
002340 0.0000 0.8412 0.0000 0.1588
002360 0.0000 0.8412 0.0000 0.1588
002380 0.0000 0.8419 0.0000 0.1581
002400 0.0000 0.8416 0.0000 0.1584
002420 0.0000 0.8409 0.0000 0.1591
002440 0.0000 0.8415 0.0000 0.1585
002460 0.0000 0.8405 0.0000 0.1595
002480 0.0000 0.8420 0.0000 0.1580
002500 0.0000 0.8417 0.0000 0.1583
002520 0.0000 0.8416 0.0000 0.1584
002540 0.0000 0.8416 0.0000 0.1584
002560 0.0000 0.8418 0.0000 0.1582
002580 0.0000 0.8412 0.0000 0.1588
002600 0.0000 0.8418 0.0000 0.1582
002620 0.0000 0.8417 0.0000 0.1583
002640 0.0000 0.8410 0.0000 0.1590
002660 0.0000 0.8417 0.0000 0.1583
002680 0.0000 0.8411 0.0000 0.1589
002700 0.0000 0.8421 0.0000 0.1579
002720 0.0000 0.8408 0.0000 0.1592
002740 0.0000 0.8411 0.0000 0.1589
002760 0.0000 0.8412 0.0000 0.1588
002780 0.0000 0.8406 0.0000 0.1594
002800 0.0000 0.8410 0.0000 0.1590
002820 0.0000 0.8410 0.0000 0.1590
002840 0.0000 0.8423 0.0000 0.1577
002860 0.0000 0.8422 0.0000 0.1578
002880 0.0000 0.8420 0.0000 0.1580
002900 0.0000 0.8418 0.0000 0.1582
002920 0.0000 0.8418 0.0000 0.1582
002940 0.0000 0.8416 0.0000 0.1584
002960 0.0000 0.8415 0.0000 0.1585
002980 0.0000 0.8416 0.0000 0.1584
003000 0.0000 0.8411 0.0000 0.1589
003020 0.0000 0.8413 0.0000 0.1587
003040 0.0000 0.8411 0.0000 0.1589
003060 0.0000 0.8410 0.0000 0.1590
003080 0.0000 0.8404 0.0000 0.1596
003100 0.0000 0.8417 0.0000 0.1583
003120 0.0000 0.8418 0.0000 0.1582
003140 0.0000 0.8420 0.0000 0.1580
003160 0.0000 0.8421 0.0000 0.1579
003180 0.0000 0.8415 0.0000 0.1585
003200 0.0000 0.8412 0.0000 0.1588
003220 0.0000 0.8411 0.0000 0.1589
003240 0.0000 0.8417 0.0000 0.1583
003260 0.0000 0.8412 0.0000 0.1588
003280 0.0000 0.8412 0.0000 0.1588
003300 0.0000 0.8409 0.0000 0.1591
003320 0.0000 0.8406 0.0000 0.1594
003340 0.0000 0.8406 0.0000 0.1594
003360 0.0000 0.8412 0.0000 0.1588
003380 0.0000 0.8407 0.0000 0.1593
003400 0.0000 0.8418 0.0000 0.1582
003420 0.0000 0.8408 0.0000 0.1592
003440 0.0000 0.8414 0.0000 0.1586
003460 0.0000 0.8406 0.0000 0.1594
003480 0.0000 0.8410 0.0000 0.1590
003500 0.0000 0.8412 0.0000 0.1588
003520 0.0000 0.8410 0.0000 0.1590
003540 0.0000 0.8414 0.0000 0.1586
003560 0.0000 0.8407 0.0000 0.1593
003580 0.0000 0.8406 0.0000 0.1594
003600 0.0000 0.8416 0.0000 0.1584
003620 0.0000 0.8410 0.0000 0.1590
003640 0.0000 0.8414 0.0000 0.1586
003660 0.0000 0.8411 0.0000 0.1589
003680 0.0000 0.8406 0.0000 0.1594
003700 0.0000 0.8417 0.0000 0.1583
003720 0.0000 0.8420 0.0000 0.1580
003740 0.0000 0.8410 0.0000 0.1590
003760 0.0000 0.8412 0.0000 0.1588
003780 0.0000 0.8406 0.0000 0.1594
003800 0.0000 0.8410 0.0000 0.1590
003820 0.0000 0.8411 0.0000 0.1589
003840 0.0000 0.8415 0.0000 0.1585
003860 0.0000 0.8414 0.0000 0.1586
003880 0.0000 0.8418 0.0000 0.1582
003900 0.0000 0.8415 0.0000 0.1585
003920 0.0000 0.8412 0.0000 0.1588
003940 0.0000 0.8417 0.0000 0.1583
003960 0.0000 0.8420 0.0000 0.1580
003980 0.0000 0.8419 0.0000 0.1581
004000 0.0000 0.8420 0.0000 0.1580
004020 0.0000 0.8420 0.0000 0.1580
004040 0.0000 0.8420 0.0000 0.1580
004060 0.0000 0.8420 0.0000 0.1580
004080 0.0000 0.8423 0.0000 0.1577
004100 0.0000 0.8414 0.0000 0.1586
004120 0.0000 0.8406 0.0000 0.1594
004140 0.0000 0.8418 0.0000 0.1582
004160 0.0000 0.8407 0.0000 0.1593
004180 0.0000 0.8413 0.0000 0.1587
004200 0.0000 0.8411 0.0000 0.1589
004220 0.0000 0.8416 0.0000 0.1584
004240 0.0000 0.8413 0.0000 0.1587
004260 0.0000 0.8407 0.0000 0.1593
004280 0.0000 0.8410 0.0000 0.1590
004300 0.0000 0.8414 0.0000 0.1586
004320 0.0000 0.8418 0.0000 0.1582
004340 0.0000 0.8415 0.0000 0.1585
004360 0.0000 0.8416 0.0000 0.1584
004380 0.0000 0.8410 0.0000 0.1590
004400 0.0000 0.8410 0.0000 0.1590
004420 0.0000 0.8410 0.0000 0.1590
004440 0.0000 0.8409 0.0000 0.1591
004460 0.0000 0.8412 0.0000 0.1588
004480 0.0000 0.8413 0.0000 0.1587
004500 0.0000 0.8422 0.0000 0.1578
004520 0.0000 0.8415 0.0000 0.1585
004540 0.0000 0.8411 0.0000 0.1589
004560 0.0000 0.8415 0.0000 0.1585
004580 0.0000 0.8409 0.0000 0.1591
004600 0.0000 0.8408 0.0000 0.1592
004620 0.0000 0.8406 0.0000 0.1594
004640 0.0000 0.8414 0.0000 0.1586
004660 0.0000 0.8409 0.0000 0.1591
004680 0.0000 0.8421 0.0000 0.1579
004700 0.0000 0.8414 0.0000 0.1586
004720 0.0000 0.8412 0.0000 0.1588
004740 0.0000 0.8403 0.0000 0.1597
004760 0.0000 0.8417 0.0000 0.1583
004780 0.0000 0.8422 0.0000 0.1578
004800 0.0000 0.8411 0.0000 0.1589
004820 0.0000 0.8400 0.0000 0.1600
004840 0.0000 0.8407 0.0000 0.1593
004860 0.0000 0.8407 0.0000 0.1593
004880 0.0000 0.8411 0.0000 0.1589
004900 0.0000 0.8410 0.0000 0.1590
004920 0.0000 0.8413 0.0000 0.1587
004940 0.0000 0.8412 0.0000 0.1588
004960 0.0000 0.8413 0.0000 0.1587
004980 0.0000 0.8407 0.0000 0.1593
005000 0.0000 0.8417 0.0000 0.1583
005020 0.0000 0.8409 0.0000 0.1591
005040 0.0000 0.8414 0.0000 0.1586
005060 0.0000 0.8416 0.0000 0.1584
005080 0.0000 0.8420 0.0000 0.1580
005100 0.0000 0.8416 0.0000 0.1584
005120 0.0000 0.8415 0.0000 0.1585
005140 0.0000 0.8414 0.0000 0.1586
005160 0.0000 0.8415 0.0000 0.1585
005180 0.0000 0.8420 0.0000 0.1580
005200 0.0000 0.8409 0.0000 0.1591
005220 0.0000 0.8410 0.0000 0.1590
005240 0.0000 0.8405 0.0000 0.1595
005260 0.0000 0.8414 0.0000 0.1586
005280 0.0000 0.8424 0.0000 0.1576
005300 0.0000 0.8421 0.0000 0.1579
005320 0.0000 0.8413 0.0000 0.1587
005340 0.0000 0.8415 0.0000 0.1585
005360 0.0000 0.8414 0.0000 0.1586
005380 0.0000 0.8420 0.0000 0.1580
005400 0.0000 0.8418 0.0000 0.1582
005420 0.0000 0.8417 0.0000 0.1583
005440 0.0000 0.8411 0.0000 0.1589
005460 0.0000 0.8411 0.0000 0.1589
005480 0.0000 0.8408 0.0000 0.1592
005500 0.0000 0.8416 0.0000 0.1584
005520 0.0000 0.8412 0.0000 0.1588
005540 0.0000 0.8412 0.0000 0.1588
005560 0.0000 0.8412 0.0000 0.1588
005580 0.0000 0.8405 0.0000 0.1595
005600 0.0000 0.8404 0.0000 0.1596
005620 0.0000 0.8406 0.0000 0.1594
005640 0.0000 0.8409 0.0000 0.1591
005660 0.0000 0.8414 0.0000 0.1586
005680 0.0000 0.8411 0.0000 0.1589
005700 0.0000 0.8418 0.0000 0.1582
005720 0.0000 0.8414 0.0000 0.1586
005740 0.0000 0.8407 0.0000 0.1593
005760 0.0000 0.8410 0.0000 0.1590
005780 0.0000 0.8415 0.0000 0.1585
005800 0.0000 0.8414 0.0000 0.1586
005820 0.0000 0.8408 0.0000 0.1592
005840 0.0000 0.8410 0.0000 0.1590
005860 0.0000 0.8417 0.0000 0.1583
005880 0.0000 0.8408 0.0000 0.1592
005900 0.0000 0.8415 0.0000 0.1585
005920 0.0000 0.8414 0.0000 0.1586
005940 0.0000 0.8416 0.0000 0.1584
005960 0.0000 0.8422 0.0000 0.1578
005980 0.0000 0.8414 0.0000 0.1586
006000 0.0000 0.8417 0.0000 0.1583
006020 0.0000 0.8408 0.0000 0.1592
006040 0.0000 0.8412 0.0000 0.1588
006060 0.0000 0.8410 0.0000 0.1590
006080 0.0000 0.8415 0.0000 0.1585
006100 0.0000 0.8410 0.0000 0.1590
006120 0.0000 0.8410 0.0000 0.1590
006140 0.0000 0.8414 0.0000 0.1586
006160 0.0000 0.8410 0.0000 0.1590
006180 0.0000 0.8411 0.0000 0.1589
006200 0.0000 0.8420 0.0000 0.1580
006220 0.0000 0.8422 0.0000 0.1578
006240 0.0000 0.8408 0.0000 0.1592
006260 0.0000 0.8412 0.0000 0.1588
006280 0.0000 0.8407 0.0000 0.1593
006300 0.0000 0.8419 0.0000 0.1581
006320 0.0000 0.8412 0.0000 0.1588
006340 0.0000 0.8421 0.0000 0.1579
006360 0.0000 0.8416 0.0000 0.1584
006380 0.0000 0.8417 0.0000 0.1583
006400 0.0000 0.8415 0.0000 0.1585
006420 0.0000 0.8409 0.0000 0.1591
006440 0.0000 0.8415 0.0000 0.1585
006460 0.0000 0.8411 0.0000 0.1589
006480 0.0000 0.8415 0.0000 0.1585
006500 0.0000 0.8408 0.0000 0.1592
006520 0.0000 0.8412 0.0000 0.1588
006540 0.0000 0.8411 0.0000 0.1589
006560 0.0000 0.8408 0.0000 0.1592
006580 0.0000 0.8408 0.0000 0.1592
006600 0.0000 0.8414 0.0000 0.1586
006620 0.0000 0.8412 0.0000 0.1588
006640 0.0000 0.8421 0.0000 0.1579
006660 0.0000 0.8417 0.0000 0.1583
006680 0.0000 0.8421 0.0000 0.1579
006700 0.0000 0.8412 0.0000 0.1588
006720 0.0000 0.8418 0.0000 0.1582
006740 0.0000 0.8414 0.0000 0.1586
006760 0.0000 0.8413 0.0000 0.1587
006780 0.0000 0.8411 0.0000 0.1589
006800 0.0000 0.8414 0.0000 0.1586
006820 0.0000 0.8410 0.0000 0.1590
006840 0.0000 0.8419 0.0000 0.1581
006860 0.0000 0.8420 0.0000 0.1580
006880 0.0000 0.8404 0.0000 0.1596
006900 0.0000 0.8409 0.0000 0.1591
006920 0.0000 0.8419 0.0000 0.1581
006940 0.0000 0.8411 0.0000 0.1589
006960 0.0000 0.8410 0.0000 0.1590
006980 0.0000 0.8413 0.0000 0.1587
007000 0.0000 0.8412 0.0000 0.1588
007020 0.0000 0.8415 0.0000 0.1585
007040 0.0000 0.8410 0.0000 0.1590
007060 0.0000 0.8403 0.0000 0.1597
007080 0.0000 0.8414 0.0000 0.1586
007100 0.0000 0.8409 0.0000 0.1591
007120 0.0000 0.8413 0.0000 0.1587
007140 0.0000 0.8416 0.0000 0.1584
007160 0.0000 0.8413 0.0000 0.1587
007180 0.0000 0.8415 0.0000 0.1585
007200 0.0000 0.8420 0.0000 0.1580
007220 0.0000 0.8416 0.0000 0.1584
007240 0.0000 0.8420 0.0000 0.1580
007260 0.0000 0.8415 0.0000 0.1585
007280 0.0000 0.8422 0.0000 0.1578
007300 0.0000 0.8407 0.0000 0.1593
007320 0.0000 0.8420 0.0000 0.1580
007340 0.0000 0.8418 0.0000 0.1582
007360 0.0000 0.8407 0.0000 0.1593
007380 0.0000 0.8403 0.0000 0.1597
007400 0.0000 0.8403 0.0000 0.1597
007420 0.0000 0.8408 0.0000 0.1592
007440 0.0000 0.8415 0.0000 0.1585
007460 0.0000 0.8409 0.0000 0.1591
007480 0.0000 0.8415 0.0000 0.1585
007500 0.0000 0.8417 0.0000 0.1583
007520 0.0000 0.8408 0.0000 0.1592
007540 0.0000 0.8413 0.0000 0.1587
007560 0.0000 0.8411 0.0000 0.1589
007580 0.0000 0.8415 0.0000 0.1585
007600 0.0000 0.8415 0.0000 0.1585
007620 0.0000 0.8410 0.0000 0.1590
007640 0.0000 0.8419 0.0000 0.1581
007660 0.0000 0.8409 0.0000 0.1591
007680 0.0000 0.8413 0.0000 0.1587
007700 0.0000 0.8409 0.0000 0.1591
007720 0.0000 0.8418 0.0000 0.1582
007740 0.0000 0.8408 0.0000 0.1592
007760 0.0000 0.8403 0.0000 0.1597
007780 0.0000 0.8417 0.0000 0.1583
007800 0.0000 0.8409 0.0000 0.1591
007820 0.0000 0.8409 0.0000 0.1591
007840 0.0000 0.8408 0.0000 0.1592
007860 0.0000 0.8422 0.0000 0.1578
007880 0.0000 0.8406 0.0000 0.1594
007900 0.0000 0.8413 0.0000 0.1587
007920 0.0000 0.8415 0.0000 0.1585
007940 0.0000 0.8411 0.0000 0.1589
007960 0.0000 0.8409 0.0000 0.1591
007980 0.0000 0.8415 0.0000 0.1585
008000 0.0000 0.8416 0.0000 0.1584
008020 0.0000 0.8415 0.0000 0.1585
008040 0.0000 0.8418 0.0000 0.1582
008060 0.0000 0.8415 0.0000 0.1585
008080 0.0000 0.8413 0.0000 0.1587
008100 0.0000 0.8401 0.0000 0.1599
008120 0.0000 0.8408 0.0000 0.1592
008140 0.0000 0.8422 0.0000 0.1578
008160 0.0000 0.8413 0.0000 0.1587
008180 0.0000 0.8422 0.0000 0.1578
008200 0.0000 0.8418 0.0000 0.1582
008220 0.0000 0.8416 0.0000 0.1584
008240 0.0000 0.8410 0.0000 0.1590
008260 0.0000 0.8409 0.0000 0.1591
008280 0.0000 0.8416 0.0000 0.1584
008300 0.0000 0.8412 0.0000 0.1588
008320 0.0000 0.8415 0.0000 0.1585
008340 0.0000 0.8407 0.0000 0.1593
008360 0.0000 0.8409 0.0000 0.1591
008380 0.0000 0.8410 0.0000 0.1590
008400 0.0000 0.8408 0.0000 0.1592
008420 0.0000 0.8413 0.0000 0.1587
008440 0.0000 0.8410 0.0000 0.1590
008460 0.0000 0.8409 0.0000 0.1591
008480 0.0000 0.8407 0.0000 0.1593
008500 0.0000 0.8416 0.0000 0.1584
008520 0.0000 0.8416 0.0000 0.1584
008540 0.0000 0.8414 0.0000 0.1586
008560 0.0000 0.8415 0.0000 0.1585
008580 0.0000 0.8422 0.0000 0.1578
008600 0.0000 0.8410 0.0000 0.1590
008620 0.0000 0.8404 0.0000 0.1596
008640 0.0000 0.8404 0.0000 0.1596
008660 0.0000 0.8403 0.0000 0.1597
008680 0.0000 0.8408 0.0000 0.1592
008700 0.0000 0.8418 0.0000 0.1582
008720 0.0000 0.8416 0.0000 0.1584
008740 0.0000 0.8419 0.0000 0.1581
008760 0.0000 0.8416 0.0000 0.1584
008780 0.0000 0.8418 0.0000 0.1582
008800 0.0000 0.8413 0.0000 0.1587
008820 0.0000 0.8416 0.0000 0.1584
008840 0.0000 0.8417 0.0000 0.1583
008860 0.0000 0.8405 0.0000 0.1595
008880 0.0000 0.8420 0.0000 0.1580
008900 0.0000 0.8420 0.0000 0.1580
008920 0.0000 0.8412 0.0000 0.1588
008940 0.0000 0.8406 0.0000 0.1594
008960 0.0000 0.8420 0.0000 0.1580
008980 0.0000 0.8419 0.0000 0.1581
009000 0.0000 0.8407 0.0000 0.1593
009020 0.0000 0.8416 0.0000 0.1584
009040 0.0000 0.8422 0.0000 0.1578
009060 0.0000 0.8419 0.0000 0.1581
009080 0.0000 0.8417 0.0000 0.1583
009100 0.0000 0.8416 0.0000 0.1584
009120 0.0000 0.8414 0.0000 0.1586
009140 0.0000 0.8415 0.0000 0.1585
009160 0.0000 0.8421 0.0000 0.1579
009180 0.0000 0.8415 0.0000 0.1585
009200 0.0000 0.8411 0.0000 0.1589
009220 0.0000 0.8407 0.0000 0.1593
009240 0.0000 0.8405 0.0000 0.1595
009260 0.0000 0.8417 0.0000 0.1583
009280 0.0000 0.8420 0.0000 0.1580
009300 0.0000 0.8409 0.0000 0.1591
009320 0.0000 0.8406 0.0000 0.1594
009340 0.0000 0.8408 0.0000 0.1592
009360 0.0000 0.8394 0.0000 0.1606
009380 0.0000 0.8416 0.0000 0.1584
009400 0.0000 0.8411 0.0000 0.1589
009420 0.0000 0.8418 0.0000 0.1582
009440 0.0000 0.8415 0.0000 0.1585
009460 0.0000 0.8411 0.0000 0.1589
009480 0.0000 0.8407 0.0000 0.1593
009500 0.0000 0.8416 0.0000 0.1584
009520 0.0000 0.8417 0.0000 0.1583
009540 0.0000 0.8415 0.0000 0.1585
009560 0.0000 0.8410 0.0000 0.1590
009580 0.0000 0.8410 0.0000 0.1590
009600 0.0000 0.8414 0.0000 0.1586
009620 0.0000 0.8409 0.0000 0.1591
009640 0.0000 0.8413 0.0000 0.1587
009660 0.0000 0.8401 0.0000 0.1599
009680 0.0000 0.8405 0.0000 0.1595
009700 0.0000 0.8415 0.0000 0.1585
009720 0.0000 0.8415 0.0000 0.1585
009740 0.0000 0.8406 0.0000 0.1594
009760 0.0000 0.8406 0.0000 0.1594
009780 0.0000 0.8414 0.0000 0.1586
009800 0.0000 0.8415 0.0000 0.1585
009820 0.0000 0.8416 0.0000 0.1584
009840 0.0000 0.8417 0.0000 0.1583
009860 0.0000 0.8413 0.0000 0.1587
009880 0.0000 0.8412 0.0000 0.1588
009900 0.0000 0.8415 0.0000 0.1585
009920 0.0000 0.8420 0.0000 0.1580
009940 0.0000 0.8411 0.0000 0.1589
009960 0.0000 0.8406 0.0000 0.1594
009980 0.0000 0.8416 0.0000 0.1584
010000 0.0000 0.8419 0.0000 0.1581
010020 0.0000 0.8415 0.0000 0.1585
010040 0.0000 0.8415 0.0000 0.1585
010060 0.0000 0.8415 0.0000 0.1585
010080 0.0000 0.8415 0.0000 0.1585
010100 0.0000 0.8415 0.0000 0.1585
010120 0.0000 0.8415 0.0000 0.1585
010140 0.0000 0.8415 0.0000 0.1585
010160 0.0000 0.8415 0.0000 0.1585
010180 0.0000 0.8415 0.0000 0.1585
010200 0.0000 0.8415 0.0000 0.1585
010220 0.0000 0.8415 0.0000 0.1585
010240 0.0000 0.8415 0.0000 0.1585
010260 0.0000 0.8415 0.0000 0.1585
010280 0.0000 0.8415 0.0000 0.1585
010300 0.0000 0.8415 0.0000 0.1585
010320 0.0000 0.8415 0.0000 0.1585
010340 0.0000 0.8415 0.0000 0.1585
010360 0.0000 0.8415 0.0000 0.1585
010380 0.0000 0.8415 0.0000 0.1585
010400 0.0000 0.8415 0.0000 0.1585
010420 0.0000 0.8415 0.0000 0.1585
010440 0.0000 0.8415 0.0000 0.1585
010460 0.0000 0.8415 0.0000 0.1585
010480 0.0000 0.8415 0.0000 0.1585
010500 0.0000 0.8415 0.0000 0.1585
010520 0.0000 0.8415 0.0000 0.1585
010540 0.0000 0.8415 0.0000 0.1585
010560 0.0000 0.8415 0.0000 0.1585
010580 0.0000 0.8415 0.0000 0.1585
010600 0.0000 0.8415 0.0000 0.1585
010620 0.0000 0.8415 0.0000 0.1585
010640 0.0000 0.8415 0.0000 0.1585
010660 0.0000 0.8415 0.0000 0.1585
010680 0.0000 0.8415 0.0000 0.1585
010700 0.0000 0.8415 0.0000 0.1585
010720 0.0000 0.8415 0.0000 0.1585
010740 0.0000 0.8415 0.0000 0.1585
010760 0.0000 0.8415 0.0000 0.1585
010780 0.0000 0.8415 0.0000 0.1585
010800 0.0000 0.8415 0.0000 0.1585
010820 0.0000 0.8415 0.0000 0.1585
010840 0.0000 0.8415 0.0000 0.1585
010860 0.0000 0.8415 0.0000 0.1585
010880 0.0000 0.8415 0.0000 0.1585
010900 0.0000 0.8415 0.0000 0.1585
010920 0.0000 0.8415 0.0000 0.1585
010940 0.0000 0.8415 0.0000 0.1585
010960 0.0000 0.8415 0.0000 0.1585
010980 0.0000 0.8415 0.0000 0.1585
011000 0.0000 0.8415 0.0000 0.1585
011020 0.0000 0.8415 0.0000 0.1585
011040 0.0000 0.8415 0.0000 0.1585
011060 0.0000 0.8415 0.0000 0.1585
011080 0.0000 0.8415 0.0000 0.1585
011100 0.0000 0.8415 0.0000 0.1585
011120 0.0000 0.8415 0.0000 0.1585
011140 0.0000 0.8415 0.0000 0.1585
011160 0.0000 0.8415 0.0000 0.1585
011180 0.0000 0.8415 0.0000 0.1585
011200 0.0000 0.8415 0.0000 0.1585
011220 0.0000 0.8415 0.0000 0.1585
011240 0.0000 0.8415 0.0000 0.1585
011260 0.0000 0.8415 0.0000 0.1585
011280 0.0000 0.8415 0.0000 0.1585
011300 0.0000 0.8415 0.0000 0.1585
011320 0.0000 0.8415 0.0000 0.1585
011340 0.0000 0.8415 0.0000 0.1585
011360 0.0000 0.8415 0.0000 0.1585
011380 0.0000 0.8415 0.0000 0.1585
011400 0.0000 0.8415 0.0000 0.1585
011420 0.0000 0.8415 0.0000 0.1585
011440 0.0000 0.8415 0.0000 0.1585
011460 0.0000 0.8415 0.0000 0.1585
011480 0.0000 0.8415 0.0000 0.1585
011500 0.0000 0.8415 0.0000 0.1585
011520 0.0000 0.8415 0.0000 0.1585
011540 0.0000 0.8415 0.0000 0.1585
011560 0.0000 0.8415 0.0000 0.1585
011580 0.0000 0.8415 0.0000 0.1585
011600 0.0000 0.8415 0.0000 0.1585
011620 0.0000 0.8415 0.0000 0.1585
011640 0.0000 0.8415 0.0000 0.1585
011660 0.0000 0.8415 0.0000 0.1585
011680 0.0000 0.8415 0.0000 0.1585
011700 0.0000 0.8415 0.0000 0.1585
011720 0.0000 0.8415 0.0000 0.1585
011740 0.0000 0.8415 0.0000 0.1585
011760 0.0000 0.8415 0.0000 0.1585
011780 0.0000 0.8415 0.0000 0.1585
011800 0.0000 0.8415 0.0000 0.1585
011820 0.0000 0.8415 0.0000 0.1585
011840 0.0000 0.8415 0.0000 0.1585
011860 0.0000 0.8415 0.0000 0.1585
011880 0.0000 0.8415 0.0000 0.1585
011900 0.0000 0.8415 0.0000 0.1585
011920 0.0000 0.8415 0.0000 0.1585
011940 0.0000 0.8415 0.0000 0.1585
011960 0.0000 0.8415 0.0000 0.1585
011980 0.0000 0.8415 0.0000 0.1585
012000 0.0000 0.8415 0.0000 0.1585
012020 0.0000 0.8415 0.0000 0.1585
012040 0.0000 0.8415 0.0000 0.1585
012060 0.0000 0.8415 0.0000 0.1585
012080 0.0000 0.8415 0.0000 0.1585
012100 0.0000 0.8415 0.0000 0.1585
012120 0.0000 0.8415 0.0000 0.1585
012140 0.0000 0.8415 0.0000 0.1585
012160 0.0000 0.8415 0.0000 0.1585
012180 0.0000 0.8415 0.0000 0.1585
012200 0.0000 0.8415 0.0000 0.1585
012220 0.0000 0.8415 0.0000 0.1585
012240 0.0000 0.8415 0.0000 0.1585
012260 0.0000 0.8415 0.0000 0.1585
012280 0.0000 0.8415 0.0000 0.1585
012300 0.0000 0.8415 0.0000 0.1585
012320 0.0000 0.8415 0.0000 0.1585
012340 0.0000 0.8415 0.0000 0.1585
012360 0.0000 0.8415 0.0000 0.1585
012380 0.0000 0.8415 0.0000 0.1585
012400 0.0000 0.8415 0.0000 0.1585
012420 0.0000 0.8415 0.0000 0.1585
012440 0.0000 0.8415 0.0000 0.1585
012460 0.0000 0.8415 0.0000 0.1585
012480 0.0000 0.8415 0.0000 0.1585
012500 0.0000 0.8415 0.0000 0.1585
012520 0.0000 0.8415 0.0000 0.1585
012540 0.0000 0.8415 0.0000 0.1585
012560 0.0000 0.8415 0.0000 0.1585
012580 0.0000 0.8415 0.0000 0.1585
012600 0.0000 0.8415 0.0000 0.1585
012620 0.0000 0.8415 0.0000 0.1585
012640 0.0000 0.8415 0.0000 0.1585
012660 0.0000 0.8415 0.0000 0.1585
012680 0.0000 0.8415 0.0000 0.1585
012700 0.0000 0.8415 0.0000 0.1585
012720 0.0000 0.8415 0.0000 0.1585
012740 0.0000 0.8415 0.0000 0.1585
012760 0.0000 0.8415 0.0000 0.1585
012780 0.0000 0.8415 0.0000 0.1585
012800 0.0000 0.8415 0.0000 0.1585
012820 0.0000 0.8415 0.0000 0.1585
012840 0.0000 0.8415 0.0000 0.1585
012860 0.0000 0.8415 0.0000 0.1585
012880 0.0000 0.8415 0.0000 0.1585
012900 0.0000 0.8415 0.0000 0.1585
012920 0.0000 0.8415 0.0000 0.1585
012940 0.0000 0.8415 0.0000 0.1585
012960 0.0000 0.8415 0.0000 0.1585
012980 0.0000 0.8415 0.0000 0.1585
013000 0.0000 0.8415 0.0000 0.1585
013020 0.0000 0.8415 0.0000 0.1585
013040 0.0000 0.8415 0.0000 0.1585
013060 0.0000 0.8415 0.0000 0.1585
013080 0.0000 0.8415 0.0000 0.1585
013100 0.0000 0.8415 0.0000 0.1585
013120 0.0000 0.8415 0.0000 0.1585
013140 0.0000 0.8415 0.0000 0.1585
013160 0.0000 0.8415 0.0000 0.1585
013180 0.0000 0.8415 0.0000 0.1585
013200 0.0000 0.8415 0.0000 0.1585
013220 0.0000 0.8415 0.0000 0.1585
013240 0.0000 0.8415 0.0000 0.1585
013260 0.0000 0.8415 0.0000 0.1585
013280 0.0000 0.8415 0.0000 0.1585
013300 0.0000 0.8415 0.0000 0.1585
013320 0.0000 0.8415 0.0000 0.1585
013340 0.0000 0.8415 0.0000 0.1585
013360 0.0000 0.8415 0.0000 0.1585
013380 0.0000 0.8415 0.0000 0.1585
013400 0.0000 0.8415 0.0000 0.1585
013420 0.0000 0.8415 0.0000 0.1585
013440 0.0000 0.8415 0.0000 0.1585
013460 0.0000 0.8415 0.0000 0.1585
013480 0.0000 0.8415 0.0000 0.1585
013500 0.0000 0.8415 0.0000 0.1585
013520 0.0000 0.8415 0.0000 0.1585
013540 0.0000 0.8415 0.0000 0.1585
013560 0.0000 0.8415 0.0000 0.1585
013580 0.0000 0.8415 0.0000 0.1585
013600 0.0000 0.8415 0.0000 0.1585
013620 0.0000 0.8415 0.0000 0.1585
013640 0.0000 0.8415 0.0000 0.1585
013660 0.0000 0.8415 0.0000 0.1585
013680 0.0000 0.8415 0.0000 0.1585
013700 0.0000 0.8415 0.0000 0.1585
013720 0.0000 0.8415 0.0000 0.1585
013740 0.0000 0.8415 0.0000 0.1585
013760 0.0000 0.8415 0.0000 0.1585
013780 0.0000 0.8415 0.0000 0.1585
013800 0.0000 0.8415 0.0000 0.1585
013820 0.0000 0.8415 0.0000 0.1585
013840 0.0000 0.8415 0.0000 0.1585
013860 0.0000 0.8415 0.0000 0.1585
013880 0.0000 0.8415 0.0000 0.1585
013900 0.0000 0.8415 0.0000 0.1585
013920 0.0000 0.8415 0.0000 0.1585
013940 0.0000 0.8415 0.0000 0.1585
013960 0.0000 0.8415 0.0000 0.1585
013980 0.0000 0.8415 0.0000 0.1585
014000 0.0000 0.8415 0.0000 0.1585
014020 0.0000 0.8415 0.0000 0.1585
014040 0.0000 0.8415 0.0000 0.1585
014060 0.0000 0.8415 0.0000 0.1585
014080 0.0000 0.8415 0.0000 0.1585
014100 0.0000 0.8415 0.0000 0.1585
014120 0.0000 0.8415 0.0000 0.1585
014140 0.0000 0.8415 0.0000 0.1585
014160 0.0000 0.8415 0.0000 0.1585
014180 0.0000 0.8415 0.0000 0.1585
014200 0.0000 0.8415 0.0000 0.1585
014220 0.0000 0.8415 0.0000 0.1585
014240 0.0000 0.8415 0.0000 0.1585
014260 0.0000 0.8415 0.0000 0.1585
014280 0.0000 0.8415 0.0000 0.1585
014300 0.0000 0.8415 0.0000 0.1585
014320 0.0000 0.8415 0.0000 0.1585
014340 0.0000 0.8415 0.0000 0.1585
014360 0.0000 0.8415 0.0000 0.1585
014380 0.0000 0.8415 0.0000 0.1585
014400 0.0000 0.8415 0.0000 0.1585
014420 0.0000 0.8415 0.0000 0.1585
014440 0.0000 0.8415 0.0000 0.1585
014460 0.0000 0.8415 0.0000 0.1585
014480 0.0000 0.8415 0.0000 0.1585
014500 0.0000 0.8415 0.0000 0.1585
014520 0.0000 0.8415 0.0000 0.1585
014540 0.0000 0.8415 0.0000 0.1585
014560 0.0000 0.8415 0.0000 0.1585
014580 0.0000 0.8415 0.0000 0.1585
014600 0.0000 0.8415 0.0000 0.1585
014620 0.0000 0.8415 0.0000 0.1585
014640 0.0000 0.8415 0.0000 0.1585
014660 0.0000 0.8415 0.0000 0.1585
014680 0.0000 0.8415 0.0000 0.1585
014700 0.0000 0.8415 0.0000 0.1585
014720 0.0000 0.8415 0.0000 0.1585
014740 0.0000 0.8415 0.0000 0.1585
014760 0.0000 0.8415 0.0000 0.1585
014780 0.0000 0.8415 0.0000 0.1585
014800 0.0000 0.8415 0.0000 0.1585
014820 0.0000 0.8415 0.0000 0.1585
014840 0.0000 0.8415 0.0000 0.1585
014860 0.0000 0.8415 0.0000 0.1585
014880 0.0000 0.8415 0.0000 0.1585
014900 0.0000 0.8415 0.0000 0.1585
014920 0.0000 0.8415 0.0000 0.1585
014940 0.0000 0.8415 0.0000 0.1585
014960 0.0000 0.8415 0.0000 0.1585
014980 0.0000 0.8415 0.0000 0.1585
015000 0.0000 0.8415 0.0000 0.1585
015020 0.0000 0.8415 0.0000 0.1585
015040 0.0000 0.8415 0.0000 0.1585
015060 0.0000 0.8415 0.0000 0.1585
015080 0.0000 0.8415 0.0000 0.1585
015100 0.0000 0.8415 0.0000 0.1585
015120 0.0000 0.8415 0.0000 0.1585
015140 0.0000 0.8415 0.0000 0.1585
015160 0.0000 0.8415 0.0000 0.1585
015180 0.0000 0.8415 0.0000 0.1585
015200 0.0000 0.8415 0.0000 0.1585
015220 0.0000 0.8415 0.0000 0.1585
015240 0.0000 0.8415 0.0000 0.1585
015260 0.0000 0.8415 0.0000 0.1585
015280 0.0000 0.8415 0.0000 0.1585
015300 0.0000 0.8415 0.0000 0.1585
015320 0.0000 0.8415 0.0000 0.1585
015340 0.0000 0.8415 0.0000 0.1585
015360 0.0000 0.8415 0.0000 0.1585
015380 0.0000 0.8415 0.0000 0.1585
015400 0.0000 0.8415 0.0000 0.1585
015420 0.0000 0.8415 0.0000 0.1585
015440 0.0000 0.8415 0.0000 0.1585
015460 0.0000 0.8415 0.0000 0.1585
015480 0.0000 0.8415 0.0000 0.1585
015500 0.0000 0.8415 0.0000 0.1585
015520 0.0000 0.8415 0.0000 0.1585
015540 0.0000 0.8415 0.0000 0.1585
015560 0.0000 0.8415 0.0000 0.1585
015580 0.0000 0.8415 0.0000 0.1585
015600 0.0000 0.8415 0.0000 0.1585
015620 0.0000 0.8415 0.0000 0.1585
015640 0.0000 0.8415 0.0000 0.1585
015660 0.0000 0.8415 0.0000 0.1585
015680 0.0000 0.8415 0.0000 0.1585
015700 0.0000 0.8415 0.0000 0.1585
015720 0.0000 0.8415 0.0000 0.1585
015740 0.0000 0.8415 0.0000 0.1585
015760 0.0000 0.8415 0.0000 0.1585
015780 0.0000 0.8415 0.0000 0.1585
015800 0.0000 0.8415 0.0000 0.1585
015820 0.0000 0.8415 0.0000 0.1585
015840 0.0000 0.8415 0.0000 0.1585
015860 0.0000 0.8415 0.0000 0.1585
015880 0.0000 0.8415 0.0000 0.1585
015900 0.0000 0.8415 0.0000 0.1585
015920 0.0000 0.8415 0.0000 0.1585
015940 0.0000 0.8415 0.0000 0.1585
015960 0.0000 0.8415 0.0000 0.1585
015980 0.0000 0.8415 0.0000 0.1585
016000 0.0000 0.8415 0.0000 0.1585
016020 0.0000 0.8415 0.0000 0.1585
016040 0.0000 0.8415 0.0000 0.1585
016060 0.0000 0.8415 0.0000 0.1585
016080 0.0000 0.8415 0.0000 0.1585
016100 0.0000 0.8415 0.0000 0.1585
016120 0.0000 0.8415 0.0000 0.1585
016140 0.0000 0.8415 0.0000 0.1585
016160 0.0000 0.8415 0.0000 0.1585
016180 0.0000 0.8415 0.0000 0.1585
016200 0.0000 0.8415 0.0000 0.1585
016220 0.0000 0.8415 0.0000 0.1585
016240 0.0000 0.8415 0.0000 0.1585
016260 0.0000 0.8415 0.0000 0.1585
016280 0.0000 0.8415 0.0000 0.1585
016300 0.0000 0.8415 0.0000 0.1585
016320 0.0000 0.8415 0.0000 0.1585
016340 0.0000 0.8415 0.0000 0.1585
016360 0.0000 0.8415 0.0000 0.1585
016380 0.0000 0.8415 0.0000 0.1585
016400 0.0000 0.8415 0.0000 0.1585
016420 0.0000 0.8415 0.0000 0.1585
016440 0.0000 0.8415 0.0000 0.1585
016460 0.0000 0.8415 0.0000 0.1585
016480 0.0000 0.8415 0.0000 0.1585
016500 0.0000 0.8415 0.0000 0.1585
016520 0.0000 0.8415 0.0000 0.1585
016540 0.0000 0.8415 0.0000 0.1585
016560 0.0000 0.8415 0.0000 0.1585
016580 0.0000 0.8415 0.0000 0.1585
016600 0.0000 0.8415 0.0000 0.1585
016620 0.0000 0.8415 0.0000 0.1585
016640 0.0000 0.8415 0.0000 0.1585
016660 0.0000 0.8415 0.0000 0.1585
016680 0.0000 0.8415 0.0000 0.1585
016700 0.0000 0.8415 0.0000 0.1585
016720 0.0000 0.8415 0.0000 0.1585
016740 0.0000 0.8415 0.0000 0.1585
016760 0.0000 0.8415 0.0000 0.1585
016780 0.0000 0.8415 0.0000 0.1585
016800 0.0000 0.8415 0.0000 0.1585
016820 0.0000 0.8415 0.0000 0.1585
016840 0.0000 0.8415 0.0000 0.1585
016860 0.0000 0.8415 0.0000 0.1585
016880 0.0000 0.8415 0.0000 0.1585
016900 0.0000 0.8415 0.0000 0.1585
016920 0.0000 0.8415 0.0000 0.1585
016940 0.0000 0.8415 0.0000 0.1585
016960 0.0000 0.8415 0.0000 0.1585
016980 0.0000 0.8415 0.0000 0.1585
017000 0.0000 0.8415 0.0000 0.1585
017020 0.0000 0.8415 0.0000 0.1585
017040 0.0000 0.8415 0.0000 0.1585
017060 0.0000 0.8415 0.0000 0.1585
017080 0.0000 0.8415 0.0000 0.1585
017100 0.0000 0.8415 0.0000 0.1585
017120 0.0000 0.8415 0.0000 0.1585
017140 0.0000 0.8415 0.0000 0.1585
017160 0.0000 0.8415 0.0000 0.1585
017180 0.0000 0.8415 0.0000 0.1585
017200 0.0000 0.8415 0.0000 0.1585
017220 0.0000 0.8415 0.0000 0.1585
017240 0.0000 0.8415 0.0000 0.1585
017260 0.0000 0.8415 0.0000 0.1585
017280 0.0000 0.8415 0.0000 0.1585
017300 0.0000 0.8415 0.0000 0.1585
017320 0.0000 0.8415 0.0000 0.1585
017340 0.0000 0.8415 0.0000 0.1585
017360 0.0000 0.8415 0.0000 0.1585
017380 0.0000 0.8415 0.0000 0.1585
017400 0.0000 0.8415 0.0000 0.1585
017420 0.0000 0.8415 0.0000 0.1585
017440 0.0000 0.8415 0.0000 0.1585
017460 0.0000 0.8415 0.0000 0.1585
017480 0.0000 0.8415 0.0000 0.1585
017500 0.0000 0.8415 0.0000 0.1585
017520 0.0000 0.8415 0.0000 0.1585
017540 0.0000 0.8415 0.0000 0.1585
017560 0.0000 0.8415 0.0000 0.1585
017580 0.0000 0.8415 0.0000 0.1585
017600 0.0000 0.8415 0.0000 0.1585
017620 0.0000 0.8415 0.0000 0.1585
017640 0.0000 0.8415 0.0000 0.1585
017660 0.0000 0.8415 0.0000 0.1585
017680 0.0000 0.8415 0.0000 0.1585
017700 0.0000 0.8415 0.0000 0.1585
017720 0.0000 0.8415 0.0000 0.1585
017740 0.0000 0.8415 0.0000 0.1585
017760 0.0000 0.8415 0.0000 0.1585
017780 0.0000 0.8415 0.0000 0.1585
017800 0.0000 0.8415 0.0000 0.1585
017820 0.0000 0.8415 0.0000 0.1585
017840 0.0000 0.8415 0.0000 0.1585
017860 0.0000 0.8415 0.0000 0.1585
017880 0.0000 0.8415 0.0000 0.1585
017900 0.0000 0.8415 0.0000 0.1585
017920 0.0000 0.8415 0.0000 0.1585
017940 0.0000 0.8415 0.0000 0.1585
017960 0.0000 0.8415 0.0000 0.1585
017980 0.0000 0.8415 0.0000 0.1585
018000 0.0000 0.8415 0.0000 0.1585
018020 0.0000 0.8415 0.0000 0.1585
018040 0.0000 0.8415 0.0000 0.1585
018060 0.0000 0.8415 0.0000 0.1585
018080 0.0000 0.8415 0.0000 0.1585
018100 0.0000 0.8415 0.0000 0.1585
018120 0.0000 0.8415 0.0000 0.1585
018140 0.0000 0.8415 0.0000 0.1585
018160 0.0000 0.8415 0.0000 0.1585
018180 0.0000 0.8415 0.0000 0.1585
018200 0.0000 0.8415 0.0000 0.1585
018220 0.0000 0.8415 0.0000 0.1585
018240 0.0000 0.8415 0.0000 0.1585
018260 0.0000 0.8415 0.0000 0.1585
018280 0.0000 0.8415 0.0000 0.1585
018300 0.0000 0.8415 0.0000 0.1585
018320 0.0000 0.8415 0.0000 0.1585
018340 0.0000 0.8415 0.0000 0.1585
018360 0.0000 0.8415 0.0000 0.1585
018380 0.0000 0.8415 0.0000 0.1585
018400 0.0000 0.8415 0.0000 0.1585
018420 0.0000 0.8415 0.0000 0.1585
018440 0.0000 0.8415 0.0000 0.1585
018460 0.0000 0.8415 0.0000 0.1585
018480 0.0000 0.8415 0.0000 0.1585
018500 0.0000 0.8415 0.0000 0.1585
018520 0.0000 0.8415 0.0000 0.1585
018540 0.0000 0.8415 0.0000 0.1585
018560 0.0000 0.8415 0.0000 0.1585
018580 0.0000 0.8415 0.0000 0.1585
018600 0.0000 0.8415 0.0000 0.1585
018620 0.0000 0.8415 0.0000 0.1585
018640 0.0000 0.8415 0.0000 0.1585
018660 0.0000 0.8415 0.0000 0.1585
018680 0.0000 0.8415 0.0000 0.1585
018700 0.0000 0.8415 0.0000 0.1585
018720 0.0000 0.8415 0.0000 0.1585
018740 0.0000 0.8415 0.0000 0.1585
018760 0.0000 0.8415 0.0000 0.1585
018780 0.0000 0.8415 0.0000 0.1585
018800 0.0000 0.8415 0.0000 0.1585
018820 0.0000 0.8415 0.0000 0.1585
018840 0.0000 0.8415 0.0000 0.1585
018860 0.0000 0.8415 0.0000 0.1585
018880 0.0000 0.8415 0.0000 0.1585
018900 0.0000 0.8415 0.0000 0.1585
018920 0.0000 0.8415 0.0000 0.1585
018940 0.0000 0.8415 0.0000 0.1585
018960 0.0000 0.8415 0.0000 0.1585
018980 0.0000 0.8415 0.0000 0.1585
019000 0.0000 0.8415 0.0000 0.1585
019020 0.0000 0.8415 0.0000 0.1585
019040 0.0000 0.8415 0.0000 0.1585
019060 0.0000 0.8415 0.0000 0.1585
019080 0.0000 0.8415 0.0000 0.1585
019100 0.0000 0.8415 0.0000 0.1585
019120 0.0000 0.8415 0.0000 0.1585
019140 0.0000 0.8415 0.0000 0.1585
019160 0.0000 0.8415 0.0000 0.1585
019180 0.0000 0.8415 0.0000 0.1585
019200 0.0000 0.8415 0.0000 0.1585
019220 0.0000 0.8415 0.0000 0.1585
019240 0.0000 0.8415 0.0000 0.1585
019260 0.0000 0.8415 0.0000 0.1585
019280 0.0000 0.8415 0.0000 0.1585
019300 0.0000 0.8415 0.0000 0.1585
019320 0.0000 0.8415 0.0000 0.1585
019340 0.0000 0.8415 0.0000 0.1585
019360 0.0000 0.8415 0.0000 0.1585
019380 0.0000 0.8415 0.0000 0.1585
019400 0.0000 0.8415 0.0000 0.1585
019420 0.0000 0.8415 0.0000 0.1585
019440 0.0000 0.8415 0.0000 0.1585
019460 0.0000 0.8415 0.0000 0.1585
019480 0.0000 0.8415 0.0000 0.1585
019500 0.0000 0.8415 0.0000 0.1585
019520 0.0000 0.8415 0.0000 0.1585
019540 0.0000 0.8415 0.0000 0.1585
019560 0.0000 0.8415 0.0000 0.1585
019580 0.0000 0.8415 0.0000 0.1585
019600 0.0000 0.8415 0.0000 0.1585
019620 0.0000 0.8415 0.0000 0.1585
019640 0.0000 0.8415 0.0000 0.1585
019660 0.0000 0.8415 0.0000 0.1585
019680 0.0000 0.8415 0.0000 0.1585
019700 0.0000 0.8415 0.0000 0.1585
019720 0.0000 0.8415 0.0000 0.1585
019740 0.0000 0.8415 0.0000 0.1585
019760 0.0000 0.8415 0.0000 0.1585
019780 0.0000 0.8415 0.0000 0.1585
019800 0.0000 0.8415 0.0000 0.1585
019820 0.0000 0.8415 0.0000 0.1585
019840 0.0000 0.8415 0.0000 0.1585
019860 0.0000 0.8415 0.0000 0.1585
019880 0.0000 0.8415 0.0000 0.1585
019900 0.0000 0.8415 0.0000 0.1585
019920 0.0000 0.8415 0.0000 0.1585
019940 0.0000 0.8415 0.0000 0.1585
019960 0.0000 0.8415 0.0000 0.1585
019980 0.0000 0.8415 0.0000 0.1585
020000 0.0000 0.8415 0.0000 0.1585
