000000 0.2505 0.2498 0.2505 0.2493
000020 0.3753 0.4654 0.0089 0.1504
000040 0.4074 0.4542 0.0017 0.1368
000060 0.4260 0.4388 0.0004 0.1349
000080 0.4365 0.4281 0.0000 0.1354
000100 0.4382 0.4285 0.0000 0.1332
000120 0.4416 0.4253 0.0000 0.1331
000140 0.4434 0.4224 0.0000 0.1342
000160 0.4447 0.4214 0.0000 0.1339
000180 0.4438 0.4227 0.0000 0.1335
000200 0.4407 0.4237 0.0000 0.1356
000220 0.4383 0.4254 0.0000 0.1363
000240 0.4401 0.4242 0.0000 0.1357
000260 0.4395 0.4254 0.0000 0.1351
000280 0.4404 0.4239 0.0000 0.1357
000300 0.4377 0.4269 0.0000 0.1354
000320 0.4398 0.4246 0.0000 0.1355
000340 0.4404 0.4248 0.0000 0.1348
000360 0.4417 0.4232 0.0000 0.1351
000380 0.4442 0.4213 0.0000 0.1345
000400 0.4407 0.4236 0.0000 0.1357
000420 0.4382 0.4251 0.0000 0.1366
000440 0.4378 0.4264 0.0000 0.1357
000460 0.4344 0.4294 0.0000 0.1362
000480 0.4359 0.4277 0.0000 0.1365
000500 0.4339 0.4289 0.0000 0.1371
000520 0.4351 0.4307 0.0000 0.1341
000540 0.4351 0.4288 0.0000 0.1361
000560 0.4365 0.4286 0.0000 0.1349
000580 0.4379 0.4278 0.0000 0.1343
000600 0.4371 0.4272 0.0000 0.1357
000620 0.4363 0.4291 0.0000 0.1346
000640 0.4367 0.4277 0.0000 0.1356
000660 0.4371 0.4270 0.0000 0.1359
000680 0.4369 0.4273 0.0000 0.1358
000700 0.4366 0.4281 0.0000 0.1353
000720 0.4380 0.4279 0.0000 0.1341
000740 0.4400 0.4252 0.0000 0.1348
000760 0.4403 0.4227 0.0000 0.1370
000780 0.4374 0.4258 0.0000 0.1369
000800 0.4374 0.4265 0.0000 0.1360
000820 0.4343 0.4291 0.0000 0.1366
000840 0.4344 0.4299 0.0000 0.1358
000860 0.4359 0.4271 0.0000 0.1369
000880 0.4314 0.4313 0.0000 0.1373
000900 0.4353 0.4295 0.0000 0.1352
000920 0.4381 0.4274 0.0000 0.1345
000940 0.4387 0.4255 0.0000 0.1359
000960 0.4365 0.4280 0.0000 0.1354
000980 0.4380 0.4263 0.0000 0.1357
001000 0.4382 0.4268 0.0000 0.1350
001020 0.4368 0.4275 0.0000 0.1357
001040 0.4350 0.4300 0.0000 0.1350
001060 0.4384 0.4275 0.0000 0.1341
001080 0.4411 0.4248 0.0000 0.1341
001100 0.4409 0.4241 0.0000 0.1350
001120 0.4346 0.4283 0.0000 0.1371
001140 0.4340 0.4296 0.0000 0.1364
001160 0.4339 0.4302 0.0000 0.1359
001180 0.4375 0.4276 0.0000 0.1349
001200 0.4385 0.4258 0.0000 0.1357
001220 0.4395 0.4259 0.0000 0.1346
001240 0.4407 0.4240 0.0000 0.1354
001260 0.4392 0.4235 0.0000 0.1373
001280 0.4361 0.4259 0.0000 0.1380
001300 0.4373 0.4278 0.0000 0.1348
001320 0.4385 0.4252 0.0000 0.1362
001340 0.4358 0.4278 0.0000 0.1364
001360 0.4342 0.4301 0.0000 0.1358
001380 0.4339 0.4287 0.0000 0.1374
001400 0.4349 0.4296 0.0000 0.1356
001420 0.4327 0.4309 0.0000 0.1364
001440 0.4362 0.4285 0.0000 0.1354
001460 0.4389 0.4256 0.0000 0.1355
001480 0.4386 0.4257 0.0000 0.1358
001500 0.4355 0.4283 0.0000 0.1362
001520 0.4387 0.4265 0.0000 0.1347
001540 0.4375 0.4271 0.0000 0.1354
001560 0.4394 0.4263 0.0000 0.1343
001580 0.4392 0.4243 0.0000 0.1365
001600 0.4404 0.4249 0.0000 0.1348
001620 0.4391 0.4258 0.0000 0.1351
001640 0.4375 0.4270 0.0000 0.1356
001660 0.4396 0.4265 0.0000 0.1339
001680 0.4420 0.4242 0.0000 0.1339
001700 0.4399 0.4256 0.0000 0.1346
001720 0.4411 0.4237 0.0000 0.1351
001740 0.4381 0.4259 0.0000 0.1359
001760 0.4385 0.4266 0.0000 0.1349
001780 0.4384 0.4267 0.0000 0.1350
001800 0.4349 0.4287 0.0000 0.1364
001820 0.4346 0.4305 0.0000 0.1349
001840 0.4364 0.4295 0.0000 0.1341
001860 0.4409 0.4250 0.0000 0.1342
001880 0.4417 0.4245 0.0000 0.1338
001900 0.4431 0.4222 0.0000 0.1347
001920 0.4435 0.4213 0.0000 0.1352
001940 0.4405 0.4245 0.0000 0.1349
001960 0.4409 0.4245 0.0000 0.1345
001980 0.4410 0.4240 0.0000 0.1349
002000 0.4378 0.4265 0.0000 0.1357
002020 0.4381 0.4267 0.0000 0.1351
002040 0.4389 0.4261 0.0000 0.1350
002060 0.4380 0.4270 0.0000 0.1350
002080 0.4372 0.4286 0.0000 0.1342
002100 0.4357 0.4288 0.0000 0.1355
002120 0.4371 0.4273 0.0000 0.1356
002140 0.4389 0.4259 0.0000 0.1352
002160 0.4383 0.4248 0.0000 0.1368
002180 0.4364 0.4271 0.0000 0.1366
002200 0.4381 0.4263 0.0000 0.1356
002220 0.4395 0.4259 0.0000 0.1346
002240 0.4385 0.4260 0.0000 0.1355
002260 0.4383 0.4261 0.0000 0.1356
002280 0.4382 0.4274 0.0000 0.1344
002300 0.4383 0.4257 0.0000 0.1360
002320 0.4372 0.4269 0.0000 0.1359
002340 0.4384 0.4267 0.0000 0.1349
002360 0.4376 0.4269 0.0000 0.1355
002380 0.4348 0.4296 0.0000 0.1356
002400 0.4349 0.4296 0.0000 0.1354
002420 0.4342 0.4295 0.0000 0.1362
002440 0.4343 0.4302 0.0000 0.1355
002460 0.4345 0.4295 0.0000 0.1360
002480 0.4355 0.4288 0.0000 0.1358
002500 0.4377 0.4274 0.0000 0.1349
002520 0.4355 0.4294 0.0000 0.1351
002540 0.4390 0.4274 0.0000 0.1337
002560 0.4391 0.4253 0.0000 0.1356
002580 0.4374 0.4267 0.0000 0.1359
002600 0.4386 0.4261 0.0000 0.1353
002620 0.4367 0.4278 0.0000 0.1355
002640 0.4357 0.4278 0.0000 0.1365
002660 0.4368 0.4283 0.0000 0.1349
002680 0.4362 0.4267 0.0000 0.1371
002700 0.4357 0.4287 0.0000 0.1356
002720 0.4381 0.4278 0.0000 0.1341
002740 0.4400 0.4248 0.0000 0.1352
002760 0.4380 0.4261 0.0000 0.1360
002780 0.4367 0.4283 0.0000 0.1350
002800 0.4401 0.4259 0.0000 0.1340
002820 0.4397 0.4250 0.0000 0.1353
002840 0.4388 0.4271 0.0000 0.1341
002860 0.4409 0.4248 0.0000 0.1343
002880 0.4386 0.4260 0.0000 0.1354
002900 0.4399 0.4252 0.0000 0.1349
002920 0.4401 0.4243 0.0000 0.1356
002940 0.4386 0.4251 0.0000 0.1363
002960 0.4387 0.4257 0.0000 0.1356
002980 0.4384 0.4263 0.0000 0.1353
003000 0.4393 0.4247 0.0000 0.1359
003020 0.4386 0.4259 0.0000 0.1356
003040 0.4351 0.4281 0.0000 0.1368
003060 0.4373 0.4284 0.0000 0.1343
003080 0.4369 0.4287 0.0000 0.1344
003100 0.4387 0.4263 0.0000 0.1350
003120 0.4401 0.4251 0.0000 0.1348
003140 0.4413 0.4245 0.0000 0.1342
003160 0.4387 0.4256 0.0000 0.1358
003180 0.4366 0.4263 0.0000 0.1371
003200 0.4314 0.4315 0.0000 0.1371
003220 0.4308 0.4324 0.0000 0.1369
003240 0.4322 0.4321 0.0000 0.1357
003260 0.4356 0.4291 0.0000 0.1352
003280 0.4361 0.4293 0.0000 0.1346
003300 0.4397 0.4257 0.0000 0.1346
003320 0.4394 0.4252 0.0000 0.1354
003340 0.4383 0.4258 0.0000 0.1359
003360 0.4386 0.4256 0.0000 0.1358
003380 0.4343 0.4298 0.0000 0.1359
003400 0.4355 0.4308 0.0000 0.1337
003420 0.4371 0.4271 0.0000 0.1358
003440 0.4353 0.4285 0.0000 0.1361
003460 0.4340 0.4304 0.0000 0.1356
003480 0.4375 0.4272 0.0000 0.1353
003500 0.4382 0.4265 0.0000 0.1353
003520 0.4365 0.4273 0.0000 0.1362
003540 0.4365 0.4294 0.0000 0.1341
003560 0.4392 0.4255 0.0000 0.1353
003580 0.4386 0.4256 0.0000 0.1358
003600 0.4360 0.4286 0.0000 0.1354
003620 0.4369 0.4273 0.0000 0.1358
003640 0.4367 0.4285 0.0000 0.1348
003660 0.4388 0.4270 0.0000 0.1342
003680 0.4390 0.4263 0.0000 0.1347
003700 0.4372 0.4271 0.0000 0.1357
003720 0.4362 0.4285 0.0000 0.1353
003740 0.4370 0.4272 0.0000 0.1358
003760 0.4379 0.4273 0.0000 0.1349
003780 0.4414 0.4240 0.0000 0.1346
003800 0.4397 0.4242 0.0000 0.1361
003820 0.4376 0.4262 0.0000 0.1362
003840 0.4344 0.4286 0.0000 0.1370
003860 0.4359 0.4284 0.0000 0.1357
003880 0.4356 0.4281 0.0000 0.1363
003900 0.4358 0.4279 0.0000 0.1364
003920 0.4350 0.4288 0.0000 0.1363
003940 0.4380 0.4272 0.0000 0.1348
003960 0.4394 0.4258 0.0000 0.1349
003980 0.4405 0.4254 0.0000 0.1341
004000 0.4384 0.4259 0.0000 0.1357
004020 0.4403 0.4252 0.0000 0.1344
004040 0.4405 0.4251 0.0000 0.1345
004060 0.4388 0.4272 0.0000 0.1340
004080 0.4370 0.4276 0.0000 0.1354
004100 0.4365 0.4276 0.0000 0.1359
004120 0.4344 0.4290 0.0000 0.1366
004140 0.4346 0.4297 0.0000 0.1357
004160 0.4353 0.4295 0.0000 0.1352
004180 0.4357 0.4280 0.0000 0.1363
004200 0.4318 0.4314 0.0000 0.1368
004220 0.4323 0.4315 0.0000 0.1362
004240 0.4335 0.4317 0.0000 0.1348
004260 0.4370 0.4272 0.0000 0.1358
004280 0.4382 0.4271 0.0000 0.1347
004300 0.4391 0.4253 0.0000 0.1356
004320 0.4395 0.4258 0.0000 0.1347
004340 0.4406 0.4241 0.0000 0.1353
004360 0.4374 0.4274 0.0000 0.1353
004380 0.4375 0.4280 0.0000 0.1344
004400 0.4359 0.4285 0.0000 0.1356
004420 0.4356 0.4292 0.0000 0.1352
004440 0.4346 0.4290 0.0000 0.1364
004460 0.4344 0.4283 0.0000 0.1373
004480 0.4333 0.4313 0.0000 0.1353
004500 0.4332 0.4318 0.0000 0.1349
004520 0.4354 0.4289 0.0000 0.1357
004540 0.4350 0.4287 0.0000 0.1363
004560 0.4348 0.4293 0.0000 0.1359
004580 0.4355 0.4299 0.0000 0.1346
004600 0.4381 0.4274 0.0000 0.1345
004620 0.4417 0.4233 0.0000 0.1350
004640 0.4423 0.4229 0.0000 0.1348
004660 0.4394 0.4248 0.0000 0.1358
004680 0.4405 0.4238 0.0000 0.1356
004700 0.4368 0.4264 0.0000 0.1369
004720 0.4366 0.4279 0.0000 0.1356
004740 0.4357 0.4287 0.0000 0.1356
004760 0.4356 0.4289 0.0000 0.1355
004780 0.4372 0.4286 0.0000 0.1342
004800 0.4391 0.4264 0.0000 0.1345
004820 0.4423 0.4242 0.0000 0.1335
004840 0.4417 0.4237 0.0000 0.1346
004860 0.4395 0.4250 0.0000 0.1355
004880 0.4397 0.4252 0.0000 0.1351
004900 0.4382 0.4270 0.0000 0.1349
004920 0.4404 0.4246 0.0000 0.1350
004940 0.4399 0.4251 0.0000 0.1350
004960 0.4444 0.4219 0.0000 0.1337
004980 0.4439 0.4222 0.0000 0.1339
005000 0.4419 0.4231 0.0000 0.1350
005020 0.4399 0.4244 0.0000 0.1357
005040 0.4384 0.4261 0.0000 0.1354
005060 0.4363 0.4275 0.0000 0.1362
005080 0.4361 0.4273 0.0000 0.1366
005100 0.4375 0.4266 0.0000 0.1360
005120 0.4357 0.4277 0.0000 0.1366
005140 0.4369 0.4282 0.0000 0.1349
005160 0.4392 0.4265 0.0000 0.1343
005180 0.4395 0.4257 0.0000 0.1349
005200 0.4380 0.4259 0.0000 0.1361
005220 0.4352 0.4287 0.0000 0.1360
005240 0.4363 0.4278 0.0000 0.1360
005260 0.4349 0.4291 0.0000 0.1360
005280 0.4341 0.4296 0.0000 0.1364
005300 0.4330 0.4309 0.0000 0.1361
005320 0.4376 0.4270 0.0000 0.1354
005340 0.4362 0.4285 0.0000 0.1353
005360 0.4394 0.4249 0.0000 0.1358
005380 0.4366 0.4262 0.0000 0.1371
005400 0.4331 0.4309 0.0000 0.1360
005420 0.4369 0.4285 0.0000 0.1346
005440 0.4383 0.4264 0.0000 0.1352
005460 0.4398 0.4236 0.0000 0.1366
005480 0.4362 0.4279 0.0000 0.1359
005500 0.4382 0.4266 0.0000 0.1353
005520 0.4389 0.4243 0.0000 0.1367
005540 0.4376 0.4267 0.0000 0.1357
005560 0.4358 0.4278 0.0000 0.1364
005580 0.4348 0.4300 0.0000 0.1352
005600 0.4390 0.4262 0.0000 0.1348
005620 0.4400 0.4257 0.0000 0.1343
005640 0.4395 0.4271 0.0000 0.1334
005660 0.4392 0.4259 0.0000 0.1349
005680 0.4352 0.4285 0.0000 0.1363
005700 0.4354 0.4295 0.0000 0.1351
005720 0.4332 0.4308 0.0000 0.1361
005740 0.4338 0.4303 0.0000 0.1359
005760 0.4342 0.4293 0.0000 0.1365
005780 0.4347 0.4281 0.0000 0.1373
005800 0.4333 0.4291 0.0000 0.1377
005820 0.4345 0.4274 0.0000 0.1380
005840 0.4323 0.4309 0.0000 0.1367
005860 0.4318 0.4310 0.0000 0.1372
005880 0.4330 0.4307 0.0000 0.1363
005900 0.4319 0.4309 0.0000 0.1372
005920 0.4334 0.4307 0.0000 0.1359
005940 0.4345 0.4297 0.0000 0.1358
005960 0.4359 0.4292 0.0000 0.1349
005980 0.4398 0.4250 0.0000 0.1352
006000 0.4368 0.4274 0.0000 0.1359
006020 0.4371 0.4261 0.0000 0.1368
006040 0.4394 0.4251 0.0000 0.1355
006060 0.4404 0.4253 0.0000 0.1344
006080 0.4407 0.4249 0.0000 0.1345
006100 0.4440 0.4216 0.0000 0.1344
006120 0.4408 0.4238 0.0000 0.1354
006140 0.4394 0.4255 0.0000 0.1352
006160 0.4343 0.4291 0.0000 0.1366
006180 0.4360 0.4288 0.0000 0.1351
006200 0.4380 0.4271 0.0000 0.1349
006220 0.4378 0.4257 0.0000 0.1365
006240 0.4367 0.4281 0.0000 0.1352
006260 0.4370 0.4276 0.0000 0.1354
006280 0.4369 0.4277 0.0000 0.1353
006300 0.4348 0.4302 0.0000 0.1350
006320 0.4374 0.4280 0.0000 0.1346
006340 0.4402 0.4256 0.0000 0.1342
006360 0.4409 0.4255 0.0000 0.1336
006380 0.4398 0.4259 0.0000 0.1343
006400 0.4381 0.4270 0.0000 0.1349
006420 0.4365 0.4278 0.0000 0.1357
006440 0.4337 0.4302 0.0000 0.1361
006460 0.4356 0.4297 0.0000 0.1347
006480 0.4375 0.4280 0.0000 0.1345
006500 0.4412 0.4247 0.0000 0.1341
006520 0.4404 0.4254 0.0000 0.1341
006540 0.4416 0.4232 0.0000 0.1352
006560 0.4393 0.4263 0.0000 0.1345
006580 0.4407 0.4255 0.0000 0.1338
006600 0.4402 0.4239 0.0000 0.1359
006620 0.4391 0.4241 0.0000 0.1368
006640 0.4357 0.4282 0.0000 0.1361
006660 0.4367 0.4284 0.0000 0.1349
006680 0.4383 0.4279 0.0000 0.1338
006700 0.4357 0.4283 0.0000 0.1360
006720 0.4355 0.4281 0.0000 0.1364
006740 0.4327 0.4303 0.0000 0.1370
006760 0.4316 0.4323 0.0000 0.1361
006780 0.4342 0.4300 0.0000 0.1358
006800 0.4331 0.4313 0.0000 0.1356
006820 0.4351 0.4293 0.0000 0.1356
006840 0.4361 0.4290 0.0000 0.1349
006860 0.4385 0.4275 0.0000 0.1340
006880 0.4420 0.4224 0.0000 0.1356
006900 0.4399 0.4238 0.0000 0.1364
006920 0.4322 0.4300 0.0000 0.1377
006940 0.4325 0.4316 0.0000 0.1359
006960 0.4339 0.4310 0.0000 0.1351
006980 0.4361 0.4292 0.0000 0.1346
007000 0.4370 0.4279 0.0000 0.1351
007020 0.4350 0.4298 0.0000 0.1352
007040 0.4374 0.4273 0.0000 0.1354
007060 0.4385 0.4250 0.0000 0.1365
007080 0.4341 0.4286 0.0000 0.1373
007100 0.4373 0.4268 0.0000 0.1359
007120 0.4381 0.4263 0.0000 0.1356
007140 0.4371 0.4277 0.0000 0.1353
007160 0.4375 0.4271 0.0000 0.1354
007180 0.4379 0.4265 0.0000 0.1356
007200 0.4397 0.4265 0.0000 0.1338
007220 0.4422 0.4243 0.0000 0.1335
007240 0.4427 0.4227 0.0000 0.1346
007260 0.4408 0.4240 0.0000 0.1351
007280 0.4393 0.4262 0.0000 0.1344
007300 0.4405 0.4250 0.0000 0.1345
007320 0.4404 0.4252 0.0000 0.1344
007340 0.4403 0.4245 0.0000 0.1352
007360 0.4429 0.4219 0.0000 0.1352
007380 0.4434 0.4210 0.0000 0.1356
007400 0.4412 0.4232 0.0000 0.1356
007420 0.4378 0.4249 0.0000 0.1372
007440 0.4370 0.4267 0.0000 0.1362
007460 0.4376 0.4267 0.0000 0.1357
007480 0.4361 0.4285 0.0000 0.1354
007500 0.4391 0.4254 0.0000 0.1355
007520 0.4390 0.4263 0.0000 0.1347
007540 0.4377 0.4269 0.0000 0.1354
007560 0.4369 0.4275 0.0000 0.1357
007580 0.4373 0.4275 0.0000 0.1353
007600 0.4341 0.4310 0.0000 0.1349
007620 0.4380 0.4265 0.0000 0.1355
007640 0.4370 0.4261 0.0000 0.1369
007660 0.4351 0.4290 0.0000 0.1360
007680 0.4355 0.4298 0.0000 0.1347
007700 0.4375 0.4272 0.0000 0.1352
007720 0.4400 0.4256 0.0000 0.1344
007740 0.4409 0.4244 0.0000 0.1347
007760 0.4400 0.4252 0.0000 0.1348
007780 0.4417 0.4242 0.0000 0.1340
007800 0.4404 0.4245 0.0000 0.1350
007820 0.4423 0.4231 0.0000 0.1346
007840 0.4439 0.4214 0.0000 0.1347
007860 0.4427 0.4219 0.0000 0.1354
007880 0.4403 0.4240 0.0000 0.1357
007900 0.4360 0.4275 0.0000 0.1365
007920 0.4353 0.4287 0.0000 0.1360
007940 0.4353 0.4276 0.0000 0.1371
007960 0.4326 0.4312 0.0000 0.1362
007980 0.4341 0.4307 0.0000 0.1353
008000 0.4354 0.4292 0.0000 0.1354
008020 0.4352 0.4284 0.0000 0.1364
008040 0.4371 0.4274 0.0000 0.1355
008060 0.4360 0.4277 0.0000 0.1363
008080 0.4348 0.4287 0.0000 0.1365
008100 0.4363 0.4278 0.0000 0.1359
008120 0.4361 0.4288 0.0000 0.1351
008140 0.4351 0.4299 0.0000 0.1350
008160 0.4348 0.4301 0.0000 0.1351
008180 0.4387 0.4270 0.0000 0.1343
008200 0.4388 0.4272 0.0000 0.1339
008220 0.4409 0.4230 0.0000 0.1360
008240 0.4387 0.4249 0.0000 0.1364
008260 0.4341 0.4301 0.0000 0.1357
008280 0.4339 0.4309 0.0000 0.1353
008300 0.4347 0.4295 0.0000 0.1358
008320 0.4356 0.4282 0.0000 0.1362
008340 0.4358 0.4278 0.0000 0.1364
008360 0.4381 0.4267 0.0000 0.1351
008380 0.4366 0.4274 0.0000 0.1359
008400 0.4367 0.4267 0.0000 0.1367
008420 0.4406 0.4237 0.0000 0.1357
008440 0.4405 0.4246 0.0000 0.1349
008460 0.4408 0.4248 0.0000 0.1344
008480 0.4399 0.4245 0.0000 0.1356
008500 0.4366 0.4269 0.0000 0.1364
008520 0.4394 0.4268 0.0000 0.1338
008540 0.4415 0.4241 0.0000 0.1343
008560 0.4386 0.4259 0.0000 0.1355
008580 0.4379 0.4258 0.0000 0.1363
008600 0.4352 0.4287 0.0000 0.1361
008620 0.4377 0.4273 0.0000 0.1350
008640 0.4385 0.4270 0.0000 0.1345
008660 0.4369 0.4282 0.0000 0.1348
008680 0.4387 0.4265 0.0000 0.1348
008700 0.4372 0.4264 0.0000 0.1364
008720 0.4357 0.4267 0.0000 0.1376
008740 0.4334 0.4291 0.0000 0.1375
008760 0.4311 0.4331 0.0000 0.1359
008780 0.4348 0.4296 0.0000 0.1356
008800 0.4360 0.4285 0.0000 0.1355
008820 0.4357 0.4290 0.0000 0.1353
008840 0.4344 0.4282 0.0000 0.1374
008860 0.4341 0.4291 0.0000 0.1368
008880 0.4360 0.4283 0.0000 0.1357
008900 0.4347 0.4292 0.0000 0.1361
008920 0.4351 0.4290 0.0000 0.1359
008940 0.4339 0.4309 0.0000 0.1352
008960 0.4360 0.4289 0.0000 0.1352
008980 0.4376 0.4269 0.0000 0.1355
009000 0.4399 0.4251 0.0000 0.1349
009020 0.4389 0.4247 0.0000 0.1364
009040 0.4353 0.4280 0.0000 0.1367
009060 0.4354 0.4299 0.0000 0.1346
009080 0.4398 0.4264 0.0000 0.1339
009100 0.4410 0.4237 0.0000 0.1353
009120 0.4382 0.4263 0.0000 0.1355
009140 0.4371 0.4264 0.0000 0.1365
009160 0.4384 0.4252 0.0000 0.1364
009180 0.4384 0.4256 0.0000 0.1360
009200 0.4332 0.4307 0.0000 0.1361
009220 0.4327 0.4317 0.0000 0.1355
009240 0.4368 0.4278 0.0000 0.1355
009260 0.4384 0.4278 0.0000 0.1337
009280 0.4387 0.4273 0.0000 0.1339
009300 0.4383 0.4269 0.0000 0.1348
009320 0.4377 0.4265 0.0000 0.1358
009340 0.4353 0.4286 0.0000 0.1361
009360 0.4319 0.4342 0.0000 0.1339
009380 0.4345 0.4312 0.0000 0.1343
009400 0.4381 0.4288 0.0000 0.1330
009420 0.4386 0.4263 0.0000 0.1351
009440 0.4385 0.4267 0.0000 0.1348
009460 0.4380 0.4270 0.0000 0.1350
009480 0.4371 0.4280 0.0000 0.1350
009500 0.4366 0.4288 0.0000 0.1346
009520 0.4363 0.4282 0.0000 0.1356
009540 0.4373 0.4281 0.0000 0.1346
009560 0.4380 0.4281 0.0000 0.1339
009580 0.4363 0.4283 0.0000 0.1354
009600 0.4359 0.4281 0.0000 0.1360
009620 0.4356 0.4291 0.0000 0.1353
009640 0.4345 0.4299 0.0000 0.1356
009660 0.4373 0.4271 0.0000 0.1356
009680 0.4390 0.4259 0.0000 0.1350
009700 0.4393 0.4247 0.0000 0.1360
009720 0.4411 0.4242 0.0000 0.1346
009740 0.4411 0.4236 0.0000 0.1353
009760 0.4395 0.4247 0.0000 0.1358
009780 0.4402 0.4243 0.0000 0.1355
009800 0.4382 0.4244 0.0000 0.1373
009820 0.4367 0.4286 0.0000 0.1347
009840 0.4410 0.4255 0.0000 0.1334
009860 0.4390 0.4261 0.0000 0.1349
009880 0.4406 0.4270 0.0000 0.1324
009900 0.4425 0.4226 0.0000 0.1349
009920 0.4427 0.4227 0.0000 0.1346
009940 0.4382 0.4257 0.0000 0.1361
009960 0.4361 0.4295 0.0000 0.1344
009980 0.4373 0.4271 0.0000 0.1356
010000 0.4361 0.4276 0.0000 0.1363
010020 0.4370 0.4270 0.0000 0.1360
010040 0.4370 0.4270 0.0000 0.1360
010060 0.4370 0.4270 0.0000 0.1360
010080 0.4370 0.4270 0.0000 0.1360
010100 0.4370 0.4270 0.0000 0.1360
010120 0.4370 0.4270 0.0000 0.1360
010140 0.4370 0.4270 0.0000 0.1360
010160 0.4370 0.4270 0.0000 0.1360
010180 0.4370 0.4270 0.0000 0.1360
010200 0.4370 0.4270 0.0000 0.1360
010220 0.4370 0.4270 0.0000 0.1360
010240 0.4370 0.4270 0.0000 0.1360
010260 0.4370 0.4270 0.0000 0.1360
010280 0.4370 0.4270 0.0000 0.1360
010300 0.4370 0.4270 0.0000 0.1360
010320 0.4370 0.4270 0.0000 0.1360
010340 0.4370 0.4270 0.0000 0.1360
010360 0.4370 0.4270 0.0000 0.1360
010380 0.4370 0.4270 0.0000 0.1360
010400 0.4370 0.4270 0.0000 0.1360
010420 0.4370 0.4270 0.0000 0.1360
010440 0.4370 0.4270 0.0000 0.1360
010460 0.4370 0.4270 0.0000 0.1360
010480 0.4370 0.4270 0.0000 0.1360
010500 0.4370 0.4270 0.0000 0.1360
010520 0.4370 0.4270 0.0000 0.1360
010540 0.4370 0.4270 0.0000 0.1360
010560 0.4370 0.4270 0.0000 0.1360
010580 0.4370 0.4270 0.0000 0.1360
010600 0.4370 0.4270 0.0000 0.1360
010620 0.4370 0.4270 0.0000 0.1360
010640 0.4370 0.4270 0.0000 0.1360
010660 0.4370 0.4270 0.0000 0.1360
010680 0.4370 0.4270 0.0000 0.1360
010700 0.4370 0.4270 0.0000 0.1360
010720 0.4370 0.4270 0.0000 0.1360
010740 0.4370 0.4270 0.0000 0.1360
010760 0.4370 0.4270 0.0000 0.1360
010780 0.4370 0.4270 0.0000 0.1360
010800 0.4370 0.4270 0.0000 0.1360
010820 0.4370 0.4270 0.0000 0.1360
010840 0.4370 0.4270 0.0000 0.1360
010860 0.4370 0.4270 0.0000 0.1360
010880 0.4370 0.4270 0.0000 0.1360
010900 0.4370 0.4270 0.0000 0.1360
010920 0.4370 0.4270 0.0000 0.1360
010940 0.4370 0.4270 0.0000 0.1360
010960 0.4370 0.4270 0.0000 0.1360
010980 0.4370 0.4270 0.0000 0.1360
011000 0.4370 0.4270 0.0000 0.1360
011020 0.4370 0.4270 0.0000 0.1360
011040 0.4370 0.4270 0.0000 0.1360
011060 0.4370 0.4270 0.0000 0.1360
011080 0.4370 0.4270 0.0000 0.1360
011100 0.4370 0.4270 0.0000 0.1360
011120 0.4370 0.4270 0.0000 0.1360
011140 0.4370 0.4270 0.0000 0.1360
011160 0.4370 0.4270 0.0000 0.1360
011180 0.4370 0.4270 0.0000 0.1360
011200 0.4370 0.4270 0.0000 0.1360
011220 0.4370 0.4270 0.0000 0.1360
011240 0.4370 0.4270 0.0000 0.1360
011260 0.4370 0.4270 0.0000 0.1360
011280 0.4370 0.4270 0.0000 0.1360
011300 0.4370 0.4270 0.0000 0.1360
011320 0.4370 0.4270 0.0000 0.1360
011340 0.4370 0.4270 0.0000 0.1360
011360 0.4370 0.4270 0.0000 0.1360
011380 0.4370 0.4270 0.0000 0.1360
011400 0.4370 0.4270 0.0000 0.1360
011420 0.4370 0.4270 0.0000 0.1360
011440 0.4370 0.4270 0.0000 0.1360
011460 0.4370 0.4270 0.0000 0.1360
011480 0.4370 0.4270 0.0000 0.1360
011500 0.4370 0.4270 0.0000 0.1360
011520 0.4370 0.4270 0.0000 0.1360
011540 0.4370 0.4270 0.0000 0.1360
011560 0.4370 0.4270 0.0000 0.1360
011580 0.4370 0.4270 0.0000 0.1360
011600 0.4370 0.4270 0.0000 0.1360
011620 0.4370 0.4270 0.0000 0.1360
011640 0.4370 0.4270 0.0000 0.1360
011660 0.4370 0.4270 0.0000 0.1360
011680 0.4370 0.4270 0.0000 0.1360
011700 0.4370 0.4270 0.0000 0.1360
011720 0.4370 0.4270 0.0000 0.1360
011740 0.4370 0.4270 0.0000 0.1360
011760 0.4370 0.4270 0.0000 0.1360
011780 0.4370 0.4270 0.0000 0.1360
011800 0.4370 0.4270 0.0000 0.1360
011820 0.4370 0.4270 0.0000 0.1360
011840 0.4370 0.4270 0.0000 0.1360
011860 0.4370 0.4270 0.0000 0.1360
011880 0.4370 0.4270 0.0000 0.1360
011900 0.4370 0.4270 0.0000 0.1360
011920 0.4370 0.4270 0.0000 0.1360
011940 0.4370 0.4270 0.0000 0.1360
011960 0.4370 0.4270 0.0000 0.1360
011980 0.4370 0.4270 0.0000 0.1360
012000 0.4370 0.4270 0.0000 0.1360
012020 0.4370 0.4270 0.0000 0.1360
012040 0.4370 0.4270 0.0000 0.1360
012060 0.4370 0.4270 0.0000 0.1360
012080 0.4370 0.4270 0.0000 0.1360
012100 0.4370 0.4270 0.0000 0.1360
012120 0.4370 0.4270 0.0000 0.1360
012140 0.4370 0.4270 0.0000 0.1360
012160 0.4370 0.4270 0.0000 0.1360
012180 0.4370 0.4270 0.0000 0.1360
012200 0.4370 0.4270 0.0000 0.1360
012220 0.4370 0.4270 0.0000 0.1360
012240 0.4370 0.4270 0.0000 0.1360
012260 0.4370 0.4270 0.0000 0.1360
012280 0.4370 0.4270 0.0000 0.1360
012300 0.4370 0.4270 0.0000 0.1360
012320 0.4370 0.4270 0.0000 0.1360
012340 0.4370 0.4270 0.0000 0.1360
012360 0.4370 0.4270 0.0000 0.1360
012380 0.4370 0.4270 0.0000 0.1360
012400 0.4370 0.4270 0.0000 0.1360
012420 0.4370 0.4270 0.0000 0.1360
012440 0.4370 0.4270 0.0000 0.1360
012460 0.4370 0.4270 0.0000 0.1360
012480 0.4370 0.4270 0.0000 0.1360
012500 0.4370 0.4270 0.0000 0.1360
012520 0.4370 0.4270 0.0000 0.1360
012540 0.4370 0.4270 0.0000 0.1360
012560 0.4370 0.4270 0.0000 0.1360
012580 0.4370 0.4270 0.0000 0.1360
012600 0.4370 0.4270 0.0000 0.1360
012620 0.4370 0.4270 0.0000 0.1360
012640 0.4370 0.4270 0.0000 0.1360
012660 0.4370 0.4270 0.0000 0.1360
012680 0.4370 0.4270 0.0000 0.1360
012700 0.4370 0.4270 0.0000 0.1360
012720 0.4370 0.4270 0.0000 0.1360
012740 0.4370 0.4270 0.0000 0.1360
012760 0.4370 0.4270 0.0000 0.1360
012780 0.4370 0.4270 0.0000 0.1360
012800 0.4370 0.4270 0.0000 0.1360
012820 0.4370 0.4270 0.0000 0.1360
012840 0.4370 0.4270 0.0000 0.1360
012860 0.4370 0.4270 0.0000 0.1360
012880 0.4370 0.4270 0.0000 0.1360
012900 0.4370 0.4270 0.0000 0.1360
012920 0.4370 0.4270 0.0000 0.1360
012940 0.4370 0.4270 0.0000 0.1360
012960 0.4370 0.4270 0.0000 0.1360
012980 0.4370 0.4270 0.0000 0.1360
013000 0.4370 0.4270 0.0000 0.1360
013020 0.4370 0.4270 0.0000 0.1360
013040 0.4370 0.4270 0.0000 0.1360
013060 0.4370 0.4270 0.0000 0.1360
013080 0.4370 0.4270 0.0000 0.1360
013100 0.4370 0.4270 0.0000 0.1360
013120 0.4370 0.4270 0.0000 0.1360
013140 0.4370 0.4270 0.0000 0.1360
013160 0.4370 0.4270 0.0000 0.1360
013180 0.4370 0.4270 0.0000 0.1360
013200 0.4370 0.4270 0.0000 0.1360
013220 0.4370 0.4270 0.0000 0.1360
013240 0.4370 0.4270 0.0000 0.1360
013260 0.4370 0.4270 0.0000 0.1360
013280 0.4370 0.4270 0.0000 0.1360
013300 0.4370 0.4270 0.0000 0.1360
013320 0.4370 0.4270 0.0000 0.1360
013340 0.4370 0.4270 0.0000 0.1360
013360 0.4370 0.4270 0.0000 0.1360
013380 0.4370 0.4270 0.0000 0.1360
013400 0.4370 0.4270 0.0000 0.1360
013420 0.4370 0.4270 0.0000 0.1360
013440 0.4370 0.4270 0.0000 0.1360
013460 0.4370 0.4270 0.0000 0.1360
013480 0.4370 0.4270 0.0000 0.1360
013500 0.4370 0.4270 0.0000 0.1360
013520 0.4370 0.4270 0.0000 0.1360
013540 0.4370 0.4270 0.0000 0.1360
013560 0.4370 0.4270 0.0000 0.1360
013580 0.4370 0.4270 0.0000 0.1360
013600 0.4370 0.4270 0.0000 0.1360
013620 0.4370 0.4270 0.0000 0.1360
013640 0.4370 0.4270 0.0000 0.1360
013660 0.4370 0.4270 0.0000 0.1360
013680 0.4370 0.4270 0.0000 0.1360
013700 0.4370 0.4270 0.0000 0.1360
013720 0.4370 0.4270 0.0000 0.1360
013740 0.4370 0.4270 0.0000 0.1360
013760 0.4370 0.4270 0.0000 0.1360
013780 0.4370 0.4270 0.0000 0.1360
013800 0.4370 0.4270 0.0000 0.1360
013820 0.4370 0.4270 0.0000 0.1360
013840 0.4370 0.4270 0.0000 0.1360
013860 0.4370 0.4270 0.0000 0.1360
013880 0.4370 0.4270 0.0000 0.1360
013900 0.4370 0.4270 0.0000 0.1360
013920 0.4370 0.4270 0.0000 0.1360
013940 0.4370 0.4270 0.0000 0.1360
013960 0.4370 0.4270 0.0000 0.1360
013980 0.4370 0.4270 0.0000 0.1360
014000 0.4370 0.4270 0.0000 0.1360
014020 0.4370 0.4270 0.0000 0.1360
014040 0.4370 0.4270 0.0000 0.1360
014060 0.4370 0.4270 0.0000 0.1360
014080 0.4370 0.4270 0.0000 0.1360
014100 0.4370 0.4270 0.0000 0.1360
014120 0.4370 0.4270 0.0000 0.1360
014140 0.4370 0.4270 0.0000 0.1360
014160 0.4370 0.4270 0.0000 0.1360
014180 0.4370 0.4270 0.0000 0.1360
014200 0.4370 0.4270 0.0000 0.1360
014220 0.4370 0.4270 0.0000 0.1360
014240 0.4370 0.4270 0.0000 0.1360
014260 0.4370 0.4270 0.0000 0.1360
014280 0.4370 0.4270 0.0000 0.1360
014300 0.4370 0.4270 0.0000 0.1360
014320 0.4370 0.4270 0.0000 0.1360
014340 0.4370 0.4270 0.0000 0.1360
014360 0.4370 0.4270 0.0000 0.1360
014380 0.4370 0.4270 0.0000 0.1360
014400 0.4370 0.4270 0.0000 0.1360
014420 0.4370 0.4270 0.0000 0.1360
014440 0.4370 0.4270 0.0000 0.1360
014460 0.4370 0.4270 0.0000 0.1360
014480 0.4370 0.4270 0.0000 0.1360
014500 0.4370 0.4270 0.0000 0.1360
014520 0.4370 0.4270 0.0000 0.1360
014540 0.4370 0.4270 0.0000 0.1360
014560 0.4370 0.4270 0.0000 0.1360
014580 0.4370 0.4270 0.0000 0.1360
014600 0.4370 0.4270 0.0000 0.1360
014620 0.4370 0.4270 0.0000 0.1360
014640 0.4370 0.4270 0.0000 0.1360
014660 0.4370 0.4270 0.0000 0.1360
014680 0.4370 0.4270 0.0000 0.1360
014700 0.4370 0.4270 0.0000 0.1360
014720 0.4370 0.4270 0.0000 0.1360
014740 0.4370 0.4270 0.0000 0.1360
014760 0.4370 0.4270 0.0000 0.1360
014780 0.4370 0.4270 0.0000 0.1360
014800 0.4370 0.4270 0.0000 0.1360
014820 0.4370 0.4270 0.0000 0.1360
014840 0.4370 0.4270 0.0000 0.1360
014860 0.4370 0.4270 0.0000 0.1360
014880 0.4370 0.4270 0.0000 0.1360
014900 0.4370 0.4270 0.0000 0.1360
014920 0.4370 0.4270 0.0000 0.1360
014940 0.4370 0.4270 0.0000 0.1360
014960 0.4370 0.4270 0.0000 0.1360
014980 0.4370 0.4270 0.0000 0.1360
015000 0.4370 0.4270 0.0000 0.1360
015020 0.4370 0.4270 0.0000 0.1360
015040 0.4370 0.4270 0.0000 0.1360
015060 0.4370 0.4270 0.0000 0.1360
015080 0.4370 0.4270 0.0000 0.1360
015100 0.4370 0.4270 0.0000 0.1360
015120 0.4370 0.4270 0.0000 0.1360
015140 0.4370 0.4270 0.0000 0.1360
015160 0.4370 0.4270 0.0000 0.1360
015180 0.4370 0.4270 0.0000 0.1360
015200 0.4370 0.4270 0.0000 0.1360
015220 0.4370 0.4270 0.0000 0.1360
015240 0.4370 0.4270 0.0000 0.1360
015260 0.4370 0.4270 0.0000 0.1360
015280 0.4370 0.4270 0.0000 0.1360
015300 0.4370 0.4270 0.0000 0.1360
015320 0.4370 0.4270 0.0000 0.1360
015340 0.4370 0.4270 0.0000 0.1360
015360 0.4370 0.4270 0.0000 0.1360
015380 0.4370 0.4270 0.0000 0.1360
015400 0.4370 0.4270 0.0000 0.1360
015420 0.4370 0.4270 0.0000 0.1360
015440 0.4370 0.4270 0.0000 0.1360
015460 0.4370 0.4270 0.0000 0.1360
015480 0.4370 0.4270 0.0000 0.1360
015500 0.4370 0.4270 0.0000 0.1360
015520 0.4370 0.4270 0.0000 0.1360
015540 0.4370 0.4270 0.0000 0.1360
015560 0.4370 0.4270 0.0000 0.1360
015580 0.4370 0.4270 0.0000 0.1360
015600 0.4370 0.4270 0.0000 0.1360
015620 0.4370 0.4270 0.0000 0.1360
015640 0.4370 0.4270 0.0000 0.1360
015660 0.4370 0.4270 0.0000 0.1360
015680 0.4370 0.4270 0.0000 0.1360
015700 0.4370 0.4270 0.0000 0.1360
015720 0.4370 0.4270 0.0000 0.1360
015740 0.4370 0.4270 0.0000 0.1360
015760 0.4370 0.4270 0.0000 0.1360
015780 0.4370 0.4270 0.0000 0.1360
015800 0.4370 0.4270 0.0000 0.1360
015820 0.4370 0.4270 0.0000 0.1360
015840 0.4370 0.4270 0.0000 0.1360
015860 0.4370 0.4270 0.0000 0.1360
015880 0.4370 0.4270 0.0000 0.1360
015900 0.4370 0.4270 0.0000 0.1360
015920 0.4370 0.4270 0.0000 0.1360
015940 0.4370 0.4270 0.0000 0.1360
015960 0.4370 0.4270 0.0000 0.1360
015980 0.4370 0.4270 0.0000 0.1360
016000 0.4370 0.4270 0.0000 0.1360
016020 0.4370 0.4270 0.0000 0.1360
016040 0.4370 0.4270 0.0000 0.1360
016060 0.4370 0.4270 0.0000 0.1360
016080 0.4370 0.4270 0.0000 0.1360
016100 0.4370 0.4270 0.0000 0.1360
016120 0.4370 0.4270 0.0000 0.1360
016140 0.4370 0.4270 0.0000 0.1360
016160 0.4370 0.4270 0.0000 0.1360
016180 0.4370 0.4270 0.0000 0.1360
016200 0.4370 0.4270 0.0000 0.1360
016220 0.4370 0.4270 0.0000 0.1360
016240 0.4370 0.4270 0.0000 0.1360
016260 0.4370 0.4270 0.0000 0.1360
016280 0.4370 0.4270 0.0000 0.1360
016300 0.4370 0.4270 0.0000 0.1360
016320 0.4370 0.4270 0.0000 0.1360
016340 0.4370 0.4270 0.0000 0.1360
016360 0.4370 0.4270 0.0000 0.1360
016380 0.4370 0.4270 0.0000 0.1360
016400 0.4370 0.4270 0.0000 0.1360
016420 0.4370 0.4270 0.0000 0.1360
016440 0.4370 0.4270 0.0000 0.1360
016460 0.4370 0.4270 0.0000 0.1360
016480 0.4370 0.4270 0.0000 0.1360
016500 0.4370 0.4270 0.0000 0.1360
016520 0.4370 0.4270 0.0000 0.1360
016540 0.4370 0.4270 0.0000 0.1360
016560 0.4370 0.4270 0.0000 0.1360
016580 0.4370 0.4270 0.0000 0.1360
016600 0.4370 0.4270 0.0000 0.1360
016620 0.4370 0.4270 0.0000 0.1360
016640 0.4370 0.4270 0.0000 0.1360
016660 0.4370 0.4270 0.0000 0.1360
016680 0.4370 0.4270 0.0000 0.1360
016700 0.4370 0.4270 0.0000 0.1360
016720 0.4370 0.4270 0.0000 0.1360
016740 0.4370 0.4270 0.0000 0.1360
016760 0.4370 0.4270 0.0000 0.1360
016780 0.4370 0.4270 0.0000 0.1360
016800 0.4370 0.4270 0.0000 0.1360
016820 0.4370 0.4270 0.0000 0.1360
016840 0.4370 0.4270 0.0000 0.1360
016860 0.4370 0.4270 0.0000 0.1360
016880 0.4370 0.4270 0.0000 0.1360
016900 0.4370 0.4270 0.0000 0.1360
016920 0.4370 0.4270 0.0000 0.1360
016940 0.4370 0.4270 0.0000 0.1360
016960 0.4370 0.4270 0.0000 0.1360
016980 0.4370 0.4270 0.0000 0.1360
017000 0.4370 0.4270 0.0000 0.1360
017020 0.4370 0.4270 0.0000 0.1360
017040 0.4370 0.4270 0.0000 0.1360
017060 0.4370 0.4270 0.0000 0.1360
017080 0.4370 0.4270 0.0000 0.1360
017100 0.4370 0.4270 0.0000 0.1360
017120 0.4370 0.4270 0.0000 0.1360
017140 0.4370 0.4270 0.0000 0.1360
017160 0.4370 0.4270 0.0000 0.1360
017180 0.4370 0.4270 0.0000 0.1360
017200 0.4370 0.4270 0.0000 0.1360
017220 0.4370 0.4270 0.0000 0.1360
017240 0.4370 0.4270 0.0000 0.1360
017260 0.4370 0.4270 0.0000 0.1360
017280 0.4370 0.4270 0.0000 0.1360
017300 0.4370 0.4270 0.0000 0.1360
017320 0.4370 0.4270 0.0000 0.1360
017340 0.4370 0.4270 0.0000 0.1360
017360 0.4370 0.4270 0.0000 0.1360
017380 0.4370 0.4270 0.0000 0.1360
017400 0.4370 0.4270 0.0000 0.1360
017420 0.4370 0.4270 0.0000 0.1360
017440 0.4370 0.4270 0.0000 0.1360
017460 0.4370 0.4270 0.0000 0.1360
017480 0.4370 0.4270 0.0000 0.1360
017500 0.4370 0.4270 0.0000 0.1360
017520 0.4370 0.4270 0.0000 0.1360
017540 0.4370 0.4270 0.0000 0.1360
017560 0.4370 0.4270 0.0000 0.1360
017580 0.4370 0.4270 0.0000 0.1360
017600 0.4370 0.4270 0.0000 0.1360
017620 0.4370 0.4270 0.0000 0.1360
017640 0.4370 0.4270 0.0000 0.1360
017660 0.4370 0.4270 0.0000 0.1360
017680 0.4370 0.4270 0.0000 0.1360
017700 0.4370 0.4270 0.0000 0.1360
017720 0.4370 0.4270 0.0000 0.1360
017740 0.4370 0.4270 0.0000 0.1360
017760 0.4370 0.4270 0.0000 0.1360
017780 0.4370 0.4270 0.0000 0.1360
017800 0.4370 0.4270 0.0000 0.1360
017820 0.4370 0.4270 0.0000 0.1360
017840 0.4370 0.4270 0.0000 0.1360
017860 0.4370 0.4270 0.0000 0.1360
017880 0.4370 0.4270 0.0000 0.1360
017900 0.4370 0.4270 0.0000 0.1360
017920 0.4370 0.4270 0.0000 0.1360
017940 0.4370 0.4270 0.0000 0.1360
017960 0.4370 0.4270 0.0000 0.1360
017980 0.4370 0.4270 0.0000 0.1360
018000 0.4370 0.4270 0.0000 0.1360
018020 0.4370 0.4270 0.0000 0.1360
018040 0.4370 0.4270 0.0000 0.1360
018060 0.4370 0.4270 0.0000 0.1360
018080 0.4370 0.4270 0.0000 0.1360
018100 0.4370 0.4270 0.0000 0.1360
018120 0.4370 0.4270 0.0000 0.1360
018140 0.4370 0.4270 0.0000 0.1360
018160 0.4370 0.4270 0.0000 0.1360
018180 0.4370 0.4270 0.0000 0.1360
018200 0.4370 0.4270 0.0000 0.1360
018220 0.4370 0.4270 0.0000 0.1360
018240 0.4370 0.4270 0.0000 0.1360
018260 0.4370 0.4270 0.0000 0.1360
018280 0.4370 0.4270 0.0000 0.1360
018300 0.4370 0.4270 0.0000 0.1360
018320 0.4370 0.4270 0.0000 0.1360
018340 0.4370 0.4270 0.0000 0.1360
018360 0.4370 0.4270 0.0000 0.1360
018380 0.4370 0.4270 0.0000 0.1360
018400 0.4370 0.4270 0.0000 0.1360
018420 0.4370 0.4270 0.0000 0.1360
018440 0.4370 0.4270 0.0000 0.1360
018460 0.4370 0.4270 0.0000 0.1360
018480 0.4370 0.4270 0.0000 0.1360
018500 0.4370 0.4270 0.0000 0.1360
018520 0.4370 0.4270 0.0000 0.1360
018540 0.4370 0.4270 0.0000 0.1360
018560 0.4370 0.4270 0.0000 0.1360
018580 0.4370 0.4270 0.0000 0.1360
018600 0.4370 0.4270 0.0000 0.1360
018620 0.4370 0.4270 0.0000 0.1360
018640 0.4370 0.4270 0.0000 0.1360
018660 0.4370 0.4270 0.0000 0.1360
018680 0.4370 0.4270 0.0000 0.1360
018700 0.4370 0.4270 0.0000 0.1360
018720 0.4370 0.4270 0.0000 0.1360
018740 0.4370 0.4270 0.0000 0.1360
018760 0.4370 0.4270 0.0000 0.1360
018780 0.4370 0.4270 0.0000 0.1360
018800 0.4370 0.4270 0.0000 0.1360
018820 0.4370 0.4270 0.0000 0.1360
018840 0.4370 0.4270 0.0000 0.1360
018860 0.4370 0.4270 0.0000 0.1360
018880 0.4370 0.4270 0.0000 0.1360
018900 0.4370 0.4270 0.0000 0.1360
018920 0.4370 0.4270 0.0000 0.1360
018940 0.4370 0.4270 0.0000 0.1360
018960 0.4370 0.4270 0.0000 0.1360
018980 0.4370 0.4270 0.0000 0.1360
019000 0.4370 0.4270 0.0000 0.1360
019020 0.4370 0.4270 0.0000 0.1360
019040 0.4370 0.4270 0.0000 0.1360
019060 0.4370 0.4270 0.0000 0.1360
019080 0.4370 0.4270 0.0000 0.1360
019100 0.4370 0.4270 0.0000 0.1360
019120 0.4370 0.4270 0.0000 0.1360
019140 0.4370 0.4270 0.0000 0.1360
019160 0.4370 0.4270 0.0000 0.1360
019180 0.4370 0.4270 0.0000 0.1360
019200 0.4370 0.4270 0.0000 0.1360
019220 0.4370 0.4270 0.0000 0.1360
019240 0.4370 0.4270 0.0000 0.1360
019260 0.4370 0.4270 0.0000 0.1360
019280 0.4370 0.4270 0.0000 0.1360
019300 0.4370 0.4270 0.0000 0.1360
019320 0.4370 0.4270 0.0000 0.1360
019340 0.4370 0.4270 0.0000 0.1360
019360 0.4370 0.4270 0.0000 0.1360
019380 0.4370 0.4270 0.0000 0.1360
019400 0.4370 0.4270 0.0000 0.1360
019420 0.4370 0.4270 0.0000 0.1360
019440 0.4370 0.4270 0.0000 0.1360
019460 0.4370 0.4270 0.0000 0.1360
019480 0.4370 0.4270 0.0000 0.1360
019500 0.4370 0.4270 0.0000 0.1360
019520 0.4370 0.4270 0.0000 0.1360
019540 0.4370 0.4270 0.0000 0.1360
019560 0.4370 0.4270 0.0000 0.1360
019580 0.4370 0.4270 0.0000 0.1360
019600 0.4370 0.4270 0.0000 0.1360
019620 0.4370 0.4270 0.0000 0.1360
019640 0.4370 0.4270 0.0000 0.1360
019660 0.4370 0.4270 0.0000 0.1360
019680 0.4370 0.4270 0.0000 0.1360
019700 0.4370 0.4270 0.0000 0.1360
019720 0.4370 0.4270 0.0000 0.1360
019740 0.4370 0.4270 0.0000 0.1360
019760 0.4370 0.4270 0.0000 0.1360
019780 0.4370 0.4270 0.0000 0.1360
019800 0.4370 0.4270 0.0000 0.1360
019820 0.4370 0.4270 0.0000 0.1360
019840 0.4370 0.4270 0.0000 0.1360
019860 0.4370 0.4270 0.0000 0.1360
019880 0.4370 0.4270 0.0000 0.1360
019900 0.4370 0.4270 0.0000 0.1360
019920 0.4370 0.4270 0.0000 0.1360
019940 0.4370 0.4270 0.0000 0.1360
019960 0.4370 0.4270 0.0000 0.1360
019980 0.4370 0.4270 0.0000 0.1360
020000 0.4370 0.4270 0.0000 0.1360
