000000 0.2507 0.2493 0.2505 0.2495
000020 0.0323 0.7843 0.0001 0.1833
000040 0.0158 0.8156 0.0000 0.1687
000060 0.0082 0.8285 0.0000 0.1633
000080 0.0051 0.8340 0.0000 0.1609
000100 0.0028 0.8369 0.0000 0.1603
000120 0.0016 0.8394 0.0000 0.1589
000140 0.0010 0.8409 0.0000 0.1581
000160 0.0005 0.8407 0.0000 0.1588
000180 0.0003 0.8408 0.0000 0.1588
000200 0.0002 0.8407 0.0000 0.1592
000220 0.0002 0.8405 0.0000 0.1593
000240 0.0001 0.8411 0.0000 0.1588
000260 0.0001 0.8406 0.0000 0.1593
000280 0.0000 0.8405 0.0000 0.1594
000300 0.0000 0.8415 0.0000 0.1585
000320 0.0000 0.8409 0.0000 0.1590
000340 0.0000 0.8408 0.0000 0.1592
000360 0.0000 0.8412 0.0000 0.1588
000380 0.0000 0.8402 0.0000 0.1598
000400 0.0000 0.8410 0.0000 0.1590
000420 0.0000 0.8411 0.0000 0.1589
000440 0.0000 0.8409 0.0000 0.1591
000460 0.0000 0.8414 0.0000 0.1586
000480 0.0000 0.8413 0.0000 0.1587
000500 0.0000 0.8408 0.0000 0.1592
000520 0.0000 0.8415 0.0000 0.1585
000540 0.0000 0.8412 0.0000 0.1588
000560 0.0000 0.8410 0.0000 0.1590
000580 0.0000 0.8407 0.0000 0.1593
000600 0.0000 0.8415 0.0000 0.1585
000620 0.0000 0.8409 0.0000 0.1591
000640 0.0000 0.8403 0.0000 0.1597
000660 0.0000 0.8409 0.0000 0.1591
000680 0.0000 0.8412 0.0000 0.1588
000700 0.0000 0.8412 0.0000 0.1588
000720 0.0000 0.8419 0.0000 0.1581
000740 0.0000 0.8419 0.0000 0.1581
000760 0.0000 0.8411 0.0000 0.1589
000780 0.0000 0.8416 0.0000 0.1584
000800 0.0000 0.8411 0.0000 0.1589
000820 0.0000 0.8411 0.0000 0.1589
000840 0.0000 0.8408 0.0000 0.1592
000860 0.0000 0.8415 0.0000 0.1585
000880 0.0000 0.8410 0.0000 0.1590
000900 0.0000 0.8409 0.0000 0.1591
000920 0.0000 0.8411 0.0000 0.1589
000940 0.0000 0.8414 0.0000 0.1586
000960 0.0000 0.8418 0.0000 0.1582
000980 0.0000 0.8412 0.0000 0.1588
001000 0.0000 0.8408 0.0000 0.1592
001020 0.0000 0.8411 0.0000 0.1589
001040 0.0000 0.8407 0.0000 0.1593
001060 0.0000 0.8413 0.0000 0.1587
001080 0.0000 0.8420 0.0000 0.1580
001100 0.0000 0.8404 0.0000 0.1596
001120 0.0000 0.8411 0.0000 0.1589
001140 0.0000 0.8408 0.0000 0.1592
001160 0.0000 0.8405 0.0000 0.1595
001180 0.0000 0.8409 0.0000 0.1591
001200 0.0000 0.8414 0.0000 0.1586
001220 0.0000 0.8409 0.0000 0.1591
001240 0.0000 0.8413 0.0000 0.1587
001260 0.0000 0.8422 0.0000 0.1578
001280 0.0000 0.8413 0.0000 0.1587
001300 0.0000 0.8414 0.0000 0.1586
001320 0.0000 0.8410 0.0000 0.1590
001340 0.0000 0.8411 0.0000 0.1589
001360 0.0000 0.8417 0.0000 0.1583
001380 0.0000 0.8410 0.0000 0.1590
001400 0.0000 0.8415 0.0000 0.1585
001420 0.0000 0.8414 0.0000 0.1586
001440 0.0000 0.8411 0.0000 0.1589
001460 0.0000 0.8417 0.0000 0.1583
001480 0.0000 0.8419 0.0000 0.1581
001500 0.0000 0.8418 0.0000 0.1582
001520 0.0000 0.8417 0.0000 0.1583
001540 0.0000 0.8415 0.0000 0.1585
001560 0.0000 0.8418 0.0000 0.1582
001580 0.0000 0.8413 0.0000 0.1587
001600 0.0000 0.8415 0.0000 0.1585
001620 0.0000 0.8413 0.0000 0.1587
001640 0.0000 0.8412 0.0000 0.1588
001660 0.0000 0.8415 0.0000 0.1585
001680 0.0000 0.8412 0.0000 0.1588
001700 0.0000 0.8410 0.0000 0.1590
001720 0.0000 0.8418 0.0000 0.1582
001740 0.0000 0.8411 0.0000 0.1589
001760 0.0000 0.8418 0.0000 0.1582
001780 0.0000 0.8399 0.0000 0.1601
001800 0.0000 0.8416 0.0000 0.1584
001820 0.0000 0.8421 0.0000 0.1579
001840 0.0000 0.8419 0.0000 0.1581
001860 0.0000 0.8418 0.0000 0.1582
001880 0.0000 0.8418 0.0000 0.1582
001900 0.0000 0.8409 0.0000 0.1591
001920 0.0000 0.8408 0.0000 0.1592
001940 0.0000 0.8414 0.0000 0.1586
001960 0.0000 0.8413 0.0000 0.1587
001980 0.0000 0.8413 0.0000 0.1587
002000 0.0000 0.8416 0.0000 0.1584
002020 0.0000 0.8416 0.0000 0.1584
002040 0.0000 0.8423 0.0000 0.1577
002060 0.0000 0.8408 0.0000 0.1592
002080 0.0000 0.8417 0.0000 0.1583
002100 0.0000 0.8416 0.0000 0.1584
002120 0.0000 0.8413 0.0000 0.1587
002140 0.0000 0.8403 0.0000 0.1597
002160 0.0000 0.8412 0.0000 0.1588
002180 0.0000 0.8417 0.0000 0.1583
002200 0.0000 0.8410 0.0000 0.1590
002220 0.0000 0.8410 0.0000 0.1590
002240 0.0000 0.8403 0.0000 0.1597
002260 0.0000 0.8414 0.0000 0.1586
002280 0.0000 0.8415 0.0000 0.1585
002300 0.0000 0.8419 0.0000 0.1581
002320 0.0000 0.8416 0.0000 0.1585
002340 0.0000 0.8415 0.0000 0.1585
002360 0.0000 0.8411 0.0000 0.1589
002380 0.0000 0.8414 0.0000 0.1586
002400 0.0000 0.8411 0.0000 0.1589
002420 0.0000 0.8412 0.0000 0.1588
002440 0.0000 0.8415 0.0000 0.1585
002460 0.0000 0.8416 0.0000 0.1584
002480 0.0000 0.8417 0.0000 0.1583
002500 0.0000 0.8419 0.0000 0.1581
002520 0.0000 0.8417 0.0000 0.1583
002540 0.0000 0.8413 0.0000 0.1587
002560 0.0000 0.8413 0.0000 0.1587
002580 0.0000 0.8409 0.0000 0.1591
002600 0.0000 0.8413 0.0000 0.1587
002620 0.0000 0.8418 0.0000 0.1582
002640 0.0000 0.8424 0.0000 0.1576
002660 0.0000 0.8418 0.0000 0.1582
002680 0.0000 0.8411 0.0000 0.1589
002700 0.0000 0.8413 0.0000 0.1587
002720 0.0000 0.8418 0.0000 0.1582
002740 0.0000 0.8420 0.0000 0.1580
002760 0.0000 0.8417 0.0000 0.1583
002780 0.0000 0.8412 0.0000 0.1588
002800 0.0000 0.8412 0.0000 0.1588
002820 0.0000 0.8407 0.0000 0.1593
002840 0.0000 0.8407 0.0000 0.1593
002860 0.0000 0.8409 0.0000 0.1591
002880 0.0000 0.8411 0.0000 0.1589
002900 0.0000 0.8419 0.0000 0.1581
002920 0.0000 0.8422 0.0000 0.1578
002940 0.0000 0.8426 0.0000 0.1574
002960 0.0000 0.8423 0.0000 0.1577
002980 0.0000 0.8410 0.0000 0.1590
003000 0.0000 0.8412 0.0000 0.1588
003020 0.0000 0.8417 0.0000 0.1583
003040 0.0000 0.8414 0.0000 0.1586
003060 0.0000 0.8417 0.0000 0.1583
003080 0.0000 0.8413 0.0000 0.1587
003100 0.0000 0.8407 0.0000 0.1593
003120 0.0000 0.8411 0.0000 0.1589
003140 0.0000 0.8410 0.0000 0.1590
003160 0.0000 0.8415 0.0000 0.1585
003180 0.0000 0.8409 0.0000 0.1591
003200 0.0000 0.8408 0.0000 0.1592
003220 0.0000 0.8410 0.0000 0.1590
003240 0.0000 0.8406 0.0000 0.1594
003260 0.0000 0.8408 0.0000 0.1592
003280 0.0000 0.8424 0.0000 0.1576
003300 0.0000 0.8410 0.0000 0.1590
003320 0.0000 0.8407 0.0000 0.1593
003340 0.0000 0.8421 0.0000 0.1579
003360 0.0000 0.8406 0.0000 0.1594
003380 0.0000 0.8410 0.0000 0.1590
003400 0.0000 0.8410 0.0000 0.1590
003420 0.0000 0.8422 0.0000 0.1578
003440 0.0000 0.8409 0.0000 0.1591
003460 0.0000 0.8417 0.0000 0.1583
003480 0.0000 0.8406 0.0000 0.1594
003500 0.0000 0.8409 0.0000 0.1591
003520 0.0000 0.8408 0.0000 0.1592
003540 0.0000 0.8407 0.0000 0.1593
003560 0.0000 0.8412 0.0000 0.1588
003580 0.0000 0.8414 0.0000 0.1586
003600 0.0000 0.8413 0.0000 0.1587
003620 0.0000 0.8410 0.0000 0.1590
003640 0.0000 0.8409 0.0000 0.1591
003660 0.0000 0.8412 0.0000 0.1588
003680 0.0000 0.8412 0.0000 0.1588
003700 0.0000 0.8414 0.0000 0.1586
003720 0.0000 0.8420 0.0000 0.1580
003740 0.0000 0.8408 0.0000 0.1592
003760 0.0000 0.8418 0.0000 0.1582
003780 0.0000 0.8422 0.0000 0.1578
003800 0.0000 0.8414 0.0000 0.1586
003820 0.0000 0.8414 0.0000 0.1586
003840 0.0000 0.8411 0.0000 0.1589
003860 0.0000 0.8415 0.0000 0.1585
003880 0.0000 0.8411 0.0000 0.1589
003900 0.0000 0.8410 0.0000 0.1590
003920 0.0000 0.8415 0.0000 0.1585
003940 0.0000 0.8405 0.0000 0.1595
003960 0.0000 0.8415 0.0000 0.1585
003980 0.0000 0.8412 0.0000 0.1588
004000 0.0000 0.8413 0.0000 0.1587
004020 0.0000 0.8404 0.0000 0.1596
004040 0.0000 0.8405 0.0000 0.1595
004060 0.0000 0.8409 0.0000 0.1591
004080 0.0000 0.8420 0.0000 0.1580
004100 0.0000 0.8416 0.0000 0.1584
004120 0.0000 0.8427 0.0000 0.1573
004140 0.0000 0.8417 0.0000 0.1583
004160 0.0000 0.8416 0.0000 0.1584
004180 0.0000 0.8416 0.0000 0.1584
004200 0.0000 0.8412 0.0000 0.1588
004220 0.0000 0.8416 0.0000 0.1584
004240 0.0000 0.8408 0.0000 0.1592
004260 0.0000 0.8422 0.0000 0.1578
004280 0.0000 0.8414 0.0000 0.1586
004300 0.0000 0.8409 0.0000 0.1591
004320 0.0000 0.8413 0.0000 0.1587
004340 0.0000 0.8419 0.0000 0.1581
004360 0.0000 0.8416 0.0000 0.1584
004380 0.0000 0.8420 0.0000 0.1580
004400 0.0000 0.8410 0.0000 0.1590
004420 0.0000 0.8420 0.0000 0.1580
004440 0.0000 0.8417 0.0000 0.1583
004460 0.0000 0.8414 0.0000 0.1586
004480 0.0000 0.8421 0.0000 0.1579
004500 0.0000 0.8412 0.0000 0.1588
004520 0.0000 0.8411 0.0000 0.1589
004540 0.0000 0.8410 0.0000 0.1590
004560 0.0000 0.8414 0.0000 0.1586
004580 0.0000 0.8407 0.0000 0.1593
004600 0.0000 0.8414 0.0000 0.1586
004620 0.0000 0.8415 0.0000 0.1585
004640 0.0000 0.8419 0.0000 0.1581
004660 0.0000 0.8414 0.0000 0.1586
004680 0.0000 0.8413 0.0000 0.1587
004700 0.0000 0.8415 0.0000 0.1585
004720 0.0000 0.8412 0.0000 0.1588
004740 0.0000 0.8415 0.0000 0.1585
004760 0.0000 0.8415 0.0000 0.1585
004780 0.0000 0.8415 0.0000 0.1585
004800 0.0000 0.8421 0.0000 0.1579
004820 0.0000 0.8408 0.0000 0.1592
004840 0.0000 0.8415 0.0000 0.1585
004860 0.0000 0.8415 0.0000 0.1585
004880 0.0000 0.8418 0.0000 0.1582
004900 0.0000 0.8411 0.0000 0.1589
004920 0.0000 0.8400 0.0000 0.1600
004940 0.0000 0.8410 0.0000 0.1590
004960 0.0000 0.8412 0.0000 0.1588
004980 0.0000 0.8414 0.0000 0.1586
005000 0.0000 0.8414 0.0000 0.1586
005020 0.0000 0.8414 0.0000 0.1586
005040 0.0000 0.8422 0.0000 0.1578
005060 0.0000 0.8416 0.0000 0.1584
005080 0.0000 0.8414 0.0000 0.1586
005100 0.0000 0.8415 0.0000 0.1585
005120 0.0000 0.8410 0.0000 0.1590
005140 0.0000 0.8414 0.0000 0.1586
005160 0.0000 0.8420 0.0000 0.1580
005180 0.0000 0.8416 0.0000 0.1584
005200 0.0000 0.8404 0.0000 0.1596
005220 0.0000 0.8416 0.0000 0.1584
005240 0.0000 0.8416 0.0000 0.1584
005260 0.0000 0.8412 0.0000 0.1588
005280 0.0000 0.8413 0.0000 0.1587
005300 0.0000 0.8415 0.0000 0.1585
005320 0.0000 0.8417 0.0000 0.1583
005340 0.0000 0.8421 0.0000 0.1579
005360 0.0000 0.8417 0.0000 0.1583
005380 0.0000 0.8405 0.0000 0.1595
005400 0.0000 0.8411 0.0000 0.1589
005420 0.0000 0.8408 0.0000 0.1592
005440 0.0000 0.8414 0.0000 0.1586
005460 0.0000 0.8409 0.0000 0.1591
005480 0.0000 0.8405 0.0000 0.1595
005500 0.0000 0.8424 0.0000 0.1576
005520 0.0000 0.8426 0.0000 0.1574
005540 0.0000 0.8413 0.0000 0.1587
005560 0.0000 0.8409 0.0000 0.1591
005580 0.0000 0.8413 0.0000 0.1587
005600 0.0000 0.8414 0.0000 0.1586
005620 0.0000 0.8413 0.0000 0.1587
005640 0.0000 0.8423 0.0000 0.1577
005660 0.0000 0.8418 0.0000 0.1582
005680 0.0000 0.8415 0.0000 0.1585
005700 0.0000 0.8421 0.0000 0.1579
005720 0.0000 0.8409 0.0000 0.1591
005740 0.0000 0.8406 0.0000 0.1594
005760 0.0000 0.8412 0.0000 0.1588
005780 0.0000 0.8415 0.0000 0.1585
005800 0.0000 0.8425 0.0000 0.1575
005820 0.0000 0.8411 0.0000 0.1589
005840 0.0000 0.8412 0.0000 0.1588
005860 0.0000 0.8407 0.0000 0.1593
005880 0.0000 0.8412 0.0000 0.1588
005900 0.0000 0.8408 0.0000 0.1592
005920 0.0000 0.8410 0.0000 0.1590
005940 0.0000 0.8407 0.0000 0.1593
005960 0.0000 0.8405 0.0000 0.1595
005980 0.0000 0.8414 0.0000 0.1586
006000 0.0000 0.8414 0.0000 0.1586
006020 0.0000 0.8406 0.0000 0.1594
006040 0.0000 0.8412 0.0000 0.1588
006060 0.0000 0.8410 0.0000 0.1590
006080 0.0000 0.8402 0.0000 0.1598
006100 0.0000 0.8414 0.0000 0.1586
006120 0.0000 0.8419 0.0000 0.1581
006140 0.0000 0.8411 0.0000 0.1589
006160 0.0000 0.8411 0.0000 0.1589
006180 0.0000 0.8417 0.0000 0.1583
006200 0.0000 0.8423 0.0000 0.1578
006220 0.0000 0.8418 0.0000 0.1582
006240 0.0000 0.8412 0.0000 0.1588
006260 0.0000 0.8422 0.0000 0.1578
006280 0.0000 0.8411 0.0000 0.1589
006300 0.0000 0.8415 0.0000 0.1585
006320 0.0000 0.8409 0.0000 0.1591
006340 0.0000 0.8413 0.0000 0.1587
006360 0.0000 0.8416 0.0000 0.1584
006380 0.0000 0.8419 0.0000 0.1581
006400 0.0000 0.8409 0.0000 0.1591
006420 0.0000 0.8415 0.0000 0.1585
006440 0.0000 0.8417 0.0000 0.1583
006460 0.0000 0.8414 0.0000 0.1586
006480 0.0000 0.8409 0.0000 0.1591
006500 0.0000 0.8413 0.0000 0.1587
006520 0.0000 0.8408 0.0000 0.1592
006540 0.0000 0.8413 0.0000 0.1587
006560 0.0000 0.8413 0.0000 0.1587
006580 0.0000 0.8419 0.0000 0.1581
006600 0.0000 0.8419 0.0000 0.1581
006620 0.0000 0.8415 0.0000 0.1585
006640 0.0000 0.8410 0.0000 0.1590
006660 0.0000 0.8410 0.0000 0.1590
006680 0.0000 0.8409 0.0000 0.1591
006700 0.0000 0.8407 0.0000 0.1593
006720 0.0000 0.8417 0.0000 0.1583
006740 0.0000 0.8412 0.0000 0.1588
006760 0.0000 0.8409 0.0000 0.1591
006780 0.0000 0.8414 0.0000 0.1586
006800 0.0000 0.8417 0.0000 0.1583
006820 0.0000 0.8411 0.0000 0.1589
006840 0.0000 0.8408 0.0000 0.1592
006860 0.0000 0.8409 0.0000 0.1591
006880 0.0000 0.8411 0.0000 0.1589
006900 0.0000 0.8406 0.0000 0.1594
006920 0.0000 0.8410 0.0000 0.1590
006940 0.0000 0.8412 0.0000 0.1588
006960 0.0000 0.8413 0.0000 0.1587
006980 0.0000 0.8411 0.0000 0.1589
007000 0.0000 0.8408 0.0000 0.1592
007020 0.0000 0.8410 0.0000 0.1590
007040 0.0000 0.8417 0.0000 0.1583
007060 0.0000 0.8416 0.0000 0.1584
007080 0.0000 0.8407 0.0000 0.1593
007100 0.0000 0.8417 0.0000 0.1583
007120 0.0000 0.8418 0.0000 0.1582
007140 0.0000 0.8418 0.0000 0.1582
007160 0.0000 0.8411 0.0000 0.1589
007180 0.0000 0.8409 0.0000 0.1591
007200 0.0000 0.8416 0.0000 0.1584
007220 0.0000 0.8408 0.0000 0.1592
007240 0.0000 0.8405 0.0000 0.1595
007260 0.0000 0.8418 0.0000 0.1582
007280 0.0000 0.8415 0.0000 0.1585
007300 0.0000 0.8414 0.0000 0.1586
007320 0.0000 0.8409 0.0000 0.1591
007340 0.0000 0.8414 0.0000 0.1586
007360 0.0000 0.8417 0.0000 0.1583
007380 0.0000 0.8417 0.0000 0.1583
007400 0.0000 0.8413 0.0000 0.1587
007420 0.0000 0.8412 0.0000 0.1588
007440 0.0000 0.8416 0.0000 0.1584
007460 0.0000 0.8421 0.0000 0.1579
007480 0.0000 0.8416 0.0000 0.1584
007500 0.0000 0.8417 0.0000 0.1583
007520 0.0000 0.8403 0.0000 0.1597
007540 0.0000 0.8407 0.0000 0.1593
007560 0.0000 0.8419 0.0000 0.1581
007580 0.0000 0.8403 0.0000 0.1597
007600 0.0000 0.8407 0.0000 0.1593
007620 0.0000 0.8410 0.0000 0.1590
007640 0.0000 0.8416 0.0000 0.1584
007660 0.0000 0.8416 0.0000 0.1584
007680 0.0000 0.8418 0.0000 0.1582
007700 0.0000 0.8424 0.0000 0.1576
007720 0.0000 0.8415 0.0000 0.1585
007740 0.0000 0.8410 0.0000 0.1590
007760 0.0000 0.8408 0.0000 0.1592
007780 0.0000 0.8414 0.0000 0.1586
007800 0.0000 0.8410 0.0000 0.1590
007820 0.0000 0.8401 0.0000 0.1599
007840 0.0000 0.8405 0.0000 0.1595
007860 0.0000 0.8417 0.0000 0.1583
007880 0.0000 0.8416 0.0000 0.1584
007900 0.0000 0.8415 0.0000 0.1585
007920 0.0000 0.8419 0.0000 0.1581
007940 0.0000 0.8414 0.0000 0.1586
007960 0.0000 0.8418 0.0000 0.1582
007980 0.0000 0.8420 0.0000 0.1580
008000 0.0000 0.8418 0.0000 0.1582
008020 0.0000 0.8410 0.0000 0.1590
008040 0.0000 0.8419 0.0000 0.1581
008060 0.0000 0.8412 0.0000 0.1588
008080 0.0000 0.8415 0.0000 0.1585
008100 0.0000 0.8414 0.0000 0.1586
008120 0.0000 0.8415 0.0000 0.1585
008140 0.0000 0.8415 0.0000 0.1585
008160 0.0000 0.8410 0.0000 0.1590
008180 0.0000 0.8412 0.0000 0.1588
008200 0.0000 0.8408 0.0000 0.1592
008220 0.0000 0.8423 0.0000 0.1577
008240 0.0000 0.8422 0.0000 0.1578
008260 0.0000 0.8415 0.0000 0.1585
008280 0.0000 0.8414 0.0000 0.1586
008300 0.0000 0.8411 0.0000 0.1589
008320 0.0000 0.8406 0.0000 0.1594
008340 0.0000 0.8408 0.0000 0.1592
008360 0.0000 0.8407 0.0000 0.1593
008380 0.0000 0.8414 0.0000 0.1586
008400 0.0000 0.8409 0.0000 0.1591
008420 0.0000 0.8410 0.0000 0.1590
008440 0.0000 0.8406 0.0000 0.1594
008460 0.0000 0.8418 0.0000 0.1582
008480 0.0000 0.8410 0.0000 0.1590
008500 0.0000 0.8419 0.0000 0.1581
008520 0.0000 0.8405 0.0000 0.1595
008540 0.0000 0.8404 0.0000 0.1596
008560 0.0000 0.8418 0.0000 0.1582
008580 0.0000 0.8413 0.0000 0.1587
008600 0.0000 0.8418 0.0000 0.1582
008620 0.0000 0.8417 0.0000 0.1583
008640 0.0000 0.8414 0.0000 0.1586
008660 0.0000 0.8413 0.0000 0.1587
008680 0.0000 0.8415 0.0000 0.1585
008700 0.0000 0.8414 0.0000 0.1586
008720 0.0000 0.8415 0.0000 0.1585
008740 0.0000 0.8418 0.0000 0.1582
008760 0.0000 0.8411 0.0000 0.1589
008780 0.0000 0.8417 0.0000 0.1583
008800 0.0000 0.8418 0.0000 0.1582
008820 0.0000 0.8421 0.0000 0.1579
008840 0.0000 0.8411 0.0000 0.1589
008860 0.0000 0.8415 0.0000 0.1585
008880 0.0000 0.8412 0.0000 0.1588
008900 0.0000 0.8422 0.0000 0.1578
008920 0.0000 0.8413 0.0000 0.1587
008940 0.0000 0.8413 0.0000 0.1587
008960 0.0000 0.8417 0.0000 0.1583
008980 0.0000 0.8419 0.0000 0.1581
009000 0.0000 0.8415 0.0000 0.1585
009020 0.0000 0.8416 0.0000 0.1584
009040 0.0000 0.8415 0.0000 0.1585
009060 0.0000 0.8416 0.0000 0.1584
009080 0.0000 0.8411 0.0000 0.1589
009100 0.0000 0.8422 0.0000 0.1578
009120 0.0000 0.8416 0.0000 0.1584
009140 0.0000 0.8409 0.0000 0.1591
009160 0.0000 0.8414 0.0000 0.1586
009180 0.0000 0.8418 0.0000 0.1582
009200 0.0000 0.8421 0.0000 0.1579
009220 0.0000 0.8413 0.0000 0.1587
009240 0.0000 0.8416 0.0000 0.1584
009260 0.0000 0.8412 0.0000 0.1588
009280 0.0000 0.8412 0.0000 0.1588
009300 0.0000 0.8415 0.0000 0.1585
009320 0.0000 0.8420 0.0000 0.1580
009340 0.0000 0.8414 0.0000 0.1586
009360 0.0000 0.8414 0.0000 0.1586
009380 0.0000 0.8419 0.0000 0.1581
009400 0.0000 0.8413 0.0000 0.1587
009420 0.0000 0.8415 0.0000 0.1585
009440 0.0000 0.8414 0.0000 0.1586
009460 0.0000 0.8420 0.0000 0.1580
009480 0.0000 0.8408 0.0000 0.1592
009500 0.0000 0.8422 0.0000 0.1578
009520 0.0000 0.8413 0.0000 0.1587
009540 0.0000 0.8415 0.0000 0.1585
009560 0.0000 0.8413 0.0000 0.1587
009580 0.0000 0.8410 0.0000 0.1590
009600 0.0000 0.8420 0.0000 0.1580
009620 0.0000 0.8415 0.0000 0.1585
009640 0.0000 0.8423 0.0000 0.1577
009660 0.0000 0.8413 0.0000 0.1587
009680 0.0000 0.8406 0.0000 0.1594
009700 0.0000 0.8415 0.0000 0.1585
009720 0.0000 0.8408 0.0000 0.1592
009740 0.0000 0.8413 0.0000 0.1587
009760 0.0000 0.8421 0.0000 0.1579
009780 0.0000 0.8417 0.0000 0.1583
009800 0.0000 0.8411 0.0000 0.1589
009820 0.0000 0.8408 0.0000 0.1592
009840 0.0000 0.8415 0.0000 0.1585
009860 0.0000 0.8412 0.0000 0.1588
009880 0.0000 0.8418 0.0000 0.1582
009900 0.0000 0.8416 0.0000 0.1584
009920 0.0000 0.8405 0.0000 0.1595
009940 0.0000 0.8408 0.0000 0.1592
009960 0.0000 0.8409 0.0000 0.1591
009980 0.0000 0.8419 0.0000 0.1581
010000 0.0000 0.8414 0.0000 0.1586
010020 0.0000 0.8407 0.0000 0.1593
010040 0.0000 0.8407 0.0000 0.1593
010060 0.0000 0.8407 0.0000 0.1593
010080 0.0000 0.8407 0.0000 0.1593
010100 0.0000 0.8407 0.0000 0.1593
010120 0.0000 0.8407 0.0000 0.1593
010140 0.0000 0.8407 0.0000 0.1593
010160 0.0000 0.8407 0.0000 0.1593
010180 0.0000 0.8407 0.0000 0.1593
010200 0.0000 0.8407 0.0000 0.1593
010220 0.0000 0.8407 0.0000 0.1593
010240 0.0000 0.8407 0.0000 0.1593
010260 0.0000 0.8407 0.0000 0.1593
010280 0.0000 0.8407 0.0000 0.1593
010300 0.0000 0.8407 0.0000 0.1593
010320 0.0000 0.8407 0.0000 0.1593
010340 0.0000 0.8407 0.0000 0.1593
010360 0.0000 0.8407 0.0000 0.1593
010380 0.0000 0.8407 0.0000 0.1593
010400 0.0000 0.8407 0.0000 0.1593
010420 0.0000 0.8407 0.0000 0.1593
010440 0.0000 0.8407 0.0000 0.1593
010460 0.0000 0.8407 0.0000 0.1593
010480 0.0000 0.8407 0.0000 0.1593
010500 0.0000 0.8407 0.0000 0.1593
010520 0.0000 0.8407 0.0000 0.1593
010540 0.0000 0.8407 0.0000 0.1593
010560 0.0000 0.8407 0.0000 0.1593
010580 0.0000 0.8407 0.0000 0.1593
010600 0.0000 0.8407 0.0000 0.1593
010620 0.0000 0.8407 0.0000 0.1593
010640 0.0000 0.8407 0.0000 0.1593
010660 0.0000 0.8407 0.0000 0.1593
010680 0.0000 0.8407 0.0000 0.1593
010700 0.0000 0.8407 0.0000 0.1593
010720 0.0000 0.8407 0.0000 0.1593
010740 0.0000 0.8407 0.0000 0.1593
010760 0.0000 0.8407 0.0000 0.1593
010780 0.0000 0.8407 0.0000 0.1593
010800 0.0000 0.8407 0.0000 0.1593
010820 0.0000 0.8407 0.0000 0.1593
010840 0.0000 0.8407 0.0000 0.1593
010860 0.0000 0.8407 0.0000 0.1593
010880 0.0000 0.8407 0.0000 0.1593
010900 0.0000 0.8407 0.0000 0.1593
010920 0.0000 0.8407 0.0000 0.1593
010940 0.0000 0.8407 0.0000 0.1593
010960 0.0000 0.8407 0.0000 0.1593
010980 0.0000 0.8407 0.0000 0.1593
011000 0.0000 0.8407 0.0000 0.1593
011020 0.0000 0.8407 0.0000 0.1593
011040 0.0000 0.8407 0.0000 0.1593
011060 0.0000 0.8407 0.0000 0.1593
011080 0.0000 0.8407 0.0000 0.1593
011100 0.0000 0.8407 0.0000 0.1593
011120 0.0000 0.8407 0.0000 0.1593
011140 0.0000 0.8407 0.0000 0.1593
011160 0.0000 0.8407 0.0000 0.1593
011180 0.0000 0.8407 0.0000 0.1593
011200 0.0000 0.8407 0.0000 0.1593
011220 0.0000 0.8407 0.0000 0.1593
011240 0.0000 0.8407 0.0000 0.1593
011260 0.0000 0.8407 0.0000 0.1593
011280 0.0000 0.8407 0.0000 0.1593
011300 0.0000 0.8407 0.0000 0.1593
011320 0.0000 0.8407 0.0000 0.1593
011340 0.0000 0.8407 0.0000 0.1593
011360 0.0000 0.8407 0.0000 0.1593
011380 0.0000 0.8407 0.0000 0.1593
011400 0.0000 0.8407 0.0000 0.1593
011420 0.0000 0.8407 0.0000 0.1593
011440 0.0000 0.8407 0.0000 0.1593
011460 0.0000 0.8407 0.0000 0.1593
011480 0.0000 0.8407 0.0000 0.1593
011500 0.0000 0.8407 0.0000 0.1593
011520 0.0000 0.8407 0.0000 0.1593
011540 0.0000 0.8407 0.0000 0.1593
011560 0.0000 0.8407 0.0000 0.1593
011580 0.0000 0.8407 0.0000 0.1593
011600 0.0000 0.8407 0.0000 0.1593
011620 0.0000 0.8407 0.0000 0.1593
011640 0.0000 0.8407 0.0000 0.1593
011660 0.0000 0.8407 0.0000 0.1593
011680 0.0000 0.8407 0.0000 0.1593
011700 0.0000 0.8407 0.0000 0.1593
011720 0.0000 0.8407 0.0000 0.1593
011740 0.0000 0.8407 0.0000 0.1593
011760 0.0000 0.8407 0.0000 0.1593
011780 0.0000 0.8407 0.0000 0.1593
011800 0.0000 0.8407 0.0000 0.1593
011820 0.0000 0.8407 0.0000 0.1593
011840 0.0000 0.8407 0.0000 0.1593
011860 0.0000 0.8407 0.0000 0.1593
011880 0.0000 0.8407 0.0000 0.1593
011900 0.0000 0.8407 0.0000 0.1593
011920 0.0000 0.8407 0.0000 0.1593
011940 0.0000 0.8407 0.0000 0.1593
011960 0.0000 0.8407 0.0000 0.1593
011980 0.0000 0.8407 0.0000 0.1593
012000 0.0000 0.8407 0.0000 0.1593
012020 0.0000 0.8407 0.0000 0.1593
012040 0.0000 0.8407 0.0000 0.1593
012060 0.0000 0.8407 0.0000 0.1593
012080 0.0000 0.8407 0.0000 0.1593
012100 0.0000 0.8407 0.0000 0.1593
012120 0.0000 0.8407 0.0000 0.1593
012140 0.0000 0.8407 0.0000 0.1593
012160 0.0000 0.8407 0.0000 0.1593
012180 0.0000 0.8407 0.0000 0.1593
012200 0.0000 0.8407 0.0000 0.1593
012220 0.0000 0.8407 0.0000 0.1593
012240 0.0000 0.8407 0.0000 0.1593
012260 0.0000 0.8407 0.0000 0.1593
012280 0.0000 0.8407 0.0000 0.1593
012300 0.0000 0.8407 0.0000 0.1593
012320 0.0000 0.8407 0.0000 0.1593
012340 0.0000 0.8407 0.0000 0.1593
012360 0.0000 0.8407 0.0000 0.1593
012380 0.0000 0.8407 0.0000 0.1593
012400 0.0000 0.8407 0.0000 0.1593
012420 0.0000 0.8407 0.0000 0.1593
012440 0.0000 0.8407 0.0000 0.1593
012460 0.0000 0.8407 0.0000 0.1593
012480 0.0000 0.8407 0.0000 0.1593
012500 0.0000 0.8407 0.0000 0.1593
012520 0.0000 0.8407 0.0000 0.1593
012540 0.0000 0.8407 0.0000 0.1593
012560 0.0000 0.8407 0.0000 0.1593
012580 0.0000 0.8407 0.0000 0.1593
012600 0.0000 0.8407 0.0000 0.1593
012620 0.0000 0.8407 0.0000 0.1593
012640 0.0000 0.8407 0.0000 0.1593
012660 0.0000 0.8407 0.0000 0.1593
012680 0.0000 0.8407 0.0000 0.1593
012700 0.0000 0.8407 0.0000 0.1593
012720 0.0000 0.8407 0.0000 0.1593
012740 0.0000 0.8407 0.0000 0.1593
012760 0.0000 0.8407 0.0000 0.1593
012780 0.0000 0.8407 0.0000 0.1593
012800 0.0000 0.8407 0.0000 0.1593
012820 0.0000 0.8407 0.0000 0.1593
012840 0.0000 0.8407 0.0000 0.1593
012860 0.0000 0.8407 0.0000 0.1593
012880 0.0000 0.8407 0.0000 0.1593
012900 0.0000 0.8407 0.0000 0.1593
012920 0.0000 0.8407 0.0000 0.1593
012940 0.0000 0.8407 0.0000 0.1593
012960 0.0000 0.8407 0.0000 0.1593
012980 0.0000 0.8407 0.0000 0.1593
013000 0.0000 0.8407 0.0000 0.1593
013020 0.0000 0.8407 0.0000 0.1593
013040 0.0000 0.8407 0.0000 0.1593
013060 0.0000 0.8407 0.0000 0.1593
013080 0.0000 0.8407 0.0000 0.1593
013100 0.0000 0.8407 0.0000 0.1593
013120 0.0000 0.8407 0.0000 0.1593
013140 0.0000 0.8407 0.0000 0.1593
013160 0.0000 0.8407 0.0000 0.1593
013180 0.0000 0.8407 0.0000 0.1593
013200 0.0000 0.8407 0.0000 0.1593
013220 0.0000 0.8407 0.0000 0.1593
013240 0.0000 0.8407 0.0000 0.1593
013260 0.0000 0.8407 0.0000 0.1593
013280 0.0000 0.8407 0.0000 0.1593
013300 0.0000 0.8407 0.0000 0.1593
013320 0.0000 0.8407 0.0000 0.1593
013340 0.0000 0.8407 0.0000 0.1593
013360 0.0000 0.8407 0.0000 0.1593
013380 0.0000 0.8407 0.0000 0.1593
013400 0.0000 0.8407 0.0000 0.1593
013420 0.0000 0.8407 0.0000 0.1593
013440 0.0000 0.8407 0.0000 0.1593
013460 0.0000 0.8407 0.0000 0.1593
013480 0.0000 0.8407 0.0000 0.1593
013500 0.0000 0.8407 0.0000 0.1593
013520 0.0000 0.8407 0.0000 0.1593
013540 0.0000 0.8407 0.0000 0.1593
013560 0.0000 0.8407 0.0000 0.1593
013580 0.0000 0.8407 0.0000 0.1593
013600 0.0000 0.8407 0.0000 0.1593
013620 0.0000 0.8407 0.0000 0.1593
013640 0.0000 0.8407 0.0000 0.1593
013660 0.0000 0.8407 0.0000 0.1593
013680 0.0000 0.8407 0.0000 0.1593
013700 0.0000 0.8407 0.0000 0.1593
013720 0.0000 0.8407 0.0000 0.1593
013740 0.0000 0.8407 0.0000 0.1593
013760 0.0000 0.8407 0.0000 0.1593
013780 0.0000 0.8407 0.0000 0.1593
013800 0.0000 0.8407 0.0000 0.1593
013820 0.0000 0.8407 0.0000 0.1593
013840 0.0000 0.8407 0.0000 0.1593
013860 0.0000 0.8407 0.0000 0.1593
013880 0.0000 0.8407 0.0000 0.1593
013900 0.0000 0.8407 0.0000 0.1593
013920 0.0000 0.8407 0.0000 0.1593
013940 0.0000 0.8407 0.0000 0.1593
013960 0.0000 0.8407 0.0000 0.1593
013980 0.0000 0.8407 0.0000 0.1593
014000 0.0000 0.8407 0.0000 0.1593
014020 0.0000 0.8407 0.0000 0.1593
014040 0.0000 0.8407 0.0000 0.1593
014060 0.0000 0.8407 0.0000 0.1593
014080 0.0000 0.8407 0.0000 0.1593
014100 0.0000 0.8407 0.0000 0.1593
014120 0.0000 0.8407 0.0000 0.1593
014140 0.0000 0.8407 0.0000 0.1593
014160 0.0000 0.8407 0.0000 0.1593
014180 0.0000 0.8407 0.0000 0.1593
014200 0.0000 0.8407 0.0000 0.1593
014220 0.0000 0.8407 0.0000 0.1593
014240 0.0000 0.8407 0.0000 0.1593
014260 0.0000 0.8407 0.0000 0.1593
014280 0.0000 0.8407 0.0000 0.1593
014300 0.0000 0.8407 0.0000 0.1593
014320 0.0000 0.8407 0.0000 0.1593
014340 0.0000 0.8407 0.0000 0.1593
014360 0.0000 0.8407 0.0000 0.1593
014380 0.0000 0.8407 0.0000 0.1593
014400 0.0000 0.8407 0.0000 0.1593
014420 0.0000 0.8407 0.0000 0.1593
014440 0.0000 0.8407 0.0000 0.1593
014460 0.0000 0.8407 0.0000 0.1593
014480 0.0000 0.8407 0.0000 0.1593
014500 0.0000 0.8407 0.0000 0.1593
014520 0.0000 0.8407 0.0000 0.1593
014540 0.0000 0.8407 0.0000 0.1593
014560 0.0000 0.8407 0.0000 0.1593
014580 0.0000 0.8407 0.0000 0.1593
014600 0.0000 0.8407 0.0000 0.1593
014620 0.0000 0.8407 0.0000 0.1593
014640 0.0000 0.8407 0.0000 0.1593
014660 0.0000 0.8407 0.0000 0.1593
014680 0.0000 0.8407 0.0000 0.1593
014700 0.0000 0.8407 0.0000 0.1593
014720 0.0000 0.8407 0.0000 0.1593
014740 0.0000 0.8407 0.0000 0.1593
014760 0.0000 0.8407 0.0000 0.1593
014780 0.0000 0.8407 0.0000 0.1593
014800 0.0000 0.8407 0.0000 0.1593
014820 0.0000 0.8407 0.0000 0.1593
014840 0.0000 0.8407 0.0000 0.1593
014860 0.0000 0.8407 0.0000 0.1593
014880 0.0000 0.8407 0.0000 0.1593
014900 0.0000 0.8407 0.0000 0.1593
014920 0.0000 0.8407 0.0000 0.1593
014940 0.0000 0.8407 0.0000 0.1593
014960 0.0000 0.8407 0.0000 0.1593
014980 0.0000 0.8407 0.0000 0.1593
015000 0.0000 0.8407 0.0000 0.1593
015020 0.0000 0.8407 0.0000 0.1593
015040 0.0000 0.8407 0.0000 0.1593
015060 0.0000 0.8407 0.0000 0.1593
015080 0.0000 0.8407 0.0000 0.1593
015100 0.0000 0.8407 0.0000 0.1593
015120 0.0000 0.8407 0.0000 0.1593
015140 0.0000 0.8407 0.0000 0.1593
015160 0.0000 0.8407 0.0000 0.1593
015180 0.0000 0.8407 0.0000 0.1593
015200 0.0000 0.8407 0.0000 0.1593
015220 0.0000 0.8407 0.0000 0.1593
015240 0.0000 0.8407 0.0000 0.1593
015260 0.0000 0.8407 0.0000 0.1593
015280 0.0000 0.8407 0.0000 0.1593
015300 0.0000 0.8407 0.0000 0.1593
015320 0.0000 0.8407 0.0000 0.1593
015340 0.0000 0.8407 0.0000 0.1593
015360 0.0000 0.8407 0.0000 0.1593
015380 0.0000 0.8407 0.0000 0.1593
015400 0.0000 0.8407 0.0000 0.1593
015420 0.0000 0.8407 0.0000 0.1593
015440 0.0000 0.8407 0.0000 0.1593
015460 0.0000 0.8407 0.0000 0.1593
015480 0.0000 0.8407 0.0000 0.1593
015500 0.0000 0.8407 0.0000 0.1593
015520 0.0000 0.8407 0.0000 0.1593
015540 0.0000 0.8407 0.0000 0.1593
015560 0.0000 0.8407 0.0000 0.1593
015580 0.0000 0.8407 0.0000 0.1593
015600 0.0000 0.8407 0.0000 0.1593
015620 0.0000 0.8407 0.0000 0.1593
015640 0.0000 0.8407 0.0000 0.1593
015660 0.0000 0.8407 0.0000 0.1593
015680 0.0000 0.8407 0.0000 0.1593
015700 0.0000 0.8407 0.0000 0.1593
015720 0.0000 0.8407 0.0000 0.1593
015740 0.0000 0.8407 0.0000 0.1593
015760 0.0000 0.8407 0.0000 0.1593
015780 0.0000 0.8407 0.0000 0.1593
015800 0.0000 0.8407 0.0000 0.1593
015820 0.0000 0.8407 0.0000 0.1593
015840 0.0000 0.8407 0.0000 0.1593
015860 0.0000 0.8407 0.0000 0.1593
015880 0.0000 0.8407 0.0000 0.1593
015900 0.0000 0.8407 0.0000 0.1593
015920 0.0000 0.8407 0.0000 0.1593
015940 0.0000 0.8407 0.0000 0.1593
015960 0.0000 0.8407 0.0000 0.1593
015980 0.0000 0.8407 0.0000 0.1593
016000 0.0000 0.8407 0.0000 0.1593
016020 0.0000 0.8407 0.0000 0.1593
016040 0.0000 0.8407 0.0000 0.1593
016060 0.0000 0.8407 0.0000 0.1593
016080 0.0000 0.8407 0.0000 0.1593
016100 0.0000 0.8407 0.0000 0.1593
016120 0.0000 0.8407 0.0000 0.1593
016140 0.0000 0.8407 0.0000 0.1593
016160 0.0000 0.8407 0.0000 0.1593
016180 0.0000 0.8407 0.0000 0.1593
016200 0.0000 0.8407 0.0000 0.1593
016220 0.0000 0.8407 0.0000 0.1593
016240 0.0000 0.8407 0.0000 0.1593
016260 0.0000 0.8407 0.0000 0.1593
016280 0.0000 0.8407 0.0000 0.1593
016300 0.0000 0.8407 0.0000 0.1593
016320 0.0000 0.8407 0.0000 0.1593
016340 0.0000 0.8407 0.0000 0.1593
016360 0.0000 0.8407 0.0000 0.1593
016380 0.0000 0.8407 0.0000 0.1593
016400 0.0000 0.8407 0.0000 0.1593
016420 0.0000 0.8407 0.0000 0.1593
016440 0.0000 0.8407 0.0000 0.1593
016460 0.0000 0.8407 0.0000 0.1593
016480 0.0000 0.8407 0.0000 0.1593
016500 0.0000 0.8407 0.0000 0.1593
016520 0.0000 0.8407 0.0000 0.1593
016540 0.0000 0.8407 0.0000 0.1593
016560 0.0000 0.8407 0.0000 0.1593
016580 0.0000 0.8407 0.0000 0.1593
016600 0.0000 0.8407 0.0000 0.1593
016620 0.0000 0.8407 0.0000 0.1593
016640 0.0000 0.8407 0.0000 0.1593
016660 0.0000 0.8407 0.0000 0.1593
016680 0.0000 0.8407 0.0000 0.1593
016700 0.0000 0.8407 0.0000 0.1593
016720 0.0000 0.8407 0.0000 0.1593
016740 0.0000 0.8407 0.0000 0.1593
016760 0.0000 0.8407 0.0000 0.1593
016780 0.0000 0.8407 0.0000 0.1593
016800 0.0000 0.8407 0.0000 0.1593
016820 0.0000 0.8407 0.0000 0.1593
016840 0.0000 0.8407 0.0000 0.1593
016860 0.0000 0.8407 0.0000 0.1593
016880 0.0000 0.8407 0.0000 0.1593
016900 0.0000 0.8407 0.0000 0.1593
016920 0.0000 0.8407 0.0000 0.1593
016940 0.0000 0.8407 0.0000 0.1593
016960 0.0000 0.8407 0.0000 0.1593
016980 0.0000 0.8407 0.0000 0.1593
017000 0.0000 0.8407 0.0000 0.1593
017020 0.0000 0.8407 0.0000 0.1593
017040 0.0000 0.8407 0.0000 0.1593
017060 0.0000 0.8407 0.0000 0.1593
017080 0.0000 0.8407 0.0000 0.1593
017100 0.0000 0.8407 0.0000 0.1593
017120 0.0000 0.8407 0.0000 0.1593
017140 0.0000 0.8407 0.0000 0.1593
017160 0.0000 0.8407 0.0000 0.1593
017180 0.0000 0.8407 0.0000 0.1593
017200 0.0000 0.8407 0.0000 0.1593
017220 0.0000 0.8407 0.0000 0.1593
017240 0.0000 0.8407 0.0000 0.1593
017260 0.0000 0.8407 0.0000 0.1593
017280 0.0000 0.8407 0.0000 0.1593
017300 0.0000 0.8407 0.0000 0.1593
017320 0.0000 0.8407 0.0000 0.1593
017340 0.0000 0.8407 0.0000 0.1593
017360 0.0000 0.8407 0.0000 0.1593
017380 0.0000 0.8407 0.0000 0.1593
017400 0.0000 0.8407 0.0000 0.1593
017420 0.0000 0.8407 0.0000 0.1593
017440 0.0000 0.8407 0.0000 0.1593
017460 0.0000 0.8407 0.0000 0.1593
017480 0.0000 0.8407 0.0000 0.1593
017500 0.0000 0.8407 0.0000 0.1593
017520 0.0000 0.8407 0.0000 0.1593
017540 0.0000 0.8407 0.0000 0.1593
017560 0.0000 0.8407 0.0000 0.1593
017580 0.0000 0.8407 0.0000 0.1593
017600 0.0000 0.8407 0.0000 0.1593
017620 0.0000 0.8407 0.0000 0.1593
017640 0.0000 0.8407 0.0000 0.1593
017660 0.0000 0.8407 0.0000 0.1593
017680 0.0000 0.8407 0.0000 0.1593
017700 0.0000 0.8407 0.0000 0.1593
017720 0.0000 0.8407 0.0000 0.1593
017740 0.0000 0.8407 0.0000 0.1593
017760 0.0000 0.8407 0.0000 0.1593
017780 0.0000 0.8407 0.0000 0.1593
017800 0.0000 0.8407 0.0000 0.1593
017820 0.0000 0.8407 0.0000 0.1593
017840 0.0000 0.8407 0.0000 0.1593
017860 0.0000 0.8407 0.0000 0.1593
017880 0.0000 0.8407 0.0000 0.1593
017900 0.0000 0.8407 0.0000 0.1593
017920 0.0000 0.8407 0.0000 0.1593
017940 0.0000 0.8407 0.0000 0.1593
017960 0.0000 0.8407 0.0000 0.1593
017980 0.0000 0.8407 0.0000 0.1593
018000 0.0000 0.8407 0.0000 0.1593
018020 0.0000 0.8407 0.0000 0.1593
018040 0.0000 0.8407 0.0000 0.1593
018060 0.0000 0.8407 0.0000 0.1593
018080 0.0000 0.8407 0.0000 0.1593
018100 0.0000 0.8407 0.0000 0.1593
018120 0.0000 0.8407 0.0000 0.1593
018140 0.0000 0.8407 0.0000 0.1593
018160 0.0000 0.8407 0.0000 0.1593
018180 0.0000 0.8407 0.0000 0.1593
018200 0.0000 0.8407 0.0000 0.1593
018220 0.0000 0.8407 0.0000 0.1593
018240 0.0000 0.8407 0.0000 0.1593
018260 0.0000 0.8407 0.0000 0.1593
018280 0.0000 0.8407 0.0000 0.1593
018300 0.0000 0.8407 0.0000 0.1593
018320 0.0000 0.8407 0.0000 0.1593
018340 0.0000 0.8407 0.0000 0.1593
018360 0.0000 0.8407 0.0000 0.1593
018380 0.0000 0.8407 0.0000 0.1593
018400 0.0000 0.8407 0.0000 0.1593
018420 0.0000 0.8407 0.0000 0.1593
018440 0.0000 0.8407 0.0000 0.1593
018460 0.0000 0.8407 0.0000 0.1593
018480 0.0000 0.8407 0.0000 0.1593
018500 0.0000 0.8407 0.0000 0.1593
018520 0.0000 0.8407 0.0000 0.1593
018540 0.0000 0.8407 0.0000 0.1593
018560 0.0000 0.8407 0.0000 0.1593
018580 0.0000 0.8407 0.0000 0.1593
018600 0.0000 0.8407 0.0000 0.1593
018620 0.0000 0.8407 0.0000 0.1593
018640 0.0000 0.8407 0.0000 0.1593
018660 0.0000 0.8407 0.0000 0.1593
018680 0.0000 0.8407 0.0000 0.1593
018700 0.0000 0.8407 0.0000 0.1593
018720 0.0000 0.8407 0.0000 0.1593
018740 0.0000 0.8407 0.0000 0.1593
018760 0.0000 0.8407 0.0000 0.1593
018780 0.0000 0.8407 0.0000 0.1593
018800 0.0000 0.8407 0.0000 0.1593
018820 0.0000 0.8407 0.0000 0.1593
018840 0.0000 0.8407 0.0000 0.1593
018860 0.0000 0.8407 0.0000 0.1593
018880 0.0000 0.8407 0.0000 0.1593
018900 0.0000 0.8407 0.0000 0.1593
018920 0.0000 0.8407 0.0000 0.1593
018940 0.0000 0.8407 0.0000 0.1593
018960 0.0000 0.8407 0.0000 0.1593
018980 0.0000 0.8407 0.0000 0.1593
019000 0.0000 0.8407 0.0000 0.1593
019020 0.0000 0.8407 0.0000 0.1593
019040 0.0000 0.8407 0.0000 0.1593
019060 0.0000 0.8407 0.0000 0.1593
019080 0.0000 0.8407 0.0000 0.1593
019100 0.0000 0.8407 0.0000 0.1593
019120 0.0000 0.8407 0.0000 0.1593
019140 0.0000 0.8407 0.0000 0.1593
019160 0.0000 0.8407 0.0000 0.1593
019180 0.0000 0.8407 0.0000 0.1593
019200 0.0000 0.8407 0.0000 0.1593
019220 0.0000 0.8407 0.0000 0.1593
019240 0.0000 0.8407 0.0000 0.1593
019260 0.0000 0.8407 0.0000 0.1593
019280 0.0000 0.8407 0.0000 0.1593
019300 0.0000 0.8407 0.0000 0.1593
019320 0.0000 0.8407 0.0000 0.1593
019340 0.0000 0.8407 0.0000 0.1593
019360 0.0000 0.8407 0.0000 0.1593
019380 0.0000 0.8407 0.0000 0.1593
019400 0.0000 0.8407 0.0000 0.1593
019420 0.0000 0.8407 0.0000 0.1593
019440 0.0000 0.8407 0.0000 0.1593
019460 0.0000 0.8407 0.0000 0.1593
019480 0.0000 0.8407 0.0000 0.1593
019500 0.0000 0.8407 0.0000 0.1593
019520 0.0000 0.8407 0.0000 0.1593
019540 0.0000 0.8407 0.0000 0.1593
019560 0.0000 0.8407 0.0000 0.1593
019580 0.0000 0.8407 0.0000 0.1593
019600 0.0000 0.8407 0.0000 0.1593
019620 0.0000 0.8407 0.0000 0.1593
019640 0.0000 0.8407 0.0000 0.1593
019660 0.0000 0.8407 0.0000 0.1593
019680 0.0000 0.8407 0.0000 0.1593
019700 0.0000 0.8407 0.0000 0.1593
019720 0.0000 0.8407 0.0000 0.1593
019740 0.0000 0.8407 0.0000 0.1593
019760 0.0000 0.8407 0.0000 0.1593
019780 0.0000 0.8407 0.0000 0.1593
019800 0.0000 0.8407 0.0000 0.1593
019820 0.0000 0.8407 0.0000 0.1593
019840 0.0000 0.8407 0.0000 0.1593
019860 0.0000 0.8407 0.0000 0.1593
019880 0.0000 0.8407 0.0000 0.1593
019900 0.0000 0.8407 0.0000 0.1593
019920 0.0000 0.8407 0.0000 0.1593
019940 0.0000 0.8407 0.0000 0.1593
019960 0.0000 0.8407 0.0000 0.1593
019980 0.0000 0.8407 0.0000 0.1593
020000 0.0000 0.8407 0.0000 0.1593
