000000 0.2500 0.2504 0.2496 0.2500
000020 0.1573 0.6602 0.0019 0.1806
000040 0.1364 0.6963 0.0002 0.1671
000060 0.1228 0.7130 0.0000 0.1642
000080 0.1153 0.7217 0.0000 0.1630
000100 0.1062 0.7325 0.0000 0.1614
000120 0.0983 0.7390 0.0000 0.1627
000140 0.0940 0.7451 0.0000 0.1609
000160 0.0899 0.7487 0.0000 0.1614
000180 0.0842 0.7549 0.0000 0.1609
000200 0.0808 0.7579 0.0000 0.1612
000220 0.0768 0.7621 0.0000 0.1611
000240 0.0748 0.7641 0.0000 0.1611
000260 0.0716 0.7686 0.0000 0.1598
000280 0.0705 0.7688 0.0000 0.1607
000300 0.0686 0.7708 0.0000 0.1606
000320 0.0670 0.7735 0.0000 0.1595
000340 0.0644 0.7755 0.0000 0.1601
000360 0.0632 0.7760 0.0000 0.1608
000380 0.0600 0.7796 0.0000 0.1604
000400 0.0584 0.7814 0.0000 0.1602
000420 0.0571 0.7820 0.0000 0.1608
000440 0.0560 0.7835 0.0000 0.1605
000460 0.0555 0.7850 0.0000 0.1596
000480 0.0543 0.7853 0.0000 0.1604
000500 0.0529 0.7858 0.0000 0.1612
000520 0.0521 0.7876 0.0000 0.1603
000540 0.0498 0.7891 0.0000 0.1611
000560 0.0486 0.7913 0.0000 0.1601
000580 0.0487 0.7921 0.0000 0.1592
000600 0.0483 0.7925 0.0000 0.1592
000620 0.0489 0.7916 0.0000 0.1594
000640 0.0491 0.7920 0.0000 0.1589
000660 0.0483 0.7927 0.0000 0.1589
000680 0.0468 0.7932 0.0000 0.1600
000700 0.0468 0.7937 0.0000 0.1595
000720 0.0465 0.7932 0.0000 0.1602
000740 0.0449 0.7950 0.0000 0.1602
000760 0.0435 0.7966 0.0000 0.1598
000780 0.0428 0.7978 0.0000 0.1593
000800 0.0425 0.7984 0.0000 0.1591
000820 0.0427 0.7971 0.0000 0.1602
000840 0.0421 0.7987 0.0000 0.1592
000860 0.0414 0.7988 0.0000 0.1598
000880 0.0404 0.8003 0.0000 0.1593
000900 0.0409 0.7995 0.0000 0.1596
000920 0.0397 0.8001 0.0000 0.1602
000940 0.0397 0.8005 0.0000 0.1598
000960 0.0398 0.8007 0.0000 0.1594
000980 0.0402 0.8004 0.0000 0.1594
001000 0.0392 0.8014 0.0000 0.1595
001020 0.0383 0.8018 0.0000 0.1599
001040 0.0377 0.8031 0.0000 0.1592
001060 0.0374 0.8029 0.0000 0.1597
001080 0.0372 0.8032 0.0000 0.1597
001100 0.0371 0.8034 0.0000 0.1595
001120 0.0355 0.8047 0.0000 0.1597
001140 0.0358 0.8049 0.0000 0.1592
001160 0.0360 0.8048 0.0000 0.1592
001180 0.0358 0.8055 0.0000 0.1587
001200 0.0350 0.8047 0.0000 0.1603
001220 0.0346 0.8062 0.0000 0.1591
001240 0.0348 0.8065 0.0000 0.1587
001260 0.0346 0.8055 0.0000 0.1600
001280 0.0350 0.8050 0.0000 0.1600
001300 0.0344 0.8063 0.0000 0.1593
001320 0.0340 0.8065 0.0000 0.1595
001340 0.0329 0.8085 0.0000 0.1585
001360 0.0326 0.8084 0.0000 0.1590
001380 0.0316 0.8075 0.0000 0.1610
001400 0.0310 0.8086 0.0000 0.1604
001420 0.0306 0.8096 0.0000 0.1598
001440 0.0307 0.8103 0.0000 0.1590
001460 0.0311 0.8094 0.0000 0.1595
001480 0.0302 0.8096 0.0000 0.1602
001500 0.0297 0.8105 0.0000 0.1598
001520 0.0291 0.8111 0.0000 0.1598
001540 0.0292 0.8104 0.0000 0.1603
001560 0.0290 0.8114 0.0000 0.1596
001580 0.0295 0.8109 0.0000 0.1595
001600 0.0287 0.8125 0.0000 0.1588
001620 0.0279 0.8123 0.0000 0.1598
001640 0.0274 0.8128 0.0000 0.1598
001660 0.0276 0.8129 0.0000 0.1594
001680 0.0272 0.8133 0.0000 0.1595
001700 0.0267 0.8142 0.0000 0.1591
001720 0.0266 0.8145 0.0000 0.1589
001740 0.0260 0.8144 0.0000 0.1596
001760 0.0264 0.8156 0.0000 0.1580
001780 0.0265 0.8146 0.0000 0.1589
001800 0.0260 0.8142 0.0000 0.1597
001820 0.0258 0.8157 0.0000 0.1585
001840 0.0252 0.8161 0.0000 0.1587
001860 0.0251 0.8161 0.0000 0.1587
001880 0.0255 0.8158 0.0000 0.1588
001900 0.0251 0.8157 0.0000 0.1592
001920 0.0264 0.8149 0.0000 0.1587
001940 0.0264 0.8152 0.0000 0.1583
001960 0.0260 0.8151 0.0000 0.1589
001980 0.0258 0.8151 0.0000 0.1590
002000 0.0263 0.8146 0.0000 0.1591
002020 0.0246 0.8160 0.0000 0.1594
002040 0.0249 0.8163 0.0000 0.1589
002060 0.0249 0.8159 0.0000 0.1592
002080 0.0248 0.8163 0.0000 0.1588
002100 0.0238 0.8164 0.0000 0.1598
002120 0.0238 0.8164 0.0000 0.1599
002140 0.0236 0.8163 0.0000 0.1602
002160 0.0237 0.8173 0.0000 0.1590
002180 0.0239 0.8176 0.0000 0.1585
002200 0.0244 0.8165 0.0000 0.1592
002220 0.0241 0.8168 0.0000 0.1591
002240 0.0233 0.8175 0.0000 0.1592
002260 0.0232 0.8180 0.0000 0.1588
002280 0.0230 0.8187 0.0000 0.1583
002300 0.0228 0.8178 0.0000 0.1595
002320 0.0227 0.8186 0.0000 0.1586
002340 0.0223 0.8188 0.0000 0.1589
002360 0.0221 0.8183 0.0000 0.1596
002380 0.0223 0.8192 0.0000 0.1585
002400 0.0227 0.8181 0.0000 0.1592
002420 0.0223 0.8188 0.0000 0.1588
002440 0.0225 0.8173 0.0000 0.1602
002460 0.0219 0.8197 0.0000 0.1584
002480 0.0223 0.8193 0.0000 0.1584
002500 0.0219 0.8192 0.0000 0.1589
002520 0.0213 0.8195 0.0000 0.1592
002540 0.0211 0.8197 0.0000 0.1592
002560 0.0209 0.8196 0.0000 0.1595
002580 0.0209 0.8189 0.0000 0.1602
002600 0.0206 0.8192 0.0000 0.1602
002620 0.0205 0.8200 0.0000 0.1595
002640 0.0211 0.8199 0.0000 0.1590
002660 0.0209 0.8196 0.0000 0.1594
002680 0.0209 0.8194 0.0000 0.1597
002700 0.0207 0.8190 0.0000 0.1603
002720 0.0214 0.8196 0.0000 0.1590
002740 0.0207 0.8202 0.0000 0.1591
002760 0.0206 0.8201 0.0000 0.1593
002780 0.0195 0.8210 0.0000 0.1596
002800 0.0197 0.8206 0.0000 0.1597
002820 0.0196 0.8206 0.0000 0.1598
002840 0.0198 0.8217 0.0000 0.1585
002860 0.0202 0.8211 0.0000 0.1587
002880 0.0204 0.8195 0.0000 0.1601
002900 0.0195 0.8208 0.0000 0.1597
002920 0.0202 0.8200 0.0000 0.1598
002940 0.0191 0.8214 0.0000 0.1596
002960 0.0198 0.8209 0.0000 0.1593
002980 0.0197 0.8197 0.0000 0.1605
003000 0.0194 0.8208 0.0000 0.1598
003020 0.0188 0.8216 0.0000 0.1596
003040 0.0192 0.8214 0.0000 0.1594
003060 0.0187 0.8230 0.0000 0.1583
003080 0.0187 0.8222 0.0000 0.1591
003100 0.0183 0.8217 0.0000 0.1601
003120 0.0187 0.8216 0.0000 0.1597
003140 0.0180 0.8227 0.0000 0.1593
003160 0.0173 0.8236 0.0000 0.1591
003180 0.0174 0.8223 0.0000 0.1603
003200 0.0169 0.8234 0.0000 0.1597
003220 0.0169 0.8242 0.0000 0.1589
003240 0.0176 0.8226 0.0000 0.1598
003260 0.0169 0.8240 0.0000 0.1591
003280 0.0172 0.8241 0.0000 0.1587
003300 0.0175 0.8228 0.0000 0.1597
003320 0.0179 0.8231 0.0000 0.1590
003340 0.0174 0.8231 0.0000 0.1595
003360 0.0172 0.8231 0.0000 0.1596
003380 0.0178 0.8229 0.0000 0.1593
003400 0.0179 0.8224 0.0000 0.1597
003420 0.0175 0.8229 0.0000 0.1596
003440 0.0170 0.8240 0.0000 0.1590
003460 0.0172 0.8235 0.0000 0.1593
003480 0.0166 0.8238 0.0000 0.1596
003500 0.0168 0.8234 0.0000 0.1598
003520 0.0159 0.8244 0.0000 0.1597
003540 0.0160 0.8250 0.0000 0.1590
003560 0.0157 0.8251 0.0000 0.1592
003580 0.0148 0.8256 0.0000 0.1596
003600 0.0147 0.8261 0.0000 0.1592
003620 0.0145 0.8261 0.0000 0.1594
003640 0.0149 0.8264 0.0000 0.1587
003660 0.0153 0.8258 0.0000 0.1589
003680 0.0157 0.8245 0.0000 0.1598
003700 0.0152 0.8256 0.0000 0.1591
003720 0.0156 0.8249 0.0000 0.1594
003740 0.0144 0.8253 0.0000 0.1602
003760 0.0146 0.8258 0.0000 0.1596
003780 0.0145 0.8270 0.0000 0.1585
003800 0.0149 0.8261 0.0000 0.1590
003820 0.0152 0.8256 0.0000 0.1592
003840 0.0147 0.8261 0.0000 0.1592
003860 0.0143 0.8262 0.0000 0.1595
003880 0.0139 0.8266 0.0000 0.1595
003900 0.0141 0.8272 0.0000 0.1587
003920 0.0144 0.8269 0.0000 0.1587
003940 0.0144 0.8263 0.0000 0.1593
003960 0.0140 0.8269 0.0000 0.1590
003980 0.0132 0.8271 0.0000 0.1598
004000 0.0130 0.8270 0.0000 0.1600
004020 0.0129 0.8273 0.0000 0.1598
004040 0.0128 0.8272 0.0000 0.1600
004060 0.0130 0.8272 0.0000 0.1598
004080 0.0133 0.8276 0.0000 0.1591
004100 0.0131 0.8280 0.0000 0.1590
004120 0.0130 0.8279 0.0000 0.1591
004140 0.0128 0.8278 0.0000 0.1593
004160 0.0125 0.8281 0.0000 0.1593
004180 0.0125 0.8283 0.0000 0.1592
004200 0.0121 0.8284 0.0000 0.1594
004220 0.0121 0.8293 0.0000 0.1586
004240 0.0119 0.8286 0.0000 0.1595
004260 0.0119 0.8289 0.0000 0.1592
004280 0.0116 0.8293 0.0000 0.1590
004300 0.0117 0.8295 0.0000 0.1588
004320 0.0118 0.8293 0.0000 0.1589
004340 0.0115 0.8289 0.0000 0.1595
004360 0.0113 0.8304 0.0000 0.1582
004380 0.0110 0.8296 0.0000 0.1593
004400 0.0107 0.8305 0.0000 0.1588
004420 0.0111 0.8303 0.0000 0.1586
004440 0.0108 0.8299 0.0000 0.1592
004460 0.0111 0.8300 0.0000 0.1588
004480 0.0108 0.8306 0.0000 0.1586
004500 0.0110 0.8300 0.0000 0.1590
004520 0.0110 0.8302 0.0000 0.1588
004540 0.0114 0.8304 0.0000 0.1582
004560 0.0104 0.8313 0.0000 0.1583
004580 0.0104 0.8306 0.0000 0.1589
004600 0.0107 0.8311 0.0000 0.1581
004620 0.0111 0.8311 0.0000 0.1578
004640 0.0110 0.8300 0.0000 0.1590
004660 0.0112 0.8295 0.0000 0.1593
004680 0.0114 0.8299 0.0000 0.1587
004700 0.0110 0.8302 0.0000 0.1588
004720 0.0106 0.8312 0.0000 0.1582
004740 0.0105 0.8305 0.0000 0.1590
004760 0.0104 0.8307 0.0000 0.1590
004780 0.0102 0.8311 0.0000 0.1587
004800 0.0104 0.8308 0.0000 0.1588
004820 0.0105 0.8306 0.0000 0.1589
004840 0.0110 0.8309 0.0000 0.1582
004860 0.0108 0.8303 0.0000 0.1588
004880 0.0110 0.8297 0.0000 0.1593
004900 0.0105 0.8304 0.0000 0.1591
004920 0.0103 0.8311 0.0000 0.1586
004940 0.0100 0.8318 0.0000 0.1582
004960 0.0106 0.8307 0.0000 0.1587
004980 0.0102 0.8306 0.0000 0.1592
005000 0.0104 0.8305 0.0000 0.1591
005020 0.0107 0.8310 0.0000 0.1583
005040 0.0107 0.8298 0.0000 0.1595
005060 0.0103 0.8313 0.0000 0.1584
005080 0.0105 0.8306 0.0000 0.1589
005100 0.0100 0.8313 0.0000 0.1587
005120 0.0100 0.8317 0.0000 0.1583
005140 0.0101 0.8304 0.0000 0.1595
005160 0.0098 0.8308 0.0000 0.1593
005180 0.0095 0.8320 0.0000 0.1585
005200 0.0095 0.8313 0.0000 0.1592
005220 0.0090 0.8319 0.0000 0.1592
005240 0.0093 0.8308 0.0000 0.1599
005260 0.0091 0.8311 0.0000 0.1598
005280 0.0087 0.8327 0.0000 0.1586
005300 0.0085 0.8331 0.0000 0.1584
005320 0.0084 0.8322 0.0000 0.1594
005340 0.0084 0.8324 0.0000 0.1592
005360 0.0082 0.8324 0.0000 0.1594
005380 0.0081 0.8331 0.0000 0.1588
005400 0.0074 0.8343 0.0000 0.1583
005420 0.0077 0.8336 0.0000 0.1587
005440 0.0077 0.8337 0.0000 0.1586
005460 0.0077 0.8335 0.0000 0.1588
005480 0.0081 0.8332 0.0000 0.1586
005500 0.0075 0.8337 0.0000 0.1588
005520 0.0074 0.8331 0.0000 0.1595
005540 0.0070 0.8346 0.0000 0.1585
005560 0.0073 0.8338 0.0000 0.1589
005580 0.0075 0.8333 0.0000 0.1592
005600 0.0070 0.8336 0.0000 0.1593
005620 0.0071 0.8329 0.0000 0.1600
005640 0.0073 0.8340 0.0000 0.1587
005660 0.0074 0.8324 0.0000 0.1601
005680 0.0078 0.8331 0.0000 0.1591
005700 0.0081 0.8330 0.0000 0.1589
005720 0.0078 0.8343 0.0000 0.1579
005740 0.0073 0.8342 0.0000 0.1585
005760 0.0072 0.8345 0.0000 0.1583
005780 0.0070 0.8337 0.0000 0.1593
005800 0.0071 0.8342 0.0000 0.1587
005820 0.0076 0.8335 0.0000 0.1589
005840 0.0072 0.8337 0.0000 0.1591
005860 0.0071 0.8342 0.0000 0.1587
005880 0.0070 0.8337 0.0000 0.1593
005900 0.0064 0.8341 0.0000 0.1594
005920 0.0066 0.8350 0.0000 0.1584
005940 0.0067 0.8340 0.0000 0.1593
005960 0.0065 0.8346 0.0000 0.1588
005980 0.0065 0.8356 0.0000 0.1579
006000 0.0068 0.8341 0.0000 0.1591
006020 0.0062 0.8348 0.0000 0.1590
006040 0.0063 0.8350 0.0000 0.1587
006060 0.0066 0.8347 0.0000 0.1586
006080 0.0065 0.8354 0.0000 0.1582
006100 0.0065 0.8352 0.0000 0.1583
006120 0.0063 0.8358 0.0000 0.1579
006140 0.0063 0.8358 0.0000 0.1579
006160 0.0061 0.8352 0.0000 0.1588
006180 0.0064 0.8358 0.0000 0.1578
006200 0.0065 0.8348 0.0000 0.1587
006220 0.0069 0.8343 0.0000 0.1588
006240 0.0065 0.8350 0.0000 0.1585
006260 0.0063 0.8351 0.0000 0.1586
006280 0.0064 0.8351 0.0000 0.1584
006300 0.0060 0.8356 0.0000 0.1584
006320 0.0064 0.8350 0.0000 0.1586
006340 0.0059 0.8349 0.0000 0.1591
006360 0.0057 0.8355 0.0000 0.1588
006380 0.0059 0.8363 0.0000 0.1579
006400 0.0062 0.8346 0.0000 0.1592
006420 0.0064 0.8351 0.0000 0.1585
006440 0.0063 0.8345 0.0000 0.1592
006460 0.0064 0.8350 0.0000 0.1586
006480 0.0067 0.8345 0.0000 0.1589
006500 0.0061 0.8339 0.0000 0.1600
006520 0.0057 0.8352 0.0000 0.1591
006540 0.0057 0.8353 0.0000 0.1590
006560 0.0055 0.8356 0.0000 0.1589
006580 0.0055 0.8350 0.0000 0.1595
006600 0.0053 0.8356 0.0000 0.1591
006620 0.0056 0.8351 0.0000 0.1593
006640 0.0055 0.8348 0.0000 0.1598
006660 0.0054 0.8359 0.0000 0.1587
006680 0.0056 0.8365 0.0000 0.1579
006700 0.0050 0.8361 0.0000 0.1589
006720 0.0050 0.8355 0.0000 0.1596
006740 0.0049 0.8354 0.0000 0.1597
006760 0.0051 0.8362 0.0000 0.1587
006780 0.0052 0.8359 0.0000 0.1589
006800 0.0049 0.8361 0.0000 0.1590
006820 0.0050 0.8363 0.0000 0.1587
006840 0.0048 0.8369 0.0000 0.1583
006860 0.0049 0.8371 0.0000 0.1580
006880 0.0047 0.8358 0.0000 0.1595
006900 0.0047 0.8359 0.0000 0.1594
006920 0.0047 0.8357 0.0000 0.1597
006940 0.0044 0.8370 0.0000 0.1586
006960 0.0042 0.8365 0.0000 0.1593
006980 0.0046 0.8361 0.0000 0.1593
007000 0.0048 0.8356 0.0000 0.1597
007020 0.0046 0.8361 0.0000 0.1593
007040 0.0043 0.8373 0.0000 0.1585
007060 0.0043 0.8367 0.0000 0.1590
007080 0.0043 0.8374 0.0000 0.1583
007100 0.0043 0.8371 0.0000 0.1587
007120 0.0046 0.8359 0.0000 0.1595
007140 0.0044 0.8365 0.0000 0.1590
007160 0.0044 0.8371 0.0000 0.1585
007180 0.0044 0.8367 0.0000 0.1590
007200 0.0044 0.8373 0.0000 0.1583
007220 0.0043 0.8373 0.0000 0.1584
007240 0.0043 0.8376 0.0000 0.1581
007260 0.0043 0.8364 0.0000 0.1593
007280 0.0042 0.8366 0.0000 0.1592
007300 0.0044 0.8376 0.0000 0.1580
007320 0.0044 0.8373 0.0000 0.1583
007340 0.0045 0.8365 0.0000 0.1590
007360 0.0049 0.8369 0.0000 0.1582
007380 0.0049 0.8359 0.0000 0.1592
007400 0.0049 0.8367 0.0000 0.1584
007420 0.0047 0.8357 0.0000 0.1597
007440 0.0047 0.8365 0.0000 0.1588
007460 0.0043 0.8364 0.0000 0.1593
007480 0.0043 0.8372 0.0000 0.1585
007500 0.0045 0.8366 0.0000 0.1589
007520 0.0044 0.8368 0.0000 0.1588
007540 0.0044 0.8354 0.0000 0.1603
007560 0.0043 0.8367 0.0000 0.1590
007580 0.0042 0.8361 0.0000 0.1597
007600 0.0041 0.8376 0.0000 0.1583
007620 0.0042 0.8372 0.0000 0.1587
007640 0.0045 0.8373 0.0000 0.1582
007660 0.0045 0.8373 0.0000 0.1582
007680 0.0042 0.8374 0.0000 0.1584
007700 0.0039 0.8372 0.0000 0.1589
007720 0.0037 0.8371 0.0000 0.1593
007740 0.0036 0.8373 0.0000 0.1591
007760 0.0040 0.8370 0.0000 0.1590
007780 0.0043 0.8375 0.0000 0.1583
007800 0.0046 0.8376 0.0000 0.1578
007820 0.0043 0.8365 0.0000 0.1591
007840 0.0043 0.8371 0.0000 0.1586
007860 0.0041 0.8369 0.0000 0.1591
007880 0.0042 0.8371 0.0000 0.1588
007900 0.0042 0.8373 0.0000 0.1585
007920 0.0042 0.8373 0.0000 0.1585
007940 0.0041 0.8369 0.0000 0.1590
007960 0.0040 0.8371 0.0000 0.1589
007980 0.0037 0.8375 0.0000 0.1588
008000 0.0037 0.8364 0.0000 0.1599
008020 0.0037 0.8373 0.0000 0.1590
008040 0.0040 0.8373 0.0000 0.1587
008060 0.0039 0.8373 0.0000 0.1588
008080 0.0037 0.8381 0.0000 0.1582
008100 0.0038 0.8385 0.0000 0.1577
008120 0.0036 0.8377 0.0000 0.1588
008140 0.0039 0.8369 0.0000 0.1592
008160 0.0038 0.8370 0.0000 0.1592
008180 0.0038 0.8375 0.0000 0.1587
008200 0.0038 0.8371 0.0000 0.1591
008220 0.0036 0.8384 0.0000 0.1580
008240 0.0039 0.8376 0.0000 0.1585
008260 0.0039 0.8372 0.0000 0.1589
008280 0.0038 0.8374 0.0000 0.1588
008300 0.0038 0.8374 0.0000 0.1587
008320 0.0038 0.8371 0.0000 0.1591
008340 0.0039 0.8373 0.0000 0.1588
008360 0.0037 0.8375 0.0000 0.1587
008380 0.0038 0.8366 0.0000 0.1596
008400 0.0039 0.8374 0.0000 0.1587
008420 0.0038 0.8369 0.0000 0.1593
008440 0.0039 0.8370 0.0000 0.1591
008460 0.0037 0.8366 0.0000 0.1597
008480 0.0035 0.8367 0.0000 0.1598
008500 0.0033 0.8389 0.0000 0.1578
008520 0.0033 0.8384 0.0000 0.1583
008540 0.0034 0.8386 0.0000 0.1580
008560 0.0035 0.8388 0.0000 0.1577
008580 0.0036 0.8382 0.0000 0.1582
008600 0.0036 0.8375 0.0000 0.1589
008620 0.0036 0.8379 0.0000 0.1585
008640 0.0034 0.8370 0.0000 0.1596
008660 0.0034 0.8377 0.0000 0.1588
008680 0.0035 0.8374 0.0000 0.1590
008700 0.0034 0.8374 0.0000 0.1592
008720 0.0037 0.8377 0.0000 0.1586
008740 0.0037 0.8372 0.0000 0.1591
008760 0.0036 0.8370 0.0000 0.1594
008780 0.0034 0.8381 0.0000 0.1585
008800 0.0035 0.8391 0.0000 0.1574
008820 0.0035 0.8378 0.0000 0.1586
008840 0.0038 0.8372 0.0000 0.1590
008860 0.0040 0.8374 0.0000 0.1586
008880 0.0038 0.8374 0.0000 0.1587
008900 0.0038 0.8374 0.0000 0.1588
008920 0.0036 0.8376 0.0000 0.1589
008940 0.0037 0.8384 0.0000 0.1579
008960 0.0040 0.8378 0.0000 0.1583
008980 0.0043 0.8371 0.0000 0.1586
009000 0.0044 0.8369 0.0000 0.1587
009020 0.0042 0.8373 0.0000 0.1585
009040 0.0041 0.8377 0.0000 0.1582
009060 0.0039 0.8368 0.0000 0.1593
009080 0.0037 0.8378 0.0000 0.1585
009100 0.0036 0.8383 0.0000 0.1581
009120 0.0037 0.8381 0.0000 0.1581
009140 0.0036 0.8378 0.0000 0.1586
009160 0.0037 0.8379 0.0000 0.1584
009180 0.0039 0.8373 0.0000 0.1588
009200 0.0040 0.8373 0.0000 0.1586
009220 0.0036 0.8374 0.0000 0.1590
009240 0.0037 0.8376 0.0000 0.1586
009260 0.0035 0.8366 0.0000 0.1599
009280 0.0036 0.8375 0.0000 0.1589
009300 0.0036 0.8378 0.0000 0.1586
009320 0.0038 0.8379 0.0000 0.1583
009340 0.0038 0.8373 0.0000 0.1589
009360 0.0034 0.8375 0.0000 0.1591
009380 0.0037 0.8373 0.0000 0.1590
009400 0.0036 0.8382 0.0000 0.1582
009420 0.0038 0.8375 0.0000 0.1587
009440 0.0037 0.8377 0.0000 0.1585
009460 0.0036 0.8375 0.0000 0.1589
009480 0.0035 0.8373 0.0000 0.1593
009500 0.0034 0.8367 0.0000 0.1599
009520 0.0032 0.8383 0.0000 0.1585
009540 0.0034 0.8375 0.0000 0.1592
009560 0.0029 0.8385 0.0000 0.1586
009580 0.0028 0.8390 0.0000 0.1582
009600 0.0030 0.8378 0.0000 0.1592
009620 0.0031 0.8381 0.0000 0.1588
009640 0.0032 0.8379 0.0000 0.1590
009660 0.0033 0.8375 0.0000 0.1592
009680 0.0032 0.8384 0.0000 0.1583
009700 0.0033 0.8387 0.0000 0.1581
009720 0.0033 0.8376 0.0000 0.1591
009740 0.0031 0.8367 0.0000 0.1602
009760 0.0033 0.8376 0.0000 0.1591
009780 0.0032 0.8381 0.0000 0.1587
009800 0.0028 0.8386 0.0000 0.1586
009820 0.0030 0.8386 0.0000 0.1584
009840 0.0030 0.8388 0.0000 0.1582
009860 0.0032 0.8382 0.0000 0.1586
009880 0.0030 0.8382 0.0000 0.1588
009900 0.0028 0.8390 0.0000 0.1582
009920 0.0027 0.8390 0.0000 0.1583
009940 0.0027 0.8391 0.0000 0.1582
009960 0.0028 0.8388 0.0000 0.1584
009980 0.0027 0.8385 0.0000 0.1588
010000 0.0029 0.8382 0.0000 0.1589
010020 0.0030 0.8385 0.0000 0.1585
010040 0.0030 0.8385 0.0000 0.1585
010060 0.0030 0.8385 0.0000 0.1585
010080 0.0030 0.8385 0.0000 0.1585
010100 0.0030 0.8385 0.0000 0.1585
010120 0.0030 0.8385 0.0000 0.1585
010140 0.0030 0.8385 0.0000 0.1585
010160 0.0030 0.8385 0.0000 0.1585
010180 0.0030 0.8385 0.0000 0.1585
010200 0.0030 0.8385 0.0000 0.1585
010220 0.0030 0.8385 0.0000 0.1585
010240 0.0030 0.8385 0.0000 0.1585
010260 0.0030 0.8385 0.0000 0.1585
010280 0.0030 0.8385 0.0000 0.1585
010300 0.0030 0.8385 0.0000 0.1585
010320 0.0030 0.8385 0.0000 0.1585
010340 0.0030 0.8385 0.0000 0.1585
010360 0.0030 0.8385 0.0000 0.1585
010380 0.0030 0.8385 0.0000 0.1585
010400 0.0030 0.8385 0.0000 0.1585
010420 0.0030 0.8385 0.0000 0.1585
010440 0.0030 0.8385 0.0000 0.1585
010460 0.0030 0.8385 0.0000 0.1585
010480 0.0030 0.8385 0.0000 0.1585
010500 0.0030 0.8385 0.0000 0.1585
010520 0.0030 0.8385 0.0000 0.1585
010540 0.0030 0.8385 0.0000 0.1585
010560 0.0030 0.8385 0.0000 0.1585
010580 0.0030 0.8385 0.0000 0.1585
010600 0.0030 0.8385 0.0000 0.1585
010620 0.0030 0.8385 0.0000 0.1585
010640 0.0030 0.8385 0.0000 0.1585
010660 0.0030 0.8385 0.0000 0.1585
010680 0.0030 0.8385 0.0000 0.1585
010700 0.0030 0.8385 0.0000 0.1585
010720 0.0030 0.8385 0.0000 0.1585
010740 0.0030 0.8385 0.0000 0.1585
010760 0.0030 0.8385 0.0000 0.1585
010780 0.0030 0.8385 0.0000 0.1585
010800 0.0030 0.8385 0.0000 0.1585
010820 0.0030 0.8385 0.0000 0.1585
010840 0.0030 0.8385 0.0000 0.1585
010860 0.0030 0.8385 0.0000 0.1585
010880 0.0030 0.8385 0.0000 0.1585
010900 0.0030 0.8385 0.0000 0.1585
010920 0.0030 0.8385 0.0000 0.1585
010940 0.0030 0.8385 0.0000 0.1585
010960 0.0030 0.8385 0.0000 0.1585
010980 0.0030 0.8385 0.0000 0.1585
011000 0.0030 0.8385 0.0000 0.1585
011020 0.0030 0.8385 0.0000 0.1585
011040 0.0030 0.8385 0.0000 0.1585
011060 0.0030 0.8385 0.0000 0.1585
011080 0.0030 0.8385 0.0000 0.1585
011100 0.0030 0.8385 0.0000 0.1585
011120 0.0030 0.8385 0.0000 0.1585
011140 0.0030 0.8385 0.0000 0.1585
011160 0.0030 0.8385 0.0000 0.1585
011180 0.0030 0.8385 0.0000 0.1585
011200 0.0030 0.8385 0.0000 0.1585
011220 0.0030 0.8385 0.0000 0.1585
011240 0.0030 0.8385 0.0000 0.1585
011260 0.0030 0.8385 0.0000 0.1585
011280 0.0030 0.8385 0.0000 0.1585
011300 0.0030 0.8385 0.0000 0.1585
011320 0.0030 0.8385 0.0000 0.1585
011340 0.0030 0.8385 0.0000 0.1585
011360 0.0030 0.8385 0.0000 0.1585
011380 0.0030 0.8385 0.0000 0.1585
011400 0.0030 0.8385 0.0000 0.1585
011420 0.0030 0.8385 0.0000 0.1585
011440 0.0030 0.8385 0.0000 0.1585
011460 0.0030 0.8385 0.0000 0.1585
011480 0.0030 0.8385 0.0000 0.1585
011500 0.0030 0.8385 0.0000 0.1585
011520 0.0030 0.8385 0.0000 0.1585
011540 0.0030 0.8385 0.0000 0.1585
011560 0.0030 0.8385 0.0000 0.1585
011580 0.0030 0.8385 0.0000 0.1585
011600 0.0030 0.8385 0.0000 0.1585
011620 0.0030 0.8385 0.0000 0.1585
011640 0.0030 0.8385 0.0000 0.1585
011660 0.0030 0.8385 0.0000 0.1585
011680 0.0030 0.8385 0.0000 0.1585
011700 0.0030 0.8385 0.0000 0.1585
011720 0.0030 0.8385 0.0000 0.1585
011740 0.0030 0.8385 0.0000 0.1585
011760 0.0030 0.8385 0.0000 0.1585
011780 0.0030 0.8385 0.0000 0.1585
011800 0.0030 0.8385 0.0000 0.1585
011820 0.0030 0.8385 0.0000 0.1585
011840 0.0030 0.8385 0.0000 0.1585
011860 0.0030 0.8385 0.0000 0.1585
011880 0.0030 0.8385 0.0000 0.1585
011900 0.0030 0.8385 0.0000 0.1585
011920 0.0030 0.8385 0.0000 0.1585
011940 0.0030 0.8385 0.0000 0.1585
011960 0.0030 0.8385 0.0000 0.1585
011980 0.0030 0.8385 0.0000 0.1585
012000 0.0030 0.8385 0.0000 0.1585
012020 0.0030 0.8385 0.0000 0.1585
012040 0.0030 0.8385 0.0000 0.1585
012060 0.0030 0.8385 0.0000 0.1585
012080 0.0030 0.8385 0.0000 0.1585
012100 0.0030 0.8385 0.0000 0.1585
012120 0.0030 0.8385 0.0000 0.1585
012140 0.0030 0.8385 0.0000 0.1585
012160 0.0030 0.8385 0.0000 0.1585
012180 0.0030 0.8385 0.0000 0.1585
012200 0.0030 0.8385 0.0000 0.1585
012220 0.0030 0.8385 0.0000 0.1585
012240 0.0030 0.8385 0.0000 0.1585
012260 0.0030 0.8385 0.0000 0.1585
012280 0.0030 0.8385 0.0000 0.1585
012300 0.0030 0.8385 0.0000 0.1585
012320 0.0030 0.8385 0.0000 0.1585
012340 0.0030 0.8385 0.0000 0.1585
012360 0.0030 0.8385 0.0000 0.1585
012380 0.0030 0.8385 0.0000 0.1585
012400 0.0030 0.8385 0.0000 0.1585
012420 0.0030 0.8385 0.0000 0.1585
012440 0.0030 0.8385 0.0000 0.1585
012460 0.0030 0.8385 0.0000 0.1585
012480 0.0030 0.8385 0.0000 0.1585
012500 0.0030 0.8385 0.0000 0.1585
012520 0.0030 0.8385 0.0000 0.1585
012540 0.0030 0.8385 0.0000 0.1585
012560 0.0030 0.8385 0.0000 0.1585
012580 0.0030 0.8385 0.0000 0.1585
012600 0.0030 0.8385 0.0000 0.1585
012620 0.0030 0.8385 0.0000 0.1585
012640 0.0030 0.8385 0.0000 0.1585
012660 0.0030 0.8385 0.0000 0.1585
012680 0.0030 0.8385 0.0000 0.1585
012700 0.0030 0.8385 0.0000 0.1585
012720 0.0030 0.8385 0.0000 0.1585
012740 0.0030 0.8385 0.0000 0.1585
012760 0.0030 0.8385 0.0000 0.1585
012780 0.0030 0.8385 0.0000 0.1585
012800 0.0030 0.8385 0.0000 0.1585
012820 0.0030 0.8385 0.0000 0.1585
012840 0.0030 0.8385 0.0000 0.1585
012860 0.0030 0.8385 0.0000 0.1585
012880 0.0030 0.8385 0.0000 0.1585
012900 0.0030 0.8385 0.0000 0.1585
012920 0.0030 0.8385 0.0000 0.1585
012940 0.0030 0.8385 0.0000 0.1585
012960 0.0030 0.8385 0.0000 0.1585
012980 0.0030 0.8385 0.0000 0.1585
013000 0.0030 0.8385 0.0000 0.1585
013020 0.0030 0.8385 0.0000 0.1585
013040 0.0030 0.8385 0.0000 0.1585
013060 0.0030 0.8385 0.0000 0.1585
013080 0.0030 0.8385 0.0000 0.1585
013100 0.0030 0.8385 0.0000 0.1585
013120 0.0030 0.8385 0.0000 0.1585
013140 0.0030 0.8385 0.0000 0.1585
013160 0.0030 0.8385 0.0000 0.1585
013180 0.0030 0.8385 0.0000 0.1585
013200 0.0030 0.8385 0.0000 0.1585
013220 0.0030 0.8385 0.0000 0.1585
013240 0.0030 0.8385 0.0000 0.1585
013260 0.0030 0.8385 0.0000 0.1585
013280 0.0030 0.8385 0.0000 0.1585
013300 0.0030 0.8385 0.0000 0.1585
013320 0.0030 0.8385 0.0000 0.1585
013340 0.0030 0.8385 0.0000 0.1585
013360 0.0030 0.8385 0.0000 0.1585
013380 0.0030 0.8385 0.0000 0.1585
013400 0.0030 0.8385 0.0000 0.1585
013420 0.0030 0.8385 0.0000 0.1585
013440 0.0030 0.8385 0.0000 0.1585
013460 0.0030 0.8385 0.0000 0.1585
013480 0.0030 0.8385 0.0000 0.1585
013500 0.0030 0.8385 0.0000 0.1585
013520 0.0030 0.8385 0.0000 0.1585
013540 0.0030 0.8385 0.0000 0.1585
013560 0.0030 0.8385 0.0000 0.1585
013580 0.0030 0.8385 0.0000 0.1585
013600 0.0030 0.8385 0.0000 0.1585
013620 0.0030 0.8385 0.0000 0.1585
013640 0.0030 0.8385 0.0000 0.1585
013660 0.0030 0.8385 0.0000 0.1585
013680 0.0030 0.8385 0.0000 0.1585
013700 0.0030 0.8385 0.0000 0.1585
013720 0.0030 0.8385 0.0000 0.1585
013740 0.0030 0.8385 0.0000 0.1585
013760 0.0030 0.8385 0.0000 0.1585
013780 0.0030 0.8385 0.0000 0.1585
013800 0.0030 0.8385 0.0000 0.1585
013820 0.0030 0.8385 0.0000 0.1585
013840 0.0030 0.8385 0.0000 0.1585
013860 0.0030 0.8385 0.0000 0.1585
013880 0.0030 0.8385 0.0000 0.1585
013900 0.0030 0.8385 0.0000 0.1585
013920 0.0030 0.8385 0.0000 0.1585
013940 0.0030 0.8385 0.0000 0.1585
013960 0.0030 0.8385 0.0000 0.1585
013980 0.0030 0.8385 0.0000 0.1585
014000 0.0030 0.8385 0.0000 0.1585
014020 0.0030 0.8385 0.0000 0.1585
014040 0.0030 0.8385 0.0000 0.1585
014060 0.0030 0.8385 0.0000 0.1585
014080 0.0030 0.8385 0.0000 0.1585
014100 0.0030 0.8385 0.0000 0.1585
014120 0.0030 0.8385 0.0000 0.1585
014140 0.0030 0.8385 0.0000 0.1585
014160 0.0030 0.8385 0.0000 0.1585
014180 0.0030 0.8385 0.0000 0.1585
014200 0.0030 0.8385 0.0000 0.1585
014220 0.0030 0.8385 0.0000 0.1585
014240 0.0030 0.8385 0.0000 0.1585
014260 0.0030 0.8385 0.0000 0.1585
014280 0.0030 0.8385 0.0000 0.1585
014300 0.0030 0.8385 0.0000 0.1585
014320 0.0030 0.8385 0.0000 0.1585
014340 0.0030 0.8385 0.0000 0.1585
014360 0.0030 0.8385 0.0000 0.1585
014380 0.0030 0.8385 0.0000 0.1585
014400 0.0030 0.8385 0.0000 0.1585
014420 0.0030 0.8385 0.0000 0.1585
014440 0.0030 0.8385 0.0000 0.1585
014460 0.0030 0.8385 0.0000 0.1585
014480 0.0030 0.8385 0.0000 0.1585
014500 0.0030 0.8385 0.0000 0.1585
014520 0.0030 0.8385 0.0000 0.1585
014540 0.0030 0.8385 0.0000 0.1585
014560 0.0030 0.8385 0.0000 0.1585
014580 0.0030 0.8385 0.0000 0.1585
014600 0.0030 0.8385 0.0000 0.1585
014620 0.0030 0.8385 0.0000 0.1585
014640 0.0030 0.8385 0.0000 0.1585
014660 0.0030 0.8385 0.0000 0.1585
014680 0.0030 0.8385 0.0000 0.1585
014700 0.0030 0.8385 0.0000 0.1585
014720 0.0030 0.8385 0.0000 0.1585
014740 0.0030 0.8385 0.0000 0.1585
014760 0.0030 0.8385 0.0000 0.1585
014780 0.0030 0.8385 0.0000 0.1585
014800 0.0030 0.8385 0.0000 0.1585
014820 0.0030 0.8385 0.0000 0.1585
014840 0.0030 0.8385 0.0000 0.1585
014860 0.0030 0.8385 0.0000 0.1585
014880 0.0030 0.8385 0.0000 0.1585
014900 0.0030 0.8385 0.0000 0.1585
014920 0.0030 0.8385 0.0000 0.1585
014940 0.0030 0.8385 0.0000 0.1585
014960 0.0030 0.8385 0.0000 0.1585
014980 0.0030 0.8385 0.0000 0.1585
015000 0.0030 0.8385 0.0000 0.1585
015020 0.0030 0.8385 0.0000 0.1585
015040 0.0030 0.8385 0.0000 0.1585
015060 0.0030 0.8385 0.0000 0.1585
015080 0.0030 0.8385 0.0000 0.1585
015100 0.0030 0.8385 0.0000 0.1585
015120 0.0030 0.8385 0.0000 0.1585
015140 0.0030 0.8385 0.0000 0.1585
015160 0.0030 0.8385 0.0000 0.1585
015180 0.0030 0.8385 0.0000 0.1585
015200 0.0030 0.8385 0.0000 0.1585
015220 0.0030 0.8385 0.0000 0.1585
015240 0.0030 0.8385 0.0000 0.1585
015260 0.0030 0.8385 0.0000 0.1585
015280 0.0030 0.8385 0.0000 0.1585
015300 0.0030 0.8385 0.0000 0.1585
015320 0.0030 0.8385 0.0000 0.1585
015340 0.0030 0.8385 0.0000 0.1585
015360 0.0030 0.8385 0.0000 0.1585
015380 0.0030 0.8385 0.0000 0.1585
015400 0.0030 0.8385 0.0000 0.1585
015420 0.0030 0.8385 0.0000 0.1585
015440 0.0030 0.8385 0.0000 0.1585
015460 0.0030 0.8385 0.0000 0.1585
015480 0.0030 0.8385 0.0000 0.1585
015500 0.0030 0.8385 0.0000 0.1585
015520 0.0030 0.8385 0.0000 0.1585
015540 0.0030 0.8385 0.0000 0.1585
015560 0.0030 0.8385 0.0000 0.1585
015580 0.0030 0.8385 0.0000 0.1585
015600 0.0030 0.8385 0.0000 0.1585
015620 0.0030 0.8385 0.0000 0.1585
015640 0.0030 0.8385 0.0000 0.1585
015660 0.0030 0.8385 0.0000 0.1585
015680 0.0030 0.8385 0.0000 0.1585
015700 0.0030 0.8385 0.0000 0.1585
015720 0.0030 0.8385 0.0000 0.1585
015740 0.0030 0.8385 0.0000 0.1585
015760 0.0030 0.8385 0.0000 0.1585
015780 0.0030 0.8385 0.0000 0.1585
015800 0.0030 0.8385 0.0000 0.1585
015820 0.0030 0.8385 0.0000 0.1585
015840 0.0030 0.8385 0.0000 0.1585
015860 0.0030 0.8385 0.0000 0.1585
015880 0.0030 0.8385 0.0000 0.1585
015900 0.0030 0.8385 0.0000 0.1585
015920 0.0030 0.8385 0.0000 0.1585
015940 0.0030 0.8385 0.0000 0.1585
015960 0.0030 0.8385 0.0000 0.1585
015980 0.0030 0.8385 0.0000 0.1585
016000 0.0030 0.8385 0.0000 0.1585
016020 0.0030 0.8385 0.0000 0.1585
016040 0.0030 0.8385 0.0000 0.1585
016060 0.0030 0.8385 0.0000 0.1585
016080 0.0030 0.8385 0.0000 0.1585
016100 0.0030 0.8385 0.0000 0.1585
016120 0.0030 0.8385 0.0000 0.1585
016140 0.0030 0.8385 0.0000 0.1585
016160 0.0030 0.8385 0.0000 0.1585
016180 0.0030 0.8385 0.0000 0.1585
016200 0.0030 0.8385 0.0000 0.1585
016220 0.0030 0.8385 0.0000 0.1585
016240 0.0030 0.8385 0.0000 0.1585
016260 0.0030 0.8385 0.0000 0.1585
016280 0.0030 0.8385 0.0000 0.1585
016300 0.0030 0.8385 0.0000 0.1585
016320 0.0030 0.8385 0.0000 0.1585
016340 0.0030 0.8385 0.0000 0.1585
016360 0.0030 0.8385 0.0000 0.1585
016380 0.0030 0.8385 0.0000 0.1585
016400 0.0030 0.8385 0.0000 0.1585
016420 0.0030 0.8385 0.0000 0.1585
016440 0.0030 0.8385 0.0000 0.1585
016460 0.0030 0.8385 0.0000 0.1585
016480 0.0030 0.8385 0.0000 0.1585
016500 0.0030 0.8385 0.0000 0.1585
016520 0.0030 0.8385 0.0000 0.1585
016540 0.0030 0.8385 0.0000 0.1585
016560 0.0030 0.8385 0.0000 0.1585
016580 0.0030 0.8385 0.0000 0.1585
016600 0.0030 0.8385 0.0000 0.1585
016620 0.0030 0.8385 0.0000 0.1585
016640 0.0030 0.8385 0.0000 0.1585
016660 0.0030 0.8385 0.0000 0.1585
016680 0.0030 0.8385 0.0000 0.1585
016700 0.0030 0.8385 0.0000 0.1585
016720 0.0030 0.8385 0.0000 0.1585
016740 0.0030 0.8385 0.0000 0.1585
016760 0.0030 0.8385 0.0000 0.1585
016780 0.0030 0.8385 0.0000 0.1585
016800 0.0030 0.8385 0.0000 0.1585
016820 0.0030 0.8385 0.0000 0.1585
016840 0.0030 0.8385 0.0000 0.1585
016860 0.0030 0.8385 0.0000 0.1585
016880 0.0030 0.8385 0.0000 0.1585
016900 0.0030 0.8385 0.0000 0.1585
016920 0.0030 0.8385 0.0000 0.1585
016940 0.0030 0.8385 0.0000 0.1585
016960 0.0030 0.8385 0.0000 0.1585
016980 0.0030 0.8385 0.0000 0.1585
017000 0.0030 0.8385 0.0000 0.1585
017020 0.0030 0.8385 0.0000 0.1585
017040 0.0030 0.8385 0.0000 0.1585
017060 0.0030 0.8385 0.0000 0.1585
017080 0.0030 0.8385 0.0000 0.1585
017100 0.0030 0.8385 0.0000 0.1585
017120 0.0030 0.8385 0.0000 0.1585
017140 0.0030 0.8385 0.0000 0.1585
017160 0.0030 0.8385 0.0000 0.1585
017180 0.0030 0.8385 0.0000 0.1585
017200 0.0030 0.8385 0.0000 0.1585
017220 0.0030 0.8385 0.0000 0.1585
017240 0.0030 0.8385 0.0000 0.1585
017260 0.0030 0.8385 0.0000 0.1585
017280 0.0030 0.8385 0.0000 0.1585
017300 0.0030 0.8385 0.0000 0.1585
017320 0.0030 0.8385 0.0000 0.1585
017340 0.0030 0.8385 0.0000 0.1585
017360 0.0030 0.8385 0.0000 0.1585
017380 0.0030 0.8385 0.0000 0.1585
017400 0.0030 0.8385 0.0000 0.1585
017420 0.0030 0.8385 0.0000 0.1585
017440 0.0030 0.8385 0.0000 0.1585
017460 0.0030 0.8385 0.0000 0.1585
017480 0.0030 0.8385 0.0000 0.1585
017500 0.0030 0.8385 0.0000 0.1585
017520 0.0030 0.8385 0.0000 0.1585
017540 0.0030 0.8385 0.0000 0.1585
017560 0.0030 0.8385 0.0000 0.1585
017580 0.0030 0.8385 0.0000 0.1585
017600 0.0030 0.8385 0.0000 0.1585
017620 0.0030 0.8385 0.0000 0.1585
017640 0.0030 0.8385 0.0000 0.1585
017660 0.0030 0.8385 0.0000 0.1585
017680 0.0030 0.8385 0.0000 0.1585
017700 0.0030 0.8385 0.0000 0.1585
017720 0.0030 0.8385 0.0000 0.1585
017740 0.0030 0.8385 0.0000 0.1585
017760 0.0030 0.8385 0.0000 0.1585
017780 0.0030 0.8385 0.0000 0.1585
017800 0.0030 0.8385 0.0000 0.1585
017820 0.0030 0.8385 0.0000 0.1585
017840 0.0030 0.8385 0.0000 0.1585
017860 0.0030 0.8385 0.0000 0.1585
017880 0.0030 0.8385 0.0000 0.1585
017900 0.0030 0.8385 0.0000 0.1585
017920 0.0030 0.8385 0.0000 0.1585
017940 0.0030 0.8385 0.0000 0.1585
017960 0.0030 0.8385 0.0000 0.1585
017980 0.0030 0.8385 0.0000 0.1585
018000 0.0030 0.8385 0.0000 0.1585
018020 0.0030 0.8385 0.0000 0.1585
018040 0.0030 0.8385 0.0000 0.1585
018060 0.0030 0.8385 0.0000 0.1585
018080 0.0030 0.8385 0.0000 0.1585
018100 0.0030 0.8385 0.0000 0.1585
018120 0.0030 0.8385 0.0000 0.1585
018140 0.0030 0.8385 0.0000 0.1585
018160 0.0030 0.8385 0.0000 0.1585
018180 0.0030 0.8385 0.0000 0.1585
018200 0.0030 0.8385 0.0000 0.1585
018220 0.0030 0.8385 0.0000 0.1585
018240 0.0030 0.8385 0.0000 0.1585
018260 0.0030 0.8385 0.0000 0.1585
018280 0.0030 0.8385 0.0000 0.1585
018300 0.0030 0.8385 0.0000 0.1585
018320 0.0030 0.8385 0.0000 0.1585
018340 0.0030 0.8385 0.0000 0.1585
018360 0.0030 0.8385 0.0000 0.1585
018380 0.0030 0.8385 0.0000 0.1585
018400 0.0030 0.8385 0.0000 0.1585
018420 0.0030 0.8385 0.0000 0.1585
018440 0.0030 0.8385 0.0000 0.1585
018460 0.0030 0.8385 0.0000 0.1585
018480 0.0030 0.8385 0.0000 0.1585
018500 0.0030 0.8385 0.0000 0.1585
018520 0.0030 0.8385 0.0000 0.1585
018540 0.0030 0.8385 0.0000 0.1585
018560 0.0030 0.8385 0.0000 0.1585
018580 0.0030 0.8385 0.0000 0.1585
018600 0.0030 0.8385 0.0000 0.1585
018620 0.0030 0.8385 0.0000 0.1585
018640 0.0030 0.8385 0.0000 0.1585
018660 0.0030 0.8385 0.0000 0.1585
018680 0.0030 0.8385 0.0000 0.1585
018700 0.0030 0.8385 0.0000 0.1585
018720 0.0030 0.8385 0.0000 0.1585
018740 0.0030 0.8385 0.0000 0.1585
018760 0.0030 0.8385 0.0000 0.1585
018780 0.0030 0.8385 0.0000 0.1585
018800 0.0030 0.8385 0.0000 0.1585
018820 0.0030 0.8385 0.0000 0.1585
018840 0.0030 0.8385 0.0000 0.1585
018860 0.0030 0.8385 0.0000 0.1585
018880 0.0030 0.8385 0.0000 0.1585
018900 0.0030 0.8385 0.0000 0.1585
018920 0.0030 0.8385 0.0000 0.1585
018940 0.0030 0.8385 0.0000 0.1585
018960 0.0030 0.8385 0.0000 0.1585
018980 0.0030 0.8385 0.0000 0.1585
019000 0.0030 0.8385 0.0000 0.1585
019020 0.0030 0.8385 0.0000 0.1585
019040 0.0030 0.8385 0.0000 0.1585
019060 0.0030 0.8385 0.0000 0.1585
019080 0.0030 0.8385 0.0000 0.1585
019100 0.0030 0.8385 0.0000 0.1585
019120 0.0030 0.8385 0.0000 0.1585
019140 0.0030 0.8385 0.0000 0.1585
019160 0.0030 0.8385 0.0000 0.1585
019180 0.0030 0.8385 0.0000 0.1585
019200 0.0030 0.8385 0.0000 0.1585
019220 0.0030 0.8385 0.0000 0.1585
019240 0.0030 0.8385 0.0000 0.1585
019260 0.0030 0.8385 0.0000 0.1585
019280 0.0030 0.8385 0.0000 0.1585
019300 0.0030 0.8385 0.0000 0.1585
019320 0.0030 0.8385 0.0000 0.1585
019340 0.0030 0.8385 0.0000 0.1585
019360 0.0030 0.8385 0.0000 0.1585
019380 0.0030 0.8385 0.0000 0.1585
019400 0.0030 0.8385 0.0000 0.1585
019420 0.0030 0.8385 0.0000 0.1585
019440 0.0030 0.8385 0.0000 0.1585
019460 0.0030 0.8385 0.0000 0.1585
019480 0.0030 0.8385 0.0000 0.1585
019500 0.0030 0.8385 0.0000 0.1585
019520 0.0030 0.8385 0.0000 0.1585
019540 0.0030 0.8385 0.0000 0.1585
019560 0.0030 0.8385 0.0000 0.1585
019580 0.0030 0.8385 0.0000 0.1585
019600 0.0030 0.8385 0.0000 0.1585
019620 0.0030 0.8385 0.0000 0.1585
019640 0.0030 0.8385 0.0000 0.1585
019660 0.0030 0.8385 0.0000 0.1585
019680 0.0030 0.8385 0.0000 0.1585
019700 0.0030 0.8385 0.0000 0.1585
019720 0.0030 0.8385 0.0000 0.1585
019740 0.0030 0.8385 0.0000 0.1585
019760 0.0030 0.8385 0.0000 0.1585
019780 0.0030 0.8385 0.0000 0.1585
019800 0.0030 0.8385 0.0000 0.1585
019820 0.0030 0.8385 0.0000 0.1585
019840 0.0030 0.8385 0.0000 0.1585
019860 0.0030 0.8385 0.0000 0.1585
019880 0.0030 0.8385 0.0000 0.1585
019900 0.0030 0.8385 0.0000 0.1585
019920 0.0030 0.8385 0.0000 0.1585
019940 0.0030 0.8385 0.0000 0.1585
019960 0.0030 0.8385 0.0000 0.1585
019980 0.0030 0.8385 0.0000 0.1585
020000 0.0030 0.8385 0.0000 0.1585
