000000 0.2500 0.2500 0.2500 0.2500
000020 0.2603 0.2588 0.2298 0.2512
000040 0.2724 0.2680 0.2080 0.2517
000060 0.2842 0.2773 0.1869 0.2516
000080 0.2954 0.2873 0.1669 0.2504
000100 0.3057 0.2985 0.1478 0.2479
000120 0.3153 0.3099 0.1296 0.2452
000140 0.3236 0.3223 0.1126 0.2415
000160 0.3300 0.3359 0.0966 0.2375
000180 0.3348 0.3503 0.0824 0.2326
000200 0.3390 0.3656 0.0689 0.2265
000220 0.3431 0.3808 0.0566 0.2194
000240 0.3454 0.3974 0.0456 0.2117
000260 0.3475 0.4143 0.0359 0.2024
000280 0.3497 0.4305 0.0272 0.1926
000300 0.3512 0.4462 0.0198 0.1828
000320 0.3503 0.4636 0.0137 0.1724
000340 0.3485 0.4825 0.0088 0.1602
000360 0.3439 0.5026 0.0050 0.1486
000380 0.3389 0.5237 0.0021 0.1353
000400 0.3332 0.5449 0.0005 0.1214
000420 0.3256 0.5678 0.0000 0.1067
000440 0.3162 0.5937 0.0000 0.0900
000460 0.3105 0.6145 0.0000 0.0751
000480 0.3042 0.6302 0.0000 0.0656
000500 0.3011 0.6453 0.0000 0.0536
000520 0.2985 0.6552 0.0000 0.0463
000540 0.2997 0.6612 0.0000 0.0391
000560 0.3005 0.6638 0.0000 0.0357
000580 0.2996 0.6682 0.0000 0.0322
000600 0.2994 0.6707 0.0000 0.0298
000620 0.3019 0.6691 0.0000 0.0290
000640 0.3056 0.6676 0.0000 0.0268
000660 0.3131 0.6616 0.0000 0.0252
000680 0.3214 0.6523 0.0000 0.0263
000700 0.3291 0.6457 0.0000 0.0252
000720 0.3409 0.6327 0.0000 0.0264
000740 0.3509 0.6213 0.0000 0.0278
000760 0.3590 0.6115 0.0000 0.0295
000780 0.3615 0.6075 0.0000 0.0310
000800 0.3636 0.6048 0.0000 0.0315
000820 0.3689 0.5992 0.0000 0.0319
000840 0.3786 0.5892 0.0000 0.0322
000860 0.3868 0.5813 0.0000 0.0318
000880 0.3948 0.5743 0.0000 0.0309
000900 0.4032 0.5635 0.0000 0.0333
000920 0.4105 0.5541 0.0000 0.0354
000940 0.4172 0.5477 0.0000 0.0350
000960 0.4238 0.5407 0.0000 0.0355
000980 0.4316 0.5319 0.0000 0.0365
001000 0.4404 0.5238 0.0000 0.0357
001020 0.4541 0.5091 0.0000 0.0368
001040 0.4630 0.4986 0.0000 0.0384
001060 0.4717 0.4902 0.0000 0.0381
001080 0.4744 0.4845 0.0000 0.0411
001100 0.4751 0.4830 0.0000 0.0420
001120 0.4794 0.4788 0.0000 0.0418
001140 0.4901 0.4692 0.0000 0.0407
001160 0.5032 0.4566 0.0000 0.0401
001180 0.5132 0.4451 0.0000 0.0417
001200 0.5268 0.4325 0.0000 0.0408
001220 0.5423 0.4157 0.0000 0.0420
001240 0.5455 0.4084 0.0000 0.0462
001260 0.5396 0.4116 0.0000 0.0489
001280 0.5365 0.4125 0.0000 0.0510
001300 0.5365 0.4130 0.0000 0.0505
001320 0.5453 0.4077 0.0000 0.0470
001340 0.5596 0.3934 0.0000 0.0471
001360 0.5772 0.3759 0.0000 0.0468
001380 0.5844 0.3664 0.0000 0.0492
001400 0.5852 0.3635 0.0000 0.0514
001420 0.5789 0.3674 0.0000 0.0538
001440 0.5716 0.3744 0.0000 0.0540
001460 0.5692 0.3801 0.0000 0.0507
001480 0.5761 0.3724 0.0000 0.0515
001500 0.5914 0.3594 0.0000 0.0492
001520 0.6024 0.3493 0.0000 0.0483
001540 0.6128 0.3388 0.0000 0.0484
001560 0.6086 0.3387 0.0000 0.0527
001580 0.5970 0.3473 0.0000 0.0558
001600 0.5854 0.3576 0.0000 0.0569
001620 0.5797 0.3638 0.0000 0.0565
001640 0.5764 0.3706 0.0000 0.0531
001660 0.5809 0.3675 0.0000 0.0515
001680 0.5891 0.3590 0.0000 0.0519
001700 0.5986 0.3510 0.0000 0.0504
001720 0.6025 0.3467 0.0000 0.0508
001740 0.6018 0.3451 0.0000 0.0531
001760 0.5974 0.3478 0.0000 0.0548
001780 0.5925 0.3527 0.0000 0.0548
001800 0.5935 0.3528 0.0000 0.0537
001820 0.5922 0.3522 0.0000 0.0556
001840 0.5976 0.3506 0.0000 0.0518
001860 0.6048 0.3434 0.0000 0.0518
001880 0.6061 0.3407 0.0000 0.0532
001900 0.6030 0.3439 0.0000 0.0531
001920 0.6042 0.3434 0.0000 0.0524
001940 0.6031 0.3426 0.0000 0.0543
001960 0.5981 0.3486 0.0000 0.0534
001980 0.5979 0.3478 0.0000 0.0543
002000 0.5962 0.3483 0.0000 0.0555
002020 0.5904 0.3537 0.0000 0.0559
002040 0.5888 0.3573 0.0000 0.0538
002060 0.5962 0.3531 0.0000 0.0507
002080 0.5982 0.3489 0.0000 0.0530
002100 0.6005 0.3481 0.0000 0.0514
002120 0.6032 0.3453 0.0000 0.0515
002140 0.6069 0.3425 0.0000 0.0506
002160 0.6061 0.3392 0.0000 0.0547
002180 0.5978 0.3443 0.0000 0.0579
002200 0.5882 0.3552 0.0000 0.0566
002220 0.5873 0.3583 0.0000 0.0544
002240 0.5887 0.3591 0.0000 0.0522
002260 0.5907 0.3555 0.0000 0.0538
002280 0.5942 0.3532 0.0000 0.0525
002300 0.6000 0.3485 0.0000 0.0515
002320 0.6051 0.3429 0.0000 0.0520
002340 0.6092 0.3375 0.0000 0.0533
002360 0.6057 0.3392 0.0000 0.0551
002380 0.5997 0.3464 0.0000 0.0540
002400 0.5942 0.3503 0.0000 0.0555
002420 0.5909 0.3548 0.0000 0.0544
002440 0.5967 0.3532 0.0000 0.0501
002460 0.5978 0.3480 0.0000 0.0541
002480 0.6008 0.3456 0.0000 0.0536
002500 0.6016 0.3441 0.0000 0.0543
002520 0.5973 0.3463 0.0000 0.0564
002540 0.5864 0.3574 0.0000 0.0562
002560 0.5795 0.3658 0.0000 0.0548
002580 0.5845 0.3609 0.0000 0.0546
002600 0.5897 0.3580 0.0000 0.0523
002620 0.5964 0.3512 0.0000 0.0524
002640 0.5988 0.3479 0.0000 0.0533
002660 0.6008 0.3473 0.0000 0.0519
002680 0.5960 0.3505 0.0000 0.0535
002700 0.5949 0.3523 0.0000 0.0528
002720 0.5936 0.3507 0.0000 0.0557
002740 0.5944 0.3512 0.0000 0.0544
002760 0.5958 0.3504 0.0000 0.0538
002780 0.5943 0.3525 0.0000 0.0532
002800 0.5925 0.3527 0.0000 0.0549
002820 0.5906 0.3534 0.0000 0.0560
002840 0.5917 0.3552 0.0000 0.0531
002860 0.5970 0.3512 0.0000 0.0517
002880 0.6018 0.3458 0.0000 0.0524
002900 0.6017 0.3442 0.0000 0.0541
002920 0.5998 0.3459 0.0000 0.0543
002940 0.5964 0.3493 0.0000 0.0543
002960 0.5961 0.3487 0.0000 0.0552
002980 0.5974 0.3480 0.0000 0.0546
003000 0.5968 0.3483 0.0000 0.0550
003020 0.5933 0.3501 0.0000 0.0566
003040 0.5930 0.3534 0.0000 0.0536
003060 0.5967 0.3507 0.0000 0.0526
003080 0.5962 0.3499 0.0000 0.0539
003100 0.5941 0.3515 0.0000 0.0544
003120 0.5902 0.3544 0.0000 0.0554
003140 0.5898 0.3581 0.0000 0.0520
003160 0.5959 0.3527 0.0000 0.0513
003180 0.5999 0.3463 0.0000 0.0538
003200 0.5968 0.3469 0.0000 0.0563
003220 0.5918 0.3525 0.0000 0.0557
003240 0.5887 0.3572 0.0000 0.0541
003260 0.5860 0.3593 0.0000 0.0547
003280 0.5870 0.3590 0.0000 0.0540
003300 0.5972 0.3530 0.0000 0.0498
003320 0.6064 0.3418 0.0000 0.0518
003340 0.6036 0.3418 0.0000 0.0546
003360 0.5991 0.3458 0.0000 0.0551
003380 0.5951 0.3507 0.0000 0.0542
003400 0.5954 0.3529 0.0000 0.0517
003420 0.5978 0.3498 0.0000 0.0524
003440 0.6002 0.3474 0.0000 0.0523
003460 0.6026 0.3458 0.0000 0.0515
003480 0.6067 0.3402 0.0000 0.0531
003500 0.6066 0.3402 0.0000 0.0532
003520 0.6028 0.3420 0.0000 0.0552
003540 0.5975 0.3471 0.0000 0.0554
003560 0.5934 0.3537 0.0000 0.0529
003580 0.5946 0.3523 0.0000 0.0531
003600 0.5926 0.3533 0.0000 0.0541
003620 0.5930 0.3531 0.0000 0.0539
003640 0.5878 0.3557 0.0000 0.0566
003660 0.5875 0.3581 0.0000 0.0545
003680 0.5931 0.3556 0.0000 0.0513
003700 0.5978 0.3502 0.0000 0.0520
003720 0.6011 0.3464 0.0000 0.0525
003740 0.6003 0.3429 0.0000 0.0568
003760 0.5991 0.3480 0.0000 0.0529
003780 0.5984 0.3488 0.0000 0.0529
003800 0.6004 0.3477 0.0000 0.0519
003820 0.6036 0.3446 0.0000 0.0519
003840 0.6086 0.3415 0.0000 0.0499
003860 0.6151 0.3349 0.0000 0.0500
003880 0.6143 0.3328 0.0000 0.0529
003900 0.6028 0.3391 0.0000 0.0581
003920 0.5931 0.3499 0.0000 0.0570
003940 0.5914 0.3546 0.0000 0.0540
003960 0.5954 0.3513 0.0000 0.0533
003980 0.6002 0.3482 0.0000 0.0516
004000 0.6025 0.3446 0.0000 0.0529
004020 0.6010 0.3474 0.0000 0.0517
004040 0.5951 0.3493 0.0000 0.0556
004060 0.5902 0.3547 0.0000 0.0551
004080 0.5884 0.3553 0.0000 0.0563
004100 0.5890 0.3593 0.0000 0.0517
004120 0.5944 0.3536 0.0000 0.0520
004140 0.6002 0.3490 0.0000 0.0508
004160 0.6107 0.3398 0.0000 0.0495
004180 0.6141 0.3350 0.0000 0.0509
004200 0.6160 0.3313 0.0000 0.0527
004220 0.6098 0.3361 0.0000 0.0541
004240 0.6081 0.3392 0.0000 0.0527
004260 0.6024 0.3433 0.0000 0.0543
004280 0.5986 0.3472 0.0000 0.0541
004300 0.5970 0.3504 0.0000 0.0525
004320 0.5925 0.3534 0.0000 0.0541
004340 0.5909 0.3561 0.0000 0.0530
004360 0.5964 0.3517 0.0000 0.0519
004380 0.5952 0.3487 0.0000 0.0561
004400 0.5946 0.3507 0.0000 0.0547
004420 0.5988 0.3489 0.0000 0.0522
004440 0.6004 0.3464 0.0000 0.0532
004460 0.5992 0.3466 0.0000 0.0542
004480 0.5981 0.3490 0.0000 0.0530
004500 0.5898 0.3528 0.0000 0.0574
004520 0.5858 0.3580 0.0000 0.0562
004540 0.5835 0.3612 0.0000 0.0553
004560 0.5819 0.3635 0.0000 0.0546
004580 0.5861 0.3609 0.0000 0.0529
004600 0.6008 0.3497 0.0000 0.0495
004620 0.6129 0.3360 0.0000 0.0511
004640 0.6151 0.3324 0.0000 0.0525
004660 0.6095 0.3375 0.0000 0.0530
004680 0.6052 0.3404 0.0000 0.0544
004700 0.6015 0.3431 0.0000 0.0554
004720 0.5965 0.3483 0.0000 0.0552
004740 0.5968 0.3503 0.0000 0.0529
004760 0.5942 0.3519 0.0000 0.0539
004780 0.5901 0.3526 0.0000 0.0573
004800 0.5865 0.3587 0.0000 0.0548
004820 0.5907 0.3583 0.0000 0.0510
004840 0.6003 0.3478 0.0000 0.0519
004860 0.5997 0.3454 0.0000 0.0549
004880 0.5952 0.3484 0.0000 0.0564
004900 0.5916 0.3539 0.0000 0.0545
004920 0.5957 0.3510 0.0000 0.0534
004940 0.6004 0.3476 0.0000 0.0520
004960 0.6004 0.3458 0.0000 0.0538
004980 0.5959 0.3481 0.0000 0.0560
005000 0.5899 0.3546 0.0000 0.0555
005020 0.5876 0.3575 0.0000 0.0548
005040 0.5916 0.3562 0.0000 0.0522
005060 0.5995 0.3499 0.0000 0.0506
005080 0.6056 0.3428 0.0000 0.0516
005100 0.6101 0.3380 0.0000 0.0519
005120 0.6097 0.3357 0.0000 0.0546
005140 0.6007 0.3438 0.0000 0.0555
005160 0.5925 0.3511 0.0000 0.0564
005180 0.5861 0.3592 0.0000 0.0548
005200 0.5885 0.3573 0.0000 0.0543
005220 0.5934 0.3540 0.0000 0.0527
005240 0.6001 0.3476 0.0000 0.0524
005260 0.6048 0.3428 0.0000 0.0524
005280 0.6059 0.3420 0.0000 0.0521
005300 0.6093 0.3370 0.0000 0.0537
005320 0.6076 0.3381 0.0000 0.0543
005340 0.6080 0.3382 0.0000 0.0538
005360 0.5973 0.3471 0.0000 0.0556
005380 0.5923 0.3508 0.0000 0.0569
005400 0.5861 0.3561 0.0000 0.0578
005420 0.5823 0.3614 0.0000 0.0563
005440 0.5844 0.3644 0.0000 0.0512
005460 0.5922 0.3571 0.0000 0.0507
005480 0.6050 0.3447 0.0000 0.0503
005500 0.6140 0.3354 0.0000 0.0506
005520 0.6124 0.3331 0.0000 0.0544
005540 0.5995 0.3425 0.0000 0.0581
005560 0.5871 0.3554 0.0000 0.0575
005580 0.5828 0.3626 0.0000 0.0546
005600 0.5914 0.3584 0.0000 0.0502
005620 0.6005 0.3474 0.0000 0.0521
005640 0.6039 0.3428 0.0000 0.0534
005660 0.6017 0.3440 0.0000 0.0542
005680 0.6028 0.3431 0.0000 0.0541
005700 0.5974 0.3463 0.0000 0.0563
005720 0.5903 0.3543 0.0000 0.0553
005740 0.5861 0.3601 0.0000 0.0539
005760 0.5898 0.3576 0.0000 0.0526
005780 0.5981 0.3527 0.0000 0.0493
005800 0.6024 0.3463 0.0000 0.0513
005820 0.6010 0.3440 0.0000 0.0550
005840 0.5955 0.3489 0.0000 0.0556
005860 0.5903 0.3556 0.0000 0.0541
005880 0.5985 0.3523 0.0000 0.0492
005900 0.6099 0.3405 0.0000 0.0496
005920 0.6178 0.3321 0.0000 0.0501
005940 0.6141 0.3310 0.0000 0.0549
005960 0.6048 0.3399 0.0000 0.0554
005980 0.5936 0.3495 0.0000 0.0569
006000 0.5834 0.3590 0.0000 0.0576
006020 0.5823 0.3639 0.0000 0.0538
006040 0.5899 0.3587 0.0000 0.0513
006060 0.6009 0.3494 0.0000 0.0497
006080 0.6063 0.3437 0.0000 0.0500
006100 0.6067 0.3388 0.0000 0.0545
006120 0.6014 0.3428 0.0000 0.0558
006140 0.5940 0.3512 0.0000 0.0548
006160 0.5937 0.3533 0.0000 0.0529
006180 0.5928 0.3544 0.0000 0.0528
006200 0.5982 0.3500 0.0000 0.0518
006220 0.6032 0.3445 0.0000 0.0523
006240 0.6031 0.3448 0.0000 0.0521
006260 0.5971 0.3477 0.0000 0.0552
006280 0.5882 0.3545 0.0000 0.0573
006300 0.5883 0.3582 0.0000 0.0535
006320 0.5895 0.3562 0.0000 0.0543
006340 0.5914 0.3548 0.0000 0.0539
006360 0.5960 0.3517 0.0000 0.0523
006380 0.5985 0.3479 0.0000 0.0536
006400 0.6005 0.3476 0.0000 0.0519
006420 0.6029 0.3466 0.0000 0.0504
006440 0.6050 0.3429 0.0000 0.0521
006460 0.6026 0.3433 0.0000 0.0540
006480 0.5969 0.3470 0.0000 0.0560
006500 0.5946 0.3508 0.0000 0.0546
006520 0.5975 0.3485 0.0000 0.0540
006540 0.6003 0.3486 0.0000 0.0511
006560 0.6013 0.3455 0.0000 0.0533
006580 0.5975 0.3465 0.0000 0.0560
006600 0.5922 0.3535 0.0000 0.0544
006620 0.5884 0.3570 0.0000 0.0546
006640 0.5899 0.3567 0.0000 0.0534
006660 0.5935 0.3523 0.0000 0.0542
006680 0.5970 0.3489 0.0000 0.0542
006700 0.5964 0.3479 0.0000 0.0557
006720 0.5916 0.3542 0.0000 0.0542
006740 0.5899 0.3577 0.0000 0.0524
006760 0.5956 0.3522 0.0000 0.0521
006780 0.5959 0.3505 0.0000 0.0536
006800 0.5980 0.3497 0.0000 0.0523
006820 0.6073 0.3432 0.0000 0.0494
006840 0.6167 0.3323 0.0000 0.0510
006860 0.6171 0.3312 0.0000 0.0517
006880 0.6122 0.3345 0.0000 0.0533
006900 0.6077 0.3368 0.0000 0.0555
006920 0.6028 0.3429 0.0000 0.0543
006940 0.5990 0.3462 0.0000 0.0548
006960 0.6003 0.3451 0.0000 0.0546
006980 0.5969 0.3482 0.0000 0.0549
007000 0.5934 0.3538 0.0000 0.0527
007020 0.5902 0.3557 0.0000 0.0541
007040 0.5882 0.3575 0.0000 0.0544
007060 0.5912 0.3561 0.0000 0.0526
007080 0.6011 0.3472 0.0000 0.0517
007100 0.6074 0.3425 0.0000 0.0501
007120 0.6137 0.3344 0.0000 0.0519
007140 0.6131 0.3328 0.0000 0.0541
007160 0.6045 0.3382 0.0000 0.0573
007180 0.5952 0.3478 0.0000 0.0571
007200 0.5874 0.3575 0.0000 0.0551
007220 0.5836 0.3611 0.0000 0.0553
007240 0.5893 0.3595 0.0000 0.0512
007260 0.5967 0.3515 0.0000 0.0518
007280 0.6063 0.3438 0.0000 0.0499
007300 0.6127 0.3346 0.0000 0.0528
007320 0.6076 0.3382 0.0000 0.0542
007340 0.6030 0.3442 0.0000 0.0529
007360 0.6010 0.3453 0.0000 0.0538
007380 0.5967 0.3479 0.0000 0.0554
007400 0.5922 0.3524 0.0000 0.0553
007420 0.5909 0.3557 0.0000 0.0535
007440 0.5949 0.3523 0.0000 0.0528
007460 0.6026 0.3462 0.0000 0.0512
007480 0.6096 0.3387 0.0000 0.0516
007500 0.6104 0.3373 0.0000 0.0523
007520 0.6076 0.3385 0.0000 0.0539
007540 0.5968 0.3480 0.0000 0.0552
007560 0.5929 0.3502 0.0000 0.0569
007580 0.5883 0.3544 0.0000 0.0573
007600 0.5868 0.3581 0.0000 0.0550
007620 0.5915 0.3571 0.0000 0.0514
007640 0.5994 0.3506 0.0000 0.0500
007660 0.6064 0.3399 0.0000 0.0537
007680 0.6041 0.3417 0.0000 0.0542
007700 0.5970 0.3470 0.0000 0.0560
007720 0.5895 0.3549 0.0000 0.0556
007740 0.5897 0.3572 0.0000 0.0531
007760 0.5960 0.3525 0.0000 0.0514
007780 0.5986 0.3469 0.0000 0.0545
007800 0.6017 0.3462 0.0000 0.0521
007820 0.6058 0.3417 0.0000 0.0525
007840 0.6033 0.3426 0.0000 0.0541
007860 0.6033 0.3428 0.0000 0.0538
007880 0.5970 0.3476 0.0000 0.0554
007900 0.5868 0.3575 0.0000 0.0557
007920 0.5829 0.3608 0.0000 0.0563
007940 0.5822 0.3627 0.0000 0.0552
007960 0.5857 0.3611 0.0000 0.0532
007980 0.5922 0.3555 0.0000 0.0523
008000 0.5976 0.3490 0.0000 0.0533
008020 0.6053 0.3437 0.0000 0.0510
008040 0.6058 0.3418 0.0000 0.0524
008060 0.6049 0.3412 0.0000 0.0539
008080 0.6074 0.3424 0.0000 0.0502
008100 0.6206 0.3313 0.0000 0.0481
008120 0.6260 0.3229 0.0000 0.0511
008140 0.6231 0.3238 0.0000 0.0531
008160 0.6089 0.3336 0.0000 0.0575
008180 0.5872 0.3538 0.0000 0.0589
008200 0.5754 0.3679 0.0000 0.0567
008220 0.5772 0.3708 0.0000 0.0519
008240 0.5889 0.3604 0.0000 0.0507
008260 0.6007 0.3479 0.0000 0.0514
008280 0.6040 0.3413 0.0000 0.0547
008300 0.5997 0.3441 0.0000 0.0562
008320 0.5935 0.3525 0.0000 0.0541
008340 0.5905 0.3566 0.0000 0.0529
008360 0.5893 0.3590 0.0000 0.0517
008380 0.5988 0.3507 0.0000 0.0506
008400 0.6086 0.3410 0.0000 0.0504
008420 0.6098 0.3366 0.0000 0.0536
008440 0.6060 0.3392 0.0000 0.0548
008460 0.6027 0.3424 0.0000 0.0549
008480 0.5955 0.3483 0.0000 0.0563
008500 0.5937 0.3510 0.0000 0.0553
008520 0.5960 0.3521 0.0000 0.0519
008540 0.6021 0.3470 0.0000 0.0509
008560 0.6036 0.3423 0.0000 0.0541
008580 0.6021 0.3451 0.0000 0.0528
008600 0.6020 0.3437 0.0000 0.0543
008620 0.6005 0.3453 0.0000 0.0542
008640 0.6011 0.3470 0.0000 0.0518
008660 0.6030 0.3432 0.0000 0.0537
008680 0.6043 0.3425 0.0000 0.0532
008700 0.6074 0.3408 0.0000 0.0517
008720 0.6074 0.3395 0.0000 0.0531
008740 0.6023 0.3443 0.0000 0.0534
008760 0.5938 0.3506 0.0000 0.0556
008780 0.5875 0.3568 0.0000 0.0557
008800 0.5890 0.3567 0.0000 0.0543
008820 0.5884 0.3560 0.0000 0.0556
008840 0.5886 0.3567 0.0000 0.0547
008860 0.5964 0.3536 0.0000 0.0500
008880 0.6002 0.3464 0.0000 0.0534
008900 0.6007 0.3462 0.0000 0.0531
008920 0.6000 0.3470 0.0000 0.0529
008940 0.5983 0.3487 0.0000 0.0531
008960 0.6007 0.3473 0.0000 0.0520
008980 0.5989 0.3474 0.0000 0.0537
009000 0.5928 0.3520 0.0000 0.0553
009020 0.5896 0.3558 0.0000 0.0547
009040 0.5887 0.3561 0.0000 0.0552
009060 0.5904 0.3581 0.0000 0.0515
009080 0.6026 0.3479 0.0000 0.0495
009100 0.6109 0.3375 0.0000 0.0515
009120 0.6054 0.3404 0.0000 0.0542
009140 0.6003 0.3454 0.0000 0.0543
009160 0.6014 0.3456 0.0000 0.0529
009180 0.6014 0.3455 0.0000 0.0531
009200 0.6012 0.3467 0.0000 0.0521
009220 0.6023 0.3460 0.0000 0.0517
009240 0.6046 0.3421 0.0000 0.0533
009260 0.6015 0.3438 0.0000 0.0547
009280 0.5957 0.3496 0.0000 0.0547
009300 0.5912 0.3525 0.0000 0.0562
009320 0.5887 0.3568 0.0000 0.0545
009340 0.5895 0.3576 0.0000 0.0529
009360 0.5954 0.3528 0.0000 0.0519
009380 0.6014 0.3455 0.0000 0.0531
009400 0.6007 0.3434 0.0000 0.0558
009420 0.5971 0.3493 0.0000 0.0536
009440 0.5964 0.3496 0.0000 0.0540
009460 0.5928 0.3506 0.0000 0.0566
009480 0.5875 0.3568 0.0000 0.0557
009500 0.5845 0.3616 0.0000 0.0539
009520 0.5933 0.3552 0.0000 0.0516
009540 0.6000 0.3490 0.0000 0.0511
009560 0.6051 0.3435 0.0000 0.0514
009580 0.6064 0.3421 0.0000 0.0515
009600 0.6039 0.3427 0.0000 0.0534
009620 0.6020 0.3444 0.0000 0.0537
009640 0.5986 0.3469 0.0000 0.0545
009660 0.5991 0.3476 0.0000 0.0534
009680 0.6010 0.3441 0.0000 0.0549
009700 0.5933 0.3487 0.0000 0.0581
009720 0.5802 0.3611 0.0000 0.0586
009740 0.5720 0.3716 0.0000 0.0564
009760 0.5726 0.3729 0.0000 0.0545
009780 0.5832 0.3650 0.0000 0.0518
009800 0.5976 0.3516 0.0000 0.0508
009820 0.6073 0.3395 0.0000 0.0532
009840 0.6070 0.3395 0.0000 0.0535
009860 0.5976 0.3451 0.0000 0.0573
009880 0.5839 0.3582 0.0000 0.0580
009900 0.5759 0.3701 0.0000 0.0540
009920 0.5803 0.3679 0.0000 0.0519
009940 0.5923 0.3582 0.0000 0.0495
009960 0.6076 0.3447 0.0000 0.0477
009980 0.6169 0.3323 0.0000 0.0508
010000 0.6188 0.3299 0.0000 0.0513
010020 0.6144 0.3325 0.0000 0.0532
010040 0.6066 0.3381 0.0000 0.0553
010060 0.6066 0.3381 0.0000 0.0553
010080 0.6066 0.3381 0.0000 0.0553
010100 0.6066 0.3381 0.0000 0.0553
010120 0.6066 0.3381 0.0000 0.0553
010140 0.6066 0.3381 0.0000 0.0553
010160 0.6066 0.3381 0.0000 0.0553
010180 0.6066 0.3381 0.0000 0.0553
010200 0.6066 0.3381 0.0000 0.0553
010220 0.6066 0.3381 0.0000 0.0553
010240 0.6066 0.3381 0.0000 0.0553
010260 0.6066 0.3381 0.0000 0.0553
010280 0.6066 0.3381 0.0000 0.0553
010300 0.6066 0.3381 0.0000 0.0553
010320 0.6066 0.3381 0.0000 0.0553
010340 0.6066 0.3381 0.0000 0.0553
010360 0.6066 0.3381 0.0000 0.0553
010380 0.6066 0.3381 0.0000 0.0553
010400 0.6066 0.3381 0.0000 0.0553
010420 0.6066 0.3381 0.0000 0.0553
010440 0.6066 0.3381 0.0000 0.0553
010460 0.6066 0.3381 0.0000 0.0553
010480 0.6066 0.3381 0.0000 0.0553
010500 0.6066 0.3381 0.0000 0.0553
010520 0.6066 0.3381 0.0000 0.0553
010540 0.6066 0.3381 0.0000 0.0553
010560 0.6066 0.3381 0.0000 0.0553
010580 0.6066 0.3381 0.0000 0.0553
010600 0.6066 0.3381 0.0000 0.0553
010620 0.6066 0.3381 0.0000 0.0553
010640 0.6066 0.3381 0.0000 0.0553
010660 0.6066 0.3381 0.0000 0.0553
010680 0.6066 0.3381 0.0000 0.0553
010700 0.6066 0.3381 0.0000 0.0553
010720 0.6066 0.3381 0.0000 0.0553
010740 0.6066 0.3381 0.0000 0.0553
010760 0.6066 0.3381 0.0000 0.0553
010780 0.6066 0.3381 0.0000 0.0553
010800 0.6066 0.3381 0.0000 0.0553
010820 0.6066 0.3381 0.0000 0.0553
010840 0.6066 0.3381 0.0000 0.0553
010860 0.6066 0.3381 0.0000 0.0553
010880 0.6066 0.3381 0.0000 0.0553
010900 0.6066 0.3381 0.0000 0.0553
010920 0.6066 0.3381 0.0000 0.0553
010940 0.6066 0.3381 0.0000 0.0553
010960 0.6066 0.3381 0.0000 0.0553
010980 0.6066 0.3381 0.0000 0.0553
011000 0.6066 0.3381 0.0000 0.0553
011020 0.6066 0.3381 0.0000 0.0553
011040 0.6066 0.3381 0.0000 0.0553
011060 0.6066 0.3381 0.0000 0.0553
011080 0.6066 0.3381 0.0000 0.0553
011100 0.6066 0.3381 0.0000 0.0553
011120 0.6066 0.3381 0.0000 0.0553
011140 0.6066 0.3381 0.0000 0.0553
011160 0.6066 0.3381 0.0000 0.0553
011180 0.6066 0.3381 0.0000 0.0553
011200 0.6066 0.3381 0.0000 0.0553
011220 0.6066 0.3381 0.0000 0.0553
011240 0.6066 0.3381 0.0000 0.0553
011260 0.6066 0.3381 0.0000 0.0553
011280 0.6066 0.3381 0.0000 0.0553
011300 0.6066 0.3381 0.0000 0.0553
011320 0.6066 0.3381 0.0000 0.0553
011340 0.6066 0.3381 0.0000 0.0553
011360 0.6066 0.3381 0.0000 0.0553
011380 0.6066 0.3381 0.0000 0.0553
011400 0.6066 0.3381 0.0000 0.0553
011420 0.6066 0.3381 0.0000 0.0553
011440 0.6066 0.3381 0.0000 0.0553
011460 0.6066 0.3381 0.0000 0.0553
011480 0.6066 0.3381 0.0000 0.0553
011500 0.6066 0.3381 0.0000 0.0553
011520 0.6066 0.3381 0.0000 0.0553
011540 0.6066 0.3381 0.0000 0.0553
011560 0.6066 0.3381 0.0000 0.0553
011580 0.6066 0.3381 0.0000 0.0553
011600 0.6066 0.3381 0.0000 0.0553
011620 0.6066 0.3381 0.0000 0.0553
011640 0.6066 0.3381 0.0000 0.0553
011660 0.6066 0.3381 0.0000 0.0553
011680 0.6066 0.3381 0.0000 0.0553
011700 0.6066 0.3381 0.0000 0.0553
011720 0.6066 0.3381 0.0000 0.0553
011740 0.6066 0.3381 0.0000 0.0553
011760 0.6066 0.3381 0.0000 0.0553
011780 0.6066 0.3381 0.0000 0.0553
011800 0.6066 0.3381 0.0000 0.0553
011820 0.6066 0.3381 0.0000 0.0553
011840 0.6066 0.3381 0.0000 0.0553
011860 0.6066 0.3381 0.0000 0.0553
011880 0.6066 0.3381 0.0000 0.0553
011900 0.6066 0.3381 0.0000 0.0553
011920 0.6066 0.3381 0.0000 0.0553
011940 0.6066 0.3381 0.0000 0.0553
011960 0.6066 0.3381 0.0000 0.0553
011980 0.6066 0.3381 0.0000 0.0553
012000 0.6066 0.3381 0.0000 0.0553
012020 0.6066 0.3381 0.0000 0.0553
012040 0.6066 0.3381 0.0000 0.0553
012060 0.6066 0.3381 0.0000 0.0553
012080 0.6066 0.3381 0.0000 0.0553
012100 0.6066 0.3381 0.0000 0.0553
012120 0.6066 0.3381 0.0000 0.0553
012140 0.6066 0.3381 0.0000 0.0553
012160 0.6066 0.3381 0.0000 0.0553
012180 0.6066 0.3381 0.0000 0.0553
012200 0.6066 0.3381 0.0000 0.0553
012220 0.6066 0.3381 0.0000 0.0553
012240 0.6066 0.3381 0.0000 0.0553
012260 0.6066 0.3381 0.0000 0.0553
012280 0.6066 0.3381 0.0000 0.0553
012300 0.6066 0.3381 0.0000 0.0553
012320 0.6066 0.3381 0.0000 0.0553
012340 0.6066 0.3381 0.0000 0.0553
012360 0.6066 0.3381 0.0000 0.0553
012380 0.6066 0.3381 0.0000 0.0553
012400 0.6066 0.3381 0.0000 0.0553
012420 0.6066 0.3381 0.0000 0.0553
012440 0.6066 0.3381 0.0000 0.0553
012460 0.6066 0.3381 0.0000 0.0553
012480 0.6066 0.3381 0.0000 0.0553
012500 0.6066 0.3381 0.0000 0.0553
012520 0.6066 0.3381 0.0000 0.0553
012540 0.6066 0.3381 0.0000 0.0553
012560 0.6066 0.3381 0.0000 0.0553
012580 0.6066 0.3381 0.0000 0.0553
012600 0.6066 0.3381 0.0000 0.0553
012620 0.6066 0.3381 0.0000 0.0553
012640 0.6066 0.3381 0.0000 0.0553
012660 0.6066 0.3381 0.0000 0.0553
012680 0.6066 0.3381 0.0000 0.0553
012700 0.6066 0.3381 0.0000 0.0553
012720 0.6066 0.3381 0.0000 0.0553
012740 0.6066 0.3381 0.0000 0.0553
012760 0.6066 0.3381 0.0000 0.0553
012780 0.6066 0.3381 0.0000 0.0553
012800 0.6066 0.3381 0.0000 0.0553
012820 0.6066 0.3381 0.0000 0.0553
012840 0.6066 0.3381 0.0000 0.0553
012860 0.6066 0.3381 0.0000 0.0553
012880 0.6066 0.3381 0.0000 0.0553
012900 0.6066 0.3381 0.0000 0.0553
012920 0.6066 0.3381 0.0000 0.0553
012940 0.6066 0.3381 0.0000 0.0553
012960 0.6066 0.3381 0.0000 0.0553
012980 0.6066 0.3381 0.0000 0.0553
013000 0.6066 0.3381 0.0000 0.0553
013020 0.6066 0.3381 0.0000 0.0553
013040 0.6066 0.3381 0.0000 0.0553
013060 0.6066 0.3381 0.0000 0.0553
013080 0.6066 0.3381 0.0000 0.0553
013100 0.6066 0.3381 0.0000 0.0553
013120 0.6066 0.3381 0.0000 0.0553
013140 0.6066 0.3381 0.0000 0.0553
013160 0.6066 0.3381 0.0000 0.0553
013180 0.6066 0.3381 0.0000 0.0553
013200 0.6066 0.3381 0.0000 0.0553
013220 0.6066 0.3381 0.0000 0.0553
013240 0.6066 0.3381 0.0000 0.0553
013260 0.6066 0.3381 0.0000 0.0553
013280 0.6066 0.3381 0.0000 0.0553
013300 0.6066 0.3381 0.0000 0.0553
013320 0.6066 0.3381 0.0000 0.0553
013340 0.6066 0.3381 0.0000 0.0553
013360 0.6066 0.3381 0.0000 0.0553
013380 0.6066 0.3381 0.0000 0.0553
013400 0.6066 0.3381 0.0000 0.0553
013420 0.6066 0.3381 0.0000 0.0553
013440 0.6066 0.3381 0.0000 0.0553
013460 0.6066 0.3381 0.0000 0.0553
013480 0.6066 0.3381 0.0000 0.0553
013500 0.6066 0.3381 0.0000 0.0553
013520 0.6066 0.3381 0.0000 0.0553
013540 0.6066 0.3381 0.0000 0.0553
013560 0.6066 0.3381 0.0000 0.0553
013580 0.6066 0.3381 0.0000 0.0553
013600 0.6066 0.3381 0.0000 0.0553
013620 0.6066 0.3381 0.0000 0.0553
013640 0.6066 0.3381 0.0000 0.0553
013660 0.6066 0.3381 0.0000 0.0553
013680 0.6066 0.3381 0.0000 0.0553
013700 0.6066 0.3381 0.0000 0.0553
013720 0.6066 0.3381 0.0000 0.0553
013740 0.6066 0.3381 0.0000 0.0553
013760 0.6066 0.3381 0.0000 0.0553
013780 0.6066 0.3381 0.0000 0.0553
013800 0.6066 0.3381 0.0000 0.0553
013820 0.6066 0.3381 0.0000 0.0553
013840 0.6066 0.3381 0.0000 0.0553
013860 0.6066 0.3381 0.0000 0.0553
013880 0.6066 0.3381 0.0000 0.0553
013900 0.6066 0.3381 0.0000 0.0553
013920 0.6066 0.3381 0.0000 0.0553
013940 0.6066 0.3381 0.0000 0.0553
013960 0.6066 0.3381 0.0000 0.0553
013980 0.6066 0.3381 0.0000 0.0553
014000 0.6066 0.3381 0.0000 0.0553
014020 0.6066 0.3381 0.0000 0.0553
014040 0.6066 0.3381 0.0000 0.0553
014060 0.6066 0.3381 0.0000 0.0553
014080 0.6066 0.3381 0.0000 0.0553
014100 0.6066 0.3381 0.0000 0.0553
014120 0.6066 0.3381 0.0000 0.0553
014140 0.6066 0.3381 0.0000 0.0553
014160 0.6066 0.3381 0.0000 0.0553
014180 0.6066 0.3381 0.0000 0.0553
014200 0.6066 0.3381 0.0000 0.0553
014220 0.6066 0.3381 0.0000 0.0553
014240 0.6066 0.3381 0.0000 0.0553
014260 0.6066 0.3381 0.0000 0.0553
014280 0.6066 0.3381 0.0000 0.0553
014300 0.6066 0.3381 0.0000 0.0553
014320 0.6066 0.3381 0.0000 0.0553
014340 0.6066 0.3381 0.0000 0.0553
014360 0.6066 0.3381 0.0000 0.0553
014380 0.6066 0.3381 0.0000 0.0553
014400 0.6066 0.3381 0.0000 0.0553
014420 0.6066 0.3381 0.0000 0.0553
014440 0.6066 0.3381 0.0000 0.0553
014460 0.6066 0.3381 0.0000 0.0553
014480 0.6066 0.3381 0.0000 0.0553
014500 0.6066 0.3381 0.0000 0.0553
014520 0.6066 0.3381 0.0000 0.0553
014540 0.6066 0.3381 0.0000 0.0553
014560 0.6066 0.3381 0.0000 0.0553
014580 0.6066 0.3381 0.0000 0.0553
014600 0.6066 0.3381 0.0000 0.0553
014620 0.6066 0.3381 0.0000 0.0553
014640 0.6066 0.3381 0.0000 0.0553
014660 0.6066 0.3381 0.0000 0.0553
014680 0.6066 0.3381 0.0000 0.0553
014700 0.6066 0.3381 0.0000 0.0553
014720 0.6066 0.3381 0.0000 0.0553
014740 0.6066 0.3381 0.0000 0.0553
014760 0.6066 0.3381 0.0000 0.0553
014780 0.6066 0.3381 0.0000 0.0553
014800 0.6066 0.3381 0.0000 0.0553
014820 0.6066 0.3381 0.0000 0.0553
014840 0.6066 0.3381 0.0000 0.0553
014860 0.6066 0.3381 0.0000 0.0553
014880 0.6066 0.3381 0.0000 0.0553
014900 0.6066 0.3381 0.0000 0.0553
014920 0.6066 0.3381 0.0000 0.0553
014940 0.6066 0.3381 0.0000 0.0553
014960 0.6066 0.3381 0.0000 0.0553
014980 0.6066 0.3381 0.0000 0.0553
015000 0.6066 0.3381 0.0000 0.0553
015020 0.6066 0.3381 0.0000 0.0553
015040 0.6066 0.3381 0.0000 0.0553
015060 0.6066 0.3381 0.0000 0.0553
015080 0.6066 0.3381 0.0000 0.0553
015100 0.6066 0.3381 0.0000 0.0553
015120 0.6066 0.3381 0.0000 0.0553
015140 0.6066 0.3381 0.0000 0.0553
015160 0.6066 0.3381 0.0000 0.0553
015180 0.6066 0.3381 0.0000 0.0553
015200 0.6066 0.3381 0.0000 0.0553
015220 0.6066 0.3381 0.0000 0.0553
015240 0.6066 0.3381 0.0000 0.0553
015260 0.6066 0.3381 0.0000 0.0553
015280 0.6066 0.3381 0.0000 0.0553
015300 0.6066 0.3381 0.0000 0.0553
015320 0.6066 0.3381 0.0000 0.0553
015340 0.6066 0.3381 0.0000 0.0553
015360 0.6066 0.3381 0.0000 0.0553
015380 0.6066 0.3381 0.0000 0.0553
015400 0.6066 0.3381 0.0000 0.0553
015420 0.6066 0.3381 0.0000 0.0553
015440 0.6066 0.3381 0.0000 0.0553
015460 0.6066 0.3381 0.0000 0.0553
015480 0.6066 0.3381 0.0000 0.0553
015500 0.6066 0.3381 0.0000 0.0553
015520 0.6066 0.3381 0.0000 0.0553
015540 0.6066 0.3381 0.0000 0.0553
015560 0.6066 0.3381 0.0000 0.0553
015580 0.6066 0.3381 0.0000 0.0553
015600 0.6066 0.3381 0.0000 0.0553
015620 0.6066 0.3381 0.0000 0.0553
015640 0.6066 0.3381 0.0000 0.0553
015660 0.6066 0.3381 0.0000 0.0553
015680 0.6066 0.3381 0.0000 0.0553
015700 0.6066 0.3381 0.0000 0.0553
015720 0.6066 0.3381 0.0000 0.0553
015740 0.6066 0.3381 0.0000 0.0553
015760 0.6066 0.3381 0.0000 0.0553
015780 0.6066 0.3381 0.0000 0.0553
015800 0.6066 0.3381 0.0000 0.0553
015820 0.6066 0.3381 0.0000 0.0553
015840 0.6066 0.3381 0.0000 0.0553
015860 0.6066 0.3381 0.0000 0.0553
015880 0.6066 0.3381 0.0000 0.0553
015900 0.6066 0.3381 0.0000 0.0553
015920 0.6066 0.3381 0.0000 0.0553
015940 0.6066 0.3381 0.0000 0.0553
015960 0.6066 0.3381 0.0000 0.0553
015980 0.6066 0.3381 0.0000 0.0553
016000 0.6066 0.3381 0.0000 0.0553
016020 0.6066 0.3381 0.0000 0.0553
016040 0.6066 0.3381 0.0000 0.0553
016060 0.6066 0.3381 0.0000 0.0553
016080 0.6066 0.3381 0.0000 0.0553
016100 0.6066 0.3381 0.0000 0.0553
016120 0.6066 0.3381 0.0000 0.0553
016140 0.6066 0.3381 0.0000 0.0553
016160 0.6066 0.3381 0.0000 0.0553
016180 0.6066 0.3381 0.0000 0.0553
016200 0.6066 0.3381 0.0000 0.0553
016220 0.6066 0.3381 0.0000 0.0553
016240 0.6066 0.3381 0.0000 0.0553
016260 0.6066 0.3381 0.0000 0.0553
016280 0.6066 0.3381 0.0000 0.0553
016300 0.6066 0.3381 0.0000 0.0553
016320 0.6066 0.3381 0.0000 0.0553
016340 0.6066 0.3381 0.0000 0.0553
016360 0.6066 0.3381 0.0000 0.0553
016380 0.6066 0.3381 0.0000 0.0553
016400 0.6066 0.3381 0.0000 0.0553
016420 0.6066 0.3381 0.0000 0.0553
016440 0.6066 0.3381 0.0000 0.0553
016460 0.6066 0.3381 0.0000 0.0553
016480 0.6066 0.3381 0.0000 0.0553
016500 0.6066 0.3381 0.0000 0.0553
016520 0.6066 0.3381 0.0000 0.0553
016540 0.6066 0.3381 0.0000 0.0553
016560 0.6066 0.3381 0.0000 0.0553
016580 0.6066 0.3381 0.0000 0.0553
016600 0.6066 0.3381 0.0000 0.0553
016620 0.6066 0.3381 0.0000 0.0553
016640 0.6066 0.3381 0.0000 0.0553
016660 0.6066 0.3381 0.0000 0.0553
016680 0.6066 0.3381 0.0000 0.0553
016700 0.6066 0.3381 0.0000 0.0553
016720 0.6066 0.3381 0.0000 0.0553
016740 0.6066 0.3381 0.0000 0.0553
016760 0.6066 0.3381 0.0000 0.0553
016780 0.6066 0.3381 0.0000 0.0553
016800 0.6066 0.3381 0.0000 0.0553
016820 0.6066 0.3381 0.0000 0.0553
016840 0.6066 0.3381 0.0000 0.0553
016860 0.6066 0.3381 0.0000 0.0553
016880 0.6066 0.3381 0.0000 0.0553
016900 0.6066 0.3381 0.0000 0.0553
016920 0.6066 0.3381 0.0000 0.0553
016940 0.6066 0.3381 0.0000 0.0553
016960 0.6066 0.3381 0.0000 0.0553
016980 0.6066 0.3381 0.0000 0.0553
017000 0.6066 0.3381 0.0000 0.0553
017020 0.6066 0.3381 0.0000 0.0553
017040 0.6066 0.3381 0.0000 0.0553
017060 0.6066 0.3381 0.0000 0.0553
017080 0.6066 0.3381 0.0000 0.0553
017100 0.6066 0.3381 0.0000 0.0553
017120 0.6066 0.3381 0.0000 0.0553
017140 0.6066 0.3381 0.0000 0.0553
017160 0.6066 0.3381 0.0000 0.0553
017180 0.6066 0.3381 0.0000 0.0553
017200 0.6066 0.3381 0.0000 0.0553
017220 0.6066 0.3381 0.0000 0.0553
017240 0.6066 0.3381 0.0000 0.0553
017260 0.6066 0.3381 0.0000 0.0553
017280 0.6066 0.3381 0.0000 0.0553
017300 0.6066 0.3381 0.0000 0.0553
017320 0.6066 0.3381 0.0000 0.0553
017340 0.6066 0.3381 0.0000 0.0553
017360 0.6066 0.3381 0.0000 0.0553
017380 0.6066 0.3381 0.0000 0.0553
017400 0.6066 0.3381 0.0000 0.0553
017420 0.6066 0.3381 0.0000 0.0553
017440 0.6066 0.3381 0.0000 0.0553
017460 0.6066 0.3381 0.0000 0.0553
017480 0.6066 0.3381 0.0000 0.0553
017500 0.6066 0.3381 0.0000 0.0553
017520 0.6066 0.3381 0.0000 0.0553
017540 0.6066 0.3381 0.0000 0.0553
017560 0.6066 0.3381 0.0000 0.0553
017580 0.6066 0.3381 0.0000 0.0553
017600 0.6066 0.3381 0.0000 0.0553
017620 0.6066 0.3381 0.0000 0.0553
017640 0.6066 0.3381 0.0000 0.0553
017660 0.6066 0.3381 0.0000 0.0553
017680 0.6066 0.3381 0.0000 0.0553
017700 0.6066 0.3381 0.0000 0.0553
017720 0.6066 0.3381 0.0000 0.0553
017740 0.6066 0.3381 0.0000 0.0553
017760 0.6066 0.3381 0.0000 0.0553
017780 0.6066 0.3381 0.0000 0.0553
017800 0.6066 0.3381 0.0000 0.0553
017820 0.6066 0.3381 0.0000 0.0553
017840 0.6066 0.3381 0.0000 0.0553
017860 0.6066 0.3381 0.0000 0.0553
017880 0.6066 0.3381 0.0000 0.0553
017900 0.6066 0.3381 0.0000 0.0553
017920 0.6066 0.3381 0.0000 0.0553
017940 0.6066 0.3381 0.0000 0.0553
017960 0.6066 0.3381 0.0000 0.0553
017980 0.6066 0.3381 0.0000 0.0553
018000 0.6066 0.3381 0.0000 0.0553
018020 0.6066 0.3381 0.0000 0.0553
018040 0.6066 0.3381 0.0000 0.0553
018060 0.6066 0.3381 0.0000 0.0553
018080 0.6066 0.3381 0.0000 0.0553
018100 0.6066 0.3381 0.0000 0.0553
018120 0.6066 0.3381 0.0000 0.0553
018140 0.6066 0.3381 0.0000 0.0553
018160 0.6066 0.3381 0.0000 0.0553
018180 0.6066 0.3381 0.0000 0.0553
018200 0.6066 0.3381 0.0000 0.0553
018220 0.6066 0.3381 0.0000 0.0553
018240 0.6066 0.3381 0.0000 0.0553
018260 0.6066 0.3381 0.0000 0.0553
018280 0.6066 0.3381 0.0000 0.0553
018300 0.6066 0.3381 0.0000 0.0553
018320 0.6066 0.3381 0.0000 0.0553
018340 0.6066 0.3381 0.0000 0.0553
018360 0.6066 0.3381 0.0000 0.0553
018380 0.6066 0.3381 0.0000 0.0553
018400 0.6066 0.3381 0.0000 0.0553
018420 0.6066 0.3381 0.0000 0.0553
018440 0.6066 0.3381 0.0000 0.0553
018460 0.6066 0.3381 0.0000 0.0553
018480 0.6066 0.3381 0.0000 0.0553
018500 0.6066 0.3381 0.0000 0.0553
018520 0.6066 0.3381 0.0000 0.0553
018540 0.6066 0.3381 0.0000 0.0553
018560 0.6066 0.3381 0.0000 0.0553
018580 0.6066 0.3381 0.0000 0.0553
018600 0.6066 0.3381 0.0000 0.0553
018620 0.6066 0.3381 0.0000 0.0553
018640 0.6066 0.3381 0.0000 0.0553
018660 0.6066 0.3381 0.0000 0.0553
018680 0.6066 0.3381 0.0000 0.0553
018700 0.6066 0.3381 0.0000 0.0553
018720 0.6066 0.3381 0.0000 0.0553
018740 0.6066 0.3381 0.0000 0.0553
018760 0.6066 0.3381 0.0000 0.0553
018780 0.6066 0.3381 0.0000 0.0553
018800 0.6066 0.3381 0.0000 0.0553
018820 0.6066 0.3381 0.0000 0.0553
018840 0.6066 0.3381 0.0000 0.0553
018860 0.6066 0.3381 0.0000 0.0553
018880 0.6066 0.3381 0.0000 0.0553
018900 0.6066 0.3381 0.0000 0.0553
018920 0.6066 0.3381 0.0000 0.0553
018940 0.6066 0.3381 0.0000 0.0553
018960 0.6066 0.3381 0.0000 0.0553
018980 0.6066 0.3381 0.0000 0.0553
019000 0.6066 0.3381 0.0000 0.0553
019020 0.6066 0.3381 0.0000 0.0553
019040 0.6066 0.3381 0.0000 0.0553
019060 0.6066 0.3381 0.0000 0.0553
019080 0.6066 0.3381 0.0000 0.0553
019100 0.6066 0.3381 0.0000 0.0553
019120 0.6066 0.3381 0.0000 0.0553
019140 0.6066 0.3381 0.0000 0.0553
019160 0.6066 0.3381 0.0000 0.0553
019180 0.6066 0.3381 0.0000 0.0553
019200 0.6066 0.3381 0.0000 0.0553
019220 0.6066 0.3381 0.0000 0.0553
019240 0.6066 0.3381 0.0000 0.0553
019260 0.6066 0.3381 0.0000 0.0553
019280 0.6066 0.3381 0.0000 0.0553
019300 0.6066 0.3381 0.0000 0.0553
019320 0.6066 0.3381 0.0000 0.0553
019340 0.6066 0.3381 0.0000 0.0553
019360 0.6066 0.3381 0.0000 0.0553
019380 0.6066 0.3381 0.0000 0.0553
019400 0.6066 0.3381 0.0000 0.0553
019420 0.6066 0.3381 0.0000 0.0553
019440 0.6066 0.3381 0.0000 0.0553
019460 0.6066 0.3381 0.0000 0.0553
019480 0.6066 0.3381 0.0000 0.0553
019500 0.6066 0.3381 0.0000 0.0553
019520 0.6066 0.3381 0.0000 0.0553
019540 0.6066 0.3381 0.0000 0.0553
019560 0.6066 0.3381 0.0000 0.0553
019580 0.6066 0.3381 0.0000 0.0553
019600 0.6066 0.3381 0.0000 0.0553
019620 0.6066 0.3381 0.0000 0.0553
019640 0.6066 0.3381 0.0000 0.0553
019660 0.6066 0.3381 0.0000 0.0553
019680 0.6066 0.3381 0.0000 0.0553
019700 0.6066 0.3381 0.0000 0.0553
019720 0.6066 0.3381 0.0000 0.0553
019740 0.6066 0.3381 0.0000 0.0553
019760 0.6066 0.3381 0.0000 0.0553
019780 0.6066 0.3381 0.0000 0.0553
019800 0.6066 0.3381 0.0000 0.0553
019820 0.6066 0.3381 0.0000 0.0553
019840 0.6066 0.3381 0.0000 0.0553
019860 0.6066 0.3381 0.0000 0.0553
019880 0.6066 0.3381 0.0000 0.0553
019900 0.6066 0.3381 0.0000 0.0553
019920 0.6066 0.3381 0.0000 0.0553
019940 0.6066 0.3381 0.0000 0.0553
019960 0.6066 0.3381 0.0000 0.0553
019980 0.6066 0.3381 0.0000 0.0553
020000 0.6066 0.3381 0.0000 0.0553
