000000 0.2500 0.2500 0.2500 0.2500
000020 0.2598 0.2596 0.2293 0.2513
000040 0.2709 0.2697 0.2074 0.2520
000060 0.2816 0.2805 0.1859 0.2520
000080 0.2911 0.2921 0.1662 0.2506
000100 0.2998 0.3045 0.1471 0.2485
000120 0.3065 0.3183 0.1290 0.2461
000140 0.3126 0.3328 0.1123 0.2424
000160 0.3164 0.3486 0.0970 0.2379
000180 0.3199 0.3650 0.0825 0.2327
000200 0.3219 0.3823 0.0688 0.2270
000220 0.3229 0.4008 0.0569 0.2194
000240 0.3230 0.4196 0.0460 0.2114
000260 0.3221 0.4393 0.0358 0.2027
000280 0.3214 0.4594 0.0272 0.1919
000300 0.3192 0.4799 0.0201 0.1808
000320 0.3163 0.5006 0.0137 0.1693
000340 0.3126 0.5214 0.0085 0.1575
000360 0.3070 0.5437 0.0046 0.1447
000380 0.2981 0.5676 0.0019 0.1324
000400 0.2889 0.5927 0.0003 0.1181
000420 0.2795 0.6181 0.0000 0.1024
000440 0.2714 0.6444 0.0000 0.0843
000460 0.2671 0.6652 0.0000 0.0677
000480 0.2676 0.6768 0.0000 0.0557
000500 0.2670 0.6866 0.0000 0.0464
000520 0.2664 0.6955 0.0000 0.0381
000540 0.2646 0.7037 0.0000 0.0317
000560 0.2655 0.7082 0.0000 0.0263
000580 0.2667 0.7118 0.0000 0.0214
000600 0.2689 0.7124 0.0000 0.0187
000620 0.2700 0.7125 0.0000 0.0175
000640 0.2725 0.7124 0.0000 0.0151
000660 0.2807 0.7049 0.0000 0.0144
000680 0.2873 0.6974 0.0000 0.0153
000700 0.2954 0.6890 0.0000 0.0156
000720 0.3038 0.6801 0.0000 0.0161
000740 0.3105 0.6734 0.0000 0.0161
000760 0.3165 0.6660 0.0000 0.0175
000780 0.3225 0.6591 0.0000 0.0183
000800 0.3256 0.6546 0.0000 0.0198
000820 0.3235 0.6557 0.0000 0.0209
000840 0.3251 0.6551 0.0000 0.0198
000860 0.3311 0.6496 0.0000 0.0193
000880 0.3346 0.6450 0.0000 0.0205
000900 0.3389 0.6392 0.0000 0.0219
000920 0.3428 0.6346 0.0000 0.0226
000940 0.3490 0.6304 0.0000 0.0206
000960 0.3602 0.6202 0.0000 0.0196
000980 0.3735 0.6068 0.0000 0.0197
001000 0.3862 0.5933 0.0000 0.0205
001020 0.3977 0.5797 0.0000 0.0226
001040 0.4059 0.5711 0.0000 0.0230
001060 0.4083 0.5683 0.0000 0.0234
001080 0.4081 0.5665 0.0000 0.0253
001100 0.4060 0.5670 0.0000 0.0270
001120 0.4037 0.5694 0.0000 0.0269
001140 0.4077 0.5649 0.0000 0.0274
001160 0.4132 0.5607 0.0000 0.0261
001180 0.4206 0.5536 0.0000 0.0257
001200 0.4330 0.5436 0.0000 0.0234
001220 0.4481 0.5273 0.0000 0.0246
001240 0.4611 0.5129 0.0000 0.0259
001260 0.4656 0.5059 0.0000 0.0286
001280 0.4671 0.5020 0.0000 0.0309
001300 0.4674 0.5016 0.0000 0.0310
001320 0.4681 0.4998 0.0000 0.0321
001340 0.4659 0.5004 0.0000 0.0337
001360 0.4683 0.5005 0.0000 0.0312
001380 0.4820 0.4896 0.0000 0.0284
001400 0.4979 0.4746 0.0000 0.0275
001420 0.5099 0.4603 0.0000 0.0297
001440 0.5213 0.4483 0.0000 0.0303
001460 0.5352 0.4347 0.0000 0.0301
001480 0.5422 0.4251 0.0000 0.0327
001500 0.5478 0.4183 0.0000 0.0338
001520 0.5498 0.4160 0.0000 0.0341
001540 0.5531 0.4138 0.0000 0.0331
001560 0.5600 0.4056 0.0000 0.0344
001580 0.5576 0.4022 0.0000 0.0402
001600 0.5488 0.4091 0.0000 0.0421
001620 0.5440 0.4168 0.0000 0.0391
001640 0.5477 0.4164 0.0000 0.0359
001660 0.5597 0.4056 0.0000 0.0347
001680 0.5751 0.3896 0.0000 0.0353
001700 0.5846 0.3779 0.0000 0.0375
001720 0.5887 0.3742 0.0000 0.0371
001740 0.5936 0.3704 0.0000 0.0360
001760 0.5970 0.3673 0.0000 0.0357
001780 0.5928 0.3687 0.0000 0.0385
001800 0.5844 0.3748 0.0000 0.0409
001820 0.5796 0.3795 0.0000 0.0409
001840 0.5781 0.3822 0.0000 0.0398
001860 0.5815 0.3796 0.0000 0.0389
001880 0.5831 0.3777 0.0000 0.0391
001900 0.5898 0.3726 0.0000 0.0377
001920 0.5980 0.3645 0.0000 0.0375
001940 0.6012 0.3604 0.0000 0.0384
001960 0.6023 0.3597 0.0000 0.0380
001980 0.6034 0.3572 0.0000 0.0394
002000 0.6005 0.3601 0.0000 0.0393
002020 0.5995 0.3611 0.0000 0.0394
002040 0.6005 0.3595 0.0000 0.0400
002060 0.6020 0.3588 0.0000 0.0392
002080 0.5990 0.3589 0.0000 0.0421
002100 0.5957 0.3616 0.0000 0.0427
002120 0.5932 0.3670 0.0000 0.0399
002140 0.5915 0.3692 0.0000 0.0394
002160 0.5961 0.3671 0.0000 0.0368
002180 0.6029 0.3606 0.0000 0.0365
002200 0.6084 0.3539 0.0000 0.0377
002220 0.6123 0.3513 0.0000 0.0363
002240 0.6156 0.3482 0.0000 0.0362
002260 0.6160 0.3467 0.0000 0.0374
002280 0.6197 0.3435 0.0000 0.0368
002300 0.6168 0.3448 0.0000 0.0385
002320 0.6124 0.3470 0.0000 0.0406
002340 0.6075 0.3529 0.0000 0.0396
002360 0.6024 0.3574 0.0000 0.0401
002380 0.5981 0.3610 0.0000 0.0409
002400 0.5917 0.3648 0.0000 0.0434
002420 0.5835 0.3746 0.0000 0.0419
002440 0.5835 0.3773 0.0000 0.0391
002460 0.5911 0.3723 0.0000 0.0366
002480 0.6013 0.3649 0.0000 0.0339
002500 0.6127 0.3515 0.0000 0.0359
002520 0.6219 0.3426 0.0000 0.0355
002540 0.6268 0.3372 0.0000 0.0360
002560 0.6293 0.3341 0.0000 0.0366
002580 0.6249 0.3350 0.0000 0.0401
002600 0.6105 0.3455 0.0000 0.0440
002620 0.5956 0.3596 0.0000 0.0448
002640 0.5872 0.3700 0.0000 0.0429
002660 0.5843 0.3753 0.0000 0.0404
002680 0.5872 0.3761 0.0000 0.0367
002700 0.6015 0.3639 0.0000 0.0346
002720 0.6104 0.3536 0.0000 0.0361
002740 0.6168 0.3465 0.0000 0.0367
002760 0.6225 0.3397 0.0000 0.0378
002780 0.6197 0.3397 0.0000 0.0407
002800 0.6071 0.3505 0.0000 0.0424
002820 0.5958 0.3627 0.0000 0.0415
002840 0.5891 0.3696 0.0000 0.0413
002860 0.5869 0.3702 0.0000 0.0429
002880 0.5873 0.3728 0.0000 0.0399
002900 0.5982 0.3655 0.0000 0.0363
002920 0.6055 0.3584 0.0000 0.0361
002940 0.6132 0.3494 0.0000 0.0374
002960 0.6174 0.3463 0.0000 0.0363
002980 0.6199 0.3433 0.0000 0.0369
003000 0.6181 0.3432 0.0000 0.0387
003020 0.6097 0.3492 0.0000 0.0411
003040 0.5982 0.3600 0.0000 0.0419
003060 0.5901 0.3685 0.0000 0.0414
003080 0.5840 0.3750 0.0000 0.0411
003100 0.5908 0.3706 0.0000 0.0387
003120 0.5953 0.3653 0.0000 0.0394
003140 0.5963 0.3631 0.0000 0.0406
003160 0.5993 0.3620 0.0000 0.0387
003180 0.6056 0.3596 0.0000 0.0349
003200 0.6091 0.3534 0.0000 0.0375
003220 0.6122 0.3483 0.0000 0.0395
003240 0.6076 0.3513 0.0000 0.0411
003260 0.6023 0.3573 0.0000 0.0404
003280 0.5974 0.3609 0.0000 0.0417
003300 0.5918 0.3667 0.0000 0.0415
003320 0.5922 0.3689 0.0000 0.0389
003340 0.5931 0.3666 0.0000 0.0403
003360 0.5880 0.3701 0.0000 0.0419
003380 0.5910 0.3694 0.0000 0.0396
003400 0.5952 0.3660 0.0000 0.0388
003420 0.5990 0.3629 0.0000 0.0381
003440 0.6016 0.3595 0.0000 0.0390
003460 0.5995 0.3603 0.0000 0.0402
003480 0.5944 0.3653 0.0000 0.0403
003500 0.5929 0.3675 0.0000 0.0396
003520 0.5964 0.3659 0.0000 0.0377
003540 0.5997 0.3605 0.0000 0.0398
003560 0.5998 0.3600 0.0000 0.0402
003580 0.6032 0.3575 0.0000 0.0394
003600 0.6056 0.3556 0.0000 0.0388
003620 0.6024 0.3583 0.0000 0.0394
003640 0.6010 0.3584 0.0000 0.0406
003660 0.5948 0.3613 0.0000 0.0439
003680 0.5865 0.3705 0.0000 0.0430
003700 0.5891 0.3728 0.0000 0.0381
003720 0.5907 0.3700 0.0000 0.0393
003740 0.5942 0.3668 0.0000 0.0390
003760 0.5989 0.3636 0.0000 0.0375
003780 0.6033 0.3584 0.0000 0.0382
003800 0.6039 0.3553 0.0000 0.0408
003820 0.5982 0.3611 0.0000 0.0406
003840 0.5948 0.3637 0.0000 0.0415
003860 0.5963 0.3646 0.0000 0.0391
003880 0.5973 0.3633 0.0000 0.0394
003900 0.6013 0.3600 0.0000 0.0388
003920 0.6046 0.3567 0.0000 0.0387
003940 0.6063 0.3539 0.0000 0.0398
003960 0.6073 0.3526 0.0000 0.0401
003980 0.6045 0.3561 0.0000 0.0394
004000 0.5990 0.3601 0.0000 0.0409
004020 0.5934 0.3654 0.0000 0.0412
004040 0.5897 0.3696 0.0000 0.0406
004060 0.5875 0.3729 0.0000 0.0397
004080 0.5931 0.3695 0.0000 0.0374
004100 0.6035 0.3610 0.0000 0.0355
004120 0.6153 0.3490 0.0000 0.0357
004140 0.6239 0.3409 0.0000 0.0352
004160 0.6266 0.3378 0.0000 0.0357
004180 0.6296 0.3323 0.0000 0.0381
004200 0.6253 0.3335 0.0000 0.0412
004220 0.6135 0.3422 0.0000 0.0443
004240 0.5970 0.3604 0.0000 0.0427
004260 0.5913 0.3700 0.0000 0.0386
004280 0.5942 0.3690 0.0000 0.0368
004300 0.5958 0.3653 0.0000 0.0389
004320 0.5978 0.3625 0.0000 0.0397
004340 0.6020 0.3586 0.0000 0.0393
004360 0.6041 0.3572 0.0000 0.0387
004380 0.6089 0.3548 0.0000 0.0362
004400 0.6090 0.3520 0.0000 0.0389
004420 0.6081 0.3541 0.0000 0.0378
004440 0.6073 0.3530 0.0000 0.0398
004460 0.5995 0.3589 0.0000 0.0416
004480 0.5930 0.3659 0.0000 0.0410
004500 0.5910 0.3687 0.0000 0.0403
004520 0.5948 0.3657 0.0000 0.0395
004540 0.5934 0.3677 0.0000 0.0389
004560 0.5942 0.3657 0.0000 0.0400
004580 0.5982 0.3618 0.0000 0.0399
004600 0.6037 0.3579 0.0000 0.0384
004620 0.6083 0.3544 0.0000 0.0373
004640 0.6077 0.3540 0.0000 0.0383
004660 0.6067 0.3520 0.0000 0.0413
004680 0.6044 0.3549 0.0000 0.0408
004700 0.6033 0.3554 0.0000 0.0413
004720 0.6001 0.3591 0.0000 0.0408
004740 0.6021 0.3580 0.0000 0.0399
004760 0.5999 0.3609 0.0000 0.0392
004780 0.5981 0.3641 0.0000 0.0378
004800 0.6053 0.3603 0.0000 0.0344
004820 0.6182 0.3481 0.0000 0.0337
004840 0.6218 0.3395 0.0000 0.0387
004860 0.6138 0.3422 0.0000 0.0440
004880 0.5995 0.3566 0.0000 0.0439
004900 0.5907 0.3679 0.0000 0.0414
004920 0.5860 0.3744 0.0000 0.0396
004940 0.5853 0.3742 0.0000 0.0406
004960 0.5884 0.3716 0.0000 0.0400
004980 0.5931 0.3690 0.0000 0.0378
005000 0.6006 0.3614 0.0000 0.0380
005020 0.6091 0.3545 0.0000 0.0364
005040 0.6115 0.3497 0.0000 0.0389
005060 0.6087 0.3507 0.0000 0.0406
005080 0.6061 0.3543 0.0000 0.0397
005100 0.6078 0.3538 0.0000 0.0384
005120 0.6075 0.3546 0.0000 0.0379
005140 0.6106 0.3522 0.0000 0.0372
005160 0.6099 0.3512 0.0000 0.0389
005180 0.6053 0.3537 0.0000 0.0410
005200 0.5981 0.3585 0.0000 0.0433
005220 0.5882 0.3674 0.0000 0.0444
005240 0.5784 0.3783 0.0000 0.0433
005260 0.5733 0.3858 0.0000 0.0408
005280 0.5811 0.3835 0.0000 0.0354
005300 0.5995 0.3662 0.0000 0.0343
005320 0.6138 0.3511 0.0000 0.0351
005340 0.6260 0.3395 0.0000 0.0345
005360 0.6311 0.3329 0.0000 0.0359
005380 0.6304 0.3315 0.0000 0.0382
005400 0.6241 0.3355 0.0000 0.0403
005420 0.6172 0.3437 0.0000 0.0391
005440 0.6121 0.3489 0.0000 0.0390
005460 0.6080 0.3511 0.0000 0.0409
005480 0.5974 0.3595 0.0000 0.0431
005500 0.5887 0.3690 0.0000 0.0422
005520 0.5905 0.3704 0.0000 0.0391
005540 0.5921 0.3695 0.0000 0.0384
005560 0.5914 0.3681 0.0000 0.0405
005580 0.5928 0.3693 0.0000 0.0379
005600 0.6002 0.3635 0.0000 0.0364
005620 0.6123 0.3537 0.0000 0.0340
005640 0.6233 0.3422 0.0000 0.0345
005660 0.6297 0.3343 0.0000 0.0360
005680 0.6260 0.3332 0.0000 0.0408
005700 0.6147 0.3414 0.0000 0.0439
005720 0.6014 0.3562 0.0000 0.0423
005740 0.5933 0.3653 0.0000 0.0414
005760 0.5863 0.3728 0.0000 0.0410
005780 0.5876 0.3734 0.0000 0.0391
005800 0.5929 0.3688 0.0000 0.0383
005820 0.6003 0.3629 0.0000 0.0367
005840 0.6126 0.3526 0.0000 0.0348
005860 0.6269 0.3386 0.0000 0.0345
005880 0.6247 0.3367 0.0000 0.0387
005900 0.6220 0.3380 0.0000 0.0401
005920 0.6076 0.3490 0.0000 0.0434
005940 0.5964 0.3610 0.0000 0.0426
005960 0.5865 0.3714 0.0000 0.0421
005980 0.5727 0.3831 0.0000 0.0443
006000 0.5687 0.3922 0.0000 0.0392
006020 0.5738 0.3880 0.0000 0.0382
006040 0.5792 0.3815 0.0000 0.0392
006060 0.5897 0.3741 0.0000 0.0362
006080 0.6033 0.3626 0.0000 0.0340
006100 0.6167 0.3499 0.0000 0.0334
006120 0.6300 0.3360 0.0000 0.0340
006140 0.6336 0.3265 0.0000 0.0399
006160 0.6264 0.3326 0.0000 0.0411
006180 0.6147 0.3435 0.0000 0.0418
006200 0.6015 0.3563 0.0000 0.0421
006220 0.5940 0.3655 0.0000 0.0405
006240 0.5857 0.3718 0.0000 0.0424
006260 0.5840 0.3748 0.0000 0.0412
006280 0.5882 0.3715 0.0000 0.0403
006300 0.5923 0.3690 0.0000 0.0387
006320 0.5942 0.3673 0.0000 0.0385
006340 0.5955 0.3650 0.0000 0.0395
006360 0.5954 0.3652 0.0000 0.0395
006380 0.5944 0.3645 0.0000 0.0411
006400 0.5921 0.3667 0.0000 0.0411
006420 0.5903 0.3699 0.0000 0.0398
006440 0.5930 0.3675 0.0000 0.0395
006460 0.5985 0.3656 0.0000 0.0359
006480 0.6121 0.3535 0.0000 0.0344
006500 0.6238 0.3403 0.0000 0.0359
006520 0.6244 0.3358 0.0000 0.0399
006540 0.6194 0.3391 0.0000 0.0415
006560 0.6124 0.3464 0.0000 0.0412
006580 0.6078 0.3513 0.0000 0.0409
006600 0.5966 0.3605 0.0000 0.0430
006620 0.5854 0.3712 0.0000 0.0434
006640 0.5773 0.3822 0.0000 0.0405
006660 0.5773 0.3837 0.0000 0.0389
006680 0.5856 0.3770 0.0000 0.0374
006700 0.5941 0.3694 0.0000 0.0365
006720 0.6073 0.3574 0.0000 0.0353
006740 0.6173 0.3463 0.0000 0.0364
006760 0.6250 0.3386 0.0000 0.0364
006780 0.6252 0.3367 0.0000 0.0381
006800 0.6186 0.3422 0.0000 0.0392
006820 0.6151 0.3460 0.0000 0.0389
006840 0.6082 0.3524 0.0000 0.0393
006860 0.6064 0.3534 0.0000 0.0403
006880 0.6023 0.3534 0.0000 0.0444
006900 0.5917 0.3642 0.0000 0.0441
006920 0.5831 0.3766 0.0000 0.0403
006940 0.5871 0.3746 0.0000 0.0383
006960 0.5899 0.3720 0.0000 0.0381
006980 0.5947 0.3668 0.0000 0.0385
007000 0.6014 0.3611 0.0000 0.0375
007020 0.6041 0.3568 0.0000 0.0391
007040 0.6034 0.3547 0.0000 0.0419
007060 0.6033 0.3563 0.0000 0.0404
007080 0.5977 0.3595 0.0000 0.0428
007100 0.5932 0.3663 0.0000 0.0404
007120 0.5930 0.3678 0.0000 0.0391
007140 0.5969 0.3645 0.0000 0.0386
007160 0.6016 0.3589 0.0000 0.0394
007180 0.6068 0.3548 0.0000 0.0384
007200 0.6102 0.3510 0.0000 0.0388
007220 0.6103 0.3490 0.0000 0.0407
007240 0.6042 0.3541 0.0000 0.0417
007260 0.5985 0.3607 0.0000 0.0408
007280 0.5946 0.3662 0.0000 0.0392
007300 0.5959 0.3663 0.0000 0.0378
007320 0.5964 0.3630 0.0000 0.0406
007340 0.5959 0.3642 0.0000 0.0399
007360 0.5998 0.3623 0.0000 0.0379
007380 0.6025 0.3583 0.0000 0.0392
007400 0.6081 0.3529 0.0000 0.0390
007420 0.6105 0.3500 0.0000 0.0396
007440 0.6025 0.3537 0.0000 0.0438
007460 0.5914 0.3672 0.0000 0.0414
007480 0.5893 0.3709 0.0000 0.0398
007500 0.5887 0.3698 0.0000 0.0415
007520 0.5844 0.3724 0.0000 0.0432
007540 0.5781 0.3785 0.0000 0.0434
007560 0.5792 0.3816 0.0000 0.0393
007580 0.5862 0.3743 0.0000 0.0395
007600 0.5920 0.3681 0.0000 0.0399
007620 0.5959 0.3660 0.0000 0.0380
007640 0.6059 0.3570 0.0000 0.0371
007660 0.6082 0.3522 0.0000 0.0396
007680 0.6029 0.3539 0.0000 0.0431
007700 0.5953 0.3622 0.0000 0.0425
007720 0.5920 0.3663 0.0000 0.0418
007740 0.5890 0.3692 0.0000 0.0417
007760 0.5853 0.3716 0.0000 0.0431
007780 0.5864 0.3739 0.0000 0.0397
007800 0.5919 0.3720 0.0000 0.0361
007820 0.5985 0.3648 0.0000 0.0367
007840 0.6069 0.3575 0.0000 0.0356
007860 0.6137 0.3509 0.0000 0.0353
007880 0.6157 0.3452 0.0000 0.0391
007900 0.6028 0.3529 0.0000 0.0443
007920 0.5911 0.3657 0.0000 0.0432
007940 0.5822 0.3758 0.0000 0.0421
007960 0.5836 0.3767 0.0000 0.0397
007980 0.5928 0.3713 0.0000 0.0359
008000 0.6036 0.3621 0.0000 0.0343
008020 0.6199 0.3463 0.0000 0.0337
008040 0.6304 0.3342 0.0000 0.0354
008060 0.6351 0.3277 0.0000 0.0372
008080 0.6328 0.3274 0.0000 0.0398
008100 0.6239 0.3355 0.0000 0.0406
008120 0.6154 0.3444 0.0000 0.0402
008140 0.6049 0.3527 0.0000 0.0424
008160 0.5893 0.3673 0.0000 0.0434
008180 0.5811 0.3783 0.0000 0.0406
008200 0.5804 0.3795 0.0000 0.0401
008220 0.5795 0.3803 0.0000 0.0403
008240 0.5881 0.3751 0.0000 0.0367
008260 0.5973 0.3658 0.0000 0.0369
008280 0.6074 0.3564 0.0000 0.0362
008300 0.6100 0.3520 0.0000 0.0380
008320 0.6145 0.3491 0.0000 0.0364
008340 0.6192 0.3436 0.0000 0.0372
008360 0.6185 0.3427 0.0000 0.0388
008380 0.6130 0.3462 0.0000 0.0407
008400 0.6061 0.3520 0.0000 0.0419
008420 0.5948 0.3615 0.0000 0.0438
008440 0.5881 0.3701 0.0000 0.0418
008460 0.5843 0.3747 0.0000 0.0410
008480 0.5868 0.3757 0.0000 0.0375
008500 0.5932 0.3708 0.0000 0.0360
008520 0.6022 0.3598 0.0000 0.0381
008540 0.6071 0.3549 0.0000 0.0381
008560 0.6058 0.3546 0.0000 0.0396
008580 0.6040 0.3541 0.0000 0.0419
008600 0.5987 0.3596 0.0000 0.0417
008620 0.5939 0.3646 0.0000 0.0415
008640 0.5900 0.3685 0.0000 0.0416
008660 0.5912 0.3690 0.0000 0.0398
008680 0.5953 0.3669 0.0000 0.0378
008700 0.5983 0.3637 0.0000 0.0380
008720 0.6043 0.3587 0.0000 0.0369
008740 0.6096 0.3515 0.0000 0.0390
008760 0.6076 0.3506 0.0000 0.0418
008780 0.6038 0.3564 0.0000 0.0399
008800 0.6034 0.3585 0.0000 0.0381
008820 0.6050 0.3571 0.0000 0.0379
008840 0.6059 0.3558 0.0000 0.0382
008860 0.6093 0.3525 0.0000 0.0381
008880 0.6137 0.3489 0.0000 0.0374
008900 0.6109 0.3501 0.0000 0.0390
008920 0.6048 0.3542 0.0000 0.0410
008940 0.5961 0.3605 0.0000 0.0434
008960 0.5864 0.3726 0.0000 0.0410
008980 0.5843 0.3778 0.0000 0.0379
009000 0.5891 0.3729 0.0000 0.0380
009020 0.5903 0.3709 0.0000 0.0388
009040 0.5955 0.3672 0.0000 0.0373
009060 0.6049 0.3595 0.0000 0.0357
009080 0.6137 0.3507 0.0000 0.0356
009100 0.6232 0.3411 0.0000 0.0357
009120 0.6309 0.3323 0.0000 0.0368
009140 0.6308 0.3301 0.0000 0.0391
009160 0.6180 0.3400 0.0000 0.0420
009180 0.6041 0.3508 0.0000 0.0450
009200 0.5887 0.3667 0.0000 0.0447
009220 0.5769 0.3784 0.0000 0.0447
009240 0.5681 0.3879 0.0000 0.0440
009260 0.5698 0.3879 0.0000 0.0422
009280 0.5714 0.3879 0.0000 0.0407
009300 0.5804 0.3828 0.0000 0.0369
009320 0.5926 0.3703 0.0000 0.0371
009340 0.6026 0.3613 0.0000 0.0361
009360 0.6111 0.3519 0.0000 0.0370
009380 0.6111 0.3486 0.0000 0.0403
009400 0.6067 0.3516 0.0000 0.0417
009420 0.5991 0.3576 0.0000 0.0433
009440 0.5902 0.3683 0.0000 0.0415
009460 0.5876 0.3713 0.0000 0.0411
009480 0.5850 0.3743 0.0000 0.0408
009500 0.5859 0.3751 0.0000 0.0390
009520 0.5879 0.3728 0.0000 0.0393
009540 0.5915 0.3690 0.0000 0.0395
009560 0.5948 0.3654 0.0000 0.0398
009580 0.5988 0.3639 0.0000 0.0372
009600 0.6084 0.3557 0.0000 0.0360
009620 0.6136 0.3480 0.0000 0.0385
009640 0.6114 0.3480 0.0000 0.0406
009660 0.6065 0.3517 0.0000 0.0418
009680 0.5982 0.3607 0.0000 0.0411
009700 0.5919 0.3660 0.0000 0.0421
009720 0.5834 0.3740 0.0000 0.0426
009740 0.5814 0.3779 0.0000 0.0407
009760 0.5877 0.3752 0.0000 0.0371
009780 0.5928 0.3688 0.0000 0.0384
009800 0.5972 0.3642 0.0000 0.0386
009820 0.6013 0.3589 0.0000 0.0398
009840 0.6005 0.3593 0.0000 0.0401
009860 0.6004 0.3593 0.0000 0.0403
009880 0.5977 0.3600 0.0000 0.0423
009900 0.5959 0.3626 0.0000 0.0416
009920 0.5926 0.3670 0.0000 0.0404
009940 0.5958 0.3659 0.0000 0.0384
009960 0.5986 0.3631 0.0000 0.0383
009980 0.5948 0.3647 0.0000 0.0405
010000 0.5931 0.3684 0.0000 0.0385
010020 0.5973 0.3650 0.0000 0.0376
010040 0.5973 0.3650 0.0000 0.0376
010060 0.5973 0.3650 0.0000 0.0376
010080 0.5973 0.3650 0.0000 0.0376
010100 0.5973 0.3650 0.0000 0.0376
010120 0.5973 0.3650 0.0000 0.0376
010140 0.5973 0.3650 0.0000 0.0376
010160 0.5973 0.3650 0.0000 0.0376
010180 0.5973 0.3650 0.0000 0.0376
010200 0.5973 0.3650 0.0000 0.0376
010220 0.5973 0.3650 0.0000 0.0376
010240 0.5973 0.3650 0.0000 0.0376
010260 0.5973 0.3650 0.0000 0.0376
010280 0.5973 0.3650 0.0000 0.0376
010300 0.5973 0.3650 0.0000 0.0376
010320 0.5973 0.3650 0.0000 0.0376
010340 0.5973 0.3650 0.0000 0.0376
010360 0.5973 0.3650 0.0000 0.0376
010380 0.5973 0.3650 0.0000 0.0376
010400 0.5973 0.3650 0.0000 0.0376
010420 0.5973 0.3650 0.0000 0.0376
010440 0.5973 0.3650 0.0000 0.0376
010460 0.5973 0.3650 0.0000 0.0376
010480 0.5973 0.3650 0.0000 0.0376
010500 0.5973 0.3650 0.0000 0.0376
010520 0.5973 0.3650 0.0000 0.0376
010540 0.5973 0.3650 0.0000 0.0376
010560 0.5973 0.3650 0.0000 0.0376
010580 0.5973 0.3650 0.0000 0.0376
010600 0.5973 0.3650 0.0000 0.0376
010620 0.5973 0.3650 0.0000 0.0376
010640 0.5973 0.3650 0.0000 0.0376
010660 0.5973 0.3650 0.0000 0.0376
010680 0.5973 0.3650 0.0000 0.0376
010700 0.5973 0.3650 0.0000 0.0376
010720 0.5973 0.3650 0.0000 0.0376
010740 0.5973 0.3650 0.0000 0.0376
010760 0.5973 0.3650 0.0000 0.0376
010780 0.5973 0.3650 0.0000 0.0376
010800 0.5973 0.3650 0.0000 0.0376
010820 0.5973 0.3650 0.0000 0.0376
010840 0.5973 0.3650 0.0000 0.0376
010860 0.5973 0.3650 0.0000 0.0376
010880 0.5973 0.3650 0.0000 0.0376
010900 0.5973 0.3650 0.0000 0.0376
010920 0.5973 0.3650 0.0000 0.0376
010940 0.5973 0.3650 0.0000 0.0376
010960 0.5973 0.3650 0.0000 0.0376
010980 0.5973 0.3650 0.0000 0.0376
011000 0.5973 0.3650 0.0000 0.0376
011020 0.5973 0.3650 0.0000 0.0376
011040 0.5973 0.3650 0.0000 0.0376
011060 0.5973 0.3650 0.0000 0.0376
011080 0.5973 0.3650 0.0000 0.0376
011100 0.5973 0.3650 0.0000 0.0376
011120 0.5973 0.3650 0.0000 0.0376
011140 0.5973 0.3650 0.0000 0.0376
011160 0.5973 0.3650 0.0000 0.0376
011180 0.5973 0.3650 0.0000 0.0376
011200 0.5973 0.3650 0.0000 0.0376
011220 0.5973 0.3650 0.0000 0.0376
011240 0.5973 0.3650 0.0000 0.0376
011260 0.5973 0.3650 0.0000 0.0376
011280 0.5973 0.3650 0.0000 0.0376
011300 0.5973 0.3650 0.0000 0.0376
011320 0.5973 0.3650 0.0000 0.0376
011340 0.5973 0.3650 0.0000 0.0376
011360 0.5973 0.3650 0.0000 0.0376
011380 0.5973 0.3650 0.0000 0.0376
011400 0.5973 0.3650 0.0000 0.0376
011420 0.5973 0.3650 0.0000 0.0376
011440 0.5973 0.3650 0.0000 0.0376
011460 0.5973 0.3650 0.0000 0.0376
011480 0.5973 0.3650 0.0000 0.0376
011500 0.5973 0.3650 0.0000 0.0376
011520 0.5973 0.3650 0.0000 0.0376
011540 0.5973 0.3650 0.0000 0.0376
011560 0.5973 0.3650 0.0000 0.0376
011580 0.5973 0.3650 0.0000 0.0376
011600 0.5973 0.3650 0.0000 0.0376
011620 0.5973 0.3650 0.0000 0.0376
011640 0.5973 0.3650 0.0000 0.0376
011660 0.5973 0.3650 0.0000 0.0376
011680 0.5973 0.3650 0.0000 0.0376
011700 0.5973 0.3650 0.0000 0.0376
011720 0.5973 0.3650 0.0000 0.0376
011740 0.5973 0.3650 0.0000 0.0376
011760 0.5973 0.3650 0.0000 0.0376
011780 0.5973 0.3650 0.0000 0.0376
011800 0.5973 0.3650 0.0000 0.0376
011820 0.5973 0.3650 0.0000 0.0376
011840 0.5973 0.3650 0.0000 0.0376
011860 0.5973 0.3650 0.0000 0.0376
011880 0.5973 0.3650 0.0000 0.0376
011900 0.5973 0.3650 0.0000 0.0376
011920 0.5973 0.3650 0.0000 0.0376
011940 0.5973 0.3650 0.0000 0.0376
011960 0.5973 0.3650 0.0000 0.0376
011980 0.5973 0.3650 0.0000 0.0376
012000 0.5973 0.3650 0.0000 0.0376
012020 0.5973 0.3650 0.0000 0.0376
012040 0.5973 0.3650 0.0000 0.0376
012060 0.5973 0.3650 0.0000 0.0376
012080 0.5973 0.3650 0.0000 0.0376
012100 0.5973 0.3650 0.0000 0.0376
012120 0.5973 0.3650 0.0000 0.0376
012140 0.5973 0.3650 0.0000 0.0376
012160 0.5973 0.3650 0.0000 0.0376
012180 0.5973 0.3650 0.0000 0.0376
012200 0.5973 0.3650 0.0000 0.0376
012220 0.5973 0.3650 0.0000 0.0376
012240 0.5973 0.3650 0.0000 0.0376
012260 0.5973 0.3650 0.0000 0.0376
012280 0.5973 0.3650 0.0000 0.0376
012300 0.5973 0.3650 0.0000 0.0376
012320 0.5973 0.3650 0.0000 0.0376
012340 0.5973 0.3650 0.0000 0.0376
012360 0.5973 0.3650 0.0000 0.0376
012380 0.5973 0.3650 0.0000 0.0376
012400 0.5973 0.3650 0.0000 0.0376
012420 0.5973 0.3650 0.0000 0.0376
012440 0.5973 0.3650 0.0000 0.0376
012460 0.5973 0.3650 0.0000 0.0376
012480 0.5973 0.3650 0.0000 0.0376
012500 0.5973 0.3650 0.0000 0.0376
012520 0.5973 0.3650 0.0000 0.0376
012540 0.5973 0.3650 0.0000 0.0376
012560 0.5973 0.3650 0.0000 0.0376
012580 0.5973 0.3650 0.0000 0.0376
012600 0.5973 0.3650 0.0000 0.0376
012620 0.5973 0.3650 0.0000 0.0376
012640 0.5973 0.3650 0.0000 0.0376
012660 0.5973 0.3650 0.0000 0.0376
012680 0.5973 0.3650 0.0000 0.0376
012700 0.5973 0.3650 0.0000 0.0376
012720 0.5973 0.3650 0.0000 0.0376
012740 0.5973 0.3650 0.0000 0.0376
012760 0.5973 0.3650 0.0000 0.0376
012780 0.5973 0.3650 0.0000 0.0376
012800 0.5973 0.3650 0.0000 0.0376
012820 0.5973 0.3650 0.0000 0.0376
012840 0.5973 0.3650 0.0000 0.0376
012860 0.5973 0.3650 0.0000 0.0376
012880 0.5973 0.3650 0.0000 0.0376
012900 0.5973 0.3650 0.0000 0.0376
012920 0.5973 0.3650 0.0000 0.0376
012940 0.5973 0.3650 0.0000 0.0376
012960 0.5973 0.3650 0.0000 0.0376
012980 0.5973 0.3650 0.0000 0.0376
013000 0.5973 0.3650 0.0000 0.0376
013020 0.5973 0.3650 0.0000 0.0376
013040 0.5973 0.3650 0.0000 0.0376
013060 0.5973 0.3650 0.0000 0.0376
013080 0.5973 0.3650 0.0000 0.0376
013100 0.5973 0.3650 0.0000 0.0376
013120 0.5973 0.3650 0.0000 0.0376
013140 0.5973 0.3650 0.0000 0.0376
013160 0.5973 0.3650 0.0000 0.0376
013180 0.5973 0.3650 0.0000 0.0376
013200 0.5973 0.3650 0.0000 0.0376
013220 0.5973 0.3650 0.0000 0.0376
013240 0.5973 0.3650 0.0000 0.0376
013260 0.5973 0.3650 0.0000 0.0376
013280 0.5973 0.3650 0.0000 0.0376
013300 0.5973 0.3650 0.0000 0.0376
013320 0.5973 0.3650 0.0000 0.0376
013340 0.5973 0.3650 0.0000 0.0376
013360 0.5973 0.3650 0.0000 0.0376
013380 0.5973 0.3650 0.0000 0.0376
013400 0.5973 0.3650 0.0000 0.0376
013420 0.5973 0.3650 0.0000 0.0376
013440 0.5973 0.3650 0.0000 0.0376
013460 0.5973 0.3650 0.0000 0.0376
013480 0.5973 0.3650 0.0000 0.0376
013500 0.5973 0.3650 0.0000 0.0376
013520 0.5973 0.3650 0.0000 0.0376
013540 0.5973 0.3650 0.0000 0.0376
013560 0.5973 0.3650 0.0000 0.0376
013580 0.5973 0.3650 0.0000 0.0376
013600 0.5973 0.3650 0.0000 0.0376
013620 0.5973 0.3650 0.0000 0.0376
013640 0.5973 0.3650 0.0000 0.0376
013660 0.5973 0.3650 0.0000 0.0376
013680 0.5973 0.3650 0.0000 0.0376
013700 0.5973 0.3650 0.0000 0.0376
013720 0.5973 0.3650 0.0000 0.0376
013740 0.5973 0.3650 0.0000 0.0376
013760 0.5973 0.3650 0.0000 0.0376
013780 0.5973 0.3650 0.0000 0.0376
013800 0.5973 0.3650 0.0000 0.0376
013820 0.5973 0.3650 0.0000 0.0376
013840 0.5973 0.3650 0.0000 0.0376
013860 0.5973 0.3650 0.0000 0.0376
013880 0.5973 0.3650 0.0000 0.0376
013900 0.5973 0.3650 0.0000 0.0376
013920 0.5973 0.3650 0.0000 0.0376
013940 0.5973 0.3650 0.0000 0.0376
013960 0.5973 0.3650 0.0000 0.0376
013980 0.5973 0.3650 0.0000 0.0376
014000 0.5973 0.3650 0.0000 0.0376
014020 0.5973 0.3650 0.0000 0.0376
014040 0.5973 0.3650 0.0000 0.0376
014060 0.5973 0.3650 0.0000 0.0376
014080 0.5973 0.3650 0.0000 0.0376
014100 0.5973 0.3650 0.0000 0.0376
014120 0.5973 0.3650 0.0000 0.0376
014140 0.5973 0.3650 0.0000 0.0376
014160 0.5973 0.3650 0.0000 0.0376
014180 0.5973 0.3650 0.0000 0.0376
014200 0.5973 0.3650 0.0000 0.0376
014220 0.5973 0.3650 0.0000 0.0376
014240 0.5973 0.3650 0.0000 0.0376
014260 0.5973 0.3650 0.0000 0.0376
014280 0.5973 0.3650 0.0000 0.0376
014300 0.5973 0.3650 0.0000 0.0376
014320 0.5973 0.3650 0.0000 0.0376
014340 0.5973 0.3650 0.0000 0.0376
014360 0.5973 0.3650 0.0000 0.0376
014380 0.5973 0.3650 0.0000 0.0376
014400 0.5973 0.3650 0.0000 0.0376
014420 0.5973 0.3650 0.0000 0.0376
014440 0.5973 0.3650 0.0000 0.0376
014460 0.5973 0.3650 0.0000 0.0376
014480 0.5973 0.3650 0.0000 0.0376
014500 0.5973 0.3650 0.0000 0.0376
014520 0.5973 0.3650 0.0000 0.0376
014540 0.5973 0.3650 0.0000 0.0376
014560 0.5973 0.3650 0.0000 0.0376
014580 0.5973 0.3650 0.0000 0.0376
014600 0.5973 0.3650 0.0000 0.0376
014620 0.5973 0.3650 0.0000 0.0376
014640 0.5973 0.3650 0.0000 0.0376
014660 0.5973 0.3650 0.0000 0.0376
014680 0.5973 0.3650 0.0000 0.0376
014700 0.5973 0.3650 0.0000 0.0376
014720 0.5973 0.3650 0.0000 0.0376
014740 0.5973 0.3650 0.0000 0.0376
014760 0.5973 0.3650 0.0000 0.0376
014780 0.5973 0.3650 0.0000 0.0376
014800 0.5973 0.3650 0.0000 0.0376
014820 0.5973 0.3650 0.0000 0.0376
014840 0.5973 0.3650 0.0000 0.0376
014860 0.5973 0.3650 0.0000 0.0376
014880 0.5973 0.3650 0.0000 0.0376
014900 0.5973 0.3650 0.0000 0.0376
014920 0.5973 0.3650 0.0000 0.0376
014940 0.5973 0.3650 0.0000 0.0376
014960 0.5973 0.3650 0.0000 0.0376
014980 0.5973 0.3650 0.0000 0.0376
015000 0.5973 0.3650 0.0000 0.0376
015020 0.5973 0.3650 0.0000 0.0376
015040 0.5973 0.3650 0.0000 0.0376
015060 0.5973 0.3650 0.0000 0.0376
015080 0.5973 0.3650 0.0000 0.0376
015100 0.5973 0.3650 0.0000 0.0376
015120 0.5973 0.3650 0.0000 0.0376
015140 0.5973 0.3650 0.0000 0.0376
015160 0.5973 0.3650 0.0000 0.0376
015180 0.5973 0.3650 0.0000 0.0376
015200 0.5973 0.3650 0.0000 0.0376
015220 0.5973 0.3650 0.0000 0.0376
015240 0.5973 0.3650 0.0000 0.0376
015260 0.5973 0.3650 0.0000 0.0376
015280 0.5973 0.3650 0.0000 0.0376
015300 0.5973 0.3650 0.0000 0.0376
015320 0.5973 0.3650 0.0000 0.0376
015340 0.5973 0.3650 0.0000 0.0376
015360 0.5973 0.3650 0.0000 0.0376
015380 0.5973 0.3650 0.0000 0.0376
015400 0.5973 0.3650 0.0000 0.0376
015420 0.5973 0.3650 0.0000 0.0376
015440 0.5973 0.3650 0.0000 0.0376
015460 0.5973 0.3650 0.0000 0.0376
015480 0.5973 0.3650 0.0000 0.0376
015500 0.5973 0.3650 0.0000 0.0376
015520 0.5973 0.3650 0.0000 0.0376
015540 0.5973 0.3650 0.0000 0.0376
015560 0.5973 0.3650 0.0000 0.0376
015580 0.5973 0.3650 0.0000 0.0376
015600 0.5973 0.3650 0.0000 0.0376
015620 0.5973 0.3650 0.0000 0.0376
015640 0.5973 0.3650 0.0000 0.0376
015660 0.5973 0.3650 0.0000 0.0376
015680 0.5973 0.3650 0.0000 0.0376
015700 0.5973 0.3650 0.0000 0.0376
015720 0.5973 0.3650 0.0000 0.0376
015740 0.5973 0.3650 0.0000 0.0376
015760 0.5973 0.3650 0.0000 0.0376
015780 0.5973 0.3650 0.0000 0.0376
015800 0.5973 0.3650 0.0000 0.0376
015820 0.5973 0.3650 0.0000 0.0376
015840 0.5973 0.3650 0.0000 0.0376
015860 0.5973 0.3650 0.0000 0.0376
015880 0.5973 0.3650 0.0000 0.0376
015900 0.5973 0.3650 0.0000 0.0376
015920 0.5973 0.3650 0.0000 0.0376
015940 0.5973 0.3650 0.0000 0.0376
015960 0.5973 0.3650 0.0000 0.0376
015980 0.5973 0.3650 0.0000 0.0376
016000 0.5973 0.3650 0.0000 0.0376
016020 0.5973 0.3650 0.0000 0.0376
016040 0.5973 0.3650 0.0000 0.0376
016060 0.5973 0.3650 0.0000 0.0376
016080 0.5973 0.3650 0.0000 0.0376
016100 0.5973 0.3650 0.0000 0.0376
016120 0.5973 0.3650 0.0000 0.0376
016140 0.5973 0.3650 0.0000 0.0376
016160 0.5973 0.3650 0.0000 0.0376
016180 0.5973 0.3650 0.0000 0.0376
016200 0.5973 0.3650 0.0000 0.0376
016220 0.5973 0.3650 0.0000 0.0376
016240 0.5973 0.3650 0.0000 0.0376
016260 0.5973 0.3650 0.0000 0.0376
016280 0.5973 0.3650 0.0000 0.0376
016300 0.5973 0.3650 0.0000 0.0376
016320 0.5973 0.3650 0.0000 0.0376
016340 0.5973 0.3650 0.0000 0.0376
016360 0.5973 0.3650 0.0000 0.0376
016380 0.5973 0.3650 0.0000 0.0376
016400 0.5973 0.3650 0.0000 0.0376
016420 0.5973 0.3650 0.0000 0.0376
016440 0.5973 0.3650 0.0000 0.0376
016460 0.5973 0.3650 0.0000 0.0376
016480 0.5973 0.3650 0.0000 0.0376
016500 0.5973 0.3650 0.0000 0.0376
016520 0.5973 0.3650 0.0000 0.0376
016540 0.5973 0.3650 0.0000 0.0376
016560 0.5973 0.3650 0.0000 0.0376
016580 0.5973 0.3650 0.0000 0.0376
016600 0.5973 0.3650 0.0000 0.0376
016620 0.5973 0.3650 0.0000 0.0376
016640 0.5973 0.3650 0.0000 0.0376
016660 0.5973 0.3650 0.0000 0.0376
016680 0.5973 0.3650 0.0000 0.0376
016700 0.5973 0.3650 0.0000 0.0376
016720 0.5973 0.3650 0.0000 0.0376
016740 0.5973 0.3650 0.0000 0.0376
016760 0.5973 0.3650 0.0000 0.0376
016780 0.5973 0.3650 0.0000 0.0376
016800 0.5973 0.3650 0.0000 0.0376
016820 0.5973 0.3650 0.0000 0.0376
016840 0.5973 0.3650 0.0000 0.0376
016860 0.5973 0.3650 0.0000 0.0376
016880 0.5973 0.3650 0.0000 0.0376
016900 0.5973 0.3650 0.0000 0.0376
016920 0.5973 0.3650 0.0000 0.0376
016940 0.5973 0.3650 0.0000 0.0376
016960 0.5973 0.3650 0.0000 0.0376
016980 0.5973 0.3650 0.0000 0.0376
017000 0.5973 0.3650 0.0000 0.0376
017020 0.5973 0.3650 0.0000 0.0376
017040 0.5973 0.3650 0.0000 0.0376
017060 0.5973 0.3650 0.0000 0.0376
017080 0.5973 0.3650 0.0000 0.0376
017100 0.5973 0.3650 0.0000 0.0376
017120 0.5973 0.3650 0.0000 0.0376
017140 0.5973 0.3650 0.0000 0.0376
017160 0.5973 0.3650 0.0000 0.0376
017180 0.5973 0.3650 0.0000 0.0376
017200 0.5973 0.3650 0.0000 0.0376
017220 0.5973 0.3650 0.0000 0.0376
017240 0.5973 0.3650 0.0000 0.0376
017260 0.5973 0.3650 0.0000 0.0376
017280 0.5973 0.3650 0.0000 0.0376
017300 0.5973 0.3650 0.0000 0.0376
017320 0.5973 0.3650 0.0000 0.0376
017340 0.5973 0.3650 0.0000 0.0376
017360 0.5973 0.3650 0.0000 0.0376
017380 0.5973 0.3650 0.0000 0.0376
017400 0.5973 0.3650 0.0000 0.0376
017420 0.5973 0.3650 0.0000 0.0376
017440 0.5973 0.3650 0.0000 0.0376
017460 0.5973 0.3650 0.0000 0.0376
017480 0.5973 0.3650 0.0000 0.0376
017500 0.5973 0.3650 0.0000 0.0376
017520 0.5973 0.3650 0.0000 0.0376
017540 0.5973 0.3650 0.0000 0.0376
017560 0.5973 0.3650 0.0000 0.0376
017580 0.5973 0.3650 0.0000 0.0376
017600 0.5973 0.3650 0.0000 0.0376
017620 0.5973 0.3650 0.0000 0.0376
017640 0.5973 0.3650 0.0000 0.0376
017660 0.5973 0.3650 0.0000 0.0376
017680 0.5973 0.3650 0.0000 0.0376
017700 0.5973 0.3650 0.0000 0.0376
017720 0.5973 0.3650 0.0000 0.0376
017740 0.5973 0.3650 0.0000 0.0376
017760 0.5973 0.3650 0.0000 0.0376
017780 0.5973 0.3650 0.0000 0.0376
017800 0.5973 0.3650 0.0000 0.0376
017820 0.5973 0.3650 0.0000 0.0376
017840 0.5973 0.3650 0.0000 0.0376
017860 0.5973 0.3650 0.0000 0.0376
017880 0.5973 0.3650 0.0000 0.0376
017900 0.5973 0.3650 0.0000 0.0376
017920 0.5973 0.3650 0.0000 0.0376
017940 0.5973 0.3650 0.0000 0.0376
017960 0.5973 0.3650 0.0000 0.0376
017980 0.5973 0.3650 0.0000 0.0376
018000 0.5973 0.3650 0.0000 0.0376
018020 0.5973 0.3650 0.0000 0.0376
018040 0.5973 0.3650 0.0000 0.0376
018060 0.5973 0.3650 0.0000 0.0376
018080 0.5973 0.3650 0.0000 0.0376
018100 0.5973 0.3650 0.0000 0.0376
018120 0.5973 0.3650 0.0000 0.0376
018140 0.5973 0.3650 0.0000 0.0376
018160 0.5973 0.3650 0.0000 0.0376
018180 0.5973 0.3650 0.0000 0.0376
018200 0.5973 0.3650 0.0000 0.0376
018220 0.5973 0.3650 0.0000 0.0376
018240 0.5973 0.3650 0.0000 0.0376
018260 0.5973 0.3650 0.0000 0.0376
018280 0.5973 0.3650 0.0000 0.0376
018300 0.5973 0.3650 0.0000 0.0376
018320 0.5973 0.3650 0.0000 0.0376
018340 0.5973 0.3650 0.0000 0.0376
018360 0.5973 0.3650 0.0000 0.0376
018380 0.5973 0.3650 0.0000 0.0376
018400 0.5973 0.3650 0.0000 0.0376
018420 0.5973 0.3650 0.0000 0.0376
018440 0.5973 0.3650 0.0000 0.0376
018460 0.5973 0.3650 0.0000 0.0376
018480 0.5973 0.3650 0.0000 0.0376
018500 0.5973 0.3650 0.0000 0.0376
018520 0.5973 0.3650 0.0000 0.0376
018540 0.5973 0.3650 0.0000 0.0376
018560 0.5973 0.3650 0.0000 0.0376
018580 0.5973 0.3650 0.0000 0.0376
018600 0.5973 0.3650 0.0000 0.0376
018620 0.5973 0.3650 0.0000 0.0376
018640 0.5973 0.3650 0.0000 0.0376
018660 0.5973 0.3650 0.0000 0.0376
018680 0.5973 0.3650 0.0000 0.0376
018700 0.5973 0.3650 0.0000 0.0376
018720 0.5973 0.3650 0.0000 0.0376
018740 0.5973 0.3650 0.0000 0.0376
018760 0.5973 0.3650 0.0000 0.0376
018780 0.5973 0.3650 0.0000 0.0376
018800 0.5973 0.3650 0.0000 0.0376
018820 0.5973 0.3650 0.0000 0.0376
018840 0.5973 0.3650 0.0000 0.0376
018860 0.5973 0.3650 0.0000 0.0376
018880 0.5973 0.3650 0.0000 0.0376
018900 0.5973 0.3650 0.0000 0.0376
018920 0.5973 0.3650 0.0000 0.0376
018940 0.5973 0.3650 0.0000 0.0376
018960 0.5973 0.3650 0.0000 0.0376
018980 0.5973 0.3650 0.0000 0.0376
019000 0.5973 0.3650 0.0000 0.0376
019020 0.5973 0.3650 0.0000 0.0376
019040 0.5973 0.3650 0.0000 0.0376
019060 0.5973 0.3650 0.0000 0.0376
019080 0.5973 0.3650 0.0000 0.0376
019100 0.5973 0.3650 0.0000 0.0376
019120 0.5973 0.3650 0.0000 0.0376
019140 0.5973 0.3650 0.0000 0.0376
019160 0.5973 0.3650 0.0000 0.0376
019180 0.5973 0.3650 0.0000 0.0376
019200 0.5973 0.3650 0.0000 0.0376
019220 0.5973 0.3650 0.0000 0.0376
019240 0.5973 0.3650 0.0000 0.0376
019260 0.5973 0.3650 0.0000 0.0376
019280 0.5973 0.3650 0.0000 0.0376
019300 0.5973 0.3650 0.0000 0.0376
019320 0.5973 0.3650 0.0000 0.0376
019340 0.5973 0.3650 0.0000 0.0376
019360 0.5973 0.3650 0.0000 0.0376
019380 0.5973 0.3650 0.0000 0.0376
019400 0.5973 0.3650 0.0000 0.0376
019420 0.5973 0.3650 0.0000 0.0376
019440 0.5973 0.3650 0.0000 0.0376
019460 0.5973 0.3650 0.0000 0.0376
019480 0.5973 0.3650 0.0000 0.0376
019500 0.5973 0.3650 0.0000 0.0376
019520 0.5973 0.3650 0.0000 0.0376
019540 0.5973 0.3650 0.0000 0.0376
019560 0.5973 0.3650 0.0000 0.0376
019580 0.5973 0.3650 0.0000 0.0376
019600 0.5973 0.3650 0.0000 0.0376
019620 0.5973 0.3650 0.0000 0.0376
019640 0.5973 0.3650 0.0000 0.0376
019660 0.5973 0.3650 0.0000 0.0376
019680 0.5973 0.3650 0.0000 0.0376
019700 0.5973 0.3650 0.0000 0.0376
019720 0.5973 0.3650 0.0000 0.0376
019740 0.5973 0.3650 0.0000 0.0376
019760 0.5973 0.3650 0.0000 0.0376
019780 0.5973 0.3650 0.0000 0.0376
019800 0.5973 0.3650 0.0000 0.0376
019820 0.5973 0.3650 0.0000 0.0376
019840 0.5973 0.3650 0.0000 0.0376
019860 0.5973 0.3650 0.0000 0.0376
019880 0.5973 0.3650 0.0000 0.0376
019900 0.5973 0.3650 0.0000 0.0376
019920 0.5973 0.3650 0.0000 0.0376
019940 0.5973 0.3650 0.0000 0.0376
019960 0.5973 0.3650 0.0000 0.0376
019980 0.5973 0.3650 0.0000 0.0376
020000 0.5973 0.3650 0.0000 0.0376
