000000 0.2500 0.2500 0.2500 0.2500
000020 0.2591 0.2598 0.2297 0.2514
000040 0.2700 0.2702 0.2079 0.2519
000060 0.2803 0.2806 0.1868 0.2523
000080 0.2893 0.2921 0.1668 0.2517
000100 0.2982 0.3047 0.1473 0.2498
000120 0.3051 0.3176 0.1296 0.2477
000140 0.3106 0.3319 0.1129 0.2447
000160 0.3145 0.3473 0.0974 0.2408
000180 0.3173 0.3639 0.0829 0.2358
000200 0.3188 0.3812 0.0698 0.2302
000220 0.3199 0.4001 0.0574 0.2226
000240 0.3190 0.4198 0.0459 0.2153
000260 0.3170 0.4400 0.0363 0.2067
000280 0.3147 0.4598 0.0278 0.1977
000300 0.3112 0.4811 0.0204 0.1873
000320 0.3061 0.5039 0.0142 0.1758
000340 0.3009 0.5260 0.0088 0.1643
000360 0.2962 0.5471 0.0051 0.1516
000380 0.2891 0.5702 0.0023 0.1384
000400 0.2819 0.5933 0.0006 0.1242
000420 0.2727 0.6186 0.0000 0.1088
000440 0.2639 0.6454 0.0000 0.0906
000460 0.2584 0.6666 0.0000 0.0750
000480 0.2546 0.6827 0.0000 0.0626
000500 0.2538 0.6961 0.0000 0.0501
000520 0.2529 0.7070 0.0000 0.0401
000540 0.2544 0.7140 0.0000 0.0316
000560 0.2596 0.7160 0.0000 0.0244
000580 0.2658 0.7153 0.0000 0.0188
000600 0.2730 0.7131 0.0000 0.0139
000620 0.2827 0.7064 0.0000 0.0109
000640 0.2928 0.6984 0.0000 0.0088
000660 0.3030 0.6899 0.0000 0.0071
000680 0.3136 0.6793 0.0000 0.0071
000700 0.3232 0.6694 0.0000 0.0074
000720 0.3338 0.6586 0.0000 0.0076
000740 0.3434 0.6486 0.0000 0.0081
000760 0.3509 0.6407 0.0000 0.0084
000780 0.3571 0.6335 0.0000 0.0094
000800 0.3594 0.6296 0.0000 0.0110
000820 0.3609 0.6274 0.0000 0.0116
000840 0.3641 0.6244 0.0000 0.0115
000860 0.3651 0.6213 0.0000 0.0135
000880 0.3648 0.6204 0.0000 0.0148
000900 0.3650 0.6203 0.0000 0.0147
000920 0.3674 0.6173 0.0000 0.0154
000940 0.3705 0.6144 0.0000 0.0152
000960 0.3729 0.6116 0.0000 0.0154
000980 0.3771 0.6077 0.0000 0.0152
001000 0.3818 0.6037 0.0000 0.0145
001020 0.3883 0.5972 0.0000 0.0145
001040 0.3958 0.5890 0.0000 0.0152
001060 0.3973 0.5857 0.0000 0.0170
001080 0.3979 0.5830 0.0000 0.0191
001100 0.3966 0.5831 0.0000 0.0204
001120 0.3965 0.5830 0.0000 0.0205
001140 0.3982 0.5816 0.0000 0.0203
001160 0.4056 0.5755 0.0000 0.0189
001180 0.4118 0.5691 0.0000 0.0191
001200 0.4191 0.5622 0.0000 0.0187
001220 0.4269 0.5530 0.0000 0.0201
001240 0.4292 0.5498 0.0000 0.0209
001260 0.4330 0.5461 0.0000 0.0209
001280 0.4377 0.5415 0.0000 0.0209
001300 0.4433 0.5346 0.0000 0.0221
001320 0.4463 0.5314 0.0000 0.0223
001340 0.4502 0.5278 0.0000 0.0220
001360 0.4569 0.5222 0.0000 0.0209
001380 0.4647 0.5141 0.0000 0.0212
001400 0.4721 0.5055 0.0000 0.0224
001420 0.4809 0.4969 0.0000 0.0222
001440 0.4919 0.4869 0.0000 0.0213
001460 0.4993 0.4763 0.0000 0.0244
001480 0.5010 0.4723 0.0000 0.0268
001500 0.5024 0.4720 0.0000 0.0257
001520 0.5086 0.4671 0.0000 0.0243
001540 0.5186 0.4578 0.0000 0.0237
001560 0.5313 0.4462 0.0000 0.0225
001580 0.5417 0.4355 0.0000 0.0228
001600 0.5529 0.4231 0.0000 0.0240
001620 0.5575 0.4160 0.0000 0.0265
001640 0.5580 0.4129 0.0000 0.0292
001660 0.5598 0.4123 0.0000 0.0279
001680 0.5602 0.4123 0.0000 0.0275
001700 0.5639 0.4096 0.0000 0.0265
001720 0.5728 0.4005 0.0000 0.0268
001740 0.5779 0.3932 0.0000 0.0289
001760 0.5830 0.3876 0.0000 0.0295
001780 0.5831 0.3855 0.0000 0.0314
001800 0.5805 0.3867 0.0000 0.0328
001820 0.5733 0.3927 0.0000 0.0340
001840 0.5675 0.3999 0.0000 0.0327
001860 0.5666 0.4024 0.0000 0.0310
001880 0.5739 0.3973 0.0000 0.0288
001900 0.5868 0.3879 0.0000 0.0253
001920 0.5998 0.3741 0.0000 0.0262
001940 0.6090 0.3626 0.0000 0.0284
001960 0.6129 0.3571 0.0000 0.0299
001980 0.6165 0.3535 0.0000 0.0300
002000 0.6160 0.3532 0.0000 0.0308
002020 0.6175 0.3531 0.0000 0.0294
002040 0.6205 0.3493 0.0000 0.0302
002060 0.6164 0.3507 0.0000 0.0330
002080 0.6105 0.3564 0.0000 0.0331
002100 0.6048 0.3612 0.0000 0.0340
002120 0.5991 0.3664 0.0000 0.0345
002140 0.5962 0.3711 0.0000 0.0326
002160 0.5989 0.3704 0.0000 0.0308
002180 0.6052 0.3661 0.0000 0.0287
002200 0.6107 0.3601 0.0000 0.0292
002220 0.6142 0.3561 0.0000 0.0297
002240 0.6151 0.3535 0.0000 0.0314
002260 0.6151 0.3533 0.0000 0.0316
002280 0.6146 0.3533 0.0000 0.0321
002300 0.6131 0.3540 0.0000 0.0329
002320 0.6095 0.3583 0.0000 0.0323
002340 0.6099 0.3591 0.0000 0.0310
002360 0.6092 0.3607 0.0000 0.0301
002380 0.6101 0.3591 0.0000 0.0308
002400 0.6125 0.3570 0.0000 0.0304
002420 0.6186 0.3522 0.0000 0.0293
002440 0.6246 0.3482 0.0000 0.0271
002460 0.6349 0.3372 0.0000 0.0280
002480 0.6379 0.3329 0.0000 0.0292
002500 0.6441 0.3266 0.0000 0.0293
002520 0.6437 0.3245 0.0000 0.0318
002540 0.6368 0.3311 0.0000 0.0321
002560 0.6279 0.3392 0.0000 0.0328
002580 0.6204 0.3461 0.0000 0.0335
002600 0.6151 0.3513 0.0000 0.0336
002620 0.6098 0.3564 0.0000 0.0338
002640 0.6065 0.3608 0.0000 0.0327
002660 0.6097 0.3584 0.0000 0.0319
002680 0.6124 0.3549 0.0000 0.0328
002700 0.6075 0.3579 0.0000 0.0346
002720 0.6055 0.3609 0.0000 0.0336
002740 0.6030 0.3657 0.0000 0.0314
002760 0.6081 0.3626 0.0000 0.0293
002780 0.6101 0.3597 0.0000 0.0302
002800 0.6127 0.3582 0.0000 0.0291
002820 0.6188 0.3516 0.0000 0.0297
002840 0.6202 0.3483 0.0000 0.0315
002860 0.6132 0.3517 0.0000 0.0350
002880 0.6024 0.3617 0.0000 0.0359
002900 0.5985 0.3687 0.0000 0.0329
002920 0.5992 0.3684 0.0000 0.0324
002940 0.5997 0.3666 0.0000 0.0337
002960 0.5976 0.3689 0.0000 0.0335
002980 0.5957 0.3715 0.0000 0.0328
003000 0.5969 0.3709 0.0000 0.0322
003020 0.5988 0.3677 0.0000 0.0335
003040 0.6015 0.3667 0.0000 0.0319
003060 0.6017 0.3660 0.0000 0.0323
003080 0.6004 0.3659 0.0000 0.0337
003100 0.5971 0.3706 0.0000 0.0323
003120 0.5982 0.3694 0.0000 0.0324
003140 0.6029 0.3671 0.0000 0.0300
003160 0.6121 0.3598 0.0000 0.0281
003180 0.6208 0.3503 0.0000 0.0288
003200 0.6277 0.3426 0.0000 0.0297
003220 0.6287 0.3399 0.0000 0.0314
003240 0.6240 0.3426 0.0000 0.0335
003260 0.6203 0.3477 0.0000 0.0320
003280 0.6193 0.3481 0.0000 0.0326
003300 0.6163 0.3502 0.0000 0.0335
003320 0.6174 0.3501 0.0000 0.0325
003340 0.6179 0.3511 0.0000 0.0310
003360 0.6195 0.3491 0.0000 0.0314
003380 0.6183 0.3499 0.0000 0.0318
003400 0.6195 0.3494 0.0000 0.0311
003420 0.6215 0.3465 0.0000 0.0319
003440 0.6125 0.3524 0.0000 0.0351
003460 0.6038 0.3611 0.0000 0.0351
003480 0.5988 0.3671 0.0000 0.0341
003500 0.5976 0.3708 0.0000 0.0316
003520 0.6033 0.3675 0.0000 0.0292
003540 0.6087 0.3606 0.0000 0.0307
003560 0.6120 0.3582 0.0000 0.0298
003580 0.6186 0.3517 0.0000 0.0296
003600 0.6268 0.3430 0.0000 0.0302
003620 0.6304 0.3403 0.0000 0.0293
003640 0.6327 0.3379 0.0000 0.0294
003660 0.6332 0.3355 0.0000 0.0314
003680 0.6276 0.3392 0.0000 0.0332
003700 0.6217 0.3472 0.0000 0.0311
003720 0.6147 0.3516 0.0000 0.0337
003740 0.6032 0.3610 0.0000 0.0359
003760 0.5946 0.3714 0.0000 0.0341
003780 0.5991 0.3699 0.0000 0.0311
003800 0.6052 0.3645 0.0000 0.0303
003820 0.6120 0.3591 0.0000 0.0289
003840 0.6187 0.3516 0.0000 0.0297
003860 0.6219 0.3474 0.0000 0.0307
003880 0.6224 0.3469 0.0000 0.0307
003900 0.6213 0.3474 0.0000 0.0314
003920 0.6251 0.3441 0.0000 0.0309
003940 0.6290 0.3410 0.0000 0.0300
003960 0.6312 0.3376 0.0000 0.0312
003980 0.6312 0.3369 0.0000 0.0318
004000 0.6271 0.3395 0.0000 0.0334
004020 0.6197 0.3476 0.0000 0.0327
004040 0.6144 0.3531 0.0000 0.0325
004060 0.6130 0.3551 0.0000 0.0320
004080 0.6105 0.3555 0.0000 0.0341
004100 0.6061 0.3603 0.0000 0.0336
004120 0.6058 0.3621 0.0000 0.0321
004140 0.6088 0.3618 0.0000 0.0294
004160 0.6122 0.3575 0.0000 0.0303
004180 0.6127 0.3569 0.0000 0.0304
004200 0.6174 0.3519 0.0000 0.0306
004220 0.6202 0.3497 0.0000 0.0300
004240 0.6217 0.3485 0.0000 0.0298
004260 0.6238 0.3464 0.0000 0.0298
004280 0.6241 0.3450 0.0000 0.0309
004300 0.6276 0.3430 0.0000 0.0294
004320 0.6288 0.3393 0.0000 0.0319
004340 0.6273 0.3404 0.0000 0.0322
004360 0.6234 0.3444 0.0000 0.0322
004380 0.6163 0.3501 0.0000 0.0336
004400 0.6105 0.3562 0.0000 0.0333
004420 0.6121 0.3578 0.0000 0.0302
004440 0.6237 0.3482 0.0000 0.0281
004460 0.6338 0.3383 0.0000 0.0279
004480 0.6380 0.3316 0.0000 0.0303
004500 0.6369 0.3312 0.0000 0.0318
004520 0.6271 0.3379 0.0000 0.0349
004540 0.6165 0.3479 0.0000 0.0356
004560 0.6082 0.3580 0.0000 0.0338
004580 0.6055 0.3615 0.0000 0.0330
004600 0.6025 0.3649 0.0000 0.0326
004620 0.6001 0.3663 0.0000 0.0336
004640 0.6008 0.3676 0.0000 0.0316
004660 0.6052 0.3638 0.0000 0.0310
004680 0.6114 0.3591 0.0000 0.0295
004700 0.6161 0.3556 0.0000 0.0283
004720 0.6178 0.3515 0.0000 0.0307
004740 0.6222 0.3481 0.0000 0.0297
004760 0.6277 0.3434 0.0000 0.0290
004780 0.6293 0.3401 0.0000 0.0306
004800 0.6278 0.3389 0.0000 0.0333
004820 0.6188 0.3463 0.0000 0.0350
004840 0.6076 0.3565 0.0000 0.0360
004860 0.5975 0.3684 0.0000 0.0341
004880 0.5979 0.3702 0.0000 0.0319
004900 0.6019 0.3664 0.0000 0.0317
004920 0.6090 0.3601 0.0000 0.0309
004940 0.6139 0.3555 0.0000 0.0306
004960 0.6219 0.3487 0.0000 0.0294
004980 0.6264 0.3442 0.0000 0.0294
005000 0.6335 0.3381 0.0000 0.0283
005020 0.6400 0.3309 0.0000 0.0290
005040 0.6425 0.3271 0.0000 0.0303
005060 0.6414 0.3284 0.0000 0.0302
005080 0.6352 0.3304 0.0000 0.0344
005100 0.6217 0.3405 0.0000 0.0378
005120 0.6021 0.3577 0.0000 0.0402
005140 0.5837 0.3766 0.0000 0.0397
005160 0.5747 0.3900 0.0000 0.0353
005180 0.5766 0.3925 0.0000 0.0309
005200 0.5894 0.3819 0.0000 0.0288
005220 0.6107 0.3643 0.0000 0.0251
005240 0.6335 0.3417 0.0000 0.0248
005260 0.6509 0.3244 0.0000 0.0246
005280 0.6672 0.3076 0.0000 0.0251
005300 0.6741 0.2989 0.0000 0.0270
005320 0.6718 0.2972 0.0000 0.0310
005340 0.6584 0.3074 0.0000 0.0342
005360 0.6419 0.3218 0.0000 0.0363
005380 0.6231 0.3401 0.0000 0.0367
005400 0.6064 0.3562 0.0000 0.0374
005420 0.5922 0.3704 0.0000 0.0374
005440 0.5827 0.3820 0.0000 0.0353
005460 0.5762 0.3874 0.0000 0.0364
005480 0.5765 0.3896 0.0000 0.0339
005500 0.5842 0.3874 0.0000 0.0284
005520 0.5968 0.3750 0.0000 0.0283
005540 0.6107 0.3626 0.0000 0.0267
005560 0.6275 0.3462 0.0000 0.0263
005580 0.6400 0.3345 0.0000 0.0255
005600 0.6479 0.3237 0.0000 0.0285
005620 0.6467 0.3218 0.0000 0.0315
005640 0.6410 0.3255 0.0000 0.0334
005660 0.6291 0.3350 0.0000 0.0359
005680 0.6164 0.3481 0.0000 0.0355
005700 0.6020 0.3605 0.0000 0.0375
005720 0.5885 0.3737 0.0000 0.0379
005740 0.5828 0.3816 0.0000 0.0356
005760 0.5859 0.3816 0.0000 0.0325
005780 0.5988 0.3726 0.0000 0.0286
005800 0.6157 0.3571 0.0000 0.0272
005820 0.6283 0.3446 0.0000 0.0271
005840 0.6363 0.3354 0.0000 0.0283
005860 0.6376 0.3312 0.0000 0.0312
005880 0.6342 0.3328 0.0000 0.0331
005900 0.6293 0.3396 0.0000 0.0311
005920 0.6249 0.3419 0.0000 0.0331
005940 0.6183 0.3486 0.0000 0.0330
005960 0.6150 0.3529 0.0000 0.0321
005980 0.6110 0.3556 0.0000 0.0334
006000 0.6067 0.3591 0.0000 0.0342
006020 0.6014 0.3628 0.0000 0.0359
006040 0.5952 0.3710 0.0000 0.0338
006060 0.5965 0.3725 0.0000 0.0309
006080 0.5992 0.3702 0.0000 0.0306
006100 0.6057 0.3639 0.0000 0.0304
006120 0.6102 0.3596 0.0000 0.0301
006140 0.6163 0.3520 0.0000 0.0316
006160 0.6163 0.3517 0.0000 0.0320
006180 0.6183 0.3493 0.0000 0.0324
006200 0.6148 0.3522 0.0000 0.0330
006220 0.6142 0.3530 0.0000 0.0328
006240 0.6122 0.3559 0.0000 0.0319
006260 0.6104 0.3572 0.0000 0.0324
006280 0.6110 0.3586 0.0000 0.0304
006300 0.6105 0.3573 0.0000 0.0323
006320 0.6097 0.3591 0.0000 0.0312
006340 0.6090 0.3588 0.0000 0.0322
006360 0.6080 0.3598 0.0000 0.0322
006380 0.6173 0.3542 0.0000 0.0285
006400 0.6261 0.3459 0.0000 0.0279
006420 0.6303 0.3398 0.0000 0.0299
006440 0.6324 0.3373 0.0000 0.0302
006460 0.6322 0.3349 0.0000 0.0329
006480 0.6238 0.3410 0.0000 0.0352
006500 0.6145 0.3509 0.0000 0.0346
006520 0.6088 0.3578 0.0000 0.0333
006540 0.6031 0.3641 0.0000 0.0328
006560 0.6046 0.3632 0.0000 0.0322
006580 0.6101 0.3591 0.0000 0.0308
006600 0.6175 0.3541 0.0000 0.0285
006620 0.6255 0.3449 0.0000 0.0296
006640 0.6272 0.3427 0.0000 0.0302
006660 0.6303 0.3394 0.0000 0.0303
006680 0.6343 0.3360 0.0000 0.0297
006700 0.6360 0.3332 0.0000 0.0308
006720 0.6352 0.3324 0.0000 0.0324
006740 0.6315 0.3332 0.0000 0.0353
006760 0.6235 0.3430 0.0000 0.0335
006780 0.6170 0.3495 0.0000 0.0335
006800 0.6082 0.3583 0.0000 0.0335
006820 0.6045 0.3630 0.0000 0.0326
006840 0.6016 0.3639 0.0000 0.0346
006860 0.5934 0.3723 0.0000 0.0343
006880 0.5903 0.3770 0.0000 0.0327
006900 0.5951 0.3757 0.0000 0.0291
006920 0.6078 0.3635 0.0000 0.0287
006940 0.6188 0.3528 0.0000 0.0284
006960 0.6309 0.3415 0.0000 0.0277
006980 0.6379 0.3318 0.0000 0.0303
007000 0.6399 0.3293 0.0000 0.0308
007020 0.6375 0.3308 0.0000 0.0317
007040 0.6334 0.3336 0.0000 0.0330
007060 0.6232 0.3424 0.0000 0.0344
007080 0.6144 0.3523 0.0000 0.0333
007100 0.6068 0.3605 0.0000 0.0328
007120 0.6076 0.3621 0.0000 0.0303
007140 0.6091 0.3600 0.0000 0.0309
007160 0.6090 0.3579 0.0000 0.0331
007180 0.6098 0.3582 0.0000 0.0320
007200 0.6113 0.3574 0.0000 0.0312
007220 0.6151 0.3544 0.0000 0.0305
007240 0.6209 0.3515 0.0000 0.0276
007260 0.6322 0.3411 0.0000 0.0267
007280 0.6411 0.3314 0.0000 0.0275
007300 0.6426 0.3269 0.0000 0.0305
007320 0.6351 0.3317 0.0000 0.0332
007340 0.6289 0.3384 0.0000 0.0327
007360 0.6250 0.3426 0.0000 0.0324
007380 0.6173 0.3493 0.0000 0.0334
007400 0.6110 0.3558 0.0000 0.0332
007420 0.6088 0.3589 0.0000 0.0323
007440 0.6108 0.3581 0.0000 0.0310
007460 0.6160 0.3551 0.0000 0.0289
007480 0.6257 0.3464 0.0000 0.0279
007500 0.6345 0.3372 0.0000 0.0283
007520 0.6388 0.3324 0.0000 0.0289
007540 0.6371 0.3314 0.0000 0.0315
007560 0.6301 0.3373 0.0000 0.0326
007580 0.6210 0.3429 0.0000 0.0362
007600 0.6054 0.3580 0.0000 0.0366
007620 0.5994 0.3670 0.0000 0.0337
007640 0.5958 0.3705 0.0000 0.0337
007660 0.5940 0.3734 0.0000 0.0326
007680 0.6002 0.3695 0.0000 0.0302
007700 0.6060 0.3643 0.0000 0.0297
007720 0.6136 0.3566 0.0000 0.0298
007740 0.6228 0.3473 0.0000 0.0299
007760 0.6305 0.3397 0.0000 0.0298
007780 0.6343 0.3364 0.0000 0.0293
007800 0.6353 0.3343 0.0000 0.0304
007820 0.6318 0.3381 0.0000 0.0300
007840 0.6329 0.3363 0.0000 0.0308
007860 0.6274 0.3393 0.0000 0.0334
007880 0.6182 0.3476 0.0000 0.0341
007900 0.6120 0.3546 0.0000 0.0334
007920 0.6081 0.3589 0.0000 0.0330
007940 0.6096 0.3574 0.0000 0.0331
007960 0.6113 0.3575 0.0000 0.0313
007980 0.6140 0.3549 0.0000 0.0311
008000 0.6189 0.3492 0.0000 0.0319
008020 0.6245 0.3461 0.0000 0.0294
008040 0.6313 0.3404 0.0000 0.0282
008060 0.6338 0.3379 0.0000 0.0282
008080 0.6303 0.3389 0.0000 0.0308
008100 0.6251 0.3426 0.0000 0.0323
008120 0.6180 0.3485 0.0000 0.0335
008140 0.6126 0.3524 0.0000 0.0349
008160 0.6033 0.3583 0.0000 0.0384
008180 0.5946 0.3686 0.0000 0.0368
008200 0.5879 0.3746 0.0000 0.0375
008220 0.5829 0.3822 0.0000 0.0348
008240 0.5884 0.3815 0.0000 0.0301
008260 0.6000 0.3722 0.0000 0.0277
008280 0.6193 0.3562 0.0000 0.0245
008300 0.6372 0.3376 0.0000 0.0252
008320 0.6461 0.3262 0.0000 0.0277
008340 0.6466 0.3238 0.0000 0.0297
008360 0.6452 0.3240 0.0000 0.0308
008380 0.6382 0.3282 0.0000 0.0335
008400 0.6259 0.3390 0.0000 0.0352
008420 0.6126 0.3504 0.0000 0.0370
008440 0.5989 0.3651 0.0000 0.0360
008460 0.5908 0.3755 0.0000 0.0336
008480 0.5906 0.3776 0.0000 0.0319
008500 0.5972 0.3731 0.0000 0.0297
008520 0.6043 0.3658 0.0000 0.0299
008540 0.6134 0.3571 0.0000 0.0295
008560 0.6168 0.3505 0.0000 0.0327
008580 0.6191 0.3492 0.0000 0.0318
008600 0.6213 0.3498 0.0000 0.0289
008620 0.6255 0.3455 0.0000 0.0290
008640 0.6317 0.3399 0.0000 0.0284
008660 0.6360 0.3330 0.0000 0.0310
008680 0.6377 0.3311 0.0000 0.0312
008700 0.6344 0.3329 0.0000 0.0327
008720 0.6306 0.3361 0.0000 0.0333
008740 0.6194 0.3453 0.0000 0.0353
008760 0.6090 0.3566 0.0000 0.0344
008780 0.6075 0.3602 0.0000 0.0324
008800 0.6088 0.3606 0.0000 0.0306
008820 0.6156 0.3563 0.0000 0.0281
008840 0.6256 0.3465 0.0000 0.0279
008860 0.6324 0.3373 0.0000 0.0303
008880 0.6360 0.3331 0.0000 0.0309
008900 0.6362 0.3340 0.0000 0.0298
008920 0.6358 0.3340 0.0000 0.0302
008940 0.6318 0.3358 0.0000 0.0324
008960 0.6261 0.3405 0.0000 0.0334
008980 0.6150 0.3496 0.0000 0.0353
009000 0.6062 0.3585 0.0000 0.0352
009020 0.5988 0.3656 0.0000 0.0356
009040 0.5903 0.3738 0.0000 0.0359
009060 0.5859 0.3799 0.0000 0.0342
009080 0.5901 0.3791 0.0000 0.0308
009100 0.5973 0.3708 0.0000 0.0319
009120 0.6000 0.3668 0.0000 0.0332
009140 0.6016 0.3653 0.0000 0.0331
009160 0.6033 0.3654 0.0000 0.0314
009180 0.6130 0.3577 0.0000 0.0293
009200 0.6185 0.3527 0.0000 0.0288
009220 0.6251 0.3463 0.0000 0.0286
009240 0.6314 0.3390 0.0000 0.0296
009260 0.6337 0.3355 0.0000 0.0308
009280 0.6319 0.3367 0.0000 0.0315
009300 0.6324 0.3367 0.0000 0.0309
009320 0.6292 0.3394 0.0000 0.0314
009340 0.6229 0.3431 0.0000 0.0339
009360 0.6202 0.3483 0.0000 0.0315
009380 0.6219 0.3473 0.0000 0.0309
009400 0.6228 0.3454 0.0000 0.0318
009420 0.6206 0.3479 0.0000 0.0315
009440 0.6184 0.3497 0.0000 0.0319
009460 0.6137 0.3530 0.0000 0.0333
009480 0.6080 0.3574 0.0000 0.0347
009500 0.6058 0.3609 0.0000 0.0333
009520 0.5979 0.3667 0.0000 0.0355
009540 0.5926 0.3729 0.0000 0.0344
009560 0.5936 0.3737 0.0000 0.0327
009580 0.5941 0.3730 0.0000 0.0329
009600 0.5971 0.3704 0.0000 0.0325
009620 0.6037 0.3647 0.0000 0.0316
009640 0.6033 0.3641 0.0000 0.0326
009660 0.6040 0.3647 0.0000 0.0313
009680 0.6155 0.3583 0.0000 0.0262
009700 0.6256 0.3464 0.0000 0.0280
009720 0.6306 0.3392 0.0000 0.0301
009740 0.6343 0.3329 0.0000 0.0327
009760 0.6288 0.3371 0.0000 0.0341
009780 0.6214 0.3438 0.0000 0.0348
009800 0.6123 0.3531 0.0000 0.0346
009820 0.6055 0.3607 0.0000 0.0338
009840 0.6049 0.3620 0.0000 0.0331
009860 0.6015 0.3638 0.0000 0.0348
009880 0.5961 0.3700 0.0000 0.0339
009900 0.5929 0.3729 0.0000 0.0342
009920 0.5930 0.3757 0.0000 0.0313
009940 0.6013 0.3686 0.0000 0.0301
009960 0.6116 0.3606 0.0000 0.0278
009980 0.6213 0.3503 0.0000 0.0283
010000 0.6276 0.3429 0.0000 0.0295
010020 0.6302 0.3390 0.0000 0.0307
010040 0.6306 0.3372 0.0000 0.0322
010060 0.6302 0.3382 0.0000 0.0316
010080 0.6302 0.3382 0.0000 0.0316
010100 0.6302 0.3382 0.0000 0.0316
010120 0.6302 0.3382 0.0000 0.0316
010140 0.6302 0.3382 0.0000 0.0316
010160 0.6302 0.3382 0.0000 0.0316
010180 0.6302 0.3382 0.0000 0.0316
010200 0.6302 0.3382 0.0000 0.0316
010220 0.6302 0.3382 0.0000 0.0316
010240 0.6302 0.3382 0.0000 0.0316
010260 0.6302 0.3382 0.0000 0.0316
010280 0.6302 0.3382 0.0000 0.0316
010300 0.6302 0.3382 0.0000 0.0316
010320 0.6302 0.3382 0.0000 0.0316
010340 0.6302 0.3382 0.0000 0.0316
010360 0.6302 0.3382 0.0000 0.0316
010380 0.6302 0.3382 0.0000 0.0316
010400 0.6302 0.3382 0.0000 0.0316
010420 0.6302 0.3382 0.0000 0.0316
010440 0.6302 0.3382 0.0000 0.0316
010460 0.6302 0.3382 0.0000 0.0316
010480 0.6302 0.3382 0.0000 0.0316
010500 0.6302 0.3382 0.0000 0.0316
010520 0.6302 0.3382 0.0000 0.0316
010540 0.6302 0.3382 0.0000 0.0316
010560 0.6302 0.3382 0.0000 0.0316
010580 0.6302 0.3382 0.0000 0.0316
010600 0.6302 0.3382 0.0000 0.0316
010620 0.6302 0.3382 0.0000 0.0316
010640 0.6302 0.3382 0.0000 0.0316
010660 0.6302 0.3382 0.0000 0.0316
010680 0.6302 0.3382 0.0000 0.0316
010700 0.6302 0.3382 0.0000 0.0316
010720 0.6302 0.3382 0.0000 0.0316
010740 0.6302 0.3382 0.0000 0.0316
010760 0.6302 0.3382 0.0000 0.0316
010780 0.6302 0.3382 0.0000 0.0316
010800 0.6302 0.3382 0.0000 0.0316
010820 0.6302 0.3382 0.0000 0.0316
010840 0.6302 0.3382 0.0000 0.0316
010860 0.6302 0.3382 0.0000 0.0316
010880 0.6302 0.3382 0.0000 0.0316
010900 0.6302 0.3382 0.0000 0.0316
010920 0.6302 0.3382 0.0000 0.0316
010940 0.6302 0.3382 0.0000 0.0316
010960 0.6302 0.3382 0.0000 0.0316
010980 0.6302 0.3382 0.0000 0.0316
011000 0.6302 0.3382 0.0000 0.0316
011020 0.6302 0.3382 0.0000 0.0316
011040 0.6302 0.3382 0.0000 0.0316
011060 0.6302 0.3382 0.0000 0.0316
011080 0.6302 0.3382 0.0000 0.0316
011100 0.6302 0.3382 0.0000 0.0316
011120 0.6302 0.3382 0.0000 0.0316
011140 0.6302 0.3382 0.0000 0.0316
011160 0.6302 0.3382 0.0000 0.0316
011180 0.6302 0.3382 0.0000 0.0316
011200 0.6302 0.3382 0.0000 0.0316
011220 0.6302 0.3382 0.0000 0.0316
011240 0.6302 0.3382 0.0000 0.0316
011260 0.6302 0.3382 0.0000 0.0316
011280 0.6302 0.3382 0.0000 0.0316
011300 0.6302 0.3382 0.0000 0.0316
011320 0.6302 0.3382 0.0000 0.0316
011340 0.6302 0.3382 0.0000 0.0316
011360 0.6302 0.3382 0.0000 0.0316
011380 0.6302 0.3382 0.0000 0.0316
011400 0.6302 0.3382 0.0000 0.0316
011420 0.6302 0.3382 0.0000 0.0316
011440 0.6302 0.3382 0.0000 0.0316
011460 0.6302 0.3382 0.0000 0.0316
011480 0.6302 0.3382 0.0000 0.0316
011500 0.6302 0.3382 0.0000 0.0316
011520 0.6302 0.3382 0.0000 0.0316
011540 0.6302 0.3382 0.0000 0.0316
011560 0.6302 0.3382 0.0000 0.0316
011580 0.6302 0.3382 0.0000 0.0316
011600 0.6302 0.3382 0.0000 0.0316
011620 0.6302 0.3382 0.0000 0.0316
011640 0.6302 0.3382 0.0000 0.0316
011660 0.6302 0.3382 0.0000 0.0316
011680 0.6302 0.3382 0.0000 0.0316
011700 0.6302 0.3382 0.0000 0.0316
011720 0.6302 0.3382 0.0000 0.0316
011740 0.6302 0.3382 0.0000 0.0316
011760 0.6302 0.3382 0.0000 0.0316
011780 0.6302 0.3382 0.0000 0.0316
011800 0.6302 0.3382 0.0000 0.0316
011820 0.6302 0.3382 0.0000 0.0316
011840 0.6302 0.3382 0.0000 0.0316
011860 0.6302 0.3382 0.0000 0.0316
011880 0.6302 0.3382 0.0000 0.0316
011900 0.6302 0.3382 0.0000 0.0316
011920 0.6302 0.3382 0.0000 0.0316
011940 0.6302 0.3382 0.0000 0.0316
011960 0.6302 0.3382 0.0000 0.0316
011980 0.6302 0.3382 0.0000 0.0316
012000 0.6302 0.3382 0.0000 0.0316
012020 0.6302 0.3382 0.0000 0.0316
012040 0.6302 0.3382 0.0000 0.0316
012060 0.6302 0.3382 0.0000 0.0316
012080 0.6302 0.3382 0.0000 0.0316
012100 0.6302 0.3382 0.0000 0.0316
012120 0.6302 0.3382 0.0000 0.0316
012140 0.6302 0.3382 0.0000 0.0316
012160 0.6302 0.3382 0.0000 0.0316
012180 0.6302 0.3382 0.0000 0.0316
012200 0.6302 0.3382 0.0000 0.0316
012220 0.6302 0.3382 0.0000 0.0316
012240 0.6302 0.3382 0.0000 0.0316
012260 0.6302 0.3382 0.0000 0.0316
012280 0.6302 0.3382 0.0000 0.0316
012300 0.6302 0.3382 0.0000 0.0316
012320 0.6302 0.3382 0.0000 0.0316
012340 0.6302 0.3382 0.0000 0.0316
012360 0.6302 0.3382 0.0000 0.0316
012380 0.6302 0.3382 0.0000 0.0316
012400 0.6302 0.3382 0.0000 0.0316
012420 0.6302 0.3382 0.0000 0.0316
012440 0.6302 0.3382 0.0000 0.0316
012460 0.6302 0.3382 0.0000 0.0316
012480 0.6302 0.3382 0.0000 0.0316
012500 0.6302 0.3382 0.0000 0.0316
012520 0.6302 0.3382 0.0000 0.0316
012540 0.6302 0.3382 0.0000 0.0316
012560 0.6302 0.3382 0.0000 0.0316
012580 0.6302 0.3382 0.0000 0.0316
012600 0.6302 0.3382 0.0000 0.0316
012620 0.6302 0.3382 0.0000 0.0316
012640 0.6302 0.3382 0.0000 0.0316
012660 0.6302 0.3382 0.0000 0.0316
012680 0.6302 0.3382 0.0000 0.0316
012700 0.6302 0.3382 0.0000 0.0316
012720 0.6302 0.3382 0.0000 0.0316
012740 0.6302 0.3382 0.0000 0.0316
012760 0.6302 0.3382 0.0000 0.0316
012780 0.6302 0.3382 0.0000 0.0316
012800 0.6302 0.3382 0.0000 0.0316
012820 0.6302 0.3382 0.0000 0.0316
012840 0.6302 0.3382 0.0000 0.0316
012860 0.6302 0.3382 0.0000 0.0316
012880 0.6302 0.3382 0.0000 0.0316
012900 0.6302 0.3382 0.0000 0.0316
012920 0.6302 0.3382 0.0000 0.0316
012940 0.6302 0.3382 0.0000 0.0316
012960 0.6302 0.3382 0.0000 0.0316
012980 0.6302 0.3382 0.0000 0.0316
013000 0.6302 0.3382 0.0000 0.0316
013020 0.6302 0.3382 0.0000 0.0316
013040 0.6302 0.3382 0.0000 0.0316
013060 0.6302 0.3382 0.0000 0.0316
013080 0.6302 0.3382 0.0000 0.0316
013100 0.6302 0.3382 0.0000 0.0316
013120 0.6302 0.3382 0.0000 0.0316
013140 0.6302 0.3382 0.0000 0.0316
013160 0.6302 0.3382 0.0000 0.0316
013180 0.6302 0.3382 0.0000 0.0316
013200 0.6302 0.3382 0.0000 0.0316
013220 0.6302 0.3382 0.0000 0.0316
013240 0.6302 0.3382 0.0000 0.0316
013260 0.6302 0.3382 0.0000 0.0316
013280 0.6302 0.3382 0.0000 0.0316
013300 0.6302 0.3382 0.0000 0.0316
013320 0.6302 0.3382 0.0000 0.0316
013340 0.6302 0.3382 0.0000 0.0316
013360 0.6302 0.3382 0.0000 0.0316
013380 0.6302 0.3382 0.0000 0.0316
013400 0.6302 0.3382 0.0000 0.0316
013420 0.6302 0.3382 0.0000 0.0316
013440 0.6302 0.3382 0.0000 0.0316
013460 0.6302 0.3382 0.0000 0.0316
013480 0.6302 0.3382 0.0000 0.0316
013500 0.6302 0.3382 0.0000 0.0316
013520 0.6302 0.3382 0.0000 0.0316
013540 0.6302 0.3382 0.0000 0.0316
013560 0.6302 0.3382 0.0000 0.0316
013580 0.6302 0.3382 0.0000 0.0316
013600 0.6302 0.3382 0.0000 0.0316
013620 0.6302 0.3382 0.0000 0.0316
013640 0.6302 0.3382 0.0000 0.0316
013660 0.6302 0.3382 0.0000 0.0316
013680 0.6302 0.3382 0.0000 0.0316
013700 0.6302 0.3382 0.0000 0.0316
013720 0.6302 0.3382 0.0000 0.0316
013740 0.6302 0.3382 0.0000 0.0316
013760 0.6302 0.3382 0.0000 0.0316
013780 0.6302 0.3382 0.0000 0.0316
013800 0.6302 0.3382 0.0000 0.0316
013820 0.6302 0.3382 0.0000 0.0316
013840 0.6302 0.3382 0.0000 0.0316
013860 0.6302 0.3382 0.0000 0.0316
013880 0.6302 0.3382 0.0000 0.0316
013900 0.6302 0.3382 0.0000 0.0316
013920 0.6302 0.3382 0.0000 0.0316
013940 0.6302 0.3382 0.0000 0.0316
013960 0.6302 0.3382 0.0000 0.0316
013980 0.6302 0.3382 0.0000 0.0316
014000 0.6302 0.3382 0.0000 0.0316
014020 0.6302 0.3382 0.0000 0.0316
014040 0.6302 0.3382 0.0000 0.0316
014060 0.6302 0.3382 0.0000 0.0316
014080 0.6302 0.3382 0.0000 0.0316
014100 0.6302 0.3382 0.0000 0.0316
014120 0.6302 0.3382 0.0000 0.0316
014140 0.6302 0.3382 0.0000 0.0316
014160 0.6302 0.3382 0.0000 0.0316
014180 0.6302 0.3382 0.0000 0.0316
014200 0.6302 0.3382 0.0000 0.0316
014220 0.6302 0.3382 0.0000 0.0316
014240 0.6302 0.3382 0.0000 0.0316
014260 0.6302 0.3382 0.0000 0.0316
014280 0.6302 0.3382 0.0000 0.0316
014300 0.6302 0.3382 0.0000 0.0316
014320 0.6302 0.3382 0.0000 0.0316
014340 0.6302 0.3382 0.0000 0.0316
014360 0.6302 0.3382 0.0000 0.0316
014380 0.6302 0.3382 0.0000 0.0316
014400 0.6302 0.3382 0.0000 0.0316
014420 0.6302 0.3382 0.0000 0.0316
014440 0.6302 0.3382 0.0000 0.0316
014460 0.6302 0.3382 0.0000 0.0316
014480 0.6302 0.3382 0.0000 0.0316
014500 0.6302 0.3382 0.0000 0.0316
014520 0.6302 0.3382 0.0000 0.0316
014540 0.6302 0.3382 0.0000 0.0316
014560 0.6302 0.3382 0.0000 0.0316
014580 0.6302 0.3382 0.0000 0.0316
014600 0.6302 0.3382 0.0000 0.0316
014620 0.6302 0.3382 0.0000 0.0316
014640 0.6302 0.3382 0.0000 0.0316
014660 0.6302 0.3382 0.0000 0.0316
014680 0.6302 0.3382 0.0000 0.0316
014700 0.6302 0.3382 0.0000 0.0316
014720 0.6302 0.3382 0.0000 0.0316
014740 0.6302 0.3382 0.0000 0.0316
014760 0.6302 0.3382 0.0000 0.0316
014780 0.6302 0.3382 0.0000 0.0316
014800 0.6302 0.3382 0.0000 0.0316
014820 0.6302 0.3382 0.0000 0.0316
014840 0.6302 0.3382 0.0000 0.0316
014860 0.6302 0.3382 0.0000 0.0316
014880 0.6302 0.3382 0.0000 0.0316
014900 0.6302 0.3382 0.0000 0.0316
014920 0.6302 0.3382 0.0000 0.0316
014940 0.6302 0.3382 0.0000 0.0316
014960 0.6302 0.3382 0.0000 0.0316
014980 0.6302 0.3382 0.0000 0.0316
015000 0.6302 0.3382 0.0000 0.0316
015020 0.6302 0.3382 0.0000 0.0316
015040 0.6302 0.3382 0.0000 0.0316
015060 0.6302 0.3382 0.0000 0.0316
015080 0.6302 0.3382 0.0000 0.0316
015100 0.6302 0.3382 0.0000 0.0316
015120 0.6302 0.3382 0.0000 0.0316
015140 0.6302 0.3382 0.0000 0.0316
015160 0.6302 0.3382 0.0000 0.0316
015180 0.6302 0.3382 0.0000 0.0316
015200 0.6302 0.3382 0.0000 0.0316
015220 0.6302 0.3382 0.0000 0.0316
015240 0.6302 0.3382 0.0000 0.0316
015260 0.6302 0.3382 0.0000 0.0316
015280 0.6302 0.3382 0.0000 0.0316
015300 0.6302 0.3382 0.0000 0.0316
015320 0.6302 0.3382 0.0000 0.0316
015340 0.6302 0.3382 0.0000 0.0316
015360 0.6302 0.3382 0.0000 0.0316
015380 0.6302 0.3382 0.0000 0.0316
015400 0.6302 0.3382 0.0000 0.0316
015420 0.6302 0.3382 0.0000 0.0316
015440 0.6302 0.3382 0.0000 0.0316
015460 0.6302 0.3382 0.0000 0.0316
015480 0.6302 0.3382 0.0000 0.0316
015500 0.6302 0.3382 0.0000 0.0316
015520 0.6302 0.3382 0.0000 0.0316
015540 0.6302 0.3382 0.0000 0.0316
015560 0.6302 0.3382 0.0000 0.0316
015580 0.6302 0.3382 0.0000 0.0316
015600 0.6302 0.3382 0.0000 0.0316
015620 0.6302 0.3382 0.0000 0.0316
015640 0.6302 0.3382 0.0000 0.0316
015660 0.6302 0.3382 0.0000 0.0316
015680 0.6302 0.3382 0.0000 0.0316
015700 0.6302 0.3382 0.0000 0.0316
015720 0.6302 0.3382 0.0000 0.0316
015740 0.6302 0.3382 0.0000 0.0316
015760 0.6302 0.3382 0.0000 0.0316
015780 0.6302 0.3382 0.0000 0.0316
015800 0.6302 0.3382 0.0000 0.0316
015820 0.6302 0.3382 0.0000 0.0316
015840 0.6302 0.3382 0.0000 0.0316
015860 0.6302 0.3382 0.0000 0.0316
015880 0.6302 0.3382 0.0000 0.0316
015900 0.6302 0.3382 0.0000 0.0316
015920 0.6302 0.3382 0.0000 0.0316
015940 0.6302 0.3382 0.0000 0.0316
015960 0.6302 0.3382 0.0000 0.0316
015980 0.6302 0.3382 0.0000 0.0316
016000 0.6302 0.3382 0.0000 0.0316
016020 0.6302 0.3382 0.0000 0.0316
016040 0.6302 0.3382 0.0000 0.0316
016060 0.6302 0.3382 0.0000 0.0316
016080 0.6302 0.3382 0.0000 0.0316
016100 0.6302 0.3382 0.0000 0.0316
016120 0.6302 0.3382 0.0000 0.0316
016140 0.6302 0.3382 0.0000 0.0316
016160 0.6302 0.3382 0.0000 0.0316
016180 0.6302 0.3382 0.0000 0.0316
016200 0.6302 0.3382 0.0000 0.0316
016220 0.6302 0.3382 0.0000 0.0316
016240 0.6302 0.3382 0.0000 0.0316
016260 0.6302 0.3382 0.0000 0.0316
016280 0.6302 0.3382 0.0000 0.0316
016300 0.6302 0.3382 0.0000 0.0316
016320 0.6302 0.3382 0.0000 0.0316
016340 0.6302 0.3382 0.0000 0.0316
016360 0.6302 0.3382 0.0000 0.0316
016380 0.6302 0.3382 0.0000 0.0316
016400 0.6302 0.3382 0.0000 0.0316
016420 0.6302 0.3382 0.0000 0.0316
016440 0.6302 0.3382 0.0000 0.0316
016460 0.6302 0.3382 0.0000 0.0316
016480 0.6302 0.3382 0.0000 0.0316
016500 0.6302 0.3382 0.0000 0.0316
016520 0.6302 0.3382 0.0000 0.0316
016540 0.6302 0.3382 0.0000 0.0316
016560 0.6302 0.3382 0.0000 0.0316
016580 0.6302 0.3382 0.0000 0.0316
016600 0.6302 0.3382 0.0000 0.0316
016620 0.6302 0.3382 0.0000 0.0316
016640 0.6302 0.3382 0.0000 0.0316
016660 0.6302 0.3382 0.0000 0.0316
016680 0.6302 0.3382 0.0000 0.0316
016700 0.6302 0.3382 0.0000 0.0316
016720 0.6302 0.3382 0.0000 0.0316
016740 0.6302 0.3382 0.0000 0.0316
016760 0.6302 0.3382 0.0000 0.0316
016780 0.6302 0.3382 0.0000 0.0316
016800 0.6302 0.3382 0.0000 0.0316
016820 0.6302 0.3382 0.0000 0.0316
016840 0.6302 0.3382 0.0000 0.0316
016860 0.6302 0.3382 0.0000 0.0316
016880 0.6302 0.3382 0.0000 0.0316
016900 0.6302 0.3382 0.0000 0.0316
016920 0.6302 0.3382 0.0000 0.0316
016940 0.6302 0.3382 0.0000 0.0316
016960 0.6302 0.3382 0.0000 0.0316
016980 0.6302 0.3382 0.0000 0.0316
017000 0.6302 0.3382 0.0000 0.0316
017020 0.6302 0.3382 0.0000 0.0316
017040 0.6302 0.3382 0.0000 0.0316
017060 0.6302 0.3382 0.0000 0.0316
017080 0.6302 0.3382 0.0000 0.0316
017100 0.6302 0.3382 0.0000 0.0316
017120 0.6302 0.3382 0.0000 0.0316
017140 0.6302 0.3382 0.0000 0.0316
017160 0.6302 0.3382 0.0000 0.0316
017180 0.6302 0.3382 0.0000 0.0316
017200 0.6302 0.3382 0.0000 0.0316
017220 0.6302 0.3382 0.0000 0.0316
017240 0.6302 0.3382 0.0000 0.0316
017260 0.6302 0.3382 0.0000 0.0316
017280 0.6302 0.3382 0.0000 0.0316
017300 0.6302 0.3382 0.0000 0.0316
017320 0.6302 0.3382 0.0000 0.0316
017340 0.6302 0.3382 0.0000 0.0316
017360 0.6302 0.3382 0.0000 0.0316
017380 0.6302 0.3382 0.0000 0.0316
017400 0.6302 0.3382 0.0000 0.0316
017420 0.6302 0.3382 0.0000 0.0316
017440 0.6302 0.3382 0.0000 0.0316
017460 0.6302 0.3382 0.0000 0.0316
017480 0.6302 0.3382 0.0000 0.0316
017500 0.6302 0.3382 0.0000 0.0316
017520 0.6302 0.3382 0.0000 0.0316
017540 0.6302 0.3382 0.0000 0.0316
017560 0.6302 0.3382 0.0000 0.0316
017580 0.6302 0.3382 0.0000 0.0316
017600 0.6302 0.3382 0.0000 0.0316
017620 0.6302 0.3382 0.0000 0.0316
017640 0.6302 0.3382 0.0000 0.0316
017660 0.6302 0.3382 0.0000 0.0316
017680 0.6302 0.3382 0.0000 0.0316
017700 0.6302 0.3382 0.0000 0.0316
017720 0.6302 0.3382 0.0000 0.0316
017740 0.6302 0.3382 0.0000 0.0316
017760 0.6302 0.3382 0.0000 0.0316
017780 0.6302 0.3382 0.0000 0.0316
017800 0.6302 0.3382 0.0000 0.0316
017820 0.6302 0.3382 0.0000 0.0316
017840 0.6302 0.3382 0.0000 0.0316
017860 0.6302 0.3382 0.0000 0.0316
017880 0.6302 0.3382 0.0000 0.0316
017900 0.6302 0.3382 0.0000 0.0316
017920 0.6302 0.3382 0.0000 0.0316
017940 0.6302 0.3382 0.0000 0.0316
017960 0.6302 0.3382 0.0000 0.0316
017980 0.6302 0.3382 0.0000 0.0316
018000 0.6302 0.3382 0.0000 0.0316
018020 0.6302 0.3382 0.0000 0.0316
018040 0.6302 0.3382 0.0000 0.0316
018060 0.6302 0.3382 0.0000 0.0316
018080 0.6302 0.3382 0.0000 0.0316
018100 0.6302 0.3382 0.0000 0.0316
018120 0.6302 0.3382 0.0000 0.0316
018140 0.6302 0.3382 0.0000 0.0316
018160 0.6302 0.3382 0.0000 0.0316
018180 0.6302 0.3382 0.0000 0.0316
018200 0.6302 0.3382 0.0000 0.0316
018220 0.6302 0.3382 0.0000 0.0316
018240 0.6302 0.3382 0.0000 0.0316
018260 0.6302 0.3382 0.0000 0.0316
018280 0.6302 0.3382 0.0000 0.0316
018300 0.6302 0.3382 0.0000 0.0316
018320 0.6302 0.3382 0.0000 0.0316
018340 0.6302 0.3382 0.0000 0.0316
018360 0.6302 0.3382 0.0000 0.0316
018380 0.6302 0.3382 0.0000 0.0316
018400 0.6302 0.3382 0.0000 0.0316
018420 0.6302 0.3382 0.0000 0.0316
018440 0.6302 0.3382 0.0000 0.0316
018460 0.6302 0.3382 0.0000 0.0316
018480 0.6302 0.3382 0.0000 0.0316
018500 0.6302 0.3382 0.0000 0.0316
018520 0.6302 0.3382 0.0000 0.0316
018540 0.6302 0.3382 0.0000 0.0316
018560 0.6302 0.3382 0.0000 0.0316
018580 0.6302 0.3382 0.0000 0.0316
018600 0.6302 0.3382 0.0000 0.0316
018620 0.6302 0.3382 0.0000 0.0316
018640 0.6302 0.3382 0.0000 0.0316
018660 0.6302 0.3382 0.0000 0.0316
018680 0.6302 0.3382 0.0000 0.0316
018700 0.6302 0.3382 0.0000 0.0316
018720 0.6302 0.3382 0.0000 0.0316
018740 0.6302 0.3382 0.0000 0.0316
018760 0.6302 0.3382 0.0000 0.0316
018780 0.6302 0.3382 0.0000 0.0316
018800 0.6302 0.3382 0.0000 0.0316
018820 0.6302 0.3382 0.0000 0.0316
018840 0.6302 0.3382 0.0000 0.0316
018860 0.6302 0.3382 0.0000 0.0316
018880 0.6302 0.3382 0.0000 0.0316
018900 0.6302 0.3382 0.0000 0.0316
018920 0.6302 0.3382 0.0000 0.0316
018940 0.6302 0.3382 0.0000 0.0316
018960 0.6302 0.3382 0.0000 0.0316
018980 0.6302 0.3382 0.0000 0.0316
019000 0.6302 0.3382 0.0000 0.0316
019020 0.6302 0.3382 0.0000 0.0316
019040 0.6302 0.3382 0.0000 0.0316
019060 0.6302 0.3382 0.0000 0.0316
019080 0.6302 0.3382 0.0000 0.0316
019100 0.6302 0.3382 0.0000 0.0316
019120 0.6302 0.3382 0.0000 0.0316
019140 0.6302 0.3382 0.0000 0.0316
019160 0.6302 0.3382 0.0000 0.0316
019180 0.6302 0.3382 0.0000 0.0316
019200 0.6302 0.3382 0.0000 0.0316
019220 0.6302 0.3382 0.0000 0.0316
019240 0.6302 0.3382 0.0000 0.0316
019260 0.6302 0.3382 0.0000 0.0316
019280 0.6302 0.3382 0.0000 0.0316
019300 0.6302 0.3382 0.0000 0.0316
019320 0.6302 0.3382 0.0000 0.0316
019340 0.6302 0.3382 0.0000 0.0316
019360 0.6302 0.3382 0.0000 0.0316
019380 0.6302 0.3382 0.0000 0.0316
019400 0.6302 0.3382 0.0000 0.0316
019420 0.6302 0.3382 0.0000 0.0316
019440 0.6302 0.3382 0.0000 0.0316
019460 0.6302 0.3382 0.0000 0.0316
019480 0.6302 0.3382 0.0000 0.0316
019500 0.6302 0.3382 0.0000 0.0316
019520 0.6302 0.3382 0.0000 0.0316
019540 0.6302 0.3382 0.0000 0.0316
019560 0.6302 0.3382 0.0000 0.0316
019580 0.6302 0.3382 0.0000 0.0316
019600 0.6302 0.3382 0.0000 0.0316
019620 0.6302 0.3382 0.0000 0.0316
019640 0.6302 0.3382 0.0000 0.0316
019660 0.6302 0.3382 0.0000 0.0316
019680 0.6302 0.3382 0.0000 0.0316
019700 0.6302 0.3382 0.0000 0.0316
019720 0.6302 0.3382 0.0000 0.0316
019740 0.6302 0.3382 0.0000 0.0316
019760 0.6302 0.3382 0.0000 0.0316
019780 0.6302 0.3382 0.0000 0.0316
019800 0.6302 0.3382 0.0000 0.0316
019820 0.6302 0.3382 0.0000 0.0316
019840 0.6302 0.3382 0.0000 0.0316
019860 0.6302 0.3382 0.0000 0.0316
019880 0.6302 0.3382 0.0000 0.0316
019900 0.6302 0.3382 0.0000 0.0316
019920 0.6302 0.3382 0.0000 0.0316
019940 0.6302 0.3382 0.0000 0.0316
019960 0.6302 0.3382 0.0000 0.0316
019980 0.6302 0.3382 0.0000 0.0316
020000 0.6302 0.3382 0.0000 0.0316
