000000 0.2500 0.2500 0.2500 0.2500
000020 0.2598 0.2593 0.2294 0.2515
000040 0.2714 0.2691 0.2071 0.2523
000060 0.2827 0.2790 0.1856 0.2527
000080 0.2927 0.2898 0.1663 0.2512
000100 0.3023 0.3009 0.1474 0.2493
000120 0.3107 0.3130 0.1288 0.2476
000140 0.3178 0.3262 0.1113 0.2447
000160 0.3223 0.3407 0.0955 0.2416
000180 0.3247 0.3575 0.0808 0.2370
000200 0.3257 0.3755 0.0676 0.2313
000220 0.3256 0.3944 0.0554 0.2246
000240 0.3255 0.4133 0.0446 0.2167
000260 0.3249 0.4323 0.0352 0.2076
000280 0.3236 0.4504 0.0267 0.1993
000300 0.3218 0.4695 0.0194 0.1892
000320 0.3195 0.4892 0.0131 0.1781
000340 0.3149 0.5106 0.0082 0.1663
000360 0.3094 0.5331 0.0044 0.1531
000380 0.3029 0.5558 0.0019 0.1394
000400 0.2954 0.5787 0.0005 0.1254
000420 0.2875 0.6026 0.0000 0.1099
000440 0.2821 0.6258 0.0000 0.0922
000460 0.2776 0.6497 0.0000 0.0727
000480 0.2739 0.6663 0.0000 0.0598
000500 0.2702 0.6795 0.0000 0.0503
000520 0.2638 0.6935 0.0000 0.0427
000540 0.2577 0.7064 0.0000 0.0359
000560 0.2532 0.7167 0.0000 0.0301
000580 0.2507 0.7241 0.0000 0.0252
000600 0.2585 0.7231 0.0000 0.0184
000620 0.2688 0.7156 0.0000 0.0155
000640 0.2796 0.7074 0.0000 0.0130
000660 0.2895 0.6972 0.0000 0.0133
000680 0.2969 0.6892 0.0000 0.0139
000700 0.3043 0.6802 0.0000 0.0155
000720 0.3080 0.6759 0.0000 0.0161
000740 0.3115 0.6722 0.0000 0.0163
000760 0.3143 0.6691 0.0000 0.0166
000780 0.3181 0.6649 0.0000 0.0170
000800 0.3218 0.6600 0.0000 0.0183
000820 0.3245 0.6565 0.0000 0.0191
000840 0.3258 0.6531 0.0000 0.0211
000860 0.3280 0.6515 0.0000 0.0205
000880 0.3345 0.6455 0.0000 0.0200
000900 0.3417 0.6375 0.0000 0.0208
000920 0.3495 0.6306 0.0000 0.0198
000940 0.3578 0.6227 0.0000 0.0195
000960 0.3664 0.6143 0.0000 0.0192
000980 0.3755 0.6040 0.0000 0.0205
001000 0.3820 0.5967 0.0000 0.0213
001020 0.3885 0.5897 0.0000 0.0218
001040 0.3881 0.5866 0.0000 0.0252
001060 0.3859 0.5884 0.0000 0.0257
001080 0.3849 0.5886 0.0000 0.0265
001100 0.3869 0.5877 0.0000 0.0255
001120 0.3923 0.5835 0.0000 0.0243
001140 0.3994 0.5749 0.0000 0.0257
001160 0.4072 0.5671 0.0000 0.0257
001180 0.4189 0.5568 0.0000 0.0243
001200 0.4330 0.5444 0.0000 0.0226
001220 0.4492 0.5283 0.0000 0.0225
001240 0.4626 0.5139 0.0000 0.0235
001260 0.4713 0.5047 0.0000 0.0241
001280 0.4792 0.4940 0.0000 0.0268
001300 0.4831 0.4887 0.0000 0.0281
001320 0.4850 0.4867 0.0000 0.0283
001340 0.4858 0.4847 0.0000 0.0296
001360 0.4871 0.4824 0.0000 0.0305
001380 0.4850 0.4837 0.0000 0.0313
001400 0.4934 0.4771 0.0000 0.0295
001420 0.5123 0.4618 0.0000 0.0260
001440 0.5341 0.4424 0.0000 0.0235
001460 0.5541 0.4210 0.0000 0.0248
001480 0.5679 0.4046 0.0000 0.0276
001500 0.5726 0.3970 0.0000 0.0304
001520 0.5702 0.3969 0.0000 0.0329
001540 0.5642 0.4004 0.0000 0.0354
001560 0.5510 0.4090 0.0000 0.0401
001580 0.5417 0.4176 0.0000 0.0407
001600 0.5346 0.4261 0.0000 0.0392
001620 0.5375 0.4268 0.0000 0.0357
001640 0.5448 0.4210 0.0000 0.0343
001660 0.5572 0.4098 0.0000 0.0330
001680 0.5692 0.3984 0.0000 0.0325
001700 0.5838 0.3842 0.0000 0.0321
001720 0.5937 0.3743 0.0000 0.0319
001740 0.5962 0.3698 0.0000 0.0340
001760 0.5990 0.3655 0.0000 0.0355
001780 0.5978 0.3633 0.0000 0.0389
001800 0.5907 0.3698 0.0000 0.0395
001820 0.5870 0.3749 0.0000 0.0381
001840 0.5862 0.3759 0.0000 0.0379
001860 0.5852 0.3767 0.0000 0.0381
001880 0.5796 0.3809 0.0000 0.0395
001900 0.5781 0.3823 0.0000 0.0396
001920 0.5769 0.3861 0.0000 0.0370
001940 0.5789 0.3834 0.0000 0.0377
001960 0.5854 0.3792 0.0000 0.0354
001980 0.5937 0.3710 0.0000 0.0353
002000 0.6047 0.3612 0.0000 0.0341
002020 0.6122 0.3527 0.0000 0.0351
002040 0.6142 0.3494 0.0000 0.0364
002060 0.6149 0.3489 0.0000 0.0363
002080 0.6176 0.3475 0.0000 0.0349
002100 0.6180 0.3460 0.0000 0.0361
002120 0.6158 0.3470 0.0000 0.0373
002140 0.6128 0.3494 0.0000 0.0379
002160 0.6074 0.3528 0.0000 0.0398
002180 0.6011 0.3595 0.0000 0.0394
002200 0.5986 0.3632 0.0000 0.0382
002220 0.5948 0.3666 0.0000 0.0387
002240 0.5952 0.3670 0.0000 0.0378
002260 0.6018 0.3629 0.0000 0.0353
002280 0.6123 0.3536 0.0000 0.0342
002300 0.6185 0.3447 0.0000 0.0368
002320 0.6184 0.3437 0.0000 0.0379
002340 0.6132 0.3490 0.0000 0.0378
002360 0.6093 0.3535 0.0000 0.0372
002380 0.6040 0.3577 0.0000 0.0383
002400 0.5996 0.3601 0.0000 0.0403
002420 0.5949 0.3652 0.0000 0.0399
002440 0.5977 0.3651 0.0000 0.0372
002460 0.6009 0.3629 0.0000 0.0362
002480 0.6031 0.3603 0.0000 0.0365
002500 0.6048 0.3562 0.0000 0.0390
002520 0.5994 0.3595 0.0000 0.0410
002540 0.5922 0.3660 0.0000 0.0418
002560 0.5841 0.3757 0.0000 0.0402
002580 0.5850 0.3772 0.0000 0.0377
002600 0.5881 0.3744 0.0000 0.0375
002620 0.5916 0.3707 0.0000 0.0377
002640 0.5942 0.3678 0.0000 0.0380
002660 0.5988 0.3635 0.0000 0.0377
002680 0.5975 0.3642 0.0000 0.0382
002700 0.5966 0.3630 0.0000 0.0405
002720 0.5944 0.3666 0.0000 0.0390
002740 0.5965 0.3670 0.0000 0.0364
002760 0.6030 0.3611 0.0000 0.0359
002780 0.6076 0.3552 0.0000 0.0372
002800 0.6104 0.3522 0.0000 0.0374
002820 0.6135 0.3487 0.0000 0.0378
002840 0.6068 0.3527 0.0000 0.0405
002860 0.6010 0.3584 0.0000 0.0406
002880 0.5976 0.3627 0.0000 0.0396
002900 0.5925 0.3673 0.0000 0.0402
002920 0.5897 0.3723 0.0000 0.0380
002940 0.5931 0.3711 0.0000 0.0358
002960 0.5982 0.3670 0.0000 0.0348
002980 0.6057 0.3601 0.0000 0.0342
003000 0.6134 0.3523 0.0000 0.0343
003020 0.6168 0.3481 0.0000 0.0351
003040 0.6181 0.3459 0.0000 0.0361
003060 0.6162 0.3461 0.0000 0.0377
003080 0.6112 0.3500 0.0000 0.0389
003100 0.6066 0.3544 0.0000 0.0390
003120 0.6024 0.3567 0.0000 0.0409
003140 0.5977 0.3626 0.0000 0.0397
003160 0.5961 0.3660 0.0000 0.0379
003180 0.5937 0.3689 0.0000 0.0374
003200 0.5931 0.3681 0.0000 0.0388
003220 0.5929 0.3692 0.0000 0.0379
003240 0.5921 0.3690 0.0000 0.0388
003260 0.5901 0.3701 0.0000 0.0398
003280 0.5933 0.3697 0.0000 0.0370
003300 0.6019 0.3639 0.0000 0.0342
003320 0.6143 0.3529 0.0000 0.0328
003340 0.6201 0.3448 0.0000 0.0351
003360 0.6192 0.3421 0.0000 0.0387
003380 0.6150 0.3461 0.0000 0.0389
003400 0.6099 0.3502 0.0000 0.0399
003420 0.6035 0.3579 0.0000 0.0386
003440 0.5974 0.3632 0.0000 0.0394
003460 0.5918 0.3675 0.0000 0.0408
003480 0.5941 0.3679 0.0000 0.0380
003500 0.5964 0.3646 0.0000 0.0390
003520 0.5992 0.3627 0.0000 0.0381
003540 0.6044 0.3591 0.0000 0.0365
003560 0.6133 0.3513 0.0000 0.0353
003580 0.6201 0.3447 0.0000 0.0351
003600 0.6196 0.3431 0.0000 0.0373
003620 0.6161 0.3469 0.0000 0.0370
003640 0.6146 0.3473 0.0000 0.0382
003660 0.6104 0.3520 0.0000 0.0376
003680 0.6046 0.3589 0.0000 0.0365
003700 0.6067 0.3573 0.0000 0.0361
003720 0.6118 0.3533 0.0000 0.0349
003740 0.6151 0.3483 0.0000 0.0366
003760 0.6189 0.3456 0.0000 0.0355
003780 0.6209 0.3430 0.0000 0.0361
003800 0.6231 0.3409 0.0000 0.0360
003820 0.6243 0.3385 0.0000 0.0372
003840 0.6180 0.3429 0.0000 0.0391
003860 0.6040 0.3550 0.0000 0.0410
003880 0.5922 0.3665 0.0000 0.0413
003900 0.5852 0.3739 0.0000 0.0409
003920 0.5841 0.3760 0.0000 0.0399
003940 0.5864 0.3761 0.0000 0.0374
003960 0.5972 0.3679 0.0000 0.0349
003980 0.6100 0.3568 0.0000 0.0331
004000 0.6230 0.3446 0.0000 0.0324
004020 0.6276 0.3376 0.0000 0.0348
004040 0.6231 0.3378 0.0000 0.0391
004060 0.6086 0.3486 0.0000 0.0428
004080 0.5914 0.3647 0.0000 0.0439
004100 0.5756 0.3818 0.0000 0.0426
004120 0.5712 0.3909 0.0000 0.0379
004140 0.5832 0.3833 0.0000 0.0334
004160 0.6012 0.3654 0.0000 0.0334
004180 0.6133 0.3524 0.0000 0.0343
004200 0.6249 0.3405 0.0000 0.0346
004220 0.6303 0.3352 0.0000 0.0345
004240 0.6291 0.3336 0.0000 0.0373
004260 0.6199 0.3415 0.0000 0.0386
004280 0.6058 0.3528 0.0000 0.0414
004300 0.5913 0.3646 0.0000 0.0441
004320 0.5808 0.3768 0.0000 0.0424
004340 0.5775 0.3811 0.0000 0.0414
004360 0.5777 0.3837 0.0000 0.0385
004380 0.5832 0.3801 0.0000 0.0367
004400 0.5975 0.3712 0.0000 0.0314
004420 0.6190 0.3521 0.0000 0.0289
004440 0.6345 0.3345 0.0000 0.0310
004460 0.6401 0.3239 0.0000 0.0360
004480 0.6367 0.3258 0.0000 0.0375
004500 0.6300 0.3311 0.0000 0.0390
004520 0.6150 0.3421 0.0000 0.0429
004540 0.5986 0.3580 0.0000 0.0434
004560 0.5870 0.3710 0.0000 0.0420
004580 0.5782 0.3789 0.0000 0.0429
004600 0.5736 0.3854 0.0000 0.0410
004620 0.5749 0.3861 0.0000 0.0390
004640 0.5838 0.3809 0.0000 0.0353
004660 0.5900 0.3740 0.0000 0.0360
004680 0.5956 0.3685 0.0000 0.0358
004700 0.6044 0.3619 0.0000 0.0338
004720 0.6186 0.3489 0.0000 0.0325
004740 0.6266 0.3382 0.0000 0.0352
004760 0.6235 0.3390 0.0000 0.0375
004780 0.6170 0.3448 0.0000 0.0382
004800 0.6139 0.3477 0.0000 0.0384
004820 0.6066 0.3527 0.0000 0.0407
004840 0.5960 0.3630 0.0000 0.0410
004860 0.5893 0.3689 0.0000 0.0419
004880 0.5851 0.3748 0.0000 0.0401
004900 0.5917 0.3725 0.0000 0.0358
004920 0.5989 0.3657 0.0000 0.0354
004940 0.6074 0.3572 0.0000 0.0354
004960 0.6111 0.3523 0.0000 0.0366
004980 0.6128 0.3523 0.0000 0.0349
005000 0.6128 0.3498 0.0000 0.0374
005020 0.6108 0.3503 0.0000 0.0390
005040 0.6036 0.3552 0.0000 0.0412
005060 0.5956 0.3652 0.0000 0.0391
005080 0.5953 0.3674 0.0000 0.0373
005100 0.5985 0.3653 0.0000 0.0362
005120 0.6013 0.3615 0.0000 0.0373
005140 0.6082 0.3570 0.0000 0.0347
005160 0.6138 0.3497 0.0000 0.0365
005180 0.6145 0.3491 0.0000 0.0364
005200 0.6168 0.3474 0.0000 0.0358
005220 0.6165 0.3459 0.0000 0.0376
005240 0.6115 0.3516 0.0000 0.0369
005260 0.6037 0.3566 0.0000 0.0397
005280 0.5983 0.3625 0.0000 0.0393
005300 0.5936 0.3667 0.0000 0.0397
005320 0.5900 0.3702 0.0000 0.0398
005340 0.5905 0.3717 0.0000 0.0378
005360 0.5999 0.3654 0.0000 0.0347
005380 0.6103 0.3544 0.0000 0.0353
005400 0.6168 0.3474 0.0000 0.0358
005420 0.6192 0.3453 0.0000 0.0356
005440 0.6189 0.3431 0.0000 0.0380
005460 0.6170 0.3440 0.0000 0.0390
005480 0.6068 0.3525 0.0000 0.0407
005500 0.6004 0.3596 0.0000 0.0400
005520 0.5916 0.3673 0.0000 0.0411
005540 0.5866 0.3736 0.0000 0.0398
005560 0.5838 0.3746 0.0000 0.0416
005580 0.5815 0.3780 0.0000 0.0404
005600 0.5861 0.3771 0.0000 0.0367
005620 0.5992 0.3650 0.0000 0.0358
005640 0.6092 0.3559 0.0000 0.0349
005660 0.6111 0.3514 0.0000 0.0375
005680 0.6105 0.3524 0.0000 0.0370
005700 0.6042 0.3553 0.0000 0.0405
005720 0.5934 0.3652 0.0000 0.0414
005740 0.5866 0.3743 0.0000 0.0391
005760 0.5867 0.3756 0.0000 0.0377
005780 0.5879 0.3758 0.0000 0.0363
005800 0.5903 0.3718 0.0000 0.0379
005820 0.5944 0.3694 0.0000 0.0362
005840 0.6019 0.3626 0.0000 0.0355
005860 0.6095 0.3553 0.0000 0.0352
005880 0.6177 0.3452 0.0000 0.0371
005900 0.6162 0.3451 0.0000 0.0387
005920 0.6153 0.3473 0.0000 0.0374
005940 0.6121 0.3496 0.0000 0.0383
005960 0.6058 0.3554 0.0000 0.0388
005980 0.5991 0.3623 0.0000 0.0386
006000 0.5953 0.3668 0.0000 0.0379
006020 0.5952 0.3683 0.0000 0.0365
006040 0.6005 0.3641 0.0000 0.0354
006060 0.6061 0.3580 0.0000 0.0358
006080 0.6124 0.3519 0.0000 0.0357
006100 0.6116 0.3489 0.0000 0.0395
006120 0.6070 0.3540 0.0000 0.0389
006140 0.6080 0.3555 0.0000 0.0364
006160 0.6088 0.3542 0.0000 0.0370
006180 0.6036 0.3582 0.0000 0.0381
006200 0.6043 0.3581 0.0000 0.0375
006220 0.6095 0.3553 0.0000 0.0352
006240 0.6146 0.3508 0.0000 0.0346
006260 0.6182 0.3474 0.0000 0.0344
006280 0.6229 0.3424 0.0000 0.0348
006300 0.6232 0.3390 0.0000 0.0378
006320 0.6161 0.3460 0.0000 0.0379
006340 0.6135 0.3468 0.0000 0.0397
006360 0.6090 0.3517 0.0000 0.0393
006380 0.6063 0.3544 0.0000 0.0393
006400 0.5961 0.3619 0.0000 0.0420
006420 0.5868 0.3716 0.0000 0.0417
006440 0.5788 0.3788 0.0000 0.0424
006460 0.5748 0.3862 0.0000 0.0390
006480 0.5842 0.3828 0.0000 0.0329
006500 0.6004 0.3675 0.0000 0.0321
006520 0.6155 0.3529 0.0000 0.0315
006540 0.6274 0.3381 0.0000 0.0345
006560 0.6267 0.3343 0.0000 0.0391
006580 0.6197 0.3401 0.0000 0.0403
006600 0.6138 0.3484 0.0000 0.0378
006620 0.6092 0.3525 0.0000 0.0383
006640 0.6007 0.3597 0.0000 0.0396
006660 0.5886 0.3686 0.0000 0.0428
006680 0.5808 0.3780 0.0000 0.0411
006700 0.5817 0.3788 0.0000 0.0395
006720 0.5856 0.3774 0.0000 0.0370
006740 0.5949 0.3680 0.0000 0.0371
006760 0.5970 0.3653 0.0000 0.0377
006780 0.5932 0.3676 0.0000 0.0392
006800 0.5916 0.3707 0.0000 0.0376
006820 0.5946 0.3697 0.0000 0.0357
006840 0.6042 0.3588 0.0000 0.0371
006860 0.6034 0.3570 0.0000 0.0396
006880 0.6013 0.3603 0.0000 0.0383
006900 0.6023 0.3616 0.0000 0.0361
006920 0.6079 0.3550 0.0000 0.0371
006940 0.6113 0.3525 0.0000 0.0362
006960 0.6147 0.3495 0.0000 0.0358
006980 0.6199 0.3452 0.0000 0.0350
007000 0.6216 0.3424 0.0000 0.0360
007020 0.6174 0.3438 0.0000 0.0388
007040 0.6097 0.3523 0.0000 0.0380
007060 0.6090 0.3546 0.0000 0.0363
007080 0.6077 0.3543 0.0000 0.0380
007100 0.6009 0.3590 0.0000 0.0402
007120 0.5933 0.3661 0.0000 0.0406
007140 0.5873 0.3724 0.0000 0.0403
007160 0.5847 0.3746 0.0000 0.0407
007180 0.5874 0.3749 0.0000 0.0377
007200 0.5934 0.3713 0.0000 0.0353
007220 0.6043 0.3608 0.0000 0.0349
007240 0.6091 0.3559 0.0000 0.0349
007260 0.6114 0.3514 0.0000 0.0372
007280 0.6122 0.3509 0.0000 0.0369
007300 0.6129 0.3501 0.0000 0.0370
007320 0.6121 0.3488 0.0000 0.0391
007340 0.6060 0.3544 0.0000 0.0396
007360 0.6030 0.3575 0.0000 0.0396
007380 0.6019 0.3605 0.0000 0.0376
007400 0.5994 0.3634 0.0000 0.0371
007420 0.6018 0.3639 0.0000 0.0343
007440 0.6126 0.3545 0.0000 0.0328
007460 0.6182 0.3468 0.0000 0.0350
007480 0.6230 0.3402 0.0000 0.0368
007500 0.6277 0.3366 0.0000 0.0357
007520 0.6260 0.3375 0.0000 0.0365
007540 0.6196 0.3423 0.0000 0.0380
007560 0.6070 0.3510 0.0000 0.0420
007580 0.5932 0.3640 0.0000 0.0428
007600 0.5810 0.3754 0.0000 0.0436
007620 0.5724 0.3853 0.0000 0.0423
007640 0.5667 0.3913 0.0000 0.0421
007660 0.5735 0.3897 0.0000 0.0369
007680 0.5897 0.3776 0.0000 0.0327
007700 0.6040 0.3625 0.0000 0.0336
007720 0.6167 0.3508 0.0000 0.0326
007740 0.6275 0.3401 0.0000 0.0325
007760 0.6333 0.3329 0.0000 0.0338
007780 0.6336 0.3317 0.0000 0.0347
007800 0.6310 0.3309 0.0000 0.0381
007820 0.6197 0.3392 0.0000 0.0411
007840 0.6037 0.3550 0.0000 0.0413
007860 0.5903 0.3669 0.0000 0.0427
007880 0.5791 0.3797 0.0000 0.0411
007900 0.5748 0.3851 0.0000 0.0400
007920 0.5788 0.3836 0.0000 0.0377
007940 0.5857 0.3796 0.0000 0.0347
007960 0.5987 0.3668 0.0000 0.0345
007980 0.6080 0.3556 0.0000 0.0364
008000 0.6116 0.3508 0.0000 0.0376
008020 0.6100 0.3524 0.0000 0.0375
008040 0.6077 0.3538 0.0000 0.0385
008060 0.6020 0.3586 0.0000 0.0393
008080 0.6019 0.3610 0.0000 0.0370
008100 0.6069 0.3548 0.0000 0.0382
008120 0.6084 0.3529 0.0000 0.0387
008140 0.6065 0.3549 0.0000 0.0386
008160 0.6072 0.3552 0.0000 0.0376
008180 0.6051 0.3569 0.0000 0.0380
008200 0.6068 0.3570 0.0000 0.0362
008220 0.6108 0.3526 0.0000 0.0366
008240 0.6093 0.3531 0.0000 0.0375
008260 0.6093 0.3509 0.0000 0.0398
008280 0.6058 0.3555 0.0000 0.0387
008300 0.5998 0.3613 0.0000 0.0389
008320 0.5950 0.3664 0.0000 0.0386
008340 0.5921 0.3670 0.0000 0.0409
008360 0.5866 0.3726 0.0000 0.0408
008380 0.5873 0.3753 0.0000 0.0374
008400 0.5912 0.3715 0.0000 0.0373
008420 0.5959 0.3671 0.0000 0.0370
008440 0.6062 0.3583 0.0000 0.0355
008460 0.6176 0.3468 0.0000 0.0356
008480 0.6225 0.3400 0.0000 0.0375
008500 0.6197 0.3426 0.0000 0.0377
008520 0.6117 0.3495 0.0000 0.0388
008540 0.6041 0.3564 0.0000 0.0395
008560 0.6028 0.3588 0.0000 0.0383
008580 0.6004 0.3603 0.0000 0.0393
008600 0.5953 0.3632 0.0000 0.0415
008620 0.5894 0.3715 0.0000 0.0392
008640 0.5922 0.3726 0.0000 0.0353
008660 0.6006 0.3647 0.0000 0.0347
008680 0.6063 0.3573 0.0000 0.0364
008700 0.6078 0.3536 0.0000 0.0386
008720 0.6043 0.3565 0.0000 0.0392
008740 0.6041 0.3571 0.0000 0.0388
008760 0.6012 0.3615 0.0000 0.0373
008780 0.6072 0.3580 0.0000 0.0348
008800 0.6147 0.3503 0.0000 0.0350
008820 0.6185 0.3457 0.0000 0.0357
008840 0.6158 0.3464 0.0000 0.0378
008860 0.6098 0.3508 0.0000 0.0394
008880 0.6038 0.3554 0.0000 0.0408
008900 0.6010 0.3612 0.0000 0.0379
008920 0.6017 0.3601 0.0000 0.0381
008940 0.6035 0.3582 0.0000 0.0384
008960 0.5999 0.3600 0.0000 0.0401
008980 0.5964 0.3642 0.0000 0.0395
009000 0.5979 0.3641 0.0000 0.0380
009020 0.6026 0.3609 0.0000 0.0365
009040 0.6057 0.3582 0.0000 0.0361
009060 0.6115 0.3532 0.0000 0.0353
009080 0.6163 0.3484 0.0000 0.0353
009100 0.6186 0.3442 0.0000 0.0371
009120 0.6169 0.3442 0.0000 0.0389
009140 0.6082 0.3515 0.0000 0.0403
009160 0.5988 0.3594 0.0000 0.0418
009180 0.5841 0.3727 0.0000 0.0432
009200 0.5755 0.3840 0.0000 0.0405
009220 0.5761 0.3858 0.0000 0.0381
009240 0.5823 0.3808 0.0000 0.0368
009260 0.5924 0.3730 0.0000 0.0345
009280 0.6046 0.3601 0.0000 0.0353
009300 0.6148 0.3515 0.0000 0.0338
009320 0.6206 0.3440 0.0000 0.0355
009340 0.6210 0.3430 0.0000 0.0360
009360 0.6201 0.3430 0.0000 0.0369
009380 0.6160 0.3460 0.0000 0.0381
009400 0.6096 0.3501 0.0000 0.0403
009420 0.6000 0.3567 0.0000 0.0433
009440 0.5894 0.3678 0.0000 0.0428
009460 0.5814 0.3782 0.0000 0.0405
009480 0.5797 0.3826 0.0000 0.0378
009500 0.5838 0.3798 0.0000 0.0365
009520 0.5892 0.3739 0.0000 0.0369
009540 0.5967 0.3647 0.0000 0.0386
009560 0.5983 0.3643 0.0000 0.0374
009580 0.6027 0.3614 0.0000 0.0359
009600 0.6090 0.3543 0.0000 0.0367
009620 0.6094 0.3524 0.0000 0.0382
009640 0.6079 0.3527 0.0000 0.0393
009660 0.6056 0.3548 0.0000 0.0396
009680 0.6012 0.3583 0.0000 0.0406
009700 0.5944 0.3647 0.0000 0.0409
009720 0.5889 0.3714 0.0000 0.0397
009740 0.5929 0.3704 0.0000 0.0367
009760 0.6042 0.3611 0.0000 0.0347
009780 0.6114 0.3541 0.0000 0.0345
009800 0.6157 0.3479 0.0000 0.0364
009820 0.6182 0.3457 0.0000 0.0361
009840 0.6150 0.3467 0.0000 0.0383
009860 0.6107 0.3508 0.0000 0.0385
009880 0.6035 0.3564 0.0000 0.0402
009900 0.5977 0.3615 0.0000 0.0408
009920 0.5949 0.3658 0.0000 0.0393
009940 0.5919 0.3683 0.0000 0.0397
009960 0.5946 0.3682 0.0000 0.0371
009980 0.6033 0.3607 0.0000 0.0360
010000 0.6083 0.3561 0.0000 0.0356
010020 0.6148 0.3505 0.0000 0.0347
010040 0.6160 0.3465 0.0000 0.0375
010060 0.6110 0.3496 0.0000 0.0394
010080 0.6110 0.3496 0.0000 0.0394
010100 0.6110 0.3496 0.0000 0.0394
010120 0.6110 0.3496 0.0000 0.0394
010140 0.6110 0.3496 0.0000 0.0394
010160 0.6110 0.3496 0.0000 0.0394
010180 0.6110 0.3496 0.0000 0.0394
010200 0.6110 0.3496 0.0000 0.0394
010220 0.6110 0.3496 0.0000 0.0394
010240 0.6110 0.3496 0.0000 0.0394
010260 0.6110 0.3496 0.0000 0.0394
010280 0.6110 0.3496 0.0000 0.0394
010300 0.6110 0.3496 0.0000 0.0394
010320 0.6110 0.3496 0.0000 0.0394
010340 0.6110 0.3496 0.0000 0.0394
010360 0.6110 0.3496 0.0000 0.0394
010380 0.6110 0.3496 0.0000 0.0394
010400 0.6110 0.3496 0.0000 0.0394
010420 0.6110 0.3496 0.0000 0.0394
010440 0.6110 0.3496 0.0000 0.0394
010460 0.6110 0.3496 0.0000 0.0394
010480 0.6110 0.3496 0.0000 0.0394
010500 0.6110 0.3496 0.0000 0.0394
010520 0.6110 0.3496 0.0000 0.0394
010540 0.6110 0.3496 0.0000 0.0394
010560 0.6110 0.3496 0.0000 0.0394
010580 0.6110 0.3496 0.0000 0.0394
010600 0.6110 0.3496 0.0000 0.0394
010620 0.6110 0.3496 0.0000 0.0394
010640 0.6110 0.3496 0.0000 0.0394
010660 0.6110 0.3496 0.0000 0.0394
010680 0.6110 0.3496 0.0000 0.0394
010700 0.6110 0.3496 0.0000 0.0394
010720 0.6110 0.3496 0.0000 0.0394
010740 0.6110 0.3496 0.0000 0.0394
010760 0.6110 0.3496 0.0000 0.0394
010780 0.6110 0.3496 0.0000 0.0394
010800 0.6110 0.3496 0.0000 0.0394
010820 0.6110 0.3496 0.0000 0.0394
010840 0.6110 0.3496 0.0000 0.0394
010860 0.6110 0.3496 0.0000 0.0394
010880 0.6110 0.3496 0.0000 0.0394
010900 0.6110 0.3496 0.0000 0.0394
010920 0.6110 0.3496 0.0000 0.0394
010940 0.6110 0.3496 0.0000 0.0394
010960 0.6110 0.3496 0.0000 0.0394
010980 0.6110 0.3496 0.0000 0.0394
011000 0.6110 0.3496 0.0000 0.0394
011020 0.6110 0.3496 0.0000 0.0394
011040 0.6110 0.3496 0.0000 0.0394
011060 0.6110 0.3496 0.0000 0.0394
011080 0.6110 0.3496 0.0000 0.0394
011100 0.6110 0.3496 0.0000 0.0394
011120 0.6110 0.3496 0.0000 0.0394
011140 0.6110 0.3496 0.0000 0.0394
011160 0.6110 0.3496 0.0000 0.0394
011180 0.6110 0.3496 0.0000 0.0394
011200 0.6110 0.3496 0.0000 0.0394
011220 0.6110 0.3496 0.0000 0.0394
011240 0.6110 0.3496 0.0000 0.0394
011260 0.6110 0.3496 0.0000 0.0394
011280 0.6110 0.3496 0.0000 0.0394
011300 0.6110 0.3496 0.0000 0.0394
011320 0.6110 0.3496 0.0000 0.0394
011340 0.6110 0.3496 0.0000 0.0394
011360 0.6110 0.3496 0.0000 0.0394
011380 0.6110 0.3496 0.0000 0.0394
011400 0.6110 0.3496 0.0000 0.0394
011420 0.6110 0.3496 0.0000 0.0394
011440 0.6110 0.3496 0.0000 0.0394
011460 0.6110 0.3496 0.0000 0.0394
011480 0.6110 0.3496 0.0000 0.0394
011500 0.6110 0.3496 0.0000 0.0394
011520 0.6110 0.3496 0.0000 0.0394
011540 0.6110 0.3496 0.0000 0.0394
011560 0.6110 0.3496 0.0000 0.0394
011580 0.6110 0.3496 0.0000 0.0394
011600 0.6110 0.3496 0.0000 0.0394
011620 0.6110 0.3496 0.0000 0.0394
011640 0.6110 0.3496 0.0000 0.0394
011660 0.6110 0.3496 0.0000 0.0394
011680 0.6110 0.3496 0.0000 0.0394
011700 0.6110 0.3496 0.0000 0.0394
011720 0.6110 0.3496 0.0000 0.0394
011740 0.6110 0.3496 0.0000 0.0394
011760 0.6110 0.3496 0.0000 0.0394
011780 0.6110 0.3496 0.0000 0.0394
011800 0.6110 0.3496 0.0000 0.0394
011820 0.6110 0.3496 0.0000 0.0394
011840 0.6110 0.3496 0.0000 0.0394
011860 0.6110 0.3496 0.0000 0.0394
011880 0.6110 0.3496 0.0000 0.0394
011900 0.6110 0.3496 0.0000 0.0394
011920 0.6110 0.3496 0.0000 0.0394
011940 0.6110 0.3496 0.0000 0.0394
011960 0.6110 0.3496 0.0000 0.0394
011980 0.6110 0.3496 0.0000 0.0394
012000 0.6110 0.3496 0.0000 0.0394
012020 0.6110 0.3496 0.0000 0.0394
012040 0.6110 0.3496 0.0000 0.0394
012060 0.6110 0.3496 0.0000 0.0394
012080 0.6110 0.3496 0.0000 0.0394
012100 0.6110 0.3496 0.0000 0.0394
012120 0.6110 0.3496 0.0000 0.0394
012140 0.6110 0.3496 0.0000 0.0394
012160 0.6110 0.3496 0.0000 0.0394
012180 0.6110 0.3496 0.0000 0.0394
012200 0.6110 0.3496 0.0000 0.0394
012220 0.6110 0.3496 0.0000 0.0394
012240 0.6110 0.3496 0.0000 0.0394
012260 0.6110 0.3496 0.0000 0.0394
012280 0.6110 0.3496 0.0000 0.0394
012300 0.6110 0.3496 0.0000 0.0394
012320 0.6110 0.3496 0.0000 0.0394
012340 0.6110 0.3496 0.0000 0.0394
012360 0.6110 0.3496 0.0000 0.0394
012380 0.6110 0.3496 0.0000 0.0394
012400 0.6110 0.3496 0.0000 0.0394
012420 0.6110 0.3496 0.0000 0.0394
012440 0.6110 0.3496 0.0000 0.0394
012460 0.6110 0.3496 0.0000 0.0394
012480 0.6110 0.3496 0.0000 0.0394
012500 0.6110 0.3496 0.0000 0.0394
012520 0.6110 0.3496 0.0000 0.0394
012540 0.6110 0.3496 0.0000 0.0394
012560 0.6110 0.3496 0.0000 0.0394
012580 0.6110 0.3496 0.0000 0.0394
012600 0.6110 0.3496 0.0000 0.0394
012620 0.6110 0.3496 0.0000 0.0394
012640 0.6110 0.3496 0.0000 0.0394
012660 0.6110 0.3496 0.0000 0.0394
012680 0.6110 0.3496 0.0000 0.0394
012700 0.6110 0.3496 0.0000 0.0394
012720 0.6110 0.3496 0.0000 0.0394
012740 0.6110 0.3496 0.0000 0.0394
012760 0.6110 0.3496 0.0000 0.0394
012780 0.6110 0.3496 0.0000 0.0394
012800 0.6110 0.3496 0.0000 0.0394
012820 0.6110 0.3496 0.0000 0.0394
012840 0.6110 0.3496 0.0000 0.0394
012860 0.6110 0.3496 0.0000 0.0394
012880 0.6110 0.3496 0.0000 0.0394
012900 0.6110 0.3496 0.0000 0.0394
012920 0.6110 0.3496 0.0000 0.0394
012940 0.6110 0.3496 0.0000 0.0394
012960 0.6110 0.3496 0.0000 0.0394
012980 0.6110 0.3496 0.0000 0.0394
013000 0.6110 0.3496 0.0000 0.0394
013020 0.6110 0.3496 0.0000 0.0394
013040 0.6110 0.3496 0.0000 0.0394
013060 0.6110 0.3496 0.0000 0.0394
013080 0.6110 0.3496 0.0000 0.0394
013100 0.6110 0.3496 0.0000 0.0394
013120 0.6110 0.3496 0.0000 0.0394
013140 0.6110 0.3496 0.0000 0.0394
013160 0.6110 0.3496 0.0000 0.0394
013180 0.6110 0.3496 0.0000 0.0394
013200 0.6110 0.3496 0.0000 0.0394
013220 0.6110 0.3496 0.0000 0.0394
013240 0.6110 0.3496 0.0000 0.0394
013260 0.6110 0.3496 0.0000 0.0394
013280 0.6110 0.3496 0.0000 0.0394
013300 0.6110 0.3496 0.0000 0.0394
013320 0.6110 0.3496 0.0000 0.0394
013340 0.6110 0.3496 0.0000 0.0394
013360 0.6110 0.3496 0.0000 0.0394
013380 0.6110 0.3496 0.0000 0.0394
013400 0.6110 0.3496 0.0000 0.0394
013420 0.6110 0.3496 0.0000 0.0394
013440 0.6110 0.3496 0.0000 0.0394
013460 0.6110 0.3496 0.0000 0.0394
013480 0.6110 0.3496 0.0000 0.0394
013500 0.6110 0.3496 0.0000 0.0394
013520 0.6110 0.3496 0.0000 0.0394
013540 0.6110 0.3496 0.0000 0.0394
013560 0.6110 0.3496 0.0000 0.0394
013580 0.6110 0.3496 0.0000 0.0394
013600 0.6110 0.3496 0.0000 0.0394
013620 0.6110 0.3496 0.0000 0.0394
013640 0.6110 0.3496 0.0000 0.0394
013660 0.6110 0.3496 0.0000 0.0394
013680 0.6110 0.3496 0.0000 0.0394
013700 0.6110 0.3496 0.0000 0.0394
013720 0.6110 0.3496 0.0000 0.0394
013740 0.6110 0.3496 0.0000 0.0394
013760 0.6110 0.3496 0.0000 0.0394
013780 0.6110 0.3496 0.0000 0.0394
013800 0.6110 0.3496 0.0000 0.0394
013820 0.6110 0.3496 0.0000 0.0394
013840 0.6110 0.3496 0.0000 0.0394
013860 0.6110 0.3496 0.0000 0.0394
013880 0.6110 0.3496 0.0000 0.0394
013900 0.6110 0.3496 0.0000 0.0394
013920 0.6110 0.3496 0.0000 0.0394
013940 0.6110 0.3496 0.0000 0.0394
013960 0.6110 0.3496 0.0000 0.0394
013980 0.6110 0.3496 0.0000 0.0394
014000 0.6110 0.3496 0.0000 0.0394
014020 0.6110 0.3496 0.0000 0.0394
014040 0.6110 0.3496 0.0000 0.0394
014060 0.6110 0.3496 0.0000 0.0394
014080 0.6110 0.3496 0.0000 0.0394
014100 0.6110 0.3496 0.0000 0.0394
014120 0.6110 0.3496 0.0000 0.0394
014140 0.6110 0.3496 0.0000 0.0394
014160 0.6110 0.3496 0.0000 0.0394
014180 0.6110 0.3496 0.0000 0.0394
014200 0.6110 0.3496 0.0000 0.0394
014220 0.6110 0.3496 0.0000 0.0394
014240 0.6110 0.3496 0.0000 0.0394
014260 0.6110 0.3496 0.0000 0.0394
014280 0.6110 0.3496 0.0000 0.0394
014300 0.6110 0.3496 0.0000 0.0394
014320 0.6110 0.3496 0.0000 0.0394
014340 0.6110 0.3496 0.0000 0.0394
014360 0.6110 0.3496 0.0000 0.0394
014380 0.6110 0.3496 0.0000 0.0394
014400 0.6110 0.3496 0.0000 0.0394
014420 0.6110 0.3496 0.0000 0.0394
014440 0.6110 0.3496 0.0000 0.0394
014460 0.6110 0.3496 0.0000 0.0394
014480 0.6110 0.3496 0.0000 0.0394
014500 0.6110 0.3496 0.0000 0.0394
014520 0.6110 0.3496 0.0000 0.0394
014540 0.6110 0.3496 0.0000 0.0394
014560 0.6110 0.3496 0.0000 0.0394
014580 0.6110 0.3496 0.0000 0.0394
014600 0.6110 0.3496 0.0000 0.0394
014620 0.6110 0.3496 0.0000 0.0394
014640 0.6110 0.3496 0.0000 0.0394
014660 0.6110 0.3496 0.0000 0.0394
014680 0.6110 0.3496 0.0000 0.0394
014700 0.6110 0.3496 0.0000 0.0394
014720 0.6110 0.3496 0.0000 0.0394
014740 0.6110 0.3496 0.0000 0.0394
014760 0.6110 0.3496 0.0000 0.0394
014780 0.6110 0.3496 0.0000 0.0394
014800 0.6110 0.3496 0.0000 0.0394
014820 0.6110 0.3496 0.0000 0.0394
014840 0.6110 0.3496 0.0000 0.0394
014860 0.6110 0.3496 0.0000 0.0394
014880 0.6110 0.3496 0.0000 0.0394
014900 0.6110 0.3496 0.0000 0.0394
014920 0.6110 0.3496 0.0000 0.0394
014940 0.6110 0.3496 0.0000 0.0394
014960 0.6110 0.3496 0.0000 0.0394
014980 0.6110 0.3496 0.0000 0.0394
015000 0.6110 0.3496 0.0000 0.0394
015020 0.6110 0.3496 0.0000 0.0394
015040 0.6110 0.3496 0.0000 0.0394
015060 0.6110 0.3496 0.0000 0.0394
015080 0.6110 0.3496 0.0000 0.0394
015100 0.6110 0.3496 0.0000 0.0394
015120 0.6110 0.3496 0.0000 0.0394
015140 0.6110 0.3496 0.0000 0.0394
015160 0.6110 0.3496 0.0000 0.0394
015180 0.6110 0.3496 0.0000 0.0394
015200 0.6110 0.3496 0.0000 0.0394
015220 0.6110 0.3496 0.0000 0.0394
015240 0.6110 0.3496 0.0000 0.0394
015260 0.6110 0.3496 0.0000 0.0394
015280 0.6110 0.3496 0.0000 0.0394
015300 0.6110 0.3496 0.0000 0.0394
015320 0.6110 0.3496 0.0000 0.0394
015340 0.6110 0.3496 0.0000 0.0394
015360 0.6110 0.3496 0.0000 0.0394
015380 0.6110 0.3496 0.0000 0.0394
015400 0.6110 0.3496 0.0000 0.0394
015420 0.6110 0.3496 0.0000 0.0394
015440 0.6110 0.3496 0.0000 0.0394
015460 0.6110 0.3496 0.0000 0.0394
015480 0.6110 0.3496 0.0000 0.0394
015500 0.6110 0.3496 0.0000 0.0394
015520 0.6110 0.3496 0.0000 0.0394
015540 0.6110 0.3496 0.0000 0.0394
015560 0.6110 0.3496 0.0000 0.0394
015580 0.6110 0.3496 0.0000 0.0394
015600 0.6110 0.3496 0.0000 0.0394
015620 0.6110 0.3496 0.0000 0.0394
015640 0.6110 0.3496 0.0000 0.0394
015660 0.6110 0.3496 0.0000 0.0394
015680 0.6110 0.3496 0.0000 0.0394
015700 0.6110 0.3496 0.0000 0.0394
015720 0.6110 0.3496 0.0000 0.0394
015740 0.6110 0.3496 0.0000 0.0394
015760 0.6110 0.3496 0.0000 0.0394
015780 0.6110 0.3496 0.0000 0.0394
015800 0.6110 0.3496 0.0000 0.0394
015820 0.6110 0.3496 0.0000 0.0394
015840 0.6110 0.3496 0.0000 0.0394
015860 0.6110 0.3496 0.0000 0.0394
015880 0.6110 0.3496 0.0000 0.0394
015900 0.6110 0.3496 0.0000 0.0394
015920 0.6110 0.3496 0.0000 0.0394
015940 0.6110 0.3496 0.0000 0.0394
015960 0.6110 0.3496 0.0000 0.0394
015980 0.6110 0.3496 0.0000 0.0394
016000 0.6110 0.3496 0.0000 0.0394
016020 0.6110 0.3496 0.0000 0.0394
016040 0.6110 0.3496 0.0000 0.0394
016060 0.6110 0.3496 0.0000 0.0394
016080 0.6110 0.3496 0.0000 0.0394
016100 0.6110 0.3496 0.0000 0.0394
016120 0.6110 0.3496 0.0000 0.0394
016140 0.6110 0.3496 0.0000 0.0394
016160 0.6110 0.3496 0.0000 0.0394
016180 0.6110 0.3496 0.0000 0.0394
016200 0.6110 0.3496 0.0000 0.0394
016220 0.6110 0.3496 0.0000 0.0394
016240 0.6110 0.3496 0.0000 0.0394
016260 0.6110 0.3496 0.0000 0.0394
016280 0.6110 0.3496 0.0000 0.0394
016300 0.6110 0.3496 0.0000 0.0394
016320 0.6110 0.3496 0.0000 0.0394
016340 0.6110 0.3496 0.0000 0.0394
016360 0.6110 0.3496 0.0000 0.0394
016380 0.6110 0.3496 0.0000 0.0394
016400 0.6110 0.3496 0.0000 0.0394
016420 0.6110 0.3496 0.0000 0.0394
016440 0.6110 0.3496 0.0000 0.0394
016460 0.6110 0.3496 0.0000 0.0394
016480 0.6110 0.3496 0.0000 0.0394
016500 0.6110 0.3496 0.0000 0.0394
016520 0.6110 0.3496 0.0000 0.0394
016540 0.6110 0.3496 0.0000 0.0394
016560 0.6110 0.3496 0.0000 0.0394
016580 0.6110 0.3496 0.0000 0.0394
016600 0.6110 0.3496 0.0000 0.0394
016620 0.6110 0.3496 0.0000 0.0394
016640 0.6110 0.3496 0.0000 0.0394
016660 0.6110 0.3496 0.0000 0.0394
016680 0.6110 0.3496 0.0000 0.0394
016700 0.6110 0.3496 0.0000 0.0394
016720 0.6110 0.3496 0.0000 0.0394
016740 0.6110 0.3496 0.0000 0.0394
016760 0.6110 0.3496 0.0000 0.0394
016780 0.6110 0.3496 0.0000 0.0394
016800 0.6110 0.3496 0.0000 0.0394
016820 0.6110 0.3496 0.0000 0.0394
016840 0.6110 0.3496 0.0000 0.0394
016860 0.6110 0.3496 0.0000 0.0394
016880 0.6110 0.3496 0.0000 0.0394
016900 0.6110 0.3496 0.0000 0.0394
016920 0.6110 0.3496 0.0000 0.0394
016940 0.6110 0.3496 0.0000 0.0394
016960 0.6110 0.3496 0.0000 0.0394
016980 0.6110 0.3496 0.0000 0.0394
017000 0.6110 0.3496 0.0000 0.0394
017020 0.6110 0.3496 0.0000 0.0394
017040 0.6110 0.3496 0.0000 0.0394
017060 0.6110 0.3496 0.0000 0.0394
017080 0.6110 0.3496 0.0000 0.0394
017100 0.6110 0.3496 0.0000 0.0394
017120 0.6110 0.3496 0.0000 0.0394
017140 0.6110 0.3496 0.0000 0.0394
017160 0.6110 0.3496 0.0000 0.0394
017180 0.6110 0.3496 0.0000 0.0394
017200 0.6110 0.3496 0.0000 0.0394
017220 0.6110 0.3496 0.0000 0.0394
017240 0.6110 0.3496 0.0000 0.0394
017260 0.6110 0.3496 0.0000 0.0394
017280 0.6110 0.3496 0.0000 0.0394
017300 0.6110 0.3496 0.0000 0.0394
017320 0.6110 0.3496 0.0000 0.0394
017340 0.6110 0.3496 0.0000 0.0394
017360 0.6110 0.3496 0.0000 0.0394
017380 0.6110 0.3496 0.0000 0.0394
017400 0.6110 0.3496 0.0000 0.0394
017420 0.6110 0.3496 0.0000 0.0394
017440 0.6110 0.3496 0.0000 0.0394
017460 0.6110 0.3496 0.0000 0.0394
017480 0.6110 0.3496 0.0000 0.0394
017500 0.6110 0.3496 0.0000 0.0394
017520 0.6110 0.3496 0.0000 0.0394
017540 0.6110 0.3496 0.0000 0.0394
017560 0.6110 0.3496 0.0000 0.0394
017580 0.6110 0.3496 0.0000 0.0394
017600 0.6110 0.3496 0.0000 0.0394
017620 0.6110 0.3496 0.0000 0.0394
017640 0.6110 0.3496 0.0000 0.0394
017660 0.6110 0.3496 0.0000 0.0394
017680 0.6110 0.3496 0.0000 0.0394
017700 0.6110 0.3496 0.0000 0.0394
017720 0.6110 0.3496 0.0000 0.0394
017740 0.6110 0.3496 0.0000 0.0394
017760 0.6110 0.3496 0.0000 0.0394
017780 0.6110 0.3496 0.0000 0.0394
017800 0.6110 0.3496 0.0000 0.0394
017820 0.6110 0.3496 0.0000 0.0394
017840 0.6110 0.3496 0.0000 0.0394
017860 0.6110 0.3496 0.0000 0.0394
017880 0.6110 0.3496 0.0000 0.0394
017900 0.6110 0.3496 0.0000 0.0394
017920 0.6110 0.3496 0.0000 0.0394
017940 0.6110 0.3496 0.0000 0.0394
017960 0.6110 0.3496 0.0000 0.0394
017980 0.6110 0.3496 0.0000 0.0394
018000 0.6110 0.3496 0.0000 0.0394
018020 0.6110 0.3496 0.0000 0.0394
018040 0.6110 0.3496 0.0000 0.0394
018060 0.6110 0.3496 0.0000 0.0394
018080 0.6110 0.3496 0.0000 0.0394
018100 0.6110 0.3496 0.0000 0.0394
018120 0.6110 0.3496 0.0000 0.0394
018140 0.6110 0.3496 0.0000 0.0394
018160 0.6110 0.3496 0.0000 0.0394
018180 0.6110 0.3496 0.0000 0.0394
018200 0.6110 0.3496 0.0000 0.0394
018220 0.6110 0.3496 0.0000 0.0394
018240 0.6110 0.3496 0.0000 0.0394
018260 0.6110 0.3496 0.0000 0.0394
018280 0.6110 0.3496 0.0000 0.0394
018300 0.6110 0.3496 0.0000 0.0394
018320 0.6110 0.3496 0.0000 0.0394
018340 0.6110 0.3496 0.0000 0.0394
018360 0.6110 0.3496 0.0000 0.0394
018380 0.6110 0.3496 0.0000 0.0394
018400 0.6110 0.3496 0.0000 0.0394
018420 0.6110 0.3496 0.0000 0.0394
018440 0.6110 0.3496 0.0000 0.0394
018460 0.6110 0.3496 0.0000 0.0394
018480 0.6110 0.3496 0.0000 0.0394
018500 0.6110 0.3496 0.0000 0.0394
018520 0.6110 0.3496 0.0000 0.0394
018540 0.6110 0.3496 0.0000 0.0394
018560 0.6110 0.3496 0.0000 0.0394
018580 0.6110 0.3496 0.0000 0.0394
018600 0.6110 0.3496 0.0000 0.0394
018620 0.6110 0.3496 0.0000 0.0394
018640 0.6110 0.3496 0.0000 0.0394
018660 0.6110 0.3496 0.0000 0.0394
018680 0.6110 0.3496 0.0000 0.0394
018700 0.6110 0.3496 0.0000 0.0394
018720 0.6110 0.3496 0.0000 0.0394
018740 0.6110 0.3496 0.0000 0.0394
018760 0.6110 0.3496 0.0000 0.0394
018780 0.6110 0.3496 0.0000 0.0394
018800 0.6110 0.3496 0.0000 0.0394
018820 0.6110 0.3496 0.0000 0.0394
018840 0.6110 0.3496 0.0000 0.0394
018860 0.6110 0.3496 0.0000 0.0394
018880 0.6110 0.3496 0.0000 0.0394
018900 0.6110 0.3496 0.0000 0.0394
018920 0.6110 0.3496 0.0000 0.0394
018940 0.6110 0.3496 0.0000 0.0394
018960 0.6110 0.3496 0.0000 0.0394
018980 0.6110 0.3496 0.0000 0.0394
019000 0.6110 0.3496 0.0000 0.0394
019020 0.6110 0.3496 0.0000 0.0394
019040 0.6110 0.3496 0.0000 0.0394
019060 0.6110 0.3496 0.0000 0.0394
019080 0.6110 0.3496 0.0000 0.0394
019100 0.6110 0.3496 0.0000 0.0394
019120 0.6110 0.3496 0.0000 0.0394
019140 0.6110 0.3496 0.0000 0.0394
019160 0.6110 0.3496 0.0000 0.0394
019180 0.6110 0.3496 0.0000 0.0394
019200 0.6110 0.3496 0.0000 0.0394
019220 0.6110 0.3496 0.0000 0.0394
019240 0.6110 0.3496 0.0000 0.0394
019260 0.6110 0.3496 0.0000 0.0394
019280 0.6110 0.3496 0.0000 0.0394
019300 0.6110 0.3496 0.0000 0.0394
019320 0.6110 0.3496 0.0000 0.0394
019340 0.6110 0.3496 0.0000 0.0394
019360 0.6110 0.3496 0.0000 0.0394
019380 0.6110 0.3496 0.0000 0.0394
019400 0.6110 0.3496 0.0000 0.0394
019420 0.6110 0.3496 0.0000 0.0394
019440 0.6110 0.3496 0.0000 0.0394
019460 0.6110 0.3496 0.0000 0.0394
019480 0.6110 0.3496 0.0000 0.0394
019500 0.6110 0.3496 0.0000 0.0394
019520 0.6110 0.3496 0.0000 0.0394
019540 0.6110 0.3496 0.0000 0.0394
019560 0.6110 0.3496 0.0000 0.0394
019580 0.6110 0.3496 0.0000 0.0394
019600 0.6110 0.3496 0.0000 0.0394
019620 0.6110 0.3496 0.0000 0.0394
019640 0.6110 0.3496 0.0000 0.0394
019660 0.6110 0.3496 0.0000 0.0394
019680 0.6110 0.3496 0.0000 0.0394
019700 0.6110 0.3496 0.0000 0.0394
019720 0.6110 0.3496 0.0000 0.0394
019740 0.6110 0.3496 0.0000 0.0394
019760 0.6110 0.3496 0.0000 0.0394
019780 0.6110 0.3496 0.0000 0.0394
019800 0.6110 0.3496 0.0000 0.0394
019820 0.6110 0.3496 0.0000 0.0394
019840 0.6110 0.3496 0.0000 0.0394
019860 0.6110 0.3496 0.0000 0.0394
019880 0.6110 0.3496 0.0000 0.0394
019900 0.6110 0.3496 0.0000 0.0394
019920 0.6110 0.3496 0.0000 0.0394
019940 0.6110 0.3496 0.0000 0.0394
019960 0.6110 0.3496 0.0000 0.0394
019980 0.6110 0.3496 0.0000 0.0394
020000 0.6110 0.3496 0.0000 0.0394
