000000 0.2500 0.2500 0.2500 0.2500
000020 0.2591 0.2599 0.2303 0.2508
000040 0.2699 0.2702 0.2087 0.2511
000060 0.2797 0.2817 0.1877 0.2509
000080 0.2885 0.2938 0.1679 0.2498
000100 0.2965 0.3066 0.1492 0.2477
000120 0.3036 0.3206 0.1311 0.2447
000140 0.3094 0.3354 0.1138 0.2414
000160 0.3135 0.3508 0.0984 0.2373
000180 0.3161 0.3680 0.0837 0.2322
000200 0.3187 0.3846 0.0704 0.2262
000220 0.3196 0.4024 0.0580 0.2200
000240 0.3188 0.4220 0.0469 0.2123
000260 0.3171 0.4422 0.0369 0.2037
000280 0.3145 0.4632 0.0283 0.1941
000300 0.3111 0.4841 0.0208 0.1839
000320 0.3070 0.5059 0.0145 0.1726
000340 0.3026 0.5276 0.0093 0.1605
000360 0.2964 0.5507 0.0050 0.1480
000380 0.2893 0.5739 0.0020 0.1348
000400 0.2811 0.5980 0.0004 0.1204
000420 0.2721 0.6230 0.0000 0.1049
000440 0.2615 0.6504 0.0000 0.0881
000460 0.2533 0.6738 0.0000 0.0729
000480 0.2471 0.6909 0.0000 0.0620
000500 0.2417 0.7084 0.0000 0.0499
000520 0.2382 0.7207 0.0000 0.0411
000540 0.2371 0.7297 0.0000 0.0332
000560 0.2365 0.7361 0.0000 0.0274
000580 0.2381 0.7407 0.0000 0.0212
000600 0.2434 0.7414 0.0000 0.0153
000620 0.2506 0.7370 0.0000 0.0124
000640 0.2582 0.7308 0.0000 0.0109
000660 0.2672 0.7227 0.0000 0.0100
000680 0.2773 0.7138 0.0000 0.0089
000700 0.2881 0.7031 0.0000 0.0088
000720 0.2993 0.6918 0.0000 0.0089
000740 0.3102 0.6808 0.0000 0.0090
000760 0.3192 0.6712 0.0000 0.0096
000780 0.3283 0.6613 0.0000 0.0105
000800 0.3359 0.6533 0.0000 0.0108
000820 0.3409 0.6486 0.0000 0.0105
000840 0.3459 0.6426 0.0000 0.0115
000860 0.3493 0.6366 0.0000 0.0140
000880 0.3508 0.6342 0.0000 0.0150
000900 0.3501 0.6342 0.0000 0.0156
000920 0.3470 0.6365 0.0000 0.0165
000940 0.3436 0.6390 0.0000 0.0175
000960 0.3412 0.6408 0.0000 0.0181
000980 0.3399 0.6419 0.0000 0.0182
001000 0.3409 0.6406 0.0000 0.0185
001020 0.3403 0.6408 0.0000 0.0189
001040 0.3448 0.6378 0.0000 0.0174
001060 0.3563 0.6294 0.0000 0.0143
001080 0.3723 0.6145 0.0000 0.0132
001100 0.3868 0.5985 0.0000 0.0147
001120 0.3970 0.5861 0.0000 0.0170
001140 0.4048 0.5775 0.0000 0.0176
001160 0.4092 0.5723 0.0000 0.0185
001180 0.4139 0.5668 0.0000 0.0193
001200 0.4127 0.5679 0.0000 0.0194
001220 0.4156 0.5664 0.0000 0.0180
001240 0.4218 0.5590 0.0000 0.0192
001260 0.4253 0.5553 0.0000 0.0194
001280 0.4288 0.5514 0.0000 0.0199
001300 0.4342 0.5453 0.0000 0.0206
001320 0.4394 0.5387 0.0000 0.0218
001340 0.4460 0.5329 0.0000 0.0211
001360 0.4514 0.5267 0.0000 0.0219
001380 0.4557 0.5214 0.0000 0.0229
001400 0.4600 0.5184 0.0000 0.0215
001420 0.4663 0.5127 0.0000 0.0211
001440 0.4784 0.5016 0.0000 0.0201
001460 0.4928 0.4881 0.0000 0.0191
001480 0.5050 0.4757 0.0000 0.0194
001500 0.5173 0.4621 0.0000 0.0205
001520 0.5276 0.4515 0.0000 0.0210
001540 0.5357 0.4441 0.0000 0.0202
001560 0.5461 0.4335 0.0000 0.0204
001580 0.5550 0.4231 0.0000 0.0220
001600 0.5593 0.4175 0.0000 0.0232
001620 0.5603 0.4152 0.0000 0.0245
001640 0.5581 0.4155 0.0000 0.0265
001660 0.5550 0.4178 0.0000 0.0272
001680 0.5537 0.4180 0.0000 0.0283
001700 0.5548 0.4161 0.0000 0.0291
001720 0.5562 0.4159 0.0000 0.0279
001740 0.5570 0.4150 0.0000 0.0280
001760 0.5614 0.4114 0.0000 0.0272
001780 0.5700 0.4035 0.0000 0.0264
001800 0.5747 0.3997 0.0000 0.0256
001820 0.5827 0.3924 0.0000 0.0248
001840 0.5909 0.3832 0.0000 0.0259
001860 0.5970 0.3762 0.0000 0.0268
001880 0.6020 0.3715 0.0000 0.0265
001900 0.6050 0.3675 0.0000 0.0275
001920 0.6046 0.3680 0.0000 0.0275
001940 0.6050 0.3676 0.0000 0.0274
001960 0.6090 0.3657 0.0000 0.0252
001980 0.6145 0.3598 0.0000 0.0257
002000 0.6168 0.3555 0.0000 0.0278
002020 0.6161 0.3553 0.0000 0.0286
002040 0.6106 0.3576 0.0000 0.0318
002060 0.6014 0.3644 0.0000 0.0342
002080 0.5946 0.3729 0.0000 0.0325
002100 0.5964 0.3745 0.0000 0.0291
002120 0.6064 0.3661 0.0000 0.0275
002140 0.6153 0.3565 0.0000 0.0281
002160 0.6250 0.3486 0.0000 0.0264
002180 0.6361 0.3400 0.0000 0.0239
002200 0.6448 0.3306 0.0000 0.0247
002220 0.6485 0.3257 0.0000 0.0257
002240 0.6500 0.3209 0.0000 0.0291
002260 0.6462 0.3242 0.0000 0.0296
002280 0.6392 0.3300 0.0000 0.0308
002300 0.6285 0.3400 0.0000 0.0315
002320 0.6221 0.3452 0.0000 0.0326
002340 0.6157 0.3506 0.0000 0.0337
002360 0.6091 0.3568 0.0000 0.0341
002380 0.6038 0.3628 0.0000 0.0335
002400 0.6002 0.3680 0.0000 0.0318
002420 0.6030 0.3673 0.0000 0.0298
002440 0.6070 0.3634 0.0000 0.0296
002460 0.6160 0.3583 0.0000 0.0257
002480 0.6280 0.3455 0.0000 0.0265
002500 0.6345 0.3370 0.0000 0.0285
002520 0.6337 0.3373 0.0000 0.0291
002540 0.6292 0.3406 0.0000 0.0302
002560 0.6267 0.3432 0.0000 0.0301
002580 0.6230 0.3466 0.0000 0.0304
002600 0.6207 0.3497 0.0000 0.0296
002620 0.6240 0.3475 0.0000 0.0284
002640 0.6269 0.3442 0.0000 0.0289
002660 0.6279 0.3436 0.0000 0.0284
002680 0.6269 0.3427 0.0000 0.0304
002700 0.6203 0.3475 0.0000 0.0322
002720 0.6148 0.3533 0.0000 0.0319
002740 0.6132 0.3562 0.0000 0.0306
002760 0.6145 0.3581 0.0000 0.0274
002780 0.6184 0.3538 0.0000 0.0278
002800 0.6215 0.3503 0.0000 0.0282
002820 0.6259 0.3459 0.0000 0.0282
002840 0.6282 0.3426 0.0000 0.0292
002860 0.6302 0.3415 0.0000 0.0283
002880 0.6330 0.3376 0.0000 0.0294
002900 0.6285 0.3395 0.0000 0.0320
002920 0.6262 0.3437 0.0000 0.0301
002940 0.6294 0.3423 0.0000 0.0283
002960 0.6289 0.3425 0.0000 0.0287
002980 0.6312 0.3402 0.0000 0.0286
003000 0.6288 0.3402 0.0000 0.0310
003020 0.6258 0.3438 0.0000 0.0303
003040 0.6237 0.3466 0.0000 0.0297
003060 0.6196 0.3491 0.0000 0.0313
003080 0.6153 0.3536 0.0000 0.0311
003100 0.6103 0.3582 0.0000 0.0315
003120 0.6079 0.3602 0.0000 0.0319
003140 0.6079 0.3613 0.0000 0.0308
003160 0.6086 0.3622 0.0000 0.0293
003180 0.6107 0.3590 0.0000 0.0303
003200 0.6146 0.3562 0.0000 0.0292
003220 0.6181 0.3522 0.0000 0.0297
003240 0.6205 0.3501 0.0000 0.0293
003260 0.6247 0.3473 0.0000 0.0280
003280 0.6318 0.3418 0.0000 0.0263
003300 0.6360 0.3376 0.0000 0.0263
003320 0.6430 0.3304 0.0000 0.0266
003340 0.6492 0.3233 0.0000 0.0275
003360 0.6450 0.3252 0.0000 0.0298
003380 0.6364 0.3309 0.0000 0.0327
003400 0.6224 0.3421 0.0000 0.0355
003420 0.6088 0.3571 0.0000 0.0341
003440 0.5988 0.3671 0.0000 0.0341
003460 0.5952 0.3745 0.0000 0.0304
003480 0.6048 0.3684 0.0000 0.0269
003500 0.6166 0.3588 0.0000 0.0245
003520 0.6271 0.3468 0.0000 0.0261
003540 0.6373 0.3357 0.0000 0.0270
003560 0.6469 0.3271 0.0000 0.0260
003580 0.6549 0.3191 0.0000 0.0260
003600 0.6576 0.3157 0.0000 0.0267
003620 0.6557 0.3165 0.0000 0.0278
003640 0.6489 0.3195 0.0000 0.0316
003660 0.6358 0.3313 0.0000 0.0330
003680 0.6199 0.3441 0.0000 0.0361
003700 0.6046 0.3592 0.0000 0.0361
003720 0.5880 0.3742 0.0000 0.0379
003740 0.5762 0.3871 0.0000 0.0367
003760 0.5753 0.3926 0.0000 0.0321
003780 0.5864 0.3872 0.0000 0.0265
003800 0.6049 0.3704 0.0000 0.0247
003820 0.6248 0.3515 0.0000 0.0237
003840 0.6375 0.3365 0.0000 0.0260
003860 0.6443 0.3270 0.0000 0.0288
003880 0.6439 0.3264 0.0000 0.0298
003900 0.6437 0.3269 0.0000 0.0295
003920 0.6414 0.3304 0.0000 0.0282
003940 0.6365 0.3335 0.0000 0.0300
003960 0.6323 0.3372 0.0000 0.0305
003980 0.6254 0.3428 0.0000 0.0318
004000 0.6219 0.3479 0.0000 0.0302
004020 0.6203 0.3505 0.0000 0.0292
004040 0.6226 0.3500 0.0000 0.0274
004060 0.6244 0.3456 0.0000 0.0300
004080 0.6229 0.3468 0.0000 0.0304
004100 0.6175 0.3499 0.0000 0.0326
004120 0.6135 0.3546 0.0000 0.0319
004140 0.6111 0.3581 0.0000 0.0308
004160 0.6104 0.3587 0.0000 0.0309
004180 0.6105 0.3610 0.0000 0.0284
004200 0.6121 0.3602 0.0000 0.0277
004220 0.6189 0.3535 0.0000 0.0277
004240 0.6260 0.3466 0.0000 0.0274
004260 0.6343 0.3390 0.0000 0.0267
004280 0.6392 0.3332 0.0000 0.0275
004300 0.6417 0.3299 0.0000 0.0284
004320 0.6396 0.3295 0.0000 0.0308
004340 0.6332 0.3344 0.0000 0.0324
004360 0.6235 0.3422 0.0000 0.0343
004380 0.6104 0.3533 0.0000 0.0364
004400 0.5975 0.3665 0.0000 0.0360
004420 0.5898 0.3772 0.0000 0.0330
004440 0.5945 0.3770 0.0000 0.0286
004460 0.6033 0.3686 0.0000 0.0280
004480 0.6115 0.3603 0.0000 0.0282
004500 0.6207 0.3516 0.0000 0.0276
004520 0.6295 0.3428 0.0000 0.0278
004540 0.6380 0.3360 0.0000 0.0260
004560 0.6445 0.3298 0.0000 0.0257
004580 0.6493 0.3230 0.0000 0.0277
004600 0.6469 0.3225 0.0000 0.0306
004620 0.6408 0.3290 0.0000 0.0301
004640 0.6353 0.3336 0.0000 0.0311
004660 0.6242 0.3436 0.0000 0.0322
004680 0.6157 0.3517 0.0000 0.0327
004700 0.6047 0.3612 0.0000 0.0340
004720 0.5960 0.3706 0.0000 0.0334
004740 0.5912 0.3762 0.0000 0.0326
004760 0.5913 0.3769 0.0000 0.0318
004780 0.5982 0.3738 0.0000 0.0280
004800 0.6108 0.3640 0.0000 0.0252
004820 0.6258 0.3490 0.0000 0.0252
004840 0.6330 0.3387 0.0000 0.0282
004860 0.6350 0.3366 0.0000 0.0284
004880 0.6344 0.3354 0.0000 0.0302
004900 0.6302 0.3394 0.0000 0.0304
004920 0.6337 0.3378 0.0000 0.0285
004940 0.6359 0.3360 0.0000 0.0281
004960 0.6393 0.3315 0.0000 0.0292
004980 0.6425 0.3295 0.0000 0.0280
005000 0.6433 0.3273 0.0000 0.0294
005020 0.6388 0.3310 0.0000 0.0301
005040 0.6340 0.3347 0.0000 0.0313
005060 0.6272 0.3404 0.0000 0.0324
005080 0.6210 0.3470 0.0000 0.0320
005100 0.6144 0.3538 0.0000 0.0318
005120 0.6105 0.3571 0.0000 0.0324
005140 0.6056 0.3613 0.0000 0.0331
005160 0.5979 0.3677 0.0000 0.0343
005180 0.5930 0.3741 0.0000 0.0329
005200 0.5942 0.3761 0.0000 0.0297
005220 0.5989 0.3729 0.0000 0.0282
005240 0.6113 0.3630 0.0000 0.0256
005260 0.6283 0.3475 0.0000 0.0242
005280 0.6404 0.3333 0.0000 0.0263
005300 0.6437 0.3275 0.0000 0.0288
005320 0.6426 0.3285 0.0000 0.0288
005340 0.6437 0.3265 0.0000 0.0298
005360 0.6392 0.3304 0.0000 0.0304
005380 0.6320 0.3347 0.0000 0.0333
005400 0.6157 0.3475 0.0000 0.0368
005420 0.5965 0.3656 0.0000 0.0378
005440 0.5831 0.3811 0.0000 0.0358
005460 0.5802 0.3869 0.0000 0.0329
005480 0.5845 0.3843 0.0000 0.0313
005500 0.5981 0.3748 0.0000 0.0271
005520 0.6117 0.3622 0.0000 0.0261
005540 0.6245 0.3500 0.0000 0.0255
005560 0.6349 0.3384 0.0000 0.0266
005580 0.6371 0.3335 0.0000 0.0295
005600 0.6355 0.3357 0.0000 0.0288
005620 0.6353 0.3354 0.0000 0.0293
005640 0.6307 0.3381 0.0000 0.0312
005660 0.6189 0.3479 0.0000 0.0332
005680 0.6069 0.3592 0.0000 0.0339
005700 0.5995 0.3670 0.0000 0.0335
005720 0.5919 0.3759 0.0000 0.0322
005740 0.5919 0.3765 0.0000 0.0316
005760 0.5979 0.3714 0.0000 0.0307
005780 0.6034 0.3664 0.0000 0.0302
005800 0.6100 0.3617 0.0000 0.0283
005820 0.6200 0.3532 0.0000 0.0268
005840 0.6278 0.3448 0.0000 0.0274
005860 0.6345 0.3384 0.0000 0.0271
005880 0.6402 0.3329 0.0000 0.0269
005900 0.6412 0.3312 0.0000 0.0277
005920 0.6425 0.3283 0.0000 0.0292
005940 0.6387 0.3311 0.0000 0.0302
005960 0.6338 0.3346 0.0000 0.0316
005980 0.6236 0.3416 0.0000 0.0348
006000 0.6106 0.3528 0.0000 0.0366
006020 0.5970 0.3689 0.0000 0.0341
006040 0.5900 0.3782 0.0000 0.0318
006060 0.5986 0.3733 0.0000 0.0280
006080 0.6084 0.3637 0.0000 0.0279
006100 0.6147 0.3565 0.0000 0.0288
006120 0.6205 0.3501 0.0000 0.0294
006140 0.6213 0.3485 0.0000 0.0302
006160 0.6211 0.3472 0.0000 0.0317
006180 0.6199 0.3495 0.0000 0.0307
006200 0.6203 0.3505 0.0000 0.0293
006220 0.6155 0.3542 0.0000 0.0304
006240 0.6131 0.3559 0.0000 0.0310
006260 0.6117 0.3567 0.0000 0.0316
006280 0.6099 0.3583 0.0000 0.0318
006300 0.6077 0.3606 0.0000 0.0317
006320 0.6092 0.3611 0.0000 0.0297
006340 0.6134 0.3582 0.0000 0.0284
006360 0.6159 0.3552 0.0000 0.0289
006380 0.6222 0.3507 0.0000 0.0271
006400 0.6287 0.3453 0.0000 0.0259
006420 0.6342 0.3383 0.0000 0.0275
006440 0.6355 0.3344 0.0000 0.0301
006460 0.6347 0.3356 0.0000 0.0298
006480 0.6334 0.3364 0.0000 0.0302
006500 0.6267 0.3407 0.0000 0.0326
006520 0.6146 0.3526 0.0000 0.0328
006540 0.6090 0.3588 0.0000 0.0321
006560 0.6055 0.3632 0.0000 0.0313
006580 0.6039 0.3650 0.0000 0.0311
006600 0.6086 0.3629 0.0000 0.0285
006620 0.6161 0.3575 0.0000 0.0264
006640 0.6272 0.3468 0.0000 0.0260
006660 0.6358 0.3387 0.0000 0.0255
006680 0.6404 0.3327 0.0000 0.0269
006700 0.6445 0.3286 0.0000 0.0269
006720 0.6494 0.3237 0.0000 0.0269
006740 0.6469 0.3227 0.0000 0.0304
006760 0.6378 0.3305 0.0000 0.0317
006780 0.6244 0.3417 0.0000 0.0339
006800 0.6145 0.3522 0.0000 0.0333
006820 0.6056 0.3616 0.0000 0.0328
006840 0.5960 0.3707 0.0000 0.0333
006860 0.5929 0.3743 0.0000 0.0328
006880 0.5920 0.3757 0.0000 0.0323
006900 0.5952 0.3759 0.0000 0.0290
006920 0.6044 0.3685 0.0000 0.0272
006940 0.6182 0.3561 0.0000 0.0257
006960 0.6273 0.3454 0.0000 0.0273
006980 0.6294 0.3409 0.0000 0.0297
007000 0.6259 0.3431 0.0000 0.0310
007020 0.6214 0.3465 0.0000 0.0322
007040 0.6149 0.3532 0.0000 0.0319
007060 0.6121 0.3568 0.0000 0.0311
007080 0.6088 0.3600 0.0000 0.0312
007100 0.6050 0.3626 0.0000 0.0323
007120 0.6008 0.3678 0.0000 0.0315
007140 0.6046 0.3671 0.0000 0.0283
007160 0.6153 0.3591 0.0000 0.0257
007180 0.6314 0.3443 0.0000 0.0242
007200 0.6422 0.3310 0.0000 0.0268
007220 0.6496 0.3237 0.0000 0.0266
007240 0.6513 0.3200 0.0000 0.0286
007260 0.6477 0.3215 0.0000 0.0309
007280 0.6391 0.3285 0.0000 0.0323
007300 0.6292 0.3380 0.0000 0.0328
007320 0.6193 0.3467 0.0000 0.0340
007340 0.6067 0.3578 0.0000 0.0356
007360 0.5963 0.3698 0.0000 0.0339
007380 0.5954 0.3760 0.0000 0.0286
007400 0.6000 0.3719 0.0000 0.0281
007420 0.6111 0.3622 0.0000 0.0267
007440 0.6237 0.3504 0.0000 0.0260
007460 0.6322 0.3407 0.0000 0.0270
007480 0.6368 0.3350 0.0000 0.0282
007500 0.6407 0.3326 0.0000 0.0267
007520 0.6463 0.3275 0.0000 0.0261
007540 0.6507 0.3228 0.0000 0.0265
007560 0.6480 0.3212 0.0000 0.0307
007580 0.6393 0.3276 0.0000 0.0331
007600 0.6276 0.3378 0.0000 0.0346
007620 0.6164 0.3490 0.0000 0.0346
007640 0.6059 0.3612 0.0000 0.0330
007660 0.5979 0.3711 0.0000 0.0310
007680 0.5925 0.3751 0.0000 0.0324
007700 0.5891 0.3792 0.0000 0.0317
007720 0.5884 0.3805 0.0000 0.0311
007740 0.5915 0.3767 0.0000 0.0318
007760 0.5962 0.3740 0.0000 0.0298
007780 0.6053 0.3666 0.0000 0.0281
007800 0.6163 0.3574 0.0000 0.0263
007820 0.6263 0.3479 0.0000 0.0258
007840 0.6301 0.3420 0.0000 0.0280
007860 0.6315 0.3403 0.0000 0.0282
007880 0.6287 0.3424 0.0000 0.0290
007900 0.6300 0.3421 0.0000 0.0279
007920 0.6315 0.3398 0.0000 0.0287
007940 0.6288 0.3402 0.0000 0.0310
007960 0.6203 0.3477 0.0000 0.0321
007980 0.6119 0.3556 0.0000 0.0325
008000 0.6072 0.3607 0.0000 0.0321
008020 0.6046 0.3649 0.0000 0.0305
008040 0.6048 0.3658 0.0000 0.0294
008060 0.6130 0.3586 0.0000 0.0284
008080 0.6207 0.3521 0.0000 0.0272
008100 0.6263 0.3447 0.0000 0.0290
008120 0.6256 0.3446 0.0000 0.0299
008140 0.6235 0.3463 0.0000 0.0302
008160 0.6237 0.3484 0.0000 0.0279
008180 0.6293 0.3433 0.0000 0.0274
008200 0.6284 0.3433 0.0000 0.0284
008220 0.6297 0.3421 0.0000 0.0282
008240 0.6317 0.3388 0.0000 0.0295
008260 0.6288 0.3414 0.0000 0.0298
008280 0.6268 0.3434 0.0000 0.0298
008300 0.6237 0.3443 0.0000 0.0320
008320 0.6182 0.3486 0.0000 0.0332
008340 0.6073 0.3610 0.0000 0.0318
008360 0.6027 0.3662 0.0000 0.0312
008380 0.6020 0.3671 0.0000 0.0309
008400 0.6018 0.3679 0.0000 0.0303
008420 0.6077 0.3631 0.0000 0.0292
008440 0.6157 0.3573 0.0000 0.0271
008460 0.6264 0.3466 0.0000 0.0270
008480 0.6308 0.3418 0.0000 0.0274
008500 0.6352 0.3382 0.0000 0.0266
008520 0.6437 0.3307 0.0000 0.0256
008540 0.6488 0.3242 0.0000 0.0271
008560 0.6499 0.3213 0.0000 0.0288
008580 0.6470 0.3228 0.0000 0.0303
008600 0.6401 0.3287 0.0000 0.0312
008620 0.6309 0.3357 0.0000 0.0334
008640 0.6190 0.3462 0.0000 0.0348
008660 0.6106 0.3564 0.0000 0.0330
008680 0.6047 0.3635 0.0000 0.0318
008700 0.5988 0.3693 0.0000 0.0319
008720 0.6003 0.3704 0.0000 0.0293
008740 0.6045 0.3659 0.0000 0.0295
008760 0.6090 0.3633 0.0000 0.0277
008780 0.6213 0.3526 0.0000 0.0261
008800 0.6331 0.3408 0.0000 0.0261
008820 0.6426 0.3298 0.0000 0.0277
008840 0.6454 0.3271 0.0000 0.0275
008860 0.6469 0.3244 0.0000 0.0287
008880 0.6512 0.3192 0.0000 0.0296
008900 0.6459 0.3212 0.0000 0.0330
008920 0.6365 0.3308 0.0000 0.0327
008940 0.6285 0.3392 0.0000 0.0323
008960 0.6151 0.3510 0.0000 0.0340
008980 0.6038 0.3616 0.0000 0.0346
009000 0.5927 0.3734 0.0000 0.0339
009020 0.5877 0.3794 0.0000 0.0330
009040 0.5850 0.3845 0.0000 0.0305
009060 0.5882 0.3813 0.0000 0.0306
009080 0.5943 0.3767 0.0000 0.0290
009100 0.6040 0.3677 0.0000 0.0283
009120 0.6120 0.3606 0.0000 0.0274
009140 0.6235 0.3514 0.0000 0.0250
009160 0.6395 0.3360 0.0000 0.0245
009180 0.6504 0.3234 0.0000 0.0262
009200 0.6503 0.3204 0.0000 0.0293
009220 0.6430 0.3257 0.0000 0.0313
009240 0.6341 0.3351 0.0000 0.0308
009260 0.6226 0.3453 0.0000 0.0321
009280 0.6113 0.3548 0.0000 0.0339
009300 0.6053 0.3632 0.0000 0.0315
009320 0.6039 0.3640 0.0000 0.0321
009340 0.6054 0.3642 0.0000 0.0304
009360 0.6137 0.3582 0.0000 0.0282
009380 0.6208 0.3519 0.0000 0.0273
009400 0.6238 0.3468 0.0000 0.0293
009420 0.6279 0.3441 0.0000 0.0280
009440 0.6373 0.3360 0.0000 0.0267
009460 0.6400 0.3328 0.0000 0.0272
009480 0.6425 0.3289 0.0000 0.0286
009500 0.6413 0.3292 0.0000 0.0295
009520 0.6398 0.3288 0.0000 0.0314
009540 0.6335 0.3351 0.0000 0.0314
009560 0.6263 0.3420 0.0000 0.0317
009580 0.6179 0.3505 0.0000 0.0316
009600 0.6113 0.3576 0.0000 0.0310
009620 0.6093 0.3599 0.0000 0.0308
009640 0.6076 0.3609 0.0000 0.0315
009660 0.6068 0.3631 0.0000 0.0301
009680 0.6072 0.3621 0.0000 0.0307
009700 0.6079 0.3627 0.0000 0.0294
009720 0.6122 0.3595 0.0000 0.0283
009740 0.6223 0.3506 0.0000 0.0271
009760 0.6280 0.3451 0.0000 0.0270
009780 0.6295 0.3409 0.0000 0.0295
009800 0.6264 0.3418 0.0000 0.0318
009820 0.6221 0.3458 0.0000 0.0321
009840 0.6203 0.3485 0.0000 0.0313
009860 0.6170 0.3529 0.0000 0.0301
009880 0.6184 0.3512 0.0000 0.0303
009900 0.6163 0.3538 0.0000 0.0299
009920 0.6129 0.3546 0.0000 0.0325
009940 0.6098 0.3576 0.0000 0.0326
009960 0.6057 0.3611 0.0000 0.0333
009980 0.6075 0.3633 0.0000 0.0292
010000 0.6133 0.3590 0.0000 0.0277
010020 0.6199 0.3529 0.0000 0.0271
010040 0.6199 0.3529 0.0000 0.0271
010060 0.6199 0.3529 0.0000 0.0271
010080 0.6199 0.3529 0.0000 0.0271
010100 0.6199 0.3529 0.0000 0.0271
010120 0.6199 0.3529 0.0000 0.0271
010140 0.6199 0.3529 0.0000 0.0271
010160 0.6199 0.3529 0.0000 0.0271
010180 0.6199 0.3529 0.0000 0.0271
010200 0.6199 0.3529 0.0000 0.0271
010220 0.6199 0.3529 0.0000 0.0271
010240 0.6199 0.3529 0.0000 0.0271
010260 0.6199 0.3529 0.0000 0.0271
010280 0.6199 0.3529 0.0000 0.0271
010300 0.6199 0.3529 0.0000 0.0271
010320 0.6199 0.3529 0.0000 0.0271
010340 0.6199 0.3529 0.0000 0.0271
010360 0.6199 0.3529 0.0000 0.0271
010380 0.6199 0.3529 0.0000 0.0271
010400 0.6199 0.3529 0.0000 0.0271
010420 0.6199 0.3529 0.0000 0.0271
010440 0.6199 0.3529 0.0000 0.0271
010460 0.6199 0.3529 0.0000 0.0271
010480 0.6199 0.3529 0.0000 0.0271
010500 0.6199 0.3529 0.0000 0.0271
010520 0.6199 0.3529 0.0000 0.0271
010540 0.6199 0.3529 0.0000 0.0271
010560 0.6199 0.3529 0.0000 0.0271
010580 0.6199 0.3529 0.0000 0.0271
010600 0.6199 0.3529 0.0000 0.0271
010620 0.6199 0.3529 0.0000 0.0271
010640 0.6199 0.3529 0.0000 0.0271
010660 0.6199 0.3529 0.0000 0.0271
010680 0.6199 0.3529 0.0000 0.0271
010700 0.6199 0.3529 0.0000 0.0271
010720 0.6199 0.3529 0.0000 0.0271
010740 0.6199 0.3529 0.0000 0.0271
010760 0.6199 0.3529 0.0000 0.0271
010780 0.6199 0.3529 0.0000 0.0271
010800 0.6199 0.3529 0.0000 0.0271
010820 0.6199 0.3529 0.0000 0.0271
010840 0.6199 0.3529 0.0000 0.0271
010860 0.6199 0.3529 0.0000 0.0271
010880 0.6199 0.3529 0.0000 0.0271
010900 0.6199 0.3529 0.0000 0.0271
010920 0.6199 0.3529 0.0000 0.0271
010940 0.6199 0.3529 0.0000 0.0271
010960 0.6199 0.3529 0.0000 0.0271
010980 0.6199 0.3529 0.0000 0.0271
011000 0.6199 0.3529 0.0000 0.0271
011020 0.6199 0.3529 0.0000 0.0271
011040 0.6199 0.3529 0.0000 0.0271
011060 0.6199 0.3529 0.0000 0.0271
011080 0.6199 0.3529 0.0000 0.0271
011100 0.6199 0.3529 0.0000 0.0271
011120 0.6199 0.3529 0.0000 0.0271
011140 0.6199 0.3529 0.0000 0.0271
011160 0.6199 0.3529 0.0000 0.0271
011180 0.6199 0.3529 0.0000 0.0271
011200 0.6199 0.3529 0.0000 0.0271
011220 0.6199 0.3529 0.0000 0.0271
011240 0.6199 0.3529 0.0000 0.0271
011260 0.6199 0.3529 0.0000 0.0271
011280 0.6199 0.3529 0.0000 0.0271
011300 0.6199 0.3529 0.0000 0.0271
011320 0.6199 0.3529 0.0000 0.0271
011340 0.6199 0.3529 0.0000 0.0271
011360 0.6199 0.3529 0.0000 0.0271
011380 0.6199 0.3529 0.0000 0.0271
011400 0.6199 0.3529 0.0000 0.0271
011420 0.6199 0.3529 0.0000 0.0271
011440 0.6199 0.3529 0.0000 0.0271
011460 0.6199 0.3529 0.0000 0.0271
011480 0.6199 0.3529 0.0000 0.0271
011500 0.6199 0.3529 0.0000 0.0271
011520 0.6199 0.3529 0.0000 0.0271
011540 0.6199 0.3529 0.0000 0.0271
011560 0.6199 0.3529 0.0000 0.0271
011580 0.6199 0.3529 0.0000 0.0271
011600 0.6199 0.3529 0.0000 0.0271
011620 0.6199 0.3529 0.0000 0.0271
011640 0.6199 0.3529 0.0000 0.0271
011660 0.6199 0.3529 0.0000 0.0271
011680 0.6199 0.3529 0.0000 0.0271
011700 0.6199 0.3529 0.0000 0.0271
011720 0.6199 0.3529 0.0000 0.0271
011740 0.6199 0.3529 0.0000 0.0271
011760 0.6199 0.3529 0.0000 0.0271
011780 0.6199 0.3529 0.0000 0.0271
011800 0.6199 0.3529 0.0000 0.0271
011820 0.6199 0.3529 0.0000 0.0271
011840 0.6199 0.3529 0.0000 0.0271
011860 0.6199 0.3529 0.0000 0.0271
011880 0.6199 0.3529 0.0000 0.0271
011900 0.6199 0.3529 0.0000 0.0271
011920 0.6199 0.3529 0.0000 0.0271
011940 0.6199 0.3529 0.0000 0.0271
011960 0.6199 0.3529 0.0000 0.0271
011980 0.6199 0.3529 0.0000 0.0271
012000 0.6199 0.3529 0.0000 0.0271
012020 0.6199 0.3529 0.0000 0.0271
012040 0.6199 0.3529 0.0000 0.0271
012060 0.6199 0.3529 0.0000 0.0271
012080 0.6199 0.3529 0.0000 0.0271
012100 0.6199 0.3529 0.0000 0.0271
012120 0.6199 0.3529 0.0000 0.0271
012140 0.6199 0.3529 0.0000 0.0271
012160 0.6199 0.3529 0.0000 0.0271
012180 0.6199 0.3529 0.0000 0.0271
012200 0.6199 0.3529 0.0000 0.0271
012220 0.6199 0.3529 0.0000 0.0271
012240 0.6199 0.3529 0.0000 0.0271
012260 0.6199 0.3529 0.0000 0.0271
012280 0.6199 0.3529 0.0000 0.0271
012300 0.6199 0.3529 0.0000 0.0271
012320 0.6199 0.3529 0.0000 0.0271
012340 0.6199 0.3529 0.0000 0.0271
012360 0.6199 0.3529 0.0000 0.0271
012380 0.6199 0.3529 0.0000 0.0271
012400 0.6199 0.3529 0.0000 0.0271
012420 0.6199 0.3529 0.0000 0.0271
012440 0.6199 0.3529 0.0000 0.0271
012460 0.6199 0.3529 0.0000 0.0271
012480 0.6199 0.3529 0.0000 0.0271
012500 0.6199 0.3529 0.0000 0.0271
012520 0.6199 0.3529 0.0000 0.0271
012540 0.6199 0.3529 0.0000 0.0271
012560 0.6199 0.3529 0.0000 0.0271
012580 0.6199 0.3529 0.0000 0.0271
012600 0.6199 0.3529 0.0000 0.0271
012620 0.6199 0.3529 0.0000 0.0271
012640 0.6199 0.3529 0.0000 0.0271
012660 0.6199 0.3529 0.0000 0.0271
012680 0.6199 0.3529 0.0000 0.0271
012700 0.6199 0.3529 0.0000 0.0271
012720 0.6199 0.3529 0.0000 0.0271
012740 0.6199 0.3529 0.0000 0.0271
012760 0.6199 0.3529 0.0000 0.0271
012780 0.6199 0.3529 0.0000 0.0271
012800 0.6199 0.3529 0.0000 0.0271
012820 0.6199 0.3529 0.0000 0.0271
012840 0.6199 0.3529 0.0000 0.0271
012860 0.6199 0.3529 0.0000 0.0271
012880 0.6199 0.3529 0.0000 0.0271
012900 0.6199 0.3529 0.0000 0.0271
012920 0.6199 0.3529 0.0000 0.0271
012940 0.6199 0.3529 0.0000 0.0271
012960 0.6199 0.3529 0.0000 0.0271
012980 0.6199 0.3529 0.0000 0.0271
013000 0.6199 0.3529 0.0000 0.0271
013020 0.6199 0.3529 0.0000 0.0271
013040 0.6199 0.3529 0.0000 0.0271
013060 0.6199 0.3529 0.0000 0.0271
013080 0.6199 0.3529 0.0000 0.0271
013100 0.6199 0.3529 0.0000 0.0271
013120 0.6199 0.3529 0.0000 0.0271
013140 0.6199 0.3529 0.0000 0.0271
013160 0.6199 0.3529 0.0000 0.0271
013180 0.6199 0.3529 0.0000 0.0271
013200 0.6199 0.3529 0.0000 0.0271
013220 0.6199 0.3529 0.0000 0.0271
013240 0.6199 0.3529 0.0000 0.0271
013260 0.6199 0.3529 0.0000 0.0271
013280 0.6199 0.3529 0.0000 0.0271
013300 0.6199 0.3529 0.0000 0.0271
013320 0.6199 0.3529 0.0000 0.0271
013340 0.6199 0.3529 0.0000 0.0271
013360 0.6199 0.3529 0.0000 0.0271
013380 0.6199 0.3529 0.0000 0.0271
013400 0.6199 0.3529 0.0000 0.0271
013420 0.6199 0.3529 0.0000 0.0271
013440 0.6199 0.3529 0.0000 0.0271
013460 0.6199 0.3529 0.0000 0.0271
013480 0.6199 0.3529 0.0000 0.0271
013500 0.6199 0.3529 0.0000 0.0271
013520 0.6199 0.3529 0.0000 0.0271
013540 0.6199 0.3529 0.0000 0.0271
013560 0.6199 0.3529 0.0000 0.0271
013580 0.6199 0.3529 0.0000 0.0271
013600 0.6199 0.3529 0.0000 0.0271
013620 0.6199 0.3529 0.0000 0.0271
013640 0.6199 0.3529 0.0000 0.0271
013660 0.6199 0.3529 0.0000 0.0271
013680 0.6199 0.3529 0.0000 0.0271
013700 0.6199 0.3529 0.0000 0.0271
013720 0.6199 0.3529 0.0000 0.0271
013740 0.6199 0.3529 0.0000 0.0271
013760 0.6199 0.3529 0.0000 0.0271
013780 0.6199 0.3529 0.0000 0.0271
013800 0.6199 0.3529 0.0000 0.0271
013820 0.6199 0.3529 0.0000 0.0271
013840 0.6199 0.3529 0.0000 0.0271
013860 0.6199 0.3529 0.0000 0.0271
013880 0.6199 0.3529 0.0000 0.0271
013900 0.6199 0.3529 0.0000 0.0271
013920 0.6199 0.3529 0.0000 0.0271
013940 0.6199 0.3529 0.0000 0.0271
013960 0.6199 0.3529 0.0000 0.0271
013980 0.6199 0.3529 0.0000 0.0271
014000 0.6199 0.3529 0.0000 0.0271
014020 0.6199 0.3529 0.0000 0.0271
014040 0.6199 0.3529 0.0000 0.0271
014060 0.6199 0.3529 0.0000 0.0271
014080 0.6199 0.3529 0.0000 0.0271
014100 0.6199 0.3529 0.0000 0.0271
014120 0.6199 0.3529 0.0000 0.0271
014140 0.6199 0.3529 0.0000 0.0271
014160 0.6199 0.3529 0.0000 0.0271
014180 0.6199 0.3529 0.0000 0.0271
014200 0.6199 0.3529 0.0000 0.0271
014220 0.6199 0.3529 0.0000 0.0271
014240 0.6199 0.3529 0.0000 0.0271
014260 0.6199 0.3529 0.0000 0.0271
014280 0.6199 0.3529 0.0000 0.0271
014300 0.6199 0.3529 0.0000 0.0271
014320 0.6199 0.3529 0.0000 0.0271
014340 0.6199 0.3529 0.0000 0.0271
014360 0.6199 0.3529 0.0000 0.0271
014380 0.6199 0.3529 0.0000 0.0271
014400 0.6199 0.3529 0.0000 0.0271
014420 0.6199 0.3529 0.0000 0.0271
014440 0.6199 0.3529 0.0000 0.0271
014460 0.6199 0.3529 0.0000 0.0271
014480 0.6199 0.3529 0.0000 0.0271
014500 0.6199 0.3529 0.0000 0.0271
014520 0.6199 0.3529 0.0000 0.0271
014540 0.6199 0.3529 0.0000 0.0271
014560 0.6199 0.3529 0.0000 0.0271
014580 0.6199 0.3529 0.0000 0.0271
014600 0.6199 0.3529 0.0000 0.0271
014620 0.6199 0.3529 0.0000 0.0271
014640 0.6199 0.3529 0.0000 0.0271
014660 0.6199 0.3529 0.0000 0.0271
014680 0.6199 0.3529 0.0000 0.0271
014700 0.6199 0.3529 0.0000 0.0271
014720 0.6199 0.3529 0.0000 0.0271
014740 0.6199 0.3529 0.0000 0.0271
014760 0.6199 0.3529 0.0000 0.0271
014780 0.6199 0.3529 0.0000 0.0271
014800 0.6199 0.3529 0.0000 0.0271
014820 0.6199 0.3529 0.0000 0.0271
014840 0.6199 0.3529 0.0000 0.0271
014860 0.6199 0.3529 0.0000 0.0271
014880 0.6199 0.3529 0.0000 0.0271
014900 0.6199 0.3529 0.0000 0.0271
014920 0.6199 0.3529 0.0000 0.0271
014940 0.6199 0.3529 0.0000 0.0271
014960 0.6199 0.3529 0.0000 0.0271
014980 0.6199 0.3529 0.0000 0.0271
015000 0.6199 0.3529 0.0000 0.0271
015020 0.6199 0.3529 0.0000 0.0271
015040 0.6199 0.3529 0.0000 0.0271
015060 0.6199 0.3529 0.0000 0.0271
015080 0.6199 0.3529 0.0000 0.0271
015100 0.6199 0.3529 0.0000 0.0271
015120 0.6199 0.3529 0.0000 0.0271
015140 0.6199 0.3529 0.0000 0.0271
015160 0.6199 0.3529 0.0000 0.0271
015180 0.6199 0.3529 0.0000 0.0271
015200 0.6199 0.3529 0.0000 0.0271
015220 0.6199 0.3529 0.0000 0.0271
015240 0.6199 0.3529 0.0000 0.0271
015260 0.6199 0.3529 0.0000 0.0271
015280 0.6199 0.3529 0.0000 0.0271
015300 0.6199 0.3529 0.0000 0.0271
015320 0.6199 0.3529 0.0000 0.0271
015340 0.6199 0.3529 0.0000 0.0271
015360 0.6199 0.3529 0.0000 0.0271
015380 0.6199 0.3529 0.0000 0.0271
015400 0.6199 0.3529 0.0000 0.0271
015420 0.6199 0.3529 0.0000 0.0271
015440 0.6199 0.3529 0.0000 0.0271
015460 0.6199 0.3529 0.0000 0.0271
015480 0.6199 0.3529 0.0000 0.0271
015500 0.6199 0.3529 0.0000 0.0271
015520 0.6199 0.3529 0.0000 0.0271
015540 0.6199 0.3529 0.0000 0.0271
015560 0.6199 0.3529 0.0000 0.0271
015580 0.6199 0.3529 0.0000 0.0271
015600 0.6199 0.3529 0.0000 0.0271
015620 0.6199 0.3529 0.0000 0.0271
015640 0.6199 0.3529 0.0000 0.0271
015660 0.6199 0.3529 0.0000 0.0271
015680 0.6199 0.3529 0.0000 0.0271
015700 0.6199 0.3529 0.0000 0.0271
015720 0.6199 0.3529 0.0000 0.0271
015740 0.6199 0.3529 0.0000 0.0271
015760 0.6199 0.3529 0.0000 0.0271
015780 0.6199 0.3529 0.0000 0.0271
015800 0.6199 0.3529 0.0000 0.0271
015820 0.6199 0.3529 0.0000 0.0271
015840 0.6199 0.3529 0.0000 0.0271
015860 0.6199 0.3529 0.0000 0.0271
015880 0.6199 0.3529 0.0000 0.0271
015900 0.6199 0.3529 0.0000 0.0271
015920 0.6199 0.3529 0.0000 0.0271
015940 0.6199 0.3529 0.0000 0.0271
015960 0.6199 0.3529 0.0000 0.0271
015980 0.6199 0.3529 0.0000 0.0271
016000 0.6199 0.3529 0.0000 0.0271
016020 0.6199 0.3529 0.0000 0.0271
016040 0.6199 0.3529 0.0000 0.0271
016060 0.6199 0.3529 0.0000 0.0271
016080 0.6199 0.3529 0.0000 0.0271
016100 0.6199 0.3529 0.0000 0.0271
016120 0.6199 0.3529 0.0000 0.0271
016140 0.6199 0.3529 0.0000 0.0271
016160 0.6199 0.3529 0.0000 0.0271
016180 0.6199 0.3529 0.0000 0.0271
016200 0.6199 0.3529 0.0000 0.0271
016220 0.6199 0.3529 0.0000 0.0271
016240 0.6199 0.3529 0.0000 0.0271
016260 0.6199 0.3529 0.0000 0.0271
016280 0.6199 0.3529 0.0000 0.0271
016300 0.6199 0.3529 0.0000 0.0271
016320 0.6199 0.3529 0.0000 0.0271
016340 0.6199 0.3529 0.0000 0.0271
016360 0.6199 0.3529 0.0000 0.0271
016380 0.6199 0.3529 0.0000 0.0271
016400 0.6199 0.3529 0.0000 0.0271
016420 0.6199 0.3529 0.0000 0.0271
016440 0.6199 0.3529 0.0000 0.0271
016460 0.6199 0.3529 0.0000 0.0271
016480 0.6199 0.3529 0.0000 0.0271
016500 0.6199 0.3529 0.0000 0.0271
016520 0.6199 0.3529 0.0000 0.0271
016540 0.6199 0.3529 0.0000 0.0271
016560 0.6199 0.3529 0.0000 0.0271
016580 0.6199 0.3529 0.0000 0.0271
016600 0.6199 0.3529 0.0000 0.0271
016620 0.6199 0.3529 0.0000 0.0271
016640 0.6199 0.3529 0.0000 0.0271
016660 0.6199 0.3529 0.0000 0.0271
016680 0.6199 0.3529 0.0000 0.0271
016700 0.6199 0.3529 0.0000 0.0271
016720 0.6199 0.3529 0.0000 0.0271
016740 0.6199 0.3529 0.0000 0.0271
016760 0.6199 0.3529 0.0000 0.0271
016780 0.6199 0.3529 0.0000 0.0271
016800 0.6199 0.3529 0.0000 0.0271
016820 0.6199 0.3529 0.0000 0.0271
016840 0.6199 0.3529 0.0000 0.0271
016860 0.6199 0.3529 0.0000 0.0271
016880 0.6199 0.3529 0.0000 0.0271
016900 0.6199 0.3529 0.0000 0.0271
016920 0.6199 0.3529 0.0000 0.0271
016940 0.6199 0.3529 0.0000 0.0271
016960 0.6199 0.3529 0.0000 0.0271
016980 0.6199 0.3529 0.0000 0.0271
017000 0.6199 0.3529 0.0000 0.0271
017020 0.6199 0.3529 0.0000 0.0271
017040 0.6199 0.3529 0.0000 0.0271
017060 0.6199 0.3529 0.0000 0.0271
017080 0.6199 0.3529 0.0000 0.0271
017100 0.6199 0.3529 0.0000 0.0271
017120 0.6199 0.3529 0.0000 0.0271
017140 0.6199 0.3529 0.0000 0.0271
017160 0.6199 0.3529 0.0000 0.0271
017180 0.6199 0.3529 0.0000 0.0271
017200 0.6199 0.3529 0.0000 0.0271
017220 0.6199 0.3529 0.0000 0.0271
017240 0.6199 0.3529 0.0000 0.0271
017260 0.6199 0.3529 0.0000 0.0271
017280 0.6199 0.3529 0.0000 0.0271
017300 0.6199 0.3529 0.0000 0.0271
017320 0.6199 0.3529 0.0000 0.0271
017340 0.6199 0.3529 0.0000 0.0271
017360 0.6199 0.3529 0.0000 0.0271
017380 0.6199 0.3529 0.0000 0.0271
017400 0.6199 0.3529 0.0000 0.0271
017420 0.6199 0.3529 0.0000 0.0271
017440 0.6199 0.3529 0.0000 0.0271
017460 0.6199 0.3529 0.0000 0.0271
017480 0.6199 0.3529 0.0000 0.0271
017500 0.6199 0.3529 0.0000 0.0271
017520 0.6199 0.3529 0.0000 0.0271
017540 0.6199 0.3529 0.0000 0.0271
017560 0.6199 0.3529 0.0000 0.0271
017580 0.6199 0.3529 0.0000 0.0271
017600 0.6199 0.3529 0.0000 0.0271
017620 0.6199 0.3529 0.0000 0.0271
017640 0.6199 0.3529 0.0000 0.0271
017660 0.6199 0.3529 0.0000 0.0271
017680 0.6199 0.3529 0.0000 0.0271
017700 0.6199 0.3529 0.0000 0.0271
017720 0.6199 0.3529 0.0000 0.0271
017740 0.6199 0.3529 0.0000 0.0271
017760 0.6199 0.3529 0.0000 0.0271
017780 0.6199 0.3529 0.0000 0.0271
017800 0.6199 0.3529 0.0000 0.0271
017820 0.6199 0.3529 0.0000 0.0271
017840 0.6199 0.3529 0.0000 0.0271
017860 0.6199 0.3529 0.0000 0.0271
017880 0.6199 0.3529 0.0000 0.0271
017900 0.6199 0.3529 0.0000 0.0271
017920 0.6199 0.3529 0.0000 0.0271
017940 0.6199 0.3529 0.0000 0.0271
017960 0.6199 0.3529 0.0000 0.0271
017980 0.6199 0.3529 0.0000 0.0271
018000 0.6199 0.3529 0.0000 0.0271
018020 0.6199 0.3529 0.0000 0.0271
018040 0.6199 0.3529 0.0000 0.0271
018060 0.6199 0.3529 0.0000 0.0271
018080 0.6199 0.3529 0.0000 0.0271
018100 0.6199 0.3529 0.0000 0.0271
018120 0.6199 0.3529 0.0000 0.0271
018140 0.6199 0.3529 0.0000 0.0271
018160 0.6199 0.3529 0.0000 0.0271
018180 0.6199 0.3529 0.0000 0.0271
018200 0.6199 0.3529 0.0000 0.0271
018220 0.6199 0.3529 0.0000 0.0271
018240 0.6199 0.3529 0.0000 0.0271
018260 0.6199 0.3529 0.0000 0.0271
018280 0.6199 0.3529 0.0000 0.0271
018300 0.6199 0.3529 0.0000 0.0271
018320 0.6199 0.3529 0.0000 0.0271
018340 0.6199 0.3529 0.0000 0.0271
018360 0.6199 0.3529 0.0000 0.0271
018380 0.6199 0.3529 0.0000 0.0271
018400 0.6199 0.3529 0.0000 0.0271
018420 0.6199 0.3529 0.0000 0.0271
018440 0.6199 0.3529 0.0000 0.0271
018460 0.6199 0.3529 0.0000 0.0271
018480 0.6199 0.3529 0.0000 0.0271
018500 0.6199 0.3529 0.0000 0.0271
018520 0.6199 0.3529 0.0000 0.0271
018540 0.6199 0.3529 0.0000 0.0271
018560 0.6199 0.3529 0.0000 0.0271
018580 0.6199 0.3529 0.0000 0.0271
018600 0.6199 0.3529 0.0000 0.0271
018620 0.6199 0.3529 0.0000 0.0271
018640 0.6199 0.3529 0.0000 0.0271
018660 0.6199 0.3529 0.0000 0.0271
018680 0.6199 0.3529 0.0000 0.0271
018700 0.6199 0.3529 0.0000 0.0271
018720 0.6199 0.3529 0.0000 0.0271
018740 0.6199 0.3529 0.0000 0.0271
018760 0.6199 0.3529 0.0000 0.0271
018780 0.6199 0.3529 0.0000 0.0271
018800 0.6199 0.3529 0.0000 0.0271
018820 0.6199 0.3529 0.0000 0.0271
018840 0.6199 0.3529 0.0000 0.0271
018860 0.6199 0.3529 0.0000 0.0271
018880 0.6199 0.3529 0.0000 0.0271
018900 0.6199 0.3529 0.0000 0.0271
018920 0.6199 0.3529 0.0000 0.0271
018940 0.6199 0.3529 0.0000 0.0271
018960 0.6199 0.3529 0.0000 0.0271
018980 0.6199 0.3529 0.0000 0.0271
019000 0.6199 0.3529 0.0000 0.0271
019020 0.6199 0.3529 0.0000 0.0271
019040 0.6199 0.3529 0.0000 0.0271
019060 0.6199 0.3529 0.0000 0.0271
019080 0.6199 0.3529 0.0000 0.0271
019100 0.6199 0.3529 0.0000 0.0271
019120 0.6199 0.3529 0.0000 0.0271
019140 0.6199 0.3529 0.0000 0.0271
019160 0.6199 0.3529 0.0000 0.0271
019180 0.6199 0.3529 0.0000 0.0271
019200 0.6199 0.3529 0.0000 0.0271
019220 0.6199 0.3529 0.0000 0.0271
019240 0.6199 0.3529 0.0000 0.0271
019260 0.6199 0.3529 0.0000 0.0271
019280 0.6199 0.3529 0.0000 0.0271
019300 0.6199 0.3529 0.0000 0.0271
019320 0.6199 0.3529 0.0000 0.0271
019340 0.6199 0.3529 0.0000 0.0271
019360 0.6199 0.3529 0.0000 0.0271
019380 0.6199 0.3529 0.0000 0.0271
019400 0.6199 0.3529 0.0000 0.0271
019420 0.6199 0.3529 0.0000 0.0271
019440 0.6199 0.3529 0.0000 0.0271
019460 0.6199 0.3529 0.0000 0.0271
019480 0.6199 0.3529 0.0000 0.0271
019500 0.6199 0.3529 0.0000 0.0271
019520 0.6199 0.3529 0.0000 0.0271
019540 0.6199 0.3529 0.0000 0.0271
019560 0.6199 0.3529 0.0000 0.0271
019580 0.6199 0.3529 0.0000 0.0271
019600 0.6199 0.3529 0.0000 0.0271
019620 0.6199 0.3529 0.0000 0.0271
019640 0.6199 0.3529 0.0000 0.0271
019660 0.6199 0.3529 0.0000 0.0271
019680 0.6199 0.3529 0.0000 0.0271
019700 0.6199 0.3529 0.0000 0.0271
019720 0.6199 0.3529 0.0000 0.0271
019740 0.6199 0.3529 0.0000 0.0271
019760 0.6199 0.3529 0.0000 0.0271
019780 0.6199 0.3529 0.0000 0.0271
019800 0.6199 0.3529 0.0000 0.0271
019820 0.6199 0.3529 0.0000 0.0271
019840 0.6199 0.3529 0.0000 0.0271
019860 0.6199 0.3529 0.0000 0.0271
019880 0.6199 0.3529 0.0000 0.0271
019900 0.6199 0.3529 0.0000 0.0271
019920 0.6199 0.3529 0.0000 0.0271
019940 0.6199 0.3529 0.0000 0.0271
019960 0.6199 0.3529 0.0000 0.0271
019980 0.6199 0.3529 0.0000 0.0271
020000 0.6199 0.3529 0.0000 0.0271
