000000 0.2500 0.2500 0.2500 0.2500
000020 0.2607 0.2583 0.2296 0.2513
000040 0.2736 0.2671 0.2076 0.2517
000060 0.2859 0.2766 0.1864 0.2511
000080 0.2973 0.2862 0.1666 0.2499
000100 0.3081 0.2960 0.1476 0.2482
000120 0.3174 0.3070 0.1301 0.2454
000140 0.3263 0.3186 0.1135 0.2415
000160 0.3346 0.3311 0.0977 0.2366
000180 0.3425 0.3435 0.0829 0.2312
000200 0.3488 0.3571 0.0697 0.2244
000220 0.3537 0.3710 0.0575 0.2178
000240 0.3573 0.3863 0.0463 0.2100
000260 0.3591 0.4023 0.0365 0.2021
000280 0.3594 0.4189 0.0278 0.1939
000300 0.3584 0.4372 0.0200 0.1845
000320 0.3549 0.4582 0.0134 0.1735
000340 0.3517 0.4782 0.0081 0.1620
000360 0.3471 0.4973 0.0041 0.1515
000380 0.3394 0.5215 0.0016 0.1375
000400 0.3340 0.5434 0.0003 0.1223
000420 0.3307 0.5632 0.0000 0.1060
000440 0.3298 0.5812 0.0000 0.0890
000460 0.3285 0.5984 0.0000 0.0732
000480 0.3253 0.6099 0.0000 0.0648
000500 0.3232 0.6216 0.0000 0.0552
000520 0.3220 0.6305 0.0000 0.0475
000540 0.3214 0.6368 0.0000 0.0418
000560 0.3189 0.6434 0.0000 0.0377
000580 0.3171 0.6487 0.0000 0.0342
000600 0.3193 0.6503 0.0000 0.0305
000620 0.3244 0.6467 0.0000 0.0289
000640 0.3295 0.6413 0.0000 0.0292
000660 0.3366 0.6329 0.0000 0.0305
000680 0.3468 0.6232 0.0000 0.0299
000700 0.3570 0.6130 0.0000 0.0300
000720 0.3650 0.6022 0.0000 0.0329
000740 0.3699 0.5960 0.0000 0.0341
000760 0.3696 0.5948 0.0000 0.0356
000780 0.3734 0.5903 0.0000 0.0362
000800 0.3814 0.5825 0.0000 0.0361
000820 0.3953 0.5708 0.0000 0.0338
000840 0.4062 0.5581 0.0000 0.0357
000860 0.4129 0.5507 0.0000 0.0363
000880 0.4192 0.5426 0.0000 0.0382
000900 0.4250 0.5349 0.0000 0.0401
000920 0.4282 0.5299 0.0000 0.0419
000940 0.4346 0.5230 0.0000 0.0424
000960 0.4369 0.5194 0.0000 0.0437
000980 0.4427 0.5139 0.0000 0.0434
001000 0.4544 0.5021 0.0000 0.0434
001020 0.4684 0.4894 0.0000 0.0422
001040 0.4823 0.4759 0.0000 0.0418
001060 0.4993 0.4578 0.0000 0.0429
001080 0.5079 0.4467 0.0000 0.0453
001100 0.5127 0.4391 0.0000 0.0482
001120 0.5114 0.4351 0.0000 0.0535
001140 0.5092 0.4395 0.0000 0.0513
001160 0.5160 0.4331 0.0000 0.0509
001180 0.5254 0.4229 0.0000 0.0517
001200 0.5366 0.4142 0.0000 0.0492
001220 0.5598 0.3948 0.0000 0.0454
001240 0.5854 0.3663 0.0000 0.0483
001260 0.5976 0.3518 0.0000 0.0506
001280 0.5948 0.3504 0.0000 0.0547
001300 0.5856 0.3572 0.0000 0.0572
001320 0.5754 0.3667 0.0000 0.0579
001340 0.5763 0.3665 0.0000 0.0572
001360 0.5837 0.3611 0.0000 0.0552
001380 0.5922 0.3537 0.0000 0.0541
001400 0.6014 0.3451 0.0000 0.0535
001420 0.6072 0.3386 0.0000 0.0542
001440 0.6064 0.3351 0.0000 0.0585
001460 0.5950 0.3464 0.0000 0.0586
001480 0.5893 0.3525 0.0000 0.0582
001500 0.5923 0.3517 0.0000 0.0560
001520 0.5972 0.3472 0.0000 0.0556
001540 0.6057 0.3393 0.0000 0.0551
001560 0.6117 0.3310 0.0000 0.0573
001580 0.6117 0.3319 0.0000 0.0564
001600 0.6073 0.3340 0.0000 0.0587
001620 0.6024 0.3407 0.0000 0.0569
001640 0.5961 0.3423 0.0000 0.0615
001660 0.5895 0.3489 0.0000 0.0616
001680 0.5866 0.3518 0.0000 0.0616
001700 0.5856 0.3544 0.0000 0.0600
001720 0.5979 0.3449 0.0000 0.0573
001740 0.6060 0.3364 0.0000 0.0575
001760 0.6060 0.3363 0.0000 0.0577
001780 0.6023 0.3365 0.0000 0.0612
001800 0.5981 0.3402 0.0000 0.0617
001820 0.5906 0.3494 0.0000 0.0600
001840 0.5941 0.3473 0.0000 0.0586
001860 0.5980 0.3443 0.0000 0.0577
001880 0.6030 0.3389 0.0000 0.0581
001900 0.6055 0.3362 0.0000 0.0583
001920 0.6044 0.3365 0.0000 0.0591
001940 0.5953 0.3440 0.0000 0.0607
001960 0.5939 0.3479 0.0000 0.0582
001980 0.6004 0.3435 0.0000 0.0560
002000 0.6021 0.3396 0.0000 0.0583
002020 0.5984 0.3426 0.0000 0.0590
002040 0.5961 0.3448 0.0000 0.0591
002060 0.5970 0.3453 0.0000 0.0577
002080 0.5954 0.3467 0.0000 0.0579
002100 0.6059 0.3383 0.0000 0.0557
002120 0.6145 0.3284 0.0000 0.0571
002140 0.6106 0.3304 0.0000 0.0590
002160 0.6074 0.3343 0.0000 0.0583
002180 0.6032 0.3364 0.0000 0.0603
002200 0.5923 0.3447 0.0000 0.0630
002220 0.5847 0.3540 0.0000 0.0613
002240 0.5910 0.3522 0.0000 0.0568
002260 0.6022 0.3421 0.0000 0.0556
002280 0.6092 0.3348 0.0000 0.0561
002300 0.6093 0.3311 0.0000 0.0596
002320 0.6039 0.3355 0.0000 0.0606
002340 0.5944 0.3447 0.0000 0.0609
002360 0.5962 0.3476 0.0000 0.0561
002380 0.6101 0.3363 0.0000 0.0536
002400 0.6204 0.3229 0.0000 0.0567
002420 0.6141 0.3244 0.0000 0.0615
002440 0.6009 0.3368 0.0000 0.0623
002460 0.5867 0.3505 0.0000 0.0628
002480 0.5837 0.3559 0.0000 0.0604
002500 0.5876 0.3549 0.0000 0.0575
002520 0.5955 0.3480 0.0000 0.0566
002540 0.6044 0.3392 0.0000 0.0564
002560 0.6120 0.3316 0.0000 0.0564
002580 0.6118 0.3307 0.0000 0.0574
002600 0.6075 0.3324 0.0000 0.0601
002620 0.6011 0.3384 0.0000 0.0605
002640 0.5914 0.3456 0.0000 0.0630
002660 0.5849 0.3541 0.0000 0.0611
002680 0.5896 0.3526 0.0000 0.0577
002700 0.5976 0.3448 0.0000 0.0576
002720 0.6027 0.3392 0.0000 0.0580
002740 0.6035 0.3372 0.0000 0.0593
002760 0.6016 0.3409 0.0000 0.0575
002780 0.6009 0.3417 0.0000 0.0574
002800 0.5979 0.3427 0.0000 0.0594
002820 0.5916 0.3464 0.0000 0.0620
002840 0.5916 0.3486 0.0000 0.0598
002860 0.5937 0.3474 0.0000 0.0589
002880 0.5990 0.3424 0.0000 0.0586
002900 0.5984 0.3417 0.0000 0.0600
002920 0.5962 0.3441 0.0000 0.0597
002940 0.5927 0.3461 0.0000 0.0612
002960 0.5901 0.3467 0.0000 0.0632
002980 0.5919 0.3483 0.0000 0.0598
003000 0.5938 0.3468 0.0000 0.0594
003020 0.5961 0.3470 0.0000 0.0569
003040 0.5979 0.3452 0.0000 0.0569
003060 0.6026 0.3397 0.0000 0.0578
003080 0.6045 0.3371 0.0000 0.0584
003100 0.6034 0.3375 0.0000 0.0591
003120 0.6053 0.3378 0.0000 0.0569
003140 0.6055 0.3363 0.0000 0.0582
003160 0.6038 0.3378 0.0000 0.0584
003180 0.5998 0.3415 0.0000 0.0587
003200 0.6012 0.3411 0.0000 0.0577
003220 0.6072 0.3359 0.0000 0.0569
003240 0.6060 0.3341 0.0000 0.0598
003260 0.6034 0.3356 0.0000 0.0610
003280 0.5991 0.3403 0.0000 0.0605
003300 0.5953 0.3465 0.0000 0.0581
003320 0.5954 0.3472 0.0000 0.0575
003340 0.6032 0.3390 0.0000 0.0578
003360 0.6067 0.3363 0.0000 0.0570
003380 0.6095 0.3339 0.0000 0.0566
003400 0.6094 0.3318 0.0000 0.0588
003420 0.6102 0.3328 0.0000 0.0570
003440 0.6083 0.3341 0.0000 0.0576
003460 0.6069 0.3341 0.0000 0.0590
003480 0.6023 0.3370 0.0000 0.0606
003500 0.5971 0.3437 0.0000 0.0592
003520 0.5930 0.3478 0.0000 0.0592
003540 0.5944 0.3468 0.0000 0.0588
003560 0.6014 0.3427 0.0000 0.0559
003580 0.6116 0.3323 0.0000 0.0561
003600 0.6149 0.3258 0.0000 0.0593
003620 0.6091 0.3286 0.0000 0.0624
003640 0.5954 0.3418 0.0000 0.0628
003660 0.5864 0.3528 0.0000 0.0608
003680 0.5931 0.3522 0.0000 0.0547
003700 0.6070 0.3390 0.0000 0.0540
003720 0.6210 0.3246 0.0000 0.0544
003740 0.6210 0.3218 0.0000 0.0572
003760 0.6161 0.3247 0.0000 0.0593
003780 0.6040 0.3350 0.0000 0.0609
003800 0.5978 0.3426 0.0000 0.0596
003820 0.5987 0.3437 0.0000 0.0576
003840 0.6012 0.3406 0.0000 0.0582
003860 0.6017 0.3396 0.0000 0.0587
003880 0.6015 0.3394 0.0000 0.0591
003900 0.5973 0.3423 0.0000 0.0604
003920 0.5953 0.3436 0.0000 0.0612
003940 0.5968 0.3461 0.0000 0.0571
003960 0.5982 0.3441 0.0000 0.0577
003980 0.5974 0.3436 0.0000 0.0590
004000 0.5963 0.3455 0.0000 0.0582
004020 0.6025 0.3402 0.0000 0.0573
004040 0.6111 0.3338 0.0000 0.0551
004060 0.6125 0.3304 0.0000 0.0571
004080 0.6087 0.3314 0.0000 0.0599
004100 0.6042 0.3369 0.0000 0.0590
004120 0.6026 0.3395 0.0000 0.0579
004140 0.5993 0.3398 0.0000 0.0609
004160 0.5899 0.3486 0.0000 0.0615
004180 0.5907 0.3507 0.0000 0.0586
004200 0.5960 0.3463 0.0000 0.0577
004220 0.5989 0.3435 0.0000 0.0576
004240 0.6057 0.3359 0.0000 0.0583
004260 0.6074 0.3345 0.0000 0.0581
004280 0.6064 0.3346 0.0000 0.0590
004300 0.6092 0.3347 0.0000 0.0561
004320 0.6109 0.3321 0.0000 0.0570
004340 0.6107 0.3321 0.0000 0.0572
004360 0.6065 0.3347 0.0000 0.0588
004380 0.6040 0.3377 0.0000 0.0583
004400 0.6038 0.3362 0.0000 0.0600
004420 0.5970 0.3421 0.0000 0.0609
004440 0.5905 0.3493 0.0000 0.0602
004460 0.5932 0.3480 0.0000 0.0587
004480 0.5981 0.3426 0.0000 0.0593
004500 0.5991 0.3401 0.0000 0.0608
004520 0.5952 0.3451 0.0000 0.0597
004540 0.5913 0.3484 0.0000 0.0603
004560 0.5934 0.3491 0.0000 0.0575
004580 0.5953 0.3449 0.0000 0.0598
004600 0.5946 0.3468 0.0000 0.0586
004620 0.5998 0.3438 0.0000 0.0564
004640 0.6081 0.3363 0.0000 0.0556
004660 0.6077 0.3326 0.0000 0.0598
004680 0.6004 0.3388 0.0000 0.0608
004700 0.5931 0.3449 0.0000 0.0620
004720 0.5901 0.3504 0.0000 0.0596
004740 0.5930 0.3493 0.0000 0.0577
004760 0.5966 0.3453 0.0000 0.0581
004780 0.6038 0.3406 0.0000 0.0556
004800 0.6105 0.3320 0.0000 0.0575
004820 0.6102 0.3311 0.0000 0.0587
004840 0.6076 0.3318 0.0000 0.0606
004860 0.5965 0.3405 0.0000 0.0631
004880 0.5880 0.3502 0.0000 0.0618
004900 0.5836 0.3573 0.0000 0.0591
004920 0.5914 0.3522 0.0000 0.0564
004940 0.6018 0.3432 0.0000 0.0550
004960 0.6116 0.3346 0.0000 0.0538
004980 0.6185 0.3250 0.0000 0.0565
005000 0.6146 0.3259 0.0000 0.0594
005020 0.5989 0.3403 0.0000 0.0608
005040 0.5894 0.3514 0.0000 0.0592
005060 0.5955 0.3479 0.0000 0.0566
005080 0.6017 0.3421 0.0000 0.0562
005100 0.6068 0.3366 0.0000 0.0566
005120 0.6140 0.3309 0.0000 0.0551
005140 0.6160 0.3261 0.0000 0.0579
005160 0.6100 0.3306 0.0000 0.0594
005180 0.6020 0.3376 0.0000 0.0604
005200 0.5901 0.3469 0.0000 0.0630
005220 0.5834 0.3562 0.0000 0.0604
005240 0.5898 0.3526 0.0000 0.0576
005260 0.5991 0.3451 0.0000 0.0558
005280 0.6107 0.3349 0.0000 0.0544
005300 0.6213 0.3237 0.0000 0.0550
005320 0.6196 0.3213 0.0000 0.0590
005340 0.6068 0.3301 0.0000 0.0631
005360 0.5870 0.3499 0.0000 0.0632
005380 0.5779 0.3633 0.0000 0.0588
005400 0.5859 0.3594 0.0000 0.0548
005420 0.6043 0.3406 0.0000 0.0551
005440 0.6167 0.3273 0.0000 0.0560
005460 0.6226 0.3217 0.0000 0.0557
005480 0.6221 0.3183 0.0000 0.0596
005500 0.6142 0.3245 0.0000 0.0614
005520 0.6016 0.3381 0.0000 0.0603
005540 0.5928 0.3467 0.0000 0.0606
005560 0.5916 0.3489 0.0000 0.0595
005580 0.5984 0.3440 0.0000 0.0576
005600 0.6038 0.3380 0.0000 0.0581
005620 0.6038 0.3386 0.0000 0.0576
005640 0.6046 0.3383 0.0000 0.0571
005660 0.6071 0.3342 0.0000 0.0586
005680 0.6085 0.3344 0.0000 0.0571
005700 0.6068 0.3370 0.0000 0.0563
005720 0.6075 0.3360 0.0000 0.0566
005740 0.6094 0.3343 0.0000 0.0563
005760 0.6026 0.3364 0.0000 0.0610
005780 0.5965 0.3422 0.0000 0.0612
005800 0.5950 0.3445 0.0000 0.0605
005820 0.5952 0.3460 0.0000 0.0588
005840 0.6003 0.3428 0.0000 0.0570
005860 0.6094 0.3332 0.0000 0.0574
005880 0.6098 0.3323 0.0000 0.0580
005900 0.6087 0.3327 0.0000 0.0586
005920 0.6024 0.3378 0.0000 0.0598
005940 0.6002 0.3410 0.0000 0.0588
005960 0.5978 0.3417 0.0000 0.0605
005980 0.6003 0.3429 0.0000 0.0568
006000 0.6047 0.3379 0.0000 0.0574
006020 0.6048 0.3372 0.0000 0.0580
006040 0.6049 0.3337 0.0000 0.0614
006060 0.5962 0.3422 0.0000 0.0616
006080 0.5946 0.3478 0.0000 0.0577
006100 0.6003 0.3443 0.0000 0.0554
006120 0.6038 0.3390 0.0000 0.0571
006140 0.6063 0.3352 0.0000 0.0585
006160 0.6048 0.3376 0.0000 0.0576
006180 0.6069 0.3361 0.0000 0.0570
006200 0.6083 0.3345 0.0000 0.0572
006220 0.6045 0.3369 0.0000 0.0586
006240 0.6035 0.3375 0.0000 0.0591
006260 0.6051 0.3377 0.0000 0.0573
006280 0.6089 0.3341 0.0000 0.0570
006300 0.6078 0.3323 0.0000 0.0600
006320 0.6014 0.3376 0.0000 0.0610
006340 0.6000 0.3427 0.0000 0.0573
006360 0.6031 0.3419 0.0000 0.0550
006380 0.6138 0.3314 0.0000 0.0548
006400 0.6201 0.3230 0.0000 0.0569
006420 0.6208 0.3232 0.0000 0.0560
006440 0.6133 0.3266 0.0000 0.0601
006460 0.5988 0.3394 0.0000 0.0618
006480 0.5932 0.3466 0.0000 0.0603
006500 0.5915 0.3498 0.0000 0.0587
006520 0.5955 0.3479 0.0000 0.0565
006540 0.6105 0.3367 0.0000 0.0528
006560 0.6178 0.3252 0.0000 0.0571
006580 0.6175 0.3254 0.0000 0.0571
006600 0.6128 0.3277 0.0000 0.0594
006620 0.6026 0.3354 0.0000 0.0620
006640 0.5866 0.3491 0.0000 0.0643
006660 0.5745 0.3623 0.0000 0.0632
006680 0.5811 0.3621 0.0000 0.0567
006700 0.5998 0.3476 0.0000 0.0526
006720 0.6145 0.3310 0.0000 0.0545
006740 0.6166 0.3248 0.0000 0.0586
006760 0.6098 0.3293 0.0000 0.0609
006780 0.6020 0.3388 0.0000 0.0592
006800 0.5988 0.3418 0.0000 0.0594
006820 0.5920 0.3463 0.0000 0.0617
006840 0.5873 0.3521 0.0000 0.0606
006860 0.5888 0.3537 0.0000 0.0574
006880 0.6005 0.3442 0.0000 0.0553
006900 0.6145 0.3299 0.0000 0.0555
006920 0.6226 0.3213 0.0000 0.0561
006940 0.6223 0.3204 0.0000 0.0573
006960 0.6107 0.3280 0.0000 0.0613
006980 0.5954 0.3414 0.0000 0.0632
007000 0.5838 0.3540 0.0000 0.0622
007020 0.5817 0.3579 0.0000 0.0604
007040 0.5876 0.3562 0.0000 0.0562
007060 0.6023 0.3430 0.0000 0.0547
007080 0.6148 0.3291 0.0000 0.0561
007100 0.6243 0.3193 0.0000 0.0564
007120 0.6188 0.3213 0.0000 0.0599
007140 0.6054 0.3322 0.0000 0.0624
007160 0.5920 0.3472 0.0000 0.0608
007180 0.5912 0.3516 0.0000 0.0572
007200 0.6039 0.3413 0.0000 0.0549
007220 0.6186 0.3280 0.0000 0.0534
007240 0.6260 0.3194 0.0000 0.0546
007260 0.6208 0.3211 0.0000 0.0581
007280 0.6111 0.3286 0.0000 0.0603
007300 0.5971 0.3415 0.0000 0.0614
007320 0.5884 0.3514 0.0000 0.0602
007340 0.5915 0.3495 0.0000 0.0589
007360 0.5947 0.3483 0.0000 0.0570
007380 0.6069 0.3370 0.0000 0.0562
007400 0.6090 0.3319 0.0000 0.0590
007420 0.6079 0.3324 0.0000 0.0597
007440 0.5978 0.3401 0.0000 0.0621
007460 0.5949 0.3442 0.0000 0.0610
007480 0.5938 0.3480 0.0000 0.0581
007500 0.5939 0.3461 0.0000 0.0600
007520 0.5935 0.3463 0.0000 0.0602
007540 0.5945 0.3453 0.0000 0.0602
007560 0.5888 0.3488 0.0000 0.0625
007580 0.5930 0.3499 0.0000 0.0571
007600 0.5995 0.3456 0.0000 0.0549
007620 0.6120 0.3325 0.0000 0.0554
007640 0.6157 0.3262 0.0000 0.0581
007660 0.6129 0.3301 0.0000 0.0570
007680 0.6058 0.3340 0.0000 0.0602
007700 0.5966 0.3412 0.0000 0.0622
007720 0.5885 0.3501 0.0000 0.0614
007740 0.5891 0.3517 0.0000 0.0592
007760 0.5924 0.3479 0.0000 0.0597
007780 0.5979 0.3450 0.0000 0.0571
007800 0.6046 0.3375 0.0000 0.0579
007820 0.6042 0.3370 0.0000 0.0588
007840 0.6029 0.3375 0.0000 0.0596
007860 0.5991 0.3413 0.0000 0.0596
007880 0.6019 0.3383 0.0000 0.0597
007900 0.5985 0.3410 0.0000 0.0605
007920 0.5915 0.3476 0.0000 0.0608
007940 0.5901 0.3503 0.0000 0.0596
007960 0.5983 0.3460 0.0000 0.0557
007980 0.6093 0.3359 0.0000 0.0548
008000 0.6141 0.3290 0.0000 0.0570
008020 0.6072 0.3335 0.0000 0.0593
008040 0.5970 0.3412 0.0000 0.0618
008060 0.5910 0.3471 0.0000 0.0619
008080 0.5898 0.3500 0.0000 0.0602
008100 0.6002 0.3469 0.0000 0.0529
008120 0.6147 0.3299 0.0000 0.0554
008140 0.6151 0.3267 0.0000 0.0582
008160 0.6073 0.3314 0.0000 0.0613
008180 0.5922 0.3449 0.0000 0.0630
008200 0.5853 0.3539 0.0000 0.0608
008220 0.5896 0.3533 0.0000 0.0572
008240 0.5957 0.3466 0.0000 0.0577
008260 0.5974 0.3426 0.0000 0.0600
008280 0.5957 0.3429 0.0000 0.0614
008300 0.5988 0.3444 0.0000 0.0568
008320 0.6015 0.3407 0.0000 0.0577
008340 0.6028 0.3399 0.0000 0.0573
008360 0.6073 0.3374 0.0000 0.0553
008380 0.6078 0.3343 0.0000 0.0579
008400 0.6082 0.3335 0.0000 0.0583
008420 0.6068 0.3349 0.0000 0.0584
008440 0.6034 0.3382 0.0000 0.0585
008460 0.6062 0.3374 0.0000 0.0564
008480 0.6049 0.3375 0.0000 0.0576
008500 0.6025 0.3384 0.0000 0.0591
008520 0.6041 0.3378 0.0000 0.0581
008540 0.6109 0.3324 0.0000 0.0568
008560 0.6134 0.3289 0.0000 0.0577
008580 0.6149 0.3269 0.0000 0.0582
008600 0.6080 0.3316 0.0000 0.0605
008620 0.5974 0.3428 0.0000 0.0599
008640 0.5931 0.3476 0.0000 0.0593
008660 0.5913 0.3506 0.0000 0.0580
008680 0.6034 0.3423 0.0000 0.0542
008700 0.6142 0.3301 0.0000 0.0556
008720 0.6156 0.3268 0.0000 0.0576
008740 0.6088 0.3317 0.0000 0.0595
008760 0.6032 0.3382 0.0000 0.0586
008780 0.6033 0.3392 0.0000 0.0575
008800 0.6022 0.3383 0.0000 0.0595
008820 0.5984 0.3417 0.0000 0.0599
008840 0.5997 0.3422 0.0000 0.0581
008860 0.6011 0.3408 0.0000 0.0581
008880 0.6061 0.3358 0.0000 0.0581
008900 0.6003 0.3370 0.0000 0.0626
008920 0.5936 0.3440 0.0000 0.0624
008940 0.5868 0.3530 0.0000 0.0602
008960 0.5947 0.3498 0.0000 0.0555
008980 0.6095 0.3365 0.0000 0.0540
009000 0.6183 0.3274 0.0000 0.0544
009020 0.6194 0.3226 0.0000 0.0581
009040 0.6159 0.3242 0.0000 0.0599
009060 0.6059 0.3327 0.0000 0.0614
009080 0.5944 0.3434 0.0000 0.0622
009100 0.5892 0.3501 0.0000 0.0607
009120 0.5874 0.3525 0.0000 0.0601
009140 0.5884 0.3513 0.0000 0.0604
009160 0.5962 0.3484 0.0000 0.0554
009180 0.6073 0.3384 0.0000 0.0543
009200 0.6120 0.3312 0.0000 0.0568
009220 0.6102 0.3311 0.0000 0.0587
009240 0.6035 0.3352 0.0000 0.0613
009260 0.5903 0.3451 0.0000 0.0646
009280 0.5811 0.3571 0.0000 0.0618
009300 0.5819 0.3614 0.0000 0.0568
009320 0.5951 0.3519 0.0000 0.0531
009340 0.6144 0.3321 0.0000 0.0535
009360 0.6247 0.3189 0.0000 0.0565
009380 0.6171 0.3240 0.0000 0.0589
009400 0.6038 0.3350 0.0000 0.0612
009420 0.5953 0.3441 0.0000 0.0606
009440 0.5940 0.3461 0.0000 0.0599
009460 0.5934 0.3470 0.0000 0.0596
009480 0.6010 0.3439 0.0000 0.0551
009500 0.6117 0.3348 0.0000 0.0535
009520 0.6181 0.3254 0.0000 0.0565
009540 0.6179 0.3234 0.0000 0.0587
009560 0.6125 0.3267 0.0000 0.0608
009580 0.6009 0.3380 0.0000 0.0610
009600 0.5944 0.3458 0.0000 0.0598
009620 0.5939 0.3474 0.0000 0.0587
009640 0.5968 0.3450 0.0000 0.0581
009660 0.5953 0.3447 0.0000 0.0600
009680 0.5956 0.3460 0.0000 0.0584
009700 0.5976 0.3433 0.0000 0.0591
009720 0.6009 0.3411 0.0000 0.0580
009740 0.6030 0.3390 0.0000 0.0580
009760 0.5990 0.3417 0.0000 0.0593
009780 0.5995 0.3409 0.0000 0.0595
009800 0.5988 0.3406 0.0000 0.0606
009820 0.5979 0.3444 0.0000 0.0577
009840 0.5973 0.3427 0.0000 0.0601
009860 0.5926 0.3468 0.0000 0.0606
009880 0.5935 0.3478 0.0000 0.0587
009900 0.5963 0.3451 0.0000 0.0586
009920 0.5976 0.3427 0.0000 0.0597
009940 0.5998 0.3418 0.0000 0.0584
009960 0.6028 0.3389 0.0000 0.0582
009980 0.5991 0.3403 0.0000 0.0605
010000 0.5923 0.3466 0.0000 0.0611
010020 0.5919 0.3480 0.0000 0.0601
010040 0.5919 0.3480 0.0000 0.0601
010060 0.5919 0.3480 0.0000 0.0601
010080 0.5919 0.3480 0.0000 0.0601
010100 0.5919 0.3480 0.0000 0.0601
010120 0.5919 0.3480 0.0000 0.0601
010140 0.5919 0.3480 0.0000 0.0601
010160 0.5919 0.3480 0.0000 0.0601
010180 0.5919 0.3480 0.0000 0.0601
010200 0.5919 0.3480 0.0000 0.0601
010220 0.5919 0.3480 0.0000 0.0601
010240 0.5919 0.3480 0.0000 0.0601
010260 0.5919 0.3480 0.0000 0.0601
010280 0.5919 0.3480 0.0000 0.0601
010300 0.5919 0.3480 0.0000 0.0601
010320 0.5919 0.3480 0.0000 0.0601
010340 0.5919 0.3480 0.0000 0.0601
010360 0.5919 0.3480 0.0000 0.0601
010380 0.5919 0.3480 0.0000 0.0601
010400 0.5919 0.3480 0.0000 0.0601
010420 0.5919 0.3480 0.0000 0.0601
010440 0.5919 0.3480 0.0000 0.0601
010460 0.5919 0.3480 0.0000 0.0601
010480 0.5919 0.3480 0.0000 0.0601
010500 0.5919 0.3480 0.0000 0.0601
010520 0.5919 0.3480 0.0000 0.0601
010540 0.5919 0.3480 0.0000 0.0601
010560 0.5919 0.3480 0.0000 0.0601
010580 0.5919 0.3480 0.0000 0.0601
010600 0.5919 0.3480 0.0000 0.0601
010620 0.5919 0.3480 0.0000 0.0601
010640 0.5919 0.3480 0.0000 0.0601
010660 0.5919 0.3480 0.0000 0.0601
010680 0.5919 0.3480 0.0000 0.0601
010700 0.5919 0.3480 0.0000 0.0601
010720 0.5919 0.3480 0.0000 0.0601
010740 0.5919 0.3480 0.0000 0.0601
010760 0.5919 0.3480 0.0000 0.0601
010780 0.5919 0.3480 0.0000 0.0601
010800 0.5919 0.3480 0.0000 0.0601
010820 0.5919 0.3480 0.0000 0.0601
010840 0.5919 0.3480 0.0000 0.0601
010860 0.5919 0.3480 0.0000 0.0601
010880 0.5919 0.3480 0.0000 0.0601
010900 0.5919 0.3480 0.0000 0.0601
010920 0.5919 0.3480 0.0000 0.0601
010940 0.5919 0.3480 0.0000 0.0601
010960 0.5919 0.3480 0.0000 0.0601
010980 0.5919 0.3480 0.0000 0.0601
011000 0.5919 0.3480 0.0000 0.0601
011020 0.5919 0.3480 0.0000 0.0601
011040 0.5919 0.3480 0.0000 0.0601
011060 0.5919 0.3480 0.0000 0.0601
011080 0.5919 0.3480 0.0000 0.0601
011100 0.5919 0.3480 0.0000 0.0601
011120 0.5919 0.3480 0.0000 0.0601
011140 0.5919 0.3480 0.0000 0.0601
011160 0.5919 0.3480 0.0000 0.0601
011180 0.5919 0.3480 0.0000 0.0601
011200 0.5919 0.3480 0.0000 0.0601
011220 0.5919 0.3480 0.0000 0.0601
011240 0.5919 0.3480 0.0000 0.0601
011260 0.5919 0.3480 0.0000 0.0601
011280 0.5919 0.3480 0.0000 0.0601
011300 0.5919 0.3480 0.0000 0.0601
011320 0.5919 0.3480 0.0000 0.0601
011340 0.5919 0.3480 0.0000 0.0601
011360 0.5919 0.3480 0.0000 0.0601
011380 0.5919 0.3480 0.0000 0.0601
011400 0.5919 0.3480 0.0000 0.0601
011420 0.5919 0.3480 0.0000 0.0601
011440 0.5919 0.3480 0.0000 0.0601
011460 0.5919 0.3480 0.0000 0.0601
011480 0.5919 0.3480 0.0000 0.0601
011500 0.5919 0.3480 0.0000 0.0601
011520 0.5919 0.3480 0.0000 0.0601
011540 0.5919 0.3480 0.0000 0.0601
011560 0.5919 0.3480 0.0000 0.0601
011580 0.5919 0.3480 0.0000 0.0601
011600 0.5919 0.3480 0.0000 0.0601
011620 0.5919 0.3480 0.0000 0.0601
011640 0.5919 0.3480 0.0000 0.0601
011660 0.5919 0.3480 0.0000 0.0601
011680 0.5919 0.3480 0.0000 0.0601
011700 0.5919 0.3480 0.0000 0.0601
011720 0.5919 0.3480 0.0000 0.0601
011740 0.5919 0.3480 0.0000 0.0601
011760 0.5919 0.3480 0.0000 0.0601
011780 0.5919 0.3480 0.0000 0.0601
011800 0.5919 0.3480 0.0000 0.0601
011820 0.5919 0.3480 0.0000 0.0601
011840 0.5919 0.3480 0.0000 0.0601
011860 0.5919 0.3480 0.0000 0.0601
011880 0.5919 0.3480 0.0000 0.0601
011900 0.5919 0.3480 0.0000 0.0601
011920 0.5919 0.3480 0.0000 0.0601
011940 0.5919 0.3480 0.0000 0.0601
011960 0.5919 0.3480 0.0000 0.0601
011980 0.5919 0.3480 0.0000 0.0601
012000 0.5919 0.3480 0.0000 0.0601
012020 0.5919 0.3480 0.0000 0.0601
012040 0.5919 0.3480 0.0000 0.0601
012060 0.5919 0.3480 0.0000 0.0601
012080 0.5919 0.3480 0.0000 0.0601
012100 0.5919 0.3480 0.0000 0.0601
012120 0.5919 0.3480 0.0000 0.0601
012140 0.5919 0.3480 0.0000 0.0601
012160 0.5919 0.3480 0.0000 0.0601
012180 0.5919 0.3480 0.0000 0.0601
012200 0.5919 0.3480 0.0000 0.0601
012220 0.5919 0.3480 0.0000 0.0601
012240 0.5919 0.3480 0.0000 0.0601
012260 0.5919 0.3480 0.0000 0.0601
012280 0.5919 0.3480 0.0000 0.0601
012300 0.5919 0.3480 0.0000 0.0601
012320 0.5919 0.3480 0.0000 0.0601
012340 0.5919 0.3480 0.0000 0.0601
012360 0.5919 0.3480 0.0000 0.0601
012380 0.5919 0.3480 0.0000 0.0601
012400 0.5919 0.3480 0.0000 0.0601
012420 0.5919 0.3480 0.0000 0.0601
012440 0.5919 0.3480 0.0000 0.0601
012460 0.5919 0.3480 0.0000 0.0601
012480 0.5919 0.3480 0.0000 0.0601
012500 0.5919 0.3480 0.0000 0.0601
012520 0.5919 0.3480 0.0000 0.0601
012540 0.5919 0.3480 0.0000 0.0601
012560 0.5919 0.3480 0.0000 0.0601
012580 0.5919 0.3480 0.0000 0.0601
012600 0.5919 0.3480 0.0000 0.0601
012620 0.5919 0.3480 0.0000 0.0601
012640 0.5919 0.3480 0.0000 0.0601
012660 0.5919 0.3480 0.0000 0.0601
012680 0.5919 0.3480 0.0000 0.0601
012700 0.5919 0.3480 0.0000 0.0601
012720 0.5919 0.3480 0.0000 0.0601
012740 0.5919 0.3480 0.0000 0.0601
012760 0.5919 0.3480 0.0000 0.0601
012780 0.5919 0.3480 0.0000 0.0601
012800 0.5919 0.3480 0.0000 0.0601
012820 0.5919 0.3480 0.0000 0.0601
012840 0.5919 0.3480 0.0000 0.0601
012860 0.5919 0.3480 0.0000 0.0601
012880 0.5919 0.3480 0.0000 0.0601
012900 0.5919 0.3480 0.0000 0.0601
012920 0.5919 0.3480 0.0000 0.0601
012940 0.5919 0.3480 0.0000 0.0601
012960 0.5919 0.3480 0.0000 0.0601
012980 0.5919 0.3480 0.0000 0.0601
013000 0.5919 0.3480 0.0000 0.0601
013020 0.5919 0.3480 0.0000 0.0601
013040 0.5919 0.3480 0.0000 0.0601
013060 0.5919 0.3480 0.0000 0.0601
013080 0.5919 0.3480 0.0000 0.0601
013100 0.5919 0.3480 0.0000 0.0601
013120 0.5919 0.3480 0.0000 0.0601
013140 0.5919 0.3480 0.0000 0.0601
013160 0.5919 0.3480 0.0000 0.0601
013180 0.5919 0.3480 0.0000 0.0601
013200 0.5919 0.3480 0.0000 0.0601
013220 0.5919 0.3480 0.0000 0.0601
013240 0.5919 0.3480 0.0000 0.0601
013260 0.5919 0.3480 0.0000 0.0601
013280 0.5919 0.3480 0.0000 0.0601
013300 0.5919 0.3480 0.0000 0.0601
013320 0.5919 0.3480 0.0000 0.0601
013340 0.5919 0.3480 0.0000 0.0601
013360 0.5919 0.3480 0.0000 0.0601
013380 0.5919 0.3480 0.0000 0.0601
013400 0.5919 0.3480 0.0000 0.0601
013420 0.5919 0.3480 0.0000 0.0601
013440 0.5919 0.3480 0.0000 0.0601
013460 0.5919 0.3480 0.0000 0.0601
013480 0.5919 0.3480 0.0000 0.0601
013500 0.5919 0.3480 0.0000 0.0601
013520 0.5919 0.3480 0.0000 0.0601
013540 0.5919 0.3480 0.0000 0.0601
013560 0.5919 0.3480 0.0000 0.0601
013580 0.5919 0.3480 0.0000 0.0601
013600 0.5919 0.3480 0.0000 0.0601
013620 0.5919 0.3480 0.0000 0.0601
013640 0.5919 0.3480 0.0000 0.0601
013660 0.5919 0.3480 0.0000 0.0601
013680 0.5919 0.3480 0.0000 0.0601
013700 0.5919 0.3480 0.0000 0.0601
013720 0.5919 0.3480 0.0000 0.0601
013740 0.5919 0.3480 0.0000 0.0601
013760 0.5919 0.3480 0.0000 0.0601
013780 0.5919 0.3480 0.0000 0.0601
013800 0.5919 0.3480 0.0000 0.0601
013820 0.5919 0.3480 0.0000 0.0601
013840 0.5919 0.3480 0.0000 0.0601
013860 0.5919 0.3480 0.0000 0.0601
013880 0.5919 0.3480 0.0000 0.0601
013900 0.5919 0.3480 0.0000 0.0601
013920 0.5919 0.3480 0.0000 0.0601
013940 0.5919 0.3480 0.0000 0.0601
013960 0.5919 0.3480 0.0000 0.0601
013980 0.5919 0.3480 0.0000 0.0601
014000 0.5919 0.3480 0.0000 0.0601
014020 0.5919 0.3480 0.0000 0.0601
014040 0.5919 0.3480 0.0000 0.0601
014060 0.5919 0.3480 0.0000 0.0601
014080 0.5919 0.3480 0.0000 0.0601
014100 0.5919 0.3480 0.0000 0.0601
014120 0.5919 0.3480 0.0000 0.0601
014140 0.5919 0.3480 0.0000 0.0601
014160 0.5919 0.3480 0.0000 0.0601
014180 0.5919 0.3480 0.0000 0.0601
014200 0.5919 0.3480 0.0000 0.0601
014220 0.5919 0.3480 0.0000 0.0601
014240 0.5919 0.3480 0.0000 0.0601
014260 0.5919 0.3480 0.0000 0.0601
014280 0.5919 0.3480 0.0000 0.0601
014300 0.5919 0.3480 0.0000 0.0601
014320 0.5919 0.3480 0.0000 0.0601
014340 0.5919 0.3480 0.0000 0.0601
014360 0.5919 0.3480 0.0000 0.0601
014380 0.5919 0.3480 0.0000 0.0601
014400 0.5919 0.3480 0.0000 0.0601
014420 0.5919 0.3480 0.0000 0.0601
014440 0.5919 0.3480 0.0000 0.0601
014460 0.5919 0.3480 0.0000 0.0601
014480 0.5919 0.3480 0.0000 0.0601
014500 0.5919 0.3480 0.0000 0.0601
014520 0.5919 0.3480 0.0000 0.0601
014540 0.5919 0.3480 0.0000 0.0601
014560 0.5919 0.3480 0.0000 0.0601
014580 0.5919 0.3480 0.0000 0.0601
014600 0.5919 0.3480 0.0000 0.0601
014620 0.5919 0.3480 0.0000 0.0601
014640 0.5919 0.3480 0.0000 0.0601
014660 0.5919 0.3480 0.0000 0.0601
014680 0.5919 0.3480 0.0000 0.0601
014700 0.5919 0.3480 0.0000 0.0601
014720 0.5919 0.3480 0.0000 0.0601
014740 0.5919 0.3480 0.0000 0.0601
014760 0.5919 0.3480 0.0000 0.0601
014780 0.5919 0.3480 0.0000 0.0601
014800 0.5919 0.3480 0.0000 0.0601
014820 0.5919 0.3480 0.0000 0.0601
014840 0.5919 0.3480 0.0000 0.0601
014860 0.5919 0.3480 0.0000 0.0601
014880 0.5919 0.3480 0.0000 0.0601
014900 0.5919 0.3480 0.0000 0.0601
014920 0.5919 0.3480 0.0000 0.0601
014940 0.5919 0.3480 0.0000 0.0601
014960 0.5919 0.3480 0.0000 0.0601
014980 0.5919 0.3480 0.0000 0.0601
015000 0.5919 0.3480 0.0000 0.0601
015020 0.5919 0.3480 0.0000 0.0601
015040 0.5919 0.3480 0.0000 0.0601
015060 0.5919 0.3480 0.0000 0.0601
015080 0.5919 0.3480 0.0000 0.0601
015100 0.5919 0.3480 0.0000 0.0601
015120 0.5919 0.3480 0.0000 0.0601
015140 0.5919 0.3480 0.0000 0.0601
015160 0.5919 0.3480 0.0000 0.0601
015180 0.5919 0.3480 0.0000 0.0601
015200 0.5919 0.3480 0.0000 0.0601
015220 0.5919 0.3480 0.0000 0.0601
015240 0.5919 0.3480 0.0000 0.0601
015260 0.5919 0.3480 0.0000 0.0601
015280 0.5919 0.3480 0.0000 0.0601
015300 0.5919 0.3480 0.0000 0.0601
015320 0.5919 0.3480 0.0000 0.0601
015340 0.5919 0.3480 0.0000 0.0601
015360 0.5919 0.3480 0.0000 0.0601
015380 0.5919 0.3480 0.0000 0.0601
015400 0.5919 0.3480 0.0000 0.0601
015420 0.5919 0.3480 0.0000 0.0601
015440 0.5919 0.3480 0.0000 0.0601
015460 0.5919 0.3480 0.0000 0.0601
015480 0.5919 0.3480 0.0000 0.0601
015500 0.5919 0.3480 0.0000 0.0601
015520 0.5919 0.3480 0.0000 0.0601
015540 0.5919 0.3480 0.0000 0.0601
015560 0.5919 0.3480 0.0000 0.0601
015580 0.5919 0.3480 0.0000 0.0601
015600 0.5919 0.3480 0.0000 0.0601
015620 0.5919 0.3480 0.0000 0.0601
015640 0.5919 0.3480 0.0000 0.0601
015660 0.5919 0.3480 0.0000 0.0601
015680 0.5919 0.3480 0.0000 0.0601
015700 0.5919 0.3480 0.0000 0.0601
015720 0.5919 0.3480 0.0000 0.0601
015740 0.5919 0.3480 0.0000 0.0601
015760 0.5919 0.3480 0.0000 0.0601
015780 0.5919 0.3480 0.0000 0.0601
015800 0.5919 0.3480 0.0000 0.0601
015820 0.5919 0.3480 0.0000 0.0601
015840 0.5919 0.3480 0.0000 0.0601
015860 0.5919 0.3480 0.0000 0.0601
015880 0.5919 0.3480 0.0000 0.0601
015900 0.5919 0.3480 0.0000 0.0601
015920 0.5919 0.3480 0.0000 0.0601
015940 0.5919 0.3480 0.0000 0.0601
015960 0.5919 0.3480 0.0000 0.0601
015980 0.5919 0.3480 0.0000 0.0601
016000 0.5919 0.3480 0.0000 0.0601
016020 0.5919 0.3480 0.0000 0.0601
016040 0.5919 0.3480 0.0000 0.0601
016060 0.5919 0.3480 0.0000 0.0601
016080 0.5919 0.3480 0.0000 0.0601
016100 0.5919 0.3480 0.0000 0.0601
016120 0.5919 0.3480 0.0000 0.0601
016140 0.5919 0.3480 0.0000 0.0601
016160 0.5919 0.3480 0.0000 0.0601
016180 0.5919 0.3480 0.0000 0.0601
016200 0.5919 0.3480 0.0000 0.0601
016220 0.5919 0.3480 0.0000 0.0601
016240 0.5919 0.3480 0.0000 0.0601
016260 0.5919 0.3480 0.0000 0.0601
016280 0.5919 0.3480 0.0000 0.0601
016300 0.5919 0.3480 0.0000 0.0601
016320 0.5919 0.3480 0.0000 0.0601
016340 0.5919 0.3480 0.0000 0.0601
016360 0.5919 0.3480 0.0000 0.0601
016380 0.5919 0.3480 0.0000 0.0601
016400 0.5919 0.3480 0.0000 0.0601
016420 0.5919 0.3480 0.0000 0.0601
016440 0.5919 0.3480 0.0000 0.0601
016460 0.5919 0.3480 0.0000 0.0601
016480 0.5919 0.3480 0.0000 0.0601
016500 0.5919 0.3480 0.0000 0.0601
016520 0.5919 0.3480 0.0000 0.0601
016540 0.5919 0.3480 0.0000 0.0601
016560 0.5919 0.3480 0.0000 0.0601
016580 0.5919 0.3480 0.0000 0.0601
016600 0.5919 0.3480 0.0000 0.0601
016620 0.5919 0.3480 0.0000 0.0601
016640 0.5919 0.3480 0.0000 0.0601
016660 0.5919 0.3480 0.0000 0.0601
016680 0.5919 0.3480 0.0000 0.0601
016700 0.5919 0.3480 0.0000 0.0601
016720 0.5919 0.3480 0.0000 0.0601
016740 0.5919 0.3480 0.0000 0.0601
016760 0.5919 0.3480 0.0000 0.0601
016780 0.5919 0.3480 0.0000 0.0601
016800 0.5919 0.3480 0.0000 0.0601
016820 0.5919 0.3480 0.0000 0.0601
016840 0.5919 0.3480 0.0000 0.0601
016860 0.5919 0.3480 0.0000 0.0601
016880 0.5919 0.3480 0.0000 0.0601
016900 0.5919 0.3480 0.0000 0.0601
016920 0.5919 0.3480 0.0000 0.0601
016940 0.5919 0.3480 0.0000 0.0601
016960 0.5919 0.3480 0.0000 0.0601
016980 0.5919 0.3480 0.0000 0.0601
017000 0.5919 0.3480 0.0000 0.0601
017020 0.5919 0.3480 0.0000 0.0601
017040 0.5919 0.3480 0.0000 0.0601
017060 0.5919 0.3480 0.0000 0.0601
017080 0.5919 0.3480 0.0000 0.0601
017100 0.5919 0.3480 0.0000 0.0601
017120 0.5919 0.3480 0.0000 0.0601
017140 0.5919 0.3480 0.0000 0.0601
017160 0.5919 0.3480 0.0000 0.0601
017180 0.5919 0.3480 0.0000 0.0601
017200 0.5919 0.3480 0.0000 0.0601
017220 0.5919 0.3480 0.0000 0.0601
017240 0.5919 0.3480 0.0000 0.0601
017260 0.5919 0.3480 0.0000 0.0601
017280 0.5919 0.3480 0.0000 0.0601
017300 0.5919 0.3480 0.0000 0.0601
017320 0.5919 0.3480 0.0000 0.0601
017340 0.5919 0.3480 0.0000 0.0601
017360 0.5919 0.3480 0.0000 0.0601
017380 0.5919 0.3480 0.0000 0.0601
017400 0.5919 0.3480 0.0000 0.0601
017420 0.5919 0.3480 0.0000 0.0601
017440 0.5919 0.3480 0.0000 0.0601
017460 0.5919 0.3480 0.0000 0.0601
017480 0.5919 0.3480 0.0000 0.0601
017500 0.5919 0.3480 0.0000 0.0601
017520 0.5919 0.3480 0.0000 0.0601
017540 0.5919 0.3480 0.0000 0.0601
017560 0.5919 0.3480 0.0000 0.0601
017580 0.5919 0.3480 0.0000 0.0601
017600 0.5919 0.3480 0.0000 0.0601
017620 0.5919 0.3480 0.0000 0.0601
017640 0.5919 0.3480 0.0000 0.0601
017660 0.5919 0.3480 0.0000 0.0601
017680 0.5919 0.3480 0.0000 0.0601
017700 0.5919 0.3480 0.0000 0.0601
017720 0.5919 0.3480 0.0000 0.0601
017740 0.5919 0.3480 0.0000 0.0601
017760 0.5919 0.3480 0.0000 0.0601
017780 0.5919 0.3480 0.0000 0.0601
017800 0.5919 0.3480 0.0000 0.0601
017820 0.5919 0.3480 0.0000 0.0601
017840 0.5919 0.3480 0.0000 0.0601
017860 0.5919 0.3480 0.0000 0.0601
017880 0.5919 0.3480 0.0000 0.0601
017900 0.5919 0.3480 0.0000 0.0601
017920 0.5919 0.3480 0.0000 0.0601
017940 0.5919 0.3480 0.0000 0.0601
017960 0.5919 0.3480 0.0000 0.0601
017980 0.5919 0.3480 0.0000 0.0601
018000 0.5919 0.3480 0.0000 0.0601
018020 0.5919 0.3480 0.0000 0.0601
018040 0.5919 0.3480 0.0000 0.0601
018060 0.5919 0.3480 0.0000 0.0601
018080 0.5919 0.3480 0.0000 0.0601
018100 0.5919 0.3480 0.0000 0.0601
018120 0.5919 0.3480 0.0000 0.0601
018140 0.5919 0.3480 0.0000 0.0601
018160 0.5919 0.3480 0.0000 0.0601
018180 0.5919 0.3480 0.0000 0.0601
018200 0.5919 0.3480 0.0000 0.0601
018220 0.5919 0.3480 0.0000 0.0601
018240 0.5919 0.3480 0.0000 0.0601
018260 0.5919 0.3480 0.0000 0.0601
018280 0.5919 0.3480 0.0000 0.0601
018300 0.5919 0.3480 0.0000 0.0601
018320 0.5919 0.3480 0.0000 0.0601
018340 0.5919 0.3480 0.0000 0.0601
018360 0.5919 0.3480 0.0000 0.0601
018380 0.5919 0.3480 0.0000 0.0601
018400 0.5919 0.3480 0.0000 0.0601
018420 0.5919 0.3480 0.0000 0.0601
018440 0.5919 0.3480 0.0000 0.0601
018460 0.5919 0.3480 0.0000 0.0601
018480 0.5919 0.3480 0.0000 0.0601
018500 0.5919 0.3480 0.0000 0.0601
018520 0.5919 0.3480 0.0000 0.0601
018540 0.5919 0.3480 0.0000 0.0601
018560 0.5919 0.3480 0.0000 0.0601
018580 0.5919 0.3480 0.0000 0.0601
018600 0.5919 0.3480 0.0000 0.0601
018620 0.5919 0.3480 0.0000 0.0601
018640 0.5919 0.3480 0.0000 0.0601
018660 0.5919 0.3480 0.0000 0.0601
018680 0.5919 0.3480 0.0000 0.0601
018700 0.5919 0.3480 0.0000 0.0601
018720 0.5919 0.3480 0.0000 0.0601
018740 0.5919 0.3480 0.0000 0.0601
018760 0.5919 0.3480 0.0000 0.0601
018780 0.5919 0.3480 0.0000 0.0601
018800 0.5919 0.3480 0.0000 0.0601
018820 0.5919 0.3480 0.0000 0.0601
018840 0.5919 0.3480 0.0000 0.0601
018860 0.5919 0.3480 0.0000 0.0601
018880 0.5919 0.3480 0.0000 0.0601
018900 0.5919 0.3480 0.0000 0.0601
018920 0.5919 0.3480 0.0000 0.0601
018940 0.5919 0.3480 0.0000 0.0601
018960 0.5919 0.3480 0.0000 0.0601
018980 0.5919 0.3480 0.0000 0.0601
019000 0.5919 0.3480 0.0000 0.0601
019020 0.5919 0.3480 0.0000 0.0601
019040 0.5919 0.3480 0.0000 0.0601
019060 0.5919 0.3480 0.0000 0.0601
019080 0.5919 0.3480 0.0000 0.0601
019100 0.5919 0.3480 0.0000 0.0601
019120 0.5919 0.3480 0.0000 0.0601
019140 0.5919 0.3480 0.0000 0.0601
019160 0.5919 0.3480 0.0000 0.0601
019180 0.5919 0.3480 0.0000 0.0601
019200 0.5919 0.3480 0.0000 0.0601
019220 0.5919 0.3480 0.0000 0.0601
019240 0.5919 0.3480 0.0000 0.0601
019260 0.5919 0.3480 0.0000 0.0601
019280 0.5919 0.3480 0.0000 0.0601
019300 0.5919 0.3480 0.0000 0.0601
019320 0.5919 0.3480 0.0000 0.0601
019340 0.5919 0.3480 0.0000 0.0601
019360 0.5919 0.3480 0.0000 0.0601
019380 0.5919 0.3480 0.0000 0.0601
019400 0.5919 0.3480 0.0000 0.0601
019420 0.5919 0.3480 0.0000 0.0601
019440 0.5919 0.3480 0.0000 0.0601
019460 0.5919 0.3480 0.0000 0.0601
019480 0.5919 0.3480 0.0000 0.0601
019500 0.5919 0.3480 0.0000 0.0601
019520 0.5919 0.3480 0.0000 0.0601
019540 0.5919 0.3480 0.0000 0.0601
019560 0.5919 0.3480 0.0000 0.0601
019580 0.5919 0.3480 0.0000 0.0601
019600 0.5919 0.3480 0.0000 0.0601
019620 0.5919 0.3480 0.0000 0.0601
019640 0.5919 0.3480 0.0000 0.0601
019660 0.5919 0.3480 0.0000 0.0601
019680 0.5919 0.3480 0.0000 0.0601
019700 0.5919 0.3480 0.0000 0.0601
019720 0.5919 0.3480 0.0000 0.0601
019740 0.5919 0.3480 0.0000 0.0601
019760 0.5919 0.3480 0.0000 0.0601
019780 0.5919 0.3480 0.0000 0.0601
019800 0.5919 0.3480 0.0000 0.0601
019820 0.5919 0.3480 0.0000 0.0601
019840 0.5919 0.3480 0.0000 0.0601
019860 0.5919 0.3480 0.0000 0.0601
019880 0.5919 0.3480 0.0000 0.0601
019900 0.5919 0.3480 0.0000 0.0601
019920 0.5919 0.3480 0.0000 0.0601
019940 0.5919 0.3480 0.0000 0.0601
019960 0.5919 0.3480 0.0000 0.0601
019980 0.5919 0.3480 0.0000 0.0601
020000 0.5919 0.3480 0.0000 0.0601
