000000 0.2497 0.2502 0.2500 0.2501
000020 0.7335 0.2526 0.0000 0.0138
000040 0.9657 0.0262 0.0000 0.0081
000060 0.9769 0.0109 0.0000 0.0121
000080 0.9686 0.0102 0.0000 0.0213
000100 0.9557 0.0089 0.0000 0.0355
000120 0.9368 0.0093 0.0000 0.0539
000140 0.9137 0.0115 0.0000 0.0748
000160 0.8880 0.0151 0.0000 0.0969
000180 0.8607 0.0201 0.0000 0.1192
000200 0.8326 0.0248 0.0000 0.1425
000220 0.8036 0.0291 0.0000 0.1673
000240 0.7718 0.0352 0.0000 0.1930
000260 0.7405 0.0405 0.0000 0.2190
000280 0.7088 0.0454 0.0000 0.2457
000300 0.6776 0.0509 0.0000 0.2715
000320 0.6479 0.0559 0.0000 0.2962
000340 0.6209 0.0623 0.0000 0.3168
000360 0.5953 0.0715 0.0000 0.3332
000380 0.5726 0.0833 0.0000 0.3442
000400 0.5524 0.0966 0.0000 0.3510
000420 0.5352 0.1107 0.0000 0.3540
000440 0.5206 0.1257 0.0000 0.3537
000460 0.5080 0.1420 0.0000 0.3500
000480 0.4992 0.1571 0.0000 0.3437
000500 0.4933 0.1718 0.0000 0.3350
000520 0.4895 0.1841 0.0000 0.3264
000540 0.4873 0.1974 0.0000 0.3153
000560 0.4867 0.2109 0.0000 0.3024
000580 0.4866 0.2250 0.0000 0.2883
000600 0.4881 0.2387 0.0000 0.2732
000620 0.4922 0.2515 0.0000 0.2564
000640 0.4985 0.2609 0.0000 0.2406
000660 0.5071 0.2674 0.0000 0.2255
000680 0.5167 0.2724 0.0000 0.2108
000700 0.5286 0.2763 0.0000 0.1951
000720 0.5398 0.2803 0.0000 0.1800
000740 0.5514 0.2815 0.0000 0.1672
000760 0.5635 0.2809 0.0000 0.1556
000780 0.5752 0.2803 0.0000 0.1446
000800 0.5872 0.2780 0.0000 0.1348
000820 0.5986 0.2751 0.0000 0.1262
000840 0.6110 0.2712 0.0000 0.1179
000860 0.6224 0.2680 0.0000 0.1096
000880 0.6345 0.2643 0.0000 0.1012
000900 0.6457 0.2616 0.0000 0.0927
000920 0.6575 0.2586 0.0000 0.0839
000940 0.6691 0.2554 0.0000 0.0755
000960 0.6799 0.2534 0.0000 0.0667
000980 0.6909 0.2517 0.0000 0.0574
001000 0.7018 0.2480 0.0000 0.0502
001020 0.7127 0.2407 0.0000 0.0466
001040 0.7232 0.2322 0.0000 0.0447
001060 0.7330 0.2227 0.0000 0.0443
001080 0.7422 0.2127 0.0000 0.0450
001100 0.7506 0.2030 0.0000 0.0464
001120 0.7600 0.1914 0.0000 0.0486
001140 0.7682 0.1804 0.0000 0.0514
001160 0.7765 0.1685 0.0000 0.0550
001180 0.7849 0.1561 0.0000 0.0590
001200 0.7936 0.1430 0.0000 0.0634
001220 0.8029 0.1299 0.0000 0.0673
001240 0.8119 0.1173 0.0000 0.0708
001260 0.8200 0.1058 0.0000 0.0742
001280 0.8276 0.0949 0.0000 0.0775
001300 0.8346 0.0849 0.0000 0.0806
001320 0.8410 0.0759 0.0000 0.0831
001340 0.8471 0.0676 0.0000 0.0854
001360 0.8520 0.0606 0.0000 0.0874
001380 0.8559 0.0551 0.0000 0.0890
001400 0.8591 0.0509 0.0000 0.0900
001420 0.8613 0.0479 0.0000 0.0908
001440 0.8622 0.0464 0.0000 0.0914
001460 0.8622 0.0459 0.0000 0.0919
001480 0.8617 0.0462 0.0000 0.0921
001500 0.8610 0.0469 0.0000 0.0921
001520 0.8597 0.0483 0.0000 0.0920
001540 0.8586 0.0499 0.0000 0.0915
001560 0.8577 0.0519 0.0000 0.0904
001580 0.8561 0.0543 0.0000 0.0896
001600 0.8547 0.0566 0.0000 0.0887
001620 0.8526 0.0601 0.0000 0.0873
001640 0.8503 0.0641 0.0000 0.0856
001660 0.8472 0.0687 0.0000 0.0840
001680 0.8443 0.0735 0.0000 0.0822
001700 0.8419 0.0783 0.0000 0.0798
001720 0.8394 0.0828 0.0000 0.0779
001740 0.8372 0.0874 0.0000 0.0754
001760 0.8356 0.0915 0.0000 0.0729
001780 0.8338 0.0959 0.0000 0.0703
001800 0.8317 0.1010 0.0000 0.0673
001820 0.8301 0.1057 0.0000 0.0642
001840 0.8286 0.1102 0.0000 0.0613
001860 0.8274 0.1145 0.0000 0.0581
001880 0.8257 0.1194 0.0000 0.0549
001900 0.8246 0.1237 0.0000 0.0516
001920 0.8235 0.1285 0.0000 0.0480
001940 0.8222 0.1335 0.0000 0.0444
001960 0.8215 0.1377 0.0000 0.0407
001980 0.8215 0.1413 0.0000 0.0371
002000 0.8214 0.1450 0.0000 0.0337
002020 0.8220 0.1478 0.0000 0.0302
002040 0.8225 0.1506 0.0000 0.0269
002060 0.8231 0.1530 0.0000 0.0239
002080 0.8242 0.1552 0.0000 0.0206
002100 0.8261 0.1562 0.0000 0.0177
002120 0.8281 0.1572 0.0000 0.0147
002140 0.8300 0.1578 0.0000 0.0122
002160 0.8331 0.1570 0.0000 0.0098
002180 0.8372 0.1550 0.0000 0.0077
002200 0.8413 0.1530 0.0000 0.0057
002220 0.8455 0.1505 0.0000 0.0041
002240 0.8508 0.1466 0.0000 0.0026
002260 0.8560 0.1423 0.0000 0.0017
002280 0.8622 0.1370 0.0000 0.0009
002300 0.8693 0.1304 0.0000 0.0003
002320 0.8772 0.1226 0.0000 0.0002
002340 0.8853 0.1143 0.0000 0.0004
002360 0.8921 0.1071 0.0000 0.0008
002380 0.8990 0.0998 0.0000 0.0012
002400 0.9053 0.0932 0.0000 0.0015
002420 0.9113 0.0873 0.0000 0.0013
002440 0.9174 0.0816 0.0000 0.0010
002460 0.9234 0.0761 0.0000 0.0005
002480 0.9294 0.0704 0.0000 0.0002
002500 0.9356 0.0643 0.0000 0.0001
002520 0.9419 0.0580 0.0000 0.0000
002540 0.9481 0.0519 0.0000 0.0000
002560 0.9538 0.0461 0.0000 0.0002
002580 0.9586 0.0413 0.0000 0.0002
002600 0.9631 0.0367 0.0000 0.0002
002620 0.9676 0.0323 0.0000 0.0000
002640 0.9722 0.0278 0.0000 0.0000
002660 0.9762 0.0238 0.0000 0.0000
002680 0.9802 0.0198 0.0000 0.0000
002700 0.9838 0.0162 0.0000 0.0000
002720 0.9872 0.0128 0.0000 0.0000
002740 0.9897 0.0103 0.0000 0.0000
002760 0.9920 0.0080 0.0000 0.0000
002780 0.9939 0.0061 0.0000 0.0000
002800 0.9955 0.0045 0.0000 0.0000
002820 0.9970 0.0030 0.0000 0.0000
002840 0.9981 0.0019 0.0000 0.0000
002860 0.9991 0.0009 0.0000 0.0000
002880 0.9998 0.0002 0.0000 0.0000
002900 1.0000 0.0000 0.0000 0.0000
002920 1.0000 0.0000 0.0000 0.0000
002940 1.0000 0.0000 0.0000 0.0000
002960 1.0000 0.0000 0.0000 0.0000
002980 1.0000 0.0000 0.0000 0.0000
003000 1.0000 0.0000 0.0000 0.0000
003020 1.0000 0.0000 0.0000 0.0000
003040 1.0000 0.0000 0.0000 0.0000
003060 1.0000 0.0000 0.0000 0.0000
003080 1.0000 0.0000 0.0000 0.0000
003100 1.0000 0.0000 0.0000 0.0000
003120 1.0000 0.0000 0.0000 0.0000
003140 1.0000 0.0000 0.0000 0.0000
003160 1.0000 0.0000 0.0000 0.0000
003180 1.0000 0.0000 0.0000 0.0000
003200 1.0000 0.0000 0.0000 0.0000
003220 1.0000 0.0000 0.0000 0.0000
003240 1.0000 0.0000 0.0000 0.0000
003260 1.0000 0.0000 0.0000 0.0000
003280 1.0000 0.0000 0.0000 0.0000
003300 1.0000 0.0000 0.0000 0.0000
003320 1.0000 0.0000 0.0000 0.0000
003340 1.0000 0.0000 0.0000 0.0000
003360 1.0000 0.0000 0.0000 0.0000
003380 1.0000 0.0000 0.0000 0.0000
003400 1.0000 0.0000 0.0000 0.0000
003420 1.0000 0.0000 0.0000 0.0000
003440 1.0000 0.0000 0.0000 0.0000
003460 1.0000 0.0000 0.0000 0.0000
003480 1.0000 0.0000 0.0000 0.0000
003500 1.0000 0.0000 0.0000 0.0000
003520 1.0000 0.0000 0.0000 0.0000
003540 1.0000 0.0000 0.0000 0.0000
003560 1.0000 0.0000 0.0000 0.0000
003580 1.0000 0.0000 0.0000 0.0000
003600 1.0000 0.0000 0.0000 0.0000
003620 1.0000 0.0000 0.0000 0.0000
003640 1.0000 0.0000 0.0000 0.0000
003660 1.0000 0.0000 0.0000 0.0000
003680 1.0000 0.0000 0.0000 0.0000
003700 1.0000 0.0000 0.0000 0.0000
003720 1.0000 0.0000 0.0000 0.0000
003740 1.0000 0.0000 0.0000 0.0000
003760 1.0000 0.0000 0.0000 0.0000
003780 1.0000 0.0000 0.0000 0.0000
003800 1.0000 0.0000 0.0000 0.0000
003820 1.0000 0.0000 0.0000 0.0000
003840 1.0000 0.0000 0.0000 0.0000
003860 1.0000 0.0000 0.0000 0.0000
003880 1.0000 0.0000 0.0000 0.0000
003900 1.0000 0.0000 0.0000 0.0000
003920 1.0000 0.0000 0.0000 0.0000
003940 1.0000 0.0000 0.0000 0.0000
003960 1.0000 0.0000 0.0000 0.0000
003980 1.0000 0.0000 0.0000 0.0000
004000 1.0000 0.0000 0.0000 0.0000
004020 1.0000 0.0000 0.0000 0.0000
004040 1.0000 0.0000 0.0000 0.0000
004060 1.0000 0.0000 0.0000 0.0000
004080 1.0000 0.0000 0.0000 0.0000
004100 1.0000 0.0000 0.0000 0.0000
004120 1.0000 0.0000 0.0000 0.0000
004140 1.0000 0.0000 0.0000 0.0000
004160 1.0000 0.0000 0.0000 0.0000
004180 1.0000 0.0000 0.0000 0.0000
004200 1.0000 0.0000 0.0000 0.0000
004220 1.0000 0.0000 0.0000 0.0000
004240 1.0000 0.0000 0.0000 0.0000
004260 1.0000 0.0000 0.0000 0.0000
004280 1.0000 0.0000 0.0000 0.0000
004300 1.0000 0.0000 0.0000 0.0000
004320 1.0000 0.0000 0.0000 0.0000
004340 1.0000 0.0000 0.0000 0.0000
004360 1.0000 0.0000 0.0000 0.0000
004380 1.0000 0.0000 0.0000 0.0000
004400 1.0000 0.0000 0.0000 0.0000
004420 1.0000 0.0000 0.0000 0.0000
004440 1.0000 0.0000 0.0000 0.0000
004460 1.0000 0.0000 0.0000 0.0000
004480 1.0000 0.0000 0.0000 0.0000
004500 1.0000 0.0000 0.0000 0.0000
004520 1.0000 0.0000 0.0000 0.0000
004540 1.0000 0.0000 0.0000 0.0000
004560 1.0000 0.0000 0.0000 0.0000
004580 1.0000 0.0000 0.0000 0.0000
004600 1.0000 0.0000 0.0000 0.0000
004620 1.0000 0.0000 0.0000 0.0000
004640 1.0000 0.0000 0.0000 0.0000
004660 1.0000 0.0000 0.0000 0.0000
004680 1.0000 0.0000 0.0000 0.0000
004700 1.0000 0.0000 0.0000 0.0000
004720 1.0000 0.0000 0.0000 0.0000
004740 1.0000 0.0000 0.0000 0.0000
004760 1.0000 0.0000 0.0000 0.0000
004780 1.0000 0.0000 0.0000 0.0000
004800 1.0000 0.0000 0.0000 0.0000
004820 1.0000 0.0000 0.0000 0.0000
004840 1.0000 0.0000 0.0000 0.0000
004860 1.0000 0.0000 0.0000 0.0000
004880 1.0000 0.0000 0.0000 0.0000
004900 1.0000 0.0000 0.0000 0.0000
004920 1.0000 0.0000 0.0000 0.0000
004940 1.0000 0.0000 0.0000 0.0000
004960 1.0000 0.0000 0.0000 0.0000
004980 1.0000 0.0000 0.0000 0.0000
005000 1.0000 0.0000 0.0000 0.0000
005020 1.0000 0.0000 0.0000 0.0000
005040 1.0000 0.0000 0.0000 0.0000
005060 1.0000 0.0000 0.0000 0.0000
005080 1.0000 0.0000 0.0000 0.0000
005100 1.0000 0.0000 0.0000 0.0000
005120 1.0000 0.0000 0.0000 0.0000
005140 1.0000 0.0000 0.0000 0.0000
005160 1.0000 0.0000 0.0000 0.0000
005180 1.0000 0.0000 0.0000 0.0000
005200 1.0000 0.0000 0.0000 0.0000
005220 1.0000 0.0000 0.0000 0.0000
005240 1.0000 0.0000 0.0000 0.0000
005260 1.0000 0.0000 0.0000 0.0000
005280 1.0000 0.0000 0.0000 0.0000
005300 1.0000 0.0000 0.0000 0.0000
005320 1.0000 0.0000 0.0000 0.0000
005340 1.0000 0.0000 0.0000 0.0000
005360 1.0000 0.0000 0.0000 0.0000
005380 1.0000 0.0000 0.0000 0.0000
005400 1.0000 0.0000 0.0000 0.0000
005420 1.0000 0.0000 0.0000 0.0000
005440 1.0000 0.0000 0.0000 0.0000
005460 1.0000 0.0000 0.0000 0.0000
005480 1.0000 0.0000 0.0000 0.0000
005500 1.0000 0.0000 0.0000 0.0000
005520 1.0000 0.0000 0.0000 0.0000
005540 1.0000 0.0000 0.0000 0.0000
005560 1.0000 0.0000 0.0000 0.0000
005580 1.0000 0.0000 0.0000 0.0000
005600 1.0000 0.0000 0.0000 0.0000
005620 1.0000 0.0000 0.0000 0.0000
005640 1.0000 0.0000 0.0000 0.0000
005660 1.0000 0.0000 0.0000 0.0000
005680 1.0000 0.0000 0.0000 0.0000
005700 1.0000 0.0000 0.0000 0.0000
005720 1.0000 0.0000 0.0000 0.0000
005740 1.0000 0.0000 0.0000 0.0000
005760 1.0000 0.0000 0.0000 0.0000
005780 1.0000 0.0000 0.0000 0.0000
005800 1.0000 0.0000 0.0000 0.0000
005820 1.0000 0.0000 0.0000 0.0000
005840 1.0000 0.0000 0.0000 0.0000
005860 1.0000 0.0000 0.0000 0.0000
005880 1.0000 0.0000 0.0000 0.0000
005900 1.0000 0.0000 0.0000 0.0000
005920 1.0000 0.0000 0.0000 0.0000
005940 1.0000 0.0000 0.0000 0.0000
005960 1.0000 0.0000 0.0000 0.0000
005980 1.0000 0.0000 0.0000 0.0000
006000 1.0000 0.0000 0.0000 0.0000
006020 1.0000 0.0000 0.0000 0.0000
006040 1.0000 0.0000 0.0000 0.0000
006060 1.0000 0.0000 0.0000 0.0000
006080 1.0000 0.0000 0.0000 0.0000
006100 1.0000 0.0000 0.0000 0.0000
006120 1.0000 0.0000 0.0000 0.0000
006140 1.0000 0.0000 0.0000 0.0000
006160 1.0000 0.0000 0.0000 0.0000
006180 1.0000 0.0000 0.0000 0.0000
006200 1.0000 0.0000 0.0000 0.0000
006220 1.0000 0.0000 0.0000 0.0000
006240 1.0000 0.0000 0.0000 0.0000
006260 1.0000 0.0000 0.0000 0.0000
006280 1.0000 0.0000 0.0000 0.0000
006300 1.0000 0.0000 0.0000 0.0000
006320 1.0000 0.0000 0.0000 0.0000
006340 1.0000 0.0000 0.0000 0.0000
006360 1.0000 0.0000 0.0000 0.0000
006380 1.0000 0.0000 0.0000 0.0000
006400 1.0000 0.0000 0.0000 0.0000
006420 1.0000 0.0000 0.0000 0.0000
006440 1.0000 0.0000 0.0000 0.0000
006460 1.0000 0.0000 0.0000 0.0000
006480 1.0000 0.0000 0.0000 0.0000
006500 1.0000 0.0000 0.0000 0.0000
006520 1.0000 0.0000 0.0000 0.0000
006540 1.0000 0.0000 0.0000 0.0000
006560 1.0000 0.0000 0.0000 0.0000
006580 1.0000 0.0000 0.0000 0.0000
006600 1.0000 0.0000 0.0000 0.0000
006620 1.0000 0.0000 0.0000 0.0000
006640 1.0000 0.0000 0.0000 0.0000
006660 1.0000 0.0000 0.0000 0.0000
006680 1.0000 0.0000 0.0000 0.0000
006700 1.0000 0.0000 0.0000 0.0000
006720 1.0000 0.0000 0.0000 0.0000
006740 1.0000 0.0000 0.0000 0.0000
006760 1.0000 0.0000 0.0000 0.0000
006780 1.0000 0.0000 0.0000 0.0000
006800 1.0000 0.0000 0.0000 0.0000
006820 1.0000 0.0000 0.0000 0.0000
006840 1.0000 0.0000 0.0000 0.0000
006860 1.0000 0.0000 0.0000 0.0000
006880 1.0000 0.0000 0.0000 0.0000
006900 1.0000 0.0000 0.0000 0.0000
006920 1.0000 0.0000 0.0000 0.0000
006940 1.0000 0.0000 0.0000 0.0000
006960 1.0000 0.0000 0.0000 0.0000
006980 1.0000 0.0000 0.0000 0.0000
007000 1.0000 0.0000 0.0000 0.0000
007020 1.0000 0.0000 0.0000 0.0000
007040 1.0000 0.0000 0.0000 0.0000
007060 1.0000 0.0000 0.0000 0.0000
007080 1.0000 0.0000 0.0000 0.0000
007100 1.0000 0.0000 0.0000 0.0000
007120 1.0000 0.0000 0.0000 0.0000
007140 1.0000 0.0000 0.0000 0.0000
007160 1.0000 0.0000 0.0000 0.0000
007180 1.0000 0.0000 0.0000 0.0000
007200 1.0000 0.0000 0.0000 0.0000
007220 1.0000 0.0000 0.0000 0.0000
007240 1.0000 0.0000 0.0000 0.0000
007260 1.0000 0.0000 0.0000 0.0000
007280 1.0000 0.0000 0.0000 0.0000
007300 1.0000 0.0000 0.0000 0.0000
007320 1.0000 0.0000 0.0000 0.0000
007340 1.0000 0.0000 0.0000 0.0000
007360 1.0000 0.0000 0.0000 0.0000
007380 1.0000 0.0000 0.0000 0.0000
007400 1.0000 0.0000 0.0000 0.0000
007420 1.0000 0.0000 0.0000 0.0000
007440 1.0000 0.0000 0.0000 0.0000
007460 1.0000 0.0000 0.0000 0.0000
007480 1.0000 0.0000 0.0000 0.0000
007500 1.0000 0.0000 0.0000 0.0000
007520 1.0000 0.0000 0.0000 0.0000
007540 1.0000 0.0000 0.0000 0.0000
007560 1.0000 0.0000 0.0000 0.0000
007580 1.0000 0.0000 0.0000 0.0000
007600 1.0000 0.0000 0.0000 0.0000
007620 1.0000 0.0000 0.0000 0.0000
007640 1.0000 0.0000 0.0000 0.0000
007660 1.0000 0.0000 0.0000 0.0000
007680 1.0000 0.0000 0.0000 0.0000
007700 1.0000 0.0000 0.0000 0.0000
007720 1.0000 0.0000 0.0000 0.0000
007740 1.0000 0.0000 0.0000 0.0000
007760 1.0000 0.0000 0.0000 0.0000
007780 1.0000 0.0000 0.0000 0.0000
007800 1.0000 0.0000 0.0000 0.0000
007820 1.0000 0.0000 0.0000 0.0000
007840 1.0000 0.0000 0.0000 0.0000
007860 1.0000 0.0000 0.0000 0.0000
007880 1.0000 0.0000 0.0000 0.0000
007900 1.0000 0.0000 0.0000 0.0000
007920 1.0000 0.0000 0.0000 0.0000
007940 1.0000 0.0000 0.0000 0.0000
007960 1.0000 0.0000 0.0000 0.0000
007980 1.0000 0.0000 0.0000 0.0000
008000 1.0000 0.0000 0.0000 0.0000
008020 1.0000 0.0000 0.0000 0.0000
008040 1.0000 0.0000 0.0000 0.0000
008060 1.0000 0.0000 0.0000 0.0000
008080 1.0000 0.0000 0.0000 0.0000
008100 1.0000 0.0000 0.0000 0.0000
008120 1.0000 0.0000 0.0000 0.0000
008140 1.0000 0.0000 0.0000 0.0000
008160 1.0000 0.0000 0.0000 0.0000
008180 1.0000 0.0000 0.0000 0.0000
008200 1.0000 0.0000 0.0000 0.0000
008220 1.0000 0.0000 0.0000 0.0000
008240 1.0000 0.0000 0.0000 0.0000
008260 1.0000 0.0000 0.0000 0.0000
008280 1.0000 0.0000 0.0000 0.0000
008300 1.0000 0.0000 0.0000 0.0000
008320 1.0000 0.0000 0.0000 0.0000
008340 1.0000 0.0000 0.0000 0.0000
008360 1.0000 0.0000 0.0000 0.0000
008380 1.0000 0.0000 0.0000 0.0000
008400 1.0000 0.0000 0.0000 0.0000
008420 1.0000 0.0000 0.0000 0.0000
008440 1.0000 0.0000 0.0000 0.0000
008460 1.0000 0.0000 0.0000 0.0000
008480 1.0000 0.0000 0.0000 0.0000
008500 1.0000 0.0000 0.0000 0.0000
008520 1.0000 0.0000 0.0000 0.0000
008540 1.0000 0.0000 0.0000 0.0000
008560 1.0000 0.0000 0.0000 0.0000
008580 1.0000 0.0000 0.0000 0.0000
008600 1.0000 0.0000 0.0000 0.0000
008620 1.0000 0.0000 0.0000 0.0000
008640 1.0000 0.0000 0.0000 0.0000
008660 1.0000 0.0000 0.0000 0.0000
008680 1.0000 0.0000 0.0000 0.0000
008700 1.0000 0.0000 0.0000 0.0000
008720 1.0000 0.0000 0.0000 0.0000
008740 1.0000 0.0000 0.0000 0.0000
008760 1.0000 0.0000 0.0000 0.0000
008780 1.0000 0.0000 0.0000 0.0000
008800 1.0000 0.0000 0.0000 0.0000
008820 1.0000 0.0000 0.0000 0.0000
008840 1.0000 0.0000 0.0000 0.0000
008860 1.0000 0.0000 0.0000 0.0000
008880 1.0000 0.0000 0.0000 0.0000
008900 1.0000 0.0000 0.0000 0.0000
008920 1.0000 0.0000 0.0000 0.0000
008940 1.0000 0.0000 0.0000 0.0000
008960 1.0000 0.0000 0.0000 0.0000
008980 1.0000 0.0000 0.0000 0.0000
009000 1.0000 0.0000 0.0000 0.0000
009020 1.0000 0.0000 0.0000 0.0000
009040 1.0000 0.0000 0.0000 0.0000
009060 1.0000 0.0000 0.0000 0.0000
009080 1.0000 0.0000 0.0000 0.0000
009100 1.0000 0.0000 0.0000 0.0000
009120 1.0000 0.0000 0.0000 0.0000
009140 1.0000 0.0000 0.0000 0.0000
009160 1.0000 0.0000 0.0000 0.0000
009180 1.0000 0.0000 0.0000 0.0000
009200 1.0000 0.0000 0.0000 0.0000
009220 1.0000 0.0000 0.0000 0.0000
009240 1.0000 0.0000 0.0000 0.0000
009260 1.0000 0.0000 0.0000 0.0000
009280 1.0000 0.0000 0.0000 0.0000
009300 1.0000 0.0000 0.0000 0.0000
009320 1.0000 0.0000 0.0000 0.0000
009340 1.0000 0.0000 0.0000 0.0000
009360 1.0000 0.0000 0.0000 0.0000
009380 1.0000 0.0000 0.0000 0.0000
009400 1.0000 0.0000 0.0000 0.0000
009420 1.0000 0.0000 0.0000 0.0000
009440 1.0000 0.0000 0.0000 0.0000
009460 1.0000 0.0000 0.0000 0.0000
009480 1.0000 0.0000 0.0000 0.0000
009500 1.0000 0.0000 0.0000 0.0000
009520 1.0000 0.0000 0.0000 0.0000
009540 1.0000 0.0000 0.0000 0.0000
009560 1.0000 0.0000 0.0000 0.0000
009580 1.0000 0.0000 0.0000 0.0000
009600 1.0000 0.0000 0.0000 0.0000
009620 1.0000 0.0000 0.0000 0.0000
009640 1.0000 0.0000 0.0000 0.0000
009660 1.0000 0.0000 0.0000 0.0000
009680 1.0000 0.0000 0.0000 0.0000
009700 1.0000 0.0000 0.0000 0.0000
009720 1.0000 0.0000 0.0000 0.0000
009740 1.0000 0.0000 0.0000 0.0000
009760 1.0000 0.0000 0.0000 0.0000
009780 1.0000 0.0000 0.0000 0.0000
009800 1.0000 0.0000 0.0000 0.0000
009820 1.0000 0.0000 0.0000 0.0000
009840 1.0000 0.0000 0.0000 0.0000
009860 1.0000 0.0000 0.0000 0.0000
009880 1.0000 0.0000 0.0000 0.0000
009900 1.0000 0.0000 0.0000 0.0000
009920 1.0000 0.0000 0.0000 0.0000
009940 1.0000 0.0000 0.0000 0.0000
009960 1.0000 0.0000 0.0000 0.0000
009980 1.0000 0.0000 0.0000 0.0000
010000 1.0000 0.0000 0.0000 0.0000
010020 1.0000 0.0000 0.0000 0.0000
010040 1.0000 0.0000 0.0000 0.0000
010060 1.0000 0.0000 0.0000 0.0000
010080 1.0000 0.0000 0.0000 0.0000
010100 1.0000 0.0000 0.0000 0.0000
010120 1.0000 0.0000 0.0000 0.0000
010140 1.0000 0.0000 0.0000 0.0000
010160 1.0000 0.0000 0.0000 0.0000
010180 1.0000 0.0000 0.0000 0.0000
010200 1.0000 0.0000 0.0000 0.0000
010220 1.0000 0.0000 0.0000 0.0000
010240 1.0000 0.0000 0.0000 0.0000
010260 1.0000 0.0000 0.0000 0.0000
010280 1.0000 0.0000 0.0000 0.0000
010300 1.0000 0.0000 0.0000 0.0000
010320 1.0000 0.0000 0.0000 0.0000
010340 1.0000 0.0000 0.0000 0.0000
010360 1.0000 0.0000 0.0000 0.0000
010380 1.0000 0.0000 0.0000 0.0000
010400 1.0000 0.0000 0.0000 0.0000
010420 1.0000 0.0000 0.0000 0.0000
010440 1.0000 0.0000 0.0000 0.0000
010460 1.0000 0.0000 0.0000 0.0000
010480 1.0000 0.0000 0.0000 0.0000
010500 1.0000 0.0000 0.0000 0.0000
010520 1.0000 0.0000 0.0000 0.0000
010540 1.0000 0.0000 0.0000 0.0000
010560 1.0000 0.0000 0.0000 0.0000
010580 1.0000 0.0000 0.0000 0.0000
010600 1.0000 0.0000 0.0000 0.0000
010620 1.0000 0.0000 0.0000 0.0000
010640 1.0000 0.0000 0.0000 0.0000
010660 1.0000 0.0000 0.0000 0.0000
010680 1.0000 0.0000 0.0000 0.0000
010700 1.0000 0.0000 0.0000 0.0000
010720 1.0000 0.0000 0.0000 0.0000
010740 1.0000 0.0000 0.0000 0.0000
010760 1.0000 0.0000 0.0000 0.0000
010780 1.0000 0.0000 0.0000 0.0000
010800 1.0000 0.0000 0.0000 0.0000
010820 1.0000 0.0000 0.0000 0.0000
010840 1.0000 0.0000 0.0000 0.0000
010860 1.0000 0.0000 0.0000 0.0000
010880 1.0000 0.0000 0.0000 0.0000
010900 1.0000 0.0000 0.0000 0.0000
010920 1.0000 0.0000 0.0000 0.0000
010940 1.0000 0.0000 0.0000 0.0000
010960 1.0000 0.0000 0.0000 0.0000
010980 1.0000 0.0000 0.0000 0.0000
011000 1.0000 0.0000 0.0000 0.0000
011020 1.0000 0.0000 0.0000 0.0000
011040 1.0000 0.0000 0.0000 0.0000
011060 1.0000 0.0000 0.0000 0.0000
011080 1.0000 0.0000 0.0000 0.0000
011100 1.0000 0.0000 0.0000 0.0000
011120 1.0000 0.0000 0.0000 0.0000
011140 1.0000 0.0000 0.0000 0.0000
011160 1.0000 0.0000 0.0000 0.0000
011180 1.0000 0.0000 0.0000 0.0000
011200 1.0000 0.0000 0.0000 0.0000
011220 1.0000 0.0000 0.0000 0.0000
011240 1.0000 0.0000 0.0000 0.0000
011260 1.0000 0.0000 0.0000 0.0000
011280 1.0000 0.0000 0.0000 0.0000
011300 1.0000 0.0000 0.0000 0.0000
011320 1.0000 0.0000 0.0000 0.0000
011340 1.0000 0.0000 0.0000 0.0000
011360 1.0000 0.0000 0.0000 0.0000
011380 1.0000 0.0000 0.0000 0.0000
011400 1.0000 0.0000 0.0000 0.0000
011420 1.0000 0.0000 0.0000 0.0000
011440 1.0000 0.0000 0.0000 0.0000
011460 1.0000 0.0000 0.0000 0.0000
011480 1.0000 0.0000 0.0000 0.0000
011500 1.0000 0.0000 0.0000 0.0000
011520 1.0000 0.0000 0.0000 0.0000
011540 1.0000 0.0000 0.0000 0.0000
011560 1.0000 0.0000 0.0000 0.0000
011580 1.0000 0.0000 0.0000 0.0000
011600 1.0000 0.0000 0.0000 0.0000
011620 1.0000 0.0000 0.0000 0.0000
011640 1.0000 0.0000 0.0000 0.0000
011660 1.0000 0.0000 0.0000 0.0000
011680 1.0000 0.0000 0.0000 0.0000
011700 1.0000 0.0000 0.0000 0.0000
011720 1.0000 0.0000 0.0000 0.0000
011740 1.0000 0.0000 0.0000 0.0000
011760 1.0000 0.0000 0.0000 0.0000
011780 1.0000 0.0000 0.0000 0.0000
011800 1.0000 0.0000 0.0000 0.0000
011820 1.0000 0.0000 0.0000 0.0000
011840 1.0000 0.0000 0.0000 0.0000
011860 1.0000 0.0000 0.0000 0.0000
011880 1.0000 0.0000 0.0000 0.0000
011900 1.0000 0.0000 0.0000 0.0000
011920 1.0000 0.0000 0.0000 0.0000
011940 1.0000 0.0000 0.0000 0.0000
011960 1.0000 0.0000 0.0000 0.0000
011980 1.0000 0.0000 0.0000 0.0000
012000 1.0000 0.0000 0.0000 0.0000
012020 1.0000 0.0000 0.0000 0.0000
012040 1.0000 0.0000 0.0000 0.0000
012060 1.0000 0.0000 0.0000 0.0000
012080 1.0000 0.0000 0.0000 0.0000
012100 1.0000 0.0000 0.0000 0.0000
012120 1.0000 0.0000 0.0000 0.0000
012140 1.0000 0.0000 0.0000 0.0000
012160 1.0000 0.0000 0.0000 0.0000
012180 1.0000 0.0000 0.0000 0.0000
012200 1.0000 0.0000 0.0000 0.0000
012220 1.0000 0.0000 0.0000 0.0000
012240 1.0000 0.0000 0.0000 0.0000
012260 1.0000 0.0000 0.0000 0.0000
012280 1.0000 0.0000 0.0000 0.0000
012300 1.0000 0.0000 0.0000 0.0000
012320 1.0000 0.0000 0.0000 0.0000
012340 1.0000 0.0000 0.0000 0.0000
012360 1.0000 0.0000 0.0000 0.0000
012380 1.0000 0.0000 0.0000 0.0000
012400 1.0000 0.0000 0.0000 0.0000
012420 1.0000 0.0000 0.0000 0.0000
012440 1.0000 0.0000 0.0000 0.0000
012460 1.0000 0.0000 0.0000 0.0000
012480 1.0000 0.0000 0.0000 0.0000
012500 1.0000 0.0000 0.0000 0.0000
012520 1.0000 0.0000 0.0000 0.0000
012540 1.0000 0.0000 0.0000 0.0000
012560 1.0000 0.0000 0.0000 0.0000
012580 1.0000 0.0000 0.0000 0.0000
012600 1.0000 0.0000 0.0000 0.0000
012620 1.0000 0.0000 0.0000 0.0000
012640 1.0000 0.0000 0.0000 0.0000
012660 1.0000 0.0000 0.0000 0.0000
012680 1.0000 0.0000 0.0000 0.0000
012700 1.0000 0.0000 0.0000 0.0000
012720 1.0000 0.0000 0.0000 0.0000
012740 1.0000 0.0000 0.0000 0.0000
012760 1.0000 0.0000 0.0000 0.0000
012780 1.0000 0.0000 0.0000 0.0000
012800 1.0000 0.0000 0.0000 0.0000
012820 1.0000 0.0000 0.0000 0.0000
012840 1.0000 0.0000 0.0000 0.0000
012860 1.0000 0.0000 0.0000 0.0000
012880 1.0000 0.0000 0.0000 0.0000
012900 1.0000 0.0000 0.0000 0.0000
012920 1.0000 0.0000 0.0000 0.0000
012940 1.0000 0.0000 0.0000 0.0000
012960 1.0000 0.0000 0.0000 0.0000
012980 1.0000 0.0000 0.0000 0.0000
013000 1.0000 0.0000 0.0000 0.0000
013020 1.0000 0.0000 0.0000 0.0000
013040 1.0000 0.0000 0.0000 0.0000
013060 1.0000 0.0000 0.0000 0.0000
013080 1.0000 0.0000 0.0000 0.0000
013100 1.0000 0.0000 0.0000 0.0000
013120 1.0000 0.0000 0.0000 0.0000
013140 1.0000 0.0000 0.0000 0.0000
013160 1.0000 0.0000 0.0000 0.0000
013180 1.0000 0.0000 0.0000 0.0000
013200 1.0000 0.0000 0.0000 0.0000
013220 1.0000 0.0000 0.0000 0.0000
013240 1.0000 0.0000 0.0000 0.0000
013260 1.0000 0.0000 0.0000 0.0000
013280 1.0000 0.0000 0.0000 0.0000
013300 1.0000 0.0000 0.0000 0.0000
013320 1.0000 0.0000 0.0000 0.0000
013340 1.0000 0.0000 0.0000 0.0000
013360 1.0000 0.0000 0.0000 0.0000
013380 1.0000 0.0000 0.0000 0.0000
013400 1.0000 0.0000 0.0000 0.0000
013420 1.0000 0.0000 0.0000 0.0000
013440 1.0000 0.0000 0.0000 0.0000
013460 1.0000 0.0000 0.0000 0.0000
013480 1.0000 0.0000 0.0000 0.0000
013500 1.0000 0.0000 0.0000 0.0000
013520 1.0000 0.0000 0.0000 0.0000
013540 1.0000 0.0000 0.0000 0.0000
013560 1.0000 0.0000 0.0000 0.0000
013580 1.0000 0.0000 0.0000 0.0000
013600 1.0000 0.0000 0.0000 0.0000
013620 1.0000 0.0000 0.0000 0.0000
013640 1.0000 0.0000 0.0000 0.0000
013660 1.0000 0.0000 0.0000 0.0000
013680 1.0000 0.0000 0.0000 0.0000
013700 1.0000 0.0000 0.0000 0.0000
013720 1.0000 0.0000 0.0000 0.0000
013740 1.0000 0.0000 0.0000 0.0000
013760 1.0000 0.0000 0.0000 0.0000
013780 1.0000 0.0000 0.0000 0.0000
013800 1.0000 0.0000 0.0000 0.0000
013820 1.0000 0.0000 0.0000 0.0000
013840 1.0000 0.0000 0.0000 0.0000
013860 1.0000 0.0000 0.0000 0.0000
013880 1.0000 0.0000 0.0000 0.0000
013900 1.0000 0.0000 0.0000 0.0000
013920 1.0000 0.0000 0.0000 0.0000
013940 1.0000 0.0000 0.0000 0.0000
013960 1.0000 0.0000 0.0000 0.0000
013980 1.0000 0.0000 0.0000 0.0000
014000 1.0000 0.0000 0.0000 0.0000
014020 1.0000 0.0000 0.0000 0.0000
014040 1.0000 0.0000 0.0000 0.0000
014060 1.0000 0.0000 0.0000 0.0000
014080 1.0000 0.0000 0.0000 0.0000
014100 1.0000 0.0000 0.0000 0.0000
014120 1.0000 0.0000 0.0000 0.0000
014140 1.0000 0.0000 0.0000 0.0000
014160 1.0000 0.0000 0.0000 0.0000
014180 1.0000 0.0000 0.0000 0.0000
014200 1.0000 0.0000 0.0000 0.0000
014220 1.0000 0.0000 0.0000 0.0000
014240 1.0000 0.0000 0.0000 0.0000
014260 1.0000 0.0000 0.0000 0.0000
014280 1.0000 0.0000 0.0000 0.0000
014300 1.0000 0.0000 0.0000 0.0000
014320 1.0000 0.0000 0.0000 0.0000
014340 1.0000 0.0000 0.0000 0.0000
014360 1.0000 0.0000 0.0000 0.0000
014380 1.0000 0.0000 0.0000 0.0000
014400 1.0000 0.0000 0.0000 0.0000
014420 1.0000 0.0000 0.0000 0.0000
014440 1.0000 0.0000 0.0000 0.0000
014460 1.0000 0.0000 0.0000 0.0000
014480 1.0000 0.0000 0.0000 0.0000
014500 1.0000 0.0000 0.0000 0.0000
014520 1.0000 0.0000 0.0000 0.0000
014540 1.0000 0.0000 0.0000 0.0000
014560 1.0000 0.0000 0.0000 0.0000
014580 1.0000 0.0000 0.0000 0.0000
014600 1.0000 0.0000 0.0000 0.0000
014620 1.0000 0.0000 0.0000 0.0000
014640 1.0000 0.0000 0.0000 0.0000
014660 1.0000 0.0000 0.0000 0.0000
014680 1.0000 0.0000 0.0000 0.0000
014700 1.0000 0.0000 0.0000 0.0000
014720 1.0000 0.0000 0.0000 0.0000
014740 1.0000 0.0000 0.0000 0.0000
014760 1.0000 0.0000 0.0000 0.0000
014780 1.0000 0.0000 0.0000 0.0000
014800 1.0000 0.0000 0.0000 0.0000
014820 1.0000 0.0000 0.0000 0.0000
014840 1.0000 0.0000 0.0000 0.0000
014860 1.0000 0.0000 0.0000 0.0000
014880 1.0000 0.0000 0.0000 0.0000
014900 1.0000 0.0000 0.0000 0.0000
014920 1.0000 0.0000 0.0000 0.0000
014940 1.0000 0.0000 0.0000 0.0000
014960 1.0000 0.0000 0.0000 0.0000
014980 1.0000 0.0000 0.0000 0.0000
015000 1.0000 0.0000 0.0000 0.0000
015020 1.0000 0.0000 0.0000 0.0000
015040 1.0000 0.0000 0.0000 0.0000
015060 1.0000 0.0000 0.0000 0.0000
015080 1.0000 0.0000 0.0000 0.0000
015100 1.0000 0.0000 0.0000 0.0000
015120 1.0000 0.0000 0.0000 0.0000
015140 1.0000 0.0000 0.0000 0.0000
015160 1.0000 0.0000 0.0000 0.0000
015180 1.0000 0.0000 0.0000 0.0000
015200 1.0000 0.0000 0.0000 0.0000
015220 1.0000 0.0000 0.0000 0.0000
015240 1.0000 0.0000 0.0000 0.0000
015260 1.0000 0.0000 0.0000 0.0000
015280 1.0000 0.0000 0.0000 0.0000
015300 1.0000 0.0000 0.0000 0.0000
015320 1.0000 0.0000 0.0000 0.0000
015340 1.0000 0.0000 0.0000 0.0000
015360 1.0000 0.0000 0.0000 0.0000
015380 1.0000 0.0000 0.0000 0.0000
015400 1.0000 0.0000 0.0000 0.0000
015420 1.0000 0.0000 0.0000 0.0000
015440 1.0000 0.0000 0.0000 0.0000
015460 1.0000 0.0000 0.0000 0.0000
015480 1.0000 0.0000 0.0000 0.0000
015500 1.0000 0.0000 0.0000 0.0000
015520 1.0000 0.0000 0.0000 0.0000
015540 1.0000 0.0000 0.0000 0.0000
015560 1.0000 0.0000 0.0000 0.0000
015580 1.0000 0.0000 0.0000 0.0000
015600 1.0000 0.0000 0.0000 0.0000
015620 1.0000 0.0000 0.0000 0.0000
015640 1.0000 0.0000 0.0000 0.0000
015660 1.0000 0.0000 0.0000 0.0000
015680 1.0000 0.0000 0.0000 0.0000
015700 1.0000 0.0000 0.0000 0.0000
015720 1.0000 0.0000 0.0000 0.0000
015740 1.0000 0.0000 0.0000 0.0000
015760 1.0000 0.0000 0.0000 0.0000
015780 1.0000 0.0000 0.0000 0.0000
015800 1.0000 0.0000 0.0000 0.0000
015820 1.0000 0.0000 0.0000 0.0000
015840 1.0000 0.0000 0.0000 0.0000
015860 1.0000 0.0000 0.0000 0.0000
015880 1.0000 0.0000 0.0000 0.0000
015900 1.0000 0.0000 0.0000 0.0000
015920 1.0000 0.0000 0.0000 0.0000
015940 1.0000 0.0000 0.0000 0.0000
015960 1.0000 0.0000 0.0000 0.0000
015980 1.0000 0.0000 0.0000 0.0000
016000 1.0000 0.0000 0.0000 0.0000
016020 1.0000 0.0000 0.0000 0.0000
016040 1.0000 0.0000 0.0000 0.0000
016060 1.0000 0.0000 0.0000 0.0000
016080 1.0000 0.0000 0.0000 0.0000
016100 1.0000 0.0000 0.0000 0.0000
016120 1.0000 0.0000 0.0000 0.0000
016140 1.0000 0.0000 0.0000 0.0000
016160 1.0000 0.0000 0.0000 0.0000
016180 1.0000 0.0000 0.0000 0.0000
016200 1.0000 0.0000 0.0000 0.0000
016220 1.0000 0.0000 0.0000 0.0000
016240 1.0000 0.0000 0.0000 0.0000
016260 1.0000 0.0000 0.0000 0.0000
016280 1.0000 0.0000 0.0000 0.0000
016300 1.0000 0.0000 0.0000 0.0000
016320 1.0000 0.0000 0.0000 0.0000
016340 1.0000 0.0000 0.0000 0.0000
016360 1.0000 0.0000 0.0000 0.0000
016380 1.0000 0.0000 0.0000 0.0000
016400 1.0000 0.0000 0.0000 0.0000
016420 1.0000 0.0000 0.0000 0.0000
016440 1.0000 0.0000 0.0000 0.0000
016460 1.0000 0.0000 0.0000 0.0000
016480 1.0000 0.0000 0.0000 0.0000
016500 1.0000 0.0000 0.0000 0.0000
016520 1.0000 0.0000 0.0000 0.0000
016540 1.0000 0.0000 0.0000 0.0000
016560 1.0000 0.0000 0.0000 0.0000
016580 1.0000 0.0000 0.0000 0.0000
016600 1.0000 0.0000 0.0000 0.0000
016620 1.0000 0.0000 0.0000 0.0000
016640 1.0000 0.0000 0.0000 0.0000
016660 1.0000 0.0000 0.0000 0.0000
016680 1.0000 0.0000 0.0000 0.0000
016700 1.0000 0.0000 0.0000 0.0000
016720 1.0000 0.0000 0.0000 0.0000
016740 1.0000 0.0000 0.0000 0.0000
016760 1.0000 0.0000 0.0000 0.0000
016780 1.0000 0.0000 0.0000 0.0000
016800 1.0000 0.0000 0.0000 0.0000
016820 1.0000 0.0000 0.0000 0.0000
016840 1.0000 0.0000 0.0000 0.0000
016860 1.0000 0.0000 0.0000 0.0000
016880 1.0000 0.0000 0.0000 0.0000
016900 1.0000 0.0000 0.0000 0.0000
016920 1.0000 0.0000 0.0000 0.0000
016940 1.0000 0.0000 0.0000 0.0000
016960 1.0000 0.0000 0.0000 0.0000
016980 1.0000 0.0000 0.0000 0.0000
017000 1.0000 0.0000 0.0000 0.0000
017020 1.0000 0.0000 0.0000 0.0000
017040 1.0000 0.0000 0.0000 0.0000
017060 1.0000 0.0000 0.0000 0.0000
017080 1.0000 0.0000 0.0000 0.0000
017100 1.0000 0.0000 0.0000 0.0000
017120 1.0000 0.0000 0.0000 0.0000
017140 1.0000 0.0000 0.0000 0.0000
017160 1.0000 0.0000 0.0000 0.0000
017180 1.0000 0.0000 0.0000 0.0000
017200 1.0000 0.0000 0.0000 0.0000
017220 1.0000 0.0000 0.0000 0.0000
017240 1.0000 0.0000 0.0000 0.0000
017260 1.0000 0.0000 0.0000 0.0000
017280 1.0000 0.0000 0.0000 0.0000
017300 1.0000 0.0000 0.0000 0.0000
017320 1.0000 0.0000 0.0000 0.0000
017340 1.0000 0.0000 0.0000 0.0000
017360 1.0000 0.0000 0.0000 0.0000
017380 1.0000 0.0000 0.0000 0.0000
017400 1.0000 0.0000 0.0000 0.0000
017420 1.0000 0.0000 0.0000 0.0000
017440 1.0000 0.0000 0.0000 0.0000
017460 1.0000 0.0000 0.0000 0.0000
017480 1.0000 0.0000 0.0000 0.0000
017500 1.0000 0.0000 0.0000 0.0000
017520 1.0000 0.0000 0.0000 0.0000
017540 1.0000 0.0000 0.0000 0.0000
017560 1.0000 0.0000 0.0000 0.0000
017580 1.0000 0.0000 0.0000 0.0000
017600 1.0000 0.0000 0.0000 0.0000
017620 1.0000 0.0000 0.0000 0.0000
017640 1.0000 0.0000 0.0000 0.0000
017660 1.0000 0.0000 0.0000 0.0000
017680 1.0000 0.0000 0.0000 0.0000
017700 1.0000 0.0000 0.0000 0.0000
017720 1.0000 0.0000 0.0000 0.0000
017740 1.0000 0.0000 0.0000 0.0000
017760 1.0000 0.0000 0.0000 0.0000
017780 1.0000 0.0000 0.0000 0.0000
017800 1.0000 0.0000 0.0000 0.0000
017820 1.0000 0.0000 0.0000 0.0000
017840 1.0000 0.0000 0.0000 0.0000
017860 1.0000 0.0000 0.0000 0.0000
017880 1.0000 0.0000 0.0000 0.0000
017900 1.0000 0.0000 0.0000 0.0000
017920 1.0000 0.0000 0.0000 0.0000
017940 1.0000 0.0000 0.0000 0.0000
017960 1.0000 0.0000 0.0000 0.0000
017980 1.0000 0.0000 0.0000 0.0000
018000 1.0000 0.0000 0.0000 0.0000
018020 1.0000 0.0000 0.0000 0.0000
018040 1.0000 0.0000 0.0000 0.0000
018060 1.0000 0.0000 0.0000 0.0000
018080 1.0000 0.0000 0.0000 0.0000
018100 1.0000 0.0000 0.0000 0.0000
018120 1.0000 0.0000 0.0000 0.0000
018140 1.0000 0.0000 0.0000 0.0000
018160 1.0000 0.0000 0.0000 0.0000
018180 1.0000 0.0000 0.0000 0.0000
018200 1.0000 0.0000 0.0000 0.0000
018220 1.0000 0.0000 0.0000 0.0000
018240 1.0000 0.0000 0.0000 0.0000
018260 1.0000 0.0000 0.0000 0.0000
018280 1.0000 0.0000 0.0000 0.0000
018300 1.0000 0.0000 0.0000 0.0000
018320 1.0000 0.0000 0.0000 0.0000
018340 1.0000 0.0000 0.0000 0.0000
018360 1.0000 0.0000 0.0000 0.0000
018380 1.0000 0.0000 0.0000 0.0000
018400 1.0000 0.0000 0.0000 0.0000
018420 1.0000 0.0000 0.0000 0.0000
018440 1.0000 0.0000 0.0000 0.0000
018460 1.0000 0.0000 0.0000 0.0000
018480 1.0000 0.0000 0.0000 0.0000
018500 1.0000 0.0000 0.0000 0.0000
018520 1.0000 0.0000 0.0000 0.0000
018540 1.0000 0.0000 0.0000 0.0000
018560 1.0000 0.0000 0.0000 0.0000
018580 1.0000 0.0000 0.0000 0.0000
018600 1.0000 0.0000 0.0000 0.0000
018620 1.0000 0.0000 0.0000 0.0000
018640 1.0000 0.0000 0.0000 0.0000
018660 1.0000 0.0000 0.0000 0.0000
018680 1.0000 0.0000 0.0000 0.0000
018700 1.0000 0.0000 0.0000 0.0000
018720 1.0000 0.0000 0.0000 0.0000
018740 1.0000 0.0000 0.0000 0.0000
018760 1.0000 0.0000 0.0000 0.0000
018780 1.0000 0.0000 0.0000 0.0000
018800 1.0000 0.0000 0.0000 0.0000
018820 1.0000 0.0000 0.0000 0.0000
018840 1.0000 0.0000 0.0000 0.0000
018860 1.0000 0.0000 0.0000 0.0000
018880 1.0000 0.0000 0.0000 0.0000
018900 1.0000 0.0000 0.0000 0.0000
018920 1.0000 0.0000 0.0000 0.0000
018940 1.0000 0.0000 0.0000 0.0000
018960 1.0000 0.0000 0.0000 0.0000
018980 1.0000 0.0000 0.0000 0.0000
019000 1.0000 0.0000 0.0000 0.0000
019020 1.0000 0.0000 0.0000 0.0000
019040 1.0000 0.0000 0.0000 0.0000
019060 1.0000 0.0000 0.0000 0.0000
019080 1.0000 0.0000 0.0000 0.0000
019100 1.0000 0.0000 0.0000 0.0000
019120 1.0000 0.0000 0.0000 0.0000
019140 1.0000 0.0000 0.0000 0.0000
019160 1.0000 0.0000 0.0000 0.0000
019180 1.0000 0.0000 0.0000 0.0000
019200 1.0000 0.0000 0.0000 0.0000
019220 1.0000 0.0000 0.0000 0.0000
019240 1.0000 0.0000 0.0000 0.0000
019260 1.0000 0.0000 0.0000 0.0000
019280 1.0000 0.0000 0.0000 0.0000
019300 1.0000 0.0000 0.0000 0.0000
019320 1.0000 0.0000 0.0000 0.0000
019340 1.0000 0.0000 0.0000 0.0000
019360 1.0000 0.0000 0.0000 0.0000
019380 1.0000 0.0000 0.0000 0.0000
019400 1.0000 0.0000 0.0000 0.0000
019420 1.0000 0.0000 0.0000 0.0000
019440 1.0000 0.0000 0.0000 0.0000
019460 1.0000 0.0000 0.0000 0.0000
019480 1.0000 0.0000 0.0000 0.0000
019500 1.0000 0.0000 0.0000 0.0000
019520 1.0000 0.0000 0.0000 0.0000
019540 1.0000 0.0000 0.0000 0.0000
019560 1.0000 0.0000 0.0000 0.0000
019580 1.0000 0.0000 0.0000 0.0000
019600 1.0000 0.0000 0.0000 0.0000
019620 1.0000 0.0000 0.0000 0.0000
019640 1.0000 0.0000 0.0000 0.0000
019660 1.0000 0.0000 0.0000 0.0000
019680 1.0000 0.0000 0.0000 0.0000
019700 1.0000 0.0000 0.0000 0.0000
019720 1.0000 0.0000 0.0000 0.0000
019740 1.0000 0.0000 0.0000 0.0000
019760 1.0000 0.0000 0.0000 0.0000
019780 1.0000 0.0000 0.0000 0.0000
019800 1.0000 0.0000 0.0000 0.0000
019820 1.0000 0.0000 0.0000 0.0000
019840 1.0000 0.0000 0.0000 0.0000
019860 1.0000 0.0000 0.0000 0.0000
019880 1.0000 0.0000 0.0000 0.0000
019900 1.0000 0.0000 0.0000 0.0000
019920 1.0000 0.0000 0.0000 0.0000
019940 1.0000 0.0000 0.0000 0.0000
019960 1.0000 0.0000 0.0000 0.0000
019980 1.0000 0.0000 0.0000 0.0000
020000 1.0000 0.0000 0.0000 0.0000
