000000 0.2500 0.2500 0.2500 0.2500
000020 0.2604 0.2584 0.2298 0.2513
000040 0.2733 0.2671 0.2078 0.2519
000060 0.2856 0.2763 0.1866 0.2515
000080 0.2971 0.2865 0.1664 0.2499
000100 0.3073 0.2973 0.1474 0.2480
000120 0.3157 0.3095 0.1298 0.2451
000140 0.3239 0.3214 0.1134 0.2414
000160 0.3315 0.3343 0.0983 0.2360
000180 0.3380 0.3470 0.0836 0.2314
000200 0.3436 0.3602 0.0702 0.2260
000220 0.3471 0.3753 0.0578 0.2198
000240 0.3493 0.3917 0.0472 0.2119
000260 0.3517 0.4077 0.0375 0.2030
000280 0.3519 0.4256 0.0290 0.1934
000300 0.3521 0.4428 0.0219 0.1831
000320 0.3498 0.4614 0.0159 0.1729
000340 0.3461 0.4823 0.0103 0.1612
000360 0.3411 0.5042 0.0061 0.1486
000380 0.3349 0.5267 0.0030 0.1354
000400 0.3270 0.5512 0.0009 0.1210
000420 0.3183 0.5766 0.0000 0.1051
000440 0.3075 0.6037 0.0000 0.0888
000460 0.3013 0.6258 0.0000 0.0729
000480 0.2940 0.6419 0.0000 0.0641
000500 0.2908 0.6554 0.0000 0.0538
000520 0.2877 0.6670 0.0000 0.0454
000540 0.2862 0.6745 0.0000 0.0393
000560 0.2874 0.6783 0.0000 0.0343
000580 0.2884 0.6809 0.0000 0.0307
000600 0.2902 0.6818 0.0000 0.0280
000620 0.2945 0.6797 0.0000 0.0258
000640 0.3033 0.6735 0.0000 0.0232
000660 0.3145 0.6626 0.0000 0.0228
000680 0.3237 0.6517 0.0000 0.0246
000700 0.3291 0.6436 0.0000 0.0273
000720 0.3327 0.6389 0.0000 0.0284
000740 0.3323 0.6378 0.0000 0.0299
000760 0.3315 0.6380 0.0000 0.0305
000780 0.3350 0.6349 0.0000 0.0301
000800 0.3441 0.6259 0.0000 0.0300
000820 0.3554 0.6150 0.0000 0.0296
000840 0.3632 0.6061 0.0000 0.0307
000860 0.3720 0.5966 0.0000 0.0314
000880 0.3789 0.5885 0.0000 0.0326
000900 0.3845 0.5821 0.0000 0.0333
000920 0.3952 0.5728 0.0000 0.0320
000940 0.4086 0.5592 0.0000 0.0322
000960 0.4209 0.5490 0.0000 0.0301
000980 0.4351 0.5327 0.0000 0.0322
001000 0.4425 0.5210 0.0000 0.0365
001020 0.4432 0.5186 0.0000 0.0382
001040 0.4386 0.5203 0.0000 0.0411
001060 0.4374 0.5212 0.0000 0.0413
001080 0.4412 0.5194 0.0000 0.0394
001100 0.4515 0.5104 0.0000 0.0382
001120 0.4729 0.4915 0.0000 0.0355
001140 0.4956 0.4701 0.0000 0.0343
001160 0.5166 0.4486 0.0000 0.0349
001180 0.5301 0.4308 0.0000 0.0391
001200 0.5325 0.4248 0.0000 0.0427
001220 0.5268 0.4287 0.0000 0.0445
001240 0.5216 0.4302 0.0000 0.0482
001260 0.5139 0.4362 0.0000 0.0500
001280 0.5118 0.4369 0.0000 0.0513
001300 0.5148 0.4358 0.0000 0.0494
001320 0.5279 0.4264 0.0000 0.0457
001340 0.5516 0.4055 0.0000 0.0430
001360 0.5680 0.3862 0.0000 0.0458
001380 0.5757 0.3765 0.0000 0.0478
001400 0.5792 0.3698 0.0000 0.0510
001420 0.5725 0.3749 0.0000 0.0525
001440 0.5658 0.3812 0.0000 0.0530
001460 0.5666 0.3817 0.0000 0.0518
001480 0.5677 0.3789 0.0000 0.0534
001500 0.5684 0.3791 0.0000 0.0525
001520 0.5759 0.3741 0.0000 0.0501
001540 0.5919 0.3617 0.0000 0.0464
001560 0.6035 0.3456 0.0000 0.0509
001580 0.5988 0.3461 0.0000 0.0550
001600 0.5859 0.3573 0.0000 0.0567
001620 0.5731 0.3704 0.0000 0.0565
001640 0.5708 0.3734 0.0000 0.0558
001660 0.5751 0.3724 0.0000 0.0526
001680 0.5851 0.3646 0.0000 0.0503
001700 0.5951 0.3559 0.0000 0.0490
001720 0.6070 0.3428 0.0000 0.0503
001740 0.6078 0.3394 0.0000 0.0527
001760 0.6046 0.3409 0.0000 0.0545
001780 0.5978 0.3470 0.0000 0.0553
001800 0.5897 0.3549 0.0000 0.0554
001820 0.5858 0.3580 0.0000 0.0562
001840 0.5773 0.3662 0.0000 0.0565
001860 0.5761 0.3714 0.0000 0.0525
001880 0.5955 0.3579 0.0000 0.0466
001900 0.6149 0.3371 0.0000 0.0480
001920 0.6224 0.3277 0.0000 0.0499
001940 0.6183 0.3291 0.0000 0.0526
001960 0.6070 0.3375 0.0000 0.0556
001980 0.5907 0.3505 0.0000 0.0588
002000 0.5771 0.3640 0.0000 0.0589
002020 0.5740 0.3702 0.0000 0.0557
002040 0.5853 0.3628 0.0000 0.0519
002060 0.5991 0.3503 0.0000 0.0506
002080 0.6112 0.3399 0.0000 0.0489
002100 0.6231 0.3292 0.0000 0.0478
002120 0.6229 0.3252 0.0000 0.0519
002140 0.6111 0.3324 0.0000 0.0565
002160 0.5938 0.3492 0.0000 0.0570
002180 0.5827 0.3626 0.0000 0.0547
002200 0.5833 0.3641 0.0000 0.0525
002220 0.5900 0.3573 0.0000 0.0527
002240 0.6004 0.3487 0.0000 0.0508
002260 0.6079 0.3411 0.0000 0.0510
002280 0.6022 0.3415 0.0000 0.0563
002300 0.5931 0.3494 0.0000 0.0575
002320 0.5873 0.3568 0.0000 0.0560
002340 0.5887 0.3585 0.0000 0.0528
002360 0.5972 0.3511 0.0000 0.0516
002380 0.6028 0.3450 0.0000 0.0522
002400 0.6070 0.3413 0.0000 0.0518
002420 0.6076 0.3384 0.0000 0.0541
002440 0.6070 0.3388 0.0000 0.0542
002460 0.5986 0.3446 0.0000 0.0567
002480 0.5869 0.3567 0.0000 0.0565
002500 0.5808 0.3651 0.0000 0.0541
002520 0.5836 0.3649 0.0000 0.0514
002540 0.5921 0.3559 0.0000 0.0520
002560 0.6022 0.3466 0.0000 0.0512
002580 0.6079 0.3391 0.0000 0.0530
002600 0.6076 0.3395 0.0000 0.0528
002620 0.6040 0.3429 0.0000 0.0531
002640 0.5994 0.3473 0.0000 0.0533
002660 0.5927 0.3511 0.0000 0.0562
002680 0.5849 0.3599 0.0000 0.0552
002700 0.5817 0.3638 0.0000 0.0545
002720 0.5886 0.3598 0.0000 0.0516
002740 0.5974 0.3512 0.0000 0.0514
002760 0.6056 0.3430 0.0000 0.0513
002780 0.6108 0.3393 0.0000 0.0499
002800 0.6146 0.3329 0.0000 0.0525
002820 0.6094 0.3368 0.0000 0.0538
002840 0.6032 0.3413 0.0000 0.0555
002860 0.5948 0.3499 0.0000 0.0552
002880 0.5832 0.3594 0.0000 0.0574
002900 0.5795 0.3655 0.0000 0.0550
002920 0.5898 0.3586 0.0000 0.0516
002940 0.5927 0.3539 0.0000 0.0534
002960 0.5958 0.3515 0.0000 0.0527
002980 0.5918 0.3509 0.0000 0.0573
003000 0.5865 0.3559 0.0000 0.0576
003020 0.5859 0.3618 0.0000 0.0523
003040 0.5947 0.3534 0.0000 0.0519
003060 0.6002 0.3476 0.0000 0.0521
003080 0.6007 0.3455 0.0000 0.0538
003100 0.5957 0.3483 0.0000 0.0560
003120 0.5964 0.3498 0.0000 0.0538
003140 0.5942 0.3519 0.0000 0.0539
003160 0.5971 0.3503 0.0000 0.0526
003180 0.5989 0.3469 0.0000 0.0542
003200 0.5988 0.3485 0.0000 0.0527
003220 0.5975 0.3478 0.0000 0.0546
003240 0.5943 0.3512 0.0000 0.0545
003260 0.5982 0.3494 0.0000 0.0523
003280 0.6043 0.3455 0.0000 0.0502
003300 0.6136 0.3351 0.0000 0.0513
003320 0.6132 0.3332 0.0000 0.0536
003340 0.6057 0.3370 0.0000 0.0573
003360 0.5931 0.3491 0.0000 0.0578
003380 0.5790 0.3630 0.0000 0.0580
003400 0.5739 0.3707 0.0000 0.0554
003420 0.5835 0.3660 0.0000 0.0505
003440 0.5939 0.3552 0.0000 0.0508
003460 0.6085 0.3428 0.0000 0.0487
003480 0.6177 0.3321 0.0000 0.0502
003500 0.6166 0.3312 0.0000 0.0522
003520 0.6146 0.3341 0.0000 0.0514
003540 0.6092 0.3368 0.0000 0.0541
003560 0.6024 0.3424 0.0000 0.0552
003580 0.5993 0.3474 0.0000 0.0533
003600 0.5966 0.3489 0.0000 0.0546
003620 0.5980 0.3486 0.0000 0.0533
003640 0.5999 0.3465 0.0000 0.0536
003660 0.5954 0.3489 0.0000 0.0557
003680 0.5903 0.3542 0.0000 0.0554
003700 0.5894 0.3574 0.0000 0.0532
003720 0.5931 0.3537 0.0000 0.0533
003740 0.5959 0.3507 0.0000 0.0534
003760 0.5961 0.3507 0.0000 0.0532
003780 0.5995 0.3476 0.0000 0.0529
003800 0.5965 0.3466 0.0000 0.0570
003820 0.5883 0.3558 0.0000 0.0559
003840 0.5863 0.3595 0.0000 0.0543
003860 0.5894 0.3586 0.0000 0.0520
003880 0.5944 0.3544 0.0000 0.0512
003900 0.6014 0.3480 0.0000 0.0506
003920 0.6052 0.3421 0.0000 0.0527
003940 0.6058 0.3401 0.0000 0.0540
003960 0.6057 0.3409 0.0000 0.0534
003980 0.6057 0.3415 0.0000 0.0528
004000 0.6021 0.3442 0.0000 0.0537
004020 0.6010 0.3460 0.0000 0.0530
004040 0.5987 0.3479 0.0000 0.0535
004060 0.5972 0.3495 0.0000 0.0533
004080 0.6041 0.3459 0.0000 0.0500
004100 0.6133 0.3380 0.0000 0.0488
004120 0.6157 0.3336 0.0000 0.0507
004140 0.6164 0.3327 0.0000 0.0509
004160 0.6148 0.3344 0.0000 0.0508
004180 0.6091 0.3376 0.0000 0.0533
004200 0.6036 0.3409 0.0000 0.0554
004220 0.5976 0.3467 0.0000 0.0556
004240 0.5934 0.3516 0.0000 0.0549
004260 0.5879 0.3568 0.0000 0.0553
004280 0.5909 0.3564 0.0000 0.0527
004300 0.5959 0.3513 0.0000 0.0528
004320 0.5971 0.3499 0.0000 0.0530
004340 0.5957 0.3510 0.0000 0.0533
004360 0.5979 0.3495 0.0000 0.0526
004380 0.5955 0.3501 0.0000 0.0544
004400 0.5949 0.3508 0.0000 0.0542
004420 0.5968 0.3510 0.0000 0.0523
004440 0.6020 0.3462 0.0000 0.0517
004460 0.6061 0.3407 0.0000 0.0532
004480 0.6042 0.3401 0.0000 0.0558
004500 0.5955 0.3476 0.0000 0.0569
004520 0.5873 0.3552 0.0000 0.0575
004540 0.5736 0.3683 0.0000 0.0581
004560 0.5715 0.3737 0.0000 0.0548
004580 0.5783 0.3685 0.0000 0.0532
004600 0.5943 0.3538 0.0000 0.0519
004620 0.6072 0.3424 0.0000 0.0504
004640 0.6127 0.3363 0.0000 0.0510
004660 0.6137 0.3334 0.0000 0.0529
004680 0.6011 0.3411 0.0000 0.0578
004700 0.5882 0.3542 0.0000 0.0576
004720 0.5765 0.3644 0.0000 0.0591
004740 0.5710 0.3732 0.0000 0.0558
004760 0.5809 0.3680 0.0000 0.0511
004780 0.5895 0.3577 0.0000 0.0528
004800 0.5951 0.3509 0.0000 0.0541
004820 0.5972 0.3506 0.0000 0.0522
004840 0.5932 0.3503 0.0000 0.0565
004860 0.5938 0.3540 0.0000 0.0522
004880 0.6025 0.3467 0.0000 0.0509
004900 0.6042 0.3436 0.0000 0.0522
004920 0.6013 0.3436 0.0000 0.0551
004940 0.5935 0.3513 0.0000 0.0552
004960 0.5881 0.3566 0.0000 0.0553
004980 0.5865 0.3578 0.0000 0.0557
005000 0.5846 0.3606 0.0000 0.0548
005020 0.5894 0.3568 0.0000 0.0538
005040 0.5918 0.3550 0.0000 0.0532
005060 0.5940 0.3536 0.0000 0.0525
005080 0.5976 0.3497 0.0000 0.0527
005100 0.5990 0.3483 0.0000 0.0528
005120 0.5929 0.3521 0.0000 0.0550
005140 0.5945 0.3508 0.0000 0.0547
005160 0.5930 0.3500 0.0000 0.0569
005180 0.5908 0.3549 0.0000 0.0542
005200 0.5959 0.3509 0.0000 0.0532
005220 0.6030 0.3456 0.0000 0.0514
005240 0.6111 0.3392 0.0000 0.0496
005260 0.6136 0.3331 0.0000 0.0534
005280 0.6042 0.3388 0.0000 0.0569
005300 0.5906 0.3516 0.0000 0.0578
005320 0.5848 0.3594 0.0000 0.0558
005340 0.5819 0.3633 0.0000 0.0549
005360 0.5860 0.3626 0.0000 0.0514
005380 0.5979 0.3525 0.0000 0.0496
005400 0.6077 0.3414 0.0000 0.0509
005420 0.6079 0.3371 0.0000 0.0551
005440 0.6009 0.3427 0.0000 0.0565
005460 0.5930 0.3511 0.0000 0.0558
005480 0.5875 0.3566 0.0000 0.0559
005500 0.5860 0.3612 0.0000 0.0528
005520 0.5962 0.3522 0.0000 0.0516
005540 0.6047 0.3440 0.0000 0.0513
005560 0.6050 0.3408 0.0000 0.0542
005580 0.5984 0.3450 0.0000 0.0566
005600 0.5918 0.3519 0.0000 0.0563
005620 0.5906 0.3539 0.0000 0.0556
005640 0.5896 0.3556 0.0000 0.0548
005660 0.5885 0.3590 0.0000 0.0525
005680 0.5889 0.3578 0.0000 0.0533
005700 0.5928 0.3548 0.0000 0.0524
005720 0.5958 0.3511 0.0000 0.0530
005740 0.5945 0.3498 0.0000 0.0557
005760 0.5876 0.3555 0.0000 0.0569
005780 0.5852 0.3609 0.0000 0.0539
005800 0.5928 0.3553 0.0000 0.0519
005820 0.5987 0.3484 0.0000 0.0529
005840 0.6036 0.3439 0.0000 0.0524
005860 0.6030 0.3432 0.0000 0.0538
005880 0.6035 0.3428 0.0000 0.0537
005900 0.6031 0.3430 0.0000 0.0539
005920 0.6003 0.3450 0.0000 0.0548
005940 0.5968 0.3492 0.0000 0.0540
005960 0.5896 0.3537 0.0000 0.0567
005980 0.5854 0.3592 0.0000 0.0554
006000 0.5846 0.3601 0.0000 0.0553
006020 0.5882 0.3564 0.0000 0.0554
006040 0.5894 0.3573 0.0000 0.0533
006060 0.5941 0.3535 0.0000 0.0525
006080 0.5975 0.3505 0.0000 0.0521
006100 0.5997 0.3462 0.0000 0.0541
006120 0.5977 0.3467 0.0000 0.0556
006140 0.5944 0.3509 0.0000 0.0547
006160 0.5892 0.3554 0.0000 0.0554
006180 0.5940 0.3546 0.0000 0.0514
006200 0.5955 0.3521 0.0000 0.0524
006220 0.5967 0.3503 0.0000 0.0529
006240 0.5988 0.3496 0.0000 0.0516
006260 0.6012 0.3452 0.0000 0.0536
006280 0.6019 0.3443 0.0000 0.0538
006300 0.6009 0.3453 0.0000 0.0538
006320 0.5987 0.3482 0.0000 0.0531
006340 0.6010 0.3473 0.0000 0.0517
006360 0.6004 0.3473 0.0000 0.0523
006380 0.6038 0.3438 0.0000 0.0524
006400 0.6018 0.3450 0.0000 0.0532
006420 0.5955 0.3498 0.0000 0.0547
006440 0.5974 0.3505 0.0000 0.0521
006460 0.6033 0.3460 0.0000 0.0507
006480 0.6085 0.3396 0.0000 0.0519
006500 0.6072 0.3377 0.0000 0.0551
006520 0.6069 0.3385 0.0000 0.0546
006540 0.6045 0.3407 0.0000 0.0548
006560 0.5965 0.3482 0.0000 0.0552
006580 0.5972 0.3520 0.0000 0.0508
006600 0.5977 0.3491 0.0000 0.0533
006620 0.5988 0.3489 0.0000 0.0523
006640 0.6009 0.3462 0.0000 0.0529
006660 0.6014 0.3466 0.0000 0.0520
006680 0.6053 0.3432 0.0000 0.0515
006700 0.6074 0.3406 0.0000 0.0520
006720 0.6016 0.3444 0.0000 0.0540
006740 0.5939 0.3493 0.0000 0.0568
006760 0.5882 0.3541 0.0000 0.0577
006780 0.5835 0.3604 0.0000 0.0561
006800 0.5888 0.3580 0.0000 0.0532
006820 0.5944 0.3535 0.0000 0.0521
006840 0.5979 0.3488 0.0000 0.0533
006860 0.5974 0.3481 0.0000 0.0545
006880 0.5997 0.3470 0.0000 0.0533
006900 0.5980 0.3493 0.0000 0.0527
006920 0.5976 0.3489 0.0000 0.0535
006940 0.5999 0.3480 0.0000 0.0521
006960 0.6032 0.3455 0.0000 0.0513
006980 0.6043 0.3430 0.0000 0.0527
007000 0.6003 0.3438 0.0000 0.0560
007020 0.5967 0.3487 0.0000 0.0546
007040 0.5964 0.3502 0.0000 0.0535
007060 0.5935 0.3520 0.0000 0.0546
007080 0.5966 0.3499 0.0000 0.0535
007100 0.5997 0.3485 0.0000 0.0518
007120 0.5995 0.3471 0.0000 0.0534
007140 0.5956 0.3476 0.0000 0.0567
007160 0.5858 0.3569 0.0000 0.0573
007180 0.5851 0.3635 0.0000 0.0514
007200 0.5913 0.3578 0.0000 0.0509
007220 0.5999 0.3502 0.0000 0.0499
007240 0.6105 0.3388 0.0000 0.0507
007260 0.6148 0.3334 0.0000 0.0519
007280 0.6139 0.3334 0.0000 0.0528
007300 0.6062 0.3406 0.0000 0.0532
007320 0.5964 0.3486 0.0000 0.0550
007340 0.5941 0.3499 0.0000 0.0560
007360 0.5872 0.3576 0.0000 0.0552
007380 0.5866 0.3607 0.0000 0.0527
007400 0.5927 0.3562 0.0000 0.0512
007420 0.5970 0.3508 0.0000 0.0521
007440 0.6016 0.3460 0.0000 0.0524
007460 0.6068 0.3426 0.0000 0.0506
007480 0.6069 0.3385 0.0000 0.0546
007500 0.6049 0.3400 0.0000 0.0550
007520 0.5977 0.3475 0.0000 0.0547
007540 0.5916 0.3515 0.0000 0.0569
007560 0.5859 0.3581 0.0000 0.0559
007580 0.5812 0.3630 0.0000 0.0558
007600 0.5847 0.3638 0.0000 0.0515
007620 0.5972 0.3536 0.0000 0.0493
007640 0.6106 0.3399 0.0000 0.0495
007660 0.6122 0.3350 0.0000 0.0529
007680 0.6078 0.3368 0.0000 0.0554
007700 0.6015 0.3428 0.0000 0.0557
007720 0.5890 0.3540 0.0000 0.0570
007740 0.5812 0.3609 0.0000 0.0579
007760 0.5750 0.3666 0.0000 0.0584
007780 0.5808 0.3686 0.0000 0.0506
007800 0.5947 0.3565 0.0000 0.0488
007820 0.6060 0.3428 0.0000 0.0512
007840 0.6127 0.3354 0.0000 0.0519
007860 0.6104 0.3355 0.0000 0.0541
007880 0.6060 0.3409 0.0000 0.0531
007900 0.5997 0.3463 0.0000 0.0540
007920 0.5951 0.3500 0.0000 0.0549
007940 0.5931 0.3527 0.0000 0.0542
007960 0.5944 0.3521 0.0000 0.0535
007980 0.5985 0.3499 0.0000 0.0516
008000 0.5981 0.3495 0.0000 0.0525
008020 0.5960 0.3483 0.0000 0.0556
008040 0.5890 0.3553 0.0000 0.0557
008060 0.5832 0.3617 0.0000 0.0551
008080 0.5853 0.3624 0.0000 0.0522
008100 0.5924 0.3551 0.0000 0.0525
008120 0.5980 0.3510 0.0000 0.0510
008140 0.6046 0.3454 0.0000 0.0501
008160 0.6105 0.3402 0.0000 0.0493
008180 0.6139 0.3338 0.0000 0.0523
008200 0.6117 0.3335 0.0000 0.0547
008220 0.6018 0.3412 0.0000 0.0570
008240 0.5916 0.3517 0.0000 0.0566
008260 0.5898 0.3566 0.0000 0.0536
008280 0.5954 0.3537 0.0000 0.0509
008300 0.6034 0.3463 0.0000 0.0503
008320 0.6149 0.3351 0.0000 0.0500
008340 0.6171 0.3311 0.0000 0.0518
008360 0.6132 0.3311 0.0000 0.0557
008380 0.6005 0.3414 0.0000 0.0581
008400 0.5907 0.3531 0.0000 0.0562
008420 0.5864 0.3600 0.0000 0.0536
008440 0.5858 0.3603 0.0000 0.0539
008460 0.5929 0.3553 0.0000 0.0518
008480 0.5987 0.3508 0.0000 0.0505
008500 0.6085 0.3415 0.0000 0.0500
008520 0.6076 0.3381 0.0000 0.0543
008540 0.6019 0.3416 0.0000 0.0564
008560 0.5954 0.3487 0.0000 0.0559
008580 0.5887 0.3565 0.0000 0.0548
008600 0.5825 0.3631 0.0000 0.0544
008620 0.5846 0.3612 0.0000 0.0543
008640 0.5933 0.3542 0.0000 0.0525
008660 0.5995 0.3470 0.0000 0.0536
008680 0.5977 0.3476 0.0000 0.0547
008700 0.5953 0.3513 0.0000 0.0534
008720 0.5987 0.3493 0.0000 0.0520
008740 0.5963 0.3492 0.0000 0.0545
008760 0.5926 0.3516 0.0000 0.0558
008780 0.5918 0.3553 0.0000 0.0528
008800 0.5946 0.3504 0.0000 0.0550
008820 0.5947 0.3514 0.0000 0.0539
008840 0.5946 0.3522 0.0000 0.0532
008860 0.5914 0.3542 0.0000 0.0544
008880 0.5928 0.3540 0.0000 0.0532
008900 0.5925 0.3528 0.0000 0.0547
008920 0.5920 0.3560 0.0000 0.0520
008940 0.6000 0.3489 0.0000 0.0511
008960 0.5999 0.3450 0.0000 0.0551
008980 0.5961 0.3500 0.0000 0.0539
009000 0.5959 0.3489 0.0000 0.0552
009020 0.5958 0.3508 0.0000 0.0534
009040 0.6015 0.3458 0.0000 0.0527
009060 0.6041 0.3429 0.0000 0.0530
009080 0.6058 0.3426 0.0000 0.0516
009100 0.6054 0.3422 0.0000 0.0524
009120 0.6027 0.3432 0.0000 0.0541
009140 0.5968 0.3480 0.0000 0.0551
009160 0.5885 0.3546 0.0000 0.0569
009180 0.5841 0.3608 0.0000 0.0551
009200 0.5863 0.3593 0.0000 0.0544
009220 0.5896 0.3569 0.0000 0.0535
009240 0.5992 0.3509 0.0000 0.0499
009260 0.6107 0.3393 0.0000 0.0501
009280 0.6102 0.3348 0.0000 0.0550
009300 0.5984 0.3431 0.0000 0.0585
009320 0.5883 0.3553 0.0000 0.0564
009340 0.5868 0.3605 0.0000 0.0527
009360 0.5970 0.3516 0.0000 0.0514
009380 0.6032 0.3444 0.0000 0.0524
009400 0.6077 0.3404 0.0000 0.0518
009420 0.6052 0.3397 0.0000 0.0551
009440 0.5967 0.3480 0.0000 0.0553
009460 0.5924 0.3548 0.0000 0.0528
009480 0.5900 0.3553 0.0000 0.0547
009500 0.5931 0.3545 0.0000 0.0524
009520 0.6016 0.3479 0.0000 0.0505
009540 0.6051 0.3420 0.0000 0.0529
009560 0.6073 0.3401 0.0000 0.0525
009580 0.6099 0.3380 0.0000 0.0521
009600 0.6092 0.3368 0.0000 0.0540
009620 0.6009 0.3407 0.0000 0.0584
009640 0.5870 0.3551 0.0000 0.0579
009660 0.5860 0.3616 0.0000 0.0524
009680 0.5938 0.3537 0.0000 0.0525
009700 0.5966 0.3498 0.0000 0.0536
009720 0.5994 0.3481 0.0000 0.0525
009740 0.6055 0.3433 0.0000 0.0512
009760 0.6050 0.3420 0.0000 0.0531
009780 0.6016 0.3446 0.0000 0.0538
009800 0.6001 0.3461 0.0000 0.0538
009820 0.5966 0.3499 0.0000 0.0535
009840 0.5978 0.3478 0.0000 0.0544
009860 0.5952 0.3499 0.0000 0.0549
009880 0.5902 0.3542 0.0000 0.0556
009900 0.5936 0.3542 0.0000 0.0522
009920 0.5969 0.3510 0.0000 0.0521
009940 0.6029 0.3469 0.0000 0.0502
009960 0.6088 0.3395 0.0000 0.0518
009980 0.6073 0.3384 0.0000 0.0543
010000 0.5986 0.3433 0.0000 0.0581
010020 0.5875 0.3555 0.0000 0.0571
010040 0.5858 0.3612 0.0000 0.0530
010060 0.5868 0.3588 0.0000 0.0544
010080 0.5941 0.3545 0.0000 0.0514
010100 0.5941 0.3545 0.0000 0.0514
010120 0.5941 0.3545 0.0000 0.0514
010140 0.5941 0.3545 0.0000 0.0514
010160 0.5941 0.3545 0.0000 0.0514
010180 0.5941 0.3545 0.0000 0.0514
010200 0.5941 0.3545 0.0000 0.0514
010220 0.5941 0.3545 0.0000 0.0514
010240 0.5941 0.3545 0.0000 0.0514
010260 0.5941 0.3545 0.0000 0.0514
010280 0.5941 0.3545 0.0000 0.0514
010300 0.5941 0.3545 0.0000 0.0514
010320 0.5941 0.3545 0.0000 0.0514
010340 0.5941 0.3545 0.0000 0.0514
010360 0.5941 0.3545 0.0000 0.0514
010380 0.5941 0.3545 0.0000 0.0514
010400 0.5941 0.3545 0.0000 0.0514
010420 0.5941 0.3545 0.0000 0.0514
010440 0.5941 0.3545 0.0000 0.0514
010460 0.5941 0.3545 0.0000 0.0514
010480 0.5941 0.3545 0.0000 0.0514
010500 0.5941 0.3545 0.0000 0.0514
010520 0.5941 0.3545 0.0000 0.0514
010540 0.5941 0.3545 0.0000 0.0514
010560 0.5941 0.3545 0.0000 0.0514
010580 0.5941 0.3545 0.0000 0.0514
010600 0.5941 0.3545 0.0000 0.0514
010620 0.5941 0.3545 0.0000 0.0514
010640 0.5941 0.3545 0.0000 0.0514
010660 0.5941 0.3545 0.0000 0.0514
010680 0.5941 0.3545 0.0000 0.0514
010700 0.5941 0.3545 0.0000 0.0514
010720 0.5941 0.3545 0.0000 0.0514
010740 0.5941 0.3545 0.0000 0.0514
010760 0.5941 0.3545 0.0000 0.0514
010780 0.5941 0.3545 0.0000 0.0514
010800 0.5941 0.3545 0.0000 0.0514
010820 0.5941 0.3545 0.0000 0.0514
010840 0.5941 0.3545 0.0000 0.0514
010860 0.5941 0.3545 0.0000 0.0514
010880 0.5941 0.3545 0.0000 0.0514
010900 0.5941 0.3545 0.0000 0.0514
010920 0.5941 0.3545 0.0000 0.0514
010940 0.5941 0.3545 0.0000 0.0514
010960 0.5941 0.3545 0.0000 0.0514
010980 0.5941 0.3545 0.0000 0.0514
011000 0.5941 0.3545 0.0000 0.0514
011020 0.5941 0.3545 0.0000 0.0514
011040 0.5941 0.3545 0.0000 0.0514
011060 0.5941 0.3545 0.0000 0.0514
011080 0.5941 0.3545 0.0000 0.0514
011100 0.5941 0.3545 0.0000 0.0514
011120 0.5941 0.3545 0.0000 0.0514
011140 0.5941 0.3545 0.0000 0.0514
011160 0.5941 0.3545 0.0000 0.0514
011180 0.5941 0.3545 0.0000 0.0514
011200 0.5941 0.3545 0.0000 0.0514
011220 0.5941 0.3545 0.0000 0.0514
011240 0.5941 0.3545 0.0000 0.0514
011260 0.5941 0.3545 0.0000 0.0514
011280 0.5941 0.3545 0.0000 0.0514
011300 0.5941 0.3545 0.0000 0.0514
011320 0.5941 0.3545 0.0000 0.0514
011340 0.5941 0.3545 0.0000 0.0514
011360 0.5941 0.3545 0.0000 0.0514
011380 0.5941 0.3545 0.0000 0.0514
011400 0.5941 0.3545 0.0000 0.0514
011420 0.5941 0.3545 0.0000 0.0514
011440 0.5941 0.3545 0.0000 0.0514
011460 0.5941 0.3545 0.0000 0.0514
011480 0.5941 0.3545 0.0000 0.0514
011500 0.5941 0.3545 0.0000 0.0514
011520 0.5941 0.3545 0.0000 0.0514
011540 0.5941 0.3545 0.0000 0.0514
011560 0.5941 0.3545 0.0000 0.0514
011580 0.5941 0.3545 0.0000 0.0514
011600 0.5941 0.3545 0.0000 0.0514
011620 0.5941 0.3545 0.0000 0.0514
011640 0.5941 0.3545 0.0000 0.0514
011660 0.5941 0.3545 0.0000 0.0514
011680 0.5941 0.3545 0.0000 0.0514
011700 0.5941 0.3545 0.0000 0.0514
011720 0.5941 0.3545 0.0000 0.0514
011740 0.5941 0.3545 0.0000 0.0514
011760 0.5941 0.3545 0.0000 0.0514
011780 0.5941 0.3545 0.0000 0.0514
011800 0.5941 0.3545 0.0000 0.0514
011820 0.5941 0.3545 0.0000 0.0514
011840 0.5941 0.3545 0.0000 0.0514
011860 0.5941 0.3545 0.0000 0.0514
011880 0.5941 0.3545 0.0000 0.0514
011900 0.5941 0.3545 0.0000 0.0514
011920 0.5941 0.3545 0.0000 0.0514
011940 0.5941 0.3545 0.0000 0.0514
011960 0.5941 0.3545 0.0000 0.0514
011980 0.5941 0.3545 0.0000 0.0514
012000 0.5941 0.3545 0.0000 0.0514
012020 0.5941 0.3545 0.0000 0.0514
012040 0.5941 0.3545 0.0000 0.0514
012060 0.5941 0.3545 0.0000 0.0514
012080 0.5941 0.3545 0.0000 0.0514
012100 0.5941 0.3545 0.0000 0.0514
012120 0.5941 0.3545 0.0000 0.0514
012140 0.5941 0.3545 0.0000 0.0514
012160 0.5941 0.3545 0.0000 0.0514
012180 0.5941 0.3545 0.0000 0.0514
012200 0.5941 0.3545 0.0000 0.0514
012220 0.5941 0.3545 0.0000 0.0514
012240 0.5941 0.3545 0.0000 0.0514
012260 0.5941 0.3545 0.0000 0.0514
012280 0.5941 0.3545 0.0000 0.0514
012300 0.5941 0.3545 0.0000 0.0514
012320 0.5941 0.3545 0.0000 0.0514
012340 0.5941 0.3545 0.0000 0.0514
012360 0.5941 0.3545 0.0000 0.0514
012380 0.5941 0.3545 0.0000 0.0514
012400 0.5941 0.3545 0.0000 0.0514
012420 0.5941 0.3545 0.0000 0.0514
012440 0.5941 0.3545 0.0000 0.0514
012460 0.5941 0.3545 0.0000 0.0514
012480 0.5941 0.3545 0.0000 0.0514
012500 0.5941 0.3545 0.0000 0.0514
012520 0.5941 0.3545 0.0000 0.0514
012540 0.5941 0.3545 0.0000 0.0514
012560 0.5941 0.3545 0.0000 0.0514
012580 0.5941 0.3545 0.0000 0.0514
012600 0.5941 0.3545 0.0000 0.0514
012620 0.5941 0.3545 0.0000 0.0514
012640 0.5941 0.3545 0.0000 0.0514
012660 0.5941 0.3545 0.0000 0.0514
012680 0.5941 0.3545 0.0000 0.0514
012700 0.5941 0.3545 0.0000 0.0514
012720 0.5941 0.3545 0.0000 0.0514
012740 0.5941 0.3545 0.0000 0.0514
012760 0.5941 0.3545 0.0000 0.0514
012780 0.5941 0.3545 0.0000 0.0514
012800 0.5941 0.3545 0.0000 0.0514
012820 0.5941 0.3545 0.0000 0.0514
012840 0.5941 0.3545 0.0000 0.0514
012860 0.5941 0.3545 0.0000 0.0514
012880 0.5941 0.3545 0.0000 0.0514
012900 0.5941 0.3545 0.0000 0.0514
012920 0.5941 0.3545 0.0000 0.0514
012940 0.5941 0.3545 0.0000 0.0514
012960 0.5941 0.3545 0.0000 0.0514
012980 0.5941 0.3545 0.0000 0.0514
013000 0.5941 0.3545 0.0000 0.0514
013020 0.5941 0.3545 0.0000 0.0514
013040 0.5941 0.3545 0.0000 0.0514
013060 0.5941 0.3545 0.0000 0.0514
013080 0.5941 0.3545 0.0000 0.0514
013100 0.5941 0.3545 0.0000 0.0514
013120 0.5941 0.3545 0.0000 0.0514
013140 0.5941 0.3545 0.0000 0.0514
013160 0.5941 0.3545 0.0000 0.0514
013180 0.5941 0.3545 0.0000 0.0514
013200 0.5941 0.3545 0.0000 0.0514
013220 0.5941 0.3545 0.0000 0.0514
013240 0.5941 0.3545 0.0000 0.0514
013260 0.5941 0.3545 0.0000 0.0514
013280 0.5941 0.3545 0.0000 0.0514
013300 0.5941 0.3545 0.0000 0.0514
013320 0.5941 0.3545 0.0000 0.0514
013340 0.5941 0.3545 0.0000 0.0514
013360 0.5941 0.3545 0.0000 0.0514
013380 0.5941 0.3545 0.0000 0.0514
013400 0.5941 0.3545 0.0000 0.0514
013420 0.5941 0.3545 0.0000 0.0514
013440 0.5941 0.3545 0.0000 0.0514
013460 0.5941 0.3545 0.0000 0.0514
013480 0.5941 0.3545 0.0000 0.0514
013500 0.5941 0.3545 0.0000 0.0514
013520 0.5941 0.3545 0.0000 0.0514
013540 0.5941 0.3545 0.0000 0.0514
013560 0.5941 0.3545 0.0000 0.0514
013580 0.5941 0.3545 0.0000 0.0514
013600 0.5941 0.3545 0.0000 0.0514
013620 0.5941 0.3545 0.0000 0.0514
013640 0.5941 0.3545 0.0000 0.0514
013660 0.5941 0.3545 0.0000 0.0514
013680 0.5941 0.3545 0.0000 0.0514
013700 0.5941 0.3545 0.0000 0.0514
013720 0.5941 0.3545 0.0000 0.0514
013740 0.5941 0.3545 0.0000 0.0514
013760 0.5941 0.3545 0.0000 0.0514
013780 0.5941 0.3545 0.0000 0.0514
013800 0.5941 0.3545 0.0000 0.0514
013820 0.5941 0.3545 0.0000 0.0514
013840 0.5941 0.3545 0.0000 0.0514
013860 0.5941 0.3545 0.0000 0.0514
013880 0.5941 0.3545 0.0000 0.0514
013900 0.5941 0.3545 0.0000 0.0514
013920 0.5941 0.3545 0.0000 0.0514
013940 0.5941 0.3545 0.0000 0.0514
013960 0.5941 0.3545 0.0000 0.0514
013980 0.5941 0.3545 0.0000 0.0514
014000 0.5941 0.3545 0.0000 0.0514
014020 0.5941 0.3545 0.0000 0.0514
014040 0.5941 0.3545 0.0000 0.0514
014060 0.5941 0.3545 0.0000 0.0514
014080 0.5941 0.3545 0.0000 0.0514
014100 0.5941 0.3545 0.0000 0.0514
014120 0.5941 0.3545 0.0000 0.0514
014140 0.5941 0.3545 0.0000 0.0514
014160 0.5941 0.3545 0.0000 0.0514
014180 0.5941 0.3545 0.0000 0.0514
014200 0.5941 0.3545 0.0000 0.0514
014220 0.5941 0.3545 0.0000 0.0514
014240 0.5941 0.3545 0.0000 0.0514
014260 0.5941 0.3545 0.0000 0.0514
014280 0.5941 0.3545 0.0000 0.0514
014300 0.5941 0.3545 0.0000 0.0514
014320 0.5941 0.3545 0.0000 0.0514
014340 0.5941 0.3545 0.0000 0.0514
014360 0.5941 0.3545 0.0000 0.0514
014380 0.5941 0.3545 0.0000 0.0514
014400 0.5941 0.3545 0.0000 0.0514
014420 0.5941 0.3545 0.0000 0.0514
014440 0.5941 0.3545 0.0000 0.0514
014460 0.5941 0.3545 0.0000 0.0514
014480 0.5941 0.3545 0.0000 0.0514
014500 0.5941 0.3545 0.0000 0.0514
014520 0.5941 0.3545 0.0000 0.0514
014540 0.5941 0.3545 0.0000 0.0514
014560 0.5941 0.3545 0.0000 0.0514
014580 0.5941 0.3545 0.0000 0.0514
014600 0.5941 0.3545 0.0000 0.0514
014620 0.5941 0.3545 0.0000 0.0514
014640 0.5941 0.3545 0.0000 0.0514
014660 0.5941 0.3545 0.0000 0.0514
014680 0.5941 0.3545 0.0000 0.0514
014700 0.5941 0.3545 0.0000 0.0514
014720 0.5941 0.3545 0.0000 0.0514
014740 0.5941 0.3545 0.0000 0.0514
014760 0.5941 0.3545 0.0000 0.0514
014780 0.5941 0.3545 0.0000 0.0514
014800 0.5941 0.3545 0.0000 0.0514
014820 0.5941 0.3545 0.0000 0.0514
014840 0.5941 0.3545 0.0000 0.0514
014860 0.5941 0.3545 0.0000 0.0514
014880 0.5941 0.3545 0.0000 0.0514
014900 0.5941 0.3545 0.0000 0.0514
014920 0.5941 0.3545 0.0000 0.0514
014940 0.5941 0.3545 0.0000 0.0514
014960 0.5941 0.3545 0.0000 0.0514
014980 0.5941 0.3545 0.0000 0.0514
015000 0.5941 0.3545 0.0000 0.0514
015020 0.5941 0.3545 0.0000 0.0514
015040 0.5941 0.3545 0.0000 0.0514
015060 0.5941 0.3545 0.0000 0.0514
015080 0.5941 0.3545 0.0000 0.0514
015100 0.5941 0.3545 0.0000 0.0514
015120 0.5941 0.3545 0.0000 0.0514
015140 0.5941 0.3545 0.0000 0.0514
015160 0.5941 0.3545 0.0000 0.0514
015180 0.5941 0.3545 0.0000 0.0514
015200 0.5941 0.3545 0.0000 0.0514
015220 0.5941 0.3545 0.0000 0.0514
015240 0.5941 0.3545 0.0000 0.0514
015260 0.5941 0.3545 0.0000 0.0514
015280 0.5941 0.3545 0.0000 0.0514
015300 0.5941 0.3545 0.0000 0.0514
015320 0.5941 0.3545 0.0000 0.0514
015340 0.5941 0.3545 0.0000 0.0514
015360 0.5941 0.3545 0.0000 0.0514
015380 0.5941 0.3545 0.0000 0.0514
015400 0.5941 0.3545 0.0000 0.0514
015420 0.5941 0.3545 0.0000 0.0514
015440 0.5941 0.3545 0.0000 0.0514
015460 0.5941 0.3545 0.0000 0.0514
015480 0.5941 0.3545 0.0000 0.0514
015500 0.5941 0.3545 0.0000 0.0514
015520 0.5941 0.3545 0.0000 0.0514
015540 0.5941 0.3545 0.0000 0.0514
015560 0.5941 0.3545 0.0000 0.0514
015580 0.5941 0.3545 0.0000 0.0514
015600 0.5941 0.3545 0.0000 0.0514
015620 0.5941 0.3545 0.0000 0.0514
015640 0.5941 0.3545 0.0000 0.0514
015660 0.5941 0.3545 0.0000 0.0514
015680 0.5941 0.3545 0.0000 0.0514
015700 0.5941 0.3545 0.0000 0.0514
015720 0.5941 0.3545 0.0000 0.0514
015740 0.5941 0.3545 0.0000 0.0514
015760 0.5941 0.3545 0.0000 0.0514
015780 0.5941 0.3545 0.0000 0.0514
015800 0.5941 0.3545 0.0000 0.0514
015820 0.5941 0.3545 0.0000 0.0514
015840 0.5941 0.3545 0.0000 0.0514
015860 0.5941 0.3545 0.0000 0.0514
015880 0.5941 0.3545 0.0000 0.0514
015900 0.5941 0.3545 0.0000 0.0514
015920 0.5941 0.3545 0.0000 0.0514
015940 0.5941 0.3545 0.0000 0.0514
015960 0.5941 0.3545 0.0000 0.0514
015980 0.5941 0.3545 0.0000 0.0514
016000 0.5941 0.3545 0.0000 0.0514
016020 0.5941 0.3545 0.0000 0.0514
016040 0.5941 0.3545 0.0000 0.0514
016060 0.5941 0.3545 0.0000 0.0514
016080 0.5941 0.3545 0.0000 0.0514
016100 0.5941 0.3545 0.0000 0.0514
016120 0.5941 0.3545 0.0000 0.0514
016140 0.5941 0.3545 0.0000 0.0514
016160 0.5941 0.3545 0.0000 0.0514
016180 0.5941 0.3545 0.0000 0.0514
016200 0.5941 0.3545 0.0000 0.0514
016220 0.5941 0.3545 0.0000 0.0514
016240 0.5941 0.3545 0.0000 0.0514
016260 0.5941 0.3545 0.0000 0.0514
016280 0.5941 0.3545 0.0000 0.0514
016300 0.5941 0.3545 0.0000 0.0514
016320 0.5941 0.3545 0.0000 0.0514
016340 0.5941 0.3545 0.0000 0.0514
016360 0.5941 0.3545 0.0000 0.0514
016380 0.5941 0.3545 0.0000 0.0514
016400 0.5941 0.3545 0.0000 0.0514
016420 0.5941 0.3545 0.0000 0.0514
016440 0.5941 0.3545 0.0000 0.0514
016460 0.5941 0.3545 0.0000 0.0514
016480 0.5941 0.3545 0.0000 0.0514
016500 0.5941 0.3545 0.0000 0.0514
016520 0.5941 0.3545 0.0000 0.0514
016540 0.5941 0.3545 0.0000 0.0514
016560 0.5941 0.3545 0.0000 0.0514
016580 0.5941 0.3545 0.0000 0.0514
016600 0.5941 0.3545 0.0000 0.0514
016620 0.5941 0.3545 0.0000 0.0514
016640 0.5941 0.3545 0.0000 0.0514
016660 0.5941 0.3545 0.0000 0.0514
016680 0.5941 0.3545 0.0000 0.0514
016700 0.5941 0.3545 0.0000 0.0514
016720 0.5941 0.3545 0.0000 0.0514
016740 0.5941 0.3545 0.0000 0.0514
016760 0.5941 0.3545 0.0000 0.0514
016780 0.5941 0.3545 0.0000 0.0514
016800 0.5941 0.3545 0.0000 0.0514
016820 0.5941 0.3545 0.0000 0.0514
016840 0.5941 0.3545 0.0000 0.0514
016860 0.5941 0.3545 0.0000 0.0514
016880 0.5941 0.3545 0.0000 0.0514
016900 0.5941 0.3545 0.0000 0.0514
016920 0.5941 0.3545 0.0000 0.0514
016940 0.5941 0.3545 0.0000 0.0514
016960 0.5941 0.3545 0.0000 0.0514
016980 0.5941 0.3545 0.0000 0.0514
017000 0.5941 0.3545 0.0000 0.0514
017020 0.5941 0.3545 0.0000 0.0514
017040 0.5941 0.3545 0.0000 0.0514
017060 0.5941 0.3545 0.0000 0.0514
017080 0.5941 0.3545 0.0000 0.0514
017100 0.5941 0.3545 0.0000 0.0514
017120 0.5941 0.3545 0.0000 0.0514
017140 0.5941 0.3545 0.0000 0.0514
017160 0.5941 0.3545 0.0000 0.0514
017180 0.5941 0.3545 0.0000 0.0514
017200 0.5941 0.3545 0.0000 0.0514
017220 0.5941 0.3545 0.0000 0.0514
017240 0.5941 0.3545 0.0000 0.0514
017260 0.5941 0.3545 0.0000 0.0514
017280 0.5941 0.3545 0.0000 0.0514
017300 0.5941 0.3545 0.0000 0.0514
017320 0.5941 0.3545 0.0000 0.0514
017340 0.5941 0.3545 0.0000 0.0514
017360 0.5941 0.3545 0.0000 0.0514
017380 0.5941 0.3545 0.0000 0.0514
017400 0.5941 0.3545 0.0000 0.0514
017420 0.5941 0.3545 0.0000 0.0514
017440 0.5941 0.3545 0.0000 0.0514
017460 0.5941 0.3545 0.0000 0.0514
017480 0.5941 0.3545 0.0000 0.0514
017500 0.5941 0.3545 0.0000 0.0514
017520 0.5941 0.3545 0.0000 0.0514
017540 0.5941 0.3545 0.0000 0.0514
017560 0.5941 0.3545 0.0000 0.0514
017580 0.5941 0.3545 0.0000 0.0514
017600 0.5941 0.3545 0.0000 0.0514
017620 0.5941 0.3545 0.0000 0.0514
017640 0.5941 0.3545 0.0000 0.0514
017660 0.5941 0.3545 0.0000 0.0514
017680 0.5941 0.3545 0.0000 0.0514
017700 0.5941 0.3545 0.0000 0.0514
017720 0.5941 0.3545 0.0000 0.0514
017740 0.5941 0.3545 0.0000 0.0514
017760 0.5941 0.3545 0.0000 0.0514
017780 0.5941 0.3545 0.0000 0.0514
017800 0.5941 0.3545 0.0000 0.0514
017820 0.5941 0.3545 0.0000 0.0514
017840 0.5941 0.3545 0.0000 0.0514
017860 0.5941 0.3545 0.0000 0.0514
017880 0.5941 0.3545 0.0000 0.0514
017900 0.5941 0.3545 0.0000 0.0514
017920 0.5941 0.3545 0.0000 0.0514
017940 0.5941 0.3545 0.0000 0.0514
017960 0.5941 0.3545 0.0000 0.0514
017980 0.5941 0.3545 0.0000 0.0514
018000 0.5941 0.3545 0.0000 0.0514
018020 0.5941 0.3545 0.0000 0.0514
018040 0.5941 0.3545 0.0000 0.0514
018060 0.5941 0.3545 0.0000 0.0514
018080 0.5941 0.3545 0.0000 0.0514
018100 0.5941 0.3545 0.0000 0.0514
018120 0.5941 0.3545 0.0000 0.0514
018140 0.5941 0.3545 0.0000 0.0514
018160 0.5941 0.3545 0.0000 0.0514
018180 0.5941 0.3545 0.0000 0.0514
018200 0.5941 0.3545 0.0000 0.0514
018220 0.5941 0.3545 0.0000 0.0514
018240 0.5941 0.3545 0.0000 0.0514
018260 0.5941 0.3545 0.0000 0.0514
018280 0.5941 0.3545 0.0000 0.0514
018300 0.5941 0.3545 0.0000 0.0514
018320 0.5941 0.3545 0.0000 0.0514
018340 0.5941 0.3545 0.0000 0.0514
018360 0.5941 0.3545 0.0000 0.0514
018380 0.5941 0.3545 0.0000 0.0514
018400 0.5941 0.3545 0.0000 0.0514
018420 0.5941 0.3545 0.0000 0.0514
018440 0.5941 0.3545 0.0000 0.0514
018460 0.5941 0.3545 0.0000 0.0514
018480 0.5941 0.3545 0.0000 0.0514
018500 0.5941 0.3545 0.0000 0.0514
018520 0.5941 0.3545 0.0000 0.0514
018540 0.5941 0.3545 0.0000 0.0514
018560 0.5941 0.3545 0.0000 0.0514
018580 0.5941 0.3545 0.0000 0.0514
018600 0.5941 0.3545 0.0000 0.0514
018620 0.5941 0.3545 0.0000 0.0514
018640 0.5941 0.3545 0.0000 0.0514
018660 0.5941 0.3545 0.0000 0.0514
018680 0.5941 0.3545 0.0000 0.0514
018700 0.5941 0.3545 0.0000 0.0514
018720 0.5941 0.3545 0.0000 0.0514
018740 0.5941 0.3545 0.0000 0.0514
018760 0.5941 0.3545 0.0000 0.0514
018780 0.5941 0.3545 0.0000 0.0514
018800 0.5941 0.3545 0.0000 0.0514
018820 0.5941 0.3545 0.0000 0.0514
018840 0.5941 0.3545 0.0000 0.0514
018860 0.5941 0.3545 0.0000 0.0514
018880 0.5941 0.3545 0.0000 0.0514
018900 0.5941 0.3545 0.0000 0.0514
018920 0.5941 0.3545 0.0000 0.0514
018940 0.5941 0.3545 0.0000 0.0514
018960 0.5941 0.3545 0.0000 0.0514
018980 0.5941 0.3545 0.0000 0.0514
019000 0.5941 0.3545 0.0000 0.0514
019020 0.5941 0.3545 0.0000 0.0514
019040 0.5941 0.3545 0.0000 0.0514
019060 0.5941 0.3545 0.0000 0.0514
019080 0.5941 0.3545 0.0000 0.0514
019100 0.5941 0.3545 0.0000 0.0514
019120 0.5941 0.3545 0.0000 0.0514
019140 0.5941 0.3545 0.0000 0.0514
019160 0.5941 0.3545 0.0000 0.0514
019180 0.5941 0.3545 0.0000 0.0514
019200 0.5941 0.3545 0.0000 0.0514
019220 0.5941 0.3545 0.0000 0.0514
019240 0.5941 0.3545 0.0000 0.0514
019260 0.5941 0.3545 0.0000 0.0514
019280 0.5941 0.3545 0.0000 0.0514
019300 0.5941 0.3545 0.0000 0.0514
019320 0.5941 0.3545 0.0000 0.0514
019340 0.5941 0.3545 0.0000 0.0514
019360 0.5941 0.3545 0.0000 0.0514
019380 0.5941 0.3545 0.0000 0.0514
019400 0.5941 0.3545 0.0000 0.0514
019420 0.5941 0.3545 0.0000 0.0514
019440 0.5941 0.3545 0.0000 0.0514
019460 0.5941 0.3545 0.0000 0.0514
019480 0.5941 0.3545 0.0000 0.0514
019500 0.5941 0.3545 0.0000 0.0514
019520 0.5941 0.3545 0.0000 0.0514
019540 0.5941 0.3545 0.0000 0.0514
019560 0.5941 0.3545 0.0000 0.0514
019580 0.5941 0.3545 0.0000 0.0514
019600 0.5941 0.3545 0.0000 0.0514
019620 0.5941 0.3545 0.0000 0.0514
019640 0.5941 0.3545 0.0000 0.0514
019660 0.5941 0.3545 0.0000 0.0514
019680 0.5941 0.3545 0.0000 0.0514
019700 0.5941 0.3545 0.0000 0.0514
019720 0.5941 0.3545 0.0000 0.0514
019740 0.5941 0.3545 0.0000 0.0514
019760 0.5941 0.3545 0.0000 0.0514
019780 0.5941 0.3545 0.0000 0.0514
019800 0.5941 0.3545 0.0000 0.0514
019820 0.5941 0.3545 0.0000 0.0514
019840 0.5941 0.3545 0.0000 0.0514
019860 0.5941 0.3545 0.0000 0.0514
019880 0.5941 0.3545 0.0000 0.0514
019900 0.5941 0.3545 0.0000 0.0514
019920 0.5941 0.3545 0.0000 0.0514
019940 0.5941 0.3545 0.0000 0.0514
019960 0.5941 0.3545 0.0000 0.0514
019980 0.5941 0.3545 0.0000 0.0514
020000 0.5941 0.3545 0.0000 0.0514
