000000 0.2500 0.2500 0.2500 0.2500
000020 0.2589 0.2597 0.2303 0.2511
000040 0.2692 0.2705 0.2086 0.2517
000060 0.2797 0.2816 0.1875 0.2511
000080 0.2885 0.2940 0.1674 0.2500
000100 0.2960 0.3074 0.1485 0.2481
000120 0.3026 0.3210 0.1307 0.2457
000140 0.3075 0.3356 0.1142 0.2427
000160 0.3108 0.3519 0.0981 0.2392
000180 0.3137 0.3686 0.0833 0.2344
000200 0.3149 0.3863 0.0696 0.2291
000220 0.3148 0.4060 0.0572 0.2220
000240 0.3144 0.4250 0.0462 0.2144
000260 0.3124 0.4449 0.0363 0.2065
000280 0.3097 0.4652 0.0276 0.1975
000300 0.3050 0.4870 0.0203 0.1877
000320 0.2999 0.5084 0.0144 0.1774
000340 0.2936 0.5314 0.0092 0.1658
000360 0.2866 0.5554 0.0052 0.1528
000380 0.2793 0.5791 0.0024 0.1392
000400 0.2696 0.6049 0.0007 0.1248
000420 0.2607 0.6311 0.0000 0.1082
000440 0.2539 0.6566 0.0000 0.0895
000460 0.2474 0.6802 0.0000 0.0724
000480 0.2444 0.6963 0.0000 0.0593
000500 0.2440 0.7093 0.0000 0.0467
000520 0.2437 0.7196 0.0000 0.0367
000540 0.2451 0.7265 0.0000 0.0284
000560 0.2482 0.7297 0.0000 0.0221
000580 0.2527 0.7308 0.0000 0.0165
000600 0.2605 0.7274 0.0000 0.0121
000620 0.2707 0.7208 0.0000 0.0084
000640 0.2820 0.7118 0.0000 0.0062
000660 0.2945 0.7001 0.0000 0.0054
000680 0.3058 0.6890 0.0000 0.0052
000700 0.3156 0.6790 0.0000 0.0053
000720 0.3262 0.6690 0.0000 0.0047
000740 0.3378 0.6586 0.0000 0.0036
000760 0.3501 0.6462 0.0000 0.0037
000780 0.3613 0.6347 0.0000 0.0040
000800 0.3684 0.6264 0.0000 0.0052
000820 0.3735 0.6197 0.0000 0.0068
000840 0.3774 0.6153 0.0000 0.0074
000860 0.3801 0.6112 0.0000 0.0088
000880 0.3811 0.6099 0.0000 0.0090
000900 0.3811 0.6092 0.0000 0.0097
000920 0.3795 0.6097 0.0000 0.0108
000940 0.3797 0.6093 0.0000 0.0110
000960 0.3782 0.6098 0.0000 0.0120
000980 0.3773 0.6102 0.0000 0.0125
001000 0.3793 0.6087 0.0000 0.0120
001020 0.3820 0.6057 0.0000 0.0123
001040 0.3842 0.6033 0.0000 0.0125
001060 0.3871 0.6008 0.0000 0.0121
001080 0.3942 0.5938 0.0000 0.0119
001100 0.4000 0.5880 0.0000 0.0120
001120 0.4051 0.5827 0.0000 0.0122
001140 0.4128 0.5748 0.0000 0.0124
001160 0.4157 0.5713 0.0000 0.0130
001180 0.4220 0.5649 0.0000 0.0131
001200 0.4270 0.5596 0.0000 0.0134
001220 0.4303 0.5565 0.0000 0.0133
001240 0.4335 0.5527 0.0000 0.0138
001260 0.4352 0.5491 0.0000 0.0158
001280 0.4343 0.5481 0.0000 0.0176
001300 0.4342 0.5483 0.0000 0.0174
001320 0.4397 0.5446 0.0000 0.0157
001340 0.4459 0.5378 0.0000 0.0163
001360 0.4537 0.5310 0.0000 0.0152
001380 0.4636 0.5221 0.0000 0.0143
001400 0.4727 0.5141 0.0000 0.0132
001420 0.4849 0.5013 0.0000 0.0138
001440 0.4954 0.4901 0.0000 0.0145
001460 0.5037 0.4806 0.0000 0.0157
001480 0.5119 0.4711 0.0000 0.0170
001500 0.5178 0.4643 0.0000 0.0179
001520 0.5244 0.4586 0.0000 0.0170
001540 0.5283 0.4538 0.0000 0.0179
001560 0.5333 0.4485 0.0000 0.0182
001580 0.5365 0.4453 0.0000 0.0182
001600 0.5409 0.4411 0.0000 0.0179
001620 0.5453 0.4364 0.0000 0.0182
001640 0.5513 0.4313 0.0000 0.0174
001660 0.5552 0.4250 0.0000 0.0197
001680 0.5544 0.4244 0.0000 0.0212
001700 0.5565 0.4236 0.0000 0.0199
001720 0.5637 0.4172 0.0000 0.0191
001740 0.5710 0.4101 0.0000 0.0189
001760 0.5772 0.4025 0.0000 0.0203
001780 0.5835 0.3969 0.0000 0.0196
001800 0.5924 0.3878 0.0000 0.0198
001820 0.6015 0.3791 0.0000 0.0194
001840 0.6059 0.3730 0.0000 0.0211
001860 0.6081 0.3707 0.0000 0.0212
001880 0.6150 0.3646 0.0000 0.0204
001900 0.6195 0.3597 0.0000 0.0209
001920 0.6247 0.3535 0.0000 0.0218
001940 0.6234 0.3539 0.0000 0.0227
001960 0.6244 0.3534 0.0000 0.0221
001980 0.6214 0.3564 0.0000 0.0222
002000 0.6200 0.3579 0.0000 0.0221
002020 0.6224 0.3567 0.0000 0.0209
002040 0.6263 0.3525 0.0000 0.0211
002060 0.6309 0.3481 0.0000 0.0211
002080 0.6352 0.3425 0.0000 0.0223
002100 0.6337 0.3424 0.0000 0.0239
002120 0.6358 0.3404 0.0000 0.0237
002140 0.6365 0.3399 0.0000 0.0235
002160 0.6330 0.3419 0.0000 0.0251
002180 0.6338 0.3428 0.0000 0.0235
002200 0.6378 0.3402 0.0000 0.0220
002220 0.6459 0.3328 0.0000 0.0213
002240 0.6478 0.3291 0.0000 0.0230
002260 0.6468 0.3293 0.0000 0.0239
002280 0.6444 0.3301 0.0000 0.0255
002300 0.6427 0.3322 0.0000 0.0251
002320 0.6410 0.3352 0.0000 0.0238
002340 0.6415 0.3359 0.0000 0.0225
002360 0.6402 0.3375 0.0000 0.0223
002380 0.6399 0.3369 0.0000 0.0231
002400 0.6357 0.3394 0.0000 0.0249
002420 0.6325 0.3423 0.0000 0.0252
002440 0.6301 0.3450 0.0000 0.0250
002460 0.6307 0.3449 0.0000 0.0244
002480 0.6305 0.3453 0.0000 0.0242
002500 0.6296 0.3453 0.0000 0.0251
002520 0.6354 0.3417 0.0000 0.0229
002540 0.6471 0.3335 0.0000 0.0195
002560 0.6566 0.3248 0.0000 0.0186
002580 0.6614 0.3175 0.0000 0.0211
002600 0.6609 0.3155 0.0000 0.0236
002620 0.6605 0.3165 0.0000 0.0230
002640 0.6544 0.3196 0.0000 0.0260
002660 0.6409 0.3323 0.0000 0.0268
002680 0.6324 0.3408 0.0000 0.0269
002700 0.6242 0.3473 0.0000 0.0284
002720 0.6147 0.3560 0.0000 0.0293
002740 0.6074 0.3670 0.0000 0.0257
002760 0.6124 0.3652 0.0000 0.0224
002780 0.6178 0.3597 0.0000 0.0226
002800 0.6242 0.3509 0.0000 0.0249
002820 0.6273 0.3469 0.0000 0.0257
002840 0.6279 0.3493 0.0000 0.0228
002860 0.6314 0.3462 0.0000 0.0224
002880 0.6368 0.3416 0.0000 0.0216
002900 0.6396 0.3364 0.0000 0.0241
002920 0.6421 0.3338 0.0000 0.0241
002940 0.6429 0.3323 0.0000 0.0247
002960 0.6443 0.3310 0.0000 0.0247
002980 0.6437 0.3335 0.0000 0.0228
003000 0.6489 0.3300 0.0000 0.0212
003020 0.6496 0.3280 0.0000 0.0224
003040 0.6492 0.3280 0.0000 0.0228
003060 0.6512 0.3261 0.0000 0.0227
003080 0.6499 0.3285 0.0000 0.0215
003100 0.6476 0.3299 0.0000 0.0225
003120 0.6477 0.3284 0.0000 0.0238
003140 0.6485 0.3264 0.0000 0.0252
003160 0.6456 0.3295 0.0000 0.0249
003180 0.6449 0.3322 0.0000 0.0229
003200 0.6459 0.3324 0.0000 0.0217
003220 0.6479 0.3289 0.0000 0.0232
003240 0.6477 0.3299 0.0000 0.0224
003260 0.6487 0.3290 0.0000 0.0224
003280 0.6490 0.3275 0.0000 0.0236
003300 0.6465 0.3297 0.0000 0.0238
003320 0.6469 0.3284 0.0000 0.0247
003340 0.6432 0.3310 0.0000 0.0259
003360 0.6397 0.3360 0.0000 0.0242
003380 0.6339 0.3405 0.0000 0.0256
003400 0.6276 0.3460 0.0000 0.0264
003420 0.6233 0.3510 0.0000 0.0257
003440 0.6199 0.3551 0.0000 0.0251
003460 0.6186 0.3567 0.0000 0.0247
003480 0.6199 0.3574 0.0000 0.0227
003500 0.6245 0.3532 0.0000 0.0223
003520 0.6309 0.3479 0.0000 0.0212
003540 0.6368 0.3400 0.0000 0.0232
003560 0.6428 0.3335 0.0000 0.0237
003580 0.6484 0.3286 0.0000 0.0230
003600 0.6529 0.3262 0.0000 0.0209
003620 0.6574 0.3219 0.0000 0.0207
003640 0.6603 0.3179 0.0000 0.0218
003660 0.6617 0.3158 0.0000 0.0225
003680 0.6589 0.3180 0.0000 0.0231
003700 0.6553 0.3213 0.0000 0.0234
003720 0.6516 0.3238 0.0000 0.0246
003740 0.6484 0.3264 0.0000 0.0252
003760 0.6428 0.3302 0.0000 0.0270
003780 0.6366 0.3364 0.0000 0.0269
003800 0.6297 0.3439 0.0000 0.0264
003820 0.6240 0.3503 0.0000 0.0257
003840 0.6231 0.3521 0.0000 0.0248
003860 0.6241 0.3521 0.0000 0.0238
003880 0.6320 0.3455 0.0000 0.0225
003900 0.6443 0.3347 0.0000 0.0210
003920 0.6535 0.3257 0.0000 0.0208
003940 0.6581 0.3208 0.0000 0.0211
003960 0.6653 0.3140 0.0000 0.0207
003980 0.6675 0.3098 0.0000 0.0227
004000 0.6630 0.3125 0.0000 0.0245
004020 0.6536 0.3199 0.0000 0.0265
004040 0.6433 0.3302 0.0000 0.0266
004060 0.6344 0.3387 0.0000 0.0269
004080 0.6248 0.3489 0.0000 0.0263
004100 0.6236 0.3523 0.0000 0.0241
004120 0.6274 0.3485 0.0000 0.0241
004140 0.6290 0.3455 0.0000 0.0254
004160 0.6286 0.3460 0.0000 0.0254
004180 0.6298 0.3468 0.0000 0.0233
004200 0.6354 0.3432 0.0000 0.0214
004220 0.6403 0.3371 0.0000 0.0226
004240 0.6448 0.3335 0.0000 0.0217
004260 0.6519 0.3278 0.0000 0.0203
004280 0.6611 0.3192 0.0000 0.0196
004300 0.6671 0.3111 0.0000 0.0218
004320 0.6667 0.3100 0.0000 0.0233
004340 0.6632 0.3133 0.0000 0.0235
004360 0.6622 0.3152 0.0000 0.0227
004380 0.6599 0.3157 0.0000 0.0244
004400 0.6592 0.3169 0.0000 0.0239
004420 0.6552 0.3212 0.0000 0.0236
004440 0.6510 0.3249 0.0000 0.0241
004460 0.6432 0.3301 0.0000 0.0266
004480 0.6345 0.3388 0.0000 0.0266
004500 0.6311 0.3451 0.0000 0.0238
004520 0.6284 0.3473 0.0000 0.0243
004540 0.6317 0.3448 0.0000 0.0236
004560 0.6349 0.3407 0.0000 0.0244
004580 0.6330 0.3421 0.0000 0.0249
004600 0.6357 0.3400 0.0000 0.0242
004620 0.6395 0.3388 0.0000 0.0217
004640 0.6453 0.3344 0.0000 0.0203
004660 0.6531 0.3270 0.0000 0.0199
004680 0.6575 0.3217 0.0000 0.0209
004700 0.6606 0.3164 0.0000 0.0230
004720 0.6567 0.3180 0.0000 0.0254
004740 0.6484 0.3250 0.0000 0.0266
004760 0.6435 0.3303 0.0000 0.0262
004780 0.6350 0.3379 0.0000 0.0271
004800 0.6246 0.3478 0.0000 0.0276
004820 0.6180 0.3559 0.0000 0.0261
004840 0.6172 0.3585 0.0000 0.0243
004860 0.6213 0.3551 0.0000 0.0236
004880 0.6239 0.3530 0.0000 0.0232
004900 0.6307 0.3471 0.0000 0.0222
004920 0.6359 0.3414 0.0000 0.0227
004940 0.6374 0.3396 0.0000 0.0230
004960 0.6424 0.3368 0.0000 0.0208
004980 0.6527 0.3267 0.0000 0.0206
005000 0.6600 0.3197 0.0000 0.0203
005020 0.6639 0.3155 0.0000 0.0205
005040 0.6709 0.3109 0.0000 0.0182
005060 0.6777 0.3033 0.0000 0.0190
005080 0.6792 0.2988 0.0000 0.0220
005100 0.6756 0.3012 0.0000 0.0232
005120 0.6709 0.3053 0.0000 0.0239
005140 0.6598 0.3135 0.0000 0.0267
005160 0.6472 0.3245 0.0000 0.0283
005180 0.6338 0.3374 0.0000 0.0288
005200 0.6217 0.3486 0.0000 0.0297
005220 0.6123 0.3601 0.0000 0.0277
005240 0.6087 0.3649 0.0000 0.0264
005260 0.6076 0.3677 0.0000 0.0247
005280 0.6113 0.3664 0.0000 0.0222
005300 0.6239 0.3560 0.0000 0.0200
005320 0.6373 0.3439 0.0000 0.0187
005340 0.6477 0.3329 0.0000 0.0194
005360 0.6584 0.3223 0.0000 0.0193
005380 0.6667 0.3126 0.0000 0.0207
005400 0.6709 0.3101 0.0000 0.0190
005420 0.6775 0.3022 0.0000 0.0202
005440 0.6751 0.3023 0.0000 0.0226
005460 0.6677 0.3073 0.0000 0.0249
005480 0.6553 0.3181 0.0000 0.0266
005500 0.6446 0.3282 0.0000 0.0272
005520 0.6355 0.3385 0.0000 0.0260
005540 0.6313 0.3429 0.0000 0.0258
005560 0.6259 0.3483 0.0000 0.0258
005580 0.6207 0.3536 0.0000 0.0257
005600 0.6152 0.3602 0.0000 0.0247
005620 0.6233 0.3547 0.0000 0.0220
005640 0.6286 0.3475 0.0000 0.0239
005660 0.6349 0.3431 0.0000 0.0220
005680 0.6463 0.3338 0.0000 0.0199
005700 0.6550 0.3267 0.0000 0.0184
005720 0.6671 0.3157 0.0000 0.0172
005740 0.6795 0.3033 0.0000 0.0173
005760 0.6861 0.2947 0.0000 0.0192
005780 0.6838 0.2956 0.0000 0.0206
005800 0.6825 0.2953 0.0000 0.0221
005820 0.6765 0.2989 0.0000 0.0246
005840 0.6685 0.3063 0.0000 0.0252
005860 0.6593 0.3129 0.0000 0.0277
005880 0.6489 0.3226 0.0000 0.0285
005900 0.6351 0.3348 0.0000 0.0300
005920 0.6178 0.3513 0.0000 0.0309
005940 0.6055 0.3640 0.0000 0.0305
005960 0.6024 0.3707 0.0000 0.0269
005980 0.6030 0.3725 0.0000 0.0244
006000 0.6037 0.3731 0.0000 0.0232
006020 0.6130 0.3652 0.0000 0.0218
006040 0.6212 0.3566 0.0000 0.0222
006060 0.6321 0.3468 0.0000 0.0210
006080 0.6422 0.3374 0.0000 0.0205
006100 0.6484 0.3300 0.0000 0.0216
006120 0.6525 0.3262 0.0000 0.0213
006140 0.6506 0.3265 0.0000 0.0228
006160 0.6516 0.3249 0.0000 0.0235
006180 0.6501 0.3251 0.0000 0.0248
006200 0.6438 0.3313 0.0000 0.0249
006220 0.6400 0.3349 0.0000 0.0251
006240 0.6404 0.3364 0.0000 0.0232
006260 0.6404 0.3351 0.0000 0.0245
006280 0.6349 0.3384 0.0000 0.0267
006300 0.6298 0.3446 0.0000 0.0256
006320 0.6313 0.3455 0.0000 0.0232
006340 0.6372 0.3400 0.0000 0.0227
006360 0.6391 0.3381 0.0000 0.0227
006380 0.6384 0.3366 0.0000 0.0249
006400 0.6361 0.3401 0.0000 0.0237
006420 0.6365 0.3405 0.0000 0.0230
006440 0.6399 0.3383 0.0000 0.0218
006460 0.6469 0.3312 0.0000 0.0219
006480 0.6509 0.3280 0.0000 0.0212
006500 0.6542 0.3252 0.0000 0.0206
006520 0.6616 0.3173 0.0000 0.0210
006540 0.6676 0.3110 0.0000 0.0215
006560 0.6695 0.3085 0.0000 0.0220
006580 0.6658 0.3091 0.0000 0.0251
006600 0.6570 0.3159 0.0000 0.0271
006620 0.6453 0.3259 0.0000 0.0288
006640 0.6366 0.3358 0.0000 0.0277
006660 0.6285 0.3442 0.0000 0.0274
006680 0.6215 0.3502 0.0000 0.0283
006700 0.6118 0.3583 0.0000 0.0299
006720 0.6044 0.3655 0.0000 0.0300
006740 0.5990 0.3732 0.0000 0.0277
006760 0.5996 0.3759 0.0000 0.0245
006780 0.6023 0.3732 0.0000 0.0245
006800 0.6060 0.3698 0.0000 0.0242
006820 0.6136 0.3642 0.0000 0.0222
006840 0.6183 0.3578 0.0000 0.0239
006860 0.6258 0.3509 0.0000 0.0233
006880 0.6301 0.3470 0.0000 0.0229
006900 0.6387 0.3407 0.0000 0.0206
006920 0.6493 0.3311 0.0000 0.0196
006940 0.6573 0.3233 0.0000 0.0194
006960 0.6651 0.3150 0.0000 0.0199
006980 0.6692 0.3093 0.0000 0.0215
007000 0.6690 0.3083 0.0000 0.0227
007020 0.6642 0.3106 0.0000 0.0252
007040 0.6599 0.3135 0.0000 0.0265
007060 0.6529 0.3205 0.0000 0.0266
007080 0.6435 0.3301 0.0000 0.0265
007100 0.6374 0.3365 0.0000 0.0262
007120 0.6346 0.3408 0.0000 0.0246
007140 0.6349 0.3425 0.0000 0.0226
007160 0.6379 0.3380 0.0000 0.0241
007180 0.6364 0.3377 0.0000 0.0259
007200 0.6315 0.3422 0.0000 0.0263
007220 0.6255 0.3491 0.0000 0.0254
007240 0.6263 0.3501 0.0000 0.0236
007260 0.6349 0.3421 0.0000 0.0230
007280 0.6395 0.3395 0.0000 0.0209
007300 0.6470 0.3321 0.0000 0.0209
007320 0.6526 0.3253 0.0000 0.0222
007340 0.6566 0.3221 0.0000 0.0213
007360 0.6628 0.3167 0.0000 0.0205
007380 0.6690 0.3101 0.0000 0.0209
007400 0.6716 0.3066 0.0000 0.0218
007420 0.6723 0.3044 0.0000 0.0233
007440 0.6673 0.3080 0.0000 0.0248
007460 0.6583 0.3163 0.0000 0.0254
007480 0.6509 0.3237 0.0000 0.0254
007500 0.6463 0.3285 0.0000 0.0252
007520 0.6383 0.3366 0.0000 0.0251
007540 0.6360 0.3388 0.0000 0.0252
007560 0.6350 0.3393 0.0000 0.0256
007580 0.6317 0.3441 0.0000 0.0241
007600 0.6318 0.3448 0.0000 0.0234
007620 0.6301 0.3448 0.0000 0.0250
007640 0.6290 0.3454 0.0000 0.0256
007660 0.6302 0.3456 0.0000 0.0241
007680 0.6295 0.3470 0.0000 0.0235
007700 0.6327 0.3445 0.0000 0.0227
007720 0.6351 0.3413 0.0000 0.0236
007740 0.6368 0.3389 0.0000 0.0244
007760 0.6411 0.3372 0.0000 0.0216
007780 0.6497 0.3286 0.0000 0.0217
007800 0.6541 0.3220 0.0000 0.0240
007820 0.6528 0.3235 0.0000 0.0237
007840 0.6513 0.3261 0.0000 0.0227
007860 0.6505 0.3262 0.0000 0.0233
007880 0.6533 0.3243 0.0000 0.0224
007900 0.6534 0.3238 0.0000 0.0228
007920 0.6499 0.3265 0.0000 0.0235
007940 0.6465 0.3301 0.0000 0.0234
007960 0.6448 0.3307 0.0000 0.0245
007980 0.6433 0.3329 0.0000 0.0238
008000 0.6465 0.3314 0.0000 0.0221
008020 0.6481 0.3308 0.0000 0.0210
008040 0.6506 0.3282 0.0000 0.0213
008060 0.6577 0.3218 0.0000 0.0205
008080 0.6621 0.3160 0.0000 0.0219
008100 0.6631 0.3143 0.0000 0.0226
008120 0.6645 0.3136 0.0000 0.0219
008140 0.6613 0.3156 0.0000 0.0231
008160 0.6589 0.3170 0.0000 0.0242
008180 0.6546 0.3199 0.0000 0.0255
008200 0.6505 0.3244 0.0000 0.0252
008220 0.6464 0.3287 0.0000 0.0249
008240 0.6413 0.3337 0.0000 0.0250
008260 0.6349 0.3399 0.0000 0.0252
008280 0.6266 0.3488 0.0000 0.0246
008300 0.6225 0.3530 0.0000 0.0245
008320 0.6210 0.3543 0.0000 0.0247
008340 0.6188 0.3555 0.0000 0.0257
008360 0.6204 0.3545 0.0000 0.0251
008380 0.6238 0.3520 0.0000 0.0242
008400 0.6275 0.3502 0.0000 0.0223
008420 0.6342 0.3434 0.0000 0.0224
008440 0.6410 0.3371 0.0000 0.0219
008460 0.6484 0.3294 0.0000 0.0221
008480 0.6529 0.3245 0.0000 0.0226
008500 0.6544 0.3222 0.0000 0.0234
008520 0.6502 0.3249 0.0000 0.0248
008540 0.6430 0.3319 0.0000 0.0251
008560 0.6428 0.3339 0.0000 0.0233
008580 0.6403 0.3356 0.0000 0.0242
008600 0.6379 0.3371 0.0000 0.0250
008620 0.6342 0.3400 0.0000 0.0258
008640 0.6285 0.3464 0.0000 0.0250
008660 0.6284 0.3470 0.0000 0.0247
008680 0.6238 0.3502 0.0000 0.0260
008700 0.6190 0.3550 0.0000 0.0261
008720 0.6204 0.3553 0.0000 0.0243
008740 0.6255 0.3523 0.0000 0.0221
008760 0.6341 0.3454 0.0000 0.0206
008780 0.6422 0.3375 0.0000 0.0202
008800 0.6501 0.3302 0.0000 0.0197
008820 0.6564 0.3229 0.0000 0.0207
008840 0.6599 0.3166 0.0000 0.0235
008860 0.6546 0.3202 0.0000 0.0252
008880 0.6443 0.3288 0.0000 0.0268
008900 0.6359 0.3363 0.0000 0.0279
008920 0.6268 0.3456 0.0000 0.0276
008940 0.6193 0.3541 0.0000 0.0265
008960 0.6144 0.3608 0.0000 0.0248
008980 0.6139 0.3606 0.0000 0.0255
009000 0.6156 0.3589 0.0000 0.0255
009020 0.6204 0.3563 0.0000 0.0233
009040 0.6272 0.3521 0.0000 0.0206
009060 0.6431 0.3377 0.0000 0.0192
009080 0.6569 0.3244 0.0000 0.0187
009100 0.6670 0.3138 0.0000 0.0192
009120 0.6751 0.3053 0.0000 0.0196
009140 0.6818 0.2986 0.0000 0.0196
009160 0.6847 0.2937 0.0000 0.0216
009180 0.6827 0.2938 0.0000 0.0235
009200 0.6790 0.2971 0.0000 0.0239
009220 0.6675 0.3071 0.0000 0.0254
009240 0.6572 0.3166 0.0000 0.0263
009260 0.6492 0.3261 0.0000 0.0247
009280 0.6396 0.3346 0.0000 0.0258
009300 0.6324 0.3416 0.0000 0.0260
009320 0.6241 0.3474 0.0000 0.0285
009340 0.6165 0.3551 0.0000 0.0284
009360 0.6108 0.3613 0.0000 0.0279
009380 0.6103 0.3629 0.0000 0.0268
009400 0.6093 0.3650 0.0000 0.0257
009420 0.6142 0.3617 0.0000 0.0242
009440 0.6194 0.3577 0.0000 0.0230
009460 0.6249 0.3538 0.0000 0.0213
009480 0.6358 0.3445 0.0000 0.0198
009500 0.6455 0.3343 0.0000 0.0202
009520 0.6534 0.3254 0.0000 0.0213
009540 0.6595 0.3195 0.0000 0.0210
009560 0.6644 0.3144 0.0000 0.0213
009580 0.6640 0.3135 0.0000 0.0225
009600 0.6602 0.3162 0.0000 0.0236
009620 0.6565 0.3193 0.0000 0.0242
009640 0.6473 0.3275 0.0000 0.0252
009660 0.6413 0.3320 0.0000 0.0267
009680 0.6333 0.3409 0.0000 0.0258
009700 0.6283 0.3466 0.0000 0.0251
009720 0.6261 0.3477 0.0000 0.0262
009740 0.6209 0.3531 0.0000 0.0260
009760 0.6209 0.3547 0.0000 0.0244
009780 0.6250 0.3522 0.0000 0.0228
009800 0.6331 0.3461 0.0000 0.0208
009820 0.6392 0.3386 0.0000 0.0221
009840 0.6434 0.3341 0.0000 0.0225
009860 0.6483 0.3296 0.0000 0.0221
009880 0.6520 0.3256 0.0000 0.0224
009900 0.6528 0.3258 0.0000 0.0214
009920 0.6547 0.3248 0.0000 0.0205
009940 0.6556 0.3215 0.0000 0.0229
009960 0.6541 0.3226 0.0000 0.0233
009980 0.6505 0.3245 0.0000 0.0250
010000 0.6426 0.3318 0.0000 0.0257
010020 0.6371 0.3375 0.0000 0.0253
010040 0.6371 0.3375 0.0000 0.0253
010060 0.6371 0.3375 0.0000 0.0253
010080 0.6371 0.3375 0.0000 0.0253
010100 0.6371 0.3375 0.0000 0.0253
010120 0.6371 0.3375 0.0000 0.0253
010140 0.6371 0.3375 0.0000 0.0253
010160 0.6371 0.3375 0.0000 0.0253
010180 0.6371 0.3375 0.0000 0.0253
010200 0.6371 0.3375 0.0000 0.0253
010220 0.6371 0.3375 0.0000 0.0253
010240 0.6371 0.3375 0.0000 0.0253
010260 0.6371 0.3375 0.0000 0.0253
010280 0.6371 0.3375 0.0000 0.0253
010300 0.6371 0.3375 0.0000 0.0253
010320 0.6371 0.3375 0.0000 0.0253
010340 0.6371 0.3375 0.0000 0.0253
010360 0.6371 0.3375 0.0000 0.0253
010380 0.6371 0.3375 0.0000 0.0253
010400 0.6371 0.3375 0.0000 0.0253
010420 0.6371 0.3375 0.0000 0.0253
010440 0.6371 0.3375 0.0000 0.0253
010460 0.6371 0.3375 0.0000 0.0253
010480 0.6371 0.3375 0.0000 0.0253
010500 0.6371 0.3375 0.0000 0.0253
010520 0.6371 0.3375 0.0000 0.0253
010540 0.6371 0.3375 0.0000 0.0253
010560 0.6371 0.3375 0.0000 0.0253
010580 0.6371 0.3375 0.0000 0.0253
010600 0.6371 0.3375 0.0000 0.0253
010620 0.6371 0.3375 0.0000 0.0253
010640 0.6371 0.3375 0.0000 0.0253
010660 0.6371 0.3375 0.0000 0.0253
010680 0.6371 0.3375 0.0000 0.0253
010700 0.6371 0.3375 0.0000 0.0253
010720 0.6371 0.3375 0.0000 0.0253
010740 0.6371 0.3375 0.0000 0.0253
010760 0.6371 0.3375 0.0000 0.0253
010780 0.6371 0.3375 0.0000 0.0253
010800 0.6371 0.3375 0.0000 0.0253
010820 0.6371 0.3375 0.0000 0.0253
010840 0.6371 0.3375 0.0000 0.0253
010860 0.6371 0.3375 0.0000 0.0253
010880 0.6371 0.3375 0.0000 0.0253
010900 0.6371 0.3375 0.0000 0.0253
010920 0.6371 0.3375 0.0000 0.0253
010940 0.6371 0.3375 0.0000 0.0253
010960 0.6371 0.3375 0.0000 0.0253
010980 0.6371 0.3375 0.0000 0.0253
011000 0.6371 0.3375 0.0000 0.0253
011020 0.6371 0.3375 0.0000 0.0253
011040 0.6371 0.3375 0.0000 0.0253
011060 0.6371 0.3375 0.0000 0.0253
011080 0.6371 0.3375 0.0000 0.0253
011100 0.6371 0.3375 0.0000 0.0253
011120 0.6371 0.3375 0.0000 0.0253
011140 0.6371 0.3375 0.0000 0.0253
011160 0.6371 0.3375 0.0000 0.0253
011180 0.6371 0.3375 0.0000 0.0253
011200 0.6371 0.3375 0.0000 0.0253
011220 0.6371 0.3375 0.0000 0.0253
011240 0.6371 0.3375 0.0000 0.0253
011260 0.6371 0.3375 0.0000 0.0253
011280 0.6371 0.3375 0.0000 0.0253
011300 0.6371 0.3375 0.0000 0.0253
011320 0.6371 0.3375 0.0000 0.0253
011340 0.6371 0.3375 0.0000 0.0253
011360 0.6371 0.3375 0.0000 0.0253
011380 0.6371 0.3375 0.0000 0.0253
011400 0.6371 0.3375 0.0000 0.0253
011420 0.6371 0.3375 0.0000 0.0253
011440 0.6371 0.3375 0.0000 0.0253
011460 0.6371 0.3375 0.0000 0.0253
011480 0.6371 0.3375 0.0000 0.0253
011500 0.6371 0.3375 0.0000 0.0253
011520 0.6371 0.3375 0.0000 0.0253
011540 0.6371 0.3375 0.0000 0.0253
011560 0.6371 0.3375 0.0000 0.0253
011580 0.6371 0.3375 0.0000 0.0253
011600 0.6371 0.3375 0.0000 0.0253
011620 0.6371 0.3375 0.0000 0.0253
011640 0.6371 0.3375 0.0000 0.0253
011660 0.6371 0.3375 0.0000 0.0253
011680 0.6371 0.3375 0.0000 0.0253
011700 0.6371 0.3375 0.0000 0.0253
011720 0.6371 0.3375 0.0000 0.0253
011740 0.6371 0.3375 0.0000 0.0253
011760 0.6371 0.3375 0.0000 0.0253
011780 0.6371 0.3375 0.0000 0.0253
011800 0.6371 0.3375 0.0000 0.0253
011820 0.6371 0.3375 0.0000 0.0253
011840 0.6371 0.3375 0.0000 0.0253
011860 0.6371 0.3375 0.0000 0.0253
011880 0.6371 0.3375 0.0000 0.0253
011900 0.6371 0.3375 0.0000 0.0253
011920 0.6371 0.3375 0.0000 0.0253
011940 0.6371 0.3375 0.0000 0.0253
011960 0.6371 0.3375 0.0000 0.0253
011980 0.6371 0.3375 0.0000 0.0253
012000 0.6371 0.3375 0.0000 0.0253
012020 0.6371 0.3375 0.0000 0.0253
012040 0.6371 0.3375 0.0000 0.0253
012060 0.6371 0.3375 0.0000 0.0253
012080 0.6371 0.3375 0.0000 0.0253
012100 0.6371 0.3375 0.0000 0.0253
012120 0.6371 0.3375 0.0000 0.0253
012140 0.6371 0.3375 0.0000 0.0253
012160 0.6371 0.3375 0.0000 0.0253
012180 0.6371 0.3375 0.0000 0.0253
012200 0.6371 0.3375 0.0000 0.0253
012220 0.6371 0.3375 0.0000 0.0253
012240 0.6371 0.3375 0.0000 0.0253
012260 0.6371 0.3375 0.0000 0.0253
012280 0.6371 0.3375 0.0000 0.0253
012300 0.6371 0.3375 0.0000 0.0253
012320 0.6371 0.3375 0.0000 0.0253
012340 0.6371 0.3375 0.0000 0.0253
012360 0.6371 0.3375 0.0000 0.0253
012380 0.6371 0.3375 0.0000 0.0253
012400 0.6371 0.3375 0.0000 0.0253
012420 0.6371 0.3375 0.0000 0.0253
012440 0.6371 0.3375 0.0000 0.0253
012460 0.6371 0.3375 0.0000 0.0253
012480 0.6371 0.3375 0.0000 0.0253
012500 0.6371 0.3375 0.0000 0.0253
012520 0.6371 0.3375 0.0000 0.0253
012540 0.6371 0.3375 0.0000 0.0253
012560 0.6371 0.3375 0.0000 0.0253
012580 0.6371 0.3375 0.0000 0.0253
012600 0.6371 0.3375 0.0000 0.0253
012620 0.6371 0.3375 0.0000 0.0253
012640 0.6371 0.3375 0.0000 0.0253
012660 0.6371 0.3375 0.0000 0.0253
012680 0.6371 0.3375 0.0000 0.0253
012700 0.6371 0.3375 0.0000 0.0253
012720 0.6371 0.3375 0.0000 0.0253
012740 0.6371 0.3375 0.0000 0.0253
012760 0.6371 0.3375 0.0000 0.0253
012780 0.6371 0.3375 0.0000 0.0253
012800 0.6371 0.3375 0.0000 0.0253
012820 0.6371 0.3375 0.0000 0.0253
012840 0.6371 0.3375 0.0000 0.0253
012860 0.6371 0.3375 0.0000 0.0253
012880 0.6371 0.3375 0.0000 0.0253
012900 0.6371 0.3375 0.0000 0.0253
012920 0.6371 0.3375 0.0000 0.0253
012940 0.6371 0.3375 0.0000 0.0253
012960 0.6371 0.3375 0.0000 0.0253
012980 0.6371 0.3375 0.0000 0.0253
013000 0.6371 0.3375 0.0000 0.0253
013020 0.6371 0.3375 0.0000 0.0253
013040 0.6371 0.3375 0.0000 0.0253
013060 0.6371 0.3375 0.0000 0.0253
013080 0.6371 0.3375 0.0000 0.0253
013100 0.6371 0.3375 0.0000 0.0253
013120 0.6371 0.3375 0.0000 0.0253
013140 0.6371 0.3375 0.0000 0.0253
013160 0.6371 0.3375 0.0000 0.0253
013180 0.6371 0.3375 0.0000 0.0253
013200 0.6371 0.3375 0.0000 0.0253
013220 0.6371 0.3375 0.0000 0.0253
013240 0.6371 0.3375 0.0000 0.0253
013260 0.6371 0.3375 0.0000 0.0253
013280 0.6371 0.3375 0.0000 0.0253
013300 0.6371 0.3375 0.0000 0.0253
013320 0.6371 0.3375 0.0000 0.0253
013340 0.6371 0.3375 0.0000 0.0253
013360 0.6371 0.3375 0.0000 0.0253
013380 0.6371 0.3375 0.0000 0.0253
013400 0.6371 0.3375 0.0000 0.0253
013420 0.6371 0.3375 0.0000 0.0253
013440 0.6371 0.3375 0.0000 0.0253
013460 0.6371 0.3375 0.0000 0.0253
013480 0.6371 0.3375 0.0000 0.0253
013500 0.6371 0.3375 0.0000 0.0253
013520 0.6371 0.3375 0.0000 0.0253
013540 0.6371 0.3375 0.0000 0.0253
013560 0.6371 0.3375 0.0000 0.0253
013580 0.6371 0.3375 0.0000 0.0253
013600 0.6371 0.3375 0.0000 0.0253
013620 0.6371 0.3375 0.0000 0.0253
013640 0.6371 0.3375 0.0000 0.0253
013660 0.6371 0.3375 0.0000 0.0253
013680 0.6371 0.3375 0.0000 0.0253
013700 0.6371 0.3375 0.0000 0.0253
013720 0.6371 0.3375 0.0000 0.0253
013740 0.6371 0.3375 0.0000 0.0253
013760 0.6371 0.3375 0.0000 0.0253
013780 0.6371 0.3375 0.0000 0.0253
013800 0.6371 0.3375 0.0000 0.0253
013820 0.6371 0.3375 0.0000 0.0253
013840 0.6371 0.3375 0.0000 0.0253
013860 0.6371 0.3375 0.0000 0.0253
013880 0.6371 0.3375 0.0000 0.0253
013900 0.6371 0.3375 0.0000 0.0253
013920 0.6371 0.3375 0.0000 0.0253
013940 0.6371 0.3375 0.0000 0.0253
013960 0.6371 0.3375 0.0000 0.0253
013980 0.6371 0.3375 0.0000 0.0253
014000 0.6371 0.3375 0.0000 0.0253
014020 0.6371 0.3375 0.0000 0.0253
014040 0.6371 0.3375 0.0000 0.0253
014060 0.6371 0.3375 0.0000 0.0253
014080 0.6371 0.3375 0.0000 0.0253
014100 0.6371 0.3375 0.0000 0.0253
014120 0.6371 0.3375 0.0000 0.0253
014140 0.6371 0.3375 0.0000 0.0253
014160 0.6371 0.3375 0.0000 0.0253
014180 0.6371 0.3375 0.0000 0.0253
014200 0.6371 0.3375 0.0000 0.0253
014220 0.6371 0.3375 0.0000 0.0253
014240 0.6371 0.3375 0.0000 0.0253
014260 0.6371 0.3375 0.0000 0.0253
014280 0.6371 0.3375 0.0000 0.0253
014300 0.6371 0.3375 0.0000 0.0253
014320 0.6371 0.3375 0.0000 0.0253
014340 0.6371 0.3375 0.0000 0.0253
014360 0.6371 0.3375 0.0000 0.0253
014380 0.6371 0.3375 0.0000 0.0253
014400 0.6371 0.3375 0.0000 0.0253
014420 0.6371 0.3375 0.0000 0.0253
014440 0.6371 0.3375 0.0000 0.0253
014460 0.6371 0.3375 0.0000 0.0253
014480 0.6371 0.3375 0.0000 0.0253
014500 0.6371 0.3375 0.0000 0.0253
014520 0.6371 0.3375 0.0000 0.0253
014540 0.6371 0.3375 0.0000 0.0253
014560 0.6371 0.3375 0.0000 0.0253
014580 0.6371 0.3375 0.0000 0.0253
014600 0.6371 0.3375 0.0000 0.0253
014620 0.6371 0.3375 0.0000 0.0253
014640 0.6371 0.3375 0.0000 0.0253
014660 0.6371 0.3375 0.0000 0.0253
014680 0.6371 0.3375 0.0000 0.0253
014700 0.6371 0.3375 0.0000 0.0253
014720 0.6371 0.3375 0.0000 0.0253
014740 0.6371 0.3375 0.0000 0.0253
014760 0.6371 0.3375 0.0000 0.0253
014780 0.6371 0.3375 0.0000 0.0253
014800 0.6371 0.3375 0.0000 0.0253
014820 0.6371 0.3375 0.0000 0.0253
014840 0.6371 0.3375 0.0000 0.0253
014860 0.6371 0.3375 0.0000 0.0253
014880 0.6371 0.3375 0.0000 0.0253
014900 0.6371 0.3375 0.0000 0.0253
014920 0.6371 0.3375 0.0000 0.0253
014940 0.6371 0.3375 0.0000 0.0253
014960 0.6371 0.3375 0.0000 0.0253
014980 0.6371 0.3375 0.0000 0.0253
015000 0.6371 0.3375 0.0000 0.0253
015020 0.6371 0.3375 0.0000 0.0253
015040 0.6371 0.3375 0.0000 0.0253
015060 0.6371 0.3375 0.0000 0.0253
015080 0.6371 0.3375 0.0000 0.0253
015100 0.6371 0.3375 0.0000 0.0253
015120 0.6371 0.3375 0.0000 0.0253
015140 0.6371 0.3375 0.0000 0.0253
015160 0.6371 0.3375 0.0000 0.0253
015180 0.6371 0.3375 0.0000 0.0253
015200 0.6371 0.3375 0.0000 0.0253
015220 0.6371 0.3375 0.0000 0.0253
015240 0.6371 0.3375 0.0000 0.0253
015260 0.6371 0.3375 0.0000 0.0253
015280 0.6371 0.3375 0.0000 0.0253
015300 0.6371 0.3375 0.0000 0.0253
015320 0.6371 0.3375 0.0000 0.0253
015340 0.6371 0.3375 0.0000 0.0253
015360 0.6371 0.3375 0.0000 0.0253
015380 0.6371 0.3375 0.0000 0.0253
015400 0.6371 0.3375 0.0000 0.0253
015420 0.6371 0.3375 0.0000 0.0253
015440 0.6371 0.3375 0.0000 0.0253
015460 0.6371 0.3375 0.0000 0.0253
015480 0.6371 0.3375 0.0000 0.0253
015500 0.6371 0.3375 0.0000 0.0253
015520 0.6371 0.3375 0.0000 0.0253
015540 0.6371 0.3375 0.0000 0.0253
015560 0.6371 0.3375 0.0000 0.0253
015580 0.6371 0.3375 0.0000 0.0253
015600 0.6371 0.3375 0.0000 0.0253
015620 0.6371 0.3375 0.0000 0.0253
015640 0.6371 0.3375 0.0000 0.0253
015660 0.6371 0.3375 0.0000 0.0253
015680 0.6371 0.3375 0.0000 0.0253
015700 0.6371 0.3375 0.0000 0.0253
015720 0.6371 0.3375 0.0000 0.0253
015740 0.6371 0.3375 0.0000 0.0253
015760 0.6371 0.3375 0.0000 0.0253
015780 0.6371 0.3375 0.0000 0.0253
015800 0.6371 0.3375 0.0000 0.0253
015820 0.6371 0.3375 0.0000 0.0253
015840 0.6371 0.3375 0.0000 0.0253
015860 0.6371 0.3375 0.0000 0.0253
015880 0.6371 0.3375 0.0000 0.0253
015900 0.6371 0.3375 0.0000 0.0253
015920 0.6371 0.3375 0.0000 0.0253
015940 0.6371 0.3375 0.0000 0.0253
015960 0.6371 0.3375 0.0000 0.0253
015980 0.6371 0.3375 0.0000 0.0253
016000 0.6371 0.3375 0.0000 0.0253
016020 0.6371 0.3375 0.0000 0.0253
016040 0.6371 0.3375 0.0000 0.0253
016060 0.6371 0.3375 0.0000 0.0253
016080 0.6371 0.3375 0.0000 0.0253
016100 0.6371 0.3375 0.0000 0.0253
016120 0.6371 0.3375 0.0000 0.0253
016140 0.6371 0.3375 0.0000 0.0253
016160 0.6371 0.3375 0.0000 0.0253
016180 0.6371 0.3375 0.0000 0.0253
016200 0.6371 0.3375 0.0000 0.0253
016220 0.6371 0.3375 0.0000 0.0253
016240 0.6371 0.3375 0.0000 0.0253
016260 0.6371 0.3375 0.0000 0.0253
016280 0.6371 0.3375 0.0000 0.0253
016300 0.6371 0.3375 0.0000 0.0253
016320 0.6371 0.3375 0.0000 0.0253
016340 0.6371 0.3375 0.0000 0.0253
016360 0.6371 0.3375 0.0000 0.0253
016380 0.6371 0.3375 0.0000 0.0253
016400 0.6371 0.3375 0.0000 0.0253
016420 0.6371 0.3375 0.0000 0.0253
016440 0.6371 0.3375 0.0000 0.0253
016460 0.6371 0.3375 0.0000 0.0253
016480 0.6371 0.3375 0.0000 0.0253
016500 0.6371 0.3375 0.0000 0.0253
016520 0.6371 0.3375 0.0000 0.0253
016540 0.6371 0.3375 0.0000 0.0253
016560 0.6371 0.3375 0.0000 0.0253
016580 0.6371 0.3375 0.0000 0.0253
016600 0.6371 0.3375 0.0000 0.0253
016620 0.6371 0.3375 0.0000 0.0253
016640 0.6371 0.3375 0.0000 0.0253
016660 0.6371 0.3375 0.0000 0.0253
016680 0.6371 0.3375 0.0000 0.0253
016700 0.6371 0.3375 0.0000 0.0253
016720 0.6371 0.3375 0.0000 0.0253
016740 0.6371 0.3375 0.0000 0.0253
016760 0.6371 0.3375 0.0000 0.0253
016780 0.6371 0.3375 0.0000 0.0253
016800 0.6371 0.3375 0.0000 0.0253
016820 0.6371 0.3375 0.0000 0.0253
016840 0.6371 0.3375 0.0000 0.0253
016860 0.6371 0.3375 0.0000 0.0253
016880 0.6371 0.3375 0.0000 0.0253
016900 0.6371 0.3375 0.0000 0.0253
016920 0.6371 0.3375 0.0000 0.0253
016940 0.6371 0.3375 0.0000 0.0253
016960 0.6371 0.3375 0.0000 0.0253
016980 0.6371 0.3375 0.0000 0.0253
017000 0.6371 0.3375 0.0000 0.0253
017020 0.6371 0.3375 0.0000 0.0253
017040 0.6371 0.3375 0.0000 0.0253
017060 0.6371 0.3375 0.0000 0.0253
017080 0.6371 0.3375 0.0000 0.0253
017100 0.6371 0.3375 0.0000 0.0253
017120 0.6371 0.3375 0.0000 0.0253
017140 0.6371 0.3375 0.0000 0.0253
017160 0.6371 0.3375 0.0000 0.0253
017180 0.6371 0.3375 0.0000 0.0253
017200 0.6371 0.3375 0.0000 0.0253
017220 0.6371 0.3375 0.0000 0.0253
017240 0.6371 0.3375 0.0000 0.0253
017260 0.6371 0.3375 0.0000 0.0253
017280 0.6371 0.3375 0.0000 0.0253
017300 0.6371 0.3375 0.0000 0.0253
017320 0.6371 0.3375 0.0000 0.0253
017340 0.6371 0.3375 0.0000 0.0253
017360 0.6371 0.3375 0.0000 0.0253
017380 0.6371 0.3375 0.0000 0.0253
017400 0.6371 0.3375 0.0000 0.0253
017420 0.6371 0.3375 0.0000 0.0253
017440 0.6371 0.3375 0.0000 0.0253
017460 0.6371 0.3375 0.0000 0.0253
017480 0.6371 0.3375 0.0000 0.0253
017500 0.6371 0.3375 0.0000 0.0253
017520 0.6371 0.3375 0.0000 0.0253
017540 0.6371 0.3375 0.0000 0.0253
017560 0.6371 0.3375 0.0000 0.0253
017580 0.6371 0.3375 0.0000 0.0253
017600 0.6371 0.3375 0.0000 0.0253
017620 0.6371 0.3375 0.0000 0.0253
017640 0.6371 0.3375 0.0000 0.0253
017660 0.6371 0.3375 0.0000 0.0253
017680 0.6371 0.3375 0.0000 0.0253
017700 0.6371 0.3375 0.0000 0.0253
017720 0.6371 0.3375 0.0000 0.0253
017740 0.6371 0.3375 0.0000 0.0253
017760 0.6371 0.3375 0.0000 0.0253
017780 0.6371 0.3375 0.0000 0.0253
017800 0.6371 0.3375 0.0000 0.0253
017820 0.6371 0.3375 0.0000 0.0253
017840 0.6371 0.3375 0.0000 0.0253
017860 0.6371 0.3375 0.0000 0.0253
017880 0.6371 0.3375 0.0000 0.0253
017900 0.6371 0.3375 0.0000 0.0253
017920 0.6371 0.3375 0.0000 0.0253
017940 0.6371 0.3375 0.0000 0.0253
017960 0.6371 0.3375 0.0000 0.0253
017980 0.6371 0.3375 0.0000 0.0253
018000 0.6371 0.3375 0.0000 0.0253
018020 0.6371 0.3375 0.0000 0.0253
018040 0.6371 0.3375 0.0000 0.0253
018060 0.6371 0.3375 0.0000 0.0253
018080 0.6371 0.3375 0.0000 0.0253
018100 0.6371 0.3375 0.0000 0.0253
018120 0.6371 0.3375 0.0000 0.0253
018140 0.6371 0.3375 0.0000 0.0253
018160 0.6371 0.3375 0.0000 0.0253
018180 0.6371 0.3375 0.0000 0.0253
018200 0.6371 0.3375 0.0000 0.0253
018220 0.6371 0.3375 0.0000 0.0253
018240 0.6371 0.3375 0.0000 0.0253
018260 0.6371 0.3375 0.0000 0.0253
018280 0.6371 0.3375 0.0000 0.0253
018300 0.6371 0.3375 0.0000 0.0253
018320 0.6371 0.3375 0.0000 0.0253
018340 0.6371 0.3375 0.0000 0.0253
018360 0.6371 0.3375 0.0000 0.0253
018380 0.6371 0.3375 0.0000 0.0253
018400 0.6371 0.3375 0.0000 0.0253
018420 0.6371 0.3375 0.0000 0.0253
018440 0.6371 0.3375 0.0000 0.0253
018460 0.6371 0.3375 0.0000 0.0253
018480 0.6371 0.3375 0.0000 0.0253
018500 0.6371 0.3375 0.0000 0.0253
018520 0.6371 0.3375 0.0000 0.0253
018540 0.6371 0.3375 0.0000 0.0253
018560 0.6371 0.3375 0.0000 0.0253
018580 0.6371 0.3375 0.0000 0.0253
018600 0.6371 0.3375 0.0000 0.0253
018620 0.6371 0.3375 0.0000 0.0253
018640 0.6371 0.3375 0.0000 0.0253
018660 0.6371 0.3375 0.0000 0.0253
018680 0.6371 0.3375 0.0000 0.0253
018700 0.6371 0.3375 0.0000 0.0253
018720 0.6371 0.3375 0.0000 0.0253
018740 0.6371 0.3375 0.0000 0.0253
018760 0.6371 0.3375 0.0000 0.0253
018780 0.6371 0.3375 0.0000 0.0253
018800 0.6371 0.3375 0.0000 0.0253
018820 0.6371 0.3375 0.0000 0.0253
018840 0.6371 0.3375 0.0000 0.0253
018860 0.6371 0.3375 0.0000 0.0253
018880 0.6371 0.3375 0.0000 0.0253
018900 0.6371 0.3375 0.0000 0.0253
018920 0.6371 0.3375 0.0000 0.0253
018940 0.6371 0.3375 0.0000 0.0253
018960 0.6371 0.3375 0.0000 0.0253
018980 0.6371 0.3375 0.0000 0.0253
019000 0.6371 0.3375 0.0000 0.0253
019020 0.6371 0.3375 0.0000 0.0253
019040 0.6371 0.3375 0.0000 0.0253
019060 0.6371 0.3375 0.0000 0.0253
019080 0.6371 0.3375 0.0000 0.0253
019100 0.6371 0.3375 0.0000 0.0253
019120 0.6371 0.3375 0.0000 0.0253
019140 0.6371 0.3375 0.0000 0.0253
019160 0.6371 0.3375 0.0000 0.0253
019180 0.6371 0.3375 0.0000 0.0253
019200 0.6371 0.3375 0.0000 0.0253
019220 0.6371 0.3375 0.0000 0.0253
019240 0.6371 0.3375 0.0000 0.0253
019260 0.6371 0.3375 0.0000 0.0253
019280 0.6371 0.3375 0.0000 0.0253
019300 0.6371 0.3375 0.0000 0.0253
019320 0.6371 0.3375 0.0000 0.0253
019340 0.6371 0.3375 0.0000 0.0253
019360 0.6371 0.3375 0.0000 0.0253
019380 0.6371 0.3375 0.0000 0.0253
019400 0.6371 0.3375 0.0000 0.0253
019420 0.6371 0.3375 0.0000 0.0253
019440 0.6371 0.3375 0.0000 0.0253
019460 0.6371 0.3375 0.0000 0.0253
019480 0.6371 0.3375 0.0000 0.0253
019500 0.6371 0.3375 0.0000 0.0253
019520 0.6371 0.3375 0.0000 0.0253
019540 0.6371 0.3375 0.0000 0.0253
019560 0.6371 0.3375 0.0000 0.0253
019580 0.6371 0.3375 0.0000 0.0253
019600 0.6371 0.3375 0.0000 0.0253
019620 0.6371 0.3375 0.0000 0.0253
019640 0.6371 0.3375 0.0000 0.0253
019660 0.6371 0.3375 0.0000 0.0253
019680 0.6371 0.3375 0.0000 0.0253
019700 0.6371 0.3375 0.0000 0.0253
019720 0.6371 0.3375 0.0000 0.0253
019740 0.6371 0.3375 0.0000 0.0253
019760 0.6371 0.3375 0.0000 0.0253
019780 0.6371 0.3375 0.0000 0.0253
019800 0.6371 0.3375 0.0000 0.0253
019820 0.6371 0.3375 0.0000 0.0253
019840 0.6371 0.3375 0.0000 0.0253
019860 0.6371 0.3375 0.0000 0.0253
019880 0.6371 0.3375 0.0000 0.0253
019900 0.6371 0.3375 0.0000 0.0253
019920 0.6371 0.3375 0.0000 0.0253
019940 0.6371 0.3375 0.0000 0.0253
019960 0.6371 0.3375 0.0000 0.0253
019980 0.6371 0.3375 0.0000 0.0253
020000 0.6371 0.3375 0.0000 0.0253
