000000 0.2500 0.2500 0.2500 0.2500
000020 0.2594 0.2597 0.2297 0.2512
000040 0.2707 0.2701 0.2076 0.2516
000060 0.2811 0.2811 0.1865 0.2514
000080 0.2898 0.2935 0.1667 0.2500
000100 0.2978 0.3066 0.1479 0.2478
000120 0.3039 0.3208 0.1300 0.2452
000140 0.3091 0.3356 0.1130 0.2423
000160 0.3129 0.3521 0.0972 0.2378
000180 0.3151 0.3690 0.0831 0.2328
000200 0.3157 0.3871 0.0699 0.2273
000220 0.3160 0.4053 0.0577 0.2209
000240 0.3149 0.4245 0.0464 0.2142
000260 0.3134 0.4447 0.0361 0.2059
000280 0.3091 0.4668 0.0274 0.1967
000300 0.3040 0.4898 0.0196 0.1866
000320 0.2967 0.5143 0.0131 0.1759
000340 0.2894 0.5387 0.0078 0.1641
000360 0.2825 0.5629 0.0037 0.1510
000380 0.2737 0.5876 0.0012 0.1375
000400 0.2630 0.6137 0.0001 0.1232
000420 0.2512 0.6419 0.0000 0.1069
000440 0.2428 0.6689 0.0000 0.0883
000460 0.2386 0.6917 0.0000 0.0697
000480 0.2363 0.7069 0.0000 0.0569
000500 0.2359 0.7188 0.0000 0.0454
000520 0.2374 0.7266 0.0000 0.0360
000540 0.2398 0.7320 0.0000 0.0282
000560 0.2450 0.7336 0.0000 0.0214
000580 0.2511 0.7330 0.0000 0.0160
000600 0.2615 0.7281 0.0000 0.0104
000620 0.2739 0.7200 0.0000 0.0061
000640 0.2883 0.7075 0.0000 0.0042
000660 0.3008 0.6954 0.0000 0.0039
000680 0.3131 0.6830 0.0000 0.0040
000700 0.3243 0.6716 0.0000 0.0042
000720 0.3337 0.6622 0.0000 0.0040
000740 0.3457 0.6504 0.0000 0.0039
000760 0.3546 0.6407 0.0000 0.0047
000780 0.3630 0.6318 0.0000 0.0052
000800 0.3696 0.6240 0.0000 0.0064
000820 0.3726 0.6199 0.0000 0.0074
000840 0.3746 0.6173 0.0000 0.0081
000860 0.3764 0.6148 0.0000 0.0088
000880 0.3767 0.6138 0.0000 0.0095
000900 0.3773 0.6128 0.0000 0.0098
000920 0.3775 0.6120 0.0000 0.0105
000940 0.3800 0.6099 0.0000 0.0102
000960 0.3838 0.6072 0.0000 0.0090
000980 0.3895 0.6013 0.0000 0.0091
001000 0.3958 0.5952 0.0000 0.0090
001020 0.4041 0.5864 0.0000 0.0095
001040 0.4132 0.5787 0.0000 0.0081
001060 0.4228 0.5688 0.0000 0.0084
001080 0.4301 0.5611 0.0000 0.0088
001100 0.4365 0.5546 0.0000 0.0089
001120 0.4447 0.5459 0.0000 0.0094
001140 0.4521 0.5385 0.0000 0.0094
001160 0.4593 0.5318 0.0000 0.0089
001180 0.4678 0.5233 0.0000 0.0089
001200 0.4746 0.5162 0.0000 0.0093
001220 0.4793 0.5098 0.0000 0.0110
001240 0.4814 0.5066 0.0000 0.0120
001260 0.4815 0.5048 0.0000 0.0137
001280 0.4806 0.5053 0.0000 0.0141
001300 0.4795 0.5057 0.0000 0.0148
001320 0.4792 0.5042 0.0000 0.0166
001340 0.4762 0.5073 0.0000 0.0165
001360 0.4730 0.5102 0.0000 0.0168
001380 0.4717 0.5110 0.0000 0.0173
001400 0.4701 0.5135 0.0000 0.0164
001420 0.4734 0.5105 0.0000 0.0161
001440 0.4785 0.5047 0.0000 0.0168
001460 0.4822 0.5006 0.0000 0.0172
001480 0.4851 0.4984 0.0000 0.0165
001500 0.4925 0.4914 0.0000 0.0161
001520 0.4998 0.4844 0.0000 0.0159
001540 0.5105 0.4744 0.0000 0.0150
001560 0.5205 0.4637 0.0000 0.0158
001580 0.5317 0.4521 0.0000 0.0162
001600 0.5434 0.4417 0.0000 0.0149
001620 0.5557 0.4306 0.0000 0.0137
001640 0.5692 0.4176 0.0000 0.0131
001660 0.5814 0.4044 0.0000 0.0142
001680 0.5929 0.3923 0.0000 0.0148
001700 0.6007 0.3837 0.0000 0.0157
001720 0.6062 0.3755 0.0000 0.0183
001740 0.6063 0.3741 0.0000 0.0196
001760 0.6059 0.3743 0.0000 0.0198
001780 0.6040 0.3742 0.0000 0.0218
001800 0.5990 0.3792 0.0000 0.0219
001820 0.5973 0.3807 0.0000 0.0220
001840 0.5925 0.3851 0.0000 0.0225
001860 0.5887 0.3872 0.0000 0.0242
001880 0.5849 0.3913 0.0000 0.0238
001900 0.5797 0.3975 0.0000 0.0228
001920 0.5809 0.3975 0.0000 0.0217
001940 0.5868 0.3922 0.0000 0.0210
001960 0.5938 0.3851 0.0000 0.0211
001980 0.5983 0.3810 0.0000 0.0207
002000 0.6091 0.3711 0.0000 0.0197
002020 0.6186 0.3624 0.0000 0.0190
002040 0.6257 0.3543 0.0000 0.0200
002060 0.6305 0.3484 0.0000 0.0212
002080 0.6317 0.3467 0.0000 0.0216
002100 0.6339 0.3439 0.0000 0.0222
002120 0.6348 0.3435 0.0000 0.0217
002140 0.6366 0.3427 0.0000 0.0207
002160 0.6398 0.3409 0.0000 0.0193
002180 0.6435 0.3360 0.0000 0.0206
002200 0.6426 0.3352 0.0000 0.0221
002220 0.6399 0.3374 0.0000 0.0227
002240 0.6355 0.3408 0.0000 0.0236
002260 0.6338 0.3427 0.0000 0.0235
002280 0.6319 0.3452 0.0000 0.0229
002300 0.6306 0.3445 0.0000 0.0248
002320 0.6303 0.3458 0.0000 0.0239
002340 0.6306 0.3463 0.0000 0.0231
002360 0.6310 0.3456 0.0000 0.0234
002380 0.6382 0.3420 0.0000 0.0198
002400 0.6456 0.3340 0.0000 0.0204
002420 0.6526 0.3275 0.0000 0.0198
002440 0.6602 0.3203 0.0000 0.0196
002460 0.6653 0.3161 0.0000 0.0186
002480 0.6716 0.3089 0.0000 0.0194
002500 0.6750 0.3039 0.0000 0.0210
002520 0.6756 0.3026 0.0000 0.0218
002540 0.6722 0.3064 0.0000 0.0213
002560 0.6687 0.3090 0.0000 0.0223
002580 0.6617 0.3152 0.0000 0.0231
002600 0.6573 0.3188 0.0000 0.0239
002620 0.6502 0.3252 0.0000 0.0246
002640 0.6426 0.3310 0.0000 0.0265
002660 0.6324 0.3411 0.0000 0.0265
002680 0.6259 0.3487 0.0000 0.0254
002700 0.6248 0.3517 0.0000 0.0234
002720 0.6275 0.3500 0.0000 0.0224
002740 0.6310 0.3479 0.0000 0.0210
002760 0.6385 0.3410 0.0000 0.0205
002780 0.6485 0.3307 0.0000 0.0208
002800 0.6525 0.3254 0.0000 0.0221
002820 0.6570 0.3220 0.0000 0.0210
002840 0.6639 0.3168 0.0000 0.0193
002860 0.6708 0.3101 0.0000 0.0192
002880 0.6745 0.3060 0.0000 0.0194
002900 0.6784 0.3020 0.0000 0.0195
002920 0.6790 0.3001 0.0000 0.0209
002940 0.6765 0.3020 0.0000 0.0215
002960 0.6765 0.3018 0.0000 0.0216
002980 0.6748 0.3036 0.0000 0.0215
003000 0.6696 0.3078 0.0000 0.0227
003020 0.6637 0.3124 0.0000 0.0238
003040 0.6552 0.3187 0.0000 0.0262
003060 0.6455 0.3287 0.0000 0.0259
003080 0.6417 0.3346 0.0000 0.0237
003100 0.6413 0.3358 0.0000 0.0229
003120 0.6395 0.3362 0.0000 0.0243
003140 0.6359 0.3402 0.0000 0.0239
003160 0.6339 0.3427 0.0000 0.0234
003180 0.6337 0.3419 0.0000 0.0244
003200 0.6306 0.3435 0.0000 0.0259
003220 0.6273 0.3465 0.0000 0.0262
003240 0.6289 0.3477 0.0000 0.0234
003260 0.6317 0.3464 0.0000 0.0219
003280 0.6371 0.3427 0.0000 0.0202
003300 0.6443 0.3356 0.0000 0.0202
003320 0.6465 0.3336 0.0000 0.0199
003340 0.6533 0.3269 0.0000 0.0198
003360 0.6570 0.3230 0.0000 0.0200
003380 0.6599 0.3179 0.0000 0.0223
003400 0.6623 0.3158 0.0000 0.0219
003420 0.6611 0.3164 0.0000 0.0225
003440 0.6584 0.3185 0.0000 0.0231
003460 0.6565 0.3198 0.0000 0.0237
003480 0.6549 0.3227 0.0000 0.0223
003500 0.6504 0.3256 0.0000 0.0240
003520 0.6456 0.3299 0.0000 0.0245
003540 0.6409 0.3349 0.0000 0.0242
003560 0.6403 0.3367 0.0000 0.0230
003580 0.6391 0.3389 0.0000 0.0220
003600 0.6400 0.3384 0.0000 0.0216
003620 0.6429 0.3371 0.0000 0.0200
003640 0.6474 0.3321 0.0000 0.0206
003660 0.6486 0.3289 0.0000 0.0225
003680 0.6496 0.3272 0.0000 0.0231
003700 0.6464 0.3305 0.0000 0.0231
003720 0.6444 0.3330 0.0000 0.0226
003740 0.6406 0.3354 0.0000 0.0240
003760 0.6370 0.3392 0.0000 0.0238
003780 0.6336 0.3419 0.0000 0.0245
003800 0.6308 0.3424 0.0000 0.0268
003820 0.6273 0.3474 0.0000 0.0253
003840 0.6225 0.3529 0.0000 0.0246
003860 0.6219 0.3549 0.0000 0.0233
003880 0.6225 0.3553 0.0000 0.0222
003900 0.6270 0.3504 0.0000 0.0226
003920 0.6308 0.3468 0.0000 0.0224
003940 0.6345 0.3441 0.0000 0.0214
003960 0.6381 0.3406 0.0000 0.0212
003980 0.6417 0.3374 0.0000 0.0209
004000 0.6438 0.3345 0.0000 0.0217
004020 0.6465 0.3317 0.0000 0.0218
004040 0.6456 0.3325 0.0000 0.0219
004060 0.6468 0.3305 0.0000 0.0226
004080 0.6469 0.3310 0.0000 0.0220
004100 0.6505 0.3269 0.0000 0.0227
004120 0.6528 0.3260 0.0000 0.0211
004140 0.6538 0.3244 0.0000 0.0219
004160 0.6545 0.3235 0.0000 0.0220
004180 0.6553 0.3221 0.0000 0.0226
004200 0.6531 0.3244 0.0000 0.0226
004220 0.6515 0.3260 0.0000 0.0225
004240 0.6497 0.3276 0.0000 0.0226
004260 0.6513 0.3253 0.0000 0.0234
004280 0.6460 0.3307 0.0000 0.0233
004300 0.6466 0.3312 0.0000 0.0221
004320 0.6531 0.3261 0.0000 0.0208
004340 0.6542 0.3241 0.0000 0.0217
004360 0.6548 0.3239 0.0000 0.0212
004380 0.6567 0.3217 0.0000 0.0217
004400 0.6588 0.3196 0.0000 0.0215
004420 0.6599 0.3175 0.0000 0.0226
004440 0.6589 0.3185 0.0000 0.0226
004460 0.6542 0.3219 0.0000 0.0240
004480 0.6475 0.3270 0.0000 0.0255
004500 0.6366 0.3348 0.0000 0.0286
004520 0.6256 0.3475 0.0000 0.0269
004540 0.6224 0.3525 0.0000 0.0250
004560 0.6202 0.3551 0.0000 0.0246
004580 0.6177 0.3580 0.0000 0.0242
004600 0.6197 0.3565 0.0000 0.0238
004620 0.6215 0.3557 0.0000 0.0228
004640 0.6261 0.3532 0.0000 0.0207
004660 0.6324 0.3466 0.0000 0.0210
004680 0.6428 0.3365 0.0000 0.0207
004700 0.6540 0.3249 0.0000 0.0212
004720 0.6615 0.3185 0.0000 0.0199
004740 0.6635 0.3167 0.0000 0.0199
004760 0.6689 0.3135 0.0000 0.0176
004780 0.6773 0.3039 0.0000 0.0189
004800 0.6788 0.2993 0.0000 0.0218
004820 0.6694 0.3061 0.0000 0.0246
004840 0.6569 0.3172 0.0000 0.0259
004860 0.6470 0.3279 0.0000 0.0252
004880 0.6365 0.3377 0.0000 0.0259
004900 0.6255 0.3466 0.0000 0.0279
004920 0.6114 0.3598 0.0000 0.0288
004940 0.6012 0.3714 0.0000 0.0274
004960 0.5979 0.3768 0.0000 0.0253
004980 0.6021 0.3753 0.0000 0.0227
005000 0.6108 0.3675 0.0000 0.0217
005020 0.6233 0.3571 0.0000 0.0196
005040 0.6367 0.3452 0.0000 0.0181
005060 0.6505 0.3327 0.0000 0.0168
005080 0.6671 0.3166 0.0000 0.0163
005100 0.6811 0.3017 0.0000 0.0172
005120 0.6926 0.2895 0.0000 0.0178
005140 0.6982 0.2843 0.0000 0.0174
005160 0.6978 0.2831 0.0000 0.0190
005180 0.6945 0.2861 0.0000 0.0194
005200 0.6911 0.2890 0.0000 0.0199
005220 0.6832 0.2933 0.0000 0.0235
005240 0.6695 0.3051 0.0000 0.0253
005260 0.6568 0.3180 0.0000 0.0252
005280 0.6453 0.3300 0.0000 0.0247
005300 0.6365 0.3378 0.0000 0.0258
005320 0.6299 0.3447 0.0000 0.0253
005340 0.6235 0.3495 0.0000 0.0270
005360 0.6186 0.3539 0.0000 0.0275
005380 0.6165 0.3578 0.0000 0.0257
005400 0.6119 0.3629 0.0000 0.0251
005420 0.6135 0.3631 0.0000 0.0235
005440 0.6179 0.3609 0.0000 0.0212
005460 0.6226 0.3555 0.0000 0.0219
005480 0.6313 0.3488 0.0000 0.0200
005500 0.6409 0.3387 0.0000 0.0204
005520 0.6465 0.3318 0.0000 0.0217
005540 0.6492 0.3290 0.0000 0.0218
005560 0.6526 0.3267 0.0000 0.0207
005580 0.6583 0.3222 0.0000 0.0196
005600 0.6645 0.3161 0.0000 0.0194
005620 0.6702 0.3108 0.0000 0.0190
005640 0.6723 0.3072 0.0000 0.0205
005660 0.6707 0.3055 0.0000 0.0238
005680 0.6652 0.3107 0.0000 0.0241
005700 0.6595 0.3174 0.0000 0.0232
005720 0.6557 0.3205 0.0000 0.0238
005740 0.6513 0.3260 0.0000 0.0227
005760 0.6452 0.3313 0.0000 0.0235
005780 0.6455 0.3306 0.0000 0.0239
005800 0.6416 0.3330 0.0000 0.0255
005820 0.6337 0.3399 0.0000 0.0264
005840 0.6230 0.3502 0.0000 0.0267
005860 0.6179 0.3552 0.0000 0.0269
005880 0.6143 0.3597 0.0000 0.0260
005900 0.6109 0.3651 0.0000 0.0240
005920 0.6137 0.3642 0.0000 0.0221
005940 0.6216 0.3585 0.0000 0.0200
005960 0.6321 0.3487 0.0000 0.0193
005980 0.6445 0.3356 0.0000 0.0199
006000 0.6533 0.3269 0.0000 0.0198
006020 0.6623 0.3181 0.0000 0.0196
006040 0.6679 0.3116 0.0000 0.0205
006060 0.6701 0.3077 0.0000 0.0222
006080 0.6671 0.3103 0.0000 0.0227
006100 0.6633 0.3133 0.0000 0.0234
006120 0.6578 0.3181 0.0000 0.0241
006140 0.6476 0.3263 0.0000 0.0260
006160 0.6398 0.3352 0.0000 0.0250
006180 0.6336 0.3404 0.0000 0.0260
006200 0.6279 0.3474 0.0000 0.0247
006220 0.6257 0.3506 0.0000 0.0237
006240 0.6230 0.3544 0.0000 0.0226
006260 0.6249 0.3511 0.0000 0.0239
006280 0.6228 0.3515 0.0000 0.0257
006300 0.6219 0.3530 0.0000 0.0251
006320 0.6266 0.3509 0.0000 0.0226
006340 0.6358 0.3435 0.0000 0.0207
006360 0.6461 0.3353 0.0000 0.0186
006380 0.6552 0.3263 0.0000 0.0185
006400 0.6624 0.3191 0.0000 0.0185
006420 0.6673 0.3112 0.0000 0.0214
006440 0.6639 0.3131 0.0000 0.0230
006460 0.6611 0.3158 0.0000 0.0231
006480 0.6592 0.3180 0.0000 0.0228
006500 0.6567 0.3196 0.0000 0.0237
006520 0.6502 0.3255 0.0000 0.0243
006540 0.6416 0.3332 0.0000 0.0252
006560 0.6369 0.3383 0.0000 0.0248
006580 0.6332 0.3427 0.0000 0.0241
006600 0.6312 0.3443 0.0000 0.0245
006620 0.6302 0.3461 0.0000 0.0237
006640 0.6273 0.3476 0.0000 0.0251
006660 0.6216 0.3541 0.0000 0.0243
006680 0.6216 0.3544 0.0000 0.0240
006700 0.6251 0.3524 0.0000 0.0225
006720 0.6312 0.3480 0.0000 0.0208
006740 0.6400 0.3409 0.0000 0.0191
006760 0.6489 0.3323 0.0000 0.0188
006780 0.6623 0.3190 0.0000 0.0187
006800 0.6688 0.3115 0.0000 0.0197
006820 0.6712 0.3072 0.0000 0.0215
006840 0.6699 0.3085 0.0000 0.0217
006860 0.6634 0.3126 0.0000 0.0240
006880 0.6590 0.3185 0.0000 0.0225
006900 0.6611 0.3171 0.0000 0.0218
006920 0.6557 0.3229 0.0000 0.0214
006940 0.6521 0.3243 0.0000 0.0236
006960 0.6493 0.3274 0.0000 0.0233
006980 0.6464 0.3299 0.0000 0.0237
007000 0.6437 0.3341 0.0000 0.0222
007020 0.6449 0.3332 0.0000 0.0219
007040 0.6440 0.3335 0.0000 0.0225
007060 0.6470 0.3315 0.0000 0.0215
007080 0.6526 0.3269 0.0000 0.0205
007100 0.6585 0.3231 0.0000 0.0184
007120 0.6643 0.3159 0.0000 0.0198
007140 0.6639 0.3133 0.0000 0.0227
007160 0.6628 0.3148 0.0000 0.0223
007180 0.6595 0.3168 0.0000 0.0237
007200 0.6556 0.3219 0.0000 0.0225
007220 0.6558 0.3204 0.0000 0.0238
007240 0.6494 0.3250 0.0000 0.0256
007260 0.6425 0.3325 0.0000 0.0250
007280 0.6381 0.3392 0.0000 0.0227
007300 0.6348 0.3423 0.0000 0.0229
007320 0.6352 0.3422 0.0000 0.0226
007340 0.6362 0.3415 0.0000 0.0223
007360 0.6379 0.3408 0.0000 0.0213
007380 0.6443 0.3356 0.0000 0.0201
007400 0.6491 0.3291 0.0000 0.0219
007420 0.6536 0.3221 0.0000 0.0243
007440 0.6473 0.3267 0.0000 0.0259
007460 0.6417 0.3345 0.0000 0.0238
007480 0.6388 0.3374 0.0000 0.0238
007500 0.6365 0.3399 0.0000 0.0237
007520 0.6366 0.3402 0.0000 0.0232
007540 0.6366 0.3409 0.0000 0.0225
007560 0.6380 0.3395 0.0000 0.0224
007580 0.6388 0.3395 0.0000 0.0217
007600 0.6383 0.3404 0.0000 0.0214
007620 0.6401 0.3378 0.0000 0.0221
007640 0.6406 0.3355 0.0000 0.0240
007660 0.6389 0.3371 0.0000 0.0240
007680 0.6377 0.3380 0.0000 0.0243
007700 0.6351 0.3413 0.0000 0.0236
007720 0.6388 0.3394 0.0000 0.0219
007740 0.6390 0.3395 0.0000 0.0215
007760 0.6396 0.3384 0.0000 0.0220
007780 0.6400 0.3387 0.0000 0.0213
007800 0.6448 0.3347 0.0000 0.0205
007820 0.6490 0.3309 0.0000 0.0201
007840 0.6567 0.3235 0.0000 0.0198
007860 0.6629 0.3177 0.0000 0.0194
007880 0.6701 0.3103 0.0000 0.0195
007900 0.6742 0.3063 0.0000 0.0195
007920 0.6774 0.3029 0.0000 0.0197
007940 0.6814 0.2991 0.0000 0.0195
007960 0.6800 0.2997 0.0000 0.0203
007980 0.6746 0.3029 0.0000 0.0225
008000 0.6707 0.3069 0.0000 0.0224
008020 0.6637 0.3128 0.0000 0.0235
008040 0.6541 0.3198 0.0000 0.0261
008060 0.6435 0.3293 0.0000 0.0272
008080 0.6339 0.3393 0.0000 0.0268
008100 0.6265 0.3481 0.0000 0.0254
008120 0.6201 0.3545 0.0000 0.0254
008140 0.6193 0.3572 0.0000 0.0234
008160 0.6214 0.3550 0.0000 0.0236
008180 0.6238 0.3532 0.0000 0.0230
008200 0.6277 0.3503 0.0000 0.0220
008220 0.6300 0.3483 0.0000 0.0216
008240 0.6335 0.3451 0.0000 0.0213
008260 0.6393 0.3397 0.0000 0.0210
008280 0.6434 0.3373 0.0000 0.0193
008300 0.6514 0.3289 0.0000 0.0197
008320 0.6567 0.3232 0.0000 0.0201
008340 0.6617 0.3189 0.0000 0.0194
008360 0.6660 0.3134 0.0000 0.0206
008380 0.6672 0.3115 0.0000 0.0214
008400 0.6692 0.3103 0.0000 0.0205
008420 0.6707 0.3086 0.0000 0.0206
008440 0.6685 0.3091 0.0000 0.0224
008460 0.6665 0.3122 0.0000 0.0212
008480 0.6667 0.3119 0.0000 0.0214
008500 0.6630 0.3152 0.0000 0.0218
008520 0.6566 0.3184 0.0000 0.0250
008540 0.6504 0.3243 0.0000 0.0252
008560 0.6433 0.3319 0.0000 0.0249
008580 0.6354 0.3392 0.0000 0.0254
008600 0.6235 0.3513 0.0000 0.0251
008620 0.6211 0.3550 0.0000 0.0239
008640 0.6235 0.3549 0.0000 0.0216
008660 0.6291 0.3490 0.0000 0.0219
008680 0.6316 0.3462 0.0000 0.0222
008700 0.6369 0.3411 0.0000 0.0221
008720 0.6417 0.3371 0.0000 0.0212
008740 0.6493 0.3317 0.0000 0.0190
008760 0.6575 0.3249 0.0000 0.0176
008780 0.6688 0.3128 0.0000 0.0184
008800 0.6737 0.3067 0.0000 0.0196
008820 0.6751 0.3030 0.0000 0.0219
008840 0.6710 0.3068 0.0000 0.0222
008860 0.6651 0.3125 0.0000 0.0224
008880 0.6564 0.3196 0.0000 0.0240
008900 0.6487 0.3271 0.0000 0.0241
008920 0.6419 0.3336 0.0000 0.0245
008940 0.6365 0.3391 0.0000 0.0244
008960 0.6348 0.3423 0.0000 0.0229
008980 0.6341 0.3436 0.0000 0.0223
009000 0.6373 0.3393 0.0000 0.0234
009020 0.6364 0.3390 0.0000 0.0245
009040 0.6337 0.3411 0.0000 0.0253
009060 0.6312 0.3435 0.0000 0.0253
009080 0.6311 0.3451 0.0000 0.0238
009100 0.6309 0.3452 0.0000 0.0239
009120 0.6324 0.3459 0.0000 0.0216
009140 0.6363 0.3425 0.0000 0.0211
009160 0.6467 0.3318 0.0000 0.0215
009180 0.6501 0.3284 0.0000 0.0215
009200 0.6548 0.3242 0.0000 0.0210
009220 0.6580 0.3217 0.0000 0.0203
009240 0.6615 0.3178 0.0000 0.0207
009260 0.6621 0.3157 0.0000 0.0221
009280 0.6595 0.3187 0.0000 0.0218
009300 0.6574 0.3202 0.0000 0.0224
009320 0.6546 0.3214 0.0000 0.0240
009340 0.6526 0.3239 0.0000 0.0235
009360 0.6501 0.3270 0.0000 0.0229
009380 0.6478 0.3295 0.0000 0.0227
009400 0.6433 0.3317 0.0000 0.0250
009420 0.6365 0.3378 0.0000 0.0257
009440 0.6308 0.3444 0.0000 0.0248
009460 0.6304 0.3473 0.0000 0.0223
009480 0.6368 0.3426 0.0000 0.0207
009500 0.6395 0.3391 0.0000 0.0214
009520 0.6430 0.3346 0.0000 0.0224
009540 0.6439 0.3330 0.0000 0.0231
009560 0.6426 0.3326 0.0000 0.0248
009580 0.6382 0.3366 0.0000 0.0252
009600 0.6359 0.3412 0.0000 0.0229
009620 0.6439 0.3363 0.0000 0.0198
009640 0.6508 0.3304 0.0000 0.0188
009660 0.6567 0.3243 0.0000 0.0190
009680 0.6644 0.3176 0.0000 0.0179
009700 0.6699 0.3110 0.0000 0.0191
009720 0.6734 0.3076 0.0000 0.0190
009740 0.6784 0.3022 0.0000 0.0194
009760 0.6782 0.3007 0.0000 0.0211
009780 0.6767 0.3021 0.0000 0.0212
009800 0.6752 0.3033 0.0000 0.0215
009820 0.6719 0.3051 0.0000 0.0229
009840 0.6624 0.3131 0.0000 0.0245
009860 0.6516 0.3225 0.0000 0.0259
009880 0.6416 0.3316 0.0000 0.0267
009900 0.6336 0.3395 0.0000 0.0269
009920 0.6250 0.3486 0.0000 0.0265
009940 0.6207 0.3557 0.0000 0.0236
009960 0.6226 0.3549 0.0000 0.0225
009980 0.6230 0.3534 0.0000 0.0237
010000 0.6283 0.3501 0.0000 0.0216
010020 0.6392 0.3411 0.0000 0.0196
010040 0.6392 0.3411 0.0000 0.0196
010060 0.6392 0.3411 0.0000 0.0196
010080 0.6392 0.3411 0.0000 0.0196
010100 0.6392 0.3411 0.0000 0.0196
010120 0.6392 0.3411 0.0000 0.0196
010140 0.6392 0.3411 0.0000 0.0196
010160 0.6392 0.3411 0.0000 0.0196
010180 0.6392 0.3411 0.0000 0.0196
010200 0.6392 0.3411 0.0000 0.0196
010220 0.6392 0.3411 0.0000 0.0196
010240 0.6392 0.3411 0.0000 0.0196
010260 0.6392 0.3411 0.0000 0.0196
010280 0.6392 0.3411 0.0000 0.0196
010300 0.6392 0.3411 0.0000 0.0196
010320 0.6392 0.3411 0.0000 0.0196
010340 0.6392 0.3411 0.0000 0.0196
010360 0.6392 0.3411 0.0000 0.0196
010380 0.6392 0.3411 0.0000 0.0196
010400 0.6392 0.3411 0.0000 0.0196
010420 0.6392 0.3411 0.0000 0.0196
010440 0.6392 0.3411 0.0000 0.0196
010460 0.6392 0.3411 0.0000 0.0196
010480 0.6392 0.3411 0.0000 0.0196
010500 0.6392 0.3411 0.0000 0.0196
010520 0.6392 0.3411 0.0000 0.0196
010540 0.6392 0.3411 0.0000 0.0196
010560 0.6392 0.3411 0.0000 0.0196
010580 0.6392 0.3411 0.0000 0.0196
010600 0.6392 0.3411 0.0000 0.0196
010620 0.6392 0.3411 0.0000 0.0196
010640 0.6392 0.3411 0.0000 0.0196
010660 0.6392 0.3411 0.0000 0.0196
010680 0.6392 0.3411 0.0000 0.0196
010700 0.6392 0.3411 0.0000 0.0196
010720 0.6392 0.3411 0.0000 0.0196
010740 0.6392 0.3411 0.0000 0.0196
010760 0.6392 0.3411 0.0000 0.0196
010780 0.6392 0.3411 0.0000 0.0196
010800 0.6392 0.3411 0.0000 0.0196
010820 0.6392 0.3411 0.0000 0.0196
010840 0.6392 0.3411 0.0000 0.0196
010860 0.6392 0.3411 0.0000 0.0196
010880 0.6392 0.3411 0.0000 0.0196
010900 0.6392 0.3411 0.0000 0.0196
010920 0.6392 0.3411 0.0000 0.0196
010940 0.6392 0.3411 0.0000 0.0196
010960 0.6392 0.3411 0.0000 0.0196
010980 0.6392 0.3411 0.0000 0.0196
011000 0.6392 0.3411 0.0000 0.0196
011020 0.6392 0.3411 0.0000 0.0196
011040 0.6392 0.3411 0.0000 0.0196
011060 0.6392 0.3411 0.0000 0.0196
011080 0.6392 0.3411 0.0000 0.0196
011100 0.6392 0.3411 0.0000 0.0196
011120 0.6392 0.3411 0.0000 0.0196
011140 0.6392 0.3411 0.0000 0.0196
011160 0.6392 0.3411 0.0000 0.0196
011180 0.6392 0.3411 0.0000 0.0196
011200 0.6392 0.3411 0.0000 0.0196
011220 0.6392 0.3411 0.0000 0.0196
011240 0.6392 0.3411 0.0000 0.0196
011260 0.6392 0.3411 0.0000 0.0196
011280 0.6392 0.3411 0.0000 0.0196
011300 0.6392 0.3411 0.0000 0.0196
011320 0.6392 0.3411 0.0000 0.0196
011340 0.6392 0.3411 0.0000 0.0196
011360 0.6392 0.3411 0.0000 0.0196
011380 0.6392 0.3411 0.0000 0.0196
011400 0.6392 0.3411 0.0000 0.0196
011420 0.6392 0.3411 0.0000 0.0196
011440 0.6392 0.3411 0.0000 0.0196
011460 0.6392 0.3411 0.0000 0.0196
011480 0.6392 0.3411 0.0000 0.0196
011500 0.6392 0.3411 0.0000 0.0196
011520 0.6392 0.3411 0.0000 0.0196
011540 0.6392 0.3411 0.0000 0.0196
011560 0.6392 0.3411 0.0000 0.0196
011580 0.6392 0.3411 0.0000 0.0196
011600 0.6392 0.3411 0.0000 0.0196
011620 0.6392 0.3411 0.0000 0.0196
011640 0.6392 0.3411 0.0000 0.0196
011660 0.6392 0.3411 0.0000 0.0196
011680 0.6392 0.3411 0.0000 0.0196
011700 0.6392 0.3411 0.0000 0.0196
011720 0.6392 0.3411 0.0000 0.0196
011740 0.6392 0.3411 0.0000 0.0196
011760 0.6392 0.3411 0.0000 0.0196
011780 0.6392 0.3411 0.0000 0.0196
011800 0.6392 0.3411 0.0000 0.0196
011820 0.6392 0.3411 0.0000 0.0196
011840 0.6392 0.3411 0.0000 0.0196
011860 0.6392 0.3411 0.0000 0.0196
011880 0.6392 0.3411 0.0000 0.0196
011900 0.6392 0.3411 0.0000 0.0196
011920 0.6392 0.3411 0.0000 0.0196
011940 0.6392 0.3411 0.0000 0.0196
011960 0.6392 0.3411 0.0000 0.0196
011980 0.6392 0.3411 0.0000 0.0196
012000 0.6392 0.3411 0.0000 0.0196
012020 0.6392 0.3411 0.0000 0.0196
012040 0.6392 0.3411 0.0000 0.0196
012060 0.6392 0.3411 0.0000 0.0196
012080 0.6392 0.3411 0.0000 0.0196
012100 0.6392 0.3411 0.0000 0.0196
012120 0.6392 0.3411 0.0000 0.0196
012140 0.6392 0.3411 0.0000 0.0196
012160 0.6392 0.3411 0.0000 0.0196
012180 0.6392 0.3411 0.0000 0.0196
012200 0.6392 0.3411 0.0000 0.0196
012220 0.6392 0.3411 0.0000 0.0196
012240 0.6392 0.3411 0.0000 0.0196
012260 0.6392 0.3411 0.0000 0.0196
012280 0.6392 0.3411 0.0000 0.0196
012300 0.6392 0.3411 0.0000 0.0196
012320 0.6392 0.3411 0.0000 0.0196
012340 0.6392 0.3411 0.0000 0.0196
012360 0.6392 0.3411 0.0000 0.0196
012380 0.6392 0.3411 0.0000 0.0196
012400 0.6392 0.3411 0.0000 0.0196
012420 0.6392 0.3411 0.0000 0.0196
012440 0.6392 0.3411 0.0000 0.0196
012460 0.6392 0.3411 0.0000 0.0196
012480 0.6392 0.3411 0.0000 0.0196
012500 0.6392 0.3411 0.0000 0.0196
012520 0.6392 0.3411 0.0000 0.0196
012540 0.6392 0.3411 0.0000 0.0196
012560 0.6392 0.3411 0.0000 0.0196
012580 0.6392 0.3411 0.0000 0.0196
012600 0.6392 0.3411 0.0000 0.0196
012620 0.6392 0.3411 0.0000 0.0196
012640 0.6392 0.3411 0.0000 0.0196
012660 0.6392 0.3411 0.0000 0.0196
012680 0.6392 0.3411 0.0000 0.0196
012700 0.6392 0.3411 0.0000 0.0196
012720 0.6392 0.3411 0.0000 0.0196
012740 0.6392 0.3411 0.0000 0.0196
012760 0.6392 0.3411 0.0000 0.0196
012780 0.6392 0.3411 0.0000 0.0196
012800 0.6392 0.3411 0.0000 0.0196
012820 0.6392 0.3411 0.0000 0.0196
012840 0.6392 0.3411 0.0000 0.0196
012860 0.6392 0.3411 0.0000 0.0196
012880 0.6392 0.3411 0.0000 0.0196
012900 0.6392 0.3411 0.0000 0.0196
012920 0.6392 0.3411 0.0000 0.0196
012940 0.6392 0.3411 0.0000 0.0196
012960 0.6392 0.3411 0.0000 0.0196
012980 0.6392 0.3411 0.0000 0.0196
013000 0.6392 0.3411 0.0000 0.0196
013020 0.6392 0.3411 0.0000 0.0196
013040 0.6392 0.3411 0.0000 0.0196
013060 0.6392 0.3411 0.0000 0.0196
013080 0.6392 0.3411 0.0000 0.0196
013100 0.6392 0.3411 0.0000 0.0196
013120 0.6392 0.3411 0.0000 0.0196
013140 0.6392 0.3411 0.0000 0.0196
013160 0.6392 0.3411 0.0000 0.0196
013180 0.6392 0.3411 0.0000 0.0196
013200 0.6392 0.3411 0.0000 0.0196
013220 0.6392 0.3411 0.0000 0.0196
013240 0.6392 0.3411 0.0000 0.0196
013260 0.6392 0.3411 0.0000 0.0196
013280 0.6392 0.3411 0.0000 0.0196
013300 0.6392 0.3411 0.0000 0.0196
013320 0.6392 0.3411 0.0000 0.0196
013340 0.6392 0.3411 0.0000 0.0196
013360 0.6392 0.3411 0.0000 0.0196
013380 0.6392 0.3411 0.0000 0.0196
013400 0.6392 0.3411 0.0000 0.0196
013420 0.6392 0.3411 0.0000 0.0196
013440 0.6392 0.3411 0.0000 0.0196
013460 0.6392 0.3411 0.0000 0.0196
013480 0.6392 0.3411 0.0000 0.0196
013500 0.6392 0.3411 0.0000 0.0196
013520 0.6392 0.3411 0.0000 0.0196
013540 0.6392 0.3411 0.0000 0.0196
013560 0.6392 0.3411 0.0000 0.0196
013580 0.6392 0.3411 0.0000 0.0196
013600 0.6392 0.3411 0.0000 0.0196
013620 0.6392 0.3411 0.0000 0.0196
013640 0.6392 0.3411 0.0000 0.0196
013660 0.6392 0.3411 0.0000 0.0196
013680 0.6392 0.3411 0.0000 0.0196
013700 0.6392 0.3411 0.0000 0.0196
013720 0.6392 0.3411 0.0000 0.0196
013740 0.6392 0.3411 0.0000 0.0196
013760 0.6392 0.3411 0.0000 0.0196
013780 0.6392 0.3411 0.0000 0.0196
013800 0.6392 0.3411 0.0000 0.0196
013820 0.6392 0.3411 0.0000 0.0196
013840 0.6392 0.3411 0.0000 0.0196
013860 0.6392 0.3411 0.0000 0.0196
013880 0.6392 0.3411 0.0000 0.0196
013900 0.6392 0.3411 0.0000 0.0196
013920 0.6392 0.3411 0.0000 0.0196
013940 0.6392 0.3411 0.0000 0.0196
013960 0.6392 0.3411 0.0000 0.0196
013980 0.6392 0.3411 0.0000 0.0196
014000 0.6392 0.3411 0.0000 0.0196
014020 0.6392 0.3411 0.0000 0.0196
014040 0.6392 0.3411 0.0000 0.0196
014060 0.6392 0.3411 0.0000 0.0196
014080 0.6392 0.3411 0.0000 0.0196
014100 0.6392 0.3411 0.0000 0.0196
014120 0.6392 0.3411 0.0000 0.0196
014140 0.6392 0.3411 0.0000 0.0196
014160 0.6392 0.3411 0.0000 0.0196
014180 0.6392 0.3411 0.0000 0.0196
014200 0.6392 0.3411 0.0000 0.0196
014220 0.6392 0.3411 0.0000 0.0196
014240 0.6392 0.3411 0.0000 0.0196
014260 0.6392 0.3411 0.0000 0.0196
014280 0.6392 0.3411 0.0000 0.0196
014300 0.6392 0.3411 0.0000 0.0196
014320 0.6392 0.3411 0.0000 0.0196
014340 0.6392 0.3411 0.0000 0.0196
014360 0.6392 0.3411 0.0000 0.0196
014380 0.6392 0.3411 0.0000 0.0196
014400 0.6392 0.3411 0.0000 0.0196
014420 0.6392 0.3411 0.0000 0.0196
014440 0.6392 0.3411 0.0000 0.0196
014460 0.6392 0.3411 0.0000 0.0196
014480 0.6392 0.3411 0.0000 0.0196
014500 0.6392 0.3411 0.0000 0.0196
014520 0.6392 0.3411 0.0000 0.0196
014540 0.6392 0.3411 0.0000 0.0196
014560 0.6392 0.3411 0.0000 0.0196
014580 0.6392 0.3411 0.0000 0.0196
014600 0.6392 0.3411 0.0000 0.0196
014620 0.6392 0.3411 0.0000 0.0196
014640 0.6392 0.3411 0.0000 0.0196
014660 0.6392 0.3411 0.0000 0.0196
014680 0.6392 0.3411 0.0000 0.0196
014700 0.6392 0.3411 0.0000 0.0196
014720 0.6392 0.3411 0.0000 0.0196
014740 0.6392 0.3411 0.0000 0.0196
014760 0.6392 0.3411 0.0000 0.0196
014780 0.6392 0.3411 0.0000 0.0196
014800 0.6392 0.3411 0.0000 0.0196
014820 0.6392 0.3411 0.0000 0.0196
014840 0.6392 0.3411 0.0000 0.0196
014860 0.6392 0.3411 0.0000 0.0196
014880 0.6392 0.3411 0.0000 0.0196
014900 0.6392 0.3411 0.0000 0.0196
014920 0.6392 0.3411 0.0000 0.0196
014940 0.6392 0.3411 0.0000 0.0196
014960 0.6392 0.3411 0.0000 0.0196
014980 0.6392 0.3411 0.0000 0.0196
015000 0.6392 0.3411 0.0000 0.0196
015020 0.6392 0.3411 0.0000 0.0196
015040 0.6392 0.3411 0.0000 0.0196
015060 0.6392 0.3411 0.0000 0.0196
015080 0.6392 0.3411 0.0000 0.0196
015100 0.6392 0.3411 0.0000 0.0196
015120 0.6392 0.3411 0.0000 0.0196
015140 0.6392 0.3411 0.0000 0.0196
015160 0.6392 0.3411 0.0000 0.0196
015180 0.6392 0.3411 0.0000 0.0196
015200 0.6392 0.3411 0.0000 0.0196
015220 0.6392 0.3411 0.0000 0.0196
015240 0.6392 0.3411 0.0000 0.0196
015260 0.6392 0.3411 0.0000 0.0196
015280 0.6392 0.3411 0.0000 0.0196
015300 0.6392 0.3411 0.0000 0.0196
015320 0.6392 0.3411 0.0000 0.0196
015340 0.6392 0.3411 0.0000 0.0196
015360 0.6392 0.3411 0.0000 0.0196
015380 0.6392 0.3411 0.0000 0.0196
015400 0.6392 0.3411 0.0000 0.0196
015420 0.6392 0.3411 0.0000 0.0196
015440 0.6392 0.3411 0.0000 0.0196
015460 0.6392 0.3411 0.0000 0.0196
015480 0.6392 0.3411 0.0000 0.0196
015500 0.6392 0.3411 0.0000 0.0196
015520 0.6392 0.3411 0.0000 0.0196
015540 0.6392 0.3411 0.0000 0.0196
015560 0.6392 0.3411 0.0000 0.0196
015580 0.6392 0.3411 0.0000 0.0196
015600 0.6392 0.3411 0.0000 0.0196
015620 0.6392 0.3411 0.0000 0.0196
015640 0.6392 0.3411 0.0000 0.0196
015660 0.6392 0.3411 0.0000 0.0196
015680 0.6392 0.3411 0.0000 0.0196
015700 0.6392 0.3411 0.0000 0.0196
015720 0.6392 0.3411 0.0000 0.0196
015740 0.6392 0.3411 0.0000 0.0196
015760 0.6392 0.3411 0.0000 0.0196
015780 0.6392 0.3411 0.0000 0.0196
015800 0.6392 0.3411 0.0000 0.0196
015820 0.6392 0.3411 0.0000 0.0196
015840 0.6392 0.3411 0.0000 0.0196
015860 0.6392 0.3411 0.0000 0.0196
015880 0.6392 0.3411 0.0000 0.0196
015900 0.6392 0.3411 0.0000 0.0196
015920 0.6392 0.3411 0.0000 0.0196
015940 0.6392 0.3411 0.0000 0.0196
015960 0.6392 0.3411 0.0000 0.0196
015980 0.6392 0.3411 0.0000 0.0196
016000 0.6392 0.3411 0.0000 0.0196
016020 0.6392 0.3411 0.0000 0.0196
016040 0.6392 0.3411 0.0000 0.0196
016060 0.6392 0.3411 0.0000 0.0196
016080 0.6392 0.3411 0.0000 0.0196
016100 0.6392 0.3411 0.0000 0.0196
016120 0.6392 0.3411 0.0000 0.0196
016140 0.6392 0.3411 0.0000 0.0196
016160 0.6392 0.3411 0.0000 0.0196
016180 0.6392 0.3411 0.0000 0.0196
016200 0.6392 0.3411 0.0000 0.0196
016220 0.6392 0.3411 0.0000 0.0196
016240 0.6392 0.3411 0.0000 0.0196
016260 0.6392 0.3411 0.0000 0.0196
016280 0.6392 0.3411 0.0000 0.0196
016300 0.6392 0.3411 0.0000 0.0196
016320 0.6392 0.3411 0.0000 0.0196
016340 0.6392 0.3411 0.0000 0.0196
016360 0.6392 0.3411 0.0000 0.0196
016380 0.6392 0.3411 0.0000 0.0196
016400 0.6392 0.3411 0.0000 0.0196
016420 0.6392 0.3411 0.0000 0.0196
016440 0.6392 0.3411 0.0000 0.0196
016460 0.6392 0.3411 0.0000 0.0196
016480 0.6392 0.3411 0.0000 0.0196
016500 0.6392 0.3411 0.0000 0.0196
016520 0.6392 0.3411 0.0000 0.0196
016540 0.6392 0.3411 0.0000 0.0196
016560 0.6392 0.3411 0.0000 0.0196
016580 0.6392 0.3411 0.0000 0.0196
016600 0.6392 0.3411 0.0000 0.0196
016620 0.6392 0.3411 0.0000 0.0196
016640 0.6392 0.3411 0.0000 0.0196
016660 0.6392 0.3411 0.0000 0.0196
016680 0.6392 0.3411 0.0000 0.0196
016700 0.6392 0.3411 0.0000 0.0196
016720 0.6392 0.3411 0.0000 0.0196
016740 0.6392 0.3411 0.0000 0.0196
016760 0.6392 0.3411 0.0000 0.0196
016780 0.6392 0.3411 0.0000 0.0196
016800 0.6392 0.3411 0.0000 0.0196
016820 0.6392 0.3411 0.0000 0.0196
016840 0.6392 0.3411 0.0000 0.0196
016860 0.6392 0.3411 0.0000 0.0196
016880 0.6392 0.3411 0.0000 0.0196
016900 0.6392 0.3411 0.0000 0.0196
016920 0.6392 0.3411 0.0000 0.0196
016940 0.6392 0.3411 0.0000 0.0196
016960 0.6392 0.3411 0.0000 0.0196
016980 0.6392 0.3411 0.0000 0.0196
017000 0.6392 0.3411 0.0000 0.0196
017020 0.6392 0.3411 0.0000 0.0196
017040 0.6392 0.3411 0.0000 0.0196
017060 0.6392 0.3411 0.0000 0.0196
017080 0.6392 0.3411 0.0000 0.0196
017100 0.6392 0.3411 0.0000 0.0196
017120 0.6392 0.3411 0.0000 0.0196
017140 0.6392 0.3411 0.0000 0.0196
017160 0.6392 0.3411 0.0000 0.0196
017180 0.6392 0.3411 0.0000 0.0196
017200 0.6392 0.3411 0.0000 0.0196
017220 0.6392 0.3411 0.0000 0.0196
017240 0.6392 0.3411 0.0000 0.0196
017260 0.6392 0.3411 0.0000 0.0196
017280 0.6392 0.3411 0.0000 0.0196
017300 0.6392 0.3411 0.0000 0.0196
017320 0.6392 0.3411 0.0000 0.0196
017340 0.6392 0.3411 0.0000 0.0196
017360 0.6392 0.3411 0.0000 0.0196
017380 0.6392 0.3411 0.0000 0.0196
017400 0.6392 0.3411 0.0000 0.0196
017420 0.6392 0.3411 0.0000 0.0196
017440 0.6392 0.3411 0.0000 0.0196
017460 0.6392 0.3411 0.0000 0.0196
017480 0.6392 0.3411 0.0000 0.0196
017500 0.6392 0.3411 0.0000 0.0196
017520 0.6392 0.3411 0.0000 0.0196
017540 0.6392 0.3411 0.0000 0.0196
017560 0.6392 0.3411 0.0000 0.0196
017580 0.6392 0.3411 0.0000 0.0196
017600 0.6392 0.3411 0.0000 0.0196
017620 0.6392 0.3411 0.0000 0.0196
017640 0.6392 0.3411 0.0000 0.0196
017660 0.6392 0.3411 0.0000 0.0196
017680 0.6392 0.3411 0.0000 0.0196
017700 0.6392 0.3411 0.0000 0.0196
017720 0.6392 0.3411 0.0000 0.0196
017740 0.6392 0.3411 0.0000 0.0196
017760 0.6392 0.3411 0.0000 0.0196
017780 0.6392 0.3411 0.0000 0.0196
017800 0.6392 0.3411 0.0000 0.0196
017820 0.6392 0.3411 0.0000 0.0196
017840 0.6392 0.3411 0.0000 0.0196
017860 0.6392 0.3411 0.0000 0.0196
017880 0.6392 0.3411 0.0000 0.0196
017900 0.6392 0.3411 0.0000 0.0196
017920 0.6392 0.3411 0.0000 0.0196
017940 0.6392 0.3411 0.0000 0.0196
017960 0.6392 0.3411 0.0000 0.0196
017980 0.6392 0.3411 0.0000 0.0196
018000 0.6392 0.3411 0.0000 0.0196
018020 0.6392 0.3411 0.0000 0.0196
018040 0.6392 0.3411 0.0000 0.0196
018060 0.6392 0.3411 0.0000 0.0196
018080 0.6392 0.3411 0.0000 0.0196
018100 0.6392 0.3411 0.0000 0.0196
018120 0.6392 0.3411 0.0000 0.0196
018140 0.6392 0.3411 0.0000 0.0196
018160 0.6392 0.3411 0.0000 0.0196
018180 0.6392 0.3411 0.0000 0.0196
018200 0.6392 0.3411 0.0000 0.0196
018220 0.6392 0.3411 0.0000 0.0196
018240 0.6392 0.3411 0.0000 0.0196
018260 0.6392 0.3411 0.0000 0.0196
018280 0.6392 0.3411 0.0000 0.0196
018300 0.6392 0.3411 0.0000 0.0196
018320 0.6392 0.3411 0.0000 0.0196
018340 0.6392 0.3411 0.0000 0.0196
018360 0.6392 0.3411 0.0000 0.0196
018380 0.6392 0.3411 0.0000 0.0196
018400 0.6392 0.3411 0.0000 0.0196
018420 0.6392 0.3411 0.0000 0.0196
018440 0.6392 0.3411 0.0000 0.0196
018460 0.6392 0.3411 0.0000 0.0196
018480 0.6392 0.3411 0.0000 0.0196
018500 0.6392 0.3411 0.0000 0.0196
018520 0.6392 0.3411 0.0000 0.0196
018540 0.6392 0.3411 0.0000 0.0196
018560 0.6392 0.3411 0.0000 0.0196
018580 0.6392 0.3411 0.0000 0.0196
018600 0.6392 0.3411 0.0000 0.0196
018620 0.6392 0.3411 0.0000 0.0196
018640 0.6392 0.3411 0.0000 0.0196
018660 0.6392 0.3411 0.0000 0.0196
018680 0.6392 0.3411 0.0000 0.0196
018700 0.6392 0.3411 0.0000 0.0196
018720 0.6392 0.3411 0.0000 0.0196
018740 0.6392 0.3411 0.0000 0.0196
018760 0.6392 0.3411 0.0000 0.0196
018780 0.6392 0.3411 0.0000 0.0196
018800 0.6392 0.3411 0.0000 0.0196
018820 0.6392 0.3411 0.0000 0.0196
018840 0.6392 0.3411 0.0000 0.0196
018860 0.6392 0.3411 0.0000 0.0196
018880 0.6392 0.3411 0.0000 0.0196
018900 0.6392 0.3411 0.0000 0.0196
018920 0.6392 0.3411 0.0000 0.0196
018940 0.6392 0.3411 0.0000 0.0196
018960 0.6392 0.3411 0.0000 0.0196
018980 0.6392 0.3411 0.0000 0.0196
019000 0.6392 0.3411 0.0000 0.0196
019020 0.6392 0.3411 0.0000 0.0196
019040 0.6392 0.3411 0.0000 0.0196
019060 0.6392 0.3411 0.0000 0.0196
019080 0.6392 0.3411 0.0000 0.0196
019100 0.6392 0.3411 0.0000 0.0196
019120 0.6392 0.3411 0.0000 0.0196
019140 0.6392 0.3411 0.0000 0.0196
019160 0.6392 0.3411 0.0000 0.0196
019180 0.6392 0.3411 0.0000 0.0196
019200 0.6392 0.3411 0.0000 0.0196
019220 0.6392 0.3411 0.0000 0.0196
019240 0.6392 0.3411 0.0000 0.0196
019260 0.6392 0.3411 0.0000 0.0196
019280 0.6392 0.3411 0.0000 0.0196
019300 0.6392 0.3411 0.0000 0.0196
019320 0.6392 0.3411 0.0000 0.0196
019340 0.6392 0.3411 0.0000 0.0196
019360 0.6392 0.3411 0.0000 0.0196
019380 0.6392 0.3411 0.0000 0.0196
019400 0.6392 0.3411 0.0000 0.0196
019420 0.6392 0.3411 0.0000 0.0196
019440 0.6392 0.3411 0.0000 0.0196
019460 0.6392 0.3411 0.0000 0.0196
019480 0.6392 0.3411 0.0000 0.0196
019500 0.6392 0.3411 0.0000 0.0196
019520 0.6392 0.3411 0.0000 0.0196
019540 0.6392 0.3411 0.0000 0.0196
019560 0.6392 0.3411 0.0000 0.0196
019580 0.6392 0.3411 0.0000 0.0196
019600 0.6392 0.3411 0.0000 0.0196
019620 0.6392 0.3411 0.0000 0.0196
019640 0.6392 0.3411 0.0000 0.0196
019660 0.6392 0.3411 0.0000 0.0196
019680 0.6392 0.3411 0.0000 0.0196
019700 0.6392 0.3411 0.0000 0.0196
019720 0.6392 0.3411 0.0000 0.0196
019740 0.6392 0.3411 0.0000 0.0196
019760 0.6392 0.3411 0.0000 0.0196
019780 0.6392 0.3411 0.0000 0.0196
019800 0.6392 0.3411 0.0000 0.0196
019820 0.6392 0.3411 0.0000 0.0196
019840 0.6392 0.3411 0.0000 0.0196
019860 0.6392 0.3411 0.0000 0.0196
019880 0.6392 0.3411 0.0000 0.0196
019900 0.6392 0.3411 0.0000 0.0196
019920 0.6392 0.3411 0.0000 0.0196
019940 0.6392 0.3411 0.0000 0.0196
019960 0.6392 0.3411 0.0000 0.0196
019980 0.6392 0.3411 0.0000 0.0196
020000 0.6392 0.3411 0.0000 0.0196
