000000 0.2500 0.2500 0.2500 0.2500
000020 0.2604 0.2582 0.2301 0.2512
000040 0.2733 0.2667 0.2083 0.2517
000060 0.2860 0.2757 0.1867 0.2516
000080 0.2975 0.2854 0.1669 0.2502
000100 0.3079 0.2966 0.1477 0.2478
000120 0.3180 0.3075 0.1296 0.2449
000140 0.3268 0.3187 0.1127 0.2419
000160 0.3337 0.3310 0.0972 0.2381
000180 0.3397 0.3443 0.0828 0.2332
000200 0.3448 0.3588 0.0695 0.2269
000220 0.3487 0.3732 0.0574 0.2207
000240 0.3521 0.3884 0.0465 0.2130
000260 0.3546 0.4050 0.0360 0.2043
000280 0.3563 0.4209 0.0271 0.1957
000300 0.3564 0.4375 0.0199 0.1861
000320 0.3546 0.4570 0.0138 0.1746
000340 0.3510 0.4775 0.0089 0.1626
000360 0.3482 0.4975 0.0049 0.1494
000380 0.3442 0.5163 0.0020 0.1376
000400 0.3366 0.5375 0.0002 0.1257
000420 0.3265 0.5635 0.0000 0.1100
000440 0.3205 0.5862 0.0000 0.0934
000460 0.3152 0.6076 0.0000 0.0772
000480 0.3120 0.6205 0.0000 0.0675
000500 0.3118 0.6311 0.0000 0.0572
000520 0.3151 0.6352 0.0000 0.0497
000540 0.3153 0.6404 0.0000 0.0443
000560 0.3169 0.6438 0.0000 0.0393
000580 0.3155 0.6484 0.0000 0.0361
000600 0.3171 0.6499 0.0000 0.0330
000620 0.3210 0.6488 0.0000 0.0302
000640 0.3278 0.6436 0.0000 0.0286
000660 0.3316 0.6384 0.0000 0.0300
000680 0.3324 0.6343 0.0000 0.0333
000700 0.3335 0.6326 0.0000 0.0339
000720 0.3424 0.6263 0.0000 0.0313
000740 0.3579 0.6121 0.0000 0.0300
000760 0.3714 0.5971 0.0000 0.0315
000780 0.3826 0.5832 0.0000 0.0342
000800 0.3906 0.5745 0.0000 0.0349
000820 0.3917 0.5700 0.0000 0.0383
000840 0.3928 0.5687 0.0000 0.0385
000860 0.3951 0.5665 0.0000 0.0384
000880 0.4057 0.5562 0.0000 0.0381
000900 0.4178 0.5434 0.0000 0.0388
000920 0.4305 0.5320 0.0000 0.0375
000940 0.4429 0.5177 0.0000 0.0395
000960 0.4486 0.5092 0.0000 0.0421
000980 0.4536 0.5048 0.0000 0.0416
001000 0.4608 0.4962 0.0000 0.0431
001020 0.4672 0.4893 0.0000 0.0435
001040 0.4751 0.4806 0.0000 0.0443
001060 0.4826 0.4715 0.0000 0.0459
001080 0.4898 0.4641 0.0000 0.0461
001100 0.5023 0.4530 0.0000 0.0447
001120 0.5185 0.4360 0.0000 0.0455
001140 0.5305 0.4231 0.0000 0.0464
001160 0.5378 0.4136 0.0000 0.0486
001180 0.5369 0.4126 0.0000 0.0505
001200 0.5380 0.4105 0.0000 0.0515
001220 0.5430 0.4040 0.0000 0.0530
001240 0.5510 0.3965 0.0000 0.0525
001260 0.5638 0.3858 0.0000 0.0505
001280 0.5790 0.3723 0.0000 0.0486
001300 0.5875 0.3604 0.0000 0.0521
001320 0.5867 0.3595 0.0000 0.0539
001340 0.5876 0.3575 0.0000 0.0549
001360 0.5873 0.3560 0.0000 0.0567
001380 0.5852 0.3576 0.0000 0.0572
001400 0.5847 0.3603 0.0000 0.0550
001420 0.5906 0.3544 0.0000 0.0549
001440 0.5953 0.3475 0.0000 0.0572
001460 0.5935 0.3473 0.0000 0.0592
001480 0.5909 0.3494 0.0000 0.0597
001500 0.5870 0.3533 0.0000 0.0597
001520 0.5855 0.3557 0.0000 0.0588
001540 0.5921 0.3514 0.0000 0.0565
001560 0.5967 0.3466 0.0000 0.0567
001580 0.5957 0.3457 0.0000 0.0587
001600 0.5926 0.3470 0.0000 0.0604
001620 0.5882 0.3501 0.0000 0.0618
001640 0.5873 0.3533 0.0000 0.0594
001660 0.5893 0.3516 0.0000 0.0591
001680 0.5961 0.3472 0.0000 0.0567
001700 0.6061 0.3377 0.0000 0.0562
001720 0.6064 0.3354 0.0000 0.0581
001740 0.5994 0.3407 0.0000 0.0599
001760 0.5964 0.3448 0.0000 0.0588
001780 0.5922 0.3464 0.0000 0.0614
001800 0.5845 0.3528 0.0000 0.0627
001820 0.5847 0.3545 0.0000 0.0609
001840 0.5935 0.3506 0.0000 0.0560
001860 0.6029 0.3419 0.0000 0.0552
001880 0.6103 0.3353 0.0000 0.0544
001900 0.6113 0.3304 0.0000 0.0583
001920 0.6048 0.3348 0.0000 0.0604
001940 0.5975 0.3410 0.0000 0.0615
001960 0.5922 0.3486 0.0000 0.0592
001980 0.5956 0.3472 0.0000 0.0573
002000 0.6031 0.3397 0.0000 0.0572
002020 0.6099 0.3355 0.0000 0.0546
002040 0.6152 0.3297 0.0000 0.0552
002060 0.6157 0.3262 0.0000 0.0581
002080 0.6104 0.3298 0.0000 0.0597
002100 0.6059 0.3341 0.0000 0.0600
002120 0.6031 0.3385 0.0000 0.0584
002140 0.5995 0.3414 0.0000 0.0592
002160 0.5989 0.3422 0.0000 0.0589
002180 0.5993 0.3437 0.0000 0.0570
002200 0.6012 0.3415 0.0000 0.0573
002220 0.6016 0.3399 0.0000 0.0585
002240 0.6104 0.3357 0.0000 0.0538
002260 0.6171 0.3283 0.0000 0.0546
002280 0.6240 0.3200 0.0000 0.0560
002300 0.6212 0.3183 0.0000 0.0605
002320 0.6029 0.3333 0.0000 0.0637
002340 0.5884 0.3502 0.0000 0.0614
002360 0.5912 0.3523 0.0000 0.0565
002380 0.5960 0.3451 0.0000 0.0588
002400 0.6016 0.3417 0.0000 0.0567
002420 0.6059 0.3368 0.0000 0.0573
002440 0.6050 0.3343 0.0000 0.0608
002460 0.5982 0.3418 0.0000 0.0600
002480 0.5928 0.3457 0.0000 0.0615
002500 0.5904 0.3489 0.0000 0.0607
002520 0.5920 0.3489 0.0000 0.0591
002540 0.5993 0.3447 0.0000 0.0559
002560 0.6037 0.3377 0.0000 0.0586
002580 0.6026 0.3400 0.0000 0.0575
002600 0.6072 0.3374 0.0000 0.0554
002620 0.6118 0.3323 0.0000 0.0558
002640 0.6131 0.3306 0.0000 0.0563
002660 0.6160 0.3267 0.0000 0.0572
002680 0.6126 0.3294 0.0000 0.0580
002700 0.6087 0.3314 0.0000 0.0599
002720 0.6000 0.3392 0.0000 0.0608
002740 0.5873 0.3484 0.0000 0.0643
002760 0.5798 0.3564 0.0000 0.0639
002780 0.5817 0.3607 0.0000 0.0577
002800 0.5987 0.3482 0.0000 0.0531
002820 0.6186 0.3285 0.0000 0.0529
002840 0.6217 0.3201 0.0000 0.0582
002860 0.6163 0.3265 0.0000 0.0572
002880 0.6109 0.3314 0.0000 0.0577
002900 0.6042 0.3375 0.0000 0.0584
002920 0.6032 0.3393 0.0000 0.0575
002940 0.6021 0.3381 0.0000 0.0598
002960 0.5980 0.3428 0.0000 0.0591
002980 0.6029 0.3403 0.0000 0.0568
003000 0.6082 0.3359 0.0000 0.0559
003020 0.6075 0.3332 0.0000 0.0593
003040 0.6059 0.3371 0.0000 0.0570
003060 0.6105 0.3331 0.0000 0.0564
003080 0.6071 0.3342 0.0000 0.0588
003100 0.6009 0.3394 0.0000 0.0596
003120 0.5975 0.3432 0.0000 0.0593
003140 0.6007 0.3431 0.0000 0.0562
003160 0.6094 0.3351 0.0000 0.0555
003180 0.6110 0.3313 0.0000 0.0577
003200 0.6093 0.3310 0.0000 0.0597
003220 0.6045 0.3371 0.0000 0.0583
003240 0.6029 0.3393 0.0000 0.0578
003260 0.5989 0.3428 0.0000 0.0584
003280 0.5976 0.3418 0.0000 0.0606
003300 0.5962 0.3462 0.0000 0.0577
003320 0.6017 0.3405 0.0000 0.0578
003340 0.6007 0.3384 0.0000 0.0609
003360 0.5990 0.3410 0.0000 0.0600
003380 0.5965 0.3426 0.0000 0.0609
003400 0.5969 0.3431 0.0000 0.0600
003420 0.5944 0.3462 0.0000 0.0594
003440 0.5943 0.3463 0.0000 0.0593
003460 0.5977 0.3442 0.0000 0.0581
003480 0.6003 0.3416 0.0000 0.0582
003500 0.6020 0.3419 0.0000 0.0561
003520 0.6038 0.3389 0.0000 0.0573
003540 0.6025 0.3376 0.0000 0.0599
003560 0.5984 0.3411 0.0000 0.0605
003580 0.5993 0.3422 0.0000 0.0585
003600 0.6015 0.3402 0.0000 0.0583
003620 0.6022 0.3380 0.0000 0.0598
003640 0.5977 0.3418 0.0000 0.0605
003660 0.5954 0.3451 0.0000 0.0595
003680 0.5970 0.3438 0.0000 0.0592
003700 0.5956 0.3441 0.0000 0.0603
003720 0.5980 0.3444 0.0000 0.0576
003740 0.6047 0.3390 0.0000 0.0563
003760 0.6085 0.3335 0.0000 0.0580
003780 0.6037 0.3370 0.0000 0.0593
003800 0.5996 0.3406 0.0000 0.0597
003820 0.6009 0.3425 0.0000 0.0566
003840 0.6088 0.3363 0.0000 0.0549
003860 0.6144 0.3287 0.0000 0.0569
003880 0.6165 0.3272 0.0000 0.0563
003900 0.6177 0.3252 0.0000 0.0572
003920 0.6124 0.3283 0.0000 0.0593
003940 0.5994 0.3392 0.0000 0.0613
003960 0.5944 0.3471 0.0000 0.0585
003980 0.5993 0.3436 0.0000 0.0572
004000 0.6009 0.3401 0.0000 0.0590
004020 0.6051 0.3390 0.0000 0.0559
004040 0.6122 0.3309 0.0000 0.0569
004060 0.6108 0.3301 0.0000 0.0591
004080 0.6096 0.3312 0.0000 0.0592
004100 0.6089 0.3304 0.0000 0.0608
004120 0.6096 0.3320 0.0000 0.0584
004140 0.6098 0.3321 0.0000 0.0581
004160 0.6057 0.3370 0.0000 0.0573
004180 0.6079 0.3352 0.0000 0.0570
004200 0.6054 0.3389 0.0000 0.0556
004220 0.6063 0.3349 0.0000 0.0589
004240 0.6020 0.3377 0.0000 0.0603
004260 0.5987 0.3418 0.0000 0.0595
004280 0.5967 0.3437 0.0000 0.0595
004300 0.5942 0.3471 0.0000 0.0587
004320 0.6007 0.3439 0.0000 0.0554
004340 0.6001 0.3416 0.0000 0.0583
004360 0.5954 0.3441 0.0000 0.0605
004380 0.5949 0.3451 0.0000 0.0600
004400 0.5985 0.3426 0.0000 0.0589
004420 0.6026 0.3419 0.0000 0.0555
004440 0.6120 0.3324 0.0000 0.0557
004460 0.6145 0.3278 0.0000 0.0578
004480 0.6081 0.3332 0.0000 0.0587
004500 0.6044 0.3370 0.0000 0.0586
004520 0.6058 0.3353 0.0000 0.0589
004540 0.6050 0.3380 0.0000 0.0571
004560 0.6061 0.3351 0.0000 0.0588
004580 0.6022 0.3375 0.0000 0.0603
004600 0.5998 0.3411 0.0000 0.0592
004620 0.5986 0.3437 0.0000 0.0576
004640 0.5979 0.3435 0.0000 0.0586
004660 0.5950 0.3449 0.0000 0.0601
004680 0.5928 0.3493 0.0000 0.0579
004700 0.5988 0.3447 0.0000 0.0564
004720 0.6028 0.3414 0.0000 0.0558
004740 0.6097 0.3339 0.0000 0.0564
004760 0.6128 0.3305 0.0000 0.0566
004780 0.6138 0.3270 0.0000 0.0593
004800 0.6123 0.3289 0.0000 0.0589
004820 0.6025 0.3358 0.0000 0.0618
004840 0.5926 0.3471 0.0000 0.0604
004860 0.5882 0.3531 0.0000 0.0588
004880 0.5940 0.3513 0.0000 0.0547
004900 0.6050 0.3388 0.0000 0.0562
004920 0.6127 0.3315 0.0000 0.0558
004940 0.6158 0.3265 0.0000 0.0577
004960 0.6118 0.3276 0.0000 0.0606
004980 0.6010 0.3390 0.0000 0.0600
005000 0.5958 0.3427 0.0000 0.0615
005020 0.6011 0.3423 0.0000 0.0566
005040 0.6093 0.3355 0.0000 0.0552
005060 0.6062 0.3355 0.0000 0.0583
005080 0.6029 0.3390 0.0000 0.0581
005100 0.6012 0.3403 0.0000 0.0585
005120 0.6083 0.3356 0.0000 0.0560
005140 0.6166 0.3270 0.0000 0.0564
005160 0.6168 0.3259 0.0000 0.0574
005180 0.6138 0.3263 0.0000 0.0599
005200 0.6032 0.3344 0.0000 0.0625
005220 0.5933 0.3444 0.0000 0.0623
005240 0.5877 0.3536 0.0000 0.0587
005260 0.5904 0.3536 0.0000 0.0560
005280 0.5998 0.3446 0.0000 0.0557
005300 0.6084 0.3347 0.0000 0.0569
005320 0.6118 0.3309 0.0000 0.0573
005340 0.6046 0.3345 0.0000 0.0609
005360 0.5905 0.3483 0.0000 0.0612
005380 0.5882 0.3532 0.0000 0.0586
005400 0.5960 0.3476 0.0000 0.0564
005420 0.6048 0.3390 0.0000 0.0561
005440 0.6141 0.3305 0.0000 0.0554
005460 0.6116 0.3307 0.0000 0.0577
005480 0.6043 0.3364 0.0000 0.0593
005500 0.5945 0.3430 0.0000 0.0625
005520 0.5903 0.3490 0.0000 0.0607
005540 0.5936 0.3481 0.0000 0.0583
005560 0.5980 0.3449 0.0000 0.0571
005580 0.6066 0.3371 0.0000 0.0563
005600 0.6114 0.3331 0.0000 0.0555
005620 0.6150 0.3295 0.0000 0.0555
005640 0.6188 0.3260 0.0000 0.0552
005660 0.6226 0.3218 0.0000 0.0556
005680 0.6211 0.3214 0.0000 0.0575
005700 0.6069 0.3302 0.0000 0.0630
005720 0.5959 0.3424 0.0000 0.0617
005740 0.5905 0.3485 0.0000 0.0611
005760 0.5880 0.3529 0.0000 0.0592
005780 0.5960 0.3464 0.0000 0.0576
005800 0.6070 0.3376 0.0000 0.0554
005820 0.6162 0.3268 0.0000 0.0570
005840 0.6147 0.3266 0.0000 0.0587
005860 0.6064 0.3350 0.0000 0.0586
005880 0.5960 0.3433 0.0000 0.0607
005900 0.5920 0.3505 0.0000 0.0575
005920 0.5939 0.3465 0.0000 0.0595
005940 0.5960 0.3453 0.0000 0.0588
005960 0.6061 0.3385 0.0000 0.0555
005980 0.6150 0.3301 0.0000 0.0549
006000 0.6185 0.3242 0.0000 0.0574
006020 0.6135 0.3270 0.0000 0.0595
006040 0.6062 0.3343 0.0000 0.0595
006060 0.6006 0.3397 0.0000 0.0597
006080 0.5969 0.3443 0.0000 0.0588
006100 0.5980 0.3455 0.0000 0.0566
006120 0.6125 0.3337 0.0000 0.0537
006140 0.6234 0.3221 0.0000 0.0544
006160 0.6219 0.3206 0.0000 0.0574
006180 0.6092 0.3300 0.0000 0.0608
006200 0.5964 0.3408 0.0000 0.0628
006220 0.5873 0.3509 0.0000 0.0619
006240 0.5860 0.3542 0.0000 0.0598
006260 0.5895 0.3520 0.0000 0.0584
006280 0.5961 0.3457 0.0000 0.0582
006300 0.6058 0.3375 0.0000 0.0567
006320 0.6113 0.3312 0.0000 0.0574
006340 0.6103 0.3317 0.0000 0.0580
006360 0.6107 0.3323 0.0000 0.0570
006380 0.6098 0.3318 0.0000 0.0584
006400 0.6102 0.3308 0.0000 0.0590
006420 0.6048 0.3352 0.0000 0.0600
006440 0.5956 0.3428 0.0000 0.0616
006460 0.5933 0.3472 0.0000 0.0595
006480 0.5922 0.3471 0.0000 0.0606
006500 0.5940 0.3473 0.0000 0.0587
006520 0.6019 0.3426 0.0000 0.0555
006540 0.6067 0.3358 0.0000 0.0575
006560 0.6063 0.3347 0.0000 0.0590
006580 0.6054 0.3372 0.0000 0.0574
006600 0.6062 0.3361 0.0000 0.0577
006620 0.6119 0.3323 0.0000 0.0558
006640 0.6156 0.3292 0.0000 0.0553
006660 0.6164 0.3258 0.0000 0.0578
006680 0.6200 0.3235 0.0000 0.0565
006700 0.6158 0.3237 0.0000 0.0606
006720 0.6001 0.3361 0.0000 0.0638
006740 0.5888 0.3488 0.0000 0.0624
006760 0.5849 0.3563 0.0000 0.0588
006780 0.5866 0.3560 0.0000 0.0574
006800 0.5952 0.3500 0.0000 0.0549
006820 0.6062 0.3385 0.0000 0.0552
006840 0.6161 0.3268 0.0000 0.0570
006860 0.6197 0.3237 0.0000 0.0567
006880 0.6200 0.3223 0.0000 0.0578
006900 0.6146 0.3258 0.0000 0.0596
006920 0.6040 0.3368 0.0000 0.0591
006940 0.5992 0.3417 0.0000 0.0590
006960 0.5970 0.3432 0.0000 0.0598
006980 0.5958 0.3447 0.0000 0.0595
007000 0.6006 0.3431 0.0000 0.0563
007020 0.6079 0.3378 0.0000 0.0544
007040 0.6077 0.3355 0.0000 0.0567
007060 0.6105 0.3318 0.0000 0.0577
007080 0.6053 0.3356 0.0000 0.0592
007100 0.5977 0.3418 0.0000 0.0605
007120 0.5936 0.3452 0.0000 0.0612
007140 0.5982 0.3453 0.0000 0.0565
007160 0.6039 0.3409 0.0000 0.0552
007180 0.6078 0.3349 0.0000 0.0573
007200 0.6052 0.3356 0.0000 0.0592
007220 0.5976 0.3412 0.0000 0.0612
007240 0.5894 0.3485 0.0000 0.0621
007260 0.5843 0.3541 0.0000 0.0615
007280 0.5880 0.3542 0.0000 0.0578
007300 0.5952 0.3482 0.0000 0.0565
007320 0.6086 0.3378 0.0000 0.0536
007340 0.6232 0.3226 0.0000 0.0542
007360 0.6318 0.3093 0.0000 0.0590
007380 0.6198 0.3178 0.0000 0.0624
007400 0.6033 0.3352 0.0000 0.0616
007420 0.5867 0.3513 0.0000 0.0620
007440 0.5766 0.3618 0.0000 0.0616
007460 0.5789 0.3621 0.0000 0.0590
007480 0.5952 0.3514 0.0000 0.0534
007500 0.6125 0.3322 0.0000 0.0553
007520 0.6161 0.3262 0.0000 0.0577
007540 0.6125 0.3283 0.0000 0.0592
007560 0.6030 0.3366 0.0000 0.0604
007580 0.5970 0.3430 0.0000 0.0600
007600 0.5978 0.3436 0.0000 0.0586
007620 0.6007 0.3419 0.0000 0.0573
007640 0.6031 0.3386 0.0000 0.0584
007660 0.6066 0.3351 0.0000 0.0583
007680 0.6045 0.3368 0.0000 0.0587
007700 0.6064 0.3363 0.0000 0.0573
007720 0.6052 0.3363 0.0000 0.0584
007740 0.5970 0.3417 0.0000 0.0614
007760 0.5930 0.3472 0.0000 0.0598
007780 0.5957 0.3457 0.0000 0.0586
007800 0.6026 0.3413 0.0000 0.0561
007820 0.6090 0.3364 0.0000 0.0546
007840 0.6156 0.3272 0.0000 0.0572
007860 0.6108 0.3281 0.0000 0.0612
007880 0.6005 0.3375 0.0000 0.0621
007900 0.5954 0.3466 0.0000 0.0580
007920 0.5997 0.3423 0.0000 0.0579
007940 0.5973 0.3428 0.0000 0.0599
007960 0.5997 0.3425 0.0000 0.0578
007980 0.5996 0.3428 0.0000 0.0575
008000 0.6037 0.3399 0.0000 0.0564
008020 0.6107 0.3330 0.0000 0.0563
008040 0.6168 0.3284 0.0000 0.0548
008060 0.6250 0.3204 0.0000 0.0545
008080 0.6188 0.3226 0.0000 0.0585
008100 0.6073 0.3336 0.0000 0.0592
008120 0.5969 0.3406 0.0000 0.0625
008140 0.5893 0.3495 0.0000 0.0612
008160 0.5911 0.3535 0.0000 0.0554
008180 0.6006 0.3453 0.0000 0.0541
008200 0.6105 0.3345 0.0000 0.0551
008220 0.6176 0.3264 0.0000 0.0560
008240 0.6158 0.3263 0.0000 0.0579
008260 0.6072 0.3314 0.0000 0.0614
008280 0.5946 0.3447 0.0000 0.0607
008300 0.5875 0.3518 0.0000 0.0607
008320 0.5877 0.3541 0.0000 0.0582
008340 0.6024 0.3458 0.0000 0.0518
008360 0.6201 0.3258 0.0000 0.0540
008380 0.6296 0.3140 0.0000 0.0564
008400 0.6310 0.3142 0.0000 0.0548
008420 0.6225 0.3202 0.0000 0.0573
008440 0.6126 0.3284 0.0000 0.0590
008460 0.6034 0.3374 0.0000 0.0592
008480 0.5971 0.3423 0.0000 0.0606
008500 0.5964 0.3438 0.0000 0.0598
008520 0.5947 0.3474 0.0000 0.0579
008540 0.5961 0.3458 0.0000 0.0581
008560 0.6004 0.3424 0.0000 0.0571
008580 0.6006 0.3409 0.0000 0.0586
008600 0.6008 0.3414 0.0000 0.0579
008620 0.6050 0.3381 0.0000 0.0569
008640 0.6101 0.3333 0.0000 0.0566
008660 0.6099 0.3315 0.0000 0.0586
008680 0.6022 0.3379 0.0000 0.0599
008700 0.5977 0.3424 0.0000 0.0599
008720 0.5878 0.3492 0.0000 0.0631
008740 0.5845 0.3541 0.0000 0.0614
008760 0.5909 0.3507 0.0000 0.0584
008780 0.6043 0.3412 0.0000 0.0545
008800 0.6140 0.3292 0.0000 0.0568
008820 0.6146 0.3276 0.0000 0.0578
008840 0.6082 0.3332 0.0000 0.0586
008860 0.6014 0.3399 0.0000 0.0587
008880 0.6015 0.3418 0.0000 0.0567
008900 0.6056 0.3379 0.0000 0.0564
008920 0.6109 0.3326 0.0000 0.0565
008940 0.6156 0.3290 0.0000 0.0554
008960 0.6207 0.3242 0.0000 0.0551
008980 0.6200 0.3213 0.0000 0.0587
009000 0.6120 0.3283 0.0000 0.0597
009020 0.6030 0.3370 0.0000 0.0599
009040 0.6005 0.3429 0.0000 0.0566
009060 0.6012 0.3412 0.0000 0.0576
009080 0.6080 0.3349 0.0000 0.0571
009100 0.6149 0.3293 0.0000 0.0558
009120 0.6217 0.3235 0.0000 0.0548
009140 0.6159 0.3255 0.0000 0.0587
009160 0.5981 0.3389 0.0000 0.0630
009180 0.5850 0.3529 0.0000 0.0621
009200 0.5840 0.3574 0.0000 0.0586
009220 0.5965 0.3486 0.0000 0.0548
009240 0.6103 0.3343 0.0000 0.0554
009260 0.6201 0.3238 0.0000 0.0561
009280 0.6219 0.3225 0.0000 0.0556
009300 0.6132 0.3281 0.0000 0.0587
009320 0.6075 0.3335 0.0000 0.0590
009340 0.6009 0.3412 0.0000 0.0579
009360 0.5998 0.3406 0.0000 0.0596
009380 0.5997 0.3412 0.0000 0.0591
009400 0.5963 0.3422 0.0000 0.0615
009420 0.5917 0.3476 0.0000 0.0607
009440 0.5885 0.3532 0.0000 0.0583
009460 0.5967 0.3474 0.0000 0.0559
009480 0.6107 0.3353 0.0000 0.0540
009500 0.6170 0.3271 0.0000 0.0559
009520 0.6157 0.3267 0.0000 0.0575
009540 0.6073 0.3331 0.0000 0.0596
009560 0.5954 0.3416 0.0000 0.0629
009580 0.5918 0.3495 0.0000 0.0586
009600 0.5961 0.3457 0.0000 0.0582
009620 0.6041 0.3389 0.0000 0.0570
009640 0.6078 0.3354 0.0000 0.0569
009660 0.6103 0.3322 0.0000 0.0575
009680 0.6089 0.3330 0.0000 0.0581
009700 0.6034 0.3372 0.0000 0.0595
009720 0.6028 0.3387 0.0000 0.0585
009740 0.5990 0.3414 0.0000 0.0596
009760 0.6003 0.3438 0.0000 0.0559
009780 0.6069 0.3367 0.0000 0.0565
009800 0.6171 0.3272 0.0000 0.0557
009820 0.6165 0.3245 0.0000 0.0590
009840 0.6082 0.3311 0.0000 0.0607
009860 0.5985 0.3417 0.0000 0.0598
009880 0.5942 0.3462 0.0000 0.0596
009900 0.5948 0.3458 0.0000 0.0594
009920 0.6027 0.3404 0.0000 0.0568
009940 0.6104 0.3334 0.0000 0.0563
009960 0.6134 0.3296 0.0000 0.0570
009980 0.6112 0.3311 0.0000 0.0577
010000 0.6123 0.3323 0.0000 0.0553
010020 0.6127 0.3304 0.0000 0.0569
010040 0.6127 0.3304 0.0000 0.0569
010060 0.6127 0.3304 0.0000 0.0569
010080 0.6127 0.3304 0.0000 0.0569
010100 0.6127 0.3304 0.0000 0.0569
010120 0.6127 0.3304 0.0000 0.0569
010140 0.6127 0.3304 0.0000 0.0569
010160 0.6127 0.3304 0.0000 0.0569
010180 0.6127 0.3304 0.0000 0.0569
010200 0.6127 0.3304 0.0000 0.0569
010220 0.6127 0.3304 0.0000 0.0569
010240 0.6127 0.3304 0.0000 0.0569
010260 0.6127 0.3304 0.0000 0.0569
010280 0.6127 0.3304 0.0000 0.0569
010300 0.6127 0.3304 0.0000 0.0569
010320 0.6127 0.3304 0.0000 0.0569
010340 0.6127 0.3304 0.0000 0.0569
010360 0.6127 0.3304 0.0000 0.0569
010380 0.6127 0.3304 0.0000 0.0569
010400 0.6127 0.3304 0.0000 0.0569
010420 0.6127 0.3304 0.0000 0.0569
010440 0.6127 0.3304 0.0000 0.0569
010460 0.6127 0.3304 0.0000 0.0569
010480 0.6127 0.3304 0.0000 0.0569
010500 0.6127 0.3304 0.0000 0.0569
010520 0.6127 0.3304 0.0000 0.0569
010540 0.6127 0.3304 0.0000 0.0569
010560 0.6127 0.3304 0.0000 0.0569
010580 0.6127 0.3304 0.0000 0.0569
010600 0.6127 0.3304 0.0000 0.0569
010620 0.6127 0.3304 0.0000 0.0569
010640 0.6127 0.3304 0.0000 0.0569
010660 0.6127 0.3304 0.0000 0.0569
010680 0.6127 0.3304 0.0000 0.0569
010700 0.6127 0.3304 0.0000 0.0569
010720 0.6127 0.3304 0.0000 0.0569
010740 0.6127 0.3304 0.0000 0.0569
010760 0.6127 0.3304 0.0000 0.0569
010780 0.6127 0.3304 0.0000 0.0569
010800 0.6127 0.3304 0.0000 0.0569
010820 0.6127 0.3304 0.0000 0.0569
010840 0.6127 0.3304 0.0000 0.0569
010860 0.6127 0.3304 0.0000 0.0569
010880 0.6127 0.3304 0.0000 0.0569
010900 0.6127 0.3304 0.0000 0.0569
010920 0.6127 0.3304 0.0000 0.0569
010940 0.6127 0.3304 0.0000 0.0569
010960 0.6127 0.3304 0.0000 0.0569
010980 0.6127 0.3304 0.0000 0.0569
011000 0.6127 0.3304 0.0000 0.0569
011020 0.6127 0.3304 0.0000 0.0569
011040 0.6127 0.3304 0.0000 0.0569
011060 0.6127 0.3304 0.0000 0.0569
011080 0.6127 0.3304 0.0000 0.0569
011100 0.6127 0.3304 0.0000 0.0569
011120 0.6127 0.3304 0.0000 0.0569
011140 0.6127 0.3304 0.0000 0.0569
011160 0.6127 0.3304 0.0000 0.0569
011180 0.6127 0.3304 0.0000 0.0569
011200 0.6127 0.3304 0.0000 0.0569
011220 0.6127 0.3304 0.0000 0.0569
011240 0.6127 0.3304 0.0000 0.0569
011260 0.6127 0.3304 0.0000 0.0569
011280 0.6127 0.3304 0.0000 0.0569
011300 0.6127 0.3304 0.0000 0.0569
011320 0.6127 0.3304 0.0000 0.0569
011340 0.6127 0.3304 0.0000 0.0569
011360 0.6127 0.3304 0.0000 0.0569
011380 0.6127 0.3304 0.0000 0.0569
011400 0.6127 0.3304 0.0000 0.0569
011420 0.6127 0.3304 0.0000 0.0569
011440 0.6127 0.3304 0.0000 0.0569
011460 0.6127 0.3304 0.0000 0.0569
011480 0.6127 0.3304 0.0000 0.0569
011500 0.6127 0.3304 0.0000 0.0569
011520 0.6127 0.3304 0.0000 0.0569
011540 0.6127 0.3304 0.0000 0.0569
011560 0.6127 0.3304 0.0000 0.0569
011580 0.6127 0.3304 0.0000 0.0569
011600 0.6127 0.3304 0.0000 0.0569
011620 0.6127 0.3304 0.0000 0.0569
011640 0.6127 0.3304 0.0000 0.0569
011660 0.6127 0.3304 0.0000 0.0569
011680 0.6127 0.3304 0.0000 0.0569
011700 0.6127 0.3304 0.0000 0.0569
011720 0.6127 0.3304 0.0000 0.0569
011740 0.6127 0.3304 0.0000 0.0569
011760 0.6127 0.3304 0.0000 0.0569
011780 0.6127 0.3304 0.0000 0.0569
011800 0.6127 0.3304 0.0000 0.0569
011820 0.6127 0.3304 0.0000 0.0569
011840 0.6127 0.3304 0.0000 0.0569
011860 0.6127 0.3304 0.0000 0.0569
011880 0.6127 0.3304 0.0000 0.0569
011900 0.6127 0.3304 0.0000 0.0569
011920 0.6127 0.3304 0.0000 0.0569
011940 0.6127 0.3304 0.0000 0.0569
011960 0.6127 0.3304 0.0000 0.0569
011980 0.6127 0.3304 0.0000 0.0569
012000 0.6127 0.3304 0.0000 0.0569
012020 0.6127 0.3304 0.0000 0.0569
012040 0.6127 0.3304 0.0000 0.0569
012060 0.6127 0.3304 0.0000 0.0569
012080 0.6127 0.3304 0.0000 0.0569
012100 0.6127 0.3304 0.0000 0.0569
012120 0.6127 0.3304 0.0000 0.0569
012140 0.6127 0.3304 0.0000 0.0569
012160 0.6127 0.3304 0.0000 0.0569
012180 0.6127 0.3304 0.0000 0.0569
012200 0.6127 0.3304 0.0000 0.0569
012220 0.6127 0.3304 0.0000 0.0569
012240 0.6127 0.3304 0.0000 0.0569
012260 0.6127 0.3304 0.0000 0.0569
012280 0.6127 0.3304 0.0000 0.0569
012300 0.6127 0.3304 0.0000 0.0569
012320 0.6127 0.3304 0.0000 0.0569
012340 0.6127 0.3304 0.0000 0.0569
012360 0.6127 0.3304 0.0000 0.0569
012380 0.6127 0.3304 0.0000 0.0569
012400 0.6127 0.3304 0.0000 0.0569
012420 0.6127 0.3304 0.0000 0.0569
012440 0.6127 0.3304 0.0000 0.0569
012460 0.6127 0.3304 0.0000 0.0569
012480 0.6127 0.3304 0.0000 0.0569
012500 0.6127 0.3304 0.0000 0.0569
012520 0.6127 0.3304 0.0000 0.0569
012540 0.6127 0.3304 0.0000 0.0569
012560 0.6127 0.3304 0.0000 0.0569
012580 0.6127 0.3304 0.0000 0.0569
012600 0.6127 0.3304 0.0000 0.0569
012620 0.6127 0.3304 0.0000 0.0569
012640 0.6127 0.3304 0.0000 0.0569
012660 0.6127 0.3304 0.0000 0.0569
012680 0.6127 0.3304 0.0000 0.0569
012700 0.6127 0.3304 0.0000 0.0569
012720 0.6127 0.3304 0.0000 0.0569
012740 0.6127 0.3304 0.0000 0.0569
012760 0.6127 0.3304 0.0000 0.0569
012780 0.6127 0.3304 0.0000 0.0569
012800 0.6127 0.3304 0.0000 0.0569
012820 0.6127 0.3304 0.0000 0.0569
012840 0.6127 0.3304 0.0000 0.0569
012860 0.6127 0.3304 0.0000 0.0569
012880 0.6127 0.3304 0.0000 0.0569
012900 0.6127 0.3304 0.0000 0.0569
012920 0.6127 0.3304 0.0000 0.0569
012940 0.6127 0.3304 0.0000 0.0569
012960 0.6127 0.3304 0.0000 0.0569
012980 0.6127 0.3304 0.0000 0.0569
013000 0.6127 0.3304 0.0000 0.0569
013020 0.6127 0.3304 0.0000 0.0569
013040 0.6127 0.3304 0.0000 0.0569
013060 0.6127 0.3304 0.0000 0.0569
013080 0.6127 0.3304 0.0000 0.0569
013100 0.6127 0.3304 0.0000 0.0569
013120 0.6127 0.3304 0.0000 0.0569
013140 0.6127 0.3304 0.0000 0.0569
013160 0.6127 0.3304 0.0000 0.0569
013180 0.6127 0.3304 0.0000 0.0569
013200 0.6127 0.3304 0.0000 0.0569
013220 0.6127 0.3304 0.0000 0.0569
013240 0.6127 0.3304 0.0000 0.0569
013260 0.6127 0.3304 0.0000 0.0569
013280 0.6127 0.3304 0.0000 0.0569
013300 0.6127 0.3304 0.0000 0.0569
013320 0.6127 0.3304 0.0000 0.0569
013340 0.6127 0.3304 0.0000 0.0569
013360 0.6127 0.3304 0.0000 0.0569
013380 0.6127 0.3304 0.0000 0.0569
013400 0.6127 0.3304 0.0000 0.0569
013420 0.6127 0.3304 0.0000 0.0569
013440 0.6127 0.3304 0.0000 0.0569
013460 0.6127 0.3304 0.0000 0.0569
013480 0.6127 0.3304 0.0000 0.0569
013500 0.6127 0.3304 0.0000 0.0569
013520 0.6127 0.3304 0.0000 0.0569
013540 0.6127 0.3304 0.0000 0.0569
013560 0.6127 0.3304 0.0000 0.0569
013580 0.6127 0.3304 0.0000 0.0569
013600 0.6127 0.3304 0.0000 0.0569
013620 0.6127 0.3304 0.0000 0.0569
013640 0.6127 0.3304 0.0000 0.0569
013660 0.6127 0.3304 0.0000 0.0569
013680 0.6127 0.3304 0.0000 0.0569
013700 0.6127 0.3304 0.0000 0.0569
013720 0.6127 0.3304 0.0000 0.0569
013740 0.6127 0.3304 0.0000 0.0569
013760 0.6127 0.3304 0.0000 0.0569
013780 0.6127 0.3304 0.0000 0.0569
013800 0.6127 0.3304 0.0000 0.0569
013820 0.6127 0.3304 0.0000 0.0569
013840 0.6127 0.3304 0.0000 0.0569
013860 0.6127 0.3304 0.0000 0.0569
013880 0.6127 0.3304 0.0000 0.0569
013900 0.6127 0.3304 0.0000 0.0569
013920 0.6127 0.3304 0.0000 0.0569
013940 0.6127 0.3304 0.0000 0.0569
013960 0.6127 0.3304 0.0000 0.0569
013980 0.6127 0.3304 0.0000 0.0569
014000 0.6127 0.3304 0.0000 0.0569
014020 0.6127 0.3304 0.0000 0.0569
014040 0.6127 0.3304 0.0000 0.0569
014060 0.6127 0.3304 0.0000 0.0569
014080 0.6127 0.3304 0.0000 0.0569
014100 0.6127 0.3304 0.0000 0.0569
014120 0.6127 0.3304 0.0000 0.0569
014140 0.6127 0.3304 0.0000 0.0569
014160 0.6127 0.3304 0.0000 0.0569
014180 0.6127 0.3304 0.0000 0.0569
014200 0.6127 0.3304 0.0000 0.0569
014220 0.6127 0.3304 0.0000 0.0569
014240 0.6127 0.3304 0.0000 0.0569
014260 0.6127 0.3304 0.0000 0.0569
014280 0.6127 0.3304 0.0000 0.0569
014300 0.6127 0.3304 0.0000 0.0569
014320 0.6127 0.3304 0.0000 0.0569
014340 0.6127 0.3304 0.0000 0.0569
014360 0.6127 0.3304 0.0000 0.0569
014380 0.6127 0.3304 0.0000 0.0569
014400 0.6127 0.3304 0.0000 0.0569
014420 0.6127 0.3304 0.0000 0.0569
014440 0.6127 0.3304 0.0000 0.0569
014460 0.6127 0.3304 0.0000 0.0569
014480 0.6127 0.3304 0.0000 0.0569
014500 0.6127 0.3304 0.0000 0.0569
014520 0.6127 0.3304 0.0000 0.0569
014540 0.6127 0.3304 0.0000 0.0569
014560 0.6127 0.3304 0.0000 0.0569
014580 0.6127 0.3304 0.0000 0.0569
014600 0.6127 0.3304 0.0000 0.0569
014620 0.6127 0.3304 0.0000 0.0569
014640 0.6127 0.3304 0.0000 0.0569
014660 0.6127 0.3304 0.0000 0.0569
014680 0.6127 0.3304 0.0000 0.0569
014700 0.6127 0.3304 0.0000 0.0569
014720 0.6127 0.3304 0.0000 0.0569
014740 0.6127 0.3304 0.0000 0.0569
014760 0.6127 0.3304 0.0000 0.0569
014780 0.6127 0.3304 0.0000 0.0569
014800 0.6127 0.3304 0.0000 0.0569
014820 0.6127 0.3304 0.0000 0.0569
014840 0.6127 0.3304 0.0000 0.0569
014860 0.6127 0.3304 0.0000 0.0569
014880 0.6127 0.3304 0.0000 0.0569
014900 0.6127 0.3304 0.0000 0.0569
014920 0.6127 0.3304 0.0000 0.0569
014940 0.6127 0.3304 0.0000 0.0569
014960 0.6127 0.3304 0.0000 0.0569
014980 0.6127 0.3304 0.0000 0.0569
015000 0.6127 0.3304 0.0000 0.0569
015020 0.6127 0.3304 0.0000 0.0569
015040 0.6127 0.3304 0.0000 0.0569
015060 0.6127 0.3304 0.0000 0.0569
015080 0.6127 0.3304 0.0000 0.0569
015100 0.6127 0.3304 0.0000 0.0569
015120 0.6127 0.3304 0.0000 0.0569
015140 0.6127 0.3304 0.0000 0.0569
015160 0.6127 0.3304 0.0000 0.0569
015180 0.6127 0.3304 0.0000 0.0569
015200 0.6127 0.3304 0.0000 0.0569
015220 0.6127 0.3304 0.0000 0.0569
015240 0.6127 0.3304 0.0000 0.0569
015260 0.6127 0.3304 0.0000 0.0569
015280 0.6127 0.3304 0.0000 0.0569
015300 0.6127 0.3304 0.0000 0.0569
015320 0.6127 0.3304 0.0000 0.0569
015340 0.6127 0.3304 0.0000 0.0569
015360 0.6127 0.3304 0.0000 0.0569
015380 0.6127 0.3304 0.0000 0.0569
015400 0.6127 0.3304 0.0000 0.0569
015420 0.6127 0.3304 0.0000 0.0569
015440 0.6127 0.3304 0.0000 0.0569
015460 0.6127 0.3304 0.0000 0.0569
015480 0.6127 0.3304 0.0000 0.0569
015500 0.6127 0.3304 0.0000 0.0569
015520 0.6127 0.3304 0.0000 0.0569
015540 0.6127 0.3304 0.0000 0.0569
015560 0.6127 0.3304 0.0000 0.0569
015580 0.6127 0.3304 0.0000 0.0569
015600 0.6127 0.3304 0.0000 0.0569
015620 0.6127 0.3304 0.0000 0.0569
015640 0.6127 0.3304 0.0000 0.0569
015660 0.6127 0.3304 0.0000 0.0569
015680 0.6127 0.3304 0.0000 0.0569
015700 0.6127 0.3304 0.0000 0.0569
015720 0.6127 0.3304 0.0000 0.0569
015740 0.6127 0.3304 0.0000 0.0569
015760 0.6127 0.3304 0.0000 0.0569
015780 0.6127 0.3304 0.0000 0.0569
015800 0.6127 0.3304 0.0000 0.0569
015820 0.6127 0.3304 0.0000 0.0569
015840 0.6127 0.3304 0.0000 0.0569
015860 0.6127 0.3304 0.0000 0.0569
015880 0.6127 0.3304 0.0000 0.0569
015900 0.6127 0.3304 0.0000 0.0569
015920 0.6127 0.3304 0.0000 0.0569
015940 0.6127 0.3304 0.0000 0.0569
015960 0.6127 0.3304 0.0000 0.0569
015980 0.6127 0.3304 0.0000 0.0569
016000 0.6127 0.3304 0.0000 0.0569
016020 0.6127 0.3304 0.0000 0.0569
016040 0.6127 0.3304 0.0000 0.0569
016060 0.6127 0.3304 0.0000 0.0569
016080 0.6127 0.3304 0.0000 0.0569
016100 0.6127 0.3304 0.0000 0.0569
016120 0.6127 0.3304 0.0000 0.0569
016140 0.6127 0.3304 0.0000 0.0569
016160 0.6127 0.3304 0.0000 0.0569
016180 0.6127 0.3304 0.0000 0.0569
016200 0.6127 0.3304 0.0000 0.0569
016220 0.6127 0.3304 0.0000 0.0569
016240 0.6127 0.3304 0.0000 0.0569
016260 0.6127 0.3304 0.0000 0.0569
016280 0.6127 0.3304 0.0000 0.0569
016300 0.6127 0.3304 0.0000 0.0569
016320 0.6127 0.3304 0.0000 0.0569
016340 0.6127 0.3304 0.0000 0.0569
016360 0.6127 0.3304 0.0000 0.0569
016380 0.6127 0.3304 0.0000 0.0569
016400 0.6127 0.3304 0.0000 0.0569
016420 0.6127 0.3304 0.0000 0.0569
016440 0.6127 0.3304 0.0000 0.0569
016460 0.6127 0.3304 0.0000 0.0569
016480 0.6127 0.3304 0.0000 0.0569
016500 0.6127 0.3304 0.0000 0.0569
016520 0.6127 0.3304 0.0000 0.0569
016540 0.6127 0.3304 0.0000 0.0569
016560 0.6127 0.3304 0.0000 0.0569
016580 0.6127 0.3304 0.0000 0.0569
016600 0.6127 0.3304 0.0000 0.0569
016620 0.6127 0.3304 0.0000 0.0569
016640 0.6127 0.3304 0.0000 0.0569
016660 0.6127 0.3304 0.0000 0.0569
016680 0.6127 0.3304 0.0000 0.0569
016700 0.6127 0.3304 0.0000 0.0569
016720 0.6127 0.3304 0.0000 0.0569
016740 0.6127 0.3304 0.0000 0.0569
016760 0.6127 0.3304 0.0000 0.0569
016780 0.6127 0.3304 0.0000 0.0569
016800 0.6127 0.3304 0.0000 0.0569
016820 0.6127 0.3304 0.0000 0.0569
016840 0.6127 0.3304 0.0000 0.0569
016860 0.6127 0.3304 0.0000 0.0569
016880 0.6127 0.3304 0.0000 0.0569
016900 0.6127 0.3304 0.0000 0.0569
016920 0.6127 0.3304 0.0000 0.0569
016940 0.6127 0.3304 0.0000 0.0569
016960 0.6127 0.3304 0.0000 0.0569
016980 0.6127 0.3304 0.0000 0.0569
017000 0.6127 0.3304 0.0000 0.0569
017020 0.6127 0.3304 0.0000 0.0569
017040 0.6127 0.3304 0.0000 0.0569
017060 0.6127 0.3304 0.0000 0.0569
017080 0.6127 0.3304 0.0000 0.0569
017100 0.6127 0.3304 0.0000 0.0569
017120 0.6127 0.3304 0.0000 0.0569
017140 0.6127 0.3304 0.0000 0.0569
017160 0.6127 0.3304 0.0000 0.0569
017180 0.6127 0.3304 0.0000 0.0569
017200 0.6127 0.3304 0.0000 0.0569
017220 0.6127 0.3304 0.0000 0.0569
017240 0.6127 0.3304 0.0000 0.0569
017260 0.6127 0.3304 0.0000 0.0569
017280 0.6127 0.3304 0.0000 0.0569
017300 0.6127 0.3304 0.0000 0.0569
017320 0.6127 0.3304 0.0000 0.0569
017340 0.6127 0.3304 0.0000 0.0569
017360 0.6127 0.3304 0.0000 0.0569
017380 0.6127 0.3304 0.0000 0.0569
017400 0.6127 0.3304 0.0000 0.0569
017420 0.6127 0.3304 0.0000 0.0569
017440 0.6127 0.3304 0.0000 0.0569
017460 0.6127 0.3304 0.0000 0.0569
017480 0.6127 0.3304 0.0000 0.0569
017500 0.6127 0.3304 0.0000 0.0569
017520 0.6127 0.3304 0.0000 0.0569
017540 0.6127 0.3304 0.0000 0.0569
017560 0.6127 0.3304 0.0000 0.0569
017580 0.6127 0.3304 0.0000 0.0569
017600 0.6127 0.3304 0.0000 0.0569
017620 0.6127 0.3304 0.0000 0.0569
017640 0.6127 0.3304 0.0000 0.0569
017660 0.6127 0.3304 0.0000 0.0569
017680 0.6127 0.3304 0.0000 0.0569
017700 0.6127 0.3304 0.0000 0.0569
017720 0.6127 0.3304 0.0000 0.0569
017740 0.6127 0.3304 0.0000 0.0569
017760 0.6127 0.3304 0.0000 0.0569
017780 0.6127 0.3304 0.0000 0.0569
017800 0.6127 0.3304 0.0000 0.0569
017820 0.6127 0.3304 0.0000 0.0569
017840 0.6127 0.3304 0.0000 0.0569
017860 0.6127 0.3304 0.0000 0.0569
017880 0.6127 0.3304 0.0000 0.0569
017900 0.6127 0.3304 0.0000 0.0569
017920 0.6127 0.3304 0.0000 0.0569
017940 0.6127 0.3304 0.0000 0.0569
017960 0.6127 0.3304 0.0000 0.0569
017980 0.6127 0.3304 0.0000 0.0569
018000 0.6127 0.3304 0.0000 0.0569
018020 0.6127 0.3304 0.0000 0.0569
018040 0.6127 0.3304 0.0000 0.0569
018060 0.6127 0.3304 0.0000 0.0569
018080 0.6127 0.3304 0.0000 0.0569
018100 0.6127 0.3304 0.0000 0.0569
018120 0.6127 0.3304 0.0000 0.0569
018140 0.6127 0.3304 0.0000 0.0569
018160 0.6127 0.3304 0.0000 0.0569
018180 0.6127 0.3304 0.0000 0.0569
018200 0.6127 0.3304 0.0000 0.0569
018220 0.6127 0.3304 0.0000 0.0569
018240 0.6127 0.3304 0.0000 0.0569
018260 0.6127 0.3304 0.0000 0.0569
018280 0.6127 0.3304 0.0000 0.0569
018300 0.6127 0.3304 0.0000 0.0569
018320 0.6127 0.3304 0.0000 0.0569
018340 0.6127 0.3304 0.0000 0.0569
018360 0.6127 0.3304 0.0000 0.0569
018380 0.6127 0.3304 0.0000 0.0569
018400 0.6127 0.3304 0.0000 0.0569
018420 0.6127 0.3304 0.0000 0.0569
018440 0.6127 0.3304 0.0000 0.0569
018460 0.6127 0.3304 0.0000 0.0569
018480 0.6127 0.3304 0.0000 0.0569
018500 0.6127 0.3304 0.0000 0.0569
018520 0.6127 0.3304 0.0000 0.0569
018540 0.6127 0.3304 0.0000 0.0569
018560 0.6127 0.3304 0.0000 0.0569
018580 0.6127 0.3304 0.0000 0.0569
018600 0.6127 0.3304 0.0000 0.0569
018620 0.6127 0.3304 0.0000 0.0569
018640 0.6127 0.3304 0.0000 0.0569
018660 0.6127 0.3304 0.0000 0.0569
018680 0.6127 0.3304 0.0000 0.0569
018700 0.6127 0.3304 0.0000 0.0569
018720 0.6127 0.3304 0.0000 0.0569
018740 0.6127 0.3304 0.0000 0.0569
018760 0.6127 0.3304 0.0000 0.0569
018780 0.6127 0.3304 0.0000 0.0569
018800 0.6127 0.3304 0.0000 0.0569
018820 0.6127 0.3304 0.0000 0.0569
018840 0.6127 0.3304 0.0000 0.0569
018860 0.6127 0.3304 0.0000 0.0569
018880 0.6127 0.3304 0.0000 0.0569
018900 0.6127 0.3304 0.0000 0.0569
018920 0.6127 0.3304 0.0000 0.0569
018940 0.6127 0.3304 0.0000 0.0569
018960 0.6127 0.3304 0.0000 0.0569
018980 0.6127 0.3304 0.0000 0.0569
019000 0.6127 0.3304 0.0000 0.0569
019020 0.6127 0.3304 0.0000 0.0569
019040 0.6127 0.3304 0.0000 0.0569
019060 0.6127 0.3304 0.0000 0.0569
019080 0.6127 0.3304 0.0000 0.0569
019100 0.6127 0.3304 0.0000 0.0569
019120 0.6127 0.3304 0.0000 0.0569
019140 0.6127 0.3304 0.0000 0.0569
019160 0.6127 0.3304 0.0000 0.0569
019180 0.6127 0.3304 0.0000 0.0569
019200 0.6127 0.3304 0.0000 0.0569
019220 0.6127 0.3304 0.0000 0.0569
019240 0.6127 0.3304 0.0000 0.0569
019260 0.6127 0.3304 0.0000 0.0569
019280 0.6127 0.3304 0.0000 0.0569
019300 0.6127 0.3304 0.0000 0.0569
019320 0.6127 0.3304 0.0000 0.0569
019340 0.6127 0.3304 0.0000 0.0569
019360 0.6127 0.3304 0.0000 0.0569
019380 0.6127 0.3304 0.0000 0.0569
019400 0.6127 0.3304 0.0000 0.0569
019420 0.6127 0.3304 0.0000 0.0569
019440 0.6127 0.3304 0.0000 0.0569
019460 0.6127 0.3304 0.0000 0.0569
019480 0.6127 0.3304 0.0000 0.0569
019500 0.6127 0.3304 0.0000 0.0569
019520 0.6127 0.3304 0.0000 0.0569
019540 0.6127 0.3304 0.0000 0.0569
019560 0.6127 0.3304 0.0000 0.0569
019580 0.6127 0.3304 0.0000 0.0569
019600 0.6127 0.3304 0.0000 0.0569
019620 0.6127 0.3304 0.0000 0.0569
019640 0.6127 0.3304 0.0000 0.0569
019660 0.6127 0.3304 0.0000 0.0569
019680 0.6127 0.3304 0.0000 0.0569
019700 0.6127 0.3304 0.0000 0.0569
019720 0.6127 0.3304 0.0000 0.0569
019740 0.6127 0.3304 0.0000 0.0569
019760 0.6127 0.3304 0.0000 0.0569
019780 0.6127 0.3304 0.0000 0.0569
019800 0.6127 0.3304 0.0000 0.0569
019820 0.6127 0.3304 0.0000 0.0569
019840 0.6127 0.3304 0.0000 0.0569
019860 0.6127 0.3304 0.0000 0.0569
019880 0.6127 0.3304 0.0000 0.0569
019900 0.6127 0.3304 0.0000 0.0569
019920 0.6127 0.3304 0.0000 0.0569
019940 0.6127 0.3304 0.0000 0.0569
019960 0.6127 0.3304 0.0000 0.0569
019980 0.6127 0.3304 0.0000 0.0569
020000 0.6127 0.3304 0.0000 0.0569
