000000 0.2500 0.2500 0.2500 0.2500
000020 0.2605 0.2588 0.2295 0.2512
000040 0.2726 0.2676 0.2079 0.2519
000060 0.2841 0.2772 0.1870 0.2517
000080 0.2948 0.2871 0.1666 0.2515
000100 0.3050 0.2979 0.1475 0.2495
000120 0.3130 0.3101 0.1298 0.2471
000140 0.3206 0.3224 0.1129 0.2442
000160 0.3265 0.3365 0.0969 0.2402
000180 0.3316 0.3512 0.0824 0.2348
000200 0.3358 0.3663 0.0692 0.2287
000220 0.3387 0.3817 0.0573 0.2223
000240 0.3406 0.3982 0.0464 0.2148
000260 0.3423 0.4154 0.0363 0.2061
000280 0.3414 0.4345 0.0276 0.1966
000300 0.3401 0.4525 0.0201 0.1873
000320 0.3367 0.4723 0.0137 0.1773
000340 0.3319 0.4938 0.0086 0.1656
000360 0.3266 0.5143 0.0048 0.1542
000380 0.3209 0.5364 0.0019 0.1408
000400 0.3135 0.5589 0.0004 0.1272
000420 0.3028 0.5853 0.0000 0.1119
000440 0.2950 0.6105 0.0000 0.0945
000460 0.2901 0.6343 0.0000 0.0757
000480 0.2857 0.6492 0.0000 0.0651
000500 0.2830 0.6630 0.0000 0.0540
000520 0.2821 0.6732 0.0000 0.0447
000540 0.2835 0.6774 0.0000 0.0391
000560 0.2862 0.6808 0.0000 0.0330
000580 0.2893 0.6825 0.0000 0.0282
000600 0.2938 0.6812 0.0000 0.0250
000620 0.2999 0.6768 0.0000 0.0232
000640 0.3063 0.6709 0.0000 0.0228
000660 0.3130 0.6646 0.0000 0.0224
000680 0.3203 0.6569 0.0000 0.0229
000700 0.3257 0.6500 0.0000 0.0243
000720 0.3267 0.6469 0.0000 0.0264
000740 0.3290 0.6442 0.0000 0.0269
000760 0.3334 0.6393 0.0000 0.0273
000780 0.3413 0.6323 0.0000 0.0264
000800 0.3484 0.6251 0.0000 0.0265
000820 0.3588 0.6156 0.0000 0.0256
000840 0.3687 0.6036 0.0000 0.0276
000860 0.3777 0.5950 0.0000 0.0273
000880 0.3861 0.5853 0.0000 0.0286
000900 0.3901 0.5794 0.0000 0.0306
000920 0.3968 0.5720 0.0000 0.0312
000940 0.4005 0.5663 0.0000 0.0332
000960 0.4048 0.5632 0.0000 0.0320
000980 0.4177 0.5518 0.0000 0.0306
001000 0.4237 0.5426 0.0000 0.0337
001020 0.4276 0.5359 0.0000 0.0366
001040 0.4283 0.5336 0.0000 0.0380
001060 0.4340 0.5294 0.0000 0.0367
001080 0.4372 0.5243 0.0000 0.0385
001100 0.4419 0.5196 0.0000 0.0385
001120 0.4555 0.5091 0.0000 0.0354
001140 0.4710 0.4933 0.0000 0.0357
001160 0.4847 0.4786 0.0000 0.0367
001180 0.4915 0.4687 0.0000 0.0399
001200 0.4978 0.4615 0.0000 0.0407
001220 0.5025 0.4560 0.0000 0.0414
001240 0.5103 0.4501 0.0000 0.0395
001260 0.5207 0.4389 0.0000 0.0404
001280 0.5321 0.4267 0.0000 0.0411
001300 0.5409 0.4163 0.0000 0.0429
001320 0.5429 0.4122 0.0000 0.0449
001340 0.5453 0.4075 0.0000 0.0473
001360 0.5439 0.4090 0.0000 0.0471
001380 0.5471 0.4077 0.0000 0.0453
001400 0.5554 0.3979 0.0000 0.0467
001420 0.5604 0.3923 0.0000 0.0474
001440 0.5690 0.3835 0.0000 0.0475
001460 0.5782 0.3742 0.0000 0.0476
001480 0.5822 0.3709 0.0000 0.0469
001500 0.5764 0.3722 0.0000 0.0513
001520 0.5677 0.3798 0.0000 0.0524
001540 0.5656 0.3831 0.0000 0.0513
001560 0.5650 0.3832 0.0000 0.0518
001580 0.5685 0.3793 0.0000 0.0522
001600 0.5736 0.3777 0.0000 0.0487
001620 0.5828 0.3699 0.0000 0.0473
001640 0.5881 0.3637 0.0000 0.0482
001660 0.5940 0.3572 0.0000 0.0488
001680 0.5942 0.3564 0.0000 0.0494
001700 0.5922 0.3566 0.0000 0.0512
001720 0.5903 0.3577 0.0000 0.0520
001740 0.5850 0.3636 0.0000 0.0514
001760 0.5852 0.3642 0.0000 0.0505
001780 0.5923 0.3592 0.0000 0.0485
001800 0.5994 0.3522 0.0000 0.0484
001820 0.6076 0.3430 0.0000 0.0494
001840 0.6019 0.3456 0.0000 0.0525
001860 0.5936 0.3524 0.0000 0.0540
001880 0.5856 0.3594 0.0000 0.0549
001900 0.5812 0.3661 0.0000 0.0527
001920 0.5802 0.3671 0.0000 0.0527
001940 0.5830 0.3656 0.0000 0.0514
001960 0.5855 0.3628 0.0000 0.0517
001980 0.5863 0.3612 0.0000 0.0525
002000 0.5891 0.3601 0.0000 0.0508
002020 0.5990 0.3522 0.0000 0.0487
002040 0.6098 0.3421 0.0000 0.0482
002060 0.6133 0.3371 0.0000 0.0497
002080 0.6068 0.3393 0.0000 0.0540
002100 0.5922 0.3527 0.0000 0.0551
002120 0.5854 0.3606 0.0000 0.0540
002140 0.5851 0.3641 0.0000 0.0508
002160 0.5925 0.3581 0.0000 0.0494
002180 0.5995 0.3508 0.0000 0.0497
002200 0.5993 0.3493 0.0000 0.0515
002220 0.5986 0.3511 0.0000 0.0504
002240 0.5980 0.3529 0.0000 0.0491
002260 0.6016 0.3478 0.0000 0.0506
002280 0.6021 0.3480 0.0000 0.0498
002300 0.6025 0.3476 0.0000 0.0498
002320 0.5971 0.3502 0.0000 0.0527
002340 0.5914 0.3566 0.0000 0.0519
002360 0.5863 0.3608 0.0000 0.0529
002380 0.5845 0.3643 0.0000 0.0512
002400 0.5910 0.3624 0.0000 0.0466
002420 0.6023 0.3516 0.0000 0.0461
002440 0.6080 0.3420 0.0000 0.0500
002460 0.6032 0.3431 0.0000 0.0536
002480 0.5959 0.3518 0.0000 0.0522
002500 0.5932 0.3577 0.0000 0.0492
002520 0.5927 0.3580 0.0000 0.0493
002540 0.5954 0.3553 0.0000 0.0493
002560 0.6013 0.3484 0.0000 0.0503
002580 0.6049 0.3443 0.0000 0.0508
002600 0.6046 0.3446 0.0000 0.0508
002620 0.6009 0.3479 0.0000 0.0512
002640 0.5995 0.3500 0.0000 0.0506
002660 0.5996 0.3480 0.0000 0.0525
002680 0.5985 0.3487 0.0000 0.0528
002700 0.5959 0.3528 0.0000 0.0514
002720 0.5919 0.3554 0.0000 0.0528
002740 0.5871 0.3601 0.0000 0.0528
002760 0.5837 0.3643 0.0000 0.0521
002780 0.5828 0.3658 0.0000 0.0514
002800 0.5864 0.3617 0.0000 0.0519
002820 0.5899 0.3588 0.0000 0.0513
002840 0.5922 0.3571 0.0000 0.0507
002860 0.5934 0.3530 0.0000 0.0536
002880 0.5867 0.3592 0.0000 0.0541
002900 0.5834 0.3644 0.0000 0.0522
002920 0.5859 0.3634 0.0000 0.0507
002940 0.5920 0.3578 0.0000 0.0502
002960 0.5924 0.3546 0.0000 0.0530
002980 0.5913 0.3569 0.0000 0.0517
003000 0.5951 0.3556 0.0000 0.0493
003020 0.6032 0.3485 0.0000 0.0484
003040 0.6061 0.3430 0.0000 0.0508
003060 0.5966 0.3487 0.0000 0.0548
003080 0.5847 0.3605 0.0000 0.0548
003100 0.5830 0.3659 0.0000 0.0511
003120 0.5876 0.3645 0.0000 0.0480
003140 0.5968 0.3549 0.0000 0.0482
003160 0.6045 0.3468 0.0000 0.0487
003180 0.6094 0.3418 0.0000 0.0488
003200 0.6142 0.3371 0.0000 0.0487
003220 0.6092 0.3376 0.0000 0.0532
003240 0.5961 0.3485 0.0000 0.0554
003260 0.5868 0.3588 0.0000 0.0545
003280 0.5840 0.3631 0.0000 0.0528
003300 0.5836 0.3673 0.0000 0.0491
003320 0.5900 0.3611 0.0000 0.0489
003340 0.5977 0.3541 0.0000 0.0482
003360 0.6027 0.3480 0.0000 0.0492
003380 0.6054 0.3447 0.0000 0.0499
003400 0.6067 0.3443 0.0000 0.0490
003420 0.6099 0.3402 0.0000 0.0499
003440 0.6035 0.3439 0.0000 0.0527
003460 0.5956 0.3505 0.0000 0.0539
003480 0.5863 0.3609 0.0000 0.0527
003500 0.5847 0.3643 0.0000 0.0510
003520 0.5893 0.3602 0.0000 0.0505
003540 0.6015 0.3521 0.0000 0.0464
003560 0.6122 0.3395 0.0000 0.0483
003580 0.6154 0.3351 0.0000 0.0495
003600 0.6085 0.3384 0.0000 0.0531
003620 0.5936 0.3510 0.0000 0.0554
003640 0.5818 0.3629 0.0000 0.0554
003660 0.5780 0.3694 0.0000 0.0526
003680 0.5852 0.3660 0.0000 0.0488
003700 0.5956 0.3566 0.0000 0.0478
003720 0.6101 0.3422 0.0000 0.0477
003740 0.6164 0.3320 0.0000 0.0517
003760 0.6075 0.3394 0.0000 0.0531
003780 0.5986 0.3500 0.0000 0.0514
003800 0.5917 0.3563 0.0000 0.0521
003820 0.5895 0.3587 0.0000 0.0518
003840 0.5849 0.3617 0.0000 0.0534
003860 0.5845 0.3657 0.0000 0.0497
003880 0.5928 0.3573 0.0000 0.0499
003900 0.6009 0.3496 0.0000 0.0495
003920 0.6049 0.3465 0.0000 0.0486
003940 0.6093 0.3415 0.0000 0.0492
003960 0.6086 0.3395 0.0000 0.0519
003980 0.6063 0.3422 0.0000 0.0515
004000 0.6030 0.3462 0.0000 0.0508
004020 0.5990 0.3506 0.0000 0.0505
004040 0.5875 0.3570 0.0000 0.0555
004060 0.5776 0.3674 0.0000 0.0550
004080 0.5714 0.3754 0.0000 0.0532
004100 0.5753 0.3747 0.0000 0.0500
004120 0.5901 0.3609 0.0000 0.0490
004140 0.5998 0.3510 0.0000 0.0492
004160 0.6024 0.3478 0.0000 0.0499
004180 0.6053 0.3467 0.0000 0.0481
004200 0.6111 0.3402 0.0000 0.0487
004220 0.6098 0.3389 0.0000 0.0513
004240 0.6034 0.3442 0.0000 0.0524
004260 0.5979 0.3503 0.0000 0.0518
004280 0.5943 0.3536 0.0000 0.0521
004300 0.5936 0.3567 0.0000 0.0498
004320 0.5953 0.3551 0.0000 0.0497
004340 0.5975 0.3515 0.0000 0.0510
004360 0.5980 0.3505 0.0000 0.0515
004380 0.5950 0.3528 0.0000 0.0522
004400 0.5898 0.3570 0.0000 0.0532
004420 0.5834 0.3631 0.0000 0.0535
004440 0.5805 0.3674 0.0000 0.0521
004460 0.5848 0.3658 0.0000 0.0494
004480 0.5960 0.3564 0.0000 0.0476
004500 0.6046 0.3462 0.0000 0.0492
004520 0.6053 0.3438 0.0000 0.0509
004540 0.6028 0.3453 0.0000 0.0519
004560 0.5978 0.3497 0.0000 0.0525
004580 0.5907 0.3546 0.0000 0.0547
004600 0.5851 0.3612 0.0000 0.0537
004620 0.5854 0.3627 0.0000 0.0519
004640 0.5911 0.3594 0.0000 0.0495
004660 0.5943 0.3556 0.0000 0.0502
004680 0.5948 0.3529 0.0000 0.0523
004700 0.5954 0.3535 0.0000 0.0511
004720 0.5999 0.3514 0.0000 0.0487
004740 0.6063 0.3454 0.0000 0.0483
004760 0.6077 0.3426 0.0000 0.0497
004780 0.6079 0.3416 0.0000 0.0504
004800 0.6046 0.3421 0.0000 0.0533
004820 0.5967 0.3509 0.0000 0.0525
004840 0.5908 0.3563 0.0000 0.0529
004860 0.5916 0.3584 0.0000 0.0501
004880 0.5951 0.3560 0.0000 0.0489
004900 0.5967 0.3537 0.0000 0.0496
004920 0.5979 0.3506 0.0000 0.0515
004940 0.5946 0.3538 0.0000 0.0517
004960 0.5941 0.3545 0.0000 0.0513
004980 0.5932 0.3542 0.0000 0.0526
005000 0.5890 0.3600 0.0000 0.0510
005020 0.5900 0.3588 0.0000 0.0512
005040 0.5960 0.3572 0.0000 0.0468
005060 0.6049 0.3459 0.0000 0.0492
005080 0.6073 0.3419 0.0000 0.0508
005100 0.6048 0.3438 0.0000 0.0514
005120 0.5969 0.3482 0.0000 0.0548
005140 0.5884 0.3580 0.0000 0.0536
005160 0.5811 0.3656 0.0000 0.0534
005180 0.5774 0.3701 0.0000 0.0524
005200 0.5791 0.3693 0.0000 0.0516
005220 0.5859 0.3635 0.0000 0.0507
005240 0.5924 0.3577 0.0000 0.0499
005260 0.5931 0.3545 0.0000 0.0525
005280 0.5872 0.3601 0.0000 0.0527
005300 0.5861 0.3618 0.0000 0.0521
005320 0.5895 0.3591 0.0000 0.0514
005340 0.5955 0.3551 0.0000 0.0495
005360 0.5989 0.3486 0.0000 0.0525
005380 0.5950 0.3524 0.0000 0.0525
005400 0.5881 0.3594 0.0000 0.0525
005420 0.5844 0.3629 0.0000 0.0526
005440 0.5889 0.3616 0.0000 0.0495
005460 0.5965 0.3538 0.0000 0.0497
005480 0.6042 0.3468 0.0000 0.0490
005500 0.6073 0.3438 0.0000 0.0489
005520 0.6067 0.3411 0.0000 0.0522
005540 0.5968 0.3487 0.0000 0.0545
005560 0.5840 0.3602 0.0000 0.0558
005580 0.5792 0.3676 0.0000 0.0532
005600 0.5856 0.3648 0.0000 0.0496
005620 0.5921 0.3577 0.0000 0.0501
005640 0.6019 0.3502 0.0000 0.0478
005660 0.6074 0.3415 0.0000 0.0510
005680 0.6027 0.3448 0.0000 0.0525
005700 0.5984 0.3495 0.0000 0.0521
005720 0.5891 0.3572 0.0000 0.0537
005740 0.5835 0.3651 0.0000 0.0515
005760 0.5839 0.3647 0.0000 0.0514
005780 0.5868 0.3623 0.0000 0.0510
005800 0.5906 0.3608 0.0000 0.0487
005820 0.5990 0.3520 0.0000 0.0490
005840 0.6087 0.3441 0.0000 0.0472
005860 0.6123 0.3373 0.0000 0.0504
005880 0.6080 0.3405 0.0000 0.0516
005900 0.6002 0.3453 0.0000 0.0545
005920 0.5947 0.3540 0.0000 0.0514
005940 0.5953 0.3554 0.0000 0.0493
005960 0.5967 0.3516 0.0000 0.0517
005980 0.5944 0.3529 0.0000 0.0527
006000 0.5985 0.3507 0.0000 0.0508
006020 0.5992 0.3485 0.0000 0.0522
006040 0.6042 0.3481 0.0000 0.0477
006060 0.6135 0.3398 0.0000 0.0467
006080 0.6154 0.3355 0.0000 0.0491
006100 0.6112 0.3368 0.0000 0.0520
006120 0.5982 0.3470 0.0000 0.0547
006140 0.5869 0.3580 0.0000 0.0551
006160 0.5830 0.3649 0.0000 0.0521
006180 0.5803 0.3668 0.0000 0.0529
006200 0.5828 0.3661 0.0000 0.0511
006220 0.5891 0.3622 0.0000 0.0487
006240 0.5952 0.3560 0.0000 0.0488
006260 0.6004 0.3510 0.0000 0.0486
006280 0.6006 0.3478 0.0000 0.0516
006300 0.6023 0.3481 0.0000 0.0496
006320 0.6048 0.3444 0.0000 0.0508
006340 0.5992 0.3502 0.0000 0.0507
006360 0.5979 0.3531 0.0000 0.0491
006380 0.5999 0.3516 0.0000 0.0485
006400 0.6048 0.3470 0.0000 0.0482
006420 0.6059 0.3443 0.0000 0.0497
006440 0.6067 0.3438 0.0000 0.0495
006460 0.6028 0.3445 0.0000 0.0527
006480 0.6000 0.3485 0.0000 0.0515
006500 0.5994 0.3499 0.0000 0.0507
006520 0.5915 0.3548 0.0000 0.0537
006540 0.5826 0.3640 0.0000 0.0534
006560 0.5818 0.3663 0.0000 0.0519
006580 0.5862 0.3631 0.0000 0.0507
006600 0.5955 0.3576 0.0000 0.0469
006620 0.6036 0.3476 0.0000 0.0488
006640 0.6099 0.3415 0.0000 0.0486
006660 0.6083 0.3422 0.0000 0.0495
006680 0.6103 0.3422 0.0000 0.0475
006700 0.6130 0.3380 0.0000 0.0490
006720 0.6076 0.3415 0.0000 0.0509
006740 0.5997 0.3471 0.0000 0.0532
006760 0.5886 0.3551 0.0000 0.0562
006780 0.5766 0.3674 0.0000 0.0561
006800 0.5742 0.3745 0.0000 0.0513
006820 0.5874 0.3650 0.0000 0.0475
006840 0.6005 0.3515 0.0000 0.0480
006860 0.6118 0.3397 0.0000 0.0486
006880 0.6139 0.3366 0.0000 0.0495
006900 0.6127 0.3392 0.0000 0.0481
006920 0.6134 0.3376 0.0000 0.0490
006940 0.6111 0.3375 0.0000 0.0515
006960 0.6014 0.3464 0.0000 0.0522
006980 0.5964 0.3522 0.0000 0.0514
007000 0.6014 0.3494 0.0000 0.0492
007020 0.6031 0.3467 0.0000 0.0502
007040 0.6031 0.3462 0.0000 0.0506
007060 0.5982 0.3476 0.0000 0.0541
007080 0.5885 0.3577 0.0000 0.0538
007100 0.5815 0.3648 0.0000 0.0536
007120 0.5730 0.3744 0.0000 0.0526
007140 0.5756 0.3738 0.0000 0.0506
007160 0.5856 0.3667 0.0000 0.0478
007180 0.5997 0.3533 0.0000 0.0471
007200 0.6078 0.3443 0.0000 0.0479
007220 0.6144 0.3392 0.0000 0.0464
007240 0.6180 0.3332 0.0000 0.0488
007260 0.6139 0.3353 0.0000 0.0508
007280 0.6022 0.3430 0.0000 0.0548
007300 0.5909 0.3548 0.0000 0.0543
007320 0.5887 0.3589 0.0000 0.0523
007340 0.5891 0.3597 0.0000 0.0512
007360 0.5868 0.3598 0.0000 0.0534
007380 0.5813 0.3648 0.0000 0.0539
007400 0.5801 0.3700 0.0000 0.0499
007420 0.5911 0.3618 0.0000 0.0470
007440 0.6032 0.3494 0.0000 0.0474
007460 0.6090 0.3431 0.0000 0.0479
007480 0.6165 0.3354 0.0000 0.0481
007500 0.6135 0.3346 0.0000 0.0519
007520 0.6056 0.3417 0.0000 0.0526
007540 0.5914 0.3525 0.0000 0.0561
007560 0.5767 0.3682 0.0000 0.0551
007580 0.5688 0.3774 0.0000 0.0537
007600 0.5697 0.3775 0.0000 0.0528
007620 0.5798 0.3707 0.0000 0.0495
007640 0.5951 0.3577 0.0000 0.0472
007660 0.6045 0.3472 0.0000 0.0483
007680 0.6136 0.3398 0.0000 0.0467
007700 0.6194 0.3319 0.0000 0.0488
007720 0.6145 0.3333 0.0000 0.0522
007740 0.6045 0.3442 0.0000 0.0513
007760 0.5979 0.3494 0.0000 0.0527
007780 0.5874 0.3584 0.0000 0.0542
007800 0.5835 0.3640 0.0000 0.0525
007820 0.5863 0.3637 0.0000 0.0500
007840 0.5952 0.3583 0.0000 0.0465
007860 0.6054 0.3485 0.0000 0.0461
007880 0.6167 0.3376 0.0000 0.0457
007900 0.6205 0.3287 0.0000 0.0508
007920 0.6107 0.3335 0.0000 0.0558
007940 0.5914 0.3512 0.0000 0.0573
007960 0.5796 0.3669 0.0000 0.0536
007980 0.5766 0.3721 0.0000 0.0514
008000 0.5756 0.3726 0.0000 0.0518
008020 0.5819 0.3688 0.0000 0.0492
008040 0.5973 0.3549 0.0000 0.0478
008060 0.6129 0.3418 0.0000 0.0453
008080 0.6216 0.3302 0.0000 0.0481
008100 0.6166 0.3291 0.0000 0.0542
008120 0.5957 0.3465 0.0000 0.0579
008140 0.5803 0.3643 0.0000 0.0554
008160 0.5723 0.3739 0.0000 0.0538
008180 0.5753 0.3739 0.0000 0.0508
008200 0.5851 0.3654 0.0000 0.0495
008220 0.5963 0.3558 0.0000 0.0479
008240 0.6066 0.3454 0.0000 0.0481
008260 0.6088 0.3413 0.0000 0.0499
008280 0.6054 0.3431 0.0000 0.0515
008300 0.5990 0.3490 0.0000 0.0519
008320 0.5937 0.3544 0.0000 0.0519
008340 0.5893 0.3575 0.0000 0.0532
008360 0.5877 0.3605 0.0000 0.0518
008380 0.5959 0.3559 0.0000 0.0482
008400 0.6069 0.3466 0.0000 0.0466
008420 0.6115 0.3384 0.0000 0.0502
008440 0.6055 0.3412 0.0000 0.0534
008460 0.5965 0.3499 0.0000 0.0536
008480 0.5852 0.3608 0.0000 0.0540
008500 0.5837 0.3645 0.0000 0.0518
008520 0.5855 0.3635 0.0000 0.0510
008540 0.5910 0.3585 0.0000 0.0505
008560 0.5951 0.3547 0.0000 0.0502
008580 0.6014 0.3508 0.0000 0.0479
008600 0.6056 0.3453 0.0000 0.0491
008620 0.6065 0.3452 0.0000 0.0483
008640 0.6043 0.3444 0.0000 0.0512
008660 0.6026 0.3478 0.0000 0.0496
008680 0.5986 0.3499 0.0000 0.0515
008700 0.5987 0.3530 0.0000 0.0483
008720 0.6012 0.3503 0.0000 0.0485
008740 0.6044 0.3449 0.0000 0.0507
008760 0.5962 0.3499 0.0000 0.0539
008780 0.5865 0.3596 0.0000 0.0539
008800 0.5830 0.3631 0.0000 0.0539
008820 0.5862 0.3642 0.0000 0.0496
008840 0.5922 0.3583 0.0000 0.0495
008860 0.5961 0.3531 0.0000 0.0508
008880 0.5958 0.3522 0.0000 0.0520
008900 0.5947 0.3530 0.0000 0.0523
008920 0.5921 0.3567 0.0000 0.0512
008940 0.5933 0.3569 0.0000 0.0498
008960 0.5966 0.3539 0.0000 0.0495
008980 0.5978 0.3508 0.0000 0.0514
009000 0.5979 0.3509 0.0000 0.0512
009020 0.5952 0.3521 0.0000 0.0528
009040 0.5964 0.3534 0.0000 0.0502
009060 0.5962 0.3529 0.0000 0.0509
009080 0.5965 0.3528 0.0000 0.0506
009100 0.5998 0.3495 0.0000 0.0507
009120 0.5994 0.3489 0.0000 0.0517
009140 0.5952 0.3522 0.0000 0.0527
009160 0.5873 0.3594 0.0000 0.0533
009180 0.5790 0.3684 0.0000 0.0526
009200 0.5816 0.3692 0.0000 0.0492
009220 0.5925 0.3594 0.0000 0.0481
009240 0.6078 0.3447 0.0000 0.0474
009260 0.6152 0.3347 0.0000 0.0501
009280 0.6155 0.3331 0.0000 0.0514
009300 0.6079 0.3405 0.0000 0.0516
009320 0.6011 0.3447 0.0000 0.0541
009340 0.5874 0.3585 0.0000 0.0540
009360 0.5833 0.3654 0.0000 0.0513
009380 0.5794 0.3694 0.0000 0.0512
009400 0.5773 0.3706 0.0000 0.0521
009420 0.5819 0.3668 0.0000 0.0512
009440 0.5892 0.3631 0.0000 0.0477
009460 0.5969 0.3548 0.0000 0.0483
009480 0.6043 0.3480 0.0000 0.0477
009500 0.6127 0.3391 0.0000 0.0482
009520 0.6126 0.3369 0.0000 0.0505
009540 0.6093 0.3399 0.0000 0.0509
009560 0.6046 0.3424 0.0000 0.0530
009580 0.5939 0.3528 0.0000 0.0533
009600 0.5878 0.3599 0.0000 0.0523
009620 0.5891 0.3598 0.0000 0.0511
009640 0.5930 0.3562 0.0000 0.0507
009660 0.5967 0.3528 0.0000 0.0505
009680 0.5992 0.3488 0.0000 0.0520
009700 0.5995 0.3481 0.0000 0.0524
009720 0.5915 0.3542 0.0000 0.0543
009740 0.5834 0.3644 0.0000 0.0522
009760 0.5801 0.3686 0.0000 0.0513
009780 0.5847 0.3653 0.0000 0.0500
009800 0.5904 0.3600 0.0000 0.0496
009820 0.6004 0.3509 0.0000 0.0487
009840 0.6047 0.3448 0.0000 0.0505
009860 0.6072 0.3427 0.0000 0.0501
009880 0.6073 0.3438 0.0000 0.0489
009900 0.6076 0.3430 0.0000 0.0494
009920 0.6021 0.3466 0.0000 0.0514
009940 0.5981 0.3501 0.0000 0.0518
009960 0.5926 0.3559 0.0000 0.0515
009980 0.5872 0.3605 0.0000 0.0523
010000 0.5847 0.3631 0.0000 0.0522
010020 0.5904 0.3589 0.0000 0.0507
010040 0.5904 0.3589 0.0000 0.0507
010060 0.5904 0.3589 0.0000 0.0507
010080 0.5904 0.3589 0.0000 0.0507
010100 0.5904 0.3589 0.0000 0.0507
010120 0.5904 0.3589 0.0000 0.0507
010140 0.5904 0.3589 0.0000 0.0507
010160 0.5904 0.3589 0.0000 0.0507
010180 0.5904 0.3589 0.0000 0.0507
010200 0.5904 0.3589 0.0000 0.0507
010220 0.5904 0.3589 0.0000 0.0507
010240 0.5904 0.3589 0.0000 0.0507
010260 0.5904 0.3589 0.0000 0.0507
010280 0.5904 0.3589 0.0000 0.0507
010300 0.5904 0.3589 0.0000 0.0507
010320 0.5904 0.3589 0.0000 0.0507
010340 0.5904 0.3589 0.0000 0.0507
010360 0.5904 0.3589 0.0000 0.0507
010380 0.5904 0.3589 0.0000 0.0507
010400 0.5904 0.3589 0.0000 0.0507
010420 0.5904 0.3589 0.0000 0.0507
010440 0.5904 0.3589 0.0000 0.0507
010460 0.5904 0.3589 0.0000 0.0507
010480 0.5904 0.3589 0.0000 0.0507
010500 0.5904 0.3589 0.0000 0.0507
010520 0.5904 0.3589 0.0000 0.0507
010540 0.5904 0.3589 0.0000 0.0507
010560 0.5904 0.3589 0.0000 0.0507
010580 0.5904 0.3589 0.0000 0.0507
010600 0.5904 0.3589 0.0000 0.0507
010620 0.5904 0.3589 0.0000 0.0507
010640 0.5904 0.3589 0.0000 0.0507
010660 0.5904 0.3589 0.0000 0.0507
010680 0.5904 0.3589 0.0000 0.0507
010700 0.5904 0.3589 0.0000 0.0507
010720 0.5904 0.3589 0.0000 0.0507
010740 0.5904 0.3589 0.0000 0.0507
010760 0.5904 0.3589 0.0000 0.0507
010780 0.5904 0.3589 0.0000 0.0507
010800 0.5904 0.3589 0.0000 0.0507
010820 0.5904 0.3589 0.0000 0.0507
010840 0.5904 0.3589 0.0000 0.0507
010860 0.5904 0.3589 0.0000 0.0507
010880 0.5904 0.3589 0.0000 0.0507
010900 0.5904 0.3589 0.0000 0.0507
010920 0.5904 0.3589 0.0000 0.0507
010940 0.5904 0.3589 0.0000 0.0507
010960 0.5904 0.3589 0.0000 0.0507
010980 0.5904 0.3589 0.0000 0.0507
011000 0.5904 0.3589 0.0000 0.0507
011020 0.5904 0.3589 0.0000 0.0507
011040 0.5904 0.3589 0.0000 0.0507
011060 0.5904 0.3589 0.0000 0.0507
011080 0.5904 0.3589 0.0000 0.0507
011100 0.5904 0.3589 0.0000 0.0507
011120 0.5904 0.3589 0.0000 0.0507
011140 0.5904 0.3589 0.0000 0.0507
011160 0.5904 0.3589 0.0000 0.0507
011180 0.5904 0.3589 0.0000 0.0507
011200 0.5904 0.3589 0.0000 0.0507
011220 0.5904 0.3589 0.0000 0.0507
011240 0.5904 0.3589 0.0000 0.0507
011260 0.5904 0.3589 0.0000 0.0507
011280 0.5904 0.3589 0.0000 0.0507
011300 0.5904 0.3589 0.0000 0.0507
011320 0.5904 0.3589 0.0000 0.0507
011340 0.5904 0.3589 0.0000 0.0507
011360 0.5904 0.3589 0.0000 0.0507
011380 0.5904 0.3589 0.0000 0.0507
011400 0.5904 0.3589 0.0000 0.0507
011420 0.5904 0.3589 0.0000 0.0507
011440 0.5904 0.3589 0.0000 0.0507
011460 0.5904 0.3589 0.0000 0.0507
011480 0.5904 0.3589 0.0000 0.0507
011500 0.5904 0.3589 0.0000 0.0507
011520 0.5904 0.3589 0.0000 0.0507
011540 0.5904 0.3589 0.0000 0.0507
011560 0.5904 0.3589 0.0000 0.0507
011580 0.5904 0.3589 0.0000 0.0507
011600 0.5904 0.3589 0.0000 0.0507
011620 0.5904 0.3589 0.0000 0.0507
011640 0.5904 0.3589 0.0000 0.0507
011660 0.5904 0.3589 0.0000 0.0507
011680 0.5904 0.3589 0.0000 0.0507
011700 0.5904 0.3589 0.0000 0.0507
011720 0.5904 0.3589 0.0000 0.0507
011740 0.5904 0.3589 0.0000 0.0507
011760 0.5904 0.3589 0.0000 0.0507
011780 0.5904 0.3589 0.0000 0.0507
011800 0.5904 0.3589 0.0000 0.0507
011820 0.5904 0.3589 0.0000 0.0507
011840 0.5904 0.3589 0.0000 0.0507
011860 0.5904 0.3589 0.0000 0.0507
011880 0.5904 0.3589 0.0000 0.0507
011900 0.5904 0.3589 0.0000 0.0507
011920 0.5904 0.3589 0.0000 0.0507
011940 0.5904 0.3589 0.0000 0.0507
011960 0.5904 0.3589 0.0000 0.0507
011980 0.5904 0.3589 0.0000 0.0507
012000 0.5904 0.3589 0.0000 0.0507
012020 0.5904 0.3589 0.0000 0.0507
012040 0.5904 0.3589 0.0000 0.0507
012060 0.5904 0.3589 0.0000 0.0507
012080 0.5904 0.3589 0.0000 0.0507
012100 0.5904 0.3589 0.0000 0.0507
012120 0.5904 0.3589 0.0000 0.0507
012140 0.5904 0.3589 0.0000 0.0507
012160 0.5904 0.3589 0.0000 0.0507
012180 0.5904 0.3589 0.0000 0.0507
012200 0.5904 0.3589 0.0000 0.0507
012220 0.5904 0.3589 0.0000 0.0507
012240 0.5904 0.3589 0.0000 0.0507
012260 0.5904 0.3589 0.0000 0.0507
012280 0.5904 0.3589 0.0000 0.0507
012300 0.5904 0.3589 0.0000 0.0507
012320 0.5904 0.3589 0.0000 0.0507
012340 0.5904 0.3589 0.0000 0.0507
012360 0.5904 0.3589 0.0000 0.0507
012380 0.5904 0.3589 0.0000 0.0507
012400 0.5904 0.3589 0.0000 0.0507
012420 0.5904 0.3589 0.0000 0.0507
012440 0.5904 0.3589 0.0000 0.0507
012460 0.5904 0.3589 0.0000 0.0507
012480 0.5904 0.3589 0.0000 0.0507
012500 0.5904 0.3589 0.0000 0.0507
012520 0.5904 0.3589 0.0000 0.0507
012540 0.5904 0.3589 0.0000 0.0507
012560 0.5904 0.3589 0.0000 0.0507
012580 0.5904 0.3589 0.0000 0.0507
012600 0.5904 0.3589 0.0000 0.0507
012620 0.5904 0.3589 0.0000 0.0507
012640 0.5904 0.3589 0.0000 0.0507
012660 0.5904 0.3589 0.0000 0.0507
012680 0.5904 0.3589 0.0000 0.0507
012700 0.5904 0.3589 0.0000 0.0507
012720 0.5904 0.3589 0.0000 0.0507
012740 0.5904 0.3589 0.0000 0.0507
012760 0.5904 0.3589 0.0000 0.0507
012780 0.5904 0.3589 0.0000 0.0507
012800 0.5904 0.3589 0.0000 0.0507
012820 0.5904 0.3589 0.0000 0.0507
012840 0.5904 0.3589 0.0000 0.0507
012860 0.5904 0.3589 0.0000 0.0507
012880 0.5904 0.3589 0.0000 0.0507
012900 0.5904 0.3589 0.0000 0.0507
012920 0.5904 0.3589 0.0000 0.0507
012940 0.5904 0.3589 0.0000 0.0507
012960 0.5904 0.3589 0.0000 0.0507
012980 0.5904 0.3589 0.0000 0.0507
013000 0.5904 0.3589 0.0000 0.0507
013020 0.5904 0.3589 0.0000 0.0507
013040 0.5904 0.3589 0.0000 0.0507
013060 0.5904 0.3589 0.0000 0.0507
013080 0.5904 0.3589 0.0000 0.0507
013100 0.5904 0.3589 0.0000 0.0507
013120 0.5904 0.3589 0.0000 0.0507
013140 0.5904 0.3589 0.0000 0.0507
013160 0.5904 0.3589 0.0000 0.0507
013180 0.5904 0.3589 0.0000 0.0507
013200 0.5904 0.3589 0.0000 0.0507
013220 0.5904 0.3589 0.0000 0.0507
013240 0.5904 0.3589 0.0000 0.0507
013260 0.5904 0.3589 0.0000 0.0507
013280 0.5904 0.3589 0.0000 0.0507
013300 0.5904 0.3589 0.0000 0.0507
013320 0.5904 0.3589 0.0000 0.0507
013340 0.5904 0.3589 0.0000 0.0507
013360 0.5904 0.3589 0.0000 0.0507
013380 0.5904 0.3589 0.0000 0.0507
013400 0.5904 0.3589 0.0000 0.0507
013420 0.5904 0.3589 0.0000 0.0507
013440 0.5904 0.3589 0.0000 0.0507
013460 0.5904 0.3589 0.0000 0.0507
013480 0.5904 0.3589 0.0000 0.0507
013500 0.5904 0.3589 0.0000 0.0507
013520 0.5904 0.3589 0.0000 0.0507
013540 0.5904 0.3589 0.0000 0.0507
013560 0.5904 0.3589 0.0000 0.0507
013580 0.5904 0.3589 0.0000 0.0507
013600 0.5904 0.3589 0.0000 0.0507
013620 0.5904 0.3589 0.0000 0.0507
013640 0.5904 0.3589 0.0000 0.0507
013660 0.5904 0.3589 0.0000 0.0507
013680 0.5904 0.3589 0.0000 0.0507
013700 0.5904 0.3589 0.0000 0.0507
013720 0.5904 0.3589 0.0000 0.0507
013740 0.5904 0.3589 0.0000 0.0507
013760 0.5904 0.3589 0.0000 0.0507
013780 0.5904 0.3589 0.0000 0.0507
013800 0.5904 0.3589 0.0000 0.0507
013820 0.5904 0.3589 0.0000 0.0507
013840 0.5904 0.3589 0.0000 0.0507
013860 0.5904 0.3589 0.0000 0.0507
013880 0.5904 0.3589 0.0000 0.0507
013900 0.5904 0.3589 0.0000 0.0507
013920 0.5904 0.3589 0.0000 0.0507
013940 0.5904 0.3589 0.0000 0.0507
013960 0.5904 0.3589 0.0000 0.0507
013980 0.5904 0.3589 0.0000 0.0507
014000 0.5904 0.3589 0.0000 0.0507
014020 0.5904 0.3589 0.0000 0.0507
014040 0.5904 0.3589 0.0000 0.0507
014060 0.5904 0.3589 0.0000 0.0507
014080 0.5904 0.3589 0.0000 0.0507
014100 0.5904 0.3589 0.0000 0.0507
014120 0.5904 0.3589 0.0000 0.0507
014140 0.5904 0.3589 0.0000 0.0507
014160 0.5904 0.3589 0.0000 0.0507
014180 0.5904 0.3589 0.0000 0.0507
014200 0.5904 0.3589 0.0000 0.0507
014220 0.5904 0.3589 0.0000 0.0507
014240 0.5904 0.3589 0.0000 0.0507
014260 0.5904 0.3589 0.0000 0.0507
014280 0.5904 0.3589 0.0000 0.0507
014300 0.5904 0.3589 0.0000 0.0507
014320 0.5904 0.3589 0.0000 0.0507
014340 0.5904 0.3589 0.0000 0.0507
014360 0.5904 0.3589 0.0000 0.0507
014380 0.5904 0.3589 0.0000 0.0507
014400 0.5904 0.3589 0.0000 0.0507
014420 0.5904 0.3589 0.0000 0.0507
014440 0.5904 0.3589 0.0000 0.0507
014460 0.5904 0.3589 0.0000 0.0507
014480 0.5904 0.3589 0.0000 0.0507
014500 0.5904 0.3589 0.0000 0.0507
014520 0.5904 0.3589 0.0000 0.0507
014540 0.5904 0.3589 0.0000 0.0507
014560 0.5904 0.3589 0.0000 0.0507
014580 0.5904 0.3589 0.0000 0.0507
014600 0.5904 0.3589 0.0000 0.0507
014620 0.5904 0.3589 0.0000 0.0507
014640 0.5904 0.3589 0.0000 0.0507
014660 0.5904 0.3589 0.0000 0.0507
014680 0.5904 0.3589 0.0000 0.0507
014700 0.5904 0.3589 0.0000 0.0507
014720 0.5904 0.3589 0.0000 0.0507
014740 0.5904 0.3589 0.0000 0.0507
014760 0.5904 0.3589 0.0000 0.0507
014780 0.5904 0.3589 0.0000 0.0507
014800 0.5904 0.3589 0.0000 0.0507
014820 0.5904 0.3589 0.0000 0.0507
014840 0.5904 0.3589 0.0000 0.0507
014860 0.5904 0.3589 0.0000 0.0507
014880 0.5904 0.3589 0.0000 0.0507
014900 0.5904 0.3589 0.0000 0.0507
014920 0.5904 0.3589 0.0000 0.0507
014940 0.5904 0.3589 0.0000 0.0507
014960 0.5904 0.3589 0.0000 0.0507
014980 0.5904 0.3589 0.0000 0.0507
015000 0.5904 0.3589 0.0000 0.0507
015020 0.5904 0.3589 0.0000 0.0507
015040 0.5904 0.3589 0.0000 0.0507
015060 0.5904 0.3589 0.0000 0.0507
015080 0.5904 0.3589 0.0000 0.0507
015100 0.5904 0.3589 0.0000 0.0507
015120 0.5904 0.3589 0.0000 0.0507
015140 0.5904 0.3589 0.0000 0.0507
015160 0.5904 0.3589 0.0000 0.0507
015180 0.5904 0.3589 0.0000 0.0507
015200 0.5904 0.3589 0.0000 0.0507
015220 0.5904 0.3589 0.0000 0.0507
015240 0.5904 0.3589 0.0000 0.0507
015260 0.5904 0.3589 0.0000 0.0507
015280 0.5904 0.3589 0.0000 0.0507
015300 0.5904 0.3589 0.0000 0.0507
015320 0.5904 0.3589 0.0000 0.0507
015340 0.5904 0.3589 0.0000 0.0507
015360 0.5904 0.3589 0.0000 0.0507
015380 0.5904 0.3589 0.0000 0.0507
015400 0.5904 0.3589 0.0000 0.0507
015420 0.5904 0.3589 0.0000 0.0507
015440 0.5904 0.3589 0.0000 0.0507
015460 0.5904 0.3589 0.0000 0.0507
015480 0.5904 0.3589 0.0000 0.0507
015500 0.5904 0.3589 0.0000 0.0507
015520 0.5904 0.3589 0.0000 0.0507
015540 0.5904 0.3589 0.0000 0.0507
015560 0.5904 0.3589 0.0000 0.0507
015580 0.5904 0.3589 0.0000 0.0507
015600 0.5904 0.3589 0.0000 0.0507
015620 0.5904 0.3589 0.0000 0.0507
015640 0.5904 0.3589 0.0000 0.0507
015660 0.5904 0.3589 0.0000 0.0507
015680 0.5904 0.3589 0.0000 0.0507
015700 0.5904 0.3589 0.0000 0.0507
015720 0.5904 0.3589 0.0000 0.0507
015740 0.5904 0.3589 0.0000 0.0507
015760 0.5904 0.3589 0.0000 0.0507
015780 0.5904 0.3589 0.0000 0.0507
015800 0.5904 0.3589 0.0000 0.0507
015820 0.5904 0.3589 0.0000 0.0507
015840 0.5904 0.3589 0.0000 0.0507
015860 0.5904 0.3589 0.0000 0.0507
015880 0.5904 0.3589 0.0000 0.0507
015900 0.5904 0.3589 0.0000 0.0507
015920 0.5904 0.3589 0.0000 0.0507
015940 0.5904 0.3589 0.0000 0.0507
015960 0.5904 0.3589 0.0000 0.0507
015980 0.5904 0.3589 0.0000 0.0507
016000 0.5904 0.3589 0.0000 0.0507
016020 0.5904 0.3589 0.0000 0.0507
016040 0.5904 0.3589 0.0000 0.0507
016060 0.5904 0.3589 0.0000 0.0507
016080 0.5904 0.3589 0.0000 0.0507
016100 0.5904 0.3589 0.0000 0.0507
016120 0.5904 0.3589 0.0000 0.0507
016140 0.5904 0.3589 0.0000 0.0507
016160 0.5904 0.3589 0.0000 0.0507
016180 0.5904 0.3589 0.0000 0.0507
016200 0.5904 0.3589 0.0000 0.0507
016220 0.5904 0.3589 0.0000 0.0507
016240 0.5904 0.3589 0.0000 0.0507
016260 0.5904 0.3589 0.0000 0.0507
016280 0.5904 0.3589 0.0000 0.0507
016300 0.5904 0.3589 0.0000 0.0507
016320 0.5904 0.3589 0.0000 0.0507
016340 0.5904 0.3589 0.0000 0.0507
016360 0.5904 0.3589 0.0000 0.0507
016380 0.5904 0.3589 0.0000 0.0507
016400 0.5904 0.3589 0.0000 0.0507
016420 0.5904 0.3589 0.0000 0.0507
016440 0.5904 0.3589 0.0000 0.0507
016460 0.5904 0.3589 0.0000 0.0507
016480 0.5904 0.3589 0.0000 0.0507
016500 0.5904 0.3589 0.0000 0.0507
016520 0.5904 0.3589 0.0000 0.0507
016540 0.5904 0.3589 0.0000 0.0507
016560 0.5904 0.3589 0.0000 0.0507
016580 0.5904 0.3589 0.0000 0.0507
016600 0.5904 0.3589 0.0000 0.0507
016620 0.5904 0.3589 0.0000 0.0507
016640 0.5904 0.3589 0.0000 0.0507
016660 0.5904 0.3589 0.0000 0.0507
016680 0.5904 0.3589 0.0000 0.0507
016700 0.5904 0.3589 0.0000 0.0507
016720 0.5904 0.3589 0.0000 0.0507
016740 0.5904 0.3589 0.0000 0.0507
016760 0.5904 0.3589 0.0000 0.0507
016780 0.5904 0.3589 0.0000 0.0507
016800 0.5904 0.3589 0.0000 0.0507
016820 0.5904 0.3589 0.0000 0.0507
016840 0.5904 0.3589 0.0000 0.0507
016860 0.5904 0.3589 0.0000 0.0507
016880 0.5904 0.3589 0.0000 0.0507
016900 0.5904 0.3589 0.0000 0.0507
016920 0.5904 0.3589 0.0000 0.0507
016940 0.5904 0.3589 0.0000 0.0507
016960 0.5904 0.3589 0.0000 0.0507
016980 0.5904 0.3589 0.0000 0.0507
017000 0.5904 0.3589 0.0000 0.0507
017020 0.5904 0.3589 0.0000 0.0507
017040 0.5904 0.3589 0.0000 0.0507
017060 0.5904 0.3589 0.0000 0.0507
017080 0.5904 0.3589 0.0000 0.0507
017100 0.5904 0.3589 0.0000 0.0507
017120 0.5904 0.3589 0.0000 0.0507
017140 0.5904 0.3589 0.0000 0.0507
017160 0.5904 0.3589 0.0000 0.0507
017180 0.5904 0.3589 0.0000 0.0507
017200 0.5904 0.3589 0.0000 0.0507
017220 0.5904 0.3589 0.0000 0.0507
017240 0.5904 0.3589 0.0000 0.0507
017260 0.5904 0.3589 0.0000 0.0507
017280 0.5904 0.3589 0.0000 0.0507
017300 0.5904 0.3589 0.0000 0.0507
017320 0.5904 0.3589 0.0000 0.0507
017340 0.5904 0.3589 0.0000 0.0507
017360 0.5904 0.3589 0.0000 0.0507
017380 0.5904 0.3589 0.0000 0.0507
017400 0.5904 0.3589 0.0000 0.0507
017420 0.5904 0.3589 0.0000 0.0507
017440 0.5904 0.3589 0.0000 0.0507
017460 0.5904 0.3589 0.0000 0.0507
017480 0.5904 0.3589 0.0000 0.0507
017500 0.5904 0.3589 0.0000 0.0507
017520 0.5904 0.3589 0.0000 0.0507
017540 0.5904 0.3589 0.0000 0.0507
017560 0.5904 0.3589 0.0000 0.0507
017580 0.5904 0.3589 0.0000 0.0507
017600 0.5904 0.3589 0.0000 0.0507
017620 0.5904 0.3589 0.0000 0.0507
017640 0.5904 0.3589 0.0000 0.0507
017660 0.5904 0.3589 0.0000 0.0507
017680 0.5904 0.3589 0.0000 0.0507
017700 0.5904 0.3589 0.0000 0.0507
017720 0.5904 0.3589 0.0000 0.0507
017740 0.5904 0.3589 0.0000 0.0507
017760 0.5904 0.3589 0.0000 0.0507
017780 0.5904 0.3589 0.0000 0.0507
017800 0.5904 0.3589 0.0000 0.0507
017820 0.5904 0.3589 0.0000 0.0507
017840 0.5904 0.3589 0.0000 0.0507
017860 0.5904 0.3589 0.0000 0.0507
017880 0.5904 0.3589 0.0000 0.0507
017900 0.5904 0.3589 0.0000 0.0507
017920 0.5904 0.3589 0.0000 0.0507
017940 0.5904 0.3589 0.0000 0.0507
017960 0.5904 0.3589 0.0000 0.0507
017980 0.5904 0.3589 0.0000 0.0507
018000 0.5904 0.3589 0.0000 0.0507
018020 0.5904 0.3589 0.0000 0.0507
018040 0.5904 0.3589 0.0000 0.0507
018060 0.5904 0.3589 0.0000 0.0507
018080 0.5904 0.3589 0.0000 0.0507
018100 0.5904 0.3589 0.0000 0.0507
018120 0.5904 0.3589 0.0000 0.0507
018140 0.5904 0.3589 0.0000 0.0507
018160 0.5904 0.3589 0.0000 0.0507
018180 0.5904 0.3589 0.0000 0.0507
018200 0.5904 0.3589 0.0000 0.0507
018220 0.5904 0.3589 0.0000 0.0507
018240 0.5904 0.3589 0.0000 0.0507
018260 0.5904 0.3589 0.0000 0.0507
018280 0.5904 0.3589 0.0000 0.0507
018300 0.5904 0.3589 0.0000 0.0507
018320 0.5904 0.3589 0.0000 0.0507
018340 0.5904 0.3589 0.0000 0.0507
018360 0.5904 0.3589 0.0000 0.0507
018380 0.5904 0.3589 0.0000 0.0507
018400 0.5904 0.3589 0.0000 0.0507
018420 0.5904 0.3589 0.0000 0.0507
018440 0.5904 0.3589 0.0000 0.0507
018460 0.5904 0.3589 0.0000 0.0507
018480 0.5904 0.3589 0.0000 0.0507
018500 0.5904 0.3589 0.0000 0.0507
018520 0.5904 0.3589 0.0000 0.0507
018540 0.5904 0.3589 0.0000 0.0507
018560 0.5904 0.3589 0.0000 0.0507
018580 0.5904 0.3589 0.0000 0.0507
018600 0.5904 0.3589 0.0000 0.0507
018620 0.5904 0.3589 0.0000 0.0507
018640 0.5904 0.3589 0.0000 0.0507
018660 0.5904 0.3589 0.0000 0.0507
018680 0.5904 0.3589 0.0000 0.0507
018700 0.5904 0.3589 0.0000 0.0507
018720 0.5904 0.3589 0.0000 0.0507
018740 0.5904 0.3589 0.0000 0.0507
018760 0.5904 0.3589 0.0000 0.0507
018780 0.5904 0.3589 0.0000 0.0507
018800 0.5904 0.3589 0.0000 0.0507
018820 0.5904 0.3589 0.0000 0.0507
018840 0.5904 0.3589 0.0000 0.0507
018860 0.5904 0.3589 0.0000 0.0507
018880 0.5904 0.3589 0.0000 0.0507
018900 0.5904 0.3589 0.0000 0.0507
018920 0.5904 0.3589 0.0000 0.0507
018940 0.5904 0.3589 0.0000 0.0507
018960 0.5904 0.3589 0.0000 0.0507
018980 0.5904 0.3589 0.0000 0.0507
019000 0.5904 0.3589 0.0000 0.0507
019020 0.5904 0.3589 0.0000 0.0507
019040 0.5904 0.3589 0.0000 0.0507
019060 0.5904 0.3589 0.0000 0.0507
019080 0.5904 0.3589 0.0000 0.0507
019100 0.5904 0.3589 0.0000 0.0507
019120 0.5904 0.3589 0.0000 0.0507
019140 0.5904 0.3589 0.0000 0.0507
019160 0.5904 0.3589 0.0000 0.0507
019180 0.5904 0.3589 0.0000 0.0507
019200 0.5904 0.3589 0.0000 0.0507
019220 0.5904 0.3589 0.0000 0.0507
019240 0.5904 0.3589 0.0000 0.0507
019260 0.5904 0.3589 0.0000 0.0507
019280 0.5904 0.3589 0.0000 0.0507
019300 0.5904 0.3589 0.0000 0.0507
019320 0.5904 0.3589 0.0000 0.0507
019340 0.5904 0.3589 0.0000 0.0507
019360 0.5904 0.3589 0.0000 0.0507
019380 0.5904 0.3589 0.0000 0.0507
019400 0.5904 0.3589 0.0000 0.0507
019420 0.5904 0.3589 0.0000 0.0507
019440 0.5904 0.3589 0.0000 0.0507
019460 0.5904 0.3589 0.0000 0.0507
019480 0.5904 0.3589 0.0000 0.0507
019500 0.5904 0.3589 0.0000 0.0507
019520 0.5904 0.3589 0.0000 0.0507
019540 0.5904 0.3589 0.0000 0.0507
019560 0.5904 0.3589 0.0000 0.0507
019580 0.5904 0.3589 0.0000 0.0507
019600 0.5904 0.3589 0.0000 0.0507
019620 0.5904 0.3589 0.0000 0.0507
019640 0.5904 0.3589 0.0000 0.0507
019660 0.5904 0.3589 0.0000 0.0507
019680 0.5904 0.3589 0.0000 0.0507
019700 0.5904 0.3589 0.0000 0.0507
019720 0.5904 0.3589 0.0000 0.0507
019740 0.5904 0.3589 0.0000 0.0507
019760 0.5904 0.3589 0.0000 0.0507
019780 0.5904 0.3589 0.0000 0.0507
019800 0.5904 0.3589 0.0000 0.0507
019820 0.5904 0.3589 0.0000 0.0507
019840 0.5904 0.3589 0.0000 0.0507
019860 0.5904 0.3589 0.0000 0.0507
019880 0.5904 0.3589 0.0000 0.0507
019900 0.5904 0.3589 0.0000 0.0507
019920 0.5904 0.3589 0.0000 0.0507
019940 0.5904 0.3589 0.0000 0.0507
019960 0.5904 0.3589 0.0000 0.0507
019980 0.5904 0.3589 0.0000 0.0507
020000 0.5904 0.3589 0.0000 0.0507
