000000 0.2500 0.2500 0.2500 0.2500
000020 0.2605 0.2582 0.2303 0.2511
000040 0.2729 0.2666 0.2089 0.2516
000060 0.2848 0.2757 0.1885 0.2510
000080 0.2963 0.2854 0.1682 0.2501
000100 0.3066 0.2958 0.1492 0.2484
000120 0.3155 0.3072 0.1313 0.2460
000140 0.3244 0.3188 0.1138 0.2430
000160 0.3316 0.3316 0.0975 0.2393
000180 0.3384 0.3449 0.0825 0.2342
000200 0.3437 0.3582 0.0695 0.2286
000220 0.3482 0.3719 0.0570 0.2229
000240 0.3510 0.3868 0.0458 0.2164
000260 0.3506 0.4044 0.0362 0.2088
000280 0.3482 0.4239 0.0279 0.2000
000300 0.3452 0.4448 0.0205 0.1895
000320 0.3417 0.4656 0.0141 0.1786
000340 0.3373 0.4862 0.0090 0.1675
000360 0.3328 0.5068 0.0049 0.1555
000380 0.3267 0.5287 0.0022 0.1424
000400 0.3192 0.5518 0.0007 0.1283
000420 0.3116 0.5753 0.0000 0.1131
000440 0.3055 0.5979 0.0000 0.0966
000460 0.3010 0.6184 0.0000 0.0806
000480 0.3005 0.6303 0.0000 0.0692
000500 0.3022 0.6379 0.0000 0.0598
000520 0.3025 0.6462 0.0000 0.0513
000540 0.3037 0.6524 0.0000 0.0440
000560 0.2998 0.6602 0.0000 0.0400
000580 0.2960 0.6675 0.0000 0.0365
000600 0.2961 0.6710 0.0000 0.0329
000620 0.3024 0.6706 0.0000 0.0271
000640 0.3153 0.6603 0.0000 0.0244
000660 0.3297 0.6441 0.0000 0.0262
000680 0.3371 0.6348 0.0000 0.0282
000700 0.3397 0.6295 0.0000 0.0308
000720 0.3377 0.6296 0.0000 0.0327
000740 0.3359 0.6301 0.0000 0.0340
000760 0.3436 0.6245 0.0000 0.0319
000780 0.3567 0.6119 0.0000 0.0315
000800 0.3704 0.5987 0.0000 0.0309
000820 0.3815 0.5861 0.0000 0.0324
000840 0.3880 0.5778 0.0000 0.0342
000860 0.3950 0.5703 0.0000 0.0348
000880 0.3979 0.5651 0.0000 0.0370
000900 0.4009 0.5604 0.0000 0.0387
000920 0.4122 0.5548 0.0000 0.0330
000940 0.4324 0.5358 0.0000 0.0318
000960 0.4496 0.5158 0.0000 0.0346
000980 0.4608 0.5025 0.0000 0.0367
001000 0.4637 0.4958 0.0000 0.0405
001020 0.4632 0.4963 0.0000 0.0405
001040 0.4681 0.4914 0.0000 0.0405
001060 0.4793 0.4802 0.0000 0.0405
001080 0.4902 0.4692 0.0000 0.0405
001100 0.4981 0.4588 0.0000 0.0430
001120 0.5008 0.4541 0.0000 0.0451
001140 0.4970 0.4546 0.0000 0.0484
001160 0.4978 0.4542 0.0000 0.0480
001180 0.5053 0.4463 0.0000 0.0485
001200 0.5144 0.4381 0.0000 0.0474
001220 0.5299 0.4241 0.0000 0.0460
001240 0.5468 0.4059 0.0000 0.0473
001260 0.5576 0.3919 0.0000 0.0505
001280 0.5649 0.3845 0.0000 0.0507
001300 0.5693 0.3794 0.0000 0.0513
001320 0.5730 0.3748 0.0000 0.0522
001340 0.5744 0.3722 0.0000 0.0534
001360 0.5733 0.3711 0.0000 0.0556
001380 0.5763 0.3699 0.0000 0.0538
001400 0.5851 0.3635 0.0000 0.0514
001420 0.5887 0.3588 0.0000 0.0526
001440 0.5905 0.3543 0.0000 0.0553
001460 0.5856 0.3573 0.0000 0.0571
001480 0.5821 0.3618 0.0000 0.0561
001500 0.5856 0.3602 0.0000 0.0542
001520 0.5916 0.3521 0.0000 0.0564
001540 0.5930 0.3511 0.0000 0.0559
001560 0.6024 0.3441 0.0000 0.0535
001580 0.6046 0.3399 0.0000 0.0555
001600 0.6002 0.3422 0.0000 0.0576
001620 0.5927 0.3496 0.0000 0.0577
001640 0.5912 0.3518 0.0000 0.0570
001660 0.5906 0.3508 0.0000 0.0586
001680 0.5876 0.3539 0.0000 0.0585
001700 0.5936 0.3513 0.0000 0.0551
001720 0.5953 0.3467 0.0000 0.0579
001740 0.5940 0.3485 0.0000 0.0575
001760 0.5951 0.3487 0.0000 0.0562
001780 0.5981 0.3464 0.0000 0.0555
001800 0.6013 0.3451 0.0000 0.0536
001820 0.6094 0.3358 0.0000 0.0548
001840 0.6082 0.3355 0.0000 0.0563
001860 0.6041 0.3389 0.0000 0.0570
001880 0.6016 0.3424 0.0000 0.0560
001900 0.5960 0.3481 0.0000 0.0559
001920 0.5923 0.3506 0.0000 0.0571
001940 0.5909 0.3506 0.0000 0.0585
001960 0.5927 0.3510 0.0000 0.0563
001980 0.6032 0.3421 0.0000 0.0547
002000 0.6092 0.3343 0.0000 0.0564
002020 0.6049 0.3362 0.0000 0.0589
002040 0.5935 0.3471 0.0000 0.0593
002060 0.5888 0.3543 0.0000 0.0569
002080 0.5911 0.3528 0.0000 0.0561
002100 0.5941 0.3509 0.0000 0.0549
002120 0.5987 0.3433 0.0000 0.0580
002140 0.5992 0.3427 0.0000 0.0581
002160 0.5979 0.3454 0.0000 0.0567
002180 0.5972 0.3480 0.0000 0.0548
002200 0.5947 0.3462 0.0000 0.0591
002220 0.5913 0.3499 0.0000 0.0588
002240 0.5943 0.3489 0.0000 0.0568
002260 0.5985 0.3466 0.0000 0.0549
002280 0.6008 0.3437 0.0000 0.0555
002300 0.5989 0.3438 0.0000 0.0573
002320 0.5972 0.3441 0.0000 0.0587
002340 0.5938 0.3492 0.0000 0.0570
002360 0.5978 0.3471 0.0000 0.0551
002380 0.5981 0.3455 0.0000 0.0564
002400 0.6030 0.3410 0.0000 0.0560
002420 0.6048 0.3391 0.0000 0.0561
002440 0.6048 0.3362 0.0000 0.0590
002460 0.5995 0.3418 0.0000 0.0587
002480 0.6002 0.3430 0.0000 0.0568
002500 0.5990 0.3442 0.0000 0.0568
002520 0.5935 0.3483 0.0000 0.0583
002540 0.5912 0.3491 0.0000 0.0597
002560 0.5878 0.3539 0.0000 0.0583
002580 0.5920 0.3525 0.0000 0.0556
002600 0.5924 0.3515 0.0000 0.0561
002620 0.5938 0.3492 0.0000 0.0570
002640 0.5972 0.3464 0.0000 0.0563
002660 0.6041 0.3401 0.0000 0.0558
002680 0.6020 0.3422 0.0000 0.0558
002700 0.6008 0.3420 0.0000 0.0572
002720 0.6000 0.3425 0.0000 0.0576
002740 0.5975 0.3469 0.0000 0.0557
002760 0.5999 0.3445 0.0000 0.0556
002780 0.6027 0.3421 0.0000 0.0553
002800 0.6063 0.3371 0.0000 0.0566
002820 0.6027 0.3377 0.0000 0.0596
002840 0.5994 0.3418 0.0000 0.0588
002860 0.5952 0.3481 0.0000 0.0567
002880 0.5931 0.3492 0.0000 0.0577
002900 0.5931 0.3510 0.0000 0.0558
002920 0.5988 0.3471 0.0000 0.0541
002940 0.6023 0.3416 0.0000 0.0561
002960 0.6009 0.3423 0.0000 0.0568
002980 0.6000 0.3435 0.0000 0.0566
003000 0.5986 0.3458 0.0000 0.0557
003020 0.5941 0.3480 0.0000 0.0579
003040 0.5845 0.3533 0.0000 0.0622
003060 0.5808 0.3603 0.0000 0.0589
003080 0.5889 0.3558 0.0000 0.0553
003100 0.5946 0.3499 0.0000 0.0555
003120 0.5989 0.3473 0.0000 0.0538
003140 0.6048 0.3403 0.0000 0.0548
003160 0.6022 0.3407 0.0000 0.0571
003180 0.5990 0.3433 0.0000 0.0577
003200 0.5959 0.3459 0.0000 0.0582
003220 0.5959 0.3463 0.0000 0.0578
003240 0.5940 0.3484 0.0000 0.0576
003260 0.5960 0.3479 0.0000 0.0561
003280 0.5975 0.3454 0.0000 0.0572
003300 0.5924 0.3486 0.0000 0.0590
003320 0.5905 0.3529 0.0000 0.0566
003340 0.5904 0.3518 0.0000 0.0577
003360 0.5942 0.3511 0.0000 0.0547
003380 0.5971 0.3465 0.0000 0.0564
003400 0.6040 0.3415 0.0000 0.0545
003420 0.6127 0.3324 0.0000 0.0550
003440 0.6115 0.3317 0.0000 0.0567
003460 0.6045 0.3374 0.0000 0.0581
003480 0.6000 0.3435 0.0000 0.0565
003500 0.6014 0.3424 0.0000 0.0562
003520 0.6018 0.3419 0.0000 0.0563
003540 0.6028 0.3417 0.0000 0.0555
003560 0.5977 0.3427 0.0000 0.0596
003580 0.5959 0.3426 0.0000 0.0615
003600 0.5950 0.3443 0.0000 0.0607
003620 0.5948 0.3468 0.0000 0.0584
003640 0.6008 0.3447 0.0000 0.0545
003660 0.6113 0.3365 0.0000 0.0522
003680 0.6142 0.3293 0.0000 0.0565
003700 0.6054 0.3376 0.0000 0.0570
003720 0.5949 0.3475 0.0000 0.0575
003740 0.5988 0.3454 0.0000 0.0557
003760 0.6046 0.3406 0.0000 0.0547
003780 0.6120 0.3350 0.0000 0.0530
003800 0.6190 0.3275 0.0000 0.0534
003820 0.6172 0.3264 0.0000 0.0564
003840 0.6090 0.3330 0.0000 0.0580
003860 0.6034 0.3398 0.0000 0.0569
003880 0.5984 0.3442 0.0000 0.0574
003900 0.5999 0.3445 0.0000 0.0556
003920 0.6074 0.3372 0.0000 0.0554
003940 0.6070 0.3385 0.0000 0.0545
003960 0.6030 0.3383 0.0000 0.0587
003980 0.5946 0.3448 0.0000 0.0605
004000 0.5896 0.3519 0.0000 0.0585
004020 0.5941 0.3513 0.0000 0.0546
004040 0.6022 0.3432 0.0000 0.0546
004060 0.6095 0.3365 0.0000 0.0540
004080 0.6089 0.3345 0.0000 0.0566
004100 0.6039 0.3380 0.0000 0.0582
004120 0.5997 0.3423 0.0000 0.0580
004140 0.5979 0.3448 0.0000 0.0573
004160 0.5994 0.3467 0.0000 0.0539
004180 0.6047 0.3397 0.0000 0.0556
004200 0.6065 0.3360 0.0000 0.0576
004220 0.6039 0.3388 0.0000 0.0573
004240 0.6007 0.3408 0.0000 0.0585
004260 0.5915 0.3505 0.0000 0.0580
004280 0.5924 0.3510 0.0000 0.0566
004300 0.5934 0.3498 0.0000 0.0568
004320 0.5953 0.3476 0.0000 0.0570
004340 0.5978 0.3460 0.0000 0.0562
004360 0.5967 0.3453 0.0000 0.0580
004380 0.5992 0.3457 0.0000 0.0550
004400 0.6082 0.3383 0.0000 0.0535
004420 0.6190 0.3287 0.0000 0.0523
004440 0.6243 0.3214 0.0000 0.0543
004460 0.6156 0.3267 0.0000 0.0577
004480 0.6035 0.3356 0.0000 0.0608
004500 0.5904 0.3484 0.0000 0.0612
004520 0.5858 0.3572 0.0000 0.0570
004540 0.5918 0.3552 0.0000 0.0531
004560 0.6049 0.3423 0.0000 0.0528
004580 0.6086 0.3350 0.0000 0.0564
004600 0.6018 0.3385 0.0000 0.0596
004620 0.5918 0.3465 0.0000 0.0618
004640 0.5837 0.3577 0.0000 0.0586
004660 0.5860 0.3581 0.0000 0.0559
004680 0.5952 0.3505 0.0000 0.0543
004700 0.6026 0.3410 0.0000 0.0565
004720 0.6049 0.3380 0.0000 0.0571
004740 0.6070 0.3375 0.0000 0.0555
004760 0.6070 0.3369 0.0000 0.0561
004780 0.6010 0.3402 0.0000 0.0589
004800 0.5923 0.3468 0.0000 0.0609
004820 0.5815 0.3581 0.0000 0.0604
004840 0.5852 0.3579 0.0000 0.0569
004860 0.5920 0.3526 0.0000 0.0554
004880 0.5996 0.3437 0.0000 0.0568
004900 0.6005 0.3435 0.0000 0.0560
004920 0.6010 0.3441 0.0000 0.0549
004940 0.6029 0.3412 0.0000 0.0559
004960 0.6022 0.3397 0.0000 0.0581
004980 0.5999 0.3434 0.0000 0.0567
005000 0.6007 0.3428 0.0000 0.0566
005020 0.5975 0.3450 0.0000 0.0575
005040 0.5999 0.3463 0.0000 0.0537
005060 0.6081 0.3379 0.0000 0.0539
005080 0.6122 0.3332 0.0000 0.0546
005100 0.6082 0.3338 0.0000 0.0580
005120 0.6078 0.3361 0.0000 0.0561
005140 0.6044 0.3396 0.0000 0.0560
005160 0.6030 0.3402 0.0000 0.0569
005180 0.5994 0.3436 0.0000 0.0570
005200 0.5950 0.3472 0.0000 0.0578
005220 0.5911 0.3523 0.0000 0.0566
005240 0.5963 0.3491 0.0000 0.0547
005260 0.6055 0.3401 0.0000 0.0544
005280 0.6111 0.3349 0.0000 0.0540
005300 0.6145 0.3307 0.0000 0.0549
005320 0.6112 0.3329 0.0000 0.0559
005340 0.6082 0.3362 0.0000 0.0556
005360 0.6075 0.3362 0.0000 0.0563
005380 0.6040 0.3372 0.0000 0.0588
005400 0.6010 0.3420 0.0000 0.0570
005420 0.6014 0.3410 0.0000 0.0576
005440 0.6003 0.3434 0.0000 0.0562
005460 0.5985 0.3462 0.0000 0.0553
005480 0.5974 0.3440 0.0000 0.0586
005500 0.5900 0.3506 0.0000 0.0594
005520 0.5906 0.3552 0.0000 0.0541
005540 0.6041 0.3440 0.0000 0.0519
005560 0.6105 0.3344 0.0000 0.0551
005580 0.6122 0.3331 0.0000 0.0547
005600 0.6128 0.3320 0.0000 0.0552
005620 0.6051 0.3350 0.0000 0.0599
005640 0.5973 0.3434 0.0000 0.0592
005660 0.5974 0.3463 0.0000 0.0562
005680 0.6027 0.3423 0.0000 0.0550
005700 0.6076 0.3380 0.0000 0.0544
005720 0.6120 0.3344 0.0000 0.0536
005740 0.6106 0.3331 0.0000 0.0563
005760 0.6125 0.3319 0.0000 0.0556
005780 0.6125 0.3313 0.0000 0.0562
005800 0.6042 0.3381 0.0000 0.0577
005820 0.5970 0.3461 0.0000 0.0568
005840 0.5997 0.3455 0.0000 0.0548
005860 0.6084 0.3398 0.0000 0.0518
005880 0.6146 0.3303 0.0000 0.0551
005900 0.6168 0.3292 0.0000 0.0540
005920 0.6175 0.3263 0.0000 0.0562
005940 0.6145 0.3277 0.0000 0.0578
005960 0.5998 0.3413 0.0000 0.0589
005980 0.5883 0.3519 0.0000 0.0598
006000 0.5860 0.3552 0.0000 0.0589
006020 0.5856 0.3568 0.0000 0.0576
006040 0.5969 0.3483 0.0000 0.0548
006060 0.6011 0.3429 0.0000 0.0560
006080 0.6037 0.3397 0.0000 0.0566
006100 0.6069 0.3361 0.0000 0.0570
006120 0.5976 0.3410 0.0000 0.0614
006140 0.5827 0.3552 0.0000 0.0621
006160 0.5817 0.3619 0.0000 0.0564
006180 0.5861 0.3559 0.0000 0.0580
006200 0.5870 0.3551 0.0000 0.0579
006220 0.5939 0.3523 0.0000 0.0538
006240 0.5985 0.3473 0.0000 0.0542
006260 0.6009 0.3419 0.0000 0.0572
006280 0.6035 0.3407 0.0000 0.0558
006300 0.6030 0.3399 0.0000 0.0571
006320 0.5993 0.3439 0.0000 0.0568
006340 0.5925 0.3485 0.0000 0.0590
006360 0.5918 0.3496 0.0000 0.0586
006380 0.5959 0.3484 0.0000 0.0557
006400 0.6003 0.3451 0.0000 0.0547
006420 0.6043 0.3385 0.0000 0.0573
006440 0.5982 0.3413 0.0000 0.0605
006460 0.5921 0.3488 0.0000 0.0590
006480 0.5867 0.3544 0.0000 0.0589
006500 0.5880 0.3551 0.0000 0.0568
006520 0.5978 0.3494 0.0000 0.0528
006540 0.6080 0.3383 0.0000 0.0537
006560 0.6101 0.3343 0.0000 0.0556
006580 0.6055 0.3360 0.0000 0.0585
006600 0.5971 0.3435 0.0000 0.0594
006620 0.5902 0.3520 0.0000 0.0578
006640 0.5900 0.3531 0.0000 0.0570
006660 0.5972 0.3475 0.0000 0.0554
006680 0.5983 0.3449 0.0000 0.0567
006700 0.5968 0.3455 0.0000 0.0577
006720 0.5957 0.3481 0.0000 0.0561
006740 0.6004 0.3445 0.0000 0.0552
006760 0.6023 0.3404 0.0000 0.0573
006780 0.6043 0.3383 0.0000 0.0574
006800 0.6006 0.3415 0.0000 0.0579
006820 0.6009 0.3454 0.0000 0.0537
006840 0.6086 0.3384 0.0000 0.0530
006860 0.6171 0.3296 0.0000 0.0533
006880 0.6159 0.3295 0.0000 0.0546
006900 0.6098 0.3328 0.0000 0.0574
006920 0.6034 0.3385 0.0000 0.0581
006940 0.5938 0.3461 0.0000 0.0602
006960 0.5904 0.3534 0.0000 0.0561
006980 0.5931 0.3519 0.0000 0.0550
007000 0.6000 0.3437 0.0000 0.0562
007020 0.6039 0.3406 0.0000 0.0555
007040 0.6098 0.3374 0.0000 0.0528
007060 0.6128 0.3319 0.0000 0.0553
007080 0.6072 0.3358 0.0000 0.0570
007100 0.6008 0.3423 0.0000 0.0569
007120 0.5966 0.3458 0.0000 0.0576
007140 0.5967 0.3462 0.0000 0.0571
007160 0.5955 0.3475 0.0000 0.0571
007180 0.6004 0.3438 0.0000 0.0558
007200 0.6072 0.3380 0.0000 0.0548
007220 0.6073 0.3345 0.0000 0.0582
007240 0.5970 0.3412 0.0000 0.0617
007260 0.5871 0.3542 0.0000 0.0587
007280 0.5851 0.3579 0.0000 0.0570
007300 0.5911 0.3552 0.0000 0.0537
007320 0.6007 0.3462 0.0000 0.0531
007340 0.6091 0.3363 0.0000 0.0546
007360 0.6146 0.3312 0.0000 0.0542
007380 0.6145 0.3286 0.0000 0.0569
007400 0.6028 0.3383 0.0000 0.0589
007420 0.5927 0.3483 0.0000 0.0590
007440 0.5894 0.3561 0.0000 0.0545
007460 0.5965 0.3494 0.0000 0.0541
007480 0.6071 0.3392 0.0000 0.0536
007500 0.6173 0.3295 0.0000 0.0532
007520 0.6204 0.3252 0.0000 0.0544
007540 0.6150 0.3286 0.0000 0.0564
007560 0.6079 0.3347 0.0000 0.0574
007580 0.6029 0.3383 0.0000 0.0588
007600 0.5973 0.3452 0.0000 0.0575
007620 0.5984 0.3448 0.0000 0.0568
007640 0.6007 0.3443 0.0000 0.0549
007660 0.6124 0.3365 0.0000 0.0511
007680 0.6251 0.3211 0.0000 0.0538
007700 0.6242 0.3190 0.0000 0.0568
007720 0.6097 0.3319 0.0000 0.0584
007740 0.5985 0.3439 0.0000 0.0576
007760 0.5949 0.3490 0.0000 0.0561
007780 0.5962 0.3476 0.0000 0.0562
007800 0.6000 0.3435 0.0000 0.0565
007820 0.6053 0.3410 0.0000 0.0537
007840 0.6115 0.3339 0.0000 0.0547
007860 0.6113 0.3320 0.0000 0.0567
007880 0.5994 0.3397 0.0000 0.0609
007900 0.5861 0.3517 0.0000 0.0623
007920 0.5800 0.3604 0.0000 0.0596
007940 0.5826 0.3600 0.0000 0.0574
007960 0.5867 0.3568 0.0000 0.0565
007980 0.5976 0.3499 0.0000 0.0526
008000 0.6074 0.3378 0.0000 0.0548
008020 0.6087 0.3350 0.0000 0.0563
008040 0.6076 0.3350 0.0000 0.0574
008060 0.6050 0.3377 0.0000 0.0572
008080 0.6020 0.3404 0.0000 0.0576
008100 0.6016 0.3419 0.0000 0.0565
008120 0.6001 0.3429 0.0000 0.0569
008140 0.5883 0.3500 0.0000 0.0617
008160 0.5794 0.3618 0.0000 0.0588
008180 0.5822 0.3628 0.0000 0.0551
008200 0.5963 0.3516 0.0000 0.0521
008220 0.6147 0.3342 0.0000 0.0511
008240 0.6275 0.3203 0.0000 0.0522
008260 0.6308 0.3167 0.0000 0.0525
008280 0.6237 0.3186 0.0000 0.0577
008300 0.6124 0.3302 0.0000 0.0574
008320 0.5997 0.3390 0.0000 0.0613
008340 0.5885 0.3540 0.0000 0.0575
008360 0.5890 0.3558 0.0000 0.0552
008380 0.5928 0.3514 0.0000 0.0558
008400 0.5982 0.3446 0.0000 0.0572
008420 0.6031 0.3406 0.0000 0.0563
008440 0.6030 0.3396 0.0000 0.0575
008460 0.6002 0.3435 0.0000 0.0563
008480 0.6004 0.3434 0.0000 0.0562
008500 0.5998 0.3423 0.0000 0.0579
008520 0.6000 0.3444 0.0000 0.0556
008540 0.6035 0.3413 0.0000 0.0552
008560 0.6076 0.3383 0.0000 0.0542
008580 0.6072 0.3356 0.0000 0.0572
008600 0.6052 0.3372 0.0000 0.0576
008620 0.5965 0.3440 0.0000 0.0595
008640 0.5934 0.3506 0.0000 0.0560
008660 0.6023 0.3421 0.0000 0.0555
008680 0.6052 0.3376 0.0000 0.0572
008700 0.6052 0.3387 0.0000 0.0561
008720 0.6069 0.3372 0.0000 0.0559
008740 0.6039 0.3402 0.0000 0.0559
008760 0.5976 0.3447 0.0000 0.0577
008780 0.5953 0.3464 0.0000 0.0583
008800 0.5950 0.3473 0.0000 0.0577
008820 0.6007 0.3442 0.0000 0.0550
008840 0.6027 0.3422 0.0000 0.0551
008860 0.6073 0.3382 0.0000 0.0545
008880 0.6087 0.3364 0.0000 0.0549
008900 0.6029 0.3362 0.0000 0.0610
008920 0.5929 0.3469 0.0000 0.0601
008940 0.5884 0.3531 0.0000 0.0586
008960 0.5898 0.3532 0.0000 0.0570
008980 0.5980 0.3452 0.0000 0.0568
009000 0.5994 0.3441 0.0000 0.0564
009020 0.5990 0.3447 0.0000 0.0563
009040 0.5977 0.3456 0.0000 0.0567
009060 0.6013 0.3442 0.0000 0.0545
009080 0.6051 0.3394 0.0000 0.0555
009100 0.6088 0.3358 0.0000 0.0554
009120 0.6093 0.3351 0.0000 0.0556
009140 0.6051 0.3376 0.0000 0.0573
009160 0.5998 0.3407 0.0000 0.0595
009180 0.5952 0.3485 0.0000 0.0563
009200 0.5923 0.3503 0.0000 0.0573
009220 0.5940 0.3498 0.0000 0.0562
009240 0.5960 0.3488 0.0000 0.0552
009260 0.5973 0.3454 0.0000 0.0572
009280 0.6016 0.3434 0.0000 0.0550
009300 0.6070 0.3396 0.0000 0.0535
009320 0.6081 0.3357 0.0000 0.0562
009340 0.6059 0.3371 0.0000 0.0570
009360 0.5965 0.3434 0.0000 0.0601
009380 0.5891 0.3528 0.0000 0.0581
009400 0.5874 0.3567 0.0000 0.0559
009420 0.5929 0.3507 0.0000 0.0564
009440 0.5998 0.3442 0.0000 0.0560
009460 0.6014 0.3409 0.0000 0.0577
009480 0.5996 0.3399 0.0000 0.0604
009500 0.5939 0.3457 0.0000 0.0604
009520 0.5873 0.3541 0.0000 0.0585
009540 0.5827 0.3601 0.0000 0.0572
009560 0.5884 0.3578 0.0000 0.0537
009580 0.5951 0.3488 0.0000 0.0561
009600 0.5971 0.3451 0.0000 0.0578
009620 0.5940 0.3482 0.0000 0.0578
009640 0.5981 0.3466 0.0000 0.0553
009660 0.6020 0.3434 0.0000 0.0545
009680 0.6055 0.3396 0.0000 0.0549
009700 0.6091 0.3346 0.0000 0.0563
009720 0.6068 0.3362 0.0000 0.0569
009740 0.5970 0.3453 0.0000 0.0578
009760 0.5903 0.3510 0.0000 0.0587
009780 0.5871 0.3542 0.0000 0.0587
009800 0.5949 0.3482 0.0000 0.0569
009820 0.5994 0.3442 0.0000 0.0564
009840 0.6033 0.3406 0.0000 0.0561
009860 0.6016 0.3412 0.0000 0.0573
009880 0.6016 0.3412 0.0000 0.0572
009900 0.6024 0.3400 0.0000 0.0576
009920 0.5982 0.3433 0.0000 0.0585
009940 0.5905 0.3503 0.0000 0.0592
009960 0.5874 0.3555 0.0000 0.0571
009980 0.5929 0.3513 0.0000 0.0558
010000 0.5985 0.3477 0.0000 0.0538
010020 0.6038 0.3417 0.0000 0.0544
010040 0.6038 0.3417 0.0000 0.0544
010060 0.6038 0.3417 0.0000 0.0544
010080 0.6038 0.3417 0.0000 0.0544
010100 0.6038 0.3417 0.0000 0.0544
010120 0.6038 0.3417 0.0000 0.0544
010140 0.6038 0.3417 0.0000 0.0544
010160 0.6038 0.3417 0.0000 0.0544
010180 0.6038 0.3417 0.0000 0.0544
010200 0.6038 0.3417 0.0000 0.0544
010220 0.6038 0.3417 0.0000 0.0544
010240 0.6038 0.3417 0.0000 0.0544
010260 0.6038 0.3417 0.0000 0.0544
010280 0.6038 0.3417 0.0000 0.0544
010300 0.6038 0.3417 0.0000 0.0544
010320 0.6038 0.3417 0.0000 0.0544
010340 0.6038 0.3417 0.0000 0.0544
010360 0.6038 0.3417 0.0000 0.0544
010380 0.6038 0.3417 0.0000 0.0544
010400 0.6038 0.3417 0.0000 0.0544
010420 0.6038 0.3417 0.0000 0.0544
010440 0.6038 0.3417 0.0000 0.0544
010460 0.6038 0.3417 0.0000 0.0544
010480 0.6038 0.3417 0.0000 0.0544
010500 0.6038 0.3417 0.0000 0.0544
010520 0.6038 0.3417 0.0000 0.0544
010540 0.6038 0.3417 0.0000 0.0544
010560 0.6038 0.3417 0.0000 0.0544
010580 0.6038 0.3417 0.0000 0.0544
010600 0.6038 0.3417 0.0000 0.0544
010620 0.6038 0.3417 0.0000 0.0544
010640 0.6038 0.3417 0.0000 0.0544
010660 0.6038 0.3417 0.0000 0.0544
010680 0.6038 0.3417 0.0000 0.0544
010700 0.6038 0.3417 0.0000 0.0544
010720 0.6038 0.3417 0.0000 0.0544
010740 0.6038 0.3417 0.0000 0.0544
010760 0.6038 0.3417 0.0000 0.0544
010780 0.6038 0.3417 0.0000 0.0544
010800 0.6038 0.3417 0.0000 0.0544
010820 0.6038 0.3417 0.0000 0.0544
010840 0.6038 0.3417 0.0000 0.0544
010860 0.6038 0.3417 0.0000 0.0544
010880 0.6038 0.3417 0.0000 0.0544
010900 0.6038 0.3417 0.0000 0.0544
010920 0.6038 0.3417 0.0000 0.0544
010940 0.6038 0.3417 0.0000 0.0544
010960 0.6038 0.3417 0.0000 0.0544
010980 0.6038 0.3417 0.0000 0.0544
011000 0.6038 0.3417 0.0000 0.0544
011020 0.6038 0.3417 0.0000 0.0544
011040 0.6038 0.3417 0.0000 0.0544
011060 0.6038 0.3417 0.0000 0.0544
011080 0.6038 0.3417 0.0000 0.0544
011100 0.6038 0.3417 0.0000 0.0544
011120 0.6038 0.3417 0.0000 0.0544
011140 0.6038 0.3417 0.0000 0.0544
011160 0.6038 0.3417 0.0000 0.0544
011180 0.6038 0.3417 0.0000 0.0544
011200 0.6038 0.3417 0.0000 0.0544
011220 0.6038 0.3417 0.0000 0.0544
011240 0.6038 0.3417 0.0000 0.0544
011260 0.6038 0.3417 0.0000 0.0544
011280 0.6038 0.3417 0.0000 0.0544
011300 0.6038 0.3417 0.0000 0.0544
011320 0.6038 0.3417 0.0000 0.0544
011340 0.6038 0.3417 0.0000 0.0544
011360 0.6038 0.3417 0.0000 0.0544
011380 0.6038 0.3417 0.0000 0.0544
011400 0.6038 0.3417 0.0000 0.0544
011420 0.6038 0.3417 0.0000 0.0544
011440 0.6038 0.3417 0.0000 0.0544
011460 0.6038 0.3417 0.0000 0.0544
011480 0.6038 0.3417 0.0000 0.0544
011500 0.6038 0.3417 0.0000 0.0544
011520 0.6038 0.3417 0.0000 0.0544
011540 0.6038 0.3417 0.0000 0.0544
011560 0.6038 0.3417 0.0000 0.0544
011580 0.6038 0.3417 0.0000 0.0544
011600 0.6038 0.3417 0.0000 0.0544
011620 0.6038 0.3417 0.0000 0.0544
011640 0.6038 0.3417 0.0000 0.0544
011660 0.6038 0.3417 0.0000 0.0544
011680 0.6038 0.3417 0.0000 0.0544
011700 0.6038 0.3417 0.0000 0.0544
011720 0.6038 0.3417 0.0000 0.0544
011740 0.6038 0.3417 0.0000 0.0544
011760 0.6038 0.3417 0.0000 0.0544
011780 0.6038 0.3417 0.0000 0.0544
011800 0.6038 0.3417 0.0000 0.0544
011820 0.6038 0.3417 0.0000 0.0544
011840 0.6038 0.3417 0.0000 0.0544
011860 0.6038 0.3417 0.0000 0.0544
011880 0.6038 0.3417 0.0000 0.0544
011900 0.6038 0.3417 0.0000 0.0544
011920 0.6038 0.3417 0.0000 0.0544
011940 0.6038 0.3417 0.0000 0.0544
011960 0.6038 0.3417 0.0000 0.0544
011980 0.6038 0.3417 0.0000 0.0544
012000 0.6038 0.3417 0.0000 0.0544
012020 0.6038 0.3417 0.0000 0.0544
012040 0.6038 0.3417 0.0000 0.0544
012060 0.6038 0.3417 0.0000 0.0544
012080 0.6038 0.3417 0.0000 0.0544
012100 0.6038 0.3417 0.0000 0.0544
012120 0.6038 0.3417 0.0000 0.0544
012140 0.6038 0.3417 0.0000 0.0544
012160 0.6038 0.3417 0.0000 0.0544
012180 0.6038 0.3417 0.0000 0.0544
012200 0.6038 0.3417 0.0000 0.0544
012220 0.6038 0.3417 0.0000 0.0544
012240 0.6038 0.3417 0.0000 0.0544
012260 0.6038 0.3417 0.0000 0.0544
012280 0.6038 0.3417 0.0000 0.0544
012300 0.6038 0.3417 0.0000 0.0544
012320 0.6038 0.3417 0.0000 0.0544
012340 0.6038 0.3417 0.0000 0.0544
012360 0.6038 0.3417 0.0000 0.0544
012380 0.6038 0.3417 0.0000 0.0544
012400 0.6038 0.3417 0.0000 0.0544
012420 0.6038 0.3417 0.0000 0.0544
012440 0.6038 0.3417 0.0000 0.0544
012460 0.6038 0.3417 0.0000 0.0544
012480 0.6038 0.3417 0.0000 0.0544
012500 0.6038 0.3417 0.0000 0.0544
012520 0.6038 0.3417 0.0000 0.0544
012540 0.6038 0.3417 0.0000 0.0544
012560 0.6038 0.3417 0.0000 0.0544
012580 0.6038 0.3417 0.0000 0.0544
012600 0.6038 0.3417 0.0000 0.0544
012620 0.6038 0.3417 0.0000 0.0544
012640 0.6038 0.3417 0.0000 0.0544
012660 0.6038 0.3417 0.0000 0.0544
012680 0.6038 0.3417 0.0000 0.0544
012700 0.6038 0.3417 0.0000 0.0544
012720 0.6038 0.3417 0.0000 0.0544
012740 0.6038 0.3417 0.0000 0.0544
012760 0.6038 0.3417 0.0000 0.0544
012780 0.6038 0.3417 0.0000 0.0544
012800 0.6038 0.3417 0.0000 0.0544
012820 0.6038 0.3417 0.0000 0.0544
012840 0.6038 0.3417 0.0000 0.0544
012860 0.6038 0.3417 0.0000 0.0544
012880 0.6038 0.3417 0.0000 0.0544
012900 0.6038 0.3417 0.0000 0.0544
012920 0.6038 0.3417 0.0000 0.0544
012940 0.6038 0.3417 0.0000 0.0544
012960 0.6038 0.3417 0.0000 0.0544
012980 0.6038 0.3417 0.0000 0.0544
013000 0.6038 0.3417 0.0000 0.0544
013020 0.6038 0.3417 0.0000 0.0544
013040 0.6038 0.3417 0.0000 0.0544
013060 0.6038 0.3417 0.0000 0.0544
013080 0.6038 0.3417 0.0000 0.0544
013100 0.6038 0.3417 0.0000 0.0544
013120 0.6038 0.3417 0.0000 0.0544
013140 0.6038 0.3417 0.0000 0.0544
013160 0.6038 0.3417 0.0000 0.0544
013180 0.6038 0.3417 0.0000 0.0544
013200 0.6038 0.3417 0.0000 0.0544
013220 0.6038 0.3417 0.0000 0.0544
013240 0.6038 0.3417 0.0000 0.0544
013260 0.6038 0.3417 0.0000 0.0544
013280 0.6038 0.3417 0.0000 0.0544
013300 0.6038 0.3417 0.0000 0.0544
013320 0.6038 0.3417 0.0000 0.0544
013340 0.6038 0.3417 0.0000 0.0544
013360 0.6038 0.3417 0.0000 0.0544
013380 0.6038 0.3417 0.0000 0.0544
013400 0.6038 0.3417 0.0000 0.0544
013420 0.6038 0.3417 0.0000 0.0544
013440 0.6038 0.3417 0.0000 0.0544
013460 0.6038 0.3417 0.0000 0.0544
013480 0.6038 0.3417 0.0000 0.0544
013500 0.6038 0.3417 0.0000 0.0544
013520 0.6038 0.3417 0.0000 0.0544
013540 0.6038 0.3417 0.0000 0.0544
013560 0.6038 0.3417 0.0000 0.0544
013580 0.6038 0.3417 0.0000 0.0544
013600 0.6038 0.3417 0.0000 0.0544
013620 0.6038 0.3417 0.0000 0.0544
013640 0.6038 0.3417 0.0000 0.0544
013660 0.6038 0.3417 0.0000 0.0544
013680 0.6038 0.3417 0.0000 0.0544
013700 0.6038 0.3417 0.0000 0.0544
013720 0.6038 0.3417 0.0000 0.0544
013740 0.6038 0.3417 0.0000 0.0544
013760 0.6038 0.3417 0.0000 0.0544
013780 0.6038 0.3417 0.0000 0.0544
013800 0.6038 0.3417 0.0000 0.0544
013820 0.6038 0.3417 0.0000 0.0544
013840 0.6038 0.3417 0.0000 0.0544
013860 0.6038 0.3417 0.0000 0.0544
013880 0.6038 0.3417 0.0000 0.0544
013900 0.6038 0.3417 0.0000 0.0544
013920 0.6038 0.3417 0.0000 0.0544
013940 0.6038 0.3417 0.0000 0.0544
013960 0.6038 0.3417 0.0000 0.0544
013980 0.6038 0.3417 0.0000 0.0544
014000 0.6038 0.3417 0.0000 0.0544
014020 0.6038 0.3417 0.0000 0.0544
014040 0.6038 0.3417 0.0000 0.0544
014060 0.6038 0.3417 0.0000 0.0544
014080 0.6038 0.3417 0.0000 0.0544
014100 0.6038 0.3417 0.0000 0.0544
014120 0.6038 0.3417 0.0000 0.0544
014140 0.6038 0.3417 0.0000 0.0544
014160 0.6038 0.3417 0.0000 0.0544
014180 0.6038 0.3417 0.0000 0.0544
014200 0.6038 0.3417 0.0000 0.0544
014220 0.6038 0.3417 0.0000 0.0544
014240 0.6038 0.3417 0.0000 0.0544
014260 0.6038 0.3417 0.0000 0.0544
014280 0.6038 0.3417 0.0000 0.0544
014300 0.6038 0.3417 0.0000 0.0544
014320 0.6038 0.3417 0.0000 0.0544
014340 0.6038 0.3417 0.0000 0.0544
014360 0.6038 0.3417 0.0000 0.0544
014380 0.6038 0.3417 0.0000 0.0544
014400 0.6038 0.3417 0.0000 0.0544
014420 0.6038 0.3417 0.0000 0.0544
014440 0.6038 0.3417 0.0000 0.0544
014460 0.6038 0.3417 0.0000 0.0544
014480 0.6038 0.3417 0.0000 0.0544
014500 0.6038 0.3417 0.0000 0.0544
014520 0.6038 0.3417 0.0000 0.0544
014540 0.6038 0.3417 0.0000 0.0544
014560 0.6038 0.3417 0.0000 0.0544
014580 0.6038 0.3417 0.0000 0.0544
014600 0.6038 0.3417 0.0000 0.0544
014620 0.6038 0.3417 0.0000 0.0544
014640 0.6038 0.3417 0.0000 0.0544
014660 0.6038 0.3417 0.0000 0.0544
014680 0.6038 0.3417 0.0000 0.0544
014700 0.6038 0.3417 0.0000 0.0544
014720 0.6038 0.3417 0.0000 0.0544
014740 0.6038 0.3417 0.0000 0.0544
014760 0.6038 0.3417 0.0000 0.0544
014780 0.6038 0.3417 0.0000 0.0544
014800 0.6038 0.3417 0.0000 0.0544
014820 0.6038 0.3417 0.0000 0.0544
014840 0.6038 0.3417 0.0000 0.0544
014860 0.6038 0.3417 0.0000 0.0544
014880 0.6038 0.3417 0.0000 0.0544
014900 0.6038 0.3417 0.0000 0.0544
014920 0.6038 0.3417 0.0000 0.0544
014940 0.6038 0.3417 0.0000 0.0544
014960 0.6038 0.3417 0.0000 0.0544
014980 0.6038 0.3417 0.0000 0.0544
015000 0.6038 0.3417 0.0000 0.0544
015020 0.6038 0.3417 0.0000 0.0544
015040 0.6038 0.3417 0.0000 0.0544
015060 0.6038 0.3417 0.0000 0.0544
015080 0.6038 0.3417 0.0000 0.0544
015100 0.6038 0.3417 0.0000 0.0544
015120 0.6038 0.3417 0.0000 0.0544
015140 0.6038 0.3417 0.0000 0.0544
015160 0.6038 0.3417 0.0000 0.0544
015180 0.6038 0.3417 0.0000 0.0544
015200 0.6038 0.3417 0.0000 0.0544
015220 0.6038 0.3417 0.0000 0.0544
015240 0.6038 0.3417 0.0000 0.0544
015260 0.6038 0.3417 0.0000 0.0544
015280 0.6038 0.3417 0.0000 0.0544
015300 0.6038 0.3417 0.0000 0.0544
015320 0.6038 0.3417 0.0000 0.0544
015340 0.6038 0.3417 0.0000 0.0544
015360 0.6038 0.3417 0.0000 0.0544
015380 0.6038 0.3417 0.0000 0.0544
015400 0.6038 0.3417 0.0000 0.0544
015420 0.6038 0.3417 0.0000 0.0544
015440 0.6038 0.3417 0.0000 0.0544
015460 0.6038 0.3417 0.0000 0.0544
015480 0.6038 0.3417 0.0000 0.0544
015500 0.6038 0.3417 0.0000 0.0544
015520 0.6038 0.3417 0.0000 0.0544
015540 0.6038 0.3417 0.0000 0.0544
015560 0.6038 0.3417 0.0000 0.0544
015580 0.6038 0.3417 0.0000 0.0544
015600 0.6038 0.3417 0.0000 0.0544
015620 0.6038 0.3417 0.0000 0.0544
015640 0.6038 0.3417 0.0000 0.0544
015660 0.6038 0.3417 0.0000 0.0544
015680 0.6038 0.3417 0.0000 0.0544
015700 0.6038 0.3417 0.0000 0.0544
015720 0.6038 0.3417 0.0000 0.0544
015740 0.6038 0.3417 0.0000 0.0544
015760 0.6038 0.3417 0.0000 0.0544
015780 0.6038 0.3417 0.0000 0.0544
015800 0.6038 0.3417 0.0000 0.0544
015820 0.6038 0.3417 0.0000 0.0544
015840 0.6038 0.3417 0.0000 0.0544
015860 0.6038 0.3417 0.0000 0.0544
015880 0.6038 0.3417 0.0000 0.0544
015900 0.6038 0.3417 0.0000 0.0544
015920 0.6038 0.3417 0.0000 0.0544
015940 0.6038 0.3417 0.0000 0.0544
015960 0.6038 0.3417 0.0000 0.0544
015980 0.6038 0.3417 0.0000 0.0544
016000 0.6038 0.3417 0.0000 0.0544
016020 0.6038 0.3417 0.0000 0.0544
016040 0.6038 0.3417 0.0000 0.0544
016060 0.6038 0.3417 0.0000 0.0544
016080 0.6038 0.3417 0.0000 0.0544
016100 0.6038 0.3417 0.0000 0.0544
016120 0.6038 0.3417 0.0000 0.0544
016140 0.6038 0.3417 0.0000 0.0544
016160 0.6038 0.3417 0.0000 0.0544
016180 0.6038 0.3417 0.0000 0.0544
016200 0.6038 0.3417 0.0000 0.0544
016220 0.6038 0.3417 0.0000 0.0544
016240 0.6038 0.3417 0.0000 0.0544
016260 0.6038 0.3417 0.0000 0.0544
016280 0.6038 0.3417 0.0000 0.0544
016300 0.6038 0.3417 0.0000 0.0544
016320 0.6038 0.3417 0.0000 0.0544
016340 0.6038 0.3417 0.0000 0.0544
016360 0.6038 0.3417 0.0000 0.0544
016380 0.6038 0.3417 0.0000 0.0544
016400 0.6038 0.3417 0.0000 0.0544
016420 0.6038 0.3417 0.0000 0.0544
016440 0.6038 0.3417 0.0000 0.0544
016460 0.6038 0.3417 0.0000 0.0544
016480 0.6038 0.3417 0.0000 0.0544
016500 0.6038 0.3417 0.0000 0.0544
016520 0.6038 0.3417 0.0000 0.0544
016540 0.6038 0.3417 0.0000 0.0544
016560 0.6038 0.3417 0.0000 0.0544
016580 0.6038 0.3417 0.0000 0.0544
016600 0.6038 0.3417 0.0000 0.0544
016620 0.6038 0.3417 0.0000 0.0544
016640 0.6038 0.3417 0.0000 0.0544
016660 0.6038 0.3417 0.0000 0.0544
016680 0.6038 0.3417 0.0000 0.0544
016700 0.6038 0.3417 0.0000 0.0544
016720 0.6038 0.3417 0.0000 0.0544
016740 0.6038 0.3417 0.0000 0.0544
016760 0.6038 0.3417 0.0000 0.0544
016780 0.6038 0.3417 0.0000 0.0544
016800 0.6038 0.3417 0.0000 0.0544
016820 0.6038 0.3417 0.0000 0.0544
016840 0.6038 0.3417 0.0000 0.0544
016860 0.6038 0.3417 0.0000 0.0544
016880 0.6038 0.3417 0.0000 0.0544
016900 0.6038 0.3417 0.0000 0.0544
016920 0.6038 0.3417 0.0000 0.0544
016940 0.6038 0.3417 0.0000 0.0544
016960 0.6038 0.3417 0.0000 0.0544
016980 0.6038 0.3417 0.0000 0.0544
017000 0.6038 0.3417 0.0000 0.0544
017020 0.6038 0.3417 0.0000 0.0544
017040 0.6038 0.3417 0.0000 0.0544
017060 0.6038 0.3417 0.0000 0.0544
017080 0.6038 0.3417 0.0000 0.0544
017100 0.6038 0.3417 0.0000 0.0544
017120 0.6038 0.3417 0.0000 0.0544
017140 0.6038 0.3417 0.0000 0.0544
017160 0.6038 0.3417 0.0000 0.0544
017180 0.6038 0.3417 0.0000 0.0544
017200 0.6038 0.3417 0.0000 0.0544
017220 0.6038 0.3417 0.0000 0.0544
017240 0.6038 0.3417 0.0000 0.0544
017260 0.6038 0.3417 0.0000 0.0544
017280 0.6038 0.3417 0.0000 0.0544
017300 0.6038 0.3417 0.0000 0.0544
017320 0.6038 0.3417 0.0000 0.0544
017340 0.6038 0.3417 0.0000 0.0544
017360 0.6038 0.3417 0.0000 0.0544
017380 0.6038 0.3417 0.0000 0.0544
017400 0.6038 0.3417 0.0000 0.0544
017420 0.6038 0.3417 0.0000 0.0544
017440 0.6038 0.3417 0.0000 0.0544
017460 0.6038 0.3417 0.0000 0.0544
017480 0.6038 0.3417 0.0000 0.0544
017500 0.6038 0.3417 0.0000 0.0544
017520 0.6038 0.3417 0.0000 0.0544
017540 0.6038 0.3417 0.0000 0.0544
017560 0.6038 0.3417 0.0000 0.0544
017580 0.6038 0.3417 0.0000 0.0544
017600 0.6038 0.3417 0.0000 0.0544
017620 0.6038 0.3417 0.0000 0.0544
017640 0.6038 0.3417 0.0000 0.0544
017660 0.6038 0.3417 0.0000 0.0544
017680 0.6038 0.3417 0.0000 0.0544
017700 0.6038 0.3417 0.0000 0.0544
017720 0.6038 0.3417 0.0000 0.0544
017740 0.6038 0.3417 0.0000 0.0544
017760 0.6038 0.3417 0.0000 0.0544
017780 0.6038 0.3417 0.0000 0.0544
017800 0.6038 0.3417 0.0000 0.0544
017820 0.6038 0.3417 0.0000 0.0544
017840 0.6038 0.3417 0.0000 0.0544
017860 0.6038 0.3417 0.0000 0.0544
017880 0.6038 0.3417 0.0000 0.0544
017900 0.6038 0.3417 0.0000 0.0544
017920 0.6038 0.3417 0.0000 0.0544
017940 0.6038 0.3417 0.0000 0.0544
017960 0.6038 0.3417 0.0000 0.0544
017980 0.6038 0.3417 0.0000 0.0544
018000 0.6038 0.3417 0.0000 0.0544
018020 0.6038 0.3417 0.0000 0.0544
018040 0.6038 0.3417 0.0000 0.0544
018060 0.6038 0.3417 0.0000 0.0544
018080 0.6038 0.3417 0.0000 0.0544
018100 0.6038 0.3417 0.0000 0.0544
018120 0.6038 0.3417 0.0000 0.0544
018140 0.6038 0.3417 0.0000 0.0544
018160 0.6038 0.3417 0.0000 0.0544
018180 0.6038 0.3417 0.0000 0.0544
018200 0.6038 0.3417 0.0000 0.0544
018220 0.6038 0.3417 0.0000 0.0544
018240 0.6038 0.3417 0.0000 0.0544
018260 0.6038 0.3417 0.0000 0.0544
018280 0.6038 0.3417 0.0000 0.0544
018300 0.6038 0.3417 0.0000 0.0544
018320 0.6038 0.3417 0.0000 0.0544
018340 0.6038 0.3417 0.0000 0.0544
018360 0.6038 0.3417 0.0000 0.0544
018380 0.6038 0.3417 0.0000 0.0544
018400 0.6038 0.3417 0.0000 0.0544
018420 0.6038 0.3417 0.0000 0.0544
018440 0.6038 0.3417 0.0000 0.0544
018460 0.6038 0.3417 0.0000 0.0544
018480 0.6038 0.3417 0.0000 0.0544
018500 0.6038 0.3417 0.0000 0.0544
018520 0.6038 0.3417 0.0000 0.0544
018540 0.6038 0.3417 0.0000 0.0544
018560 0.6038 0.3417 0.0000 0.0544
018580 0.6038 0.3417 0.0000 0.0544
018600 0.6038 0.3417 0.0000 0.0544
018620 0.6038 0.3417 0.0000 0.0544
018640 0.6038 0.3417 0.0000 0.0544
018660 0.6038 0.3417 0.0000 0.0544
018680 0.6038 0.3417 0.0000 0.0544
018700 0.6038 0.3417 0.0000 0.0544
018720 0.6038 0.3417 0.0000 0.0544
018740 0.6038 0.3417 0.0000 0.0544
018760 0.6038 0.3417 0.0000 0.0544
018780 0.6038 0.3417 0.0000 0.0544
018800 0.6038 0.3417 0.0000 0.0544
018820 0.6038 0.3417 0.0000 0.0544
018840 0.6038 0.3417 0.0000 0.0544
018860 0.6038 0.3417 0.0000 0.0544
018880 0.6038 0.3417 0.0000 0.0544
018900 0.6038 0.3417 0.0000 0.0544
018920 0.6038 0.3417 0.0000 0.0544
018940 0.6038 0.3417 0.0000 0.0544
018960 0.6038 0.3417 0.0000 0.0544
018980 0.6038 0.3417 0.0000 0.0544
019000 0.6038 0.3417 0.0000 0.0544
019020 0.6038 0.3417 0.0000 0.0544
019040 0.6038 0.3417 0.0000 0.0544
019060 0.6038 0.3417 0.0000 0.0544
019080 0.6038 0.3417 0.0000 0.0544
019100 0.6038 0.3417 0.0000 0.0544
019120 0.6038 0.3417 0.0000 0.0544
019140 0.6038 0.3417 0.0000 0.0544
019160 0.6038 0.3417 0.0000 0.0544
019180 0.6038 0.3417 0.0000 0.0544
019200 0.6038 0.3417 0.0000 0.0544
019220 0.6038 0.3417 0.0000 0.0544
019240 0.6038 0.3417 0.0000 0.0544
019260 0.6038 0.3417 0.0000 0.0544
019280 0.6038 0.3417 0.0000 0.0544
019300 0.6038 0.3417 0.0000 0.0544
019320 0.6038 0.3417 0.0000 0.0544
019340 0.6038 0.3417 0.0000 0.0544
019360 0.6038 0.3417 0.0000 0.0544
019380 0.6038 0.3417 0.0000 0.0544
019400 0.6038 0.3417 0.0000 0.0544
019420 0.6038 0.3417 0.0000 0.0544
019440 0.6038 0.3417 0.0000 0.0544
019460 0.6038 0.3417 0.0000 0.0544
019480 0.6038 0.3417 0.0000 0.0544
019500 0.6038 0.3417 0.0000 0.0544
019520 0.6038 0.3417 0.0000 0.0544
019540 0.6038 0.3417 0.0000 0.0544
019560 0.6038 0.3417 0.0000 0.0544
019580 0.6038 0.3417 0.0000 0.0544
019600 0.6038 0.3417 0.0000 0.0544
019620 0.6038 0.3417 0.0000 0.0544
019640 0.6038 0.3417 0.0000 0.0544
019660 0.6038 0.3417 0.0000 0.0544
019680 0.6038 0.3417 0.0000 0.0544
019700 0.6038 0.3417 0.0000 0.0544
019720 0.6038 0.3417 0.0000 0.0544
019740 0.6038 0.3417 0.0000 0.0544
019760 0.6038 0.3417 0.0000 0.0544
019780 0.6038 0.3417 0.0000 0.0544
019800 0.6038 0.3417 0.0000 0.0544
019820 0.6038 0.3417 0.0000 0.0544
019840 0.6038 0.3417 0.0000 0.0544
019860 0.6038 0.3417 0.0000 0.0544
019880 0.6038 0.3417 0.0000 0.0544
019900 0.6038 0.3417 0.0000 0.0544
019920 0.6038 0.3417 0.0000 0.0544
019940 0.6038 0.3417 0.0000 0.0544
019960 0.6038 0.3417 0.0000 0.0544
019980 0.6038 0.3417 0.0000 0.0544
020000 0.6038 0.3417 0.0000 0.0544
