000000 0.2500 0.2500 0.2500 0.2500
000020 0.2604 0.2586 0.2296 0.2514
000040 0.2727 0.2676 0.2081 0.2516
000060 0.2847 0.2773 0.1870 0.2510
000080 0.2957 0.2876 0.1668 0.2500
000100 0.3055 0.2987 0.1478 0.2480
000120 0.3145 0.3105 0.1300 0.2450
000140 0.3211 0.3230 0.1136 0.2423
000160 0.3264 0.3374 0.0981 0.2380
000180 0.3326 0.3514 0.0832 0.2328
000200 0.3370 0.3654 0.0702 0.2274
000220 0.3406 0.3802 0.0579 0.2212
000240 0.3427 0.3966 0.0471 0.2136
000260 0.3439 0.4128 0.0374 0.2059
000280 0.3459 0.4293 0.0286 0.1961
000300 0.3466 0.4455 0.0213 0.1867
000320 0.3442 0.4641 0.0148 0.1770
000340 0.3401 0.4855 0.0095 0.1649
000360 0.3322 0.5089 0.0054 0.1535
000380 0.3233 0.5340 0.0025 0.1403
000400 0.3162 0.5577 0.0007 0.1253
000420 0.3090 0.5815 0.0000 0.1095
000440 0.3041 0.6038 0.0000 0.0921
000460 0.3046 0.6209 0.0000 0.0745
000480 0.3064 0.6303 0.0000 0.0634
000500 0.3077 0.6386 0.0000 0.0537
000520 0.3069 0.6472 0.0000 0.0459
000540 0.3022 0.6571 0.0000 0.0407
000560 0.2994 0.6648 0.0000 0.0359
000580 0.2951 0.6720 0.0000 0.0328
000600 0.2939 0.6768 0.0000 0.0293
000620 0.2992 0.6767 0.0000 0.0242
000640 0.3088 0.6675 0.0000 0.0237
000660 0.3173 0.6587 0.0000 0.0240
000680 0.3258 0.6502 0.0000 0.0240
000700 0.3343 0.6404 0.0000 0.0252
000720 0.3367 0.6357 0.0000 0.0276
000740 0.3401 0.6320 0.0000 0.0279
000760 0.3398 0.6298 0.0000 0.0303
000780 0.3432 0.6274 0.0000 0.0294
000800 0.3519 0.6195 0.0000 0.0285
000820 0.3643 0.6077 0.0000 0.0279
000840 0.3805 0.5919 0.0000 0.0277
000860 0.3912 0.5787 0.0000 0.0300
000880 0.3970 0.5723 0.0000 0.0307
000900 0.4000 0.5672 0.0000 0.0328
000920 0.4035 0.5619 0.0000 0.0345
000940 0.4041 0.5590 0.0000 0.0369
000960 0.4036 0.5595 0.0000 0.0369
000980 0.4104 0.5542 0.0000 0.0354
001000 0.4179 0.5466 0.0000 0.0354
001020 0.4265 0.5380 0.0000 0.0355
001040 0.4389 0.5254 0.0000 0.0358
001060 0.4498 0.5150 0.0000 0.0352
001080 0.4638 0.4996 0.0000 0.0366
001100 0.4757 0.4856 0.0000 0.0387
001120 0.4796 0.4793 0.0000 0.0412
001140 0.4852 0.4745 0.0000 0.0403
001160 0.4890 0.4698 0.0000 0.0412
001180 0.4928 0.4634 0.0000 0.0438
001200 0.4969 0.4587 0.0000 0.0444
001220 0.5033 0.4538 0.0000 0.0429
001240 0.5150 0.4422 0.0000 0.0428
001260 0.5245 0.4309 0.0000 0.0446
001280 0.5302 0.4236 0.0000 0.0461
001300 0.5361 0.4166 0.0000 0.0473
001320 0.5424 0.4114 0.0000 0.0461
001340 0.5527 0.4014 0.0000 0.0458
001360 0.5681 0.3851 0.0000 0.0468
001380 0.5779 0.3743 0.0000 0.0478
001400 0.5833 0.3674 0.0000 0.0493
001420 0.5822 0.3678 0.0000 0.0499
001440 0.5805 0.3698 0.0000 0.0497
001460 0.5783 0.3695 0.0000 0.0522
001480 0.5728 0.3731 0.0000 0.0541
001500 0.5674 0.3783 0.0000 0.0543
001520 0.5706 0.3779 0.0000 0.0515
001540 0.5769 0.3731 0.0000 0.0499
001560 0.5830 0.3666 0.0000 0.0504
001580 0.5890 0.3607 0.0000 0.0503
001600 0.5926 0.3572 0.0000 0.0502
001620 0.5944 0.3535 0.0000 0.0522
001640 0.5931 0.3543 0.0000 0.0526
001660 0.5922 0.3553 0.0000 0.0525
001680 0.5848 0.3595 0.0000 0.0557
001700 0.5763 0.3677 0.0000 0.0559
001720 0.5752 0.3713 0.0000 0.0534
001740 0.5832 0.3660 0.0000 0.0508
001760 0.5910 0.3578 0.0000 0.0512
001780 0.5977 0.3509 0.0000 0.0514
001800 0.6016 0.3473 0.0000 0.0511
001820 0.6051 0.3432 0.0000 0.0517
001840 0.6082 0.3410 0.0000 0.0508
001860 0.6036 0.3412 0.0000 0.0553
001880 0.5921 0.3515 0.0000 0.0564
001900 0.5844 0.3607 0.0000 0.0549
001920 0.5842 0.3638 0.0000 0.0520
001940 0.5924 0.3561 0.0000 0.0515
001960 0.5981 0.3510 0.0000 0.0509
001980 0.6026 0.3465 0.0000 0.0509
002000 0.6092 0.3404 0.0000 0.0504
002020 0.6100 0.3377 0.0000 0.0523
002040 0.6073 0.3388 0.0000 0.0539
002060 0.5977 0.3466 0.0000 0.0557
002080 0.5860 0.3582 0.0000 0.0557
002100 0.5784 0.3652 0.0000 0.0564
002120 0.5755 0.3685 0.0000 0.0560
002140 0.5795 0.3678 0.0000 0.0528
002160 0.5932 0.3578 0.0000 0.0490
002180 0.6071 0.3449 0.0000 0.0480
002200 0.6116 0.3371 0.0000 0.0514
002220 0.6081 0.3381 0.0000 0.0538
002240 0.6009 0.3459 0.0000 0.0532
002260 0.5956 0.3493 0.0000 0.0550
002280 0.5889 0.3564 0.0000 0.0548
002300 0.5841 0.3628 0.0000 0.0531
002320 0.5857 0.3622 0.0000 0.0521
002340 0.5908 0.3565 0.0000 0.0527
002360 0.5993 0.3494 0.0000 0.0513
002380 0.6010 0.3451 0.0000 0.0539
002400 0.5975 0.3474 0.0000 0.0552
002420 0.5935 0.3517 0.0000 0.0548
002440 0.5846 0.3587 0.0000 0.0566
002460 0.5819 0.3663 0.0000 0.0517
002480 0.5883 0.3616 0.0000 0.0501
002500 0.5981 0.3519 0.0000 0.0500
002520 0.6127 0.3396 0.0000 0.0478
002540 0.6211 0.3261 0.0000 0.0528
002560 0.6138 0.3312 0.0000 0.0550
002580 0.6015 0.3432 0.0000 0.0553
002600 0.5872 0.3546 0.0000 0.0583
002620 0.5765 0.3675 0.0000 0.0560
002640 0.5817 0.3675 0.0000 0.0508
002660 0.5923 0.3589 0.0000 0.0487
002680 0.6062 0.3446 0.0000 0.0492
002700 0.6092 0.3406 0.0000 0.0502
002720 0.6081 0.3390 0.0000 0.0529
002740 0.6022 0.3444 0.0000 0.0534
002760 0.5992 0.3461 0.0000 0.0547
002780 0.5960 0.3495 0.0000 0.0544
002800 0.5936 0.3550 0.0000 0.0514
002820 0.5984 0.3492 0.0000 0.0524
002840 0.6071 0.3428 0.0000 0.0502
002860 0.6141 0.3357 0.0000 0.0502
002880 0.6124 0.3333 0.0000 0.0543
002900 0.5963 0.3469 0.0000 0.0568
002920 0.5875 0.3582 0.0000 0.0543
002940 0.5848 0.3616 0.0000 0.0536
002960 0.5849 0.3615 0.0000 0.0536
002980 0.5919 0.3564 0.0000 0.0518
003000 0.6045 0.3465 0.0000 0.0490
003020 0.6149 0.3357 0.0000 0.0494
003040 0.6119 0.3351 0.0000 0.0530
003060 0.6073 0.3370 0.0000 0.0557
003080 0.5961 0.3476 0.0000 0.0562
003100 0.5886 0.3589 0.0000 0.0525
003120 0.5873 0.3590 0.0000 0.0537
003140 0.5921 0.3575 0.0000 0.0504
003160 0.6039 0.3471 0.0000 0.0490
003180 0.6130 0.3360 0.0000 0.0509
003200 0.6149 0.3306 0.0000 0.0545
003220 0.6087 0.3364 0.0000 0.0549
003240 0.5997 0.3457 0.0000 0.0546
003260 0.5897 0.3555 0.0000 0.0548
003280 0.5792 0.3642 0.0000 0.0567
003300 0.5823 0.3651 0.0000 0.0527
003320 0.5884 0.3602 0.0000 0.0514
003340 0.5906 0.3568 0.0000 0.0526
003360 0.5948 0.3553 0.0000 0.0499
003380 0.6025 0.3470 0.0000 0.0505
003400 0.6006 0.3470 0.0000 0.0523
003420 0.5981 0.3484 0.0000 0.0535
003440 0.5923 0.3525 0.0000 0.0552
003460 0.5919 0.3548 0.0000 0.0532
003480 0.6005 0.3491 0.0000 0.0504
003500 0.6079 0.3403 0.0000 0.0518
003520 0.6067 0.3409 0.0000 0.0524
003540 0.5999 0.3459 0.0000 0.0542
003560 0.5900 0.3541 0.0000 0.0559
003580 0.5834 0.3609 0.0000 0.0557
003600 0.5822 0.3655 0.0000 0.0523
003620 0.5903 0.3597 0.0000 0.0500
003640 0.5992 0.3499 0.0000 0.0508
003660 0.6074 0.3421 0.0000 0.0506
003680 0.6040 0.3414 0.0000 0.0545
003700 0.6001 0.3469 0.0000 0.0529
003720 0.6012 0.3470 0.0000 0.0519
003740 0.6003 0.3474 0.0000 0.0523
003760 0.6000 0.3483 0.0000 0.0517
003780 0.6002 0.3475 0.0000 0.0523
003800 0.6021 0.3450 0.0000 0.0529
003820 0.6002 0.3478 0.0000 0.0520
003840 0.6022 0.3450 0.0000 0.0528
003860 0.6009 0.3460 0.0000 0.0532
003880 0.6029 0.3472 0.0000 0.0499
003900 0.6040 0.3442 0.0000 0.0518
003920 0.6012 0.3440 0.0000 0.0548
003940 0.5937 0.3521 0.0000 0.0542
003960 0.5965 0.3522 0.0000 0.0513
003980 0.6022 0.3499 0.0000 0.0479
004000 0.6134 0.3390 0.0000 0.0476
004020 0.6166 0.3317 0.0000 0.0517
004040 0.6111 0.3342 0.0000 0.0547
004060 0.5974 0.3451 0.0000 0.0575
004080 0.5838 0.3594 0.0000 0.0568
004100 0.5778 0.3681 0.0000 0.0541
004120 0.5849 0.3654 0.0000 0.0497
004140 0.5961 0.3540 0.0000 0.0499
004160 0.6053 0.3435 0.0000 0.0513
004180 0.6075 0.3397 0.0000 0.0528
004200 0.6075 0.3401 0.0000 0.0524
004220 0.5993 0.3453 0.0000 0.0554
004240 0.5934 0.3531 0.0000 0.0535
004260 0.5891 0.3586 0.0000 0.0523
004280 0.5887 0.3578 0.0000 0.0535
004300 0.5977 0.3523 0.0000 0.0500
004320 0.6125 0.3400 0.0000 0.0475
004340 0.6200 0.3310 0.0000 0.0490
004360 0.6193 0.3275 0.0000 0.0532
004380 0.6073 0.3374 0.0000 0.0554
004400 0.5929 0.3510 0.0000 0.0561
004420 0.5858 0.3604 0.0000 0.0537
004440 0.5854 0.3620 0.0000 0.0526
004460 0.5914 0.3581 0.0000 0.0505
004480 0.6053 0.3465 0.0000 0.0481
004500 0.6146 0.3339 0.0000 0.0515
004520 0.6139 0.3336 0.0000 0.0525
004540 0.6055 0.3387 0.0000 0.0558
004560 0.5935 0.3511 0.0000 0.0554
004580 0.5929 0.3522 0.0000 0.0550
004600 0.5922 0.3522 0.0000 0.0556
004620 0.5873 0.3560 0.0000 0.0567
004640 0.5847 0.3614 0.0000 0.0539
004660 0.5855 0.3606 0.0000 0.0539
004680 0.5844 0.3620 0.0000 0.0536
004700 0.5861 0.3604 0.0000 0.0535
004720 0.5959 0.3540 0.0000 0.0501
004740 0.6044 0.3465 0.0000 0.0491
004760 0.6114 0.3373 0.0000 0.0512
004780 0.6108 0.3352 0.0000 0.0540
004800 0.5994 0.3443 0.0000 0.0562
004820 0.5895 0.3543 0.0000 0.0562
004840 0.5832 0.3603 0.0000 0.0565
004860 0.5776 0.3669 0.0000 0.0555
004880 0.5812 0.3655 0.0000 0.0534
004900 0.5889 0.3610 0.0000 0.0501
004920 0.5994 0.3493 0.0000 0.0513
004940 0.6051 0.3426 0.0000 0.0523
004960 0.6066 0.3434 0.0000 0.0500
004980 0.6059 0.3427 0.0000 0.0514
005000 0.6034 0.3419 0.0000 0.0547
005020 0.5994 0.3482 0.0000 0.0524
005040 0.5978 0.3496 0.0000 0.0526
005060 0.5984 0.3481 0.0000 0.0535
005080 0.5930 0.3514 0.0000 0.0555
005100 0.5942 0.3540 0.0000 0.0518
005120 0.6008 0.3489 0.0000 0.0502
005140 0.6020 0.3457 0.0000 0.0522
005160 0.6031 0.3437 0.0000 0.0532
005180 0.6003 0.3464 0.0000 0.0533
005200 0.5995 0.3492 0.0000 0.0514
005220 0.6035 0.3445 0.0000 0.0520
005240 0.5993 0.3461 0.0000 0.0546
005260 0.5946 0.3507 0.0000 0.0547
005280 0.5868 0.3582 0.0000 0.0549
005300 0.5876 0.3580 0.0000 0.0544
005320 0.5915 0.3577 0.0000 0.0508
005340 0.5978 0.3490 0.0000 0.0532
005360 0.5956 0.3481 0.0000 0.0563
005380 0.5931 0.3514 0.0000 0.0556
005400 0.5843 0.3598 0.0000 0.0559
005420 0.5865 0.3616 0.0000 0.0518
005440 0.5939 0.3567 0.0000 0.0495
005460 0.6026 0.3472 0.0000 0.0502
005480 0.6094 0.3420 0.0000 0.0486
005500 0.6125 0.3374 0.0000 0.0500
005520 0.6106 0.3354 0.0000 0.0541
005540 0.5988 0.3430 0.0000 0.0582
005560 0.5840 0.3579 0.0000 0.0581
005580 0.5781 0.3678 0.0000 0.0540
005600 0.5836 0.3644 0.0000 0.0521
005620 0.5874 0.3601 0.0000 0.0525
005640 0.5947 0.3526 0.0000 0.0527
005660 0.6001 0.3494 0.0000 0.0505
005680 0.6070 0.3433 0.0000 0.0497
005700 0.6135 0.3372 0.0000 0.0493
005720 0.6153 0.3339 0.0000 0.0508
005740 0.6101 0.3362 0.0000 0.0538
005760 0.5986 0.3453 0.0000 0.0561
005780 0.5905 0.3565 0.0000 0.0530
005800 0.5926 0.3557 0.0000 0.0517
005820 0.5932 0.3529 0.0000 0.0539
005840 0.5962 0.3510 0.0000 0.0528
005860 0.6018 0.3472 0.0000 0.0510
005880 0.5992 0.3470 0.0000 0.0538
005900 0.5932 0.3533 0.0000 0.0535
005920 0.5894 0.3558 0.0000 0.0548
005940 0.5903 0.3560 0.0000 0.0538
005960 0.5905 0.3582 0.0000 0.0514
005980 0.5994 0.3503 0.0000 0.0503
006000 0.6033 0.3449 0.0000 0.0518
006020 0.6060 0.3433 0.0000 0.0506
006040 0.6061 0.3420 0.0000 0.0519
006060 0.6075 0.3427 0.0000 0.0498
006080 0.6062 0.3406 0.0000 0.0532
006100 0.6015 0.3436 0.0000 0.0548
006120 0.5951 0.3495 0.0000 0.0554
006140 0.5942 0.3528 0.0000 0.0529
006160 0.5979 0.3510 0.0000 0.0511
006180 0.6001 0.3479 0.0000 0.0520
006200 0.6037 0.3442 0.0000 0.0521
006220 0.5991 0.3463 0.0000 0.0546
006240 0.5914 0.3534 0.0000 0.0552
006260 0.5871 0.3589 0.0000 0.0541
006280 0.5877 0.3597 0.0000 0.0526
006300 0.5921 0.3568 0.0000 0.0511
006320 0.6017 0.3489 0.0000 0.0494
006340 0.6115 0.3394 0.0000 0.0491
006360 0.6190 0.3305 0.0000 0.0505
006380 0.6212 0.3284 0.0000 0.0504
006400 0.6131 0.3337 0.0000 0.0532
006420 0.5995 0.3437 0.0000 0.0568
006440 0.5893 0.3552 0.0000 0.0555
006460 0.5856 0.3607 0.0000 0.0537
006480 0.5879 0.3584 0.0000 0.0537
006500 0.5896 0.3582 0.0000 0.0522
006520 0.5933 0.3544 0.0000 0.0523
006540 0.5943 0.3506 0.0000 0.0551
006560 0.5867 0.3577 0.0000 0.0557
006580 0.5823 0.3645 0.0000 0.0532
006600 0.5903 0.3592 0.0000 0.0505
006620 0.6023 0.3480 0.0000 0.0497
006640 0.6119 0.3377 0.0000 0.0504
006660 0.6175 0.3332 0.0000 0.0493
006680 0.6183 0.3305 0.0000 0.0512
006700 0.6093 0.3351 0.0000 0.0555
006720 0.5946 0.3478 0.0000 0.0576
006740 0.5805 0.3610 0.0000 0.0585
006760 0.5772 0.3691 0.0000 0.0538
006780 0.5835 0.3663 0.0000 0.0502
006800 0.5969 0.3558 0.0000 0.0473
006820 0.6101 0.3420 0.0000 0.0479
006840 0.6162 0.3331 0.0000 0.0507
006860 0.6124 0.3346 0.0000 0.0530
006880 0.6079 0.3391 0.0000 0.0530
006900 0.6011 0.3445 0.0000 0.0544
006920 0.5869 0.3562 0.0000 0.0569
006940 0.5790 0.3652 0.0000 0.0558
006960 0.5812 0.3668 0.0000 0.0521
006980 0.5919 0.3569 0.0000 0.0512
007000 0.6047 0.3455 0.0000 0.0498
007020 0.6141 0.3352 0.0000 0.0507
007040 0.6166 0.3322 0.0000 0.0512
007060 0.6100 0.3353 0.0000 0.0546
007080 0.5970 0.3463 0.0000 0.0566
007100 0.5821 0.3599 0.0000 0.0580
007120 0.5741 0.3717 0.0000 0.0542
007140 0.5782 0.3685 0.0000 0.0533
007160 0.5838 0.3647 0.0000 0.0515
007180 0.5970 0.3529 0.0000 0.0500
007200 0.6081 0.3403 0.0000 0.0515
007220 0.6104 0.3389 0.0000 0.0507
007240 0.6100 0.3377 0.0000 0.0522
007260 0.6046 0.3422 0.0000 0.0532
007280 0.6004 0.3463 0.0000 0.0533
007300 0.5970 0.3493 0.0000 0.0537
007320 0.5926 0.3529 0.0000 0.0544
007340 0.5916 0.3549 0.0000 0.0535
007360 0.5975 0.3509 0.0000 0.0516
007380 0.6011 0.3479 0.0000 0.0510
007400 0.6075 0.3416 0.0000 0.0508
007420 0.6090 0.3389 0.0000 0.0520
007440 0.6018 0.3441 0.0000 0.0540
007460 0.5922 0.3519 0.0000 0.0560
007480 0.5880 0.3575 0.0000 0.0545
007500 0.5876 0.3579 0.0000 0.0545
007520 0.5887 0.3589 0.0000 0.0524
007540 0.5911 0.3570 0.0000 0.0519
007560 0.5885 0.3576 0.0000 0.0539
007580 0.5867 0.3584 0.0000 0.0550
007600 0.5836 0.3608 0.0000 0.0556
007620 0.5863 0.3620 0.0000 0.0516
007640 0.5878 0.3574 0.0000 0.0548
007660 0.5882 0.3585 0.0000 0.0533
007680 0.5866 0.3575 0.0000 0.0558
007700 0.5857 0.3615 0.0000 0.0529
007720 0.5894 0.3585 0.0000 0.0522
007740 0.5991 0.3517 0.0000 0.0492
007760 0.6058 0.3425 0.0000 0.0517
007780 0.6046 0.3414 0.0000 0.0540
007800 0.6038 0.3447 0.0000 0.0515
007820 0.6016 0.3457 0.0000 0.0527
007840 0.5955 0.3496 0.0000 0.0549
007860 0.5924 0.3539 0.0000 0.0538
007880 0.5933 0.3539 0.0000 0.0527
007900 0.5931 0.3546 0.0000 0.0523
007920 0.5973 0.3503 0.0000 0.0523
007940 0.5943 0.3511 0.0000 0.0546
007960 0.5917 0.3554 0.0000 0.0529
007980 0.5943 0.3535 0.0000 0.0522
008000 0.5968 0.3505 0.0000 0.0528
008020 0.5947 0.3505 0.0000 0.0547
008040 0.5871 0.3587 0.0000 0.0542
008060 0.5881 0.3602 0.0000 0.0517
008080 0.5860 0.3605 0.0000 0.0535
008100 0.5901 0.3569 0.0000 0.0530
008120 0.5911 0.3554 0.0000 0.0535
008140 0.5936 0.3538 0.0000 0.0526
008160 0.5970 0.3511 0.0000 0.0520
008180 0.6024 0.3457 0.0000 0.0519
008200 0.6022 0.3465 0.0000 0.0514
008220 0.6024 0.3465 0.0000 0.0511
008240 0.6042 0.3428 0.0000 0.0530
008260 0.5977 0.3458 0.0000 0.0565
008280 0.5809 0.3607 0.0000 0.0583
008300 0.5762 0.3704 0.0000 0.0534
008320 0.5826 0.3669 0.0000 0.0505
008340 0.5968 0.3545 0.0000 0.0488
008360 0.6073 0.3442 0.0000 0.0485
008380 0.6171 0.3346 0.0000 0.0483
008400 0.6234 0.3270 0.0000 0.0497
008420 0.6170 0.3285 0.0000 0.0545
008440 0.6052 0.3394 0.0000 0.0554
008460 0.5912 0.3522 0.0000 0.0566
008480 0.5821 0.3634 0.0000 0.0544
008500 0.5874 0.3605 0.0000 0.0521
008520 0.5964 0.3533 0.0000 0.0503
008540 0.6070 0.3420 0.0000 0.0510
008560 0.6094 0.3376 0.0000 0.0529
008580 0.6083 0.3418 0.0000 0.0500
008600 0.6029 0.3426 0.0000 0.0545
008620 0.5916 0.3529 0.0000 0.0555
008640 0.5801 0.3613 0.0000 0.0587
008660 0.5720 0.3720 0.0000 0.0560
008680 0.5795 0.3713 0.0000 0.0492
008700 0.5941 0.3576 0.0000 0.0483
008720 0.6023 0.3470 0.0000 0.0506
008740 0.6067 0.3410 0.0000 0.0523
008760 0.6078 0.3392 0.0000 0.0530
008780 0.6007 0.3442 0.0000 0.0550
008800 0.5934 0.3529 0.0000 0.0537
008820 0.5871 0.3583 0.0000 0.0546
008840 0.5823 0.3618 0.0000 0.0559
008860 0.5770 0.3669 0.0000 0.0561
008880 0.5753 0.3706 0.0000 0.0541
008900 0.5847 0.3647 0.0000 0.0505
008920 0.5973 0.3528 0.0000 0.0500
008940 0.6116 0.3400 0.0000 0.0484
008960 0.6170 0.3323 0.0000 0.0507
008980 0.6125 0.3356 0.0000 0.0518
009000 0.6058 0.3406 0.0000 0.0536
009020 0.5993 0.3469 0.0000 0.0538
009040 0.5913 0.3539 0.0000 0.0547
009060 0.5877 0.3590 0.0000 0.0533
009080 0.5840 0.3620 0.0000 0.0540
009100 0.5814 0.3645 0.0000 0.0542
009120 0.5813 0.3650 0.0000 0.0536
009140 0.5822 0.3643 0.0000 0.0536
009160 0.5870 0.3609 0.0000 0.0521
009180 0.5962 0.3519 0.0000 0.0519
009200 0.6007 0.3479 0.0000 0.0514
009220 0.6052 0.3444 0.0000 0.0504
009240 0.6071 0.3411 0.0000 0.0518
009260 0.6034 0.3420 0.0000 0.0546
009280 0.5935 0.3523 0.0000 0.0543
009300 0.5866 0.3602 0.0000 0.0532
009320 0.5871 0.3596 0.0000 0.0534
009340 0.5921 0.3543 0.0000 0.0536
009360 0.5993 0.3493 0.0000 0.0514
009380 0.6042 0.3443 0.0000 0.0515
009400 0.6022 0.3455 0.0000 0.0523
009420 0.6034 0.3438 0.0000 0.0529
009440 0.5962 0.3482 0.0000 0.0556
009460 0.5905 0.3549 0.0000 0.0545
009480 0.5838 0.3607 0.0000 0.0555
009500 0.5798 0.3640 0.0000 0.0561
009520 0.5785 0.3655 0.0000 0.0560
009540 0.5854 0.3639 0.0000 0.0508
009560 0.5972 0.3531 0.0000 0.0496
009580 0.6076 0.3433 0.0000 0.0490
009600 0.6088 0.3392 0.0000 0.0521
009620 0.6083 0.3372 0.0000 0.0545
009640 0.5995 0.3446 0.0000 0.0559
009660 0.5924 0.3538 0.0000 0.0537
009680 0.5876 0.3572 0.0000 0.0552
009700 0.5836 0.3598 0.0000 0.0566
009720 0.5876 0.3596 0.0000 0.0528
009740 0.5935 0.3552 0.0000 0.0514
009760 0.6006 0.3497 0.0000 0.0497
009780 0.6053 0.3443 0.0000 0.0504
009800 0.6141 0.3370 0.0000 0.0490
009820 0.6150 0.3330 0.0000 0.0520
009840 0.6073 0.3375 0.0000 0.0553
009860 0.5966 0.3470 0.0000 0.0564
009880 0.5867 0.3588 0.0000 0.0545
009900 0.5830 0.3623 0.0000 0.0547
009920 0.5848 0.3615 0.0000 0.0537
009940 0.5947 0.3536 0.0000 0.0517
009960 0.6008 0.3483 0.0000 0.0509
009980 0.6003 0.3469 0.0000 0.0528
010000 0.5967 0.3487 0.0000 0.0546
010020 0.5888 0.3544 0.0000 0.0569
010040 0.5888 0.3544 0.0000 0.0569
010060 0.5888 0.3544 0.0000 0.0569
010080 0.5888 0.3544 0.0000 0.0569
010100 0.5888 0.3544 0.0000 0.0569
010120 0.5888 0.3544 0.0000 0.0569
010140 0.5888 0.3544 0.0000 0.0569
010160 0.5888 0.3544 0.0000 0.0569
010180 0.5888 0.3544 0.0000 0.0569
010200 0.5888 0.3544 0.0000 0.0569
010220 0.5888 0.3544 0.0000 0.0569
010240 0.5888 0.3544 0.0000 0.0569
010260 0.5888 0.3544 0.0000 0.0569
010280 0.5888 0.3544 0.0000 0.0569
010300 0.5888 0.3544 0.0000 0.0569
010320 0.5888 0.3544 0.0000 0.0569
010340 0.5888 0.3544 0.0000 0.0569
010360 0.5888 0.3544 0.0000 0.0569
010380 0.5888 0.3544 0.0000 0.0569
010400 0.5888 0.3544 0.0000 0.0569
010420 0.5888 0.3544 0.0000 0.0569
010440 0.5888 0.3544 0.0000 0.0569
010460 0.5888 0.3544 0.0000 0.0569
010480 0.5888 0.3544 0.0000 0.0569
010500 0.5888 0.3544 0.0000 0.0569
010520 0.5888 0.3544 0.0000 0.0569
010540 0.5888 0.3544 0.0000 0.0569
010560 0.5888 0.3544 0.0000 0.0569
010580 0.5888 0.3544 0.0000 0.0569
010600 0.5888 0.3544 0.0000 0.0569
010620 0.5888 0.3544 0.0000 0.0569
010640 0.5888 0.3544 0.0000 0.0569
010660 0.5888 0.3544 0.0000 0.0569
010680 0.5888 0.3544 0.0000 0.0569
010700 0.5888 0.3544 0.0000 0.0569
010720 0.5888 0.3544 0.0000 0.0569
010740 0.5888 0.3544 0.0000 0.0569
010760 0.5888 0.3544 0.0000 0.0569
010780 0.5888 0.3544 0.0000 0.0569
010800 0.5888 0.3544 0.0000 0.0569
010820 0.5888 0.3544 0.0000 0.0569
010840 0.5888 0.3544 0.0000 0.0569
010860 0.5888 0.3544 0.0000 0.0569
010880 0.5888 0.3544 0.0000 0.0569
010900 0.5888 0.3544 0.0000 0.0569
010920 0.5888 0.3544 0.0000 0.0569
010940 0.5888 0.3544 0.0000 0.0569
010960 0.5888 0.3544 0.0000 0.0569
010980 0.5888 0.3544 0.0000 0.0569
011000 0.5888 0.3544 0.0000 0.0569
011020 0.5888 0.3544 0.0000 0.0569
011040 0.5888 0.3544 0.0000 0.0569
011060 0.5888 0.3544 0.0000 0.0569
011080 0.5888 0.3544 0.0000 0.0569
011100 0.5888 0.3544 0.0000 0.0569
011120 0.5888 0.3544 0.0000 0.0569
011140 0.5888 0.3544 0.0000 0.0569
011160 0.5888 0.3544 0.0000 0.0569
011180 0.5888 0.3544 0.0000 0.0569
011200 0.5888 0.3544 0.0000 0.0569
011220 0.5888 0.3544 0.0000 0.0569
011240 0.5888 0.3544 0.0000 0.0569
011260 0.5888 0.3544 0.0000 0.0569
011280 0.5888 0.3544 0.0000 0.0569
011300 0.5888 0.3544 0.0000 0.0569
011320 0.5888 0.3544 0.0000 0.0569
011340 0.5888 0.3544 0.0000 0.0569
011360 0.5888 0.3544 0.0000 0.0569
011380 0.5888 0.3544 0.0000 0.0569
011400 0.5888 0.3544 0.0000 0.0569
011420 0.5888 0.3544 0.0000 0.0569
011440 0.5888 0.3544 0.0000 0.0569
011460 0.5888 0.3544 0.0000 0.0569
011480 0.5888 0.3544 0.0000 0.0569
011500 0.5888 0.3544 0.0000 0.0569
011520 0.5888 0.3544 0.0000 0.0569
011540 0.5888 0.3544 0.0000 0.0569
011560 0.5888 0.3544 0.0000 0.0569
011580 0.5888 0.3544 0.0000 0.0569
011600 0.5888 0.3544 0.0000 0.0569
011620 0.5888 0.3544 0.0000 0.0569
011640 0.5888 0.3544 0.0000 0.0569
011660 0.5888 0.3544 0.0000 0.0569
011680 0.5888 0.3544 0.0000 0.0569
011700 0.5888 0.3544 0.0000 0.0569
011720 0.5888 0.3544 0.0000 0.0569
011740 0.5888 0.3544 0.0000 0.0569
011760 0.5888 0.3544 0.0000 0.0569
011780 0.5888 0.3544 0.0000 0.0569
011800 0.5888 0.3544 0.0000 0.0569
011820 0.5888 0.3544 0.0000 0.0569
011840 0.5888 0.3544 0.0000 0.0569
011860 0.5888 0.3544 0.0000 0.0569
011880 0.5888 0.3544 0.0000 0.0569
011900 0.5888 0.3544 0.0000 0.0569
011920 0.5888 0.3544 0.0000 0.0569
011940 0.5888 0.3544 0.0000 0.0569
011960 0.5888 0.3544 0.0000 0.0569
011980 0.5888 0.3544 0.0000 0.0569
012000 0.5888 0.3544 0.0000 0.0569
012020 0.5888 0.3544 0.0000 0.0569
012040 0.5888 0.3544 0.0000 0.0569
012060 0.5888 0.3544 0.0000 0.0569
012080 0.5888 0.3544 0.0000 0.0569
012100 0.5888 0.3544 0.0000 0.0569
012120 0.5888 0.3544 0.0000 0.0569
012140 0.5888 0.3544 0.0000 0.0569
012160 0.5888 0.3544 0.0000 0.0569
012180 0.5888 0.3544 0.0000 0.0569
012200 0.5888 0.3544 0.0000 0.0569
012220 0.5888 0.3544 0.0000 0.0569
012240 0.5888 0.3544 0.0000 0.0569
012260 0.5888 0.3544 0.0000 0.0569
012280 0.5888 0.3544 0.0000 0.0569
012300 0.5888 0.3544 0.0000 0.0569
012320 0.5888 0.3544 0.0000 0.0569
012340 0.5888 0.3544 0.0000 0.0569
012360 0.5888 0.3544 0.0000 0.0569
012380 0.5888 0.3544 0.0000 0.0569
012400 0.5888 0.3544 0.0000 0.0569
012420 0.5888 0.3544 0.0000 0.0569
012440 0.5888 0.3544 0.0000 0.0569
012460 0.5888 0.3544 0.0000 0.0569
012480 0.5888 0.3544 0.0000 0.0569
012500 0.5888 0.3544 0.0000 0.0569
012520 0.5888 0.3544 0.0000 0.0569
012540 0.5888 0.3544 0.0000 0.0569
012560 0.5888 0.3544 0.0000 0.0569
012580 0.5888 0.3544 0.0000 0.0569
012600 0.5888 0.3544 0.0000 0.0569
012620 0.5888 0.3544 0.0000 0.0569
012640 0.5888 0.3544 0.0000 0.0569
012660 0.5888 0.3544 0.0000 0.0569
012680 0.5888 0.3544 0.0000 0.0569
012700 0.5888 0.3544 0.0000 0.0569
012720 0.5888 0.3544 0.0000 0.0569
012740 0.5888 0.3544 0.0000 0.0569
012760 0.5888 0.3544 0.0000 0.0569
012780 0.5888 0.3544 0.0000 0.0569
012800 0.5888 0.3544 0.0000 0.0569
012820 0.5888 0.3544 0.0000 0.0569
012840 0.5888 0.3544 0.0000 0.0569
012860 0.5888 0.3544 0.0000 0.0569
012880 0.5888 0.3544 0.0000 0.0569
012900 0.5888 0.3544 0.0000 0.0569
012920 0.5888 0.3544 0.0000 0.0569
012940 0.5888 0.3544 0.0000 0.0569
012960 0.5888 0.3544 0.0000 0.0569
012980 0.5888 0.3544 0.0000 0.0569
013000 0.5888 0.3544 0.0000 0.0569
013020 0.5888 0.3544 0.0000 0.0569
013040 0.5888 0.3544 0.0000 0.0569
013060 0.5888 0.3544 0.0000 0.0569
013080 0.5888 0.3544 0.0000 0.0569
013100 0.5888 0.3544 0.0000 0.0569
013120 0.5888 0.3544 0.0000 0.0569
013140 0.5888 0.3544 0.0000 0.0569
013160 0.5888 0.3544 0.0000 0.0569
013180 0.5888 0.3544 0.0000 0.0569
013200 0.5888 0.3544 0.0000 0.0569
013220 0.5888 0.3544 0.0000 0.0569
013240 0.5888 0.3544 0.0000 0.0569
013260 0.5888 0.3544 0.0000 0.0569
013280 0.5888 0.3544 0.0000 0.0569
013300 0.5888 0.3544 0.0000 0.0569
013320 0.5888 0.3544 0.0000 0.0569
013340 0.5888 0.3544 0.0000 0.0569
013360 0.5888 0.3544 0.0000 0.0569
013380 0.5888 0.3544 0.0000 0.0569
013400 0.5888 0.3544 0.0000 0.0569
013420 0.5888 0.3544 0.0000 0.0569
013440 0.5888 0.3544 0.0000 0.0569
013460 0.5888 0.3544 0.0000 0.0569
013480 0.5888 0.3544 0.0000 0.0569
013500 0.5888 0.3544 0.0000 0.0569
013520 0.5888 0.3544 0.0000 0.0569
013540 0.5888 0.3544 0.0000 0.0569
013560 0.5888 0.3544 0.0000 0.0569
013580 0.5888 0.3544 0.0000 0.0569
013600 0.5888 0.3544 0.0000 0.0569
013620 0.5888 0.3544 0.0000 0.0569
013640 0.5888 0.3544 0.0000 0.0569
013660 0.5888 0.3544 0.0000 0.0569
013680 0.5888 0.3544 0.0000 0.0569
013700 0.5888 0.3544 0.0000 0.0569
013720 0.5888 0.3544 0.0000 0.0569
013740 0.5888 0.3544 0.0000 0.0569
013760 0.5888 0.3544 0.0000 0.0569
013780 0.5888 0.3544 0.0000 0.0569
013800 0.5888 0.3544 0.0000 0.0569
013820 0.5888 0.3544 0.0000 0.0569
013840 0.5888 0.3544 0.0000 0.0569
013860 0.5888 0.3544 0.0000 0.0569
013880 0.5888 0.3544 0.0000 0.0569
013900 0.5888 0.3544 0.0000 0.0569
013920 0.5888 0.3544 0.0000 0.0569
013940 0.5888 0.3544 0.0000 0.0569
013960 0.5888 0.3544 0.0000 0.0569
013980 0.5888 0.3544 0.0000 0.0569
014000 0.5888 0.3544 0.0000 0.0569
014020 0.5888 0.3544 0.0000 0.0569
014040 0.5888 0.3544 0.0000 0.0569
014060 0.5888 0.3544 0.0000 0.0569
014080 0.5888 0.3544 0.0000 0.0569
014100 0.5888 0.3544 0.0000 0.0569
014120 0.5888 0.3544 0.0000 0.0569
014140 0.5888 0.3544 0.0000 0.0569
014160 0.5888 0.3544 0.0000 0.0569
014180 0.5888 0.3544 0.0000 0.0569
014200 0.5888 0.3544 0.0000 0.0569
014220 0.5888 0.3544 0.0000 0.0569
014240 0.5888 0.3544 0.0000 0.0569
014260 0.5888 0.3544 0.0000 0.0569
014280 0.5888 0.3544 0.0000 0.0569
014300 0.5888 0.3544 0.0000 0.0569
014320 0.5888 0.3544 0.0000 0.0569
014340 0.5888 0.3544 0.0000 0.0569
014360 0.5888 0.3544 0.0000 0.0569
014380 0.5888 0.3544 0.0000 0.0569
014400 0.5888 0.3544 0.0000 0.0569
014420 0.5888 0.3544 0.0000 0.0569
014440 0.5888 0.3544 0.0000 0.0569
014460 0.5888 0.3544 0.0000 0.0569
014480 0.5888 0.3544 0.0000 0.0569
014500 0.5888 0.3544 0.0000 0.0569
014520 0.5888 0.3544 0.0000 0.0569
014540 0.5888 0.3544 0.0000 0.0569
014560 0.5888 0.3544 0.0000 0.0569
014580 0.5888 0.3544 0.0000 0.0569
014600 0.5888 0.3544 0.0000 0.0569
014620 0.5888 0.3544 0.0000 0.0569
014640 0.5888 0.3544 0.0000 0.0569
014660 0.5888 0.3544 0.0000 0.0569
014680 0.5888 0.3544 0.0000 0.0569
014700 0.5888 0.3544 0.0000 0.0569
014720 0.5888 0.3544 0.0000 0.0569
014740 0.5888 0.3544 0.0000 0.0569
014760 0.5888 0.3544 0.0000 0.0569
014780 0.5888 0.3544 0.0000 0.0569
014800 0.5888 0.3544 0.0000 0.0569
014820 0.5888 0.3544 0.0000 0.0569
014840 0.5888 0.3544 0.0000 0.0569
014860 0.5888 0.3544 0.0000 0.0569
014880 0.5888 0.3544 0.0000 0.0569
014900 0.5888 0.3544 0.0000 0.0569
014920 0.5888 0.3544 0.0000 0.0569
014940 0.5888 0.3544 0.0000 0.0569
014960 0.5888 0.3544 0.0000 0.0569
014980 0.5888 0.3544 0.0000 0.0569
015000 0.5888 0.3544 0.0000 0.0569
015020 0.5888 0.3544 0.0000 0.0569
015040 0.5888 0.3544 0.0000 0.0569
015060 0.5888 0.3544 0.0000 0.0569
015080 0.5888 0.3544 0.0000 0.0569
015100 0.5888 0.3544 0.0000 0.0569
015120 0.5888 0.3544 0.0000 0.0569
015140 0.5888 0.3544 0.0000 0.0569
015160 0.5888 0.3544 0.0000 0.0569
015180 0.5888 0.3544 0.0000 0.0569
015200 0.5888 0.3544 0.0000 0.0569
015220 0.5888 0.3544 0.0000 0.0569
015240 0.5888 0.3544 0.0000 0.0569
015260 0.5888 0.3544 0.0000 0.0569
015280 0.5888 0.3544 0.0000 0.0569
015300 0.5888 0.3544 0.0000 0.0569
015320 0.5888 0.3544 0.0000 0.0569
015340 0.5888 0.3544 0.0000 0.0569
015360 0.5888 0.3544 0.0000 0.0569
015380 0.5888 0.3544 0.0000 0.0569
015400 0.5888 0.3544 0.0000 0.0569
015420 0.5888 0.3544 0.0000 0.0569
015440 0.5888 0.3544 0.0000 0.0569
015460 0.5888 0.3544 0.0000 0.0569
015480 0.5888 0.3544 0.0000 0.0569
015500 0.5888 0.3544 0.0000 0.0569
015520 0.5888 0.3544 0.0000 0.0569
015540 0.5888 0.3544 0.0000 0.0569
015560 0.5888 0.3544 0.0000 0.0569
015580 0.5888 0.3544 0.0000 0.0569
015600 0.5888 0.3544 0.0000 0.0569
015620 0.5888 0.3544 0.0000 0.0569
015640 0.5888 0.3544 0.0000 0.0569
015660 0.5888 0.3544 0.0000 0.0569
015680 0.5888 0.3544 0.0000 0.0569
015700 0.5888 0.3544 0.0000 0.0569
015720 0.5888 0.3544 0.0000 0.0569
015740 0.5888 0.3544 0.0000 0.0569
015760 0.5888 0.3544 0.0000 0.0569
015780 0.5888 0.3544 0.0000 0.0569
015800 0.5888 0.3544 0.0000 0.0569
015820 0.5888 0.3544 0.0000 0.0569
015840 0.5888 0.3544 0.0000 0.0569
015860 0.5888 0.3544 0.0000 0.0569
015880 0.5888 0.3544 0.0000 0.0569
015900 0.5888 0.3544 0.0000 0.0569
015920 0.5888 0.3544 0.0000 0.0569
015940 0.5888 0.3544 0.0000 0.0569
015960 0.5888 0.3544 0.0000 0.0569
015980 0.5888 0.3544 0.0000 0.0569
016000 0.5888 0.3544 0.0000 0.0569
016020 0.5888 0.3544 0.0000 0.0569
016040 0.5888 0.3544 0.0000 0.0569
016060 0.5888 0.3544 0.0000 0.0569
016080 0.5888 0.3544 0.0000 0.0569
016100 0.5888 0.3544 0.0000 0.0569
016120 0.5888 0.3544 0.0000 0.0569
016140 0.5888 0.3544 0.0000 0.0569
016160 0.5888 0.3544 0.0000 0.0569
016180 0.5888 0.3544 0.0000 0.0569
016200 0.5888 0.3544 0.0000 0.0569
016220 0.5888 0.3544 0.0000 0.0569
016240 0.5888 0.3544 0.0000 0.0569
016260 0.5888 0.3544 0.0000 0.0569
016280 0.5888 0.3544 0.0000 0.0569
016300 0.5888 0.3544 0.0000 0.0569
016320 0.5888 0.3544 0.0000 0.0569
016340 0.5888 0.3544 0.0000 0.0569
016360 0.5888 0.3544 0.0000 0.0569
016380 0.5888 0.3544 0.0000 0.0569
016400 0.5888 0.3544 0.0000 0.0569
016420 0.5888 0.3544 0.0000 0.0569
016440 0.5888 0.3544 0.0000 0.0569
016460 0.5888 0.3544 0.0000 0.0569
016480 0.5888 0.3544 0.0000 0.0569
016500 0.5888 0.3544 0.0000 0.0569
016520 0.5888 0.3544 0.0000 0.0569
016540 0.5888 0.3544 0.0000 0.0569
016560 0.5888 0.3544 0.0000 0.0569
016580 0.5888 0.3544 0.0000 0.0569
016600 0.5888 0.3544 0.0000 0.0569
016620 0.5888 0.3544 0.0000 0.0569
016640 0.5888 0.3544 0.0000 0.0569
016660 0.5888 0.3544 0.0000 0.0569
016680 0.5888 0.3544 0.0000 0.0569
016700 0.5888 0.3544 0.0000 0.0569
016720 0.5888 0.3544 0.0000 0.0569
016740 0.5888 0.3544 0.0000 0.0569
016760 0.5888 0.3544 0.0000 0.0569
016780 0.5888 0.3544 0.0000 0.0569
016800 0.5888 0.3544 0.0000 0.0569
016820 0.5888 0.3544 0.0000 0.0569
016840 0.5888 0.3544 0.0000 0.0569
016860 0.5888 0.3544 0.0000 0.0569
016880 0.5888 0.3544 0.0000 0.0569
016900 0.5888 0.3544 0.0000 0.0569
016920 0.5888 0.3544 0.0000 0.0569
016940 0.5888 0.3544 0.0000 0.0569
016960 0.5888 0.3544 0.0000 0.0569
016980 0.5888 0.3544 0.0000 0.0569
017000 0.5888 0.3544 0.0000 0.0569
017020 0.5888 0.3544 0.0000 0.0569
017040 0.5888 0.3544 0.0000 0.0569
017060 0.5888 0.3544 0.0000 0.0569
017080 0.5888 0.3544 0.0000 0.0569
017100 0.5888 0.3544 0.0000 0.0569
017120 0.5888 0.3544 0.0000 0.0569
017140 0.5888 0.3544 0.0000 0.0569
017160 0.5888 0.3544 0.0000 0.0569
017180 0.5888 0.3544 0.0000 0.0569
017200 0.5888 0.3544 0.0000 0.0569
017220 0.5888 0.3544 0.0000 0.0569
017240 0.5888 0.3544 0.0000 0.0569
017260 0.5888 0.3544 0.0000 0.0569
017280 0.5888 0.3544 0.0000 0.0569
017300 0.5888 0.3544 0.0000 0.0569
017320 0.5888 0.3544 0.0000 0.0569
017340 0.5888 0.3544 0.0000 0.0569
017360 0.5888 0.3544 0.0000 0.0569
017380 0.5888 0.3544 0.0000 0.0569
017400 0.5888 0.3544 0.0000 0.0569
017420 0.5888 0.3544 0.0000 0.0569
017440 0.5888 0.3544 0.0000 0.0569
017460 0.5888 0.3544 0.0000 0.0569
017480 0.5888 0.3544 0.0000 0.0569
017500 0.5888 0.3544 0.0000 0.0569
017520 0.5888 0.3544 0.0000 0.0569
017540 0.5888 0.3544 0.0000 0.0569
017560 0.5888 0.3544 0.0000 0.0569
017580 0.5888 0.3544 0.0000 0.0569
017600 0.5888 0.3544 0.0000 0.0569
017620 0.5888 0.3544 0.0000 0.0569
017640 0.5888 0.3544 0.0000 0.0569
017660 0.5888 0.3544 0.0000 0.0569
017680 0.5888 0.3544 0.0000 0.0569
017700 0.5888 0.3544 0.0000 0.0569
017720 0.5888 0.3544 0.0000 0.0569
017740 0.5888 0.3544 0.0000 0.0569
017760 0.5888 0.3544 0.0000 0.0569
017780 0.5888 0.3544 0.0000 0.0569
017800 0.5888 0.3544 0.0000 0.0569
017820 0.5888 0.3544 0.0000 0.0569
017840 0.5888 0.3544 0.0000 0.0569
017860 0.5888 0.3544 0.0000 0.0569
017880 0.5888 0.3544 0.0000 0.0569
017900 0.5888 0.3544 0.0000 0.0569
017920 0.5888 0.3544 0.0000 0.0569
017940 0.5888 0.3544 0.0000 0.0569
017960 0.5888 0.3544 0.0000 0.0569
017980 0.5888 0.3544 0.0000 0.0569
018000 0.5888 0.3544 0.0000 0.0569
018020 0.5888 0.3544 0.0000 0.0569
018040 0.5888 0.3544 0.0000 0.0569
018060 0.5888 0.3544 0.0000 0.0569
018080 0.5888 0.3544 0.0000 0.0569
018100 0.5888 0.3544 0.0000 0.0569
018120 0.5888 0.3544 0.0000 0.0569
018140 0.5888 0.3544 0.0000 0.0569
018160 0.5888 0.3544 0.0000 0.0569
018180 0.5888 0.3544 0.0000 0.0569
018200 0.5888 0.3544 0.0000 0.0569
018220 0.5888 0.3544 0.0000 0.0569
018240 0.5888 0.3544 0.0000 0.0569
018260 0.5888 0.3544 0.0000 0.0569
018280 0.5888 0.3544 0.0000 0.0569
018300 0.5888 0.3544 0.0000 0.0569
018320 0.5888 0.3544 0.0000 0.0569
018340 0.5888 0.3544 0.0000 0.0569
018360 0.5888 0.3544 0.0000 0.0569
018380 0.5888 0.3544 0.0000 0.0569
018400 0.5888 0.3544 0.0000 0.0569
018420 0.5888 0.3544 0.0000 0.0569
018440 0.5888 0.3544 0.0000 0.0569
018460 0.5888 0.3544 0.0000 0.0569
018480 0.5888 0.3544 0.0000 0.0569
018500 0.5888 0.3544 0.0000 0.0569
018520 0.5888 0.3544 0.0000 0.0569
018540 0.5888 0.3544 0.0000 0.0569
018560 0.5888 0.3544 0.0000 0.0569
018580 0.5888 0.3544 0.0000 0.0569
018600 0.5888 0.3544 0.0000 0.0569
018620 0.5888 0.3544 0.0000 0.0569
018640 0.5888 0.3544 0.0000 0.0569
018660 0.5888 0.3544 0.0000 0.0569
018680 0.5888 0.3544 0.0000 0.0569
018700 0.5888 0.3544 0.0000 0.0569
018720 0.5888 0.3544 0.0000 0.0569
018740 0.5888 0.3544 0.0000 0.0569
018760 0.5888 0.3544 0.0000 0.0569
018780 0.5888 0.3544 0.0000 0.0569
018800 0.5888 0.3544 0.0000 0.0569
018820 0.5888 0.3544 0.0000 0.0569
018840 0.5888 0.3544 0.0000 0.0569
018860 0.5888 0.3544 0.0000 0.0569
018880 0.5888 0.3544 0.0000 0.0569
018900 0.5888 0.3544 0.0000 0.0569
018920 0.5888 0.3544 0.0000 0.0569
018940 0.5888 0.3544 0.0000 0.0569
018960 0.5888 0.3544 0.0000 0.0569
018980 0.5888 0.3544 0.0000 0.0569
019000 0.5888 0.3544 0.0000 0.0569
019020 0.5888 0.3544 0.0000 0.0569
019040 0.5888 0.3544 0.0000 0.0569
019060 0.5888 0.3544 0.0000 0.0569
019080 0.5888 0.3544 0.0000 0.0569
019100 0.5888 0.3544 0.0000 0.0569
019120 0.5888 0.3544 0.0000 0.0569
019140 0.5888 0.3544 0.0000 0.0569
019160 0.5888 0.3544 0.0000 0.0569
019180 0.5888 0.3544 0.0000 0.0569
019200 0.5888 0.3544 0.0000 0.0569
019220 0.5888 0.3544 0.0000 0.0569
019240 0.5888 0.3544 0.0000 0.0569
019260 0.5888 0.3544 0.0000 0.0569
019280 0.5888 0.3544 0.0000 0.0569
019300 0.5888 0.3544 0.0000 0.0569
019320 0.5888 0.3544 0.0000 0.0569
019340 0.5888 0.3544 0.0000 0.0569
019360 0.5888 0.3544 0.0000 0.0569
019380 0.5888 0.3544 0.0000 0.0569
019400 0.5888 0.3544 0.0000 0.0569
019420 0.5888 0.3544 0.0000 0.0569
019440 0.5888 0.3544 0.0000 0.0569
019460 0.5888 0.3544 0.0000 0.0569
019480 0.5888 0.3544 0.0000 0.0569
019500 0.5888 0.3544 0.0000 0.0569
019520 0.5888 0.3544 0.0000 0.0569
019540 0.5888 0.3544 0.0000 0.0569
019560 0.5888 0.3544 0.0000 0.0569
019580 0.5888 0.3544 0.0000 0.0569
019600 0.5888 0.3544 0.0000 0.0569
019620 0.5888 0.3544 0.0000 0.0569
019640 0.5888 0.3544 0.0000 0.0569
019660 0.5888 0.3544 0.0000 0.0569
019680 0.5888 0.3544 0.0000 0.0569
019700 0.5888 0.3544 0.0000 0.0569
019720 0.5888 0.3544 0.0000 0.0569
019740 0.5888 0.3544 0.0000 0.0569
019760 0.5888 0.3544 0.0000 0.0569
019780 0.5888 0.3544 0.0000 0.0569
019800 0.5888 0.3544 0.0000 0.0569
019820 0.5888 0.3544 0.0000 0.0569
019840 0.5888 0.3544 0.0000 0.0569
019860 0.5888 0.3544 0.0000 0.0569
019880 0.5888 0.3544 0.0000 0.0569
019900 0.5888 0.3544 0.0000 0.0569
019920 0.5888 0.3544 0.0000 0.0569
019940 0.5888 0.3544 0.0000 0.0569
019960 0.5888 0.3544 0.0000 0.0569
019980 0.5888 0.3544 0.0000 0.0569
020000 0.5888 0.3544 0.0000 0.0569
