000000 0.2500 0.2500 0.2500 0.2500
000020 0.2602 0.2586 0.2298 0.2514
000040 0.2728 0.2675 0.2080 0.2517
000060 0.2852 0.2764 0.1869 0.2515
000080 0.2965 0.2861 0.1669 0.2505
000100 0.3066 0.2968 0.1477 0.2489
000120 0.3159 0.3075 0.1296 0.2470
000140 0.3228 0.3209 0.1127 0.2436
000160 0.3279 0.3357 0.0967 0.2397
000180 0.3327 0.3518 0.0816 0.2339
000200 0.3375 0.3665 0.0681 0.2278
000220 0.3415 0.3810 0.0564 0.2211
000240 0.3445 0.3971 0.0455 0.2130
000260 0.3458 0.4137 0.0357 0.2047
000280 0.3467 0.4306 0.0270 0.1957
000300 0.3458 0.4490 0.0201 0.1851
000320 0.3445 0.4672 0.0142 0.1741
000340 0.3421 0.4860 0.0092 0.1627
000360 0.3380 0.5069 0.0054 0.1497
000380 0.3338 0.5276 0.0025 0.1360
000400 0.3277 0.5488 0.0007 0.1228
000420 0.3184 0.5722 0.0000 0.1094
000440 0.3085 0.5992 0.0000 0.0923
000460 0.3002 0.6256 0.0000 0.0742
000480 0.2942 0.6426 0.0000 0.0631
000500 0.2895 0.6585 0.0000 0.0520
000520 0.2911 0.6666 0.0000 0.0422
000540 0.2957 0.6684 0.0000 0.0359
000560 0.3003 0.6680 0.0000 0.0316
000580 0.3062 0.6649 0.0000 0.0289
000600 0.3118 0.6629 0.0000 0.0253
000620 0.3172 0.6582 0.0000 0.0246
000640 0.3243 0.6524 0.0000 0.0233
000660 0.3338 0.6418 0.0000 0.0244
000680 0.3400 0.6326 0.0000 0.0273
000700 0.3422 0.6294 0.0000 0.0284
000720 0.3412 0.6296 0.0000 0.0292
000740 0.3397 0.6293 0.0000 0.0310
000760 0.3445 0.6257 0.0000 0.0298
000780 0.3514 0.6180 0.0000 0.0306
000800 0.3630 0.6092 0.0000 0.0279
000820 0.3796 0.5925 0.0000 0.0279
000840 0.3970 0.5730 0.0000 0.0300
000860 0.4052 0.5616 0.0000 0.0332
000880 0.4078 0.5578 0.0000 0.0344
000900 0.4107 0.5542 0.0000 0.0351
000920 0.4093 0.5524 0.0000 0.0383
000940 0.4131 0.5490 0.0000 0.0379
000960 0.4218 0.5410 0.0000 0.0372
000980 0.4296 0.5315 0.0000 0.0390
001000 0.4420 0.5217 0.0000 0.0363
001020 0.4519 0.5095 0.0000 0.0385
001040 0.4578 0.5019 0.0000 0.0402
001060 0.4616 0.4962 0.0000 0.0422
001080 0.4668 0.4903 0.0000 0.0429
001100 0.4694 0.4871 0.0000 0.0435
001120 0.4760 0.4814 0.0000 0.0426
001140 0.4874 0.4700 0.0000 0.0426
001160 0.4991 0.4580 0.0000 0.0428
001180 0.5127 0.4437 0.0000 0.0435
001200 0.5244 0.4312 0.0000 0.0444
001220 0.5345 0.4206 0.0000 0.0449
001240 0.5439 0.4105 0.0000 0.0456
001260 0.5567 0.3984 0.0000 0.0449
001280 0.5636 0.3879 0.0000 0.0485
001300 0.5617 0.3868 0.0000 0.0515
001320 0.5600 0.3896 0.0000 0.0504
001340 0.5625 0.3884 0.0000 0.0490
001360 0.5714 0.3778 0.0000 0.0508
001380 0.5750 0.3723 0.0000 0.0527
001400 0.5792 0.3711 0.0000 0.0497
001420 0.5877 0.3630 0.0000 0.0493
001440 0.5942 0.3544 0.0000 0.0514
001460 0.5917 0.3534 0.0000 0.0549
001480 0.5865 0.3586 0.0000 0.0549
001500 0.5874 0.3597 0.0000 0.0530
001520 0.5918 0.3585 0.0000 0.0497
001540 0.6024 0.3471 0.0000 0.0505
001560 0.6095 0.3388 0.0000 0.0517
001580 0.6110 0.3360 0.0000 0.0530
001600 0.6019 0.3409 0.0000 0.0572
001620 0.5908 0.3526 0.0000 0.0566
001640 0.5820 0.3619 0.0000 0.0561
001660 0.5797 0.3655 0.0000 0.0548
001680 0.5880 0.3589 0.0000 0.0531
001700 0.6008 0.3478 0.0000 0.0513
001720 0.6122 0.3362 0.0000 0.0515
001740 0.6106 0.3346 0.0000 0.0548
001760 0.6077 0.3385 0.0000 0.0538
001780 0.6054 0.3395 0.0000 0.0551
001800 0.6002 0.3437 0.0000 0.0561
001820 0.5957 0.3491 0.0000 0.0552
001840 0.5908 0.3517 0.0000 0.0574
001860 0.5909 0.3520 0.0000 0.0572
001880 0.5895 0.3559 0.0000 0.0547
001900 0.5910 0.3556 0.0000 0.0534
001920 0.5968 0.3509 0.0000 0.0523
001940 0.6030 0.3437 0.0000 0.0532
001960 0.6056 0.3399 0.0000 0.0544
001980 0.6029 0.3411 0.0000 0.0560
002000 0.5974 0.3463 0.0000 0.0563
002020 0.5987 0.3482 0.0000 0.0531
002040 0.5995 0.3454 0.0000 0.0552
002060 0.5987 0.3449 0.0000 0.0564
002080 0.5993 0.3459 0.0000 0.0547
002100 0.6013 0.3430 0.0000 0.0557
002120 0.5968 0.3457 0.0000 0.0576
002140 0.5894 0.3517 0.0000 0.0589
002160 0.5832 0.3592 0.0000 0.0576
002180 0.5812 0.3617 0.0000 0.0571
002200 0.5858 0.3581 0.0000 0.0561
002220 0.5860 0.3582 0.0000 0.0558
002240 0.5885 0.3580 0.0000 0.0534
002260 0.5918 0.3547 0.0000 0.0534
002280 0.5996 0.3493 0.0000 0.0511
002300 0.6103 0.3383 0.0000 0.0514
002320 0.6138 0.3317 0.0000 0.0545
002340 0.6090 0.3364 0.0000 0.0547
002360 0.6020 0.3412 0.0000 0.0568
002380 0.5936 0.3490 0.0000 0.0575
002400 0.5920 0.3532 0.0000 0.0548
002420 0.5956 0.3520 0.0000 0.0524
002440 0.6037 0.3450 0.0000 0.0513
002460 0.6123 0.3355 0.0000 0.0522
002480 0.6143 0.3336 0.0000 0.0522
002500 0.6071 0.3347 0.0000 0.0582
002520 0.5910 0.3468 0.0000 0.0622
002540 0.5764 0.3637 0.0000 0.0599
002560 0.5717 0.3720 0.0000 0.0562
002580 0.5824 0.3654 0.0000 0.0522
002600 0.6025 0.3475 0.0000 0.0501
002620 0.6145 0.3334 0.0000 0.0522
002640 0.6164 0.3293 0.0000 0.0543
002660 0.6093 0.3335 0.0000 0.0572
002680 0.5942 0.3469 0.0000 0.0588
002700 0.5816 0.3600 0.0000 0.0584
002720 0.5761 0.3675 0.0000 0.0564
002740 0.5799 0.3650 0.0000 0.0551
002760 0.5933 0.3562 0.0000 0.0505
002780 0.6129 0.3374 0.0000 0.0497
002800 0.6192 0.3288 0.0000 0.0520
002820 0.6175 0.3297 0.0000 0.0528
002840 0.6146 0.3312 0.0000 0.0541
002860 0.6010 0.3392 0.0000 0.0598
002880 0.5859 0.3552 0.0000 0.0590
002900 0.5853 0.3605 0.0000 0.0542
002920 0.5963 0.3525 0.0000 0.0512
002940 0.6034 0.3439 0.0000 0.0527
002960 0.6081 0.3386 0.0000 0.0533
002980 0.6109 0.3361 0.0000 0.0529
003000 0.6067 0.3379 0.0000 0.0554
003020 0.5961 0.3470 0.0000 0.0569
003040 0.5916 0.3530 0.0000 0.0554
003060 0.5930 0.3513 0.0000 0.0557
003080 0.5928 0.3522 0.0000 0.0550
003100 0.5977 0.3487 0.0000 0.0536
003120 0.5998 0.3458 0.0000 0.0544
003140 0.5998 0.3448 0.0000 0.0555
003160 0.5970 0.3459 0.0000 0.0572
003180 0.5941 0.3526 0.0000 0.0534
003200 0.5947 0.3513 0.0000 0.0540
003220 0.6013 0.3443 0.0000 0.0544
003240 0.6022 0.3411 0.0000 0.0567
003260 0.5975 0.3451 0.0000 0.0574
003280 0.5906 0.3510 0.0000 0.0585
003300 0.5876 0.3551 0.0000 0.0573
003320 0.5915 0.3535 0.0000 0.0549
003340 0.5982 0.3470 0.0000 0.0548
003360 0.5982 0.3454 0.0000 0.0564
003380 0.5987 0.3473 0.0000 0.0540
003400 0.6022 0.3447 0.0000 0.0531
003420 0.5962 0.3481 0.0000 0.0557
003440 0.5933 0.3504 0.0000 0.0562
003460 0.5909 0.3522 0.0000 0.0569
003480 0.5908 0.3535 0.0000 0.0558
003500 0.5950 0.3524 0.0000 0.0525
003520 0.6020 0.3454 0.0000 0.0526
003540 0.6020 0.3431 0.0000 0.0548
003560 0.6026 0.3421 0.0000 0.0553
003580 0.5984 0.3474 0.0000 0.0542
003600 0.5985 0.3463 0.0000 0.0552
003620 0.5990 0.3461 0.0000 0.0549
003640 0.5989 0.3451 0.0000 0.0560
003660 0.5977 0.3483 0.0000 0.0539
003680 0.6058 0.3437 0.0000 0.0505
003700 0.6128 0.3356 0.0000 0.0516
003720 0.6159 0.3304 0.0000 0.0537
003740 0.6103 0.3330 0.0000 0.0567
003760 0.6011 0.3430 0.0000 0.0559
003780 0.5970 0.3492 0.0000 0.0539
003800 0.5958 0.3475 0.0000 0.0567
003820 0.5963 0.3489 0.0000 0.0548
003840 0.5998 0.3496 0.0000 0.0505
003860 0.6107 0.3395 0.0000 0.0499
003880 0.6121 0.3316 0.0000 0.0563
003900 0.6067 0.3365 0.0000 0.0568
003920 0.5990 0.3443 0.0000 0.0568
003940 0.5880 0.3548 0.0000 0.0572
003960 0.5854 0.3601 0.0000 0.0545
003980 0.5898 0.3565 0.0000 0.0537
004000 0.5931 0.3526 0.0000 0.0543
004020 0.5974 0.3484 0.0000 0.0541
004040 0.6048 0.3443 0.0000 0.0509
004060 0.6131 0.3343 0.0000 0.0526
004080 0.6091 0.3332 0.0000 0.0577
004100 0.5982 0.3432 0.0000 0.0585
004120 0.5890 0.3528 0.0000 0.0582
004140 0.5830 0.3612 0.0000 0.0558
004160 0.5884 0.3590 0.0000 0.0526
004180 0.5946 0.3513 0.0000 0.0541
004200 0.5968 0.3486 0.0000 0.0546
004220 0.5952 0.3490 0.0000 0.0558
004240 0.6002 0.3461 0.0000 0.0537
004260 0.6067 0.3404 0.0000 0.0530
004280 0.6078 0.3381 0.0000 0.0541
004300 0.6047 0.3400 0.0000 0.0553
004320 0.5939 0.3474 0.0000 0.0587
004340 0.5909 0.3543 0.0000 0.0547
004360 0.5988 0.3487 0.0000 0.0525
004380 0.6071 0.3396 0.0000 0.0533
004400 0.6120 0.3353 0.0000 0.0527
004420 0.6113 0.3373 0.0000 0.0514
004440 0.6063 0.3391 0.0000 0.0546
004460 0.5976 0.3445 0.0000 0.0579
004480 0.5906 0.3530 0.0000 0.0564
004500 0.5928 0.3540 0.0000 0.0532
004520 0.5924 0.3507 0.0000 0.0569
004540 0.5914 0.3523 0.0000 0.0563
004560 0.5902 0.3525 0.0000 0.0573
004580 0.5899 0.3566 0.0000 0.0535
004600 0.5952 0.3503 0.0000 0.0544
004620 0.5995 0.3474 0.0000 0.0531
004640 0.6038 0.3427 0.0000 0.0535
004660 0.6070 0.3395 0.0000 0.0535
004680 0.6058 0.3387 0.0000 0.0555
004700 0.6013 0.3428 0.0000 0.0558
004720 0.5964 0.3488 0.0000 0.0548
004740 0.5903 0.3517 0.0000 0.0580
004760 0.5852 0.3577 0.0000 0.0571
004780 0.5888 0.3566 0.0000 0.0546
004800 0.5973 0.3497 0.0000 0.0530
004820 0.6038 0.3418 0.0000 0.0545
004840 0.6034 0.3417 0.0000 0.0549
004860 0.6006 0.3431 0.0000 0.0562
004880 0.5950 0.3495 0.0000 0.0555
004900 0.5873 0.3555 0.0000 0.0572
004920 0.5853 0.3600 0.0000 0.0547
004940 0.5887 0.3563 0.0000 0.0551
004960 0.5942 0.3526 0.0000 0.0531
004980 0.6011 0.3437 0.0000 0.0553
005000 0.6032 0.3424 0.0000 0.0544
005020 0.6043 0.3393 0.0000 0.0563
005040 0.5966 0.3466 0.0000 0.0568
005060 0.5888 0.3536 0.0000 0.0575
005080 0.5878 0.3566 0.0000 0.0555
005100 0.5829 0.3618 0.0000 0.0553
005120 0.5860 0.3592 0.0000 0.0548
005140 0.5956 0.3507 0.0000 0.0536
005160 0.6027 0.3433 0.0000 0.0541
005180 0.6053 0.3412 0.0000 0.0535
005200 0.6051 0.3388 0.0000 0.0561
005220 0.5973 0.3452 0.0000 0.0575
005240 0.5951 0.3518 0.0000 0.0532
005260 0.6010 0.3460 0.0000 0.0529
005280 0.6017 0.3431 0.0000 0.0552
005300 0.5962 0.3474 0.0000 0.0564
005320 0.5925 0.3525 0.0000 0.0550
005340 0.5904 0.3544 0.0000 0.0552
005360 0.5925 0.3522 0.0000 0.0553
005380 0.5939 0.3503 0.0000 0.0558
005400 0.5957 0.3500 0.0000 0.0542
005420 0.6000 0.3470 0.0000 0.0529
005440 0.6020 0.3427 0.0000 0.0553
005460 0.5942 0.3493 0.0000 0.0565
005480 0.5916 0.3514 0.0000 0.0570
005500 0.5928 0.3513 0.0000 0.0559
005520 0.5945 0.3501 0.0000 0.0555
005540 0.5972 0.3482 0.0000 0.0545
005560 0.6005 0.3467 0.0000 0.0528
005580 0.6013 0.3439 0.0000 0.0549
005600 0.5995 0.3453 0.0000 0.0552
005620 0.6001 0.3457 0.0000 0.0541
005640 0.5970 0.3454 0.0000 0.0576
005660 0.5901 0.3521 0.0000 0.0577
005680 0.5851 0.3578 0.0000 0.0571
005700 0.5828 0.3602 0.0000 0.0570
005720 0.5847 0.3609 0.0000 0.0544
005740 0.5880 0.3590 0.0000 0.0530
005760 0.6011 0.3485 0.0000 0.0504
005780 0.6180 0.3341 0.0000 0.0479
005800 0.6305 0.3211 0.0000 0.0483
005820 0.6325 0.3129 0.0000 0.0546
005840 0.6120 0.3255 0.0000 0.0625
005860 0.5924 0.3480 0.0000 0.0595
005880 0.5806 0.3615 0.0000 0.0579
005900 0.5762 0.3669 0.0000 0.0569
005920 0.5845 0.3616 0.0000 0.0539
005940 0.5987 0.3516 0.0000 0.0497
005960 0.6110 0.3380 0.0000 0.0509
005980 0.6180 0.3291 0.0000 0.0529
006000 0.6114 0.3314 0.0000 0.0572
006020 0.6006 0.3424 0.0000 0.0569
006040 0.5910 0.3504 0.0000 0.0587
006060 0.5850 0.3587 0.0000 0.0563
006080 0.5872 0.3576 0.0000 0.0552
006100 0.5906 0.3552 0.0000 0.0543
006120 0.5952 0.3502 0.0000 0.0547
006140 0.5994 0.3458 0.0000 0.0548
006160 0.5996 0.3451 0.0000 0.0553
006180 0.5995 0.3458 0.0000 0.0547
006200 0.6042 0.3419 0.0000 0.0540
006220 0.6022 0.3410 0.0000 0.0567
006240 0.5998 0.3443 0.0000 0.0560
006260 0.5998 0.3452 0.0000 0.0551
006280 0.5983 0.3475 0.0000 0.0543
006300 0.5956 0.3487 0.0000 0.0558
006320 0.5915 0.3522 0.0000 0.0564
006340 0.5939 0.3517 0.0000 0.0543
006360 0.5928 0.3520 0.0000 0.0552
006380 0.5953 0.3495 0.0000 0.0552
006400 0.5961 0.3484 0.0000 0.0555
006420 0.5980 0.3469 0.0000 0.0551
006440 0.5984 0.3469 0.0000 0.0548
006460 0.6009 0.3451 0.0000 0.0539
006480 0.6019 0.3433 0.0000 0.0548
006500 0.6034 0.3439 0.0000 0.0528
006520 0.6045 0.3397 0.0000 0.0558
006540 0.5979 0.3447 0.0000 0.0574
006560 0.5917 0.3535 0.0000 0.0548
006580 0.5902 0.3547 0.0000 0.0550
006600 0.5940 0.3532 0.0000 0.0528
006620 0.5965 0.3501 0.0000 0.0534
006640 0.6030 0.3435 0.0000 0.0535
006660 0.6052 0.3411 0.0000 0.0537
006680 0.6073 0.3399 0.0000 0.0529
006700 0.6080 0.3395 0.0000 0.0525
006720 0.6107 0.3366 0.0000 0.0527
006740 0.6046 0.3364 0.0000 0.0590
006760 0.5894 0.3488 0.0000 0.0618
006780 0.5774 0.3624 0.0000 0.0602
006800 0.5744 0.3695 0.0000 0.0561
006820 0.5806 0.3666 0.0000 0.0528
006840 0.5941 0.3543 0.0000 0.0516
006860 0.6048 0.3415 0.0000 0.0537
006880 0.6072 0.3364 0.0000 0.0563
006900 0.5972 0.3441 0.0000 0.0587
006920 0.5844 0.3571 0.0000 0.0585
006940 0.5830 0.3627 0.0000 0.0544
006960 0.5889 0.3580 0.0000 0.0532
006980 0.5990 0.3504 0.0000 0.0507
007000 0.6102 0.3395 0.0000 0.0503
007020 0.6137 0.3320 0.0000 0.0542
007040 0.5992 0.3407 0.0000 0.0601
007060 0.5816 0.3576 0.0000 0.0608
007080 0.5709 0.3700 0.0000 0.0591
007100 0.5718 0.3722 0.0000 0.0559
007120 0.5832 0.3646 0.0000 0.0523
007140 0.5951 0.3512 0.0000 0.0537
007160 0.5975 0.3479 0.0000 0.0546
007180 0.6027 0.3440 0.0000 0.0534
007200 0.6054 0.3398 0.0000 0.0548
007220 0.6045 0.3407 0.0000 0.0548
007240 0.5967 0.3453 0.0000 0.0580
007260 0.5922 0.3513 0.0000 0.0565
007280 0.5948 0.3502 0.0000 0.0550
007300 0.5948 0.3501 0.0000 0.0551
007320 0.5941 0.3531 0.0000 0.0528
007340 0.5971 0.3506 0.0000 0.0523
007360 0.6020 0.3445 0.0000 0.0535
007380 0.6044 0.3420 0.0000 0.0537
007400 0.6025 0.3420 0.0000 0.0555
007420 0.5989 0.3448 0.0000 0.0563
007440 0.5927 0.3503 0.0000 0.0570
007460 0.5898 0.3535 0.0000 0.0567
007480 0.5898 0.3554 0.0000 0.0548
007500 0.5972 0.3510 0.0000 0.0518
007520 0.6031 0.3441 0.0000 0.0528
007540 0.6028 0.3424 0.0000 0.0547
007560 0.6035 0.3418 0.0000 0.0547
007580 0.5984 0.3437 0.0000 0.0579
007600 0.5906 0.3507 0.0000 0.0587
007620 0.5874 0.3551 0.0000 0.0575
007640 0.5835 0.3594 0.0000 0.0572
007660 0.5853 0.3597 0.0000 0.0551
007680 0.5931 0.3549 0.0000 0.0520
007700 0.5996 0.3473 0.0000 0.0532
007720 0.6062 0.3424 0.0000 0.0514
007740 0.6104 0.3369 0.0000 0.0527
007760 0.6071 0.3360 0.0000 0.0568
007780 0.5995 0.3436 0.0000 0.0569
007800 0.5984 0.3481 0.0000 0.0536
007820 0.5959 0.3493 0.0000 0.0548
007840 0.5985 0.3477 0.0000 0.0537
007860 0.6065 0.3420 0.0000 0.0515
007880 0.6090 0.3370 0.0000 0.0540
007900 0.6046 0.3393 0.0000 0.0562
007920 0.5916 0.3500 0.0000 0.0583
007940 0.5890 0.3556 0.0000 0.0553
007960 0.5903 0.3538 0.0000 0.0559
007980 0.5975 0.3494 0.0000 0.0531
008000 0.6052 0.3426 0.0000 0.0522
008020 0.6023 0.3412 0.0000 0.0564
008040 0.5968 0.3458 0.0000 0.0573
008060 0.5971 0.3488 0.0000 0.0540
008080 0.5993 0.3463 0.0000 0.0544
008100 0.6020 0.3444 0.0000 0.0536
008120 0.6040 0.3417 0.0000 0.0543
008140 0.6019 0.3424 0.0000 0.0557
008160 0.6049 0.3422 0.0000 0.0529
008180 0.6051 0.3415 0.0000 0.0534
008200 0.6051 0.3414 0.0000 0.0534
008220 0.5987 0.3435 0.0000 0.0578
008240 0.5932 0.3500 0.0000 0.0567
008260 0.5920 0.3520 0.0000 0.0559
008280 0.5967 0.3494 0.0000 0.0539
008300 0.6015 0.3456 0.0000 0.0529
008320 0.6045 0.3444 0.0000 0.0511
008340 0.6083 0.3390 0.0000 0.0527
008360 0.6088 0.3362 0.0000 0.0550
008380 0.6035 0.3408 0.0000 0.0557
008400 0.5986 0.3445 0.0000 0.0569
008420 0.5912 0.3509 0.0000 0.0578
008440 0.5864 0.3575 0.0000 0.0561
008460 0.5866 0.3576 0.0000 0.0558
008480 0.5858 0.3565 0.0000 0.0577
008500 0.5842 0.3603 0.0000 0.0555
008520 0.5911 0.3562 0.0000 0.0527
008540 0.5982 0.3501 0.0000 0.0517
008560 0.6067 0.3408 0.0000 0.0525
008580 0.6104 0.3360 0.0000 0.0536
008600 0.6066 0.3375 0.0000 0.0559
008620 0.5985 0.3452 0.0000 0.0563
008640 0.5946 0.3501 0.0000 0.0553
008660 0.5949 0.3509 0.0000 0.0541
008680 0.6030 0.3446 0.0000 0.0524
008700 0.6055 0.3382 0.0000 0.0563
008720 0.5938 0.3457 0.0000 0.0605
008740 0.5859 0.3567 0.0000 0.0574
008760 0.5901 0.3560 0.0000 0.0539
008780 0.5976 0.3502 0.0000 0.0521
008800 0.6044 0.3423 0.0000 0.0534
008820 0.6104 0.3364 0.0000 0.0533
008840 0.6107 0.3351 0.0000 0.0541
008860 0.6098 0.3339 0.0000 0.0564
008880 0.6038 0.3403 0.0000 0.0559
008900 0.5985 0.3449 0.0000 0.0566
008920 0.5917 0.3509 0.0000 0.0574
008940 0.5954 0.3500 0.0000 0.0546
008960 0.5970 0.3471 0.0000 0.0559
008980 0.5946 0.3503 0.0000 0.0550
009000 0.5945 0.3516 0.0000 0.0538
009020 0.5911 0.3532 0.0000 0.0557
009040 0.5909 0.3529 0.0000 0.0562
009060 0.5993 0.3496 0.0000 0.0511
009080 0.6095 0.3412 0.0000 0.0493
009100 0.6117 0.3351 0.0000 0.0532
009120 0.6128 0.3327 0.0000 0.0545
009140 0.6034 0.3390 0.0000 0.0575
009160 0.5948 0.3486 0.0000 0.0566
009180 0.5906 0.3514 0.0000 0.0580
009200 0.5903 0.3548 0.0000 0.0550
009220 0.6048 0.3472 0.0000 0.0480
009240 0.6191 0.3333 0.0000 0.0476
009260 0.6237 0.3234 0.0000 0.0529
009280 0.6185 0.3263 0.0000 0.0552
009300 0.6107 0.3343 0.0000 0.0550
009320 0.6020 0.3425 0.0000 0.0554
009340 0.5954 0.3490 0.0000 0.0556
009360 0.5904 0.3532 0.0000 0.0564
009380 0.5892 0.3548 0.0000 0.0560
009400 0.5921 0.3536 0.0000 0.0543
009420 0.6010 0.3462 0.0000 0.0528
009440 0.6126 0.3364 0.0000 0.0510
009460 0.6149 0.3324 0.0000 0.0527
009480 0.6146 0.3303 0.0000 0.0551
009500 0.6109 0.3361 0.0000 0.0530
009520 0.6062 0.3401 0.0000 0.0536
009540 0.6025 0.3428 0.0000 0.0547
009560 0.5990 0.3446 0.0000 0.0564
009580 0.5982 0.3468 0.0000 0.0550
009600 0.5953 0.3491 0.0000 0.0556
009620 0.5926 0.3515 0.0000 0.0559
009640 0.5907 0.3546 0.0000 0.0548
009660 0.5973 0.3499 0.0000 0.0529
009680 0.6009 0.3452 0.0000 0.0539
009700 0.5998 0.3454 0.0000 0.0548
009720 0.6017 0.3441 0.0000 0.0542
009740 0.6004 0.3432 0.0000 0.0564
009760 0.5998 0.3461 0.0000 0.0541
009780 0.6010 0.3455 0.0000 0.0535
009800 0.6033 0.3424 0.0000 0.0543
009820 0.5996 0.3442 0.0000 0.0562
009840 0.5943 0.3492 0.0000 0.0565
009860 0.5883 0.3545 0.0000 0.0572
009880 0.5881 0.3584 0.0000 0.0535
009900 0.5962 0.3505 0.0000 0.0533
009920 0.6040 0.3413 0.0000 0.0547
009940 0.6046 0.3414 0.0000 0.0539
009960 0.6059 0.3406 0.0000 0.0534
009980 0.6043 0.3421 0.0000 0.0536
010000 0.6050 0.3394 0.0000 0.0556
010020 0.5983 0.3449 0.0000 0.0568
010040 0.5983 0.3449 0.0000 0.0568
010060 0.5983 0.3449 0.0000 0.0568
010080 0.5983 0.3449 0.0000 0.0568
010100 0.5983 0.3449 0.0000 0.0568
010120 0.5983 0.3449 0.0000 0.0568
010140 0.5983 0.3449 0.0000 0.0568
010160 0.5983 0.3449 0.0000 0.0568
010180 0.5983 0.3449 0.0000 0.0568
010200 0.5983 0.3449 0.0000 0.0568
010220 0.5983 0.3449 0.0000 0.0568
010240 0.5983 0.3449 0.0000 0.0568
010260 0.5983 0.3449 0.0000 0.0568
010280 0.5983 0.3449 0.0000 0.0568
010300 0.5983 0.3449 0.0000 0.0568
010320 0.5983 0.3449 0.0000 0.0568
010340 0.5983 0.3449 0.0000 0.0568
010360 0.5983 0.3449 0.0000 0.0568
010380 0.5983 0.3449 0.0000 0.0568
010400 0.5983 0.3449 0.0000 0.0568
010420 0.5983 0.3449 0.0000 0.0568
010440 0.5983 0.3449 0.0000 0.0568
010460 0.5983 0.3449 0.0000 0.0568
010480 0.5983 0.3449 0.0000 0.0568
010500 0.5983 0.3449 0.0000 0.0568
010520 0.5983 0.3449 0.0000 0.0568
010540 0.5983 0.3449 0.0000 0.0568
010560 0.5983 0.3449 0.0000 0.0568
010580 0.5983 0.3449 0.0000 0.0568
010600 0.5983 0.3449 0.0000 0.0568
010620 0.5983 0.3449 0.0000 0.0568
010640 0.5983 0.3449 0.0000 0.0568
010660 0.5983 0.3449 0.0000 0.0568
010680 0.5983 0.3449 0.0000 0.0568
010700 0.5983 0.3449 0.0000 0.0568
010720 0.5983 0.3449 0.0000 0.0568
010740 0.5983 0.3449 0.0000 0.0568
010760 0.5983 0.3449 0.0000 0.0568
010780 0.5983 0.3449 0.0000 0.0568
010800 0.5983 0.3449 0.0000 0.0568
010820 0.5983 0.3449 0.0000 0.0568
010840 0.5983 0.3449 0.0000 0.0568
010860 0.5983 0.3449 0.0000 0.0568
010880 0.5983 0.3449 0.0000 0.0568
010900 0.5983 0.3449 0.0000 0.0568
010920 0.5983 0.3449 0.0000 0.0568
010940 0.5983 0.3449 0.0000 0.0568
010960 0.5983 0.3449 0.0000 0.0568
010980 0.5983 0.3449 0.0000 0.0568
011000 0.5983 0.3449 0.0000 0.0568
011020 0.5983 0.3449 0.0000 0.0568
011040 0.5983 0.3449 0.0000 0.0568
011060 0.5983 0.3449 0.0000 0.0568
011080 0.5983 0.3449 0.0000 0.0568
011100 0.5983 0.3449 0.0000 0.0568
011120 0.5983 0.3449 0.0000 0.0568
011140 0.5983 0.3449 0.0000 0.0568
011160 0.5983 0.3449 0.0000 0.0568
011180 0.5983 0.3449 0.0000 0.0568
011200 0.5983 0.3449 0.0000 0.0568
011220 0.5983 0.3449 0.0000 0.0568
011240 0.5983 0.3449 0.0000 0.0568
011260 0.5983 0.3449 0.0000 0.0568
011280 0.5983 0.3449 0.0000 0.0568
011300 0.5983 0.3449 0.0000 0.0568
011320 0.5983 0.3449 0.0000 0.0568
011340 0.5983 0.3449 0.0000 0.0568
011360 0.5983 0.3449 0.0000 0.0568
011380 0.5983 0.3449 0.0000 0.0568
011400 0.5983 0.3449 0.0000 0.0568
011420 0.5983 0.3449 0.0000 0.0568
011440 0.5983 0.3449 0.0000 0.0568
011460 0.5983 0.3449 0.0000 0.0568
011480 0.5983 0.3449 0.0000 0.0568
011500 0.5983 0.3449 0.0000 0.0568
011520 0.5983 0.3449 0.0000 0.0568
011540 0.5983 0.3449 0.0000 0.0568
011560 0.5983 0.3449 0.0000 0.0568
011580 0.5983 0.3449 0.0000 0.0568
011600 0.5983 0.3449 0.0000 0.0568
011620 0.5983 0.3449 0.0000 0.0568
011640 0.5983 0.3449 0.0000 0.0568
011660 0.5983 0.3449 0.0000 0.0568
011680 0.5983 0.3449 0.0000 0.0568
011700 0.5983 0.3449 0.0000 0.0568
011720 0.5983 0.3449 0.0000 0.0568
011740 0.5983 0.3449 0.0000 0.0568
011760 0.5983 0.3449 0.0000 0.0568
011780 0.5983 0.3449 0.0000 0.0568
011800 0.5983 0.3449 0.0000 0.0568
011820 0.5983 0.3449 0.0000 0.0568
011840 0.5983 0.3449 0.0000 0.0568
011860 0.5983 0.3449 0.0000 0.0568
011880 0.5983 0.3449 0.0000 0.0568
011900 0.5983 0.3449 0.0000 0.0568
011920 0.5983 0.3449 0.0000 0.0568
011940 0.5983 0.3449 0.0000 0.0568
011960 0.5983 0.3449 0.0000 0.0568
011980 0.5983 0.3449 0.0000 0.0568
012000 0.5983 0.3449 0.0000 0.0568
012020 0.5983 0.3449 0.0000 0.0568
012040 0.5983 0.3449 0.0000 0.0568
012060 0.5983 0.3449 0.0000 0.0568
012080 0.5983 0.3449 0.0000 0.0568
012100 0.5983 0.3449 0.0000 0.0568
012120 0.5983 0.3449 0.0000 0.0568
012140 0.5983 0.3449 0.0000 0.0568
012160 0.5983 0.3449 0.0000 0.0568
012180 0.5983 0.3449 0.0000 0.0568
012200 0.5983 0.3449 0.0000 0.0568
012220 0.5983 0.3449 0.0000 0.0568
012240 0.5983 0.3449 0.0000 0.0568
012260 0.5983 0.3449 0.0000 0.0568
012280 0.5983 0.3449 0.0000 0.0568
012300 0.5983 0.3449 0.0000 0.0568
012320 0.5983 0.3449 0.0000 0.0568
012340 0.5983 0.3449 0.0000 0.0568
012360 0.5983 0.3449 0.0000 0.0568
012380 0.5983 0.3449 0.0000 0.0568
012400 0.5983 0.3449 0.0000 0.0568
012420 0.5983 0.3449 0.0000 0.0568
012440 0.5983 0.3449 0.0000 0.0568
012460 0.5983 0.3449 0.0000 0.0568
012480 0.5983 0.3449 0.0000 0.0568
012500 0.5983 0.3449 0.0000 0.0568
012520 0.5983 0.3449 0.0000 0.0568
012540 0.5983 0.3449 0.0000 0.0568
012560 0.5983 0.3449 0.0000 0.0568
012580 0.5983 0.3449 0.0000 0.0568
012600 0.5983 0.3449 0.0000 0.0568
012620 0.5983 0.3449 0.0000 0.0568
012640 0.5983 0.3449 0.0000 0.0568
012660 0.5983 0.3449 0.0000 0.0568
012680 0.5983 0.3449 0.0000 0.0568
012700 0.5983 0.3449 0.0000 0.0568
012720 0.5983 0.3449 0.0000 0.0568
012740 0.5983 0.3449 0.0000 0.0568
012760 0.5983 0.3449 0.0000 0.0568
012780 0.5983 0.3449 0.0000 0.0568
012800 0.5983 0.3449 0.0000 0.0568
012820 0.5983 0.3449 0.0000 0.0568
012840 0.5983 0.3449 0.0000 0.0568
012860 0.5983 0.3449 0.0000 0.0568
012880 0.5983 0.3449 0.0000 0.0568
012900 0.5983 0.3449 0.0000 0.0568
012920 0.5983 0.3449 0.0000 0.0568
012940 0.5983 0.3449 0.0000 0.0568
012960 0.5983 0.3449 0.0000 0.0568
012980 0.5983 0.3449 0.0000 0.0568
013000 0.5983 0.3449 0.0000 0.0568
013020 0.5983 0.3449 0.0000 0.0568
013040 0.5983 0.3449 0.0000 0.0568
013060 0.5983 0.3449 0.0000 0.0568
013080 0.5983 0.3449 0.0000 0.0568
013100 0.5983 0.3449 0.0000 0.0568
013120 0.5983 0.3449 0.0000 0.0568
013140 0.5983 0.3449 0.0000 0.0568
013160 0.5983 0.3449 0.0000 0.0568
013180 0.5983 0.3449 0.0000 0.0568
013200 0.5983 0.3449 0.0000 0.0568
013220 0.5983 0.3449 0.0000 0.0568
013240 0.5983 0.3449 0.0000 0.0568
013260 0.5983 0.3449 0.0000 0.0568
013280 0.5983 0.3449 0.0000 0.0568
013300 0.5983 0.3449 0.0000 0.0568
013320 0.5983 0.3449 0.0000 0.0568
013340 0.5983 0.3449 0.0000 0.0568
013360 0.5983 0.3449 0.0000 0.0568
013380 0.5983 0.3449 0.0000 0.0568
013400 0.5983 0.3449 0.0000 0.0568
013420 0.5983 0.3449 0.0000 0.0568
013440 0.5983 0.3449 0.0000 0.0568
013460 0.5983 0.3449 0.0000 0.0568
013480 0.5983 0.3449 0.0000 0.0568
013500 0.5983 0.3449 0.0000 0.0568
013520 0.5983 0.3449 0.0000 0.0568
013540 0.5983 0.3449 0.0000 0.0568
013560 0.5983 0.3449 0.0000 0.0568
013580 0.5983 0.3449 0.0000 0.0568
013600 0.5983 0.3449 0.0000 0.0568
013620 0.5983 0.3449 0.0000 0.0568
013640 0.5983 0.3449 0.0000 0.0568
013660 0.5983 0.3449 0.0000 0.0568
013680 0.5983 0.3449 0.0000 0.0568
013700 0.5983 0.3449 0.0000 0.0568
013720 0.5983 0.3449 0.0000 0.0568
013740 0.5983 0.3449 0.0000 0.0568
013760 0.5983 0.3449 0.0000 0.0568
013780 0.5983 0.3449 0.0000 0.0568
013800 0.5983 0.3449 0.0000 0.0568
013820 0.5983 0.3449 0.0000 0.0568
013840 0.5983 0.3449 0.0000 0.0568
013860 0.5983 0.3449 0.0000 0.0568
013880 0.5983 0.3449 0.0000 0.0568
013900 0.5983 0.3449 0.0000 0.0568
013920 0.5983 0.3449 0.0000 0.0568
013940 0.5983 0.3449 0.0000 0.0568
013960 0.5983 0.3449 0.0000 0.0568
013980 0.5983 0.3449 0.0000 0.0568
014000 0.5983 0.3449 0.0000 0.0568
014020 0.5983 0.3449 0.0000 0.0568
014040 0.5983 0.3449 0.0000 0.0568
014060 0.5983 0.3449 0.0000 0.0568
014080 0.5983 0.3449 0.0000 0.0568
014100 0.5983 0.3449 0.0000 0.0568
014120 0.5983 0.3449 0.0000 0.0568
014140 0.5983 0.3449 0.0000 0.0568
014160 0.5983 0.3449 0.0000 0.0568
014180 0.5983 0.3449 0.0000 0.0568
014200 0.5983 0.3449 0.0000 0.0568
014220 0.5983 0.3449 0.0000 0.0568
014240 0.5983 0.3449 0.0000 0.0568
014260 0.5983 0.3449 0.0000 0.0568
014280 0.5983 0.3449 0.0000 0.0568
014300 0.5983 0.3449 0.0000 0.0568
014320 0.5983 0.3449 0.0000 0.0568
014340 0.5983 0.3449 0.0000 0.0568
014360 0.5983 0.3449 0.0000 0.0568
014380 0.5983 0.3449 0.0000 0.0568
014400 0.5983 0.3449 0.0000 0.0568
014420 0.5983 0.3449 0.0000 0.0568
014440 0.5983 0.3449 0.0000 0.0568
014460 0.5983 0.3449 0.0000 0.0568
014480 0.5983 0.3449 0.0000 0.0568
014500 0.5983 0.3449 0.0000 0.0568
014520 0.5983 0.3449 0.0000 0.0568
014540 0.5983 0.3449 0.0000 0.0568
014560 0.5983 0.3449 0.0000 0.0568
014580 0.5983 0.3449 0.0000 0.0568
014600 0.5983 0.3449 0.0000 0.0568
014620 0.5983 0.3449 0.0000 0.0568
014640 0.5983 0.3449 0.0000 0.0568
014660 0.5983 0.3449 0.0000 0.0568
014680 0.5983 0.3449 0.0000 0.0568
014700 0.5983 0.3449 0.0000 0.0568
014720 0.5983 0.3449 0.0000 0.0568
014740 0.5983 0.3449 0.0000 0.0568
014760 0.5983 0.3449 0.0000 0.0568
014780 0.5983 0.3449 0.0000 0.0568
014800 0.5983 0.3449 0.0000 0.0568
014820 0.5983 0.3449 0.0000 0.0568
014840 0.5983 0.3449 0.0000 0.0568
014860 0.5983 0.3449 0.0000 0.0568
014880 0.5983 0.3449 0.0000 0.0568
014900 0.5983 0.3449 0.0000 0.0568
014920 0.5983 0.3449 0.0000 0.0568
014940 0.5983 0.3449 0.0000 0.0568
014960 0.5983 0.3449 0.0000 0.0568
014980 0.5983 0.3449 0.0000 0.0568
015000 0.5983 0.3449 0.0000 0.0568
015020 0.5983 0.3449 0.0000 0.0568
015040 0.5983 0.3449 0.0000 0.0568
015060 0.5983 0.3449 0.0000 0.0568
015080 0.5983 0.3449 0.0000 0.0568
015100 0.5983 0.3449 0.0000 0.0568
015120 0.5983 0.3449 0.0000 0.0568
015140 0.5983 0.3449 0.0000 0.0568
015160 0.5983 0.3449 0.0000 0.0568
015180 0.5983 0.3449 0.0000 0.0568
015200 0.5983 0.3449 0.0000 0.0568
015220 0.5983 0.3449 0.0000 0.0568
015240 0.5983 0.3449 0.0000 0.0568
015260 0.5983 0.3449 0.0000 0.0568
015280 0.5983 0.3449 0.0000 0.0568
015300 0.5983 0.3449 0.0000 0.0568
015320 0.5983 0.3449 0.0000 0.0568
015340 0.5983 0.3449 0.0000 0.0568
015360 0.5983 0.3449 0.0000 0.0568
015380 0.5983 0.3449 0.0000 0.0568
015400 0.5983 0.3449 0.0000 0.0568
015420 0.5983 0.3449 0.0000 0.0568
015440 0.5983 0.3449 0.0000 0.0568
015460 0.5983 0.3449 0.0000 0.0568
015480 0.5983 0.3449 0.0000 0.0568
015500 0.5983 0.3449 0.0000 0.0568
015520 0.5983 0.3449 0.0000 0.0568
015540 0.5983 0.3449 0.0000 0.0568
015560 0.5983 0.3449 0.0000 0.0568
015580 0.5983 0.3449 0.0000 0.0568
015600 0.5983 0.3449 0.0000 0.0568
015620 0.5983 0.3449 0.0000 0.0568
015640 0.5983 0.3449 0.0000 0.0568
015660 0.5983 0.3449 0.0000 0.0568
015680 0.5983 0.3449 0.0000 0.0568
015700 0.5983 0.3449 0.0000 0.0568
015720 0.5983 0.3449 0.0000 0.0568
015740 0.5983 0.3449 0.0000 0.0568
015760 0.5983 0.3449 0.0000 0.0568
015780 0.5983 0.3449 0.0000 0.0568
015800 0.5983 0.3449 0.0000 0.0568
015820 0.5983 0.3449 0.0000 0.0568
015840 0.5983 0.3449 0.0000 0.0568
015860 0.5983 0.3449 0.0000 0.0568
015880 0.5983 0.3449 0.0000 0.0568
015900 0.5983 0.3449 0.0000 0.0568
015920 0.5983 0.3449 0.0000 0.0568
015940 0.5983 0.3449 0.0000 0.0568
015960 0.5983 0.3449 0.0000 0.0568
015980 0.5983 0.3449 0.0000 0.0568
016000 0.5983 0.3449 0.0000 0.0568
016020 0.5983 0.3449 0.0000 0.0568
016040 0.5983 0.3449 0.0000 0.0568
016060 0.5983 0.3449 0.0000 0.0568
016080 0.5983 0.3449 0.0000 0.0568
016100 0.5983 0.3449 0.0000 0.0568
016120 0.5983 0.3449 0.0000 0.0568
016140 0.5983 0.3449 0.0000 0.0568
016160 0.5983 0.3449 0.0000 0.0568
016180 0.5983 0.3449 0.0000 0.0568
016200 0.5983 0.3449 0.0000 0.0568
016220 0.5983 0.3449 0.0000 0.0568
016240 0.5983 0.3449 0.0000 0.0568
016260 0.5983 0.3449 0.0000 0.0568
016280 0.5983 0.3449 0.0000 0.0568
016300 0.5983 0.3449 0.0000 0.0568
016320 0.5983 0.3449 0.0000 0.0568
016340 0.5983 0.3449 0.0000 0.0568
016360 0.5983 0.3449 0.0000 0.0568
016380 0.5983 0.3449 0.0000 0.0568
016400 0.5983 0.3449 0.0000 0.0568
016420 0.5983 0.3449 0.0000 0.0568
016440 0.5983 0.3449 0.0000 0.0568
016460 0.5983 0.3449 0.0000 0.0568
016480 0.5983 0.3449 0.0000 0.0568
016500 0.5983 0.3449 0.0000 0.0568
016520 0.5983 0.3449 0.0000 0.0568
016540 0.5983 0.3449 0.0000 0.0568
016560 0.5983 0.3449 0.0000 0.0568
016580 0.5983 0.3449 0.0000 0.0568
016600 0.5983 0.3449 0.0000 0.0568
016620 0.5983 0.3449 0.0000 0.0568
016640 0.5983 0.3449 0.0000 0.0568
016660 0.5983 0.3449 0.0000 0.0568
016680 0.5983 0.3449 0.0000 0.0568
016700 0.5983 0.3449 0.0000 0.0568
016720 0.5983 0.3449 0.0000 0.0568
016740 0.5983 0.3449 0.0000 0.0568
016760 0.5983 0.3449 0.0000 0.0568
016780 0.5983 0.3449 0.0000 0.0568
016800 0.5983 0.3449 0.0000 0.0568
016820 0.5983 0.3449 0.0000 0.0568
016840 0.5983 0.3449 0.0000 0.0568
016860 0.5983 0.3449 0.0000 0.0568
016880 0.5983 0.3449 0.0000 0.0568
016900 0.5983 0.3449 0.0000 0.0568
016920 0.5983 0.3449 0.0000 0.0568
016940 0.5983 0.3449 0.0000 0.0568
016960 0.5983 0.3449 0.0000 0.0568
016980 0.5983 0.3449 0.0000 0.0568
017000 0.5983 0.3449 0.0000 0.0568
017020 0.5983 0.3449 0.0000 0.0568
017040 0.5983 0.3449 0.0000 0.0568
017060 0.5983 0.3449 0.0000 0.0568
017080 0.5983 0.3449 0.0000 0.0568
017100 0.5983 0.3449 0.0000 0.0568
017120 0.5983 0.3449 0.0000 0.0568
017140 0.5983 0.3449 0.0000 0.0568
017160 0.5983 0.3449 0.0000 0.0568
017180 0.5983 0.3449 0.0000 0.0568
017200 0.5983 0.3449 0.0000 0.0568
017220 0.5983 0.3449 0.0000 0.0568
017240 0.5983 0.3449 0.0000 0.0568
017260 0.5983 0.3449 0.0000 0.0568
017280 0.5983 0.3449 0.0000 0.0568
017300 0.5983 0.3449 0.0000 0.0568
017320 0.5983 0.3449 0.0000 0.0568
017340 0.5983 0.3449 0.0000 0.0568
017360 0.5983 0.3449 0.0000 0.0568
017380 0.5983 0.3449 0.0000 0.0568
017400 0.5983 0.3449 0.0000 0.0568
017420 0.5983 0.3449 0.0000 0.0568
017440 0.5983 0.3449 0.0000 0.0568
017460 0.5983 0.3449 0.0000 0.0568
017480 0.5983 0.3449 0.0000 0.0568
017500 0.5983 0.3449 0.0000 0.0568
017520 0.5983 0.3449 0.0000 0.0568
017540 0.5983 0.3449 0.0000 0.0568
017560 0.5983 0.3449 0.0000 0.0568
017580 0.5983 0.3449 0.0000 0.0568
017600 0.5983 0.3449 0.0000 0.0568
017620 0.5983 0.3449 0.0000 0.0568
017640 0.5983 0.3449 0.0000 0.0568
017660 0.5983 0.3449 0.0000 0.0568
017680 0.5983 0.3449 0.0000 0.0568
017700 0.5983 0.3449 0.0000 0.0568
017720 0.5983 0.3449 0.0000 0.0568
017740 0.5983 0.3449 0.0000 0.0568
017760 0.5983 0.3449 0.0000 0.0568
017780 0.5983 0.3449 0.0000 0.0568
017800 0.5983 0.3449 0.0000 0.0568
017820 0.5983 0.3449 0.0000 0.0568
017840 0.5983 0.3449 0.0000 0.0568
017860 0.5983 0.3449 0.0000 0.0568
017880 0.5983 0.3449 0.0000 0.0568
017900 0.5983 0.3449 0.0000 0.0568
017920 0.5983 0.3449 0.0000 0.0568
017940 0.5983 0.3449 0.0000 0.0568
017960 0.5983 0.3449 0.0000 0.0568
017980 0.5983 0.3449 0.0000 0.0568
018000 0.5983 0.3449 0.0000 0.0568
018020 0.5983 0.3449 0.0000 0.0568
018040 0.5983 0.3449 0.0000 0.0568
018060 0.5983 0.3449 0.0000 0.0568
018080 0.5983 0.3449 0.0000 0.0568
018100 0.5983 0.3449 0.0000 0.0568
018120 0.5983 0.3449 0.0000 0.0568
018140 0.5983 0.3449 0.0000 0.0568
018160 0.5983 0.3449 0.0000 0.0568
018180 0.5983 0.3449 0.0000 0.0568
018200 0.5983 0.3449 0.0000 0.0568
018220 0.5983 0.3449 0.0000 0.0568
018240 0.5983 0.3449 0.0000 0.0568
018260 0.5983 0.3449 0.0000 0.0568
018280 0.5983 0.3449 0.0000 0.0568
018300 0.5983 0.3449 0.0000 0.0568
018320 0.5983 0.3449 0.0000 0.0568
018340 0.5983 0.3449 0.0000 0.0568
018360 0.5983 0.3449 0.0000 0.0568
018380 0.5983 0.3449 0.0000 0.0568
018400 0.5983 0.3449 0.0000 0.0568
018420 0.5983 0.3449 0.0000 0.0568
018440 0.5983 0.3449 0.0000 0.0568
018460 0.5983 0.3449 0.0000 0.0568
018480 0.5983 0.3449 0.0000 0.0568
018500 0.5983 0.3449 0.0000 0.0568
018520 0.5983 0.3449 0.0000 0.0568
018540 0.5983 0.3449 0.0000 0.0568
018560 0.5983 0.3449 0.0000 0.0568
018580 0.5983 0.3449 0.0000 0.0568
018600 0.5983 0.3449 0.0000 0.0568
018620 0.5983 0.3449 0.0000 0.0568
018640 0.5983 0.3449 0.0000 0.0568
018660 0.5983 0.3449 0.0000 0.0568
018680 0.5983 0.3449 0.0000 0.0568
018700 0.5983 0.3449 0.0000 0.0568
018720 0.5983 0.3449 0.0000 0.0568
018740 0.5983 0.3449 0.0000 0.0568
018760 0.5983 0.3449 0.0000 0.0568
018780 0.5983 0.3449 0.0000 0.0568
018800 0.5983 0.3449 0.0000 0.0568
018820 0.5983 0.3449 0.0000 0.0568
018840 0.5983 0.3449 0.0000 0.0568
018860 0.5983 0.3449 0.0000 0.0568
018880 0.5983 0.3449 0.0000 0.0568
018900 0.5983 0.3449 0.0000 0.0568
018920 0.5983 0.3449 0.0000 0.0568
018940 0.5983 0.3449 0.0000 0.0568
018960 0.5983 0.3449 0.0000 0.0568
018980 0.5983 0.3449 0.0000 0.0568
019000 0.5983 0.3449 0.0000 0.0568
019020 0.5983 0.3449 0.0000 0.0568
019040 0.5983 0.3449 0.0000 0.0568
019060 0.5983 0.3449 0.0000 0.0568
019080 0.5983 0.3449 0.0000 0.0568
019100 0.5983 0.3449 0.0000 0.0568
019120 0.5983 0.3449 0.0000 0.0568
019140 0.5983 0.3449 0.0000 0.0568
019160 0.5983 0.3449 0.0000 0.0568
019180 0.5983 0.3449 0.0000 0.0568
019200 0.5983 0.3449 0.0000 0.0568
019220 0.5983 0.3449 0.0000 0.0568
019240 0.5983 0.3449 0.0000 0.0568
019260 0.5983 0.3449 0.0000 0.0568
019280 0.5983 0.3449 0.0000 0.0568
019300 0.5983 0.3449 0.0000 0.0568
019320 0.5983 0.3449 0.0000 0.0568
019340 0.5983 0.3449 0.0000 0.0568
019360 0.5983 0.3449 0.0000 0.0568
019380 0.5983 0.3449 0.0000 0.0568
019400 0.5983 0.3449 0.0000 0.0568
019420 0.5983 0.3449 0.0000 0.0568
019440 0.5983 0.3449 0.0000 0.0568
019460 0.5983 0.3449 0.0000 0.0568
019480 0.5983 0.3449 0.0000 0.0568
019500 0.5983 0.3449 0.0000 0.0568
019520 0.5983 0.3449 0.0000 0.0568
019540 0.5983 0.3449 0.0000 0.0568
019560 0.5983 0.3449 0.0000 0.0568
019580 0.5983 0.3449 0.0000 0.0568
019600 0.5983 0.3449 0.0000 0.0568
019620 0.5983 0.3449 0.0000 0.0568
019640 0.5983 0.3449 0.0000 0.0568
019660 0.5983 0.3449 0.0000 0.0568
019680 0.5983 0.3449 0.0000 0.0568
019700 0.5983 0.3449 0.0000 0.0568
019720 0.5983 0.3449 0.0000 0.0568
019740 0.5983 0.3449 0.0000 0.0568
019760 0.5983 0.3449 0.0000 0.0568
019780 0.5983 0.3449 0.0000 0.0568
019800 0.5983 0.3449 0.0000 0.0568
019820 0.5983 0.3449 0.0000 0.0568
019840 0.5983 0.3449 0.0000 0.0568
019860 0.5983 0.3449 0.0000 0.0568
019880 0.5983 0.3449 0.0000 0.0568
019900 0.5983 0.3449 0.0000 0.0568
019920 0.5983 0.3449 0.0000 0.0568
019940 0.5983 0.3449 0.0000 0.0568
019960 0.5983 0.3449 0.0000 0.0568
019980 0.5983 0.3449 0.0000 0.0568
020000 0.5983 0.3449 0.0000 0.0568
