000000 0.2500 0.2500 0.2500 0.2500
000020 0.2596 0.2594 0.2301 0.2509
000040 0.2700 0.2702 0.2087 0.2510
000060 0.2802 0.2811 0.1873 0.2513
000080 0.2895 0.2925 0.1671 0.2509
000100 0.2981 0.3050 0.1476 0.2494
000120 0.3054 0.3183 0.1300 0.2463
000140 0.3107 0.3328 0.1136 0.2429
000160 0.3159 0.3473 0.0979 0.2389
000180 0.3202 0.3626 0.0833 0.2338
000200 0.3233 0.3785 0.0698 0.2284
000220 0.3245 0.3969 0.0572 0.2214
000240 0.3239 0.4164 0.0461 0.2136
000260 0.3219 0.4368 0.0360 0.2053
000280 0.3184 0.4581 0.0274 0.1961
000300 0.3125 0.4811 0.0199 0.1865
000320 0.3054 0.5047 0.0137 0.1762
000340 0.2981 0.5288 0.0080 0.1650
000360 0.2908 0.5527 0.0041 0.1524
000380 0.2821 0.5776 0.0015 0.1388
000400 0.2724 0.6034 0.0001 0.1240
000420 0.2609 0.6300 0.0000 0.1092
000440 0.2506 0.6573 0.0000 0.0920
000460 0.2444 0.6797 0.0000 0.0759
000480 0.2397 0.6961 0.0000 0.0642
000500 0.2368 0.7105 0.0000 0.0527
000520 0.2359 0.7214 0.0000 0.0427
000540 0.2390 0.7265 0.0000 0.0345
000560 0.2431 0.7285 0.0000 0.0284
000580 0.2497 0.7280 0.0000 0.0223
000600 0.2594 0.7241 0.0000 0.0166
000620 0.2720 0.7151 0.0000 0.0129
000640 0.2826 0.7061 0.0000 0.0113
000660 0.2939 0.6954 0.0000 0.0108
000680 0.3022 0.6851 0.0000 0.0127
000700 0.3074 0.6789 0.0000 0.0137
000720 0.3124 0.6737 0.0000 0.0139
000740 0.3140 0.6714 0.0000 0.0146
000760 0.3153 0.6694 0.0000 0.0153
000780 0.3174 0.6665 0.0000 0.0162
000800 0.3190 0.6638 0.0000 0.0172
000820 0.3194 0.6620 0.0000 0.0186
000840 0.3188 0.6623 0.0000 0.0190
000860 0.3235 0.6580 0.0000 0.0184
000880 0.3286 0.6530 0.0000 0.0184
000900 0.3332 0.6486 0.0000 0.0182
000920 0.3384 0.6427 0.0000 0.0189
000940 0.3438 0.6380 0.0000 0.0182
000960 0.3507 0.6314 0.0000 0.0179
000980 0.3568 0.6249 0.0000 0.0183
001000 0.3658 0.6155 0.0000 0.0187
001020 0.3727 0.6076 0.0000 0.0197
001040 0.3780 0.6014 0.0000 0.0207
001060 0.3838 0.5942 0.0000 0.0220
001080 0.3868 0.5913 0.0000 0.0218
001100 0.3890 0.5875 0.0000 0.0235
001120 0.3915 0.5851 0.0000 0.0234
001140 0.3943 0.5818 0.0000 0.0239
001160 0.3999 0.5769 0.0000 0.0233
001180 0.4076 0.5709 0.0000 0.0215
001200 0.4183 0.5599 0.0000 0.0218
001220 0.4270 0.5512 0.0000 0.0219
001240 0.4382 0.5400 0.0000 0.0218
001260 0.4492 0.5292 0.0000 0.0216
001280 0.4595 0.5173 0.0000 0.0231
001300 0.4649 0.5095 0.0000 0.0256
001320 0.4672 0.5081 0.0000 0.0247
001340 0.4722 0.5027 0.0000 0.0251
001360 0.4813 0.4947 0.0000 0.0240
001380 0.4885 0.4860 0.0000 0.0255
001400 0.4931 0.4791 0.0000 0.0278
001420 0.4935 0.4777 0.0000 0.0289
001440 0.4925 0.4774 0.0000 0.0301
001460 0.4937 0.4786 0.0000 0.0276
001480 0.4987 0.4731 0.0000 0.0281
001500 0.5099 0.4633 0.0000 0.0269
001520 0.5239 0.4508 0.0000 0.0254
001540 0.5401 0.4333 0.0000 0.0267
001560 0.5475 0.4242 0.0000 0.0283
001580 0.5523 0.4186 0.0000 0.0291
001600 0.5571 0.4126 0.0000 0.0303
001620 0.5613 0.4070 0.0000 0.0317
001640 0.5685 0.3999 0.0000 0.0317
001660 0.5725 0.3959 0.0000 0.0315
001680 0.5714 0.3959 0.0000 0.0327
001700 0.5698 0.3961 0.0000 0.0341
001720 0.5679 0.3982 0.0000 0.0339
001740 0.5681 0.3984 0.0000 0.0335
001760 0.5710 0.3971 0.0000 0.0319
001780 0.5805 0.3898 0.0000 0.0297
001800 0.5902 0.3797 0.0000 0.0301
001820 0.6028 0.3666 0.0000 0.0305
001840 0.6127 0.3576 0.0000 0.0296
001860 0.6183 0.3496 0.0000 0.0321
001880 0.6185 0.3478 0.0000 0.0337
001900 0.6112 0.3538 0.0000 0.0350
001920 0.6035 0.3602 0.0000 0.0364
001940 0.5961 0.3674 0.0000 0.0366
001960 0.5963 0.3696 0.0000 0.0341
001980 0.5984 0.3675 0.0000 0.0340
002000 0.6029 0.3627 0.0000 0.0344
002020 0.6070 0.3595 0.0000 0.0334
002040 0.6132 0.3543 0.0000 0.0325
002060 0.6154 0.3498 0.0000 0.0348
002080 0.6139 0.3511 0.0000 0.0349
002100 0.6165 0.3504 0.0000 0.0332
002120 0.6178 0.3486 0.0000 0.0336
002140 0.6199 0.3455 0.0000 0.0346
002160 0.6167 0.3478 0.0000 0.0355
002180 0.6130 0.3517 0.0000 0.0353
002200 0.6085 0.3548 0.0000 0.0367
002220 0.5967 0.3642 0.0000 0.0391
002240 0.5853 0.3750 0.0000 0.0397
002260 0.5758 0.3855 0.0000 0.0386
002280 0.5768 0.3877 0.0000 0.0355
002300 0.5840 0.3812 0.0000 0.0349
002320 0.5954 0.3720 0.0000 0.0326
002340 0.6104 0.3592 0.0000 0.0303
002360 0.6267 0.3433 0.0000 0.0300
002380 0.6397 0.3296 0.0000 0.0307
002400 0.6464 0.3217 0.0000 0.0319
002420 0.6435 0.3221 0.0000 0.0345
002440 0.6336 0.3306 0.0000 0.0357
002460 0.6171 0.3431 0.0000 0.0398
002480 0.5985 0.3585 0.0000 0.0430
002500 0.5843 0.3729 0.0000 0.0428
002520 0.5716 0.3869 0.0000 0.0416
002540 0.5648 0.3964 0.0000 0.0388
002560 0.5668 0.3978 0.0000 0.0354
002580 0.5761 0.3892 0.0000 0.0346
002600 0.5889 0.3781 0.0000 0.0330
002620 0.6054 0.3647 0.0000 0.0299
002640 0.6209 0.3483 0.0000 0.0308
002660 0.6302 0.3388 0.0000 0.0310
002680 0.6352 0.3315 0.0000 0.0334
002700 0.6297 0.3342 0.0000 0.0361
002720 0.6198 0.3422 0.0000 0.0380
002740 0.6072 0.3534 0.0000 0.0394
002760 0.5969 0.3640 0.0000 0.0391
002780 0.5928 0.3691 0.0000 0.0381
002800 0.5885 0.3746 0.0000 0.0368
002820 0.5882 0.3753 0.0000 0.0365
002840 0.5921 0.3735 0.0000 0.0344
002860 0.6037 0.3648 0.0000 0.0316
002880 0.6196 0.3504 0.0000 0.0300
002900 0.6306 0.3376 0.0000 0.0318
002920 0.6353 0.3315 0.0000 0.0332
002940 0.6353 0.3308 0.0000 0.0339
002960 0.6303 0.3343 0.0000 0.0354
002980 0.6220 0.3418 0.0000 0.0362
003000 0.6134 0.3506 0.0000 0.0360
003020 0.6062 0.3574 0.0000 0.0364
003040 0.6046 0.3602 0.0000 0.0352
003060 0.6066 0.3571 0.0000 0.0363
003080 0.6107 0.3549 0.0000 0.0344
003100 0.6193 0.3481 0.0000 0.0326
003120 0.6192 0.3437 0.0000 0.0371
003140 0.6131 0.3490 0.0000 0.0379
003160 0.6076 0.3562 0.0000 0.0362
003180 0.6052 0.3585 0.0000 0.0363
003200 0.6010 0.3618 0.0000 0.0372
003220 0.5968 0.3665 0.0000 0.0366
003240 0.5980 0.3668 0.0000 0.0352
003260 0.5993 0.3661 0.0000 0.0346
003280 0.6009 0.3652 0.0000 0.0339
003300 0.6054 0.3611 0.0000 0.0335
003320 0.6067 0.3579 0.0000 0.0354
003340 0.6067 0.3574 0.0000 0.0360
003360 0.6056 0.3587 0.0000 0.0357
003380 0.6012 0.3620 0.0000 0.0368
003400 0.5982 0.3661 0.0000 0.0357
003420 0.5963 0.3671 0.0000 0.0366
003440 0.5980 0.3685 0.0000 0.0336
003460 0.6057 0.3620 0.0000 0.0324
003480 0.6107 0.3553 0.0000 0.0340
003500 0.6166 0.3505 0.0000 0.0329
003520 0.6216 0.3450 0.0000 0.0334
003540 0.6228 0.3434 0.0000 0.0338
003560 0.6264 0.3406 0.0000 0.0330
003580 0.6293 0.3381 0.0000 0.0326
003600 0.6259 0.3385 0.0000 0.0356
003620 0.6205 0.3430 0.0000 0.0364
003640 0.6076 0.3535 0.0000 0.0388
003660 0.5940 0.3664 0.0000 0.0396
003680 0.5864 0.3732 0.0000 0.0404
003700 0.5848 0.3793 0.0000 0.0358
003720 0.5894 0.3764 0.0000 0.0343
003740 0.5924 0.3737 0.0000 0.0339
003760 0.5975 0.3679 0.0000 0.0347
003780 0.5995 0.3646 0.0000 0.0360
003800 0.5999 0.3648 0.0000 0.0353
003820 0.6062 0.3616 0.0000 0.0322
003840 0.6081 0.3578 0.0000 0.0341
003860 0.6107 0.3545 0.0000 0.0348
003880 0.6186 0.3494 0.0000 0.0320
003900 0.6266 0.3406 0.0000 0.0328
003920 0.6286 0.3377 0.0000 0.0337
003940 0.6247 0.3402 0.0000 0.0351
003960 0.6176 0.3450 0.0000 0.0374
003980 0.6090 0.3534 0.0000 0.0376
004000 0.5993 0.3628 0.0000 0.0378
004020 0.5898 0.3702 0.0000 0.0401
004040 0.5861 0.3763 0.0000 0.0376
004060 0.5845 0.3790 0.0000 0.0365
004080 0.5876 0.3773 0.0000 0.0351
004100 0.5980 0.3705 0.0000 0.0315
004120 0.6115 0.3577 0.0000 0.0308
004140 0.6241 0.3433 0.0000 0.0326
004160 0.6276 0.3383 0.0000 0.0341
004180 0.6240 0.3413 0.0000 0.0347
004200 0.6190 0.3455 0.0000 0.0355
004220 0.6146 0.3483 0.0000 0.0371
004240 0.6089 0.3550 0.0000 0.0361
004260 0.6006 0.3611 0.0000 0.0383
004280 0.5879 0.3709 0.0000 0.0412
004300 0.5766 0.3811 0.0000 0.0423
004320 0.5713 0.3905 0.0000 0.0382
004340 0.5763 0.3882 0.0000 0.0354
004360 0.5845 0.3821 0.0000 0.0334
004380 0.5935 0.3736 0.0000 0.0329
004400 0.6076 0.3631 0.0000 0.0294
004420 0.6233 0.3469 0.0000 0.0298
004440 0.6336 0.3343 0.0000 0.0321
004460 0.6342 0.3318 0.0000 0.0340
004480 0.6299 0.3338 0.0000 0.0363
004500 0.6238 0.3402 0.0000 0.0360
004520 0.6211 0.3433 0.0000 0.0355
004540 0.6167 0.3468 0.0000 0.0365
004560 0.6118 0.3509 0.0000 0.0373
004580 0.6023 0.3581 0.0000 0.0395
004600 0.5929 0.3673 0.0000 0.0398
004620 0.5888 0.3735 0.0000 0.0377
004640 0.5882 0.3763 0.0000 0.0356
004660 0.5913 0.3738 0.0000 0.0349
004680 0.5977 0.3694 0.0000 0.0328
004700 0.6071 0.3606 0.0000 0.0323
004720 0.6106 0.3551 0.0000 0.0342
004740 0.6112 0.3528 0.0000 0.0361
004760 0.6095 0.3545 0.0000 0.0359
004780 0.6078 0.3567 0.0000 0.0354
004800 0.6077 0.3593 0.0000 0.0330
004820 0.6096 0.3560 0.0000 0.0344
004840 0.6101 0.3541 0.0000 0.0358
004860 0.6062 0.3566 0.0000 0.0371
004880 0.6036 0.3591 0.0000 0.0373
004900 0.6048 0.3609 0.0000 0.0343
004920 0.6124 0.3551 0.0000 0.0325
004940 0.6211 0.3464 0.0000 0.0325
004960 0.6270 0.3408 0.0000 0.0322
004980 0.6288 0.3367 0.0000 0.0345
005000 0.6227 0.3407 0.0000 0.0366
005020 0.6185 0.3462 0.0000 0.0353
005040 0.6173 0.3474 0.0000 0.0354
005060 0.6125 0.3521 0.0000 0.0354
005080 0.6083 0.3555 0.0000 0.0362
005100 0.6060 0.3572 0.0000 0.0368
005120 0.5995 0.3603 0.0000 0.0402
005140 0.5928 0.3686 0.0000 0.0386
005160 0.5904 0.3725 0.0000 0.0371
005180 0.5975 0.3690 0.0000 0.0336
005200 0.6092 0.3599 0.0000 0.0309
005220 0.6209 0.3491 0.0000 0.0300
005240 0.6273 0.3404 0.0000 0.0324
005260 0.6282 0.3386 0.0000 0.0332
005280 0.6266 0.3390 0.0000 0.0344
005300 0.6213 0.3425 0.0000 0.0362
005320 0.6127 0.3496 0.0000 0.0377
005340 0.6054 0.3570 0.0000 0.0376
005360 0.6002 0.3630 0.0000 0.0368
005380 0.5957 0.3663 0.0000 0.0380
005400 0.5912 0.3714 0.0000 0.0374
005420 0.5895 0.3734 0.0000 0.0371
005440 0.5886 0.3752 0.0000 0.0362
005460 0.5897 0.3747 0.0000 0.0356
005480 0.5948 0.3723 0.0000 0.0329
005500 0.6018 0.3664 0.0000 0.0318
005520 0.6103 0.3585 0.0000 0.0313
005540 0.6157 0.3508 0.0000 0.0335
005560 0.6171 0.3467 0.0000 0.0362
005580 0.6157 0.3480 0.0000 0.0364
005600 0.6149 0.3493 0.0000 0.0359
005620 0.6120 0.3517 0.0000 0.0364
005640 0.6109 0.3533 0.0000 0.0358
005660 0.6062 0.3576 0.0000 0.0361
005680 0.6028 0.3605 0.0000 0.0367
005700 0.5963 0.3662 0.0000 0.0374
005720 0.5924 0.3700 0.0000 0.0376
005740 0.5905 0.3746 0.0000 0.0350
005760 0.5956 0.3715 0.0000 0.0330
005780 0.6048 0.3630 0.0000 0.0322
005800 0.6123 0.3560 0.0000 0.0318
005820 0.6176 0.3498 0.0000 0.0326
005840 0.6225 0.3438 0.0000 0.0338
005860 0.6212 0.3434 0.0000 0.0354
005880 0.6187 0.3458 0.0000 0.0355
005900 0.6207 0.3457 0.0000 0.0336
005920 0.6187 0.3467 0.0000 0.0346
005940 0.6159 0.3483 0.0000 0.0358
005960 0.6117 0.3502 0.0000 0.0381
005980 0.6052 0.3576 0.0000 0.0373
006000 0.6006 0.3622 0.0000 0.0372
006020 0.5967 0.3666 0.0000 0.0367
006040 0.5932 0.3695 0.0000 0.0373
006060 0.5895 0.3747 0.0000 0.0357
006080 0.5941 0.3700 0.0000 0.0359
006100 0.6022 0.3642 0.0000 0.0336
006120 0.6127 0.3568 0.0000 0.0304
006140 0.6212 0.3476 0.0000 0.0312
006160 0.6267 0.3401 0.0000 0.0332
006180 0.6299 0.3379 0.0000 0.0322
006200 0.6305 0.3347 0.0000 0.0348
006220 0.6304 0.3342 0.0000 0.0354
006240 0.6221 0.3394 0.0000 0.0385
006260 0.6121 0.3488 0.0000 0.0392
006280 0.6014 0.3604 0.0000 0.0382
006300 0.5928 0.3694 0.0000 0.0378
006320 0.5840 0.3772 0.0000 0.0388
006340 0.5824 0.3804 0.0000 0.0371
006360 0.5839 0.3800 0.0000 0.0361
006380 0.5981 0.3699 0.0000 0.0321
006400 0.6087 0.3593 0.0000 0.0320
006420 0.6175 0.3503 0.0000 0.0321
006440 0.6242 0.3439 0.0000 0.0319
006460 0.6258 0.3395 0.0000 0.0347
006480 0.6177 0.3454 0.0000 0.0369
006500 0.6105 0.3530 0.0000 0.0365
006520 0.6042 0.3590 0.0000 0.0368
006540 0.5984 0.3643 0.0000 0.0373
006560 0.5956 0.3677 0.0000 0.0367
006580 0.6011 0.3668 0.0000 0.0321
006600 0.6115 0.3564 0.0000 0.0321
006620 0.6177 0.3487 0.0000 0.0336
006640 0.6175 0.3462 0.0000 0.0364
006660 0.6105 0.3519 0.0000 0.0375
006680 0.6040 0.3589 0.0000 0.0371
006700 0.6016 0.3624 0.0000 0.0360
006720 0.6041 0.3622 0.0000 0.0337
006740 0.6038 0.3590 0.0000 0.0372
006760 0.6014 0.3617 0.0000 0.0368
006780 0.6005 0.3639 0.0000 0.0356
006800 0.6029 0.3619 0.0000 0.0351
006820 0.6071 0.3604 0.0000 0.0325
006840 0.6164 0.3504 0.0000 0.0332
006860 0.6204 0.3456 0.0000 0.0341
006880 0.6229 0.3429 0.0000 0.0341
006900 0.6217 0.3447 0.0000 0.0337
006920 0.6168 0.3463 0.0000 0.0368
006940 0.6103 0.3528 0.0000 0.0369
006960 0.6017 0.3590 0.0000 0.0394
006980 0.5952 0.3668 0.0000 0.0380
007000 0.5937 0.3701 0.0000 0.0362
007020 0.5897 0.3728 0.0000 0.0375
007040 0.5920 0.3740 0.0000 0.0340
007060 0.5982 0.3680 0.0000 0.0338
007080 0.6046 0.3610 0.0000 0.0344
007100 0.6102 0.3559 0.0000 0.0339
007120 0.6096 0.3539 0.0000 0.0365
007140 0.6109 0.3538 0.0000 0.0353
007160 0.6122 0.3537 0.0000 0.0341
007180 0.6189 0.3487 0.0000 0.0324
007200 0.6216 0.3444 0.0000 0.0340
007220 0.6204 0.3446 0.0000 0.0350
007240 0.6186 0.3459 0.0000 0.0356
007260 0.6119 0.3513 0.0000 0.0368
007280 0.6069 0.3569 0.0000 0.0363
007300 0.6056 0.3591 0.0000 0.0353
007320 0.6032 0.3605 0.0000 0.0363
007340 0.5998 0.3628 0.0000 0.0373
007360 0.5976 0.3652 0.0000 0.0371
007380 0.5936 0.3688 0.0000 0.0376
007400 0.5899 0.3722 0.0000 0.0379
007420 0.5890 0.3740 0.0000 0.0369
007440 0.5889 0.3761 0.0000 0.0349
007460 0.5947 0.3720 0.0000 0.0334
007480 0.6000 0.3669 0.0000 0.0331
007500 0.6108 0.3584 0.0000 0.0307
007520 0.6218 0.3456 0.0000 0.0327
007540 0.6285 0.3354 0.0000 0.0361
007560 0.6286 0.3362 0.0000 0.0352
007580 0.6276 0.3382 0.0000 0.0341
007600 0.6225 0.3413 0.0000 0.0362
007620 0.6128 0.3493 0.0000 0.0380
007640 0.6046 0.3567 0.0000 0.0386
007660 0.5942 0.3659 0.0000 0.0398
007680 0.5858 0.3757 0.0000 0.0386
007700 0.5816 0.3816 0.0000 0.0368
007720 0.5841 0.3810 0.0000 0.0349
007740 0.5943 0.3738 0.0000 0.0319
007760 0.6102 0.3585 0.0000 0.0314
007780 0.6206 0.3464 0.0000 0.0329
007800 0.6219 0.3433 0.0000 0.0348
007820 0.6208 0.3447 0.0000 0.0344
007840 0.6160 0.3485 0.0000 0.0355
007860 0.6137 0.3509 0.0000 0.0354
007880 0.6037 0.3562 0.0000 0.0401
007900 0.5904 0.3673 0.0000 0.0423
007920 0.5791 0.3799 0.0000 0.0410
007940 0.5776 0.3860 0.0000 0.0364
007960 0.5879 0.3792 0.0000 0.0330
007980 0.5972 0.3686 0.0000 0.0342
008000 0.6048 0.3628 0.0000 0.0324
008020 0.6126 0.3542 0.0000 0.0332
008040 0.6126 0.3514 0.0000 0.0359
008060 0.6077 0.3550 0.0000 0.0374
008080 0.6043 0.3590 0.0000 0.0368
008100 0.6033 0.3606 0.0000 0.0360
008120 0.6074 0.3582 0.0000 0.0345
008140 0.6116 0.3557 0.0000 0.0327
008160 0.6131 0.3513 0.0000 0.0356
008180 0.6119 0.3499 0.0000 0.0382
008200 0.6089 0.3531 0.0000 0.0380
008220 0.6056 0.3585 0.0000 0.0359
008240 0.6077 0.3578 0.0000 0.0346
008260 0.6099 0.3552 0.0000 0.0349
008280 0.6131 0.3539 0.0000 0.0330
008300 0.6175 0.3500 0.0000 0.0325
008320 0.6187 0.3472 0.0000 0.0341
008340 0.6123 0.3502 0.0000 0.0375
008360 0.6020 0.3585 0.0000 0.0396
008380 0.5955 0.3674 0.0000 0.0372
008400 0.5927 0.3697 0.0000 0.0376
008420 0.5892 0.3724 0.0000 0.0384
008440 0.5845 0.3778 0.0000 0.0377
008460 0.5865 0.3789 0.0000 0.0345
008480 0.5944 0.3734 0.0000 0.0322
008500 0.6052 0.3629 0.0000 0.0319
008520 0.6182 0.3497 0.0000 0.0321
008540 0.6236 0.3413 0.0000 0.0350
008560 0.6199 0.3437 0.0000 0.0365
008580 0.6146 0.3485 0.0000 0.0368
008600 0.6051 0.3558 0.0000 0.0391
008620 0.5955 0.3669 0.0000 0.0375
008640 0.5920 0.3709 0.0000 0.0371
008660 0.5908 0.3736 0.0000 0.0356
008680 0.5959 0.3711 0.0000 0.0329
008700 0.6098 0.3597 0.0000 0.0305
008720 0.6247 0.3449 0.0000 0.0304
008740 0.6330 0.3354 0.0000 0.0316
008760 0.6369 0.3299 0.0000 0.0332
008780 0.6401 0.3272 0.0000 0.0328
008800 0.6372 0.3285 0.0000 0.0343
008820 0.6278 0.3360 0.0000 0.0362
008840 0.6187 0.3458 0.0000 0.0354
008860 0.6110 0.3537 0.0000 0.0353
008880 0.6046 0.3581 0.0000 0.0373
008900 0.5968 0.3649 0.0000 0.0383
008920 0.5877 0.3739 0.0000 0.0384
008940 0.5863 0.3779 0.0000 0.0358
008960 0.5984 0.3701 0.0000 0.0315
008980 0.6126 0.3577 0.0000 0.0297
009000 0.6239 0.3457 0.0000 0.0305
009020 0.6303 0.3370 0.0000 0.0327
009040 0.6295 0.3366 0.0000 0.0339
009060 0.6225 0.3415 0.0000 0.0360
009080 0.6172 0.3475 0.0000 0.0354
009100 0.6092 0.3524 0.0000 0.0384
009120 0.5973 0.3617 0.0000 0.0410
009140 0.5845 0.3752 0.0000 0.0402
009160 0.5826 0.3812 0.0000 0.0362
009180 0.5864 0.3802 0.0000 0.0334
009200 0.5963 0.3718 0.0000 0.0319
009220 0.6084 0.3609 0.0000 0.0307
009240 0.6146 0.3532 0.0000 0.0322
009260 0.6205 0.3457 0.0000 0.0338
009280 0.6214 0.3427 0.0000 0.0358
009300 0.6186 0.3450 0.0000 0.0364
009320 0.6124 0.3510 0.0000 0.0366
009340 0.6070 0.3568 0.0000 0.0362
009360 0.6030 0.3611 0.0000 0.0359
009380 0.6043 0.3612 0.0000 0.0345
009400 0.6052 0.3583 0.0000 0.0365
009420 0.6034 0.3604 0.0000 0.0362
009440 0.6069 0.3592 0.0000 0.0339
009460 0.6074 0.3584 0.0000 0.0342
009480 0.6080 0.3571 0.0000 0.0349
009500 0.6032 0.3601 0.0000 0.0367
009520 0.6032 0.3626 0.0000 0.0341
009540 0.6071 0.3593 0.0000 0.0336
009560 0.6086 0.3557 0.0000 0.0357
009580 0.6101 0.3536 0.0000 0.0362
009600 0.6109 0.3543 0.0000 0.0348
009620 0.6141 0.3528 0.0000 0.0331
009640 0.6189 0.3463 0.0000 0.0348
009660 0.6144 0.3491 0.0000 0.0365
009680 0.6075 0.3551 0.0000 0.0374
009700 0.5993 0.3627 0.0000 0.0380
009720 0.5948 0.3674 0.0000 0.0378
009740 0.5949 0.3700 0.0000 0.0351
009760 0.5993 0.3661 0.0000 0.0346
009780 0.6025 0.3618 0.0000 0.0357
009800 0.5994 0.3627 0.0000 0.0379
009820 0.5964 0.3663 0.0000 0.0373
009840 0.5941 0.3695 0.0000 0.0364
009860 0.5965 0.3690 0.0000 0.0345
009880 0.6003 0.3645 0.0000 0.0352
009900 0.6043 0.3625 0.0000 0.0331
009920 0.6077 0.3579 0.0000 0.0344
009940 0.6134 0.3532 0.0000 0.0333
009960 0.6155 0.3511 0.0000 0.0334
009980 0.6187 0.3480 0.0000 0.0334
010000 0.6172 0.3482 0.0000 0.0346
010020 0.6175 0.3488 0.0000 0.0338
010040 0.6175 0.3488 0.0000 0.0338
010060 0.6175 0.3488 0.0000 0.0338
010080 0.6175 0.3488 0.0000 0.0338
010100 0.6175 0.3488 0.0000 0.0338
010120 0.6175 0.3488 0.0000 0.0338
010140 0.6175 0.3488 0.0000 0.0338
010160 0.6175 0.3488 0.0000 0.0338
010180 0.6175 0.3488 0.0000 0.0338
010200 0.6175 0.3488 0.0000 0.0338
010220 0.6175 0.3488 0.0000 0.0338
010240 0.6175 0.3488 0.0000 0.0338
010260 0.6175 0.3488 0.0000 0.0338
010280 0.6175 0.3488 0.0000 0.0338
010300 0.6175 0.3488 0.0000 0.0338
010320 0.6175 0.3488 0.0000 0.0338
010340 0.6175 0.3488 0.0000 0.0338
010360 0.6175 0.3488 0.0000 0.0338
010380 0.6175 0.3488 0.0000 0.0338
010400 0.6175 0.3488 0.0000 0.0338
010420 0.6175 0.3488 0.0000 0.0338
010440 0.6175 0.3488 0.0000 0.0338
010460 0.6175 0.3488 0.0000 0.0338
010480 0.6175 0.3488 0.0000 0.0338
010500 0.6175 0.3488 0.0000 0.0338
010520 0.6175 0.3488 0.0000 0.0338
010540 0.6175 0.3488 0.0000 0.0338
010560 0.6175 0.3488 0.0000 0.0338
010580 0.6175 0.3488 0.0000 0.0338
010600 0.6175 0.3488 0.0000 0.0338
010620 0.6175 0.3488 0.0000 0.0338
010640 0.6175 0.3488 0.0000 0.0338
010660 0.6175 0.3488 0.0000 0.0338
010680 0.6175 0.3488 0.0000 0.0338
010700 0.6175 0.3488 0.0000 0.0338
010720 0.6175 0.3488 0.0000 0.0338
010740 0.6175 0.3488 0.0000 0.0338
010760 0.6175 0.3488 0.0000 0.0338
010780 0.6175 0.3488 0.0000 0.0338
010800 0.6175 0.3488 0.0000 0.0338
010820 0.6175 0.3488 0.0000 0.0338
010840 0.6175 0.3488 0.0000 0.0338
010860 0.6175 0.3488 0.0000 0.0338
010880 0.6175 0.3488 0.0000 0.0338
010900 0.6175 0.3488 0.0000 0.0338
010920 0.6175 0.3488 0.0000 0.0338
010940 0.6175 0.3488 0.0000 0.0338
010960 0.6175 0.3488 0.0000 0.0338
010980 0.6175 0.3488 0.0000 0.0338
011000 0.6175 0.3488 0.0000 0.0338
011020 0.6175 0.3488 0.0000 0.0338
011040 0.6175 0.3488 0.0000 0.0338
011060 0.6175 0.3488 0.0000 0.0338
011080 0.6175 0.3488 0.0000 0.0338
011100 0.6175 0.3488 0.0000 0.0338
011120 0.6175 0.3488 0.0000 0.0338
011140 0.6175 0.3488 0.0000 0.0338
011160 0.6175 0.3488 0.0000 0.0338
011180 0.6175 0.3488 0.0000 0.0338
011200 0.6175 0.3488 0.0000 0.0338
011220 0.6175 0.3488 0.0000 0.0338
011240 0.6175 0.3488 0.0000 0.0338
011260 0.6175 0.3488 0.0000 0.0338
011280 0.6175 0.3488 0.0000 0.0338
011300 0.6175 0.3488 0.0000 0.0338
011320 0.6175 0.3488 0.0000 0.0338
011340 0.6175 0.3488 0.0000 0.0338
011360 0.6175 0.3488 0.0000 0.0338
011380 0.6175 0.3488 0.0000 0.0338
011400 0.6175 0.3488 0.0000 0.0338
011420 0.6175 0.3488 0.0000 0.0338
011440 0.6175 0.3488 0.0000 0.0338
011460 0.6175 0.3488 0.0000 0.0338
011480 0.6175 0.3488 0.0000 0.0338
011500 0.6175 0.3488 0.0000 0.0338
011520 0.6175 0.3488 0.0000 0.0338
011540 0.6175 0.3488 0.0000 0.0338
011560 0.6175 0.3488 0.0000 0.0338
011580 0.6175 0.3488 0.0000 0.0338
011600 0.6175 0.3488 0.0000 0.0338
011620 0.6175 0.3488 0.0000 0.0338
011640 0.6175 0.3488 0.0000 0.0338
011660 0.6175 0.3488 0.0000 0.0338
011680 0.6175 0.3488 0.0000 0.0338
011700 0.6175 0.3488 0.0000 0.0338
011720 0.6175 0.3488 0.0000 0.0338
011740 0.6175 0.3488 0.0000 0.0338
011760 0.6175 0.3488 0.0000 0.0338
011780 0.6175 0.3488 0.0000 0.0338
011800 0.6175 0.3488 0.0000 0.0338
011820 0.6175 0.3488 0.0000 0.0338
011840 0.6175 0.3488 0.0000 0.0338
011860 0.6175 0.3488 0.0000 0.0338
011880 0.6175 0.3488 0.0000 0.0338
011900 0.6175 0.3488 0.0000 0.0338
011920 0.6175 0.3488 0.0000 0.0338
011940 0.6175 0.3488 0.0000 0.0338
011960 0.6175 0.3488 0.0000 0.0338
011980 0.6175 0.3488 0.0000 0.0338
012000 0.6175 0.3488 0.0000 0.0338
012020 0.6175 0.3488 0.0000 0.0338
012040 0.6175 0.3488 0.0000 0.0338
012060 0.6175 0.3488 0.0000 0.0338
012080 0.6175 0.3488 0.0000 0.0338
012100 0.6175 0.3488 0.0000 0.0338
012120 0.6175 0.3488 0.0000 0.0338
012140 0.6175 0.3488 0.0000 0.0338
012160 0.6175 0.3488 0.0000 0.0338
012180 0.6175 0.3488 0.0000 0.0338
012200 0.6175 0.3488 0.0000 0.0338
012220 0.6175 0.3488 0.0000 0.0338
012240 0.6175 0.3488 0.0000 0.0338
012260 0.6175 0.3488 0.0000 0.0338
012280 0.6175 0.3488 0.0000 0.0338
012300 0.6175 0.3488 0.0000 0.0338
012320 0.6175 0.3488 0.0000 0.0338
012340 0.6175 0.3488 0.0000 0.0338
012360 0.6175 0.3488 0.0000 0.0338
012380 0.6175 0.3488 0.0000 0.0338
012400 0.6175 0.3488 0.0000 0.0338
012420 0.6175 0.3488 0.0000 0.0338
012440 0.6175 0.3488 0.0000 0.0338
012460 0.6175 0.3488 0.0000 0.0338
012480 0.6175 0.3488 0.0000 0.0338
012500 0.6175 0.3488 0.0000 0.0338
012520 0.6175 0.3488 0.0000 0.0338
012540 0.6175 0.3488 0.0000 0.0338
012560 0.6175 0.3488 0.0000 0.0338
012580 0.6175 0.3488 0.0000 0.0338
012600 0.6175 0.3488 0.0000 0.0338
012620 0.6175 0.3488 0.0000 0.0338
012640 0.6175 0.3488 0.0000 0.0338
012660 0.6175 0.3488 0.0000 0.0338
012680 0.6175 0.3488 0.0000 0.0338
012700 0.6175 0.3488 0.0000 0.0338
012720 0.6175 0.3488 0.0000 0.0338
012740 0.6175 0.3488 0.0000 0.0338
012760 0.6175 0.3488 0.0000 0.0338
012780 0.6175 0.3488 0.0000 0.0338
012800 0.6175 0.3488 0.0000 0.0338
012820 0.6175 0.3488 0.0000 0.0338
012840 0.6175 0.3488 0.0000 0.0338
012860 0.6175 0.3488 0.0000 0.0338
012880 0.6175 0.3488 0.0000 0.0338
012900 0.6175 0.3488 0.0000 0.0338
012920 0.6175 0.3488 0.0000 0.0338
012940 0.6175 0.3488 0.0000 0.0338
012960 0.6175 0.3488 0.0000 0.0338
012980 0.6175 0.3488 0.0000 0.0338
013000 0.6175 0.3488 0.0000 0.0338
013020 0.6175 0.3488 0.0000 0.0338
013040 0.6175 0.3488 0.0000 0.0338
013060 0.6175 0.3488 0.0000 0.0338
013080 0.6175 0.3488 0.0000 0.0338
013100 0.6175 0.3488 0.0000 0.0338
013120 0.6175 0.3488 0.0000 0.0338
013140 0.6175 0.3488 0.0000 0.0338
013160 0.6175 0.3488 0.0000 0.0338
013180 0.6175 0.3488 0.0000 0.0338
013200 0.6175 0.3488 0.0000 0.0338
013220 0.6175 0.3488 0.0000 0.0338
013240 0.6175 0.3488 0.0000 0.0338
013260 0.6175 0.3488 0.0000 0.0338
013280 0.6175 0.3488 0.0000 0.0338
013300 0.6175 0.3488 0.0000 0.0338
013320 0.6175 0.3488 0.0000 0.0338
013340 0.6175 0.3488 0.0000 0.0338
013360 0.6175 0.3488 0.0000 0.0338
013380 0.6175 0.3488 0.0000 0.0338
013400 0.6175 0.3488 0.0000 0.0338
013420 0.6175 0.3488 0.0000 0.0338
013440 0.6175 0.3488 0.0000 0.0338
013460 0.6175 0.3488 0.0000 0.0338
013480 0.6175 0.3488 0.0000 0.0338
013500 0.6175 0.3488 0.0000 0.0338
013520 0.6175 0.3488 0.0000 0.0338
013540 0.6175 0.3488 0.0000 0.0338
013560 0.6175 0.3488 0.0000 0.0338
013580 0.6175 0.3488 0.0000 0.0338
013600 0.6175 0.3488 0.0000 0.0338
013620 0.6175 0.3488 0.0000 0.0338
013640 0.6175 0.3488 0.0000 0.0338
013660 0.6175 0.3488 0.0000 0.0338
013680 0.6175 0.3488 0.0000 0.0338
013700 0.6175 0.3488 0.0000 0.0338
013720 0.6175 0.3488 0.0000 0.0338
013740 0.6175 0.3488 0.0000 0.0338
013760 0.6175 0.3488 0.0000 0.0338
013780 0.6175 0.3488 0.0000 0.0338
013800 0.6175 0.3488 0.0000 0.0338
013820 0.6175 0.3488 0.0000 0.0338
013840 0.6175 0.3488 0.0000 0.0338
013860 0.6175 0.3488 0.0000 0.0338
013880 0.6175 0.3488 0.0000 0.0338
013900 0.6175 0.3488 0.0000 0.0338
013920 0.6175 0.3488 0.0000 0.0338
013940 0.6175 0.3488 0.0000 0.0338
013960 0.6175 0.3488 0.0000 0.0338
013980 0.6175 0.3488 0.0000 0.0338
014000 0.6175 0.3488 0.0000 0.0338
014020 0.6175 0.3488 0.0000 0.0338
014040 0.6175 0.3488 0.0000 0.0338
014060 0.6175 0.3488 0.0000 0.0338
014080 0.6175 0.3488 0.0000 0.0338
014100 0.6175 0.3488 0.0000 0.0338
014120 0.6175 0.3488 0.0000 0.0338
014140 0.6175 0.3488 0.0000 0.0338
014160 0.6175 0.3488 0.0000 0.0338
014180 0.6175 0.3488 0.0000 0.0338
014200 0.6175 0.3488 0.0000 0.0338
014220 0.6175 0.3488 0.0000 0.0338
014240 0.6175 0.3488 0.0000 0.0338
014260 0.6175 0.3488 0.0000 0.0338
014280 0.6175 0.3488 0.0000 0.0338
014300 0.6175 0.3488 0.0000 0.0338
014320 0.6175 0.3488 0.0000 0.0338
014340 0.6175 0.3488 0.0000 0.0338
014360 0.6175 0.3488 0.0000 0.0338
014380 0.6175 0.3488 0.0000 0.0338
014400 0.6175 0.3488 0.0000 0.0338
014420 0.6175 0.3488 0.0000 0.0338
014440 0.6175 0.3488 0.0000 0.0338
014460 0.6175 0.3488 0.0000 0.0338
014480 0.6175 0.3488 0.0000 0.0338
014500 0.6175 0.3488 0.0000 0.0338
014520 0.6175 0.3488 0.0000 0.0338
014540 0.6175 0.3488 0.0000 0.0338
014560 0.6175 0.3488 0.0000 0.0338
014580 0.6175 0.3488 0.0000 0.0338
014600 0.6175 0.3488 0.0000 0.0338
014620 0.6175 0.3488 0.0000 0.0338
014640 0.6175 0.3488 0.0000 0.0338
014660 0.6175 0.3488 0.0000 0.0338
014680 0.6175 0.3488 0.0000 0.0338
014700 0.6175 0.3488 0.0000 0.0338
014720 0.6175 0.3488 0.0000 0.0338
014740 0.6175 0.3488 0.0000 0.0338
014760 0.6175 0.3488 0.0000 0.0338
014780 0.6175 0.3488 0.0000 0.0338
014800 0.6175 0.3488 0.0000 0.0338
014820 0.6175 0.3488 0.0000 0.0338
014840 0.6175 0.3488 0.0000 0.0338
014860 0.6175 0.3488 0.0000 0.0338
014880 0.6175 0.3488 0.0000 0.0338
014900 0.6175 0.3488 0.0000 0.0338
014920 0.6175 0.3488 0.0000 0.0338
014940 0.6175 0.3488 0.0000 0.0338
014960 0.6175 0.3488 0.0000 0.0338
014980 0.6175 0.3488 0.0000 0.0338
015000 0.6175 0.3488 0.0000 0.0338
015020 0.6175 0.3488 0.0000 0.0338
015040 0.6175 0.3488 0.0000 0.0338
015060 0.6175 0.3488 0.0000 0.0338
015080 0.6175 0.3488 0.0000 0.0338
015100 0.6175 0.3488 0.0000 0.0338
015120 0.6175 0.3488 0.0000 0.0338
015140 0.6175 0.3488 0.0000 0.0338
015160 0.6175 0.3488 0.0000 0.0338
015180 0.6175 0.3488 0.0000 0.0338
015200 0.6175 0.3488 0.0000 0.0338
015220 0.6175 0.3488 0.0000 0.0338
015240 0.6175 0.3488 0.0000 0.0338
015260 0.6175 0.3488 0.0000 0.0338
015280 0.6175 0.3488 0.0000 0.0338
015300 0.6175 0.3488 0.0000 0.0338
015320 0.6175 0.3488 0.0000 0.0338
015340 0.6175 0.3488 0.0000 0.0338
015360 0.6175 0.3488 0.0000 0.0338
015380 0.6175 0.3488 0.0000 0.0338
015400 0.6175 0.3488 0.0000 0.0338
015420 0.6175 0.3488 0.0000 0.0338
015440 0.6175 0.3488 0.0000 0.0338
015460 0.6175 0.3488 0.0000 0.0338
015480 0.6175 0.3488 0.0000 0.0338
015500 0.6175 0.3488 0.0000 0.0338
015520 0.6175 0.3488 0.0000 0.0338
015540 0.6175 0.3488 0.0000 0.0338
015560 0.6175 0.3488 0.0000 0.0338
015580 0.6175 0.3488 0.0000 0.0338
015600 0.6175 0.3488 0.0000 0.0338
015620 0.6175 0.3488 0.0000 0.0338
015640 0.6175 0.3488 0.0000 0.0338
015660 0.6175 0.3488 0.0000 0.0338
015680 0.6175 0.3488 0.0000 0.0338
015700 0.6175 0.3488 0.0000 0.0338
015720 0.6175 0.3488 0.0000 0.0338
015740 0.6175 0.3488 0.0000 0.0338
015760 0.6175 0.3488 0.0000 0.0338
015780 0.6175 0.3488 0.0000 0.0338
015800 0.6175 0.3488 0.0000 0.0338
015820 0.6175 0.3488 0.0000 0.0338
015840 0.6175 0.3488 0.0000 0.0338
015860 0.6175 0.3488 0.0000 0.0338
015880 0.6175 0.3488 0.0000 0.0338
015900 0.6175 0.3488 0.0000 0.0338
015920 0.6175 0.3488 0.0000 0.0338
015940 0.6175 0.3488 0.0000 0.0338
015960 0.6175 0.3488 0.0000 0.0338
015980 0.6175 0.3488 0.0000 0.0338
016000 0.6175 0.3488 0.0000 0.0338
016020 0.6175 0.3488 0.0000 0.0338
016040 0.6175 0.3488 0.0000 0.0338
016060 0.6175 0.3488 0.0000 0.0338
016080 0.6175 0.3488 0.0000 0.0338
016100 0.6175 0.3488 0.0000 0.0338
016120 0.6175 0.3488 0.0000 0.0338
016140 0.6175 0.3488 0.0000 0.0338
016160 0.6175 0.3488 0.0000 0.0338
016180 0.6175 0.3488 0.0000 0.0338
016200 0.6175 0.3488 0.0000 0.0338
016220 0.6175 0.3488 0.0000 0.0338
016240 0.6175 0.3488 0.0000 0.0338
016260 0.6175 0.3488 0.0000 0.0338
016280 0.6175 0.3488 0.0000 0.0338
016300 0.6175 0.3488 0.0000 0.0338
016320 0.6175 0.3488 0.0000 0.0338
016340 0.6175 0.3488 0.0000 0.0338
016360 0.6175 0.3488 0.0000 0.0338
016380 0.6175 0.3488 0.0000 0.0338
016400 0.6175 0.3488 0.0000 0.0338
016420 0.6175 0.3488 0.0000 0.0338
016440 0.6175 0.3488 0.0000 0.0338
016460 0.6175 0.3488 0.0000 0.0338
016480 0.6175 0.3488 0.0000 0.0338
016500 0.6175 0.3488 0.0000 0.0338
016520 0.6175 0.3488 0.0000 0.0338
016540 0.6175 0.3488 0.0000 0.0338
016560 0.6175 0.3488 0.0000 0.0338
016580 0.6175 0.3488 0.0000 0.0338
016600 0.6175 0.3488 0.0000 0.0338
016620 0.6175 0.3488 0.0000 0.0338
016640 0.6175 0.3488 0.0000 0.0338
016660 0.6175 0.3488 0.0000 0.0338
016680 0.6175 0.3488 0.0000 0.0338
016700 0.6175 0.3488 0.0000 0.0338
016720 0.6175 0.3488 0.0000 0.0338
016740 0.6175 0.3488 0.0000 0.0338
016760 0.6175 0.3488 0.0000 0.0338
016780 0.6175 0.3488 0.0000 0.0338
016800 0.6175 0.3488 0.0000 0.0338
016820 0.6175 0.3488 0.0000 0.0338
016840 0.6175 0.3488 0.0000 0.0338
016860 0.6175 0.3488 0.0000 0.0338
016880 0.6175 0.3488 0.0000 0.0338
016900 0.6175 0.3488 0.0000 0.0338
016920 0.6175 0.3488 0.0000 0.0338
016940 0.6175 0.3488 0.0000 0.0338
016960 0.6175 0.3488 0.0000 0.0338
016980 0.6175 0.3488 0.0000 0.0338
017000 0.6175 0.3488 0.0000 0.0338
017020 0.6175 0.3488 0.0000 0.0338
017040 0.6175 0.3488 0.0000 0.0338
017060 0.6175 0.3488 0.0000 0.0338
017080 0.6175 0.3488 0.0000 0.0338
017100 0.6175 0.3488 0.0000 0.0338
017120 0.6175 0.3488 0.0000 0.0338
017140 0.6175 0.3488 0.0000 0.0338
017160 0.6175 0.3488 0.0000 0.0338
017180 0.6175 0.3488 0.0000 0.0338
017200 0.6175 0.3488 0.0000 0.0338
017220 0.6175 0.3488 0.0000 0.0338
017240 0.6175 0.3488 0.0000 0.0338
017260 0.6175 0.3488 0.0000 0.0338
017280 0.6175 0.3488 0.0000 0.0338
017300 0.6175 0.3488 0.0000 0.0338
017320 0.6175 0.3488 0.0000 0.0338
017340 0.6175 0.3488 0.0000 0.0338
017360 0.6175 0.3488 0.0000 0.0338
017380 0.6175 0.3488 0.0000 0.0338
017400 0.6175 0.3488 0.0000 0.0338
017420 0.6175 0.3488 0.0000 0.0338
017440 0.6175 0.3488 0.0000 0.0338
017460 0.6175 0.3488 0.0000 0.0338
017480 0.6175 0.3488 0.0000 0.0338
017500 0.6175 0.3488 0.0000 0.0338
017520 0.6175 0.3488 0.0000 0.0338
017540 0.6175 0.3488 0.0000 0.0338
017560 0.6175 0.3488 0.0000 0.0338
017580 0.6175 0.3488 0.0000 0.0338
017600 0.6175 0.3488 0.0000 0.0338
017620 0.6175 0.3488 0.0000 0.0338
017640 0.6175 0.3488 0.0000 0.0338
017660 0.6175 0.3488 0.0000 0.0338
017680 0.6175 0.3488 0.0000 0.0338
017700 0.6175 0.3488 0.0000 0.0338
017720 0.6175 0.3488 0.0000 0.0338
017740 0.6175 0.3488 0.0000 0.0338
017760 0.6175 0.3488 0.0000 0.0338
017780 0.6175 0.3488 0.0000 0.0338
017800 0.6175 0.3488 0.0000 0.0338
017820 0.6175 0.3488 0.0000 0.0338
017840 0.6175 0.3488 0.0000 0.0338
017860 0.6175 0.3488 0.0000 0.0338
017880 0.6175 0.3488 0.0000 0.0338
017900 0.6175 0.3488 0.0000 0.0338
017920 0.6175 0.3488 0.0000 0.0338
017940 0.6175 0.3488 0.0000 0.0338
017960 0.6175 0.3488 0.0000 0.0338
017980 0.6175 0.3488 0.0000 0.0338
018000 0.6175 0.3488 0.0000 0.0338
018020 0.6175 0.3488 0.0000 0.0338
018040 0.6175 0.3488 0.0000 0.0338
018060 0.6175 0.3488 0.0000 0.0338
018080 0.6175 0.3488 0.0000 0.0338
018100 0.6175 0.3488 0.0000 0.0338
018120 0.6175 0.3488 0.0000 0.0338
018140 0.6175 0.3488 0.0000 0.0338
018160 0.6175 0.3488 0.0000 0.0338
018180 0.6175 0.3488 0.0000 0.0338
018200 0.6175 0.3488 0.0000 0.0338
018220 0.6175 0.3488 0.0000 0.0338
018240 0.6175 0.3488 0.0000 0.0338
018260 0.6175 0.3488 0.0000 0.0338
018280 0.6175 0.3488 0.0000 0.0338
018300 0.6175 0.3488 0.0000 0.0338
018320 0.6175 0.3488 0.0000 0.0338
018340 0.6175 0.3488 0.0000 0.0338
018360 0.6175 0.3488 0.0000 0.0338
018380 0.6175 0.3488 0.0000 0.0338
018400 0.6175 0.3488 0.0000 0.0338
018420 0.6175 0.3488 0.0000 0.0338
018440 0.6175 0.3488 0.0000 0.0338
018460 0.6175 0.3488 0.0000 0.0338
018480 0.6175 0.3488 0.0000 0.0338
018500 0.6175 0.3488 0.0000 0.0338
018520 0.6175 0.3488 0.0000 0.0338
018540 0.6175 0.3488 0.0000 0.0338
018560 0.6175 0.3488 0.0000 0.0338
018580 0.6175 0.3488 0.0000 0.0338
018600 0.6175 0.3488 0.0000 0.0338
018620 0.6175 0.3488 0.0000 0.0338
018640 0.6175 0.3488 0.0000 0.0338
018660 0.6175 0.3488 0.0000 0.0338
018680 0.6175 0.3488 0.0000 0.0338
018700 0.6175 0.3488 0.0000 0.0338
018720 0.6175 0.3488 0.0000 0.0338
018740 0.6175 0.3488 0.0000 0.0338
018760 0.6175 0.3488 0.0000 0.0338
018780 0.6175 0.3488 0.0000 0.0338
018800 0.6175 0.3488 0.0000 0.0338
018820 0.6175 0.3488 0.0000 0.0338
018840 0.6175 0.3488 0.0000 0.0338
018860 0.6175 0.3488 0.0000 0.0338
018880 0.6175 0.3488 0.0000 0.0338
018900 0.6175 0.3488 0.0000 0.0338
018920 0.6175 0.3488 0.0000 0.0338
018940 0.6175 0.3488 0.0000 0.0338
018960 0.6175 0.3488 0.0000 0.0338
018980 0.6175 0.3488 0.0000 0.0338
019000 0.6175 0.3488 0.0000 0.0338
019020 0.6175 0.3488 0.0000 0.0338
019040 0.6175 0.3488 0.0000 0.0338
019060 0.6175 0.3488 0.0000 0.0338
019080 0.6175 0.3488 0.0000 0.0338
019100 0.6175 0.3488 0.0000 0.0338
019120 0.6175 0.3488 0.0000 0.0338
019140 0.6175 0.3488 0.0000 0.0338
019160 0.6175 0.3488 0.0000 0.0338
019180 0.6175 0.3488 0.0000 0.0338
019200 0.6175 0.3488 0.0000 0.0338
019220 0.6175 0.3488 0.0000 0.0338
019240 0.6175 0.3488 0.0000 0.0338
019260 0.6175 0.3488 0.0000 0.0338
019280 0.6175 0.3488 0.0000 0.0338
019300 0.6175 0.3488 0.0000 0.0338
019320 0.6175 0.3488 0.0000 0.0338
019340 0.6175 0.3488 0.0000 0.0338
019360 0.6175 0.3488 0.0000 0.0338
019380 0.6175 0.3488 0.0000 0.0338
019400 0.6175 0.3488 0.0000 0.0338
019420 0.6175 0.3488 0.0000 0.0338
019440 0.6175 0.3488 0.0000 0.0338
019460 0.6175 0.3488 0.0000 0.0338
019480 0.6175 0.3488 0.0000 0.0338
019500 0.6175 0.3488 0.0000 0.0338
019520 0.6175 0.3488 0.0000 0.0338
019540 0.6175 0.3488 0.0000 0.0338
019560 0.6175 0.3488 0.0000 0.0338
019580 0.6175 0.3488 0.0000 0.0338
019600 0.6175 0.3488 0.0000 0.0338
019620 0.6175 0.3488 0.0000 0.0338
019640 0.6175 0.3488 0.0000 0.0338
019660 0.6175 0.3488 0.0000 0.0338
019680 0.6175 0.3488 0.0000 0.0338
019700 0.6175 0.3488 0.0000 0.0338
019720 0.6175 0.3488 0.0000 0.0338
019740 0.6175 0.3488 0.0000 0.0338
019760 0.6175 0.3488 0.0000 0.0338
019780 0.6175 0.3488 0.0000 0.0338
019800 0.6175 0.3488 0.0000 0.0338
019820 0.6175 0.3488 0.0000 0.0338
019840 0.6175 0.3488 0.0000 0.0338
019860 0.6175 0.3488 0.0000 0.0338
019880 0.6175 0.3488 0.0000 0.0338
019900 0.6175 0.3488 0.0000 0.0338
019920 0.6175 0.3488 0.0000 0.0338
019940 0.6175 0.3488 0.0000 0.0338
019960 0.6175 0.3488 0.0000 0.0338
019980 0.6175 0.3488 0.0000 0.0338
020000 0.6175 0.3488 0.0000 0.0338
