000000 0.2500 0.2500 0.2500 0.2500
000020 0.2604 0.2589 0.2296 0.2511
000040 0.2728 0.2677 0.2076 0.2519
000060 0.2846 0.2775 0.1862 0.2516
000080 0.2950 0.2877 0.1660 0.2513
000100 0.3041 0.2995 0.1468 0.2496
000120 0.3120 0.3120 0.1291 0.2470
000140 0.3186 0.3251 0.1127 0.2436
000160 0.3238 0.3396 0.0976 0.2389
000180 0.3290 0.3537 0.0834 0.2339
000200 0.3332 0.3684 0.0703 0.2281
000220 0.3364 0.3840 0.0584 0.2212
000240 0.3384 0.4008 0.0473 0.2135
000260 0.3403 0.4166 0.0373 0.2058
000280 0.3397 0.4351 0.0285 0.1966
000300 0.3377 0.4544 0.0211 0.1869
000320 0.3336 0.4748 0.0147 0.1768
000340 0.3278 0.4973 0.0094 0.1656
000360 0.3213 0.5204 0.0050 0.1533
000380 0.3136 0.5443 0.0022 0.1399
000400 0.3040 0.5692 0.0004 0.1263
000420 0.2937 0.5958 0.0000 0.1104
000440 0.2865 0.6210 0.0000 0.0925
000460 0.2812 0.6414 0.0000 0.0775
000480 0.2797 0.6529 0.0000 0.0674
000500 0.2804 0.6631 0.0000 0.0565
000520 0.2806 0.6714 0.0000 0.0479
000540 0.2783 0.6800 0.0000 0.0417
000560 0.2752 0.6877 0.0000 0.0371
000580 0.2727 0.6954 0.0000 0.0318
000600 0.2771 0.6954 0.0000 0.0275
000620 0.2866 0.6910 0.0000 0.0224
000640 0.2999 0.6801 0.0000 0.0201
000660 0.3116 0.6676 0.0000 0.0207
000680 0.3176 0.6588 0.0000 0.0237
000700 0.3183 0.6562 0.0000 0.0255
000720 0.3164 0.6566 0.0000 0.0269
000740 0.3143 0.6571 0.0000 0.0286
000760 0.3180 0.6547 0.0000 0.0273
000780 0.3245 0.6480 0.0000 0.0275
000800 0.3345 0.6393 0.0000 0.0262
000820 0.3482 0.6258 0.0000 0.0260
000840 0.3586 0.6131 0.0000 0.0282
000860 0.3659 0.6041 0.0000 0.0300
000880 0.3718 0.5986 0.0000 0.0295
000900 0.3813 0.5910 0.0000 0.0277
000920 0.3923 0.5801 0.0000 0.0276
000940 0.3986 0.5694 0.0000 0.0320
000960 0.4014 0.5666 0.0000 0.0319
000980 0.4054 0.5617 0.0000 0.0329
001000 0.4107 0.5556 0.0000 0.0337
001020 0.4148 0.5508 0.0000 0.0344
001040 0.4248 0.5417 0.0000 0.0335
001060 0.4354 0.5323 0.0000 0.0324
001080 0.4448 0.5213 0.0000 0.0339
001100 0.4505 0.5122 0.0000 0.0373
001120 0.4534 0.5095 0.0000 0.0371
001140 0.4574 0.5063 0.0000 0.0362
001160 0.4626 0.5007 0.0000 0.0367
001180 0.4684 0.4926 0.0000 0.0390
001200 0.4778 0.4831 0.0000 0.0391
001220 0.4861 0.4756 0.0000 0.0383
001240 0.4991 0.4626 0.0000 0.0384
001260 0.5055 0.4530 0.0000 0.0415
001280 0.5121 0.4454 0.0000 0.0425
001300 0.5161 0.4418 0.0000 0.0421
001320 0.5243 0.4342 0.0000 0.0414
001340 0.5348 0.4231 0.0000 0.0421
001360 0.5432 0.4131 0.0000 0.0437
001380 0.5507 0.4035 0.0000 0.0458
001400 0.5595 0.3959 0.0000 0.0447
001420 0.5635 0.3887 0.0000 0.0479
001440 0.5590 0.3912 0.0000 0.0498
001460 0.5568 0.3937 0.0000 0.0495
001480 0.5640 0.3907 0.0000 0.0454
001500 0.5785 0.3782 0.0000 0.0433
001520 0.5913 0.3639 0.0000 0.0448
001540 0.5962 0.3576 0.0000 0.0462
001560 0.5965 0.3557 0.0000 0.0478
001580 0.5918 0.3577 0.0000 0.0504
001600 0.5829 0.3667 0.0000 0.0504
001620 0.5792 0.3707 0.0000 0.0501
001640 0.5790 0.3713 0.0000 0.0496
001660 0.5859 0.3665 0.0000 0.0477
001680 0.5960 0.3568 0.0000 0.0472
001700 0.6003 0.3512 0.0000 0.0486
001720 0.6045 0.3461 0.0000 0.0494
001740 0.6049 0.3443 0.0000 0.0508
001760 0.6023 0.3467 0.0000 0.0510
001780 0.5946 0.3534 0.0000 0.0520
001800 0.5915 0.3580 0.0000 0.0505
001820 0.5906 0.3585 0.0000 0.0509
001840 0.5974 0.3534 0.0000 0.0491
001860 0.5995 0.3513 0.0000 0.0491
001880 0.5988 0.3521 0.0000 0.0491
001900 0.6016 0.3503 0.0000 0.0481
001920 0.6052 0.3456 0.0000 0.0492
001940 0.6039 0.3445 0.0000 0.0515
001960 0.5984 0.3505 0.0000 0.0511
001980 0.5936 0.3549 0.0000 0.0514
002000 0.5962 0.3556 0.0000 0.0482
002020 0.5979 0.3509 0.0000 0.0512
002040 0.5954 0.3523 0.0000 0.0523
002060 0.5916 0.3566 0.0000 0.0518
002080 0.5901 0.3598 0.0000 0.0501
002100 0.5962 0.3554 0.0000 0.0484
002120 0.6023 0.3490 0.0000 0.0487
002140 0.6050 0.3465 0.0000 0.0484
002160 0.6110 0.3406 0.0000 0.0483
002180 0.6117 0.3369 0.0000 0.0514
002200 0.5985 0.3478 0.0000 0.0537
002220 0.5894 0.3598 0.0000 0.0508
002240 0.5913 0.3604 0.0000 0.0483
002260 0.5933 0.3565 0.0000 0.0502
002280 0.5971 0.3551 0.0000 0.0478
002300 0.6015 0.3513 0.0000 0.0471
002320 0.6031 0.3452 0.0000 0.0517
002340 0.5972 0.3478 0.0000 0.0550
002360 0.5852 0.3601 0.0000 0.0547
002380 0.5740 0.3715 0.0000 0.0546
002400 0.5727 0.3778 0.0000 0.0495
002420 0.5831 0.3697 0.0000 0.0472
002440 0.6023 0.3545 0.0000 0.0432
002460 0.6168 0.3386 0.0000 0.0446
002480 0.6214 0.3303 0.0000 0.0484
002500 0.6129 0.3331 0.0000 0.0540
002520 0.5944 0.3485 0.0000 0.0571
002540 0.5797 0.3645 0.0000 0.0559
002560 0.5727 0.3739 0.0000 0.0534
002580 0.5730 0.3770 0.0000 0.0500
002600 0.5832 0.3687 0.0000 0.0481
002620 0.5977 0.3551 0.0000 0.0472
002640 0.6064 0.3462 0.0000 0.0474
002660 0.6101 0.3429 0.0000 0.0470
002680 0.6102 0.3426 0.0000 0.0471
002700 0.6101 0.3420 0.0000 0.0480
002720 0.6063 0.3437 0.0000 0.0500
002740 0.6017 0.3474 0.0000 0.0510
002760 0.6001 0.3491 0.0000 0.0508
002780 0.6031 0.3493 0.0000 0.0476
002800 0.6095 0.3441 0.0000 0.0464
002820 0.6067 0.3425 0.0000 0.0508
002840 0.6054 0.3443 0.0000 0.0503
002860 0.5982 0.3502 0.0000 0.0516
002880 0.5896 0.3572 0.0000 0.0532
002900 0.5871 0.3617 0.0000 0.0512
002920 0.5922 0.3594 0.0000 0.0484
002940 0.5964 0.3546 0.0000 0.0490
002960 0.5998 0.3509 0.0000 0.0493
002980 0.6008 0.3492 0.0000 0.0500
003000 0.5960 0.3533 0.0000 0.0507
003020 0.5967 0.3540 0.0000 0.0493
003040 0.6005 0.3497 0.0000 0.0498
003060 0.5991 0.3488 0.0000 0.0521
003080 0.5934 0.3558 0.0000 0.0508
003100 0.5912 0.3581 0.0000 0.0506
003120 0.5905 0.3577 0.0000 0.0518
003140 0.5898 0.3585 0.0000 0.0517
003160 0.5873 0.3599 0.0000 0.0528
003180 0.5854 0.3618 0.0000 0.0528
003200 0.5826 0.3637 0.0000 0.0537
003220 0.5826 0.3674 0.0000 0.0500
003240 0.5919 0.3611 0.0000 0.0470
003260 0.5986 0.3529 0.0000 0.0485
003280 0.6011 0.3489 0.0000 0.0500
003300 0.6015 0.3483 0.0000 0.0503
003320 0.6017 0.3478 0.0000 0.0505
003340 0.6003 0.3480 0.0000 0.0517
003360 0.5950 0.3518 0.0000 0.0532
003380 0.5829 0.3618 0.0000 0.0553
003400 0.5723 0.3742 0.0000 0.0535
003420 0.5732 0.3766 0.0000 0.0502
003440 0.5842 0.3688 0.0000 0.0470
003460 0.6002 0.3535 0.0000 0.0463
003480 0.6090 0.3428 0.0000 0.0482
003500 0.6073 0.3423 0.0000 0.0504
003520 0.6063 0.3447 0.0000 0.0490
003540 0.6046 0.3451 0.0000 0.0503
003560 0.6031 0.3472 0.0000 0.0497
003580 0.6038 0.3472 0.0000 0.0491
003600 0.6022 0.3462 0.0000 0.0516
003620 0.5991 0.3487 0.0000 0.0522
003640 0.5929 0.3542 0.0000 0.0529
003660 0.5888 0.3590 0.0000 0.0522
003680 0.5863 0.3641 0.0000 0.0495
003700 0.5866 0.3623 0.0000 0.0511
003720 0.5880 0.3631 0.0000 0.0489
003740 0.5938 0.3569 0.0000 0.0494
003760 0.5985 0.3538 0.0000 0.0477
003780 0.6048 0.3486 0.0000 0.0466
003800 0.6091 0.3423 0.0000 0.0487
003820 0.6110 0.3391 0.0000 0.0499
003840 0.6028 0.3450 0.0000 0.0522
003860 0.5905 0.3544 0.0000 0.0551
003880 0.5771 0.3680 0.0000 0.0549
003900 0.5680 0.3781 0.0000 0.0539
003920 0.5762 0.3755 0.0000 0.0483
003940 0.5901 0.3624 0.0000 0.0475
003960 0.5990 0.3517 0.0000 0.0493
003980 0.6005 0.3504 0.0000 0.0491
004000 0.6018 0.3481 0.0000 0.0501
004020 0.6027 0.3464 0.0000 0.0509
004040 0.6007 0.3493 0.0000 0.0500
004060 0.5977 0.3515 0.0000 0.0508
004080 0.5971 0.3510 0.0000 0.0518
004100 0.5905 0.3564 0.0000 0.0531
004120 0.5913 0.3592 0.0000 0.0495
004140 0.5995 0.3533 0.0000 0.0472
004160 0.6044 0.3468 0.0000 0.0488
004180 0.6007 0.3484 0.0000 0.0509
004200 0.5939 0.3549 0.0000 0.0511
004220 0.5914 0.3564 0.0000 0.0522
004240 0.5877 0.3621 0.0000 0.0503
004260 0.5953 0.3577 0.0000 0.0469
004280 0.6012 0.3503 0.0000 0.0485
004300 0.6048 0.3459 0.0000 0.0494
004320 0.6033 0.3465 0.0000 0.0501
004340 0.5975 0.3509 0.0000 0.0515
004360 0.5911 0.3581 0.0000 0.0508
004380 0.5891 0.3605 0.0000 0.0504
004400 0.5878 0.3611 0.0000 0.0511
004420 0.5937 0.3575 0.0000 0.0489
004440 0.5988 0.3539 0.0000 0.0473
004460 0.6050 0.3465 0.0000 0.0486
004480 0.6067 0.3437 0.0000 0.0496
004500 0.6054 0.3436 0.0000 0.0511
004520 0.5984 0.3478 0.0000 0.0538
004540 0.5866 0.3584 0.0000 0.0550
004560 0.5799 0.3662 0.0000 0.0540
004580 0.5749 0.3744 0.0000 0.0507
004600 0.5778 0.3723 0.0000 0.0499
004620 0.5875 0.3641 0.0000 0.0484
004640 0.5973 0.3546 0.0000 0.0481
004660 0.6063 0.3453 0.0000 0.0484
004680 0.6069 0.3434 0.0000 0.0497
004700 0.6060 0.3437 0.0000 0.0504
004720 0.5948 0.3515 0.0000 0.0537
004740 0.5863 0.3601 0.0000 0.0536
004760 0.5816 0.3659 0.0000 0.0525
004780 0.5815 0.3680 0.0000 0.0505
004800 0.5909 0.3610 0.0000 0.0481
004820 0.6036 0.3490 0.0000 0.0474
004840 0.6111 0.3405 0.0000 0.0484
004860 0.6113 0.3414 0.0000 0.0473
004880 0.6106 0.3413 0.0000 0.0481
004900 0.6058 0.3448 0.0000 0.0494
004920 0.6013 0.3480 0.0000 0.0507
004940 0.5958 0.3527 0.0000 0.0514
004960 0.5904 0.3551 0.0000 0.0546
004980 0.5831 0.3640 0.0000 0.0529
005000 0.5835 0.3643 0.0000 0.0522
005020 0.5856 0.3622 0.0000 0.0522
005040 0.5850 0.3641 0.0000 0.0509
005060 0.5917 0.3615 0.0000 0.0468
005080 0.5977 0.3536 0.0000 0.0486
005100 0.6002 0.3491 0.0000 0.0506
005120 0.5965 0.3527 0.0000 0.0508
005140 0.5946 0.3551 0.0000 0.0503
005160 0.5933 0.3563 0.0000 0.0504
005180 0.5958 0.3543 0.0000 0.0499
005200 0.5930 0.3559 0.0000 0.0511
005220 0.5914 0.3576 0.0000 0.0510
005240 0.5935 0.3579 0.0000 0.0486
005260 0.5980 0.3521 0.0000 0.0498
005280 0.5988 0.3519 0.0000 0.0493
005300 0.5990 0.3499 0.0000 0.0511
005320 0.5976 0.3521 0.0000 0.0503
005340 0.5962 0.3548 0.0000 0.0490
005360 0.5970 0.3548 0.0000 0.0481
005380 0.5973 0.3534 0.0000 0.0493
005400 0.5985 0.3526 0.0000 0.0489
005420 0.6034 0.3483 0.0000 0.0483
005440 0.6108 0.3405 0.0000 0.0487
005460 0.6118 0.3398 0.0000 0.0484
005480 0.6083 0.3409 0.0000 0.0508
005500 0.5997 0.3491 0.0000 0.0512
005520 0.5906 0.3574 0.0000 0.0520
005540 0.5861 0.3622 0.0000 0.0516
005560 0.5848 0.3638 0.0000 0.0513
005580 0.5839 0.3654 0.0000 0.0508
005600 0.5963 0.3577 0.0000 0.0460
005620 0.6066 0.3473 0.0000 0.0461
005640 0.6058 0.3424 0.0000 0.0518
005660 0.6005 0.3492 0.0000 0.0503
005680 0.5948 0.3524 0.0000 0.0528
005700 0.5886 0.3587 0.0000 0.0527
005720 0.5857 0.3630 0.0000 0.0512
005740 0.5866 0.3630 0.0000 0.0503
005760 0.5913 0.3602 0.0000 0.0484
005780 0.5991 0.3533 0.0000 0.0476
005800 0.6035 0.3477 0.0000 0.0488
005820 0.6079 0.3441 0.0000 0.0480
005840 0.6107 0.3407 0.0000 0.0486
005860 0.6064 0.3414 0.0000 0.0521
005880 0.6017 0.3469 0.0000 0.0514
005900 0.5954 0.3524 0.0000 0.0522
005920 0.5937 0.3572 0.0000 0.0490
005940 0.5966 0.3539 0.0000 0.0495
005960 0.5990 0.3508 0.0000 0.0502
005980 0.6000 0.3508 0.0000 0.0492
006000 0.6019 0.3486 0.0000 0.0496
006020 0.5971 0.3528 0.0000 0.0500
006040 0.5938 0.3549 0.0000 0.0512
006060 0.5909 0.3571 0.0000 0.0520
006080 0.5911 0.3579 0.0000 0.0511
006100 0.5890 0.3596 0.0000 0.0514
006120 0.5926 0.3586 0.0000 0.0488
006140 0.6005 0.3519 0.0000 0.0476
006160 0.6033 0.3487 0.0000 0.0480
006180 0.6073 0.3434 0.0000 0.0492
006200 0.6029 0.3460 0.0000 0.0511
006220 0.5960 0.3522 0.0000 0.0518
006240 0.5910 0.3576 0.0000 0.0513
006260 0.5903 0.3576 0.0000 0.0520
006280 0.5866 0.3609 0.0000 0.0524
006300 0.5843 0.3653 0.0000 0.0505
006320 0.5785 0.3698 0.0000 0.0517
006340 0.5822 0.3665 0.0000 0.0512
006360 0.5873 0.3647 0.0000 0.0480
006380 0.5997 0.3534 0.0000 0.0470
006400 0.6091 0.3445 0.0000 0.0464
006420 0.6105 0.3402 0.0000 0.0493
006440 0.6059 0.3434 0.0000 0.0507
006460 0.6016 0.3472 0.0000 0.0513
006480 0.5966 0.3528 0.0000 0.0507
006500 0.5915 0.3562 0.0000 0.0523
006520 0.5867 0.3632 0.0000 0.0501
006540 0.5870 0.3628 0.0000 0.0502
006560 0.5878 0.3633 0.0000 0.0489
006580 0.5938 0.3586 0.0000 0.0475
006600 0.6016 0.3487 0.0000 0.0497
006620 0.5990 0.3490 0.0000 0.0520
006640 0.5959 0.3536 0.0000 0.0505
006660 0.5952 0.3548 0.0000 0.0499
006680 0.5951 0.3533 0.0000 0.0516
006700 0.5936 0.3531 0.0000 0.0533
006720 0.5914 0.3573 0.0000 0.0513
006740 0.5903 0.3603 0.0000 0.0494
006760 0.5933 0.3587 0.0000 0.0480
006780 0.5985 0.3521 0.0000 0.0493
006800 0.5996 0.3493 0.0000 0.0511
006820 0.6000 0.3507 0.0000 0.0493
006840 0.5983 0.3522 0.0000 0.0494
006860 0.6030 0.3482 0.0000 0.0487
006880 0.6048 0.3454 0.0000 0.0497
006900 0.5988 0.3502 0.0000 0.0511
006920 0.5979 0.3527 0.0000 0.0493
006940 0.5948 0.3553 0.0000 0.0499
006960 0.5970 0.3534 0.0000 0.0496
006980 0.5972 0.3521 0.0000 0.0507
007000 0.5952 0.3532 0.0000 0.0515
007020 0.5923 0.3549 0.0000 0.0528
007040 0.5923 0.3572 0.0000 0.0506
007060 0.5907 0.3604 0.0000 0.0488
007080 0.5917 0.3580 0.0000 0.0503
007100 0.5954 0.3540 0.0000 0.0506
007120 0.6015 0.3506 0.0000 0.0479
007140 0.6051 0.3450 0.0000 0.0499
007160 0.6044 0.3460 0.0000 0.0495
007180 0.6008 0.3479 0.0000 0.0514
007200 0.6004 0.3502 0.0000 0.0494
007220 0.6021 0.3505 0.0000 0.0475
007240 0.6049 0.3457 0.0000 0.0494
007260 0.6068 0.3429 0.0000 0.0503
007280 0.6000 0.3484 0.0000 0.0516
007300 0.5959 0.3538 0.0000 0.0502
007320 0.5940 0.3557 0.0000 0.0502
007340 0.5902 0.3590 0.0000 0.0508
007360 0.5886 0.3608 0.0000 0.0506
007380 0.5875 0.3617 0.0000 0.0508
007400 0.5917 0.3574 0.0000 0.0509
007420 0.5957 0.3548 0.0000 0.0494
007440 0.6044 0.3473 0.0000 0.0483
007460 0.6076 0.3445 0.0000 0.0480
007480 0.6041 0.3455 0.0000 0.0504
007500 0.5991 0.3497 0.0000 0.0513
007520 0.5995 0.3511 0.0000 0.0494
007540 0.6012 0.3490 0.0000 0.0498
007560 0.6004 0.3493 0.0000 0.0502
007580 0.5955 0.3518 0.0000 0.0527
007600 0.5907 0.3581 0.0000 0.0512
007620 0.5885 0.3600 0.0000 0.0515
007640 0.5892 0.3593 0.0000 0.0515
007660 0.5915 0.3563 0.0000 0.0523
007680 0.5933 0.3554 0.0000 0.0512
007700 0.5933 0.3559 0.0000 0.0508
007720 0.5943 0.3565 0.0000 0.0492
007740 0.5943 0.3545 0.0000 0.0512
007760 0.5916 0.3572 0.0000 0.0512
007780 0.5939 0.3557 0.0000 0.0504
007800 0.5948 0.3560 0.0000 0.0492
007820 0.5979 0.3535 0.0000 0.0487
007840 0.6010 0.3495 0.0000 0.0495
007860 0.6014 0.3477 0.0000 0.0509
007880 0.5930 0.3527 0.0000 0.0543
007900 0.5837 0.3634 0.0000 0.0528
007920 0.5819 0.3668 0.0000 0.0513
007940 0.5860 0.3639 0.0000 0.0501
007960 0.5909 0.3605 0.0000 0.0486
007980 0.6020 0.3520 0.0000 0.0460
008000 0.6080 0.3423 0.0000 0.0497
008020 0.6065 0.3426 0.0000 0.0509
008040 0.6011 0.3478 0.0000 0.0512
008060 0.5986 0.3508 0.0000 0.0506
008080 0.5974 0.3527 0.0000 0.0500
008100 0.5924 0.3542 0.0000 0.0535
008120 0.5847 0.3636 0.0000 0.0517
008140 0.5827 0.3677 0.0000 0.0496
008160 0.5882 0.3634 0.0000 0.0485
008180 0.6001 0.3535 0.0000 0.0464
008200 0.6109 0.3431 0.0000 0.0460
008220 0.6185 0.3361 0.0000 0.0454
008240 0.6172 0.3329 0.0000 0.0499
008260 0.6037 0.3406 0.0000 0.0558
008280 0.5816 0.3584 0.0000 0.0600
008300 0.5608 0.3824 0.0000 0.0569
008320 0.5629 0.3871 0.0000 0.0500
008340 0.5768 0.3765 0.0000 0.0467
008360 0.5946 0.3589 0.0000 0.0465
008380 0.6073 0.3461 0.0000 0.0467
008400 0.6163 0.3372 0.0000 0.0465
008420 0.6148 0.3345 0.0000 0.0507
008440 0.6005 0.3407 0.0000 0.0589
008460 0.5842 0.3592 0.0000 0.0566
008480 0.5704 0.3739 0.0000 0.0558
008500 0.5630 0.3839 0.0000 0.0531
008520 0.5752 0.3762 0.0000 0.0486
008540 0.5925 0.3622 0.0000 0.0454
008560 0.6083 0.3471 0.0000 0.0445
008580 0.6173 0.3360 0.0000 0.0466
008600 0.6160 0.3333 0.0000 0.0507
008620 0.6109 0.3376 0.0000 0.0515
008640 0.5989 0.3465 0.0000 0.0546
008660 0.5789 0.3646 0.0000 0.0565
008680 0.5696 0.3766 0.0000 0.0537
008700 0.5717 0.3788 0.0000 0.0495
008720 0.5857 0.3678 0.0000 0.0465
008740 0.6006 0.3523 0.0000 0.0471
008760 0.6039 0.3458 0.0000 0.0503
008780 0.6063 0.3439 0.0000 0.0498
008800 0.6090 0.3401 0.0000 0.0509
008820 0.6005 0.3457 0.0000 0.0538
008840 0.5940 0.3545 0.0000 0.0514
008860 0.5894 0.3612 0.0000 0.0494
008880 0.5894 0.3616 0.0000 0.0490
008900 0.5895 0.3582 0.0000 0.0523
008920 0.5896 0.3586 0.0000 0.0518
008940 0.5920 0.3569 0.0000 0.0511
008960 0.5965 0.3538 0.0000 0.0497
008980 0.5985 0.3514 0.0000 0.0501
009000 0.5951 0.3510 0.0000 0.0539
009020 0.5907 0.3567 0.0000 0.0527
009040 0.5874 0.3628 0.0000 0.0498
009060 0.5880 0.3624 0.0000 0.0496
009080 0.5902 0.3614 0.0000 0.0484
009100 0.5866 0.3600 0.0000 0.0534
009120 0.5858 0.3650 0.0000 0.0492
009140 0.5934 0.3600 0.0000 0.0467
009160 0.6026 0.3507 0.0000 0.0468
009180 0.6061 0.3459 0.0000 0.0480
009200 0.6075 0.3431 0.0000 0.0494
009220 0.6067 0.3425 0.0000 0.0508
009240 0.6030 0.3469 0.0000 0.0501
009260 0.6021 0.3476 0.0000 0.0503
009280 0.6007 0.3501 0.0000 0.0493
009300 0.6010 0.3505 0.0000 0.0484
009320 0.5996 0.3486 0.0000 0.0518
009340 0.5948 0.3520 0.0000 0.0532
009360 0.5875 0.3595 0.0000 0.0530
009380 0.5870 0.3633 0.0000 0.0496
009400 0.5889 0.3621 0.0000 0.0489
009420 0.5918 0.3577 0.0000 0.0504
009440 0.5957 0.3535 0.0000 0.0508
009460 0.5969 0.3525 0.0000 0.0506
009480 0.6002 0.3494 0.0000 0.0503
009500 0.6029 0.3479 0.0000 0.0491
009520 0.5990 0.3493 0.0000 0.0517
009540 0.5963 0.3514 0.0000 0.0523
009560 0.5912 0.3571 0.0000 0.0517
009580 0.5955 0.3565 0.0000 0.0481
009600 0.5971 0.3532 0.0000 0.0497
009620 0.6011 0.3512 0.0000 0.0477
009640 0.6020 0.3478 0.0000 0.0502
009660 0.5946 0.3528 0.0000 0.0527
009680 0.5890 0.3575 0.0000 0.0535
009700 0.5864 0.3616 0.0000 0.0520
009720 0.5859 0.3640 0.0000 0.0500
009740 0.5915 0.3596 0.0000 0.0489
009760 0.5990 0.3524 0.0000 0.0486
009780 0.6043 0.3475 0.0000 0.0482
009800 0.6057 0.3450 0.0000 0.0493
009820 0.6042 0.3459 0.0000 0.0499
009840 0.5984 0.3504 0.0000 0.0511
009860 0.5941 0.3540 0.0000 0.0519
009880 0.5904 0.3582 0.0000 0.0514
009900 0.5914 0.3561 0.0000 0.0525
009920 0.5877 0.3605 0.0000 0.0518
009940 0.5842 0.3650 0.0000 0.0508
009960 0.5863 0.3668 0.0000 0.0468
009980 0.5957 0.3589 0.0000 0.0454
010000 0.6064 0.3454 0.0000 0.0483
010020 0.6086 0.3404 0.0000 0.0511
010040 0.6044 0.3459 0.0000 0.0496
010060 0.6042 0.3463 0.0000 0.0495
010080 0.6042 0.3463 0.0000 0.0495
010100 0.6042 0.3463 0.0000 0.0495
010120 0.6042 0.3463 0.0000 0.0495
010140 0.6042 0.3463 0.0000 0.0495
010160 0.6042 0.3463 0.0000 0.0495
010180 0.6042 0.3463 0.0000 0.0495
010200 0.6042 0.3463 0.0000 0.0495
010220 0.6042 0.3463 0.0000 0.0495
010240 0.6042 0.3463 0.0000 0.0495
010260 0.6042 0.3463 0.0000 0.0495
010280 0.6042 0.3463 0.0000 0.0495
010300 0.6042 0.3463 0.0000 0.0495
010320 0.6042 0.3463 0.0000 0.0495
010340 0.6042 0.3463 0.0000 0.0495
010360 0.6042 0.3463 0.0000 0.0495
010380 0.6042 0.3463 0.0000 0.0495
010400 0.6042 0.3463 0.0000 0.0495
010420 0.6042 0.3463 0.0000 0.0495
010440 0.6042 0.3463 0.0000 0.0495
010460 0.6042 0.3463 0.0000 0.0495
010480 0.6042 0.3463 0.0000 0.0495
010500 0.6042 0.3463 0.0000 0.0495
010520 0.6042 0.3463 0.0000 0.0495
010540 0.6042 0.3463 0.0000 0.0495
010560 0.6042 0.3463 0.0000 0.0495
010580 0.6042 0.3463 0.0000 0.0495
010600 0.6042 0.3463 0.0000 0.0495
010620 0.6042 0.3463 0.0000 0.0495
010640 0.6042 0.3463 0.0000 0.0495
010660 0.6042 0.3463 0.0000 0.0495
010680 0.6042 0.3463 0.0000 0.0495
010700 0.6042 0.3463 0.0000 0.0495
010720 0.6042 0.3463 0.0000 0.0495
010740 0.6042 0.3463 0.0000 0.0495
010760 0.6042 0.3463 0.0000 0.0495
010780 0.6042 0.3463 0.0000 0.0495
010800 0.6042 0.3463 0.0000 0.0495
010820 0.6042 0.3463 0.0000 0.0495
010840 0.6042 0.3463 0.0000 0.0495
010860 0.6042 0.3463 0.0000 0.0495
010880 0.6042 0.3463 0.0000 0.0495
010900 0.6042 0.3463 0.0000 0.0495
010920 0.6042 0.3463 0.0000 0.0495
010940 0.6042 0.3463 0.0000 0.0495
010960 0.6042 0.3463 0.0000 0.0495
010980 0.6042 0.3463 0.0000 0.0495
011000 0.6042 0.3463 0.0000 0.0495
011020 0.6042 0.3463 0.0000 0.0495
011040 0.6042 0.3463 0.0000 0.0495
011060 0.6042 0.3463 0.0000 0.0495
011080 0.6042 0.3463 0.0000 0.0495
011100 0.6042 0.3463 0.0000 0.0495
011120 0.6042 0.3463 0.0000 0.0495
011140 0.6042 0.3463 0.0000 0.0495
011160 0.6042 0.3463 0.0000 0.0495
011180 0.6042 0.3463 0.0000 0.0495
011200 0.6042 0.3463 0.0000 0.0495
011220 0.6042 0.3463 0.0000 0.0495
011240 0.6042 0.3463 0.0000 0.0495
011260 0.6042 0.3463 0.0000 0.0495
011280 0.6042 0.3463 0.0000 0.0495
011300 0.6042 0.3463 0.0000 0.0495
011320 0.6042 0.3463 0.0000 0.0495
011340 0.6042 0.3463 0.0000 0.0495
011360 0.6042 0.3463 0.0000 0.0495
011380 0.6042 0.3463 0.0000 0.0495
011400 0.6042 0.3463 0.0000 0.0495
011420 0.6042 0.3463 0.0000 0.0495
011440 0.6042 0.3463 0.0000 0.0495
011460 0.6042 0.3463 0.0000 0.0495
011480 0.6042 0.3463 0.0000 0.0495
011500 0.6042 0.3463 0.0000 0.0495
011520 0.6042 0.3463 0.0000 0.0495
011540 0.6042 0.3463 0.0000 0.0495
011560 0.6042 0.3463 0.0000 0.0495
011580 0.6042 0.3463 0.0000 0.0495
011600 0.6042 0.3463 0.0000 0.0495
011620 0.6042 0.3463 0.0000 0.0495
011640 0.6042 0.3463 0.0000 0.0495
011660 0.6042 0.3463 0.0000 0.0495
011680 0.6042 0.3463 0.0000 0.0495
011700 0.6042 0.3463 0.0000 0.0495
011720 0.6042 0.3463 0.0000 0.0495
011740 0.6042 0.3463 0.0000 0.0495
011760 0.6042 0.3463 0.0000 0.0495
011780 0.6042 0.3463 0.0000 0.0495
011800 0.6042 0.3463 0.0000 0.0495
011820 0.6042 0.3463 0.0000 0.0495
011840 0.6042 0.3463 0.0000 0.0495
011860 0.6042 0.3463 0.0000 0.0495
011880 0.6042 0.3463 0.0000 0.0495
011900 0.6042 0.3463 0.0000 0.0495
011920 0.6042 0.3463 0.0000 0.0495
011940 0.6042 0.3463 0.0000 0.0495
011960 0.6042 0.3463 0.0000 0.0495
011980 0.6042 0.3463 0.0000 0.0495
012000 0.6042 0.3463 0.0000 0.0495
012020 0.6042 0.3463 0.0000 0.0495
012040 0.6042 0.3463 0.0000 0.0495
012060 0.6042 0.3463 0.0000 0.0495
012080 0.6042 0.3463 0.0000 0.0495
012100 0.6042 0.3463 0.0000 0.0495
012120 0.6042 0.3463 0.0000 0.0495
012140 0.6042 0.3463 0.0000 0.0495
012160 0.6042 0.3463 0.0000 0.0495
012180 0.6042 0.3463 0.0000 0.0495
012200 0.6042 0.3463 0.0000 0.0495
012220 0.6042 0.3463 0.0000 0.0495
012240 0.6042 0.3463 0.0000 0.0495
012260 0.6042 0.3463 0.0000 0.0495
012280 0.6042 0.3463 0.0000 0.0495
012300 0.6042 0.3463 0.0000 0.0495
012320 0.6042 0.3463 0.0000 0.0495
012340 0.6042 0.3463 0.0000 0.0495
012360 0.6042 0.3463 0.0000 0.0495
012380 0.6042 0.3463 0.0000 0.0495
012400 0.6042 0.3463 0.0000 0.0495
012420 0.6042 0.3463 0.0000 0.0495
012440 0.6042 0.3463 0.0000 0.0495
012460 0.6042 0.3463 0.0000 0.0495
012480 0.6042 0.3463 0.0000 0.0495
012500 0.6042 0.3463 0.0000 0.0495
012520 0.6042 0.3463 0.0000 0.0495
012540 0.6042 0.3463 0.0000 0.0495
012560 0.6042 0.3463 0.0000 0.0495
012580 0.6042 0.3463 0.0000 0.0495
012600 0.6042 0.3463 0.0000 0.0495
012620 0.6042 0.3463 0.0000 0.0495
012640 0.6042 0.3463 0.0000 0.0495
012660 0.6042 0.3463 0.0000 0.0495
012680 0.6042 0.3463 0.0000 0.0495
012700 0.6042 0.3463 0.0000 0.0495
012720 0.6042 0.3463 0.0000 0.0495
012740 0.6042 0.3463 0.0000 0.0495
012760 0.6042 0.3463 0.0000 0.0495
012780 0.6042 0.3463 0.0000 0.0495
012800 0.6042 0.3463 0.0000 0.0495
012820 0.6042 0.3463 0.0000 0.0495
012840 0.6042 0.3463 0.0000 0.0495
012860 0.6042 0.3463 0.0000 0.0495
012880 0.6042 0.3463 0.0000 0.0495
012900 0.6042 0.3463 0.0000 0.0495
012920 0.6042 0.3463 0.0000 0.0495
012940 0.6042 0.3463 0.0000 0.0495
012960 0.6042 0.3463 0.0000 0.0495
012980 0.6042 0.3463 0.0000 0.0495
013000 0.6042 0.3463 0.0000 0.0495
013020 0.6042 0.3463 0.0000 0.0495
013040 0.6042 0.3463 0.0000 0.0495
013060 0.6042 0.3463 0.0000 0.0495
013080 0.6042 0.3463 0.0000 0.0495
013100 0.6042 0.3463 0.0000 0.0495
013120 0.6042 0.3463 0.0000 0.0495
013140 0.6042 0.3463 0.0000 0.0495
013160 0.6042 0.3463 0.0000 0.0495
013180 0.6042 0.3463 0.0000 0.0495
013200 0.6042 0.3463 0.0000 0.0495
013220 0.6042 0.3463 0.0000 0.0495
013240 0.6042 0.3463 0.0000 0.0495
013260 0.6042 0.3463 0.0000 0.0495
013280 0.6042 0.3463 0.0000 0.0495
013300 0.6042 0.3463 0.0000 0.0495
013320 0.6042 0.3463 0.0000 0.0495
013340 0.6042 0.3463 0.0000 0.0495
013360 0.6042 0.3463 0.0000 0.0495
013380 0.6042 0.3463 0.0000 0.0495
013400 0.6042 0.3463 0.0000 0.0495
013420 0.6042 0.3463 0.0000 0.0495
013440 0.6042 0.3463 0.0000 0.0495
013460 0.6042 0.3463 0.0000 0.0495
013480 0.6042 0.3463 0.0000 0.0495
013500 0.6042 0.3463 0.0000 0.0495
013520 0.6042 0.3463 0.0000 0.0495
013540 0.6042 0.3463 0.0000 0.0495
013560 0.6042 0.3463 0.0000 0.0495
013580 0.6042 0.3463 0.0000 0.0495
013600 0.6042 0.3463 0.0000 0.0495
013620 0.6042 0.3463 0.0000 0.0495
013640 0.6042 0.3463 0.0000 0.0495
013660 0.6042 0.3463 0.0000 0.0495
013680 0.6042 0.3463 0.0000 0.0495
013700 0.6042 0.3463 0.0000 0.0495
013720 0.6042 0.3463 0.0000 0.0495
013740 0.6042 0.3463 0.0000 0.0495
013760 0.6042 0.3463 0.0000 0.0495
013780 0.6042 0.3463 0.0000 0.0495
013800 0.6042 0.3463 0.0000 0.0495
013820 0.6042 0.3463 0.0000 0.0495
013840 0.6042 0.3463 0.0000 0.0495
013860 0.6042 0.3463 0.0000 0.0495
013880 0.6042 0.3463 0.0000 0.0495
013900 0.6042 0.3463 0.0000 0.0495
013920 0.6042 0.3463 0.0000 0.0495
013940 0.6042 0.3463 0.0000 0.0495
013960 0.6042 0.3463 0.0000 0.0495
013980 0.6042 0.3463 0.0000 0.0495
014000 0.6042 0.3463 0.0000 0.0495
014020 0.6042 0.3463 0.0000 0.0495
014040 0.6042 0.3463 0.0000 0.0495
014060 0.6042 0.3463 0.0000 0.0495
014080 0.6042 0.3463 0.0000 0.0495
014100 0.6042 0.3463 0.0000 0.0495
014120 0.6042 0.3463 0.0000 0.0495
014140 0.6042 0.3463 0.0000 0.0495
014160 0.6042 0.3463 0.0000 0.0495
014180 0.6042 0.3463 0.0000 0.0495
014200 0.6042 0.3463 0.0000 0.0495
014220 0.6042 0.3463 0.0000 0.0495
014240 0.6042 0.3463 0.0000 0.0495
014260 0.6042 0.3463 0.0000 0.0495
014280 0.6042 0.3463 0.0000 0.0495
014300 0.6042 0.3463 0.0000 0.0495
014320 0.6042 0.3463 0.0000 0.0495
014340 0.6042 0.3463 0.0000 0.0495
014360 0.6042 0.3463 0.0000 0.0495
014380 0.6042 0.3463 0.0000 0.0495
014400 0.6042 0.3463 0.0000 0.0495
014420 0.6042 0.3463 0.0000 0.0495
014440 0.6042 0.3463 0.0000 0.0495
014460 0.6042 0.3463 0.0000 0.0495
014480 0.6042 0.3463 0.0000 0.0495
014500 0.6042 0.3463 0.0000 0.0495
014520 0.6042 0.3463 0.0000 0.0495
014540 0.6042 0.3463 0.0000 0.0495
014560 0.6042 0.3463 0.0000 0.0495
014580 0.6042 0.3463 0.0000 0.0495
014600 0.6042 0.3463 0.0000 0.0495
014620 0.6042 0.3463 0.0000 0.0495
014640 0.6042 0.3463 0.0000 0.0495
014660 0.6042 0.3463 0.0000 0.0495
014680 0.6042 0.3463 0.0000 0.0495
014700 0.6042 0.3463 0.0000 0.0495
014720 0.6042 0.3463 0.0000 0.0495
014740 0.6042 0.3463 0.0000 0.0495
014760 0.6042 0.3463 0.0000 0.0495
014780 0.6042 0.3463 0.0000 0.0495
014800 0.6042 0.3463 0.0000 0.0495
014820 0.6042 0.3463 0.0000 0.0495
014840 0.6042 0.3463 0.0000 0.0495
014860 0.6042 0.3463 0.0000 0.0495
014880 0.6042 0.3463 0.0000 0.0495
014900 0.6042 0.3463 0.0000 0.0495
014920 0.6042 0.3463 0.0000 0.0495
014940 0.6042 0.3463 0.0000 0.0495
014960 0.6042 0.3463 0.0000 0.0495
014980 0.6042 0.3463 0.0000 0.0495
015000 0.6042 0.3463 0.0000 0.0495
015020 0.6042 0.3463 0.0000 0.0495
015040 0.6042 0.3463 0.0000 0.0495
015060 0.6042 0.3463 0.0000 0.0495
015080 0.6042 0.3463 0.0000 0.0495
015100 0.6042 0.3463 0.0000 0.0495
015120 0.6042 0.3463 0.0000 0.0495
015140 0.6042 0.3463 0.0000 0.0495
015160 0.6042 0.3463 0.0000 0.0495
015180 0.6042 0.3463 0.0000 0.0495
015200 0.6042 0.3463 0.0000 0.0495
015220 0.6042 0.3463 0.0000 0.0495
015240 0.6042 0.3463 0.0000 0.0495
015260 0.6042 0.3463 0.0000 0.0495
015280 0.6042 0.3463 0.0000 0.0495
015300 0.6042 0.3463 0.0000 0.0495
015320 0.6042 0.3463 0.0000 0.0495
015340 0.6042 0.3463 0.0000 0.0495
015360 0.6042 0.3463 0.0000 0.0495
015380 0.6042 0.3463 0.0000 0.0495
015400 0.6042 0.3463 0.0000 0.0495
015420 0.6042 0.3463 0.0000 0.0495
015440 0.6042 0.3463 0.0000 0.0495
015460 0.6042 0.3463 0.0000 0.0495
015480 0.6042 0.3463 0.0000 0.0495
015500 0.6042 0.3463 0.0000 0.0495
015520 0.6042 0.3463 0.0000 0.0495
015540 0.6042 0.3463 0.0000 0.0495
015560 0.6042 0.3463 0.0000 0.0495
015580 0.6042 0.3463 0.0000 0.0495
015600 0.6042 0.3463 0.0000 0.0495
015620 0.6042 0.3463 0.0000 0.0495
015640 0.6042 0.3463 0.0000 0.0495
015660 0.6042 0.3463 0.0000 0.0495
015680 0.6042 0.3463 0.0000 0.0495
015700 0.6042 0.3463 0.0000 0.0495
015720 0.6042 0.3463 0.0000 0.0495
015740 0.6042 0.3463 0.0000 0.0495
015760 0.6042 0.3463 0.0000 0.0495
015780 0.6042 0.3463 0.0000 0.0495
015800 0.6042 0.3463 0.0000 0.0495
015820 0.6042 0.3463 0.0000 0.0495
015840 0.6042 0.3463 0.0000 0.0495
015860 0.6042 0.3463 0.0000 0.0495
015880 0.6042 0.3463 0.0000 0.0495
015900 0.6042 0.3463 0.0000 0.0495
015920 0.6042 0.3463 0.0000 0.0495
015940 0.6042 0.3463 0.0000 0.0495
015960 0.6042 0.3463 0.0000 0.0495
015980 0.6042 0.3463 0.0000 0.0495
016000 0.6042 0.3463 0.0000 0.0495
016020 0.6042 0.3463 0.0000 0.0495
016040 0.6042 0.3463 0.0000 0.0495
016060 0.6042 0.3463 0.0000 0.0495
016080 0.6042 0.3463 0.0000 0.0495
016100 0.6042 0.3463 0.0000 0.0495
016120 0.6042 0.3463 0.0000 0.0495
016140 0.6042 0.3463 0.0000 0.0495
016160 0.6042 0.3463 0.0000 0.0495
016180 0.6042 0.3463 0.0000 0.0495
016200 0.6042 0.3463 0.0000 0.0495
016220 0.6042 0.3463 0.0000 0.0495
016240 0.6042 0.3463 0.0000 0.0495
016260 0.6042 0.3463 0.0000 0.0495
016280 0.6042 0.3463 0.0000 0.0495
016300 0.6042 0.3463 0.0000 0.0495
016320 0.6042 0.3463 0.0000 0.0495
016340 0.6042 0.3463 0.0000 0.0495
016360 0.6042 0.3463 0.0000 0.0495
016380 0.6042 0.3463 0.0000 0.0495
016400 0.6042 0.3463 0.0000 0.0495
016420 0.6042 0.3463 0.0000 0.0495
016440 0.6042 0.3463 0.0000 0.0495
016460 0.6042 0.3463 0.0000 0.0495
016480 0.6042 0.3463 0.0000 0.0495
016500 0.6042 0.3463 0.0000 0.0495
016520 0.6042 0.3463 0.0000 0.0495
016540 0.6042 0.3463 0.0000 0.0495
016560 0.6042 0.3463 0.0000 0.0495
016580 0.6042 0.3463 0.0000 0.0495
016600 0.6042 0.3463 0.0000 0.0495
016620 0.6042 0.3463 0.0000 0.0495
016640 0.6042 0.3463 0.0000 0.0495
016660 0.6042 0.3463 0.0000 0.0495
016680 0.6042 0.3463 0.0000 0.0495
016700 0.6042 0.3463 0.0000 0.0495
016720 0.6042 0.3463 0.0000 0.0495
016740 0.6042 0.3463 0.0000 0.0495
016760 0.6042 0.3463 0.0000 0.0495
016780 0.6042 0.3463 0.0000 0.0495
016800 0.6042 0.3463 0.0000 0.0495
016820 0.6042 0.3463 0.0000 0.0495
016840 0.6042 0.3463 0.0000 0.0495
016860 0.6042 0.3463 0.0000 0.0495
016880 0.6042 0.3463 0.0000 0.0495
016900 0.6042 0.3463 0.0000 0.0495
016920 0.6042 0.3463 0.0000 0.0495
016940 0.6042 0.3463 0.0000 0.0495
016960 0.6042 0.3463 0.0000 0.0495
016980 0.6042 0.3463 0.0000 0.0495
017000 0.6042 0.3463 0.0000 0.0495
017020 0.6042 0.3463 0.0000 0.0495
017040 0.6042 0.3463 0.0000 0.0495
017060 0.6042 0.3463 0.0000 0.0495
017080 0.6042 0.3463 0.0000 0.0495
017100 0.6042 0.3463 0.0000 0.0495
017120 0.6042 0.3463 0.0000 0.0495
017140 0.6042 0.3463 0.0000 0.0495
017160 0.6042 0.3463 0.0000 0.0495
017180 0.6042 0.3463 0.0000 0.0495
017200 0.6042 0.3463 0.0000 0.0495
017220 0.6042 0.3463 0.0000 0.0495
017240 0.6042 0.3463 0.0000 0.0495
017260 0.6042 0.3463 0.0000 0.0495
017280 0.6042 0.3463 0.0000 0.0495
017300 0.6042 0.3463 0.0000 0.0495
017320 0.6042 0.3463 0.0000 0.0495
017340 0.6042 0.3463 0.0000 0.0495
017360 0.6042 0.3463 0.0000 0.0495
017380 0.6042 0.3463 0.0000 0.0495
017400 0.6042 0.3463 0.0000 0.0495
017420 0.6042 0.3463 0.0000 0.0495
017440 0.6042 0.3463 0.0000 0.0495
017460 0.6042 0.3463 0.0000 0.0495
017480 0.6042 0.3463 0.0000 0.0495
017500 0.6042 0.3463 0.0000 0.0495
017520 0.6042 0.3463 0.0000 0.0495
017540 0.6042 0.3463 0.0000 0.0495
017560 0.6042 0.3463 0.0000 0.0495
017580 0.6042 0.3463 0.0000 0.0495
017600 0.6042 0.3463 0.0000 0.0495
017620 0.6042 0.3463 0.0000 0.0495
017640 0.6042 0.3463 0.0000 0.0495
017660 0.6042 0.3463 0.0000 0.0495
017680 0.6042 0.3463 0.0000 0.0495
017700 0.6042 0.3463 0.0000 0.0495
017720 0.6042 0.3463 0.0000 0.0495
017740 0.6042 0.3463 0.0000 0.0495
017760 0.6042 0.3463 0.0000 0.0495
017780 0.6042 0.3463 0.0000 0.0495
017800 0.6042 0.3463 0.0000 0.0495
017820 0.6042 0.3463 0.0000 0.0495
017840 0.6042 0.3463 0.0000 0.0495
017860 0.6042 0.3463 0.0000 0.0495
017880 0.6042 0.3463 0.0000 0.0495
017900 0.6042 0.3463 0.0000 0.0495
017920 0.6042 0.3463 0.0000 0.0495
017940 0.6042 0.3463 0.0000 0.0495
017960 0.6042 0.3463 0.0000 0.0495
017980 0.6042 0.3463 0.0000 0.0495
018000 0.6042 0.3463 0.0000 0.0495
018020 0.6042 0.3463 0.0000 0.0495
018040 0.6042 0.3463 0.0000 0.0495
018060 0.6042 0.3463 0.0000 0.0495
018080 0.6042 0.3463 0.0000 0.0495
018100 0.6042 0.3463 0.0000 0.0495
018120 0.6042 0.3463 0.0000 0.0495
018140 0.6042 0.3463 0.0000 0.0495
018160 0.6042 0.3463 0.0000 0.0495
018180 0.6042 0.3463 0.0000 0.0495
018200 0.6042 0.3463 0.0000 0.0495
018220 0.6042 0.3463 0.0000 0.0495
018240 0.6042 0.3463 0.0000 0.0495
018260 0.6042 0.3463 0.0000 0.0495
018280 0.6042 0.3463 0.0000 0.0495
018300 0.6042 0.3463 0.0000 0.0495
018320 0.6042 0.3463 0.0000 0.0495
018340 0.6042 0.3463 0.0000 0.0495
018360 0.6042 0.3463 0.0000 0.0495
018380 0.6042 0.3463 0.0000 0.0495
018400 0.6042 0.3463 0.0000 0.0495
018420 0.6042 0.3463 0.0000 0.0495
018440 0.6042 0.3463 0.0000 0.0495
018460 0.6042 0.3463 0.0000 0.0495
018480 0.6042 0.3463 0.0000 0.0495
018500 0.6042 0.3463 0.0000 0.0495
018520 0.6042 0.3463 0.0000 0.0495
018540 0.6042 0.3463 0.0000 0.0495
018560 0.6042 0.3463 0.0000 0.0495
018580 0.6042 0.3463 0.0000 0.0495
018600 0.6042 0.3463 0.0000 0.0495
018620 0.6042 0.3463 0.0000 0.0495
018640 0.6042 0.3463 0.0000 0.0495
018660 0.6042 0.3463 0.0000 0.0495
018680 0.6042 0.3463 0.0000 0.0495
018700 0.6042 0.3463 0.0000 0.0495
018720 0.6042 0.3463 0.0000 0.0495
018740 0.6042 0.3463 0.0000 0.0495
018760 0.6042 0.3463 0.0000 0.0495
018780 0.6042 0.3463 0.0000 0.0495
018800 0.6042 0.3463 0.0000 0.0495
018820 0.6042 0.3463 0.0000 0.0495
018840 0.6042 0.3463 0.0000 0.0495
018860 0.6042 0.3463 0.0000 0.0495
018880 0.6042 0.3463 0.0000 0.0495
018900 0.6042 0.3463 0.0000 0.0495
018920 0.6042 0.3463 0.0000 0.0495
018940 0.6042 0.3463 0.0000 0.0495
018960 0.6042 0.3463 0.0000 0.0495
018980 0.6042 0.3463 0.0000 0.0495
019000 0.6042 0.3463 0.0000 0.0495
019020 0.6042 0.3463 0.0000 0.0495
019040 0.6042 0.3463 0.0000 0.0495
019060 0.6042 0.3463 0.0000 0.0495
019080 0.6042 0.3463 0.0000 0.0495
019100 0.6042 0.3463 0.0000 0.0495
019120 0.6042 0.3463 0.0000 0.0495
019140 0.6042 0.3463 0.0000 0.0495
019160 0.6042 0.3463 0.0000 0.0495
019180 0.6042 0.3463 0.0000 0.0495
019200 0.6042 0.3463 0.0000 0.0495
019220 0.6042 0.3463 0.0000 0.0495
019240 0.6042 0.3463 0.0000 0.0495
019260 0.6042 0.3463 0.0000 0.0495
019280 0.6042 0.3463 0.0000 0.0495
019300 0.6042 0.3463 0.0000 0.0495
019320 0.6042 0.3463 0.0000 0.0495
019340 0.6042 0.3463 0.0000 0.0495
019360 0.6042 0.3463 0.0000 0.0495
019380 0.6042 0.3463 0.0000 0.0495
019400 0.6042 0.3463 0.0000 0.0495
019420 0.6042 0.3463 0.0000 0.0495
019440 0.6042 0.3463 0.0000 0.0495
019460 0.6042 0.3463 0.0000 0.0495
019480 0.6042 0.3463 0.0000 0.0495
019500 0.6042 0.3463 0.0000 0.0495
019520 0.6042 0.3463 0.0000 0.0495
019540 0.6042 0.3463 0.0000 0.0495
019560 0.6042 0.3463 0.0000 0.0495
019580 0.6042 0.3463 0.0000 0.0495
019600 0.6042 0.3463 0.0000 0.0495
019620 0.6042 0.3463 0.0000 0.0495
019640 0.6042 0.3463 0.0000 0.0495
019660 0.6042 0.3463 0.0000 0.0495
019680 0.6042 0.3463 0.0000 0.0495
019700 0.6042 0.3463 0.0000 0.0495
019720 0.6042 0.3463 0.0000 0.0495
019740 0.6042 0.3463 0.0000 0.0495
019760 0.6042 0.3463 0.0000 0.0495
019780 0.6042 0.3463 0.0000 0.0495
019800 0.6042 0.3463 0.0000 0.0495
019820 0.6042 0.3463 0.0000 0.0495
019840 0.6042 0.3463 0.0000 0.0495
019860 0.6042 0.3463 0.0000 0.0495
019880 0.6042 0.3463 0.0000 0.0495
019900 0.6042 0.3463 0.0000 0.0495
019920 0.6042 0.3463 0.0000 0.0495
019940 0.6042 0.3463 0.0000 0.0495
019960 0.6042 0.3463 0.0000 0.0495
019980 0.6042 0.3463 0.0000 0.0495
020000 0.6042 0.3463 0.0000 0.0495
