000000 0.2500 0.2500 0.2500 0.2500
000020 0.2603 0.2590 0.2299 0.2509
000040 0.2722 0.2683 0.2080 0.2514
000060 0.2839 0.2776 0.1873 0.2512
000080 0.2951 0.2876 0.1676 0.2497
000100 0.3045 0.2993 0.1488 0.2474
000120 0.3133 0.3116 0.1306 0.2444
000140 0.3211 0.3241 0.1141 0.2408
000160 0.3282 0.3370 0.0985 0.2363
000180 0.3345 0.3507 0.0839 0.2309
000200 0.3387 0.3658 0.0702 0.2253
000220 0.3418 0.3820 0.0581 0.2181
000240 0.3444 0.3982 0.0466 0.2108
000260 0.3441 0.4163 0.0362 0.2034
000280 0.3408 0.4372 0.0274 0.1947
000300 0.3371 0.4583 0.0200 0.1847
000320 0.3353 0.4769 0.0136 0.1742
000340 0.3311 0.4978 0.0082 0.1629
000360 0.3254 0.5191 0.0042 0.1512
000380 0.3156 0.5437 0.0017 0.1390
000400 0.3050 0.5702 0.0003 0.1245
000420 0.2959 0.5945 0.0000 0.1096
000440 0.2886 0.6189 0.0000 0.0925
000460 0.2825 0.6413 0.0000 0.0762
000480 0.2790 0.6538 0.0000 0.0672
000500 0.2763 0.6661 0.0000 0.0575
000520 0.2742 0.6782 0.0000 0.0476
000540 0.2745 0.6852 0.0000 0.0403
000560 0.2766 0.6881 0.0000 0.0353
000580 0.2780 0.6911 0.0000 0.0309
000600 0.2798 0.6933 0.0000 0.0268
000620 0.2801 0.6953 0.0000 0.0246
000640 0.2831 0.6940 0.0000 0.0230
000660 0.2909 0.6886 0.0000 0.0205
000680 0.3011 0.6781 0.0000 0.0208
000700 0.3125 0.6664 0.0000 0.0212
000720 0.3204 0.6561 0.0000 0.0235
000740 0.3229 0.6523 0.0000 0.0248
000760 0.3269 0.6475 0.0000 0.0256
000780 0.3293 0.6452 0.0000 0.0255
000800 0.3341 0.6394 0.0000 0.0265
000820 0.3370 0.6363 0.0000 0.0267
000840 0.3441 0.6299 0.0000 0.0260
000860 0.3558 0.6185 0.0000 0.0258
000880 0.3667 0.6093 0.0000 0.0240
000900 0.3796 0.5952 0.0000 0.0252
000920 0.3858 0.5845 0.0000 0.0296
000940 0.3874 0.5812 0.0000 0.0314
000960 0.3873 0.5819 0.0000 0.0308
000980 0.3908 0.5791 0.0000 0.0301
001000 0.3941 0.5738 0.0000 0.0321
001020 0.3998 0.5686 0.0000 0.0315
001040 0.4090 0.5601 0.0000 0.0309
001060 0.4215 0.5482 0.0000 0.0303
001080 0.4361 0.5341 0.0000 0.0298
001100 0.4509 0.5183 0.0000 0.0308
001120 0.4612 0.5065 0.0000 0.0324
001140 0.4652 0.5008 0.0000 0.0340
001160 0.4646 0.4995 0.0000 0.0358
001180 0.4628 0.4992 0.0000 0.0380
001200 0.4657 0.4986 0.0000 0.0357
001220 0.4762 0.4899 0.0000 0.0339
001240 0.4937 0.4741 0.0000 0.0322
001260 0.5104 0.4551 0.0000 0.0344
001280 0.5227 0.4419 0.0000 0.0354
001300 0.5316 0.4314 0.0000 0.0371
001320 0.5337 0.4255 0.0000 0.0408
001340 0.5290 0.4293 0.0000 0.0416
001360 0.5254 0.4307 0.0000 0.0439
001380 0.5195 0.4334 0.0000 0.0470
001400 0.5183 0.4355 0.0000 0.0462
001420 0.5306 0.4285 0.0000 0.0409
001440 0.5479 0.4129 0.0000 0.0392
001460 0.5643 0.3962 0.0000 0.0395
001480 0.5757 0.3816 0.0000 0.0427
001500 0.5760 0.3782 0.0000 0.0457
001520 0.5745 0.3817 0.0000 0.0438
001540 0.5737 0.3818 0.0000 0.0445
001560 0.5722 0.3810 0.0000 0.0468
001580 0.5692 0.3825 0.0000 0.0483
001600 0.5696 0.3835 0.0000 0.0469
001620 0.5747 0.3808 0.0000 0.0445
001640 0.5875 0.3713 0.0000 0.0412
001660 0.5947 0.3625 0.0000 0.0428
001680 0.5948 0.3594 0.0000 0.0459
001700 0.5937 0.3593 0.0000 0.0469
001720 0.5919 0.3609 0.0000 0.0473
001740 0.5851 0.3671 0.0000 0.0478
001760 0.5797 0.3729 0.0000 0.0475
001780 0.5827 0.3718 0.0000 0.0455
001800 0.5890 0.3651 0.0000 0.0459
001820 0.5962 0.3590 0.0000 0.0448
001840 0.5987 0.3537 0.0000 0.0475
001860 0.5963 0.3561 0.0000 0.0476
001880 0.5959 0.3577 0.0000 0.0465
001900 0.6000 0.3529 0.0000 0.0472
001920 0.5955 0.3535 0.0000 0.0510
001940 0.5891 0.3594 0.0000 0.0514
001960 0.5847 0.3665 0.0000 0.0488
001980 0.5853 0.3678 0.0000 0.0469
002000 0.5867 0.3659 0.0000 0.0474
002020 0.5910 0.3630 0.0000 0.0460
002040 0.5993 0.3565 0.0000 0.0442
002060 0.6047 0.3507 0.0000 0.0446
002080 0.6159 0.3415 0.0000 0.0426
002100 0.6162 0.3370 0.0000 0.0467
002120 0.6078 0.3423 0.0000 0.0499
002140 0.5976 0.3517 0.0000 0.0507
002160 0.5905 0.3614 0.0000 0.0481
002180 0.5866 0.3634 0.0000 0.0500
002200 0.5802 0.3693 0.0000 0.0505
002220 0.5805 0.3718 0.0000 0.0477
002240 0.5825 0.3677 0.0000 0.0498
002260 0.5857 0.3660 0.0000 0.0483
002280 0.5890 0.3648 0.0000 0.0462
002300 0.5960 0.3589 0.0000 0.0451
002320 0.6040 0.3519 0.0000 0.0441
002340 0.6107 0.3435 0.0000 0.0458
002360 0.6126 0.3391 0.0000 0.0483
002380 0.6082 0.3411 0.0000 0.0507
002400 0.5983 0.3497 0.0000 0.0521
002420 0.5866 0.3625 0.0000 0.0509
002440 0.5827 0.3696 0.0000 0.0476
002460 0.5801 0.3699 0.0000 0.0500
002480 0.5741 0.3749 0.0000 0.0510
002500 0.5770 0.3757 0.0000 0.0473
002520 0.5864 0.3683 0.0000 0.0453
002540 0.5980 0.3591 0.0000 0.0429
002560 0.6096 0.3465 0.0000 0.0439
002580 0.6152 0.3392 0.0000 0.0455
002600 0.6115 0.3401 0.0000 0.0484
002620 0.6081 0.3447 0.0000 0.0472
002640 0.5991 0.3518 0.0000 0.0491
002660 0.5971 0.3554 0.0000 0.0475
002680 0.5966 0.3574 0.0000 0.0461
002700 0.5968 0.3583 0.0000 0.0449
002720 0.6008 0.3524 0.0000 0.0467
002740 0.5996 0.3518 0.0000 0.0485
002760 0.5961 0.3552 0.0000 0.0488
002780 0.5939 0.3602 0.0000 0.0459
002800 0.5954 0.3573 0.0000 0.0473
002820 0.5972 0.3546 0.0000 0.0482
002840 0.5975 0.3549 0.0000 0.0476
002860 0.5991 0.3539 0.0000 0.0470
002880 0.6002 0.3519 0.0000 0.0479
002900 0.5946 0.3561 0.0000 0.0493
002920 0.5898 0.3615 0.0000 0.0487
002940 0.5903 0.3618 0.0000 0.0480
002960 0.5872 0.3660 0.0000 0.0469
002980 0.5904 0.3625 0.0000 0.0471
003000 0.5961 0.3575 0.0000 0.0464
003020 0.6016 0.3508 0.0000 0.0475
003040 0.6032 0.3491 0.0000 0.0477
003060 0.5988 0.3528 0.0000 0.0484
003080 0.5932 0.3569 0.0000 0.0499
003100 0.5882 0.3622 0.0000 0.0496
003120 0.5856 0.3679 0.0000 0.0465
003140 0.5941 0.3609 0.0000 0.0450
003160 0.5954 0.3557 0.0000 0.0489
003180 0.5939 0.3584 0.0000 0.0477
003200 0.5930 0.3585 0.0000 0.0485
003220 0.5955 0.3589 0.0000 0.0456
003240 0.6024 0.3526 0.0000 0.0450
003260 0.6075 0.3454 0.0000 0.0471
003280 0.6034 0.3474 0.0000 0.0492
003300 0.5928 0.3572 0.0000 0.0500
003320 0.5833 0.3660 0.0000 0.0506
003340 0.5802 0.3696 0.0000 0.0501
003360 0.5848 0.3681 0.0000 0.0470
003380 0.5927 0.3618 0.0000 0.0455
003400 0.6002 0.3536 0.0000 0.0462
003420 0.6064 0.3474 0.0000 0.0463
003440 0.6045 0.3461 0.0000 0.0494
003460 0.5937 0.3543 0.0000 0.0520
003480 0.5787 0.3687 0.0000 0.0526
003500 0.5772 0.3756 0.0000 0.0472
003520 0.5834 0.3706 0.0000 0.0461
003540 0.5915 0.3631 0.0000 0.0454
003560 0.5980 0.3569 0.0000 0.0452
003580 0.6122 0.3453 0.0000 0.0425
003600 0.6171 0.3362 0.0000 0.0467
003620 0.6113 0.3385 0.0000 0.0502
003640 0.5980 0.3509 0.0000 0.0511
003660 0.5886 0.3606 0.0000 0.0508
003680 0.5840 0.3677 0.0000 0.0483
003700 0.5845 0.3672 0.0000 0.0483
003720 0.5873 0.3667 0.0000 0.0460
003740 0.5973 0.3581 0.0000 0.0446
003760 0.6064 0.3500 0.0000 0.0437
003780 0.6143 0.3421 0.0000 0.0436
003800 0.6239 0.3330 0.0000 0.0430
003820 0.6219 0.3305 0.0000 0.0476
003840 0.6131 0.3375 0.0000 0.0494
003860 0.5952 0.3521 0.0000 0.0527
003880 0.5776 0.3674 0.0000 0.0549
003900 0.5740 0.3773 0.0000 0.0487
003920 0.5826 0.3711 0.0000 0.0464
003940 0.5954 0.3610 0.0000 0.0437
003960 0.6053 0.3523 0.0000 0.0424
003980 0.6172 0.3399 0.0000 0.0429
004000 0.6207 0.3332 0.0000 0.0461
004020 0.6152 0.3361 0.0000 0.0487
004040 0.6081 0.3444 0.0000 0.0475
004060 0.6017 0.3506 0.0000 0.0477
004080 0.6003 0.3523 0.0000 0.0474
004100 0.5955 0.3558 0.0000 0.0487
004120 0.5899 0.3607 0.0000 0.0494
004140 0.5902 0.3617 0.0000 0.0481
004160 0.5961 0.3591 0.0000 0.0448
004180 0.5995 0.3537 0.0000 0.0468
004200 0.5971 0.3546 0.0000 0.0483
004220 0.5988 0.3546 0.0000 0.0466
004240 0.5956 0.3534 0.0000 0.0510
004260 0.5902 0.3590 0.0000 0.0507
004280 0.5869 0.3652 0.0000 0.0479
004300 0.5878 0.3661 0.0000 0.0460
004320 0.5932 0.3609 0.0000 0.0459
004340 0.5983 0.3544 0.0000 0.0473
004360 0.6023 0.3515 0.0000 0.0463
004380 0.6072 0.3467 0.0000 0.0461
004400 0.6071 0.3463 0.0000 0.0466
004420 0.6082 0.3469 0.0000 0.0450
004440 0.6097 0.3456 0.0000 0.0447
004460 0.6074 0.3463 0.0000 0.0463
004480 0.6054 0.3473 0.0000 0.0473
004500 0.6013 0.3511 0.0000 0.0475
004520 0.6002 0.3528 0.0000 0.0470
004540 0.5989 0.3530 0.0000 0.0480
004560 0.5928 0.3583 0.0000 0.0489
004580 0.5907 0.3614 0.0000 0.0478
004600 0.5856 0.3660 0.0000 0.0484
004620 0.5911 0.3643 0.0000 0.0446
004640 0.6028 0.3554 0.0000 0.0418
004660 0.6131 0.3443 0.0000 0.0427
004680 0.6183 0.3364 0.0000 0.0452
004700 0.6195 0.3343 0.0000 0.0461
004720 0.6162 0.3354 0.0000 0.0484
004740 0.6066 0.3426 0.0000 0.0508
004760 0.5958 0.3537 0.0000 0.0505
004780 0.5863 0.3613 0.0000 0.0524
004800 0.5785 0.3688 0.0000 0.0527
004820 0.5767 0.3754 0.0000 0.0479
004840 0.5812 0.3742 0.0000 0.0446
004860 0.5919 0.3643 0.0000 0.0439
004880 0.6066 0.3531 0.0000 0.0403
004900 0.6198 0.3379 0.0000 0.0423
004920 0.6218 0.3319 0.0000 0.0463
004940 0.6139 0.3367 0.0000 0.0494
004960 0.5959 0.3504 0.0000 0.0537
004980 0.5778 0.3690 0.0000 0.0532
005000 0.5705 0.3786 0.0000 0.0509
005020 0.5763 0.3775 0.0000 0.0463
005040 0.5898 0.3651 0.0000 0.0452
005060 0.6025 0.3546 0.0000 0.0429
005080 0.6138 0.3430 0.0000 0.0432
005100 0.6163 0.3370 0.0000 0.0467
005120 0.6086 0.3405 0.0000 0.0510
005140 0.5965 0.3545 0.0000 0.0490
005160 0.5940 0.3587 0.0000 0.0473
005180 0.5939 0.3587 0.0000 0.0474
005200 0.5981 0.3563 0.0000 0.0456
005220 0.6019 0.3510 0.0000 0.0471
005240 0.5990 0.3534 0.0000 0.0477
005260 0.5940 0.3549 0.0000 0.0512
005280 0.5881 0.3624 0.0000 0.0496
005300 0.5858 0.3660 0.0000 0.0482
005320 0.5831 0.3675 0.0000 0.0494
005340 0.5796 0.3708 0.0000 0.0496
005360 0.5805 0.3718 0.0000 0.0478
005380 0.5860 0.3680 0.0000 0.0459
005400 0.5977 0.3586 0.0000 0.0437
005420 0.6069 0.3489 0.0000 0.0442
005440 0.6096 0.3424 0.0000 0.0480
005460 0.6073 0.3438 0.0000 0.0489
005480 0.6026 0.3504 0.0000 0.0471
005500 0.5951 0.3571 0.0000 0.0478
005520 0.5908 0.3613 0.0000 0.0479
005540 0.5936 0.3604 0.0000 0.0460
005560 0.6007 0.3529 0.0000 0.0464
005580 0.6018 0.3494 0.0000 0.0488
005600 0.5978 0.3535 0.0000 0.0487
005620 0.5930 0.3584 0.0000 0.0486
005640 0.5912 0.3609 0.0000 0.0479
005660 0.5922 0.3603 0.0000 0.0475
005680 0.5947 0.3582 0.0000 0.0471
005700 0.5981 0.3540 0.0000 0.0480
005720 0.5972 0.3559 0.0000 0.0470
005740 0.5995 0.3540 0.0000 0.0466
005760 0.6032 0.3524 0.0000 0.0444
005780 0.6061 0.3489 0.0000 0.0450
005800 0.6051 0.3481 0.0000 0.0469
005820 0.5969 0.3520 0.0000 0.0511
005840 0.5879 0.3601 0.0000 0.0520
005860 0.5838 0.3684 0.0000 0.0478
005880 0.5872 0.3666 0.0000 0.0462
005900 0.5907 0.3626 0.0000 0.0467
005920 0.5958 0.3590 0.0000 0.0452
005940 0.5973 0.3546 0.0000 0.0481
005960 0.5937 0.3568 0.0000 0.0495
005980 0.5906 0.3611 0.0000 0.0483
006000 0.5881 0.3628 0.0000 0.0491
006020 0.5867 0.3651 0.0000 0.0482
006040 0.5896 0.3657 0.0000 0.0447
006060 0.5975 0.3571 0.0000 0.0454
006080 0.6007 0.3524 0.0000 0.0469
006100 0.6026 0.3521 0.0000 0.0453
006120 0.6035 0.3505 0.0000 0.0460
006140 0.6038 0.3499 0.0000 0.0464
006160 0.6018 0.3493 0.0000 0.0489
006180 0.6027 0.3496 0.0000 0.0476
006200 0.6007 0.3493 0.0000 0.0499
006220 0.5963 0.3521 0.0000 0.0516
006240 0.5933 0.3590 0.0000 0.0476
006260 0.5868 0.3647 0.0000 0.0485
006280 0.5824 0.3658 0.0000 0.0518
006300 0.5787 0.3702 0.0000 0.0511
006320 0.5757 0.3753 0.0000 0.0490
006340 0.5780 0.3750 0.0000 0.0470
006360 0.5921 0.3646 0.0000 0.0434
006380 0.6006 0.3536 0.0000 0.0458
006400 0.6038 0.3490 0.0000 0.0472
006420 0.5998 0.3521 0.0000 0.0481
006440 0.5977 0.3533 0.0000 0.0490
006460 0.5927 0.3593 0.0000 0.0480
006480 0.5932 0.3588 0.0000 0.0480
006500 0.5948 0.3602 0.0000 0.0450
006520 0.6070 0.3487 0.0000 0.0442
006540 0.6122 0.3421 0.0000 0.0457
006560 0.6145 0.3387 0.0000 0.0467
006580 0.6083 0.3423 0.0000 0.0494
006600 0.5996 0.3503 0.0000 0.0501
006620 0.5899 0.3611 0.0000 0.0489
006640 0.5871 0.3642 0.0000 0.0488
006660 0.5828 0.3688 0.0000 0.0484
006680 0.5813 0.3702 0.0000 0.0485
006700 0.5851 0.3682 0.0000 0.0467
006720 0.5952 0.3611 0.0000 0.0437
006740 0.6055 0.3510 0.0000 0.0436
006760 0.6070 0.3453 0.0000 0.0477
006780 0.6043 0.3464 0.0000 0.0493
006800 0.5970 0.3553 0.0000 0.0477
006820 0.5956 0.3585 0.0000 0.0458
006840 0.5970 0.3570 0.0000 0.0461
006860 0.5965 0.3553 0.0000 0.0482
006880 0.5995 0.3550 0.0000 0.0455
006900 0.6024 0.3506 0.0000 0.0470
006920 0.6040 0.3503 0.0000 0.0458
006940 0.6009 0.3503 0.0000 0.0488
006960 0.5958 0.3566 0.0000 0.0475
006980 0.5960 0.3579 0.0000 0.0461
007000 0.6000 0.3560 0.0000 0.0440
007020 0.6053 0.3493 0.0000 0.0454
007040 0.6113 0.3431 0.0000 0.0456
007060 0.6113 0.3412 0.0000 0.0474
007080 0.6069 0.3459 0.0000 0.0472
007100 0.6027 0.3502 0.0000 0.0471
007120 0.6038 0.3507 0.0000 0.0455
007140 0.6019 0.3505 0.0000 0.0476
007160 0.6049 0.3485 0.0000 0.0466
007180 0.6057 0.3472 0.0000 0.0471
007200 0.6090 0.3464 0.0000 0.0446
007220 0.6075 0.3454 0.0000 0.0471
007240 0.6004 0.3495 0.0000 0.0501
007260 0.5920 0.3575 0.0000 0.0505
007280 0.5859 0.3656 0.0000 0.0485
007300 0.5931 0.3608 0.0000 0.0462
007320 0.5946 0.3561 0.0000 0.0493
007340 0.5957 0.3575 0.0000 0.0467
007360 0.6014 0.3534 0.0000 0.0453
007380 0.6047 0.3493 0.0000 0.0461
007400 0.6006 0.3498 0.0000 0.0495
007420 0.5904 0.3576 0.0000 0.0520
007440 0.5819 0.3664 0.0000 0.0518
007460 0.5780 0.3740 0.0000 0.0480
007480 0.5841 0.3703 0.0000 0.0456
007500 0.5924 0.3623 0.0000 0.0453
007520 0.5959 0.3586 0.0000 0.0455
007540 0.5975 0.3535 0.0000 0.0490
007560 0.5933 0.3559 0.0000 0.0507
007580 0.5897 0.3619 0.0000 0.0484
007600 0.5897 0.3634 0.0000 0.0470
007620 0.5853 0.3674 0.0000 0.0473
007640 0.5865 0.3686 0.0000 0.0449
007660 0.5966 0.3598 0.0000 0.0436
007680 0.6090 0.3484 0.0000 0.0426
007700 0.6177 0.3386 0.0000 0.0436
007720 0.6220 0.3326 0.0000 0.0454
007740 0.6218 0.3305 0.0000 0.0477
007760 0.6106 0.3395 0.0000 0.0499
007780 0.5969 0.3526 0.0000 0.0505
007800 0.5804 0.3681 0.0000 0.0515
007820 0.5701 0.3803 0.0000 0.0495
007840 0.5683 0.3840 0.0000 0.0478
007860 0.5785 0.3768 0.0000 0.0447
007880 0.5940 0.3608 0.0000 0.0452
007900 0.6077 0.3481 0.0000 0.0442
007920 0.6186 0.3386 0.0000 0.0428
007940 0.6247 0.3295 0.0000 0.0457
007960 0.6141 0.3351 0.0000 0.0507
007980 0.5991 0.3475 0.0000 0.0535
008000 0.5823 0.3646 0.0000 0.0531
008020 0.5720 0.3756 0.0000 0.0524
008040 0.5704 0.3807 0.0000 0.0489
008060 0.5809 0.3744 0.0000 0.0447
008080 0.5943 0.3614 0.0000 0.0443
008100 0.6075 0.3496 0.0000 0.0430
008120 0.6160 0.3396 0.0000 0.0444
008140 0.6146 0.3386 0.0000 0.0468
008160 0.6077 0.3428 0.0000 0.0495
008180 0.5977 0.3518 0.0000 0.0505
008200 0.5891 0.3612 0.0000 0.0497
008220 0.5830 0.3670 0.0000 0.0500
008240 0.5836 0.3661 0.0000 0.0503
008260 0.5901 0.3623 0.0000 0.0476
008280 0.5912 0.3615 0.0000 0.0473
008300 0.5925 0.3607 0.0000 0.0468
008320 0.5937 0.3612 0.0000 0.0452
008340 0.5994 0.3544 0.0000 0.0461
008360 0.6020 0.3513 0.0000 0.0468
008380 0.6021 0.3509 0.0000 0.0470
008400 0.5979 0.3533 0.0000 0.0488
008420 0.5944 0.3574 0.0000 0.0482
008440 0.5918 0.3602 0.0000 0.0480
008460 0.5904 0.3618 0.0000 0.0478
008480 0.5952 0.3600 0.0000 0.0448
008500 0.6029 0.3519 0.0000 0.0452
008520 0.6044 0.3482 0.0000 0.0474
008540 0.6003 0.3521 0.0000 0.0476
008560 0.5965 0.3557 0.0000 0.0477
008580 0.5881 0.3608 0.0000 0.0511
008600 0.5800 0.3676 0.0000 0.0524
008620 0.5756 0.3749 0.0000 0.0495
008640 0.5760 0.3776 0.0000 0.0464
008660 0.5895 0.3680 0.0000 0.0425
008680 0.6054 0.3515 0.0000 0.0430
008700 0.6181 0.3397 0.0000 0.0422
008720 0.6268 0.3298 0.0000 0.0434
008740 0.6252 0.3275 0.0000 0.0473
008760 0.6108 0.3395 0.0000 0.0497
008780 0.5918 0.3536 0.0000 0.0546
008800 0.5775 0.3695 0.0000 0.0530
008820 0.5740 0.3773 0.0000 0.0488
008840 0.5825 0.3745 0.0000 0.0430
008860 0.5953 0.3617 0.0000 0.0430
008880 0.6093 0.3464 0.0000 0.0443
008900 0.6109 0.3418 0.0000 0.0473
008920 0.6057 0.3425 0.0000 0.0517
008940 0.6025 0.3492 0.0000 0.0482
008960 0.5974 0.3553 0.0000 0.0473
008980 0.5940 0.3586 0.0000 0.0474
009000 0.5911 0.3631 0.0000 0.0459
009020 0.5926 0.3589 0.0000 0.0485
009040 0.5939 0.3592 0.0000 0.0469
009060 0.5961 0.3571 0.0000 0.0469
009080 0.5964 0.3557 0.0000 0.0480
009100 0.5983 0.3542 0.0000 0.0476
009120 0.5950 0.3554 0.0000 0.0496
009140 0.5910 0.3604 0.0000 0.0486
009160 0.5877 0.3630 0.0000 0.0492
009180 0.5872 0.3640 0.0000 0.0487
009200 0.5874 0.3644 0.0000 0.0482
009220 0.5880 0.3650 0.0000 0.0469
009240 0.5932 0.3630 0.0000 0.0439
009260 0.6032 0.3540 0.0000 0.0428
009280 0.6126 0.3441 0.0000 0.0433
009300 0.6174 0.3377 0.0000 0.0449
009320 0.6216 0.3330 0.0000 0.0454
009340 0.6215 0.3298 0.0000 0.0487
009360 0.6111 0.3383 0.0000 0.0506
009380 0.5949 0.3532 0.0000 0.0519
009400 0.5817 0.3687 0.0000 0.0496
009420 0.5728 0.3769 0.0000 0.0502
009440 0.5725 0.3780 0.0000 0.0494
009460 0.5795 0.3743 0.0000 0.0462
009480 0.5914 0.3639 0.0000 0.0447
009500 0.6049 0.3521 0.0000 0.0430
009520 0.6159 0.3400 0.0000 0.0441
009540 0.6181 0.3365 0.0000 0.0454
009560 0.6165 0.3368 0.0000 0.0467
009580 0.6168 0.3377 0.0000 0.0455
009600 0.6160 0.3363 0.0000 0.0477
009620 0.6043 0.3461 0.0000 0.0496
009640 0.5934 0.3563 0.0000 0.0503
009660 0.5801 0.3683 0.0000 0.0516
009680 0.5691 0.3799 0.0000 0.0511
009700 0.5669 0.3831 0.0000 0.0500
009720 0.5743 0.3791 0.0000 0.0466
009740 0.5853 0.3687 0.0000 0.0460
009760 0.5965 0.3601 0.0000 0.0435
009780 0.6060 0.3502 0.0000 0.0438
009800 0.6076 0.3458 0.0000 0.0467
009820 0.6072 0.3454 0.0000 0.0474
009840 0.6045 0.3493 0.0000 0.0462
009860 0.6023 0.3497 0.0000 0.0480
009880 0.5977 0.3528 0.0000 0.0495
009900 0.5934 0.3570 0.0000 0.0496
009920 0.5908 0.3635 0.0000 0.0457
009940 0.5946 0.3609 0.0000 0.0444
009960 0.6055 0.3515 0.0000 0.0430
009980 0.6116 0.3424 0.0000 0.0460
010000 0.6081 0.3442 0.0000 0.0477
010020 0.6004 0.3513 0.0000 0.0483
010040 0.6004 0.3513 0.0000 0.0483
010060 0.6004 0.3513 0.0000 0.0483
010080 0.6004 0.3513 0.0000 0.0483
010100 0.6004 0.3513 0.0000 0.0483
010120 0.6004 0.3513 0.0000 0.0483
010140 0.6004 0.3513 0.0000 0.0483
010160 0.6004 0.3513 0.0000 0.0483
010180 0.6004 0.3513 0.0000 0.0483
010200 0.6004 0.3513 0.0000 0.0483
010220 0.6004 0.3513 0.0000 0.0483
010240 0.6004 0.3513 0.0000 0.0483
010260 0.6004 0.3513 0.0000 0.0483
010280 0.6004 0.3513 0.0000 0.0483
010300 0.6004 0.3513 0.0000 0.0483
010320 0.6004 0.3513 0.0000 0.0483
010340 0.6004 0.3513 0.0000 0.0483
010360 0.6004 0.3513 0.0000 0.0483
010380 0.6004 0.3513 0.0000 0.0483
010400 0.6004 0.3513 0.0000 0.0483
010420 0.6004 0.3513 0.0000 0.0483
010440 0.6004 0.3513 0.0000 0.0483
010460 0.6004 0.3513 0.0000 0.0483
010480 0.6004 0.3513 0.0000 0.0483
010500 0.6004 0.3513 0.0000 0.0483
010520 0.6004 0.3513 0.0000 0.0483
010540 0.6004 0.3513 0.0000 0.0483
010560 0.6004 0.3513 0.0000 0.0483
010580 0.6004 0.3513 0.0000 0.0483
010600 0.6004 0.3513 0.0000 0.0483
010620 0.6004 0.3513 0.0000 0.0483
010640 0.6004 0.3513 0.0000 0.0483
010660 0.6004 0.3513 0.0000 0.0483
010680 0.6004 0.3513 0.0000 0.0483
010700 0.6004 0.3513 0.0000 0.0483
010720 0.6004 0.3513 0.0000 0.0483
010740 0.6004 0.3513 0.0000 0.0483
010760 0.6004 0.3513 0.0000 0.0483
010780 0.6004 0.3513 0.0000 0.0483
010800 0.6004 0.3513 0.0000 0.0483
010820 0.6004 0.3513 0.0000 0.0483
010840 0.6004 0.3513 0.0000 0.0483
010860 0.6004 0.3513 0.0000 0.0483
010880 0.6004 0.3513 0.0000 0.0483
010900 0.6004 0.3513 0.0000 0.0483
010920 0.6004 0.3513 0.0000 0.0483
010940 0.6004 0.3513 0.0000 0.0483
010960 0.6004 0.3513 0.0000 0.0483
010980 0.6004 0.3513 0.0000 0.0483
011000 0.6004 0.3513 0.0000 0.0483
011020 0.6004 0.3513 0.0000 0.0483
011040 0.6004 0.3513 0.0000 0.0483
011060 0.6004 0.3513 0.0000 0.0483
011080 0.6004 0.3513 0.0000 0.0483
011100 0.6004 0.3513 0.0000 0.0483
011120 0.6004 0.3513 0.0000 0.0483
011140 0.6004 0.3513 0.0000 0.0483
011160 0.6004 0.3513 0.0000 0.0483
011180 0.6004 0.3513 0.0000 0.0483
011200 0.6004 0.3513 0.0000 0.0483
011220 0.6004 0.3513 0.0000 0.0483
011240 0.6004 0.3513 0.0000 0.0483
011260 0.6004 0.3513 0.0000 0.0483
011280 0.6004 0.3513 0.0000 0.0483
011300 0.6004 0.3513 0.0000 0.0483
011320 0.6004 0.3513 0.0000 0.0483
011340 0.6004 0.3513 0.0000 0.0483
011360 0.6004 0.3513 0.0000 0.0483
011380 0.6004 0.3513 0.0000 0.0483
011400 0.6004 0.3513 0.0000 0.0483
011420 0.6004 0.3513 0.0000 0.0483
011440 0.6004 0.3513 0.0000 0.0483
011460 0.6004 0.3513 0.0000 0.0483
011480 0.6004 0.3513 0.0000 0.0483
011500 0.6004 0.3513 0.0000 0.0483
011520 0.6004 0.3513 0.0000 0.0483
011540 0.6004 0.3513 0.0000 0.0483
011560 0.6004 0.3513 0.0000 0.0483
011580 0.6004 0.3513 0.0000 0.0483
011600 0.6004 0.3513 0.0000 0.0483
011620 0.6004 0.3513 0.0000 0.0483
011640 0.6004 0.3513 0.0000 0.0483
011660 0.6004 0.3513 0.0000 0.0483
011680 0.6004 0.3513 0.0000 0.0483
011700 0.6004 0.3513 0.0000 0.0483
011720 0.6004 0.3513 0.0000 0.0483
011740 0.6004 0.3513 0.0000 0.0483
011760 0.6004 0.3513 0.0000 0.0483
011780 0.6004 0.3513 0.0000 0.0483
011800 0.6004 0.3513 0.0000 0.0483
011820 0.6004 0.3513 0.0000 0.0483
011840 0.6004 0.3513 0.0000 0.0483
011860 0.6004 0.3513 0.0000 0.0483
011880 0.6004 0.3513 0.0000 0.0483
011900 0.6004 0.3513 0.0000 0.0483
011920 0.6004 0.3513 0.0000 0.0483
011940 0.6004 0.3513 0.0000 0.0483
011960 0.6004 0.3513 0.0000 0.0483
011980 0.6004 0.3513 0.0000 0.0483
012000 0.6004 0.3513 0.0000 0.0483
012020 0.6004 0.3513 0.0000 0.0483
012040 0.6004 0.3513 0.0000 0.0483
012060 0.6004 0.3513 0.0000 0.0483
012080 0.6004 0.3513 0.0000 0.0483
012100 0.6004 0.3513 0.0000 0.0483
012120 0.6004 0.3513 0.0000 0.0483
012140 0.6004 0.3513 0.0000 0.0483
012160 0.6004 0.3513 0.0000 0.0483
012180 0.6004 0.3513 0.0000 0.0483
012200 0.6004 0.3513 0.0000 0.0483
012220 0.6004 0.3513 0.0000 0.0483
012240 0.6004 0.3513 0.0000 0.0483
012260 0.6004 0.3513 0.0000 0.0483
012280 0.6004 0.3513 0.0000 0.0483
012300 0.6004 0.3513 0.0000 0.0483
012320 0.6004 0.3513 0.0000 0.0483
012340 0.6004 0.3513 0.0000 0.0483
012360 0.6004 0.3513 0.0000 0.0483
012380 0.6004 0.3513 0.0000 0.0483
012400 0.6004 0.3513 0.0000 0.0483
012420 0.6004 0.3513 0.0000 0.0483
012440 0.6004 0.3513 0.0000 0.0483
012460 0.6004 0.3513 0.0000 0.0483
012480 0.6004 0.3513 0.0000 0.0483
012500 0.6004 0.3513 0.0000 0.0483
012520 0.6004 0.3513 0.0000 0.0483
012540 0.6004 0.3513 0.0000 0.0483
012560 0.6004 0.3513 0.0000 0.0483
012580 0.6004 0.3513 0.0000 0.0483
012600 0.6004 0.3513 0.0000 0.0483
012620 0.6004 0.3513 0.0000 0.0483
012640 0.6004 0.3513 0.0000 0.0483
012660 0.6004 0.3513 0.0000 0.0483
012680 0.6004 0.3513 0.0000 0.0483
012700 0.6004 0.3513 0.0000 0.0483
012720 0.6004 0.3513 0.0000 0.0483
012740 0.6004 0.3513 0.0000 0.0483
012760 0.6004 0.3513 0.0000 0.0483
012780 0.6004 0.3513 0.0000 0.0483
012800 0.6004 0.3513 0.0000 0.0483
012820 0.6004 0.3513 0.0000 0.0483
012840 0.6004 0.3513 0.0000 0.0483
012860 0.6004 0.3513 0.0000 0.0483
012880 0.6004 0.3513 0.0000 0.0483
012900 0.6004 0.3513 0.0000 0.0483
012920 0.6004 0.3513 0.0000 0.0483
012940 0.6004 0.3513 0.0000 0.0483
012960 0.6004 0.3513 0.0000 0.0483
012980 0.6004 0.3513 0.0000 0.0483
013000 0.6004 0.3513 0.0000 0.0483
013020 0.6004 0.3513 0.0000 0.0483
013040 0.6004 0.3513 0.0000 0.0483
013060 0.6004 0.3513 0.0000 0.0483
013080 0.6004 0.3513 0.0000 0.0483
013100 0.6004 0.3513 0.0000 0.0483
013120 0.6004 0.3513 0.0000 0.0483
013140 0.6004 0.3513 0.0000 0.0483
013160 0.6004 0.3513 0.0000 0.0483
013180 0.6004 0.3513 0.0000 0.0483
013200 0.6004 0.3513 0.0000 0.0483
013220 0.6004 0.3513 0.0000 0.0483
013240 0.6004 0.3513 0.0000 0.0483
013260 0.6004 0.3513 0.0000 0.0483
013280 0.6004 0.3513 0.0000 0.0483
013300 0.6004 0.3513 0.0000 0.0483
013320 0.6004 0.3513 0.0000 0.0483
013340 0.6004 0.3513 0.0000 0.0483
013360 0.6004 0.3513 0.0000 0.0483
013380 0.6004 0.3513 0.0000 0.0483
013400 0.6004 0.3513 0.0000 0.0483
013420 0.6004 0.3513 0.0000 0.0483
013440 0.6004 0.3513 0.0000 0.0483
013460 0.6004 0.3513 0.0000 0.0483
013480 0.6004 0.3513 0.0000 0.0483
013500 0.6004 0.3513 0.0000 0.0483
013520 0.6004 0.3513 0.0000 0.0483
013540 0.6004 0.3513 0.0000 0.0483
013560 0.6004 0.3513 0.0000 0.0483
013580 0.6004 0.3513 0.0000 0.0483
013600 0.6004 0.3513 0.0000 0.0483
013620 0.6004 0.3513 0.0000 0.0483
013640 0.6004 0.3513 0.0000 0.0483
013660 0.6004 0.3513 0.0000 0.0483
013680 0.6004 0.3513 0.0000 0.0483
013700 0.6004 0.3513 0.0000 0.0483
013720 0.6004 0.3513 0.0000 0.0483
013740 0.6004 0.3513 0.0000 0.0483
013760 0.6004 0.3513 0.0000 0.0483
013780 0.6004 0.3513 0.0000 0.0483
013800 0.6004 0.3513 0.0000 0.0483
013820 0.6004 0.3513 0.0000 0.0483
013840 0.6004 0.3513 0.0000 0.0483
013860 0.6004 0.3513 0.0000 0.0483
013880 0.6004 0.3513 0.0000 0.0483
013900 0.6004 0.3513 0.0000 0.0483
013920 0.6004 0.3513 0.0000 0.0483
013940 0.6004 0.3513 0.0000 0.0483
013960 0.6004 0.3513 0.0000 0.0483
013980 0.6004 0.3513 0.0000 0.0483
014000 0.6004 0.3513 0.0000 0.0483
014020 0.6004 0.3513 0.0000 0.0483
014040 0.6004 0.3513 0.0000 0.0483
014060 0.6004 0.3513 0.0000 0.0483
014080 0.6004 0.3513 0.0000 0.0483
014100 0.6004 0.3513 0.0000 0.0483
014120 0.6004 0.3513 0.0000 0.0483
014140 0.6004 0.3513 0.0000 0.0483
014160 0.6004 0.3513 0.0000 0.0483
014180 0.6004 0.3513 0.0000 0.0483
014200 0.6004 0.3513 0.0000 0.0483
014220 0.6004 0.3513 0.0000 0.0483
014240 0.6004 0.3513 0.0000 0.0483
014260 0.6004 0.3513 0.0000 0.0483
014280 0.6004 0.3513 0.0000 0.0483
014300 0.6004 0.3513 0.0000 0.0483
014320 0.6004 0.3513 0.0000 0.0483
014340 0.6004 0.3513 0.0000 0.0483
014360 0.6004 0.3513 0.0000 0.0483
014380 0.6004 0.3513 0.0000 0.0483
014400 0.6004 0.3513 0.0000 0.0483
014420 0.6004 0.3513 0.0000 0.0483
014440 0.6004 0.3513 0.0000 0.0483
014460 0.6004 0.3513 0.0000 0.0483
014480 0.6004 0.3513 0.0000 0.0483
014500 0.6004 0.3513 0.0000 0.0483
014520 0.6004 0.3513 0.0000 0.0483
014540 0.6004 0.3513 0.0000 0.0483
014560 0.6004 0.3513 0.0000 0.0483
014580 0.6004 0.3513 0.0000 0.0483
014600 0.6004 0.3513 0.0000 0.0483
014620 0.6004 0.3513 0.0000 0.0483
014640 0.6004 0.3513 0.0000 0.0483
014660 0.6004 0.3513 0.0000 0.0483
014680 0.6004 0.3513 0.0000 0.0483
014700 0.6004 0.3513 0.0000 0.0483
014720 0.6004 0.3513 0.0000 0.0483
014740 0.6004 0.3513 0.0000 0.0483
014760 0.6004 0.3513 0.0000 0.0483
014780 0.6004 0.3513 0.0000 0.0483
014800 0.6004 0.3513 0.0000 0.0483
014820 0.6004 0.3513 0.0000 0.0483
014840 0.6004 0.3513 0.0000 0.0483
014860 0.6004 0.3513 0.0000 0.0483
014880 0.6004 0.3513 0.0000 0.0483
014900 0.6004 0.3513 0.0000 0.0483
014920 0.6004 0.3513 0.0000 0.0483
014940 0.6004 0.3513 0.0000 0.0483
014960 0.6004 0.3513 0.0000 0.0483
014980 0.6004 0.3513 0.0000 0.0483
015000 0.6004 0.3513 0.0000 0.0483
015020 0.6004 0.3513 0.0000 0.0483
015040 0.6004 0.3513 0.0000 0.0483
015060 0.6004 0.3513 0.0000 0.0483
015080 0.6004 0.3513 0.0000 0.0483
015100 0.6004 0.3513 0.0000 0.0483
015120 0.6004 0.3513 0.0000 0.0483
015140 0.6004 0.3513 0.0000 0.0483
015160 0.6004 0.3513 0.0000 0.0483
015180 0.6004 0.3513 0.0000 0.0483
015200 0.6004 0.3513 0.0000 0.0483
015220 0.6004 0.3513 0.0000 0.0483
015240 0.6004 0.3513 0.0000 0.0483
015260 0.6004 0.3513 0.0000 0.0483
015280 0.6004 0.3513 0.0000 0.0483
015300 0.6004 0.3513 0.0000 0.0483
015320 0.6004 0.3513 0.0000 0.0483
015340 0.6004 0.3513 0.0000 0.0483
015360 0.6004 0.3513 0.0000 0.0483
015380 0.6004 0.3513 0.0000 0.0483
015400 0.6004 0.3513 0.0000 0.0483
015420 0.6004 0.3513 0.0000 0.0483
015440 0.6004 0.3513 0.0000 0.0483
015460 0.6004 0.3513 0.0000 0.0483
015480 0.6004 0.3513 0.0000 0.0483
015500 0.6004 0.3513 0.0000 0.0483
015520 0.6004 0.3513 0.0000 0.0483
015540 0.6004 0.3513 0.0000 0.0483
015560 0.6004 0.3513 0.0000 0.0483
015580 0.6004 0.3513 0.0000 0.0483
015600 0.6004 0.3513 0.0000 0.0483
015620 0.6004 0.3513 0.0000 0.0483
015640 0.6004 0.3513 0.0000 0.0483
015660 0.6004 0.3513 0.0000 0.0483
015680 0.6004 0.3513 0.0000 0.0483
015700 0.6004 0.3513 0.0000 0.0483
015720 0.6004 0.3513 0.0000 0.0483
015740 0.6004 0.3513 0.0000 0.0483
015760 0.6004 0.3513 0.0000 0.0483
015780 0.6004 0.3513 0.0000 0.0483
015800 0.6004 0.3513 0.0000 0.0483
015820 0.6004 0.3513 0.0000 0.0483
015840 0.6004 0.3513 0.0000 0.0483
015860 0.6004 0.3513 0.0000 0.0483
015880 0.6004 0.3513 0.0000 0.0483
015900 0.6004 0.3513 0.0000 0.0483
015920 0.6004 0.3513 0.0000 0.0483
015940 0.6004 0.3513 0.0000 0.0483
015960 0.6004 0.3513 0.0000 0.0483
015980 0.6004 0.3513 0.0000 0.0483
016000 0.6004 0.3513 0.0000 0.0483
016020 0.6004 0.3513 0.0000 0.0483
016040 0.6004 0.3513 0.0000 0.0483
016060 0.6004 0.3513 0.0000 0.0483
016080 0.6004 0.3513 0.0000 0.0483
016100 0.6004 0.3513 0.0000 0.0483
016120 0.6004 0.3513 0.0000 0.0483
016140 0.6004 0.3513 0.0000 0.0483
016160 0.6004 0.3513 0.0000 0.0483
016180 0.6004 0.3513 0.0000 0.0483
016200 0.6004 0.3513 0.0000 0.0483
016220 0.6004 0.3513 0.0000 0.0483
016240 0.6004 0.3513 0.0000 0.0483
016260 0.6004 0.3513 0.0000 0.0483
016280 0.6004 0.3513 0.0000 0.0483
016300 0.6004 0.3513 0.0000 0.0483
016320 0.6004 0.3513 0.0000 0.0483
016340 0.6004 0.3513 0.0000 0.0483
016360 0.6004 0.3513 0.0000 0.0483
016380 0.6004 0.3513 0.0000 0.0483
016400 0.6004 0.3513 0.0000 0.0483
016420 0.6004 0.3513 0.0000 0.0483
016440 0.6004 0.3513 0.0000 0.0483
016460 0.6004 0.3513 0.0000 0.0483
016480 0.6004 0.3513 0.0000 0.0483
016500 0.6004 0.3513 0.0000 0.0483
016520 0.6004 0.3513 0.0000 0.0483
016540 0.6004 0.3513 0.0000 0.0483
016560 0.6004 0.3513 0.0000 0.0483
016580 0.6004 0.3513 0.0000 0.0483
016600 0.6004 0.3513 0.0000 0.0483
016620 0.6004 0.3513 0.0000 0.0483
016640 0.6004 0.3513 0.0000 0.0483
016660 0.6004 0.3513 0.0000 0.0483
016680 0.6004 0.3513 0.0000 0.0483
016700 0.6004 0.3513 0.0000 0.0483
016720 0.6004 0.3513 0.0000 0.0483
016740 0.6004 0.3513 0.0000 0.0483
016760 0.6004 0.3513 0.0000 0.0483
016780 0.6004 0.3513 0.0000 0.0483
016800 0.6004 0.3513 0.0000 0.0483
016820 0.6004 0.3513 0.0000 0.0483
016840 0.6004 0.3513 0.0000 0.0483
016860 0.6004 0.3513 0.0000 0.0483
016880 0.6004 0.3513 0.0000 0.0483
016900 0.6004 0.3513 0.0000 0.0483
016920 0.6004 0.3513 0.0000 0.0483
016940 0.6004 0.3513 0.0000 0.0483
016960 0.6004 0.3513 0.0000 0.0483
016980 0.6004 0.3513 0.0000 0.0483
017000 0.6004 0.3513 0.0000 0.0483
017020 0.6004 0.3513 0.0000 0.0483
017040 0.6004 0.3513 0.0000 0.0483
017060 0.6004 0.3513 0.0000 0.0483
017080 0.6004 0.3513 0.0000 0.0483
017100 0.6004 0.3513 0.0000 0.0483
017120 0.6004 0.3513 0.0000 0.0483
017140 0.6004 0.3513 0.0000 0.0483
017160 0.6004 0.3513 0.0000 0.0483
017180 0.6004 0.3513 0.0000 0.0483
017200 0.6004 0.3513 0.0000 0.0483
017220 0.6004 0.3513 0.0000 0.0483
017240 0.6004 0.3513 0.0000 0.0483
017260 0.6004 0.3513 0.0000 0.0483
017280 0.6004 0.3513 0.0000 0.0483
017300 0.6004 0.3513 0.0000 0.0483
017320 0.6004 0.3513 0.0000 0.0483
017340 0.6004 0.3513 0.0000 0.0483
017360 0.6004 0.3513 0.0000 0.0483
017380 0.6004 0.3513 0.0000 0.0483
017400 0.6004 0.3513 0.0000 0.0483
017420 0.6004 0.3513 0.0000 0.0483
017440 0.6004 0.3513 0.0000 0.0483
017460 0.6004 0.3513 0.0000 0.0483
017480 0.6004 0.3513 0.0000 0.0483
017500 0.6004 0.3513 0.0000 0.0483
017520 0.6004 0.3513 0.0000 0.0483
017540 0.6004 0.3513 0.0000 0.0483
017560 0.6004 0.3513 0.0000 0.0483
017580 0.6004 0.3513 0.0000 0.0483
017600 0.6004 0.3513 0.0000 0.0483
017620 0.6004 0.3513 0.0000 0.0483
017640 0.6004 0.3513 0.0000 0.0483
017660 0.6004 0.3513 0.0000 0.0483
017680 0.6004 0.3513 0.0000 0.0483
017700 0.6004 0.3513 0.0000 0.0483
017720 0.6004 0.3513 0.0000 0.0483
017740 0.6004 0.3513 0.0000 0.0483
017760 0.6004 0.3513 0.0000 0.0483
017780 0.6004 0.3513 0.0000 0.0483
017800 0.6004 0.3513 0.0000 0.0483
017820 0.6004 0.3513 0.0000 0.0483
017840 0.6004 0.3513 0.0000 0.0483
017860 0.6004 0.3513 0.0000 0.0483
017880 0.6004 0.3513 0.0000 0.0483
017900 0.6004 0.3513 0.0000 0.0483
017920 0.6004 0.3513 0.0000 0.0483
017940 0.6004 0.3513 0.0000 0.0483
017960 0.6004 0.3513 0.0000 0.0483
017980 0.6004 0.3513 0.0000 0.0483
018000 0.6004 0.3513 0.0000 0.0483
018020 0.6004 0.3513 0.0000 0.0483
018040 0.6004 0.3513 0.0000 0.0483
018060 0.6004 0.3513 0.0000 0.0483
018080 0.6004 0.3513 0.0000 0.0483
018100 0.6004 0.3513 0.0000 0.0483
018120 0.6004 0.3513 0.0000 0.0483
018140 0.6004 0.3513 0.0000 0.0483
018160 0.6004 0.3513 0.0000 0.0483
018180 0.6004 0.3513 0.0000 0.0483
018200 0.6004 0.3513 0.0000 0.0483
018220 0.6004 0.3513 0.0000 0.0483
018240 0.6004 0.3513 0.0000 0.0483
018260 0.6004 0.3513 0.0000 0.0483
018280 0.6004 0.3513 0.0000 0.0483
018300 0.6004 0.3513 0.0000 0.0483
018320 0.6004 0.3513 0.0000 0.0483
018340 0.6004 0.3513 0.0000 0.0483
018360 0.6004 0.3513 0.0000 0.0483
018380 0.6004 0.3513 0.0000 0.0483
018400 0.6004 0.3513 0.0000 0.0483
018420 0.6004 0.3513 0.0000 0.0483
018440 0.6004 0.3513 0.0000 0.0483
018460 0.6004 0.3513 0.0000 0.0483
018480 0.6004 0.3513 0.0000 0.0483
018500 0.6004 0.3513 0.0000 0.0483
018520 0.6004 0.3513 0.0000 0.0483
018540 0.6004 0.3513 0.0000 0.0483
018560 0.6004 0.3513 0.0000 0.0483
018580 0.6004 0.3513 0.0000 0.0483
018600 0.6004 0.3513 0.0000 0.0483
018620 0.6004 0.3513 0.0000 0.0483
018640 0.6004 0.3513 0.0000 0.0483
018660 0.6004 0.3513 0.0000 0.0483
018680 0.6004 0.3513 0.0000 0.0483
018700 0.6004 0.3513 0.0000 0.0483
018720 0.6004 0.3513 0.0000 0.0483
018740 0.6004 0.3513 0.0000 0.0483
018760 0.6004 0.3513 0.0000 0.0483
018780 0.6004 0.3513 0.0000 0.0483
018800 0.6004 0.3513 0.0000 0.0483
018820 0.6004 0.3513 0.0000 0.0483
018840 0.6004 0.3513 0.0000 0.0483
018860 0.6004 0.3513 0.0000 0.0483
018880 0.6004 0.3513 0.0000 0.0483
018900 0.6004 0.3513 0.0000 0.0483
018920 0.6004 0.3513 0.0000 0.0483
018940 0.6004 0.3513 0.0000 0.0483
018960 0.6004 0.3513 0.0000 0.0483
018980 0.6004 0.3513 0.0000 0.0483
019000 0.6004 0.3513 0.0000 0.0483
019020 0.6004 0.3513 0.0000 0.0483
019040 0.6004 0.3513 0.0000 0.0483
019060 0.6004 0.3513 0.0000 0.0483
019080 0.6004 0.3513 0.0000 0.0483
019100 0.6004 0.3513 0.0000 0.0483
019120 0.6004 0.3513 0.0000 0.0483
019140 0.6004 0.3513 0.0000 0.0483
019160 0.6004 0.3513 0.0000 0.0483
019180 0.6004 0.3513 0.0000 0.0483
019200 0.6004 0.3513 0.0000 0.0483
019220 0.6004 0.3513 0.0000 0.0483
019240 0.6004 0.3513 0.0000 0.0483
019260 0.6004 0.3513 0.0000 0.0483
019280 0.6004 0.3513 0.0000 0.0483
019300 0.6004 0.3513 0.0000 0.0483
019320 0.6004 0.3513 0.0000 0.0483
019340 0.6004 0.3513 0.0000 0.0483
019360 0.6004 0.3513 0.0000 0.0483
019380 0.6004 0.3513 0.0000 0.0483
019400 0.6004 0.3513 0.0000 0.0483
019420 0.6004 0.3513 0.0000 0.0483
019440 0.6004 0.3513 0.0000 0.0483
019460 0.6004 0.3513 0.0000 0.0483
019480 0.6004 0.3513 0.0000 0.0483
019500 0.6004 0.3513 0.0000 0.0483
019520 0.6004 0.3513 0.0000 0.0483
019540 0.6004 0.3513 0.0000 0.0483
019560 0.6004 0.3513 0.0000 0.0483
019580 0.6004 0.3513 0.0000 0.0483
019600 0.6004 0.3513 0.0000 0.0483
019620 0.6004 0.3513 0.0000 0.0483
019640 0.6004 0.3513 0.0000 0.0483
019660 0.6004 0.3513 0.0000 0.0483
019680 0.6004 0.3513 0.0000 0.0483
019700 0.6004 0.3513 0.0000 0.0483
019720 0.6004 0.3513 0.0000 0.0483
019740 0.6004 0.3513 0.0000 0.0483
019760 0.6004 0.3513 0.0000 0.0483
019780 0.6004 0.3513 0.0000 0.0483
019800 0.6004 0.3513 0.0000 0.0483
019820 0.6004 0.3513 0.0000 0.0483
019840 0.6004 0.3513 0.0000 0.0483
019860 0.6004 0.3513 0.0000 0.0483
019880 0.6004 0.3513 0.0000 0.0483
019900 0.6004 0.3513 0.0000 0.0483
019920 0.6004 0.3513 0.0000 0.0483
019940 0.6004 0.3513 0.0000 0.0483
019960 0.6004 0.3513 0.0000 0.0483
019980 0.6004 0.3513 0.0000 0.0483
020000 0.6004 0.3513 0.0000 0.0483
