000000 0.2500 0.2500 0.2500 0.2500
000020 0.2599 0.2592 0.2299 0.2510
000040 0.2716 0.2692 0.2080 0.2512
000060 0.2825 0.2798 0.1868 0.2509
000080 0.2921 0.2909 0.1670 0.2500
000100 0.3007 0.3032 0.1481 0.2479
000120 0.3080 0.3165 0.1304 0.2450
000140 0.3141 0.3307 0.1140 0.2412
000160 0.3193 0.3461 0.0978 0.2368
000180 0.3232 0.3622 0.0833 0.2313
000200 0.3261 0.3789 0.0698 0.2252
000220 0.3274 0.3963 0.0576 0.2187
000240 0.3272 0.4144 0.0470 0.2113
000260 0.3265 0.4331 0.0374 0.2029
000280 0.3257 0.4515 0.0287 0.1941
000300 0.3237 0.4711 0.0211 0.1840
000320 0.3212 0.4910 0.0147 0.1731
000340 0.3195 0.5107 0.0093 0.1606
000360 0.3176 0.5303 0.0048 0.1472
000380 0.3134 0.5501 0.0021 0.1344
000400 0.3089 0.5701 0.0006 0.1204
000420 0.3030 0.5929 0.0000 0.1041
000440 0.2985 0.6158 0.0000 0.0857
000460 0.2966 0.6340 0.0000 0.0694
000480 0.2971 0.6454 0.0000 0.0576
000500 0.3002 0.6533 0.0000 0.0465
000520 0.3030 0.6602 0.0000 0.0368
000540 0.3054 0.6645 0.0000 0.0301
000560 0.3096 0.6662 0.0000 0.0242
000580 0.3154 0.6665 0.0000 0.0182
000600 0.3248 0.6617 0.0000 0.0135
000620 0.3372 0.6526 0.0000 0.0102
000640 0.3478 0.6434 0.0000 0.0088
000660 0.3597 0.6320 0.0000 0.0083
000680 0.3691 0.6226 0.0000 0.0083
000700 0.3801 0.6114 0.0000 0.0085
000720 0.3898 0.6018 0.0000 0.0084
000740 0.3981 0.5930 0.0000 0.0089
000760 0.4055 0.5853 0.0000 0.0092
000780 0.4128 0.5772 0.0000 0.0100
000800 0.4181 0.5706 0.0000 0.0113
000820 0.4206 0.5673 0.0000 0.0121
000840 0.4237 0.5642 0.0000 0.0122
000860 0.4271 0.5605 0.0000 0.0123
000880 0.4303 0.5562 0.0000 0.0135
000900 0.4325 0.5531 0.0000 0.0144
000920 0.4357 0.5489 0.0000 0.0153
000940 0.4397 0.5447 0.0000 0.0156
000960 0.4445 0.5392 0.0000 0.0163
000980 0.4469 0.5348 0.0000 0.0183
001000 0.4469 0.5331 0.0000 0.0200
001020 0.4468 0.5323 0.0000 0.0209
001040 0.4502 0.5290 0.0000 0.0208
001060 0.4536 0.5253 0.0000 0.0211
001080 0.4582 0.5213 0.0000 0.0206
001100 0.4624 0.5167 0.0000 0.0209
001120 0.4658 0.5122 0.0000 0.0220
001140 0.4642 0.5112 0.0000 0.0246
001160 0.4617 0.5132 0.0000 0.0251
001180 0.4636 0.5114 0.0000 0.0250
001200 0.4683 0.5072 0.0000 0.0244
001220 0.4730 0.5009 0.0000 0.0261
001240 0.4798 0.4926 0.0000 0.0276
001260 0.4864 0.4861 0.0000 0.0275
001280 0.4956 0.4770 0.0000 0.0274
001300 0.4973 0.4742 0.0000 0.0285
001320 0.5017 0.4687 0.0000 0.0296
001340 0.5071 0.4634 0.0000 0.0295
001360 0.5164 0.4543 0.0000 0.0292
001380 0.5231 0.4472 0.0000 0.0297
001400 0.5271 0.4409 0.0000 0.0319
001420 0.5323 0.4355 0.0000 0.0322
001440 0.5343 0.4325 0.0000 0.0332
001460 0.5341 0.4319 0.0000 0.0341
001480 0.5385 0.4281 0.0000 0.0333
001500 0.5483 0.4197 0.0000 0.0320
001520 0.5606 0.4073 0.0000 0.0321
001540 0.5719 0.3959 0.0000 0.0322
001560 0.5783 0.3868 0.0000 0.0350
001580 0.5825 0.3816 0.0000 0.0359
001600 0.5868 0.3773 0.0000 0.0359
001620 0.5892 0.3736 0.0000 0.0372
001640 0.5883 0.3738 0.0000 0.0378
001660 0.5880 0.3740 0.0000 0.0380
001680 0.5870 0.3734 0.0000 0.0395
001700 0.5849 0.3730 0.0000 0.0421
001720 0.5775 0.3793 0.0000 0.0431
001740 0.5747 0.3848 0.0000 0.0405
001760 0.5749 0.3866 0.0000 0.0385
001780 0.5786 0.3839 0.0000 0.0375
001800 0.5822 0.3807 0.0000 0.0371
001820 0.5910 0.3742 0.0000 0.0348
001840 0.5982 0.3653 0.0000 0.0366
001860 0.6056 0.3569 0.0000 0.0376
001880 0.6042 0.3558 0.0000 0.0400
001900 0.6006 0.3596 0.0000 0.0398
001920 0.5956 0.3638 0.0000 0.0406
001940 0.5914 0.3664 0.0000 0.0422
001960 0.5870 0.3723 0.0000 0.0407
001980 0.5863 0.3759 0.0000 0.0378
002000 0.5932 0.3681 0.0000 0.0387
002020 0.5942 0.3665 0.0000 0.0393
002040 0.5998 0.3631 0.0000 0.0371
002060 0.6087 0.3551 0.0000 0.0362
002080 0.6166 0.3461 0.0000 0.0373
002100 0.6197 0.3439 0.0000 0.0364
002120 0.6205 0.3414 0.0000 0.0382
002140 0.6155 0.3455 0.0000 0.0390
002160 0.6095 0.3495 0.0000 0.0410
002180 0.5990 0.3589 0.0000 0.0421
002200 0.5885 0.3712 0.0000 0.0403
002220 0.5896 0.3722 0.0000 0.0381
002240 0.5986 0.3643 0.0000 0.0371
002260 0.6061 0.3549 0.0000 0.0389
002280 0.6130 0.3491 0.0000 0.0379
002300 0.6179 0.3439 0.0000 0.0382
002320 0.6170 0.3446 0.0000 0.0384
002340 0.6160 0.3449 0.0000 0.0391
002360 0.6106 0.3495 0.0000 0.0399
002380 0.6102 0.3501 0.0000 0.0397
002400 0.6084 0.3519 0.0000 0.0397
002420 0.6071 0.3528 0.0000 0.0401
002440 0.6058 0.3549 0.0000 0.0393
002460 0.6055 0.3551 0.0000 0.0394
002480 0.6051 0.3548 0.0000 0.0401
002500 0.6013 0.3571 0.0000 0.0416
002520 0.5968 0.3634 0.0000 0.0399
002540 0.6005 0.3619 0.0000 0.0376
002560 0.5997 0.3600 0.0000 0.0404
002580 0.5925 0.3646 0.0000 0.0428
002600 0.5860 0.3717 0.0000 0.0422
002620 0.5799 0.3783 0.0000 0.0417
002640 0.5831 0.3792 0.0000 0.0378
002660 0.5939 0.3697 0.0000 0.0365
002680 0.6038 0.3595 0.0000 0.0367
002700 0.6102 0.3534 0.0000 0.0363
002720 0.6146 0.3480 0.0000 0.0374
002740 0.6162 0.3452 0.0000 0.0386
002760 0.6130 0.3482 0.0000 0.0388
002780 0.6088 0.3502 0.0000 0.0410
002800 0.6024 0.3561 0.0000 0.0415
002820 0.5919 0.3665 0.0000 0.0415
002840 0.5863 0.3711 0.0000 0.0426
002860 0.5852 0.3757 0.0000 0.0390
002880 0.5920 0.3702 0.0000 0.0378
002900 0.6012 0.3627 0.0000 0.0361
002920 0.6032 0.3582 0.0000 0.0387
002940 0.6005 0.3590 0.0000 0.0405
002960 0.6023 0.3576 0.0000 0.0401
002980 0.6053 0.3552 0.0000 0.0395
003000 0.6109 0.3510 0.0000 0.0381
003020 0.6131 0.3515 0.0000 0.0354
003040 0.6212 0.3424 0.0000 0.0364
003060 0.6199 0.3412 0.0000 0.0389
003080 0.6162 0.3442 0.0000 0.0396
003100 0.6113 0.3476 0.0000 0.0411
003120 0.6006 0.3564 0.0000 0.0431
003140 0.5924 0.3664 0.0000 0.0412
003160 0.5888 0.3711 0.0000 0.0402
003180 0.5916 0.3698 0.0000 0.0386
003200 0.5986 0.3636 0.0000 0.0378
003220 0.6074 0.3558 0.0000 0.0368
003240 0.6133 0.3500 0.0000 0.0368
003260 0.6170 0.3433 0.0000 0.0397
003280 0.6121 0.3467 0.0000 0.0412
003300 0.6050 0.3533 0.0000 0.0418
003320 0.5989 0.3596 0.0000 0.0415
003340 0.5944 0.3645 0.0000 0.0410
003360 0.5951 0.3658 0.0000 0.0391
003380 0.5982 0.3632 0.0000 0.0385
003400 0.5984 0.3624 0.0000 0.0392
003420 0.5990 0.3624 0.0000 0.0387
003440 0.6024 0.3593 0.0000 0.0382
003460 0.6051 0.3572 0.0000 0.0377
003480 0.6050 0.3571 0.0000 0.0379
003500 0.6107 0.3529 0.0000 0.0364
003520 0.6162 0.3486 0.0000 0.0352
003540 0.6200 0.3424 0.0000 0.0376
003560 0.6202 0.3402 0.0000 0.0396
003580 0.6113 0.3450 0.0000 0.0436
003600 0.5950 0.3605 0.0000 0.0445
003620 0.5849 0.3734 0.0000 0.0417
003640 0.5880 0.3733 0.0000 0.0387
003660 0.5955 0.3658 0.0000 0.0387
003680 0.5998 0.3616 0.0000 0.0387
003700 0.6030 0.3579 0.0000 0.0391
003720 0.6081 0.3540 0.0000 0.0379
003740 0.6048 0.3553 0.0000 0.0399
003760 0.5967 0.3603 0.0000 0.0430
003780 0.5871 0.3676 0.0000 0.0453
003800 0.5827 0.3777 0.0000 0.0396
003820 0.5825 0.3790 0.0000 0.0386
003840 0.5853 0.3750 0.0000 0.0397
003860 0.5939 0.3683 0.0000 0.0377
003880 0.6037 0.3600 0.0000 0.0363
003900 0.6109 0.3524 0.0000 0.0367
003920 0.6141 0.3488 0.0000 0.0371
003940 0.6107 0.3497 0.0000 0.0396
003960 0.6040 0.3544 0.0000 0.0415
003980 0.5940 0.3644 0.0000 0.0416
004000 0.5890 0.3701 0.0000 0.0409
004020 0.5860 0.3725 0.0000 0.0415
004040 0.5862 0.3738 0.0000 0.0400
004060 0.5918 0.3706 0.0000 0.0376
004080 0.6002 0.3627 0.0000 0.0370
004100 0.6078 0.3549 0.0000 0.0373
004120 0.6147 0.3472 0.0000 0.0381
004140 0.6163 0.3432 0.0000 0.0405
004160 0.6121 0.3468 0.0000 0.0411
004180 0.6004 0.3570 0.0000 0.0425
004200 0.5930 0.3657 0.0000 0.0412
004220 0.5870 0.3708 0.0000 0.0423
004240 0.5830 0.3737 0.0000 0.0433
004260 0.5789 0.3794 0.0000 0.0418
004280 0.5800 0.3802 0.0000 0.0398
004300 0.5846 0.3772 0.0000 0.0382
004320 0.5938 0.3707 0.0000 0.0355
004340 0.6051 0.3578 0.0000 0.0371
004360 0.6095 0.3528 0.0000 0.0377
004380 0.6140 0.3480 0.0000 0.0380
004400 0.6162 0.3455 0.0000 0.0382
004420 0.6137 0.3478 0.0000 0.0385
004440 0.6124 0.3481 0.0000 0.0395
004460 0.6041 0.3550 0.0000 0.0409
004480 0.5960 0.3605 0.0000 0.0435
004500 0.5876 0.3685 0.0000 0.0439
004520 0.5866 0.3729 0.0000 0.0405
004540 0.5949 0.3687 0.0000 0.0364
004560 0.6014 0.3612 0.0000 0.0374
004580 0.6037 0.3584 0.0000 0.0379
004600 0.6093 0.3533 0.0000 0.0374
004620 0.6096 0.3501 0.0000 0.0403
004640 0.6022 0.3553 0.0000 0.0426
004660 0.5939 0.3633 0.0000 0.0427
004680 0.5844 0.3723 0.0000 0.0433
004700 0.5805 0.3764 0.0000 0.0431
004720 0.5810 0.3785 0.0000 0.0405
004740 0.5846 0.3772 0.0000 0.0382
004760 0.5925 0.3711 0.0000 0.0364
004780 0.6031 0.3617 0.0000 0.0352
004800 0.6150 0.3498 0.0000 0.0351
004820 0.6273 0.3377 0.0000 0.0350
004840 0.6326 0.3321 0.0000 0.0353
004860 0.6346 0.3300 0.0000 0.0353
004880 0.6406 0.3247 0.0000 0.0347
004900 0.6393 0.3226 0.0000 0.0381
004920 0.6363 0.3252 0.0000 0.0385
004940 0.6277 0.3316 0.0000 0.0407
004960 0.6126 0.3443 0.0000 0.0431
004980 0.5975 0.3586 0.0000 0.0439
005000 0.5866 0.3696 0.0000 0.0438
005020 0.5816 0.3782 0.0000 0.0403
005040 0.5853 0.3772 0.0000 0.0374
005060 0.6005 0.3665 0.0000 0.0330
005080 0.6203 0.3481 0.0000 0.0316
005100 0.6358 0.3318 0.0000 0.0324
005120 0.6427 0.3218 0.0000 0.0355
005140 0.6373 0.3231 0.0000 0.0395
005160 0.6216 0.3344 0.0000 0.0440
005180 0.6018 0.3520 0.0000 0.0461
005200 0.5863 0.3694 0.0000 0.0442
005220 0.5757 0.3811 0.0000 0.0432
005240 0.5687 0.3893 0.0000 0.0420
005260 0.5725 0.3881 0.0000 0.0394
005280 0.5806 0.3811 0.0000 0.0383
005300 0.5937 0.3701 0.0000 0.0362
005320 0.6074 0.3579 0.0000 0.0346
005340 0.6168 0.3467 0.0000 0.0365
005360 0.6171 0.3441 0.0000 0.0389
005380 0.6166 0.3441 0.0000 0.0393
005400 0.6086 0.3494 0.0000 0.0420
005420 0.5979 0.3596 0.0000 0.0425
005440 0.5950 0.3641 0.0000 0.0410
005460 0.5945 0.3664 0.0000 0.0391
005480 0.5937 0.3658 0.0000 0.0404
005500 0.5943 0.3659 0.0000 0.0399
005520 0.5947 0.3683 0.0000 0.0370
005540 0.5992 0.3634 0.0000 0.0374
005560 0.6084 0.3550 0.0000 0.0366
005580 0.6138 0.3497 0.0000 0.0364
005600 0.6184 0.3437 0.0000 0.0379
005620 0.6164 0.3422 0.0000 0.0414
005640 0.6113 0.3480 0.0000 0.0407
005660 0.6054 0.3531 0.0000 0.0415
005680 0.5965 0.3620 0.0000 0.0415
005700 0.5912 0.3653 0.0000 0.0435
005720 0.5874 0.3718 0.0000 0.0408
005740 0.5911 0.3699 0.0000 0.0390
005760 0.5915 0.3689 0.0000 0.0396
005780 0.5920 0.3712 0.0000 0.0369
005800 0.6011 0.3645 0.0000 0.0343
005820 0.6083 0.3557 0.0000 0.0360
005840 0.6149 0.3493 0.0000 0.0358
005860 0.6220 0.3417 0.0000 0.0362
005880 0.6273 0.3346 0.0000 0.0380
005900 0.6239 0.3361 0.0000 0.0400
005920 0.6137 0.3451 0.0000 0.0412
005940 0.6028 0.3536 0.0000 0.0436
005960 0.5938 0.3641 0.0000 0.0421
005980 0.5869 0.3708 0.0000 0.0422
006000 0.5903 0.3717 0.0000 0.0380
006020 0.5948 0.3681 0.0000 0.0371
006040 0.6040 0.3603 0.0000 0.0357
006060 0.6112 0.3518 0.0000 0.0370
006080 0.6157 0.3470 0.0000 0.0373
006100 0.6191 0.3418 0.0000 0.0391
006120 0.6155 0.3441 0.0000 0.0404
006140 0.6122 0.3496 0.0000 0.0382
006160 0.6136 0.3482 0.0000 0.0382
006180 0.6127 0.3486 0.0000 0.0387
006200 0.6086 0.3516 0.0000 0.0398
006220 0.6005 0.3593 0.0000 0.0402
006240 0.5952 0.3639 0.0000 0.0409
006260 0.5927 0.3673 0.0000 0.0400
006280 0.5914 0.3701 0.0000 0.0385
006300 0.5948 0.3678 0.0000 0.0374
006320 0.6006 0.3621 0.0000 0.0373
006340 0.6074 0.3546 0.0000 0.0380
006360 0.6099 0.3515 0.0000 0.0386
006380 0.6117 0.3488 0.0000 0.0394
006400 0.6139 0.3491 0.0000 0.0370
006420 0.6180 0.3450 0.0000 0.0369
006440 0.6159 0.3441 0.0000 0.0399
006460 0.6034 0.3507 0.0000 0.0459
006480 0.5838 0.3678 0.0000 0.0484
006500 0.5711 0.3847 0.0000 0.0442
006520 0.5705 0.3887 0.0000 0.0408
006540 0.5768 0.3861 0.0000 0.0371
006560 0.5889 0.3742 0.0000 0.0369
006580 0.6013 0.3631 0.0000 0.0356
006600 0.6150 0.3491 0.0000 0.0359
006620 0.6228 0.3418 0.0000 0.0354
006640 0.6271 0.3363 0.0000 0.0366
006660 0.6231 0.3387 0.0000 0.0382
006680 0.6164 0.3427 0.0000 0.0410
006700 0.6030 0.3536 0.0000 0.0434
006720 0.5917 0.3654 0.0000 0.0429
006740 0.5832 0.3741 0.0000 0.0427
006760 0.5803 0.3787 0.0000 0.0410
006780 0.5867 0.3760 0.0000 0.0373
006800 0.5939 0.3692 0.0000 0.0369
006820 0.6025 0.3609 0.0000 0.0366
006840 0.6089 0.3536 0.0000 0.0375
006860 0.6088 0.3508 0.0000 0.0404
006880 0.6034 0.3548 0.0000 0.0418
006900 0.5995 0.3594 0.0000 0.0411
006920 0.5973 0.3623 0.0000 0.0405
006940 0.5993 0.3625 0.0000 0.0383
006960 0.6048 0.3564 0.0000 0.0387
006980 0.6051 0.3538 0.0000 0.0411
007000 0.6050 0.3560 0.0000 0.0390
007020 0.6085 0.3520 0.0000 0.0395
007040 0.6023 0.3552 0.0000 0.0426
007060 0.5942 0.3618 0.0000 0.0439
007080 0.5840 0.3733 0.0000 0.0427
007100 0.5788 0.3808 0.0000 0.0403
007120 0.5796 0.3808 0.0000 0.0396
007140 0.5831 0.3776 0.0000 0.0393
007160 0.5933 0.3691 0.0000 0.0376
007180 0.6046 0.3584 0.0000 0.0370
007200 0.6136 0.3485 0.0000 0.0379
007220 0.6143 0.3473 0.0000 0.0383
007240 0.6142 0.3451 0.0000 0.0407
007260 0.6102 0.3495 0.0000 0.0403
007280 0.6077 0.3543 0.0000 0.0381
007300 0.6068 0.3542 0.0000 0.0390
007320 0.6029 0.3572 0.0000 0.0399
007340 0.6042 0.3588 0.0000 0.0370
007360 0.6071 0.3554 0.0000 0.0375
007380 0.6116 0.3525 0.0000 0.0358
007400 0.6132 0.3484 0.0000 0.0384
007420 0.6083 0.3490 0.0000 0.0427
007440 0.5993 0.3572 0.0000 0.0434
007460 0.5937 0.3663 0.0000 0.0399
007480 0.5980 0.3641 0.0000 0.0380
007500 0.6046 0.3586 0.0000 0.0368
007520 0.6071 0.3536 0.0000 0.0393
007540 0.6052 0.3553 0.0000 0.0396
007560 0.6036 0.3577 0.0000 0.0387
007580 0.6046 0.3569 0.0000 0.0385
007600 0.6039 0.3567 0.0000 0.0394
007620 0.6028 0.3572 0.0000 0.0400
007640 0.5979 0.3601 0.0000 0.0420
007660 0.5905 0.3670 0.0000 0.0424
007680 0.5858 0.3719 0.0000 0.0423
007700 0.5889 0.3717 0.0000 0.0393
007720 0.5952 0.3682 0.0000 0.0366
007740 0.6019 0.3618 0.0000 0.0363
007760 0.6068 0.3549 0.0000 0.0383
007780 0.6073 0.3532 0.0000 0.0395
007800 0.6068 0.3542 0.0000 0.0391
007820 0.6045 0.3555 0.0000 0.0400
007840 0.6067 0.3551 0.0000 0.0382
007860 0.6070 0.3525 0.0000 0.0405
007880 0.6030 0.3577 0.0000 0.0394
007900 0.6002 0.3619 0.0000 0.0380
007920 0.6047 0.3580 0.0000 0.0373
007940 0.6034 0.3561 0.0000 0.0405
007960 0.6020 0.3599 0.0000 0.0381
007980 0.6057 0.3570 0.0000 0.0373
008000 0.6054 0.3535 0.0000 0.0412
008020 0.5979 0.3580 0.0000 0.0442
008040 0.5898 0.3677 0.0000 0.0425
008060 0.5838 0.3762 0.0000 0.0400
008080 0.5891 0.3717 0.0000 0.0392
008100 0.5922 0.3687 0.0000 0.0391
008120 0.5936 0.3689 0.0000 0.0375
008140 0.6045 0.3590 0.0000 0.0366
008160 0.6137 0.3495 0.0000 0.0368
008180 0.6126 0.3475 0.0000 0.0399
008200 0.6054 0.3537 0.0000 0.0409
008220 0.6033 0.3556 0.0000 0.0411
008240 0.6000 0.3596 0.0000 0.0403
008260 0.6037 0.3585 0.0000 0.0378
008280 0.6013 0.3587 0.0000 0.0400
008300 0.5994 0.3599 0.0000 0.0407
008320 0.5961 0.3634 0.0000 0.0405
008340 0.5947 0.3650 0.0000 0.0403
008360 0.5932 0.3681 0.0000 0.0387
008380 0.5934 0.3686 0.0000 0.0379
008400 0.5976 0.3630 0.0000 0.0394
008420 0.6025 0.3591 0.0000 0.0385
008440 0.6100 0.3537 0.0000 0.0363
008460 0.6214 0.3435 0.0000 0.0351
008480 0.6245 0.3370 0.0000 0.0385
008500 0.6196 0.3395 0.0000 0.0409
008520 0.6067 0.3519 0.0000 0.0413
008540 0.5943 0.3633 0.0000 0.0424
008560 0.5849 0.3726 0.0000 0.0424
008580 0.5804 0.3783 0.0000 0.0414
008600 0.5844 0.3768 0.0000 0.0389
008620 0.5910 0.3710 0.0000 0.0380
008640 0.5976 0.3659 0.0000 0.0366
008660 0.6029 0.3622 0.0000 0.0348
008680 0.6130 0.3526 0.0000 0.0344
008700 0.6249 0.3405 0.0000 0.0346
008720 0.6269 0.3360 0.0000 0.0370
008740 0.6246 0.3374 0.0000 0.0380
008760 0.6190 0.3402 0.0000 0.0408
008780 0.6068 0.3506 0.0000 0.0426
008800 0.5948 0.3630 0.0000 0.0421
008820 0.5853 0.3724 0.0000 0.0423
008840 0.5801 0.3792 0.0000 0.0406
008860 0.5844 0.3766 0.0000 0.0390
008880 0.5885 0.3732 0.0000 0.0383
008900 0.5959 0.3678 0.0000 0.0363
008920 0.6067 0.3566 0.0000 0.0367
008940 0.6129 0.3500 0.0000 0.0371
008960 0.6178 0.3443 0.0000 0.0379
008980 0.6145 0.3454 0.0000 0.0402
009000 0.6087 0.3492 0.0000 0.0420
009020 0.6019 0.3561 0.0000 0.0419
009040 0.5947 0.3635 0.0000 0.0418
009060 0.5914 0.3670 0.0000 0.0417
009080 0.5879 0.3722 0.0000 0.0399
009100 0.5902 0.3708 0.0000 0.0390
009120 0.5931 0.3667 0.0000 0.0402
009140 0.5959 0.3643 0.0000 0.0398
009160 0.5986 0.3626 0.0000 0.0388
009180 0.6028 0.3587 0.0000 0.0386
009200 0.6056 0.3557 0.0000 0.0387
009220 0.6098 0.3515 0.0000 0.0388
009240 0.6110 0.3482 0.0000 0.0408
009260 0.6033 0.3546 0.0000 0.0420
009280 0.5990 0.3601 0.0000 0.0409
009300 0.5923 0.3669 0.0000 0.0409
009320 0.5877 0.3707 0.0000 0.0416
009340 0.5858 0.3739 0.0000 0.0403
009360 0.5884 0.3737 0.0000 0.0380
009380 0.5916 0.3701 0.0000 0.0383
009400 0.6020 0.3626 0.0000 0.0354
009420 0.6125 0.3517 0.0000 0.0358
009440 0.6166 0.3432 0.0000 0.0402
009460 0.6107 0.3494 0.0000 0.0400
009480 0.6062 0.3539 0.0000 0.0399
009500 0.6035 0.3558 0.0000 0.0406
009520 0.5971 0.3610 0.0000 0.0419
009540 0.5937 0.3653 0.0000 0.0411
009560 0.5909 0.3701 0.0000 0.0390
009580 0.5921 0.3691 0.0000 0.0389
009600 0.5965 0.3659 0.0000 0.0376
009620 0.6035 0.3589 0.0000 0.0376
009640 0.6096 0.3524 0.0000 0.0380
009660 0.6125 0.3499 0.0000 0.0376
009680 0.6126 0.3491 0.0000 0.0383
009700 0.6112 0.3494 0.0000 0.0394
009720 0.6037 0.3556 0.0000 0.0407
009740 0.5984 0.3618 0.0000 0.0398
009760 0.5942 0.3637 0.0000 0.0421
009780 0.5911 0.3666 0.0000 0.0423
009800 0.5898 0.3689 0.0000 0.0414
009820 0.5904 0.3705 0.0000 0.0391
009840 0.5974 0.3663 0.0000 0.0364
009860 0.6061 0.3572 0.0000 0.0366
009880 0.6086 0.3543 0.0000 0.0372
009900 0.6081 0.3530 0.0000 0.0389
009920 0.6076 0.3522 0.0000 0.0402
009940 0.6049 0.3543 0.0000 0.0408
009960 0.6035 0.3554 0.0000 0.0411
009980 0.5994 0.3590 0.0000 0.0415
010000 0.5950 0.3631 0.0000 0.0419
010020 0.5945 0.3663 0.0000 0.0392
010040 0.5945 0.3663 0.0000 0.0392
010060 0.5945 0.3663 0.0000 0.0392
010080 0.5945 0.3663 0.0000 0.0392
010100 0.5945 0.3663 0.0000 0.0392
010120 0.5945 0.3663 0.0000 0.0392
010140 0.5945 0.3663 0.0000 0.0392
010160 0.5945 0.3663 0.0000 0.0392
010180 0.5945 0.3663 0.0000 0.0392
010200 0.5945 0.3663 0.0000 0.0392
010220 0.5945 0.3663 0.0000 0.0392
010240 0.5945 0.3663 0.0000 0.0392
010260 0.5945 0.3663 0.0000 0.0392
010280 0.5945 0.3663 0.0000 0.0392
010300 0.5945 0.3663 0.0000 0.0392
010320 0.5945 0.3663 0.0000 0.0392
010340 0.5945 0.3663 0.0000 0.0392
010360 0.5945 0.3663 0.0000 0.0392
010380 0.5945 0.3663 0.0000 0.0392
010400 0.5945 0.3663 0.0000 0.0392
010420 0.5945 0.3663 0.0000 0.0392
010440 0.5945 0.3663 0.0000 0.0392
010460 0.5945 0.3663 0.0000 0.0392
010480 0.5945 0.3663 0.0000 0.0392
010500 0.5945 0.3663 0.0000 0.0392
010520 0.5945 0.3663 0.0000 0.0392
010540 0.5945 0.3663 0.0000 0.0392
010560 0.5945 0.3663 0.0000 0.0392
010580 0.5945 0.3663 0.0000 0.0392
010600 0.5945 0.3663 0.0000 0.0392
010620 0.5945 0.3663 0.0000 0.0392
010640 0.5945 0.3663 0.0000 0.0392
010660 0.5945 0.3663 0.0000 0.0392
010680 0.5945 0.3663 0.0000 0.0392
010700 0.5945 0.3663 0.0000 0.0392
010720 0.5945 0.3663 0.0000 0.0392
010740 0.5945 0.3663 0.0000 0.0392
010760 0.5945 0.3663 0.0000 0.0392
010780 0.5945 0.3663 0.0000 0.0392
010800 0.5945 0.3663 0.0000 0.0392
010820 0.5945 0.3663 0.0000 0.0392
010840 0.5945 0.3663 0.0000 0.0392
010860 0.5945 0.3663 0.0000 0.0392
010880 0.5945 0.3663 0.0000 0.0392
010900 0.5945 0.3663 0.0000 0.0392
010920 0.5945 0.3663 0.0000 0.0392
010940 0.5945 0.3663 0.0000 0.0392
010960 0.5945 0.3663 0.0000 0.0392
010980 0.5945 0.3663 0.0000 0.0392
011000 0.5945 0.3663 0.0000 0.0392
011020 0.5945 0.3663 0.0000 0.0392
011040 0.5945 0.3663 0.0000 0.0392
011060 0.5945 0.3663 0.0000 0.0392
011080 0.5945 0.3663 0.0000 0.0392
011100 0.5945 0.3663 0.0000 0.0392
011120 0.5945 0.3663 0.0000 0.0392
011140 0.5945 0.3663 0.0000 0.0392
011160 0.5945 0.3663 0.0000 0.0392
011180 0.5945 0.3663 0.0000 0.0392
011200 0.5945 0.3663 0.0000 0.0392
011220 0.5945 0.3663 0.0000 0.0392
011240 0.5945 0.3663 0.0000 0.0392
011260 0.5945 0.3663 0.0000 0.0392
011280 0.5945 0.3663 0.0000 0.0392
011300 0.5945 0.3663 0.0000 0.0392
011320 0.5945 0.3663 0.0000 0.0392
011340 0.5945 0.3663 0.0000 0.0392
011360 0.5945 0.3663 0.0000 0.0392
011380 0.5945 0.3663 0.0000 0.0392
011400 0.5945 0.3663 0.0000 0.0392
011420 0.5945 0.3663 0.0000 0.0392
011440 0.5945 0.3663 0.0000 0.0392
011460 0.5945 0.3663 0.0000 0.0392
011480 0.5945 0.3663 0.0000 0.0392
011500 0.5945 0.3663 0.0000 0.0392
011520 0.5945 0.3663 0.0000 0.0392
011540 0.5945 0.3663 0.0000 0.0392
011560 0.5945 0.3663 0.0000 0.0392
011580 0.5945 0.3663 0.0000 0.0392
011600 0.5945 0.3663 0.0000 0.0392
011620 0.5945 0.3663 0.0000 0.0392
011640 0.5945 0.3663 0.0000 0.0392
011660 0.5945 0.3663 0.0000 0.0392
011680 0.5945 0.3663 0.0000 0.0392
011700 0.5945 0.3663 0.0000 0.0392
011720 0.5945 0.3663 0.0000 0.0392
011740 0.5945 0.3663 0.0000 0.0392
011760 0.5945 0.3663 0.0000 0.0392
011780 0.5945 0.3663 0.0000 0.0392
011800 0.5945 0.3663 0.0000 0.0392
011820 0.5945 0.3663 0.0000 0.0392
011840 0.5945 0.3663 0.0000 0.0392
011860 0.5945 0.3663 0.0000 0.0392
011880 0.5945 0.3663 0.0000 0.0392
011900 0.5945 0.3663 0.0000 0.0392
011920 0.5945 0.3663 0.0000 0.0392
011940 0.5945 0.3663 0.0000 0.0392
011960 0.5945 0.3663 0.0000 0.0392
011980 0.5945 0.3663 0.0000 0.0392
012000 0.5945 0.3663 0.0000 0.0392
012020 0.5945 0.3663 0.0000 0.0392
012040 0.5945 0.3663 0.0000 0.0392
012060 0.5945 0.3663 0.0000 0.0392
012080 0.5945 0.3663 0.0000 0.0392
012100 0.5945 0.3663 0.0000 0.0392
012120 0.5945 0.3663 0.0000 0.0392
012140 0.5945 0.3663 0.0000 0.0392
012160 0.5945 0.3663 0.0000 0.0392
012180 0.5945 0.3663 0.0000 0.0392
012200 0.5945 0.3663 0.0000 0.0392
012220 0.5945 0.3663 0.0000 0.0392
012240 0.5945 0.3663 0.0000 0.0392
012260 0.5945 0.3663 0.0000 0.0392
012280 0.5945 0.3663 0.0000 0.0392
012300 0.5945 0.3663 0.0000 0.0392
012320 0.5945 0.3663 0.0000 0.0392
012340 0.5945 0.3663 0.0000 0.0392
012360 0.5945 0.3663 0.0000 0.0392
012380 0.5945 0.3663 0.0000 0.0392
012400 0.5945 0.3663 0.0000 0.0392
012420 0.5945 0.3663 0.0000 0.0392
012440 0.5945 0.3663 0.0000 0.0392
012460 0.5945 0.3663 0.0000 0.0392
012480 0.5945 0.3663 0.0000 0.0392
012500 0.5945 0.3663 0.0000 0.0392
012520 0.5945 0.3663 0.0000 0.0392
012540 0.5945 0.3663 0.0000 0.0392
012560 0.5945 0.3663 0.0000 0.0392
012580 0.5945 0.3663 0.0000 0.0392
012600 0.5945 0.3663 0.0000 0.0392
012620 0.5945 0.3663 0.0000 0.0392
012640 0.5945 0.3663 0.0000 0.0392
012660 0.5945 0.3663 0.0000 0.0392
012680 0.5945 0.3663 0.0000 0.0392
012700 0.5945 0.3663 0.0000 0.0392
012720 0.5945 0.3663 0.0000 0.0392
012740 0.5945 0.3663 0.0000 0.0392
012760 0.5945 0.3663 0.0000 0.0392
012780 0.5945 0.3663 0.0000 0.0392
012800 0.5945 0.3663 0.0000 0.0392
012820 0.5945 0.3663 0.0000 0.0392
012840 0.5945 0.3663 0.0000 0.0392
012860 0.5945 0.3663 0.0000 0.0392
012880 0.5945 0.3663 0.0000 0.0392
012900 0.5945 0.3663 0.0000 0.0392
012920 0.5945 0.3663 0.0000 0.0392
012940 0.5945 0.3663 0.0000 0.0392
012960 0.5945 0.3663 0.0000 0.0392
012980 0.5945 0.3663 0.0000 0.0392
013000 0.5945 0.3663 0.0000 0.0392
013020 0.5945 0.3663 0.0000 0.0392
013040 0.5945 0.3663 0.0000 0.0392
013060 0.5945 0.3663 0.0000 0.0392
013080 0.5945 0.3663 0.0000 0.0392
013100 0.5945 0.3663 0.0000 0.0392
013120 0.5945 0.3663 0.0000 0.0392
013140 0.5945 0.3663 0.0000 0.0392
013160 0.5945 0.3663 0.0000 0.0392
013180 0.5945 0.3663 0.0000 0.0392
013200 0.5945 0.3663 0.0000 0.0392
013220 0.5945 0.3663 0.0000 0.0392
013240 0.5945 0.3663 0.0000 0.0392
013260 0.5945 0.3663 0.0000 0.0392
013280 0.5945 0.3663 0.0000 0.0392
013300 0.5945 0.3663 0.0000 0.0392
013320 0.5945 0.3663 0.0000 0.0392
013340 0.5945 0.3663 0.0000 0.0392
013360 0.5945 0.3663 0.0000 0.0392
013380 0.5945 0.3663 0.0000 0.0392
013400 0.5945 0.3663 0.0000 0.0392
013420 0.5945 0.3663 0.0000 0.0392
013440 0.5945 0.3663 0.0000 0.0392
013460 0.5945 0.3663 0.0000 0.0392
013480 0.5945 0.3663 0.0000 0.0392
013500 0.5945 0.3663 0.0000 0.0392
013520 0.5945 0.3663 0.0000 0.0392
013540 0.5945 0.3663 0.0000 0.0392
013560 0.5945 0.3663 0.0000 0.0392
013580 0.5945 0.3663 0.0000 0.0392
013600 0.5945 0.3663 0.0000 0.0392
013620 0.5945 0.3663 0.0000 0.0392
013640 0.5945 0.3663 0.0000 0.0392
013660 0.5945 0.3663 0.0000 0.0392
013680 0.5945 0.3663 0.0000 0.0392
013700 0.5945 0.3663 0.0000 0.0392
013720 0.5945 0.3663 0.0000 0.0392
013740 0.5945 0.3663 0.0000 0.0392
013760 0.5945 0.3663 0.0000 0.0392
013780 0.5945 0.3663 0.0000 0.0392
013800 0.5945 0.3663 0.0000 0.0392
013820 0.5945 0.3663 0.0000 0.0392
013840 0.5945 0.3663 0.0000 0.0392
013860 0.5945 0.3663 0.0000 0.0392
013880 0.5945 0.3663 0.0000 0.0392
013900 0.5945 0.3663 0.0000 0.0392
013920 0.5945 0.3663 0.0000 0.0392
013940 0.5945 0.3663 0.0000 0.0392
013960 0.5945 0.3663 0.0000 0.0392
013980 0.5945 0.3663 0.0000 0.0392
014000 0.5945 0.3663 0.0000 0.0392
014020 0.5945 0.3663 0.0000 0.0392
014040 0.5945 0.3663 0.0000 0.0392
014060 0.5945 0.3663 0.0000 0.0392
014080 0.5945 0.3663 0.0000 0.0392
014100 0.5945 0.3663 0.0000 0.0392
014120 0.5945 0.3663 0.0000 0.0392
014140 0.5945 0.3663 0.0000 0.0392
014160 0.5945 0.3663 0.0000 0.0392
014180 0.5945 0.3663 0.0000 0.0392
014200 0.5945 0.3663 0.0000 0.0392
014220 0.5945 0.3663 0.0000 0.0392
014240 0.5945 0.3663 0.0000 0.0392
014260 0.5945 0.3663 0.0000 0.0392
014280 0.5945 0.3663 0.0000 0.0392
014300 0.5945 0.3663 0.0000 0.0392
014320 0.5945 0.3663 0.0000 0.0392
014340 0.5945 0.3663 0.0000 0.0392
014360 0.5945 0.3663 0.0000 0.0392
014380 0.5945 0.3663 0.0000 0.0392
014400 0.5945 0.3663 0.0000 0.0392
014420 0.5945 0.3663 0.0000 0.0392
014440 0.5945 0.3663 0.0000 0.0392
014460 0.5945 0.3663 0.0000 0.0392
014480 0.5945 0.3663 0.0000 0.0392
014500 0.5945 0.3663 0.0000 0.0392
014520 0.5945 0.3663 0.0000 0.0392
014540 0.5945 0.3663 0.0000 0.0392
014560 0.5945 0.3663 0.0000 0.0392
014580 0.5945 0.3663 0.0000 0.0392
014600 0.5945 0.3663 0.0000 0.0392
014620 0.5945 0.3663 0.0000 0.0392
014640 0.5945 0.3663 0.0000 0.0392
014660 0.5945 0.3663 0.0000 0.0392
014680 0.5945 0.3663 0.0000 0.0392
014700 0.5945 0.3663 0.0000 0.0392
014720 0.5945 0.3663 0.0000 0.0392
014740 0.5945 0.3663 0.0000 0.0392
014760 0.5945 0.3663 0.0000 0.0392
014780 0.5945 0.3663 0.0000 0.0392
014800 0.5945 0.3663 0.0000 0.0392
014820 0.5945 0.3663 0.0000 0.0392
014840 0.5945 0.3663 0.0000 0.0392
014860 0.5945 0.3663 0.0000 0.0392
014880 0.5945 0.3663 0.0000 0.0392
014900 0.5945 0.3663 0.0000 0.0392
014920 0.5945 0.3663 0.0000 0.0392
014940 0.5945 0.3663 0.0000 0.0392
014960 0.5945 0.3663 0.0000 0.0392
014980 0.5945 0.3663 0.0000 0.0392
015000 0.5945 0.3663 0.0000 0.0392
015020 0.5945 0.3663 0.0000 0.0392
015040 0.5945 0.3663 0.0000 0.0392
015060 0.5945 0.3663 0.0000 0.0392
015080 0.5945 0.3663 0.0000 0.0392
015100 0.5945 0.3663 0.0000 0.0392
015120 0.5945 0.3663 0.0000 0.0392
015140 0.5945 0.3663 0.0000 0.0392
015160 0.5945 0.3663 0.0000 0.0392
015180 0.5945 0.3663 0.0000 0.0392
015200 0.5945 0.3663 0.0000 0.0392
015220 0.5945 0.3663 0.0000 0.0392
015240 0.5945 0.3663 0.0000 0.0392
015260 0.5945 0.3663 0.0000 0.0392
015280 0.5945 0.3663 0.0000 0.0392
015300 0.5945 0.3663 0.0000 0.0392
015320 0.5945 0.3663 0.0000 0.0392
015340 0.5945 0.3663 0.0000 0.0392
015360 0.5945 0.3663 0.0000 0.0392
015380 0.5945 0.3663 0.0000 0.0392
015400 0.5945 0.3663 0.0000 0.0392
015420 0.5945 0.3663 0.0000 0.0392
015440 0.5945 0.3663 0.0000 0.0392
015460 0.5945 0.3663 0.0000 0.0392
015480 0.5945 0.3663 0.0000 0.0392
015500 0.5945 0.3663 0.0000 0.0392
015520 0.5945 0.3663 0.0000 0.0392
015540 0.5945 0.3663 0.0000 0.0392
015560 0.5945 0.3663 0.0000 0.0392
015580 0.5945 0.3663 0.0000 0.0392
015600 0.5945 0.3663 0.0000 0.0392
015620 0.5945 0.3663 0.0000 0.0392
015640 0.5945 0.3663 0.0000 0.0392
015660 0.5945 0.3663 0.0000 0.0392
015680 0.5945 0.3663 0.0000 0.0392
015700 0.5945 0.3663 0.0000 0.0392
015720 0.5945 0.3663 0.0000 0.0392
015740 0.5945 0.3663 0.0000 0.0392
015760 0.5945 0.3663 0.0000 0.0392
015780 0.5945 0.3663 0.0000 0.0392
015800 0.5945 0.3663 0.0000 0.0392
015820 0.5945 0.3663 0.0000 0.0392
015840 0.5945 0.3663 0.0000 0.0392
015860 0.5945 0.3663 0.0000 0.0392
015880 0.5945 0.3663 0.0000 0.0392
015900 0.5945 0.3663 0.0000 0.0392
015920 0.5945 0.3663 0.0000 0.0392
015940 0.5945 0.3663 0.0000 0.0392
015960 0.5945 0.3663 0.0000 0.0392
015980 0.5945 0.3663 0.0000 0.0392
016000 0.5945 0.3663 0.0000 0.0392
016020 0.5945 0.3663 0.0000 0.0392
016040 0.5945 0.3663 0.0000 0.0392
016060 0.5945 0.3663 0.0000 0.0392
016080 0.5945 0.3663 0.0000 0.0392
016100 0.5945 0.3663 0.0000 0.0392
016120 0.5945 0.3663 0.0000 0.0392
016140 0.5945 0.3663 0.0000 0.0392
016160 0.5945 0.3663 0.0000 0.0392
016180 0.5945 0.3663 0.0000 0.0392
016200 0.5945 0.3663 0.0000 0.0392
016220 0.5945 0.3663 0.0000 0.0392
016240 0.5945 0.3663 0.0000 0.0392
016260 0.5945 0.3663 0.0000 0.0392
016280 0.5945 0.3663 0.0000 0.0392
016300 0.5945 0.3663 0.0000 0.0392
016320 0.5945 0.3663 0.0000 0.0392
016340 0.5945 0.3663 0.0000 0.0392
016360 0.5945 0.3663 0.0000 0.0392
016380 0.5945 0.3663 0.0000 0.0392
016400 0.5945 0.3663 0.0000 0.0392
016420 0.5945 0.3663 0.0000 0.0392
016440 0.5945 0.3663 0.0000 0.0392
016460 0.5945 0.3663 0.0000 0.0392
016480 0.5945 0.3663 0.0000 0.0392
016500 0.5945 0.3663 0.0000 0.0392
016520 0.5945 0.3663 0.0000 0.0392
016540 0.5945 0.3663 0.0000 0.0392
016560 0.5945 0.3663 0.0000 0.0392
016580 0.5945 0.3663 0.0000 0.0392
016600 0.5945 0.3663 0.0000 0.0392
016620 0.5945 0.3663 0.0000 0.0392
016640 0.5945 0.3663 0.0000 0.0392
016660 0.5945 0.3663 0.0000 0.0392
016680 0.5945 0.3663 0.0000 0.0392
016700 0.5945 0.3663 0.0000 0.0392
016720 0.5945 0.3663 0.0000 0.0392
016740 0.5945 0.3663 0.0000 0.0392
016760 0.5945 0.3663 0.0000 0.0392
016780 0.5945 0.3663 0.0000 0.0392
016800 0.5945 0.3663 0.0000 0.0392
016820 0.5945 0.3663 0.0000 0.0392
016840 0.5945 0.3663 0.0000 0.0392
016860 0.5945 0.3663 0.0000 0.0392
016880 0.5945 0.3663 0.0000 0.0392
016900 0.5945 0.3663 0.0000 0.0392
016920 0.5945 0.3663 0.0000 0.0392
016940 0.5945 0.3663 0.0000 0.0392
016960 0.5945 0.3663 0.0000 0.0392
016980 0.5945 0.3663 0.0000 0.0392
017000 0.5945 0.3663 0.0000 0.0392
017020 0.5945 0.3663 0.0000 0.0392
017040 0.5945 0.3663 0.0000 0.0392
017060 0.5945 0.3663 0.0000 0.0392
017080 0.5945 0.3663 0.0000 0.0392
017100 0.5945 0.3663 0.0000 0.0392
017120 0.5945 0.3663 0.0000 0.0392
017140 0.5945 0.3663 0.0000 0.0392
017160 0.5945 0.3663 0.0000 0.0392
017180 0.5945 0.3663 0.0000 0.0392
017200 0.5945 0.3663 0.0000 0.0392
017220 0.5945 0.3663 0.0000 0.0392
017240 0.5945 0.3663 0.0000 0.0392
017260 0.5945 0.3663 0.0000 0.0392
017280 0.5945 0.3663 0.0000 0.0392
017300 0.5945 0.3663 0.0000 0.0392
017320 0.5945 0.3663 0.0000 0.0392
017340 0.5945 0.3663 0.0000 0.0392
017360 0.5945 0.3663 0.0000 0.0392
017380 0.5945 0.3663 0.0000 0.0392
017400 0.5945 0.3663 0.0000 0.0392
017420 0.5945 0.3663 0.0000 0.0392
017440 0.5945 0.3663 0.0000 0.0392
017460 0.5945 0.3663 0.0000 0.0392
017480 0.5945 0.3663 0.0000 0.0392
017500 0.5945 0.3663 0.0000 0.0392
017520 0.5945 0.3663 0.0000 0.0392
017540 0.5945 0.3663 0.0000 0.0392
017560 0.5945 0.3663 0.0000 0.0392
017580 0.5945 0.3663 0.0000 0.0392
017600 0.5945 0.3663 0.0000 0.0392
017620 0.5945 0.3663 0.0000 0.0392
017640 0.5945 0.3663 0.0000 0.0392
017660 0.5945 0.3663 0.0000 0.0392
017680 0.5945 0.3663 0.0000 0.0392
017700 0.5945 0.3663 0.0000 0.0392
017720 0.5945 0.3663 0.0000 0.0392
017740 0.5945 0.3663 0.0000 0.0392
017760 0.5945 0.3663 0.0000 0.0392
017780 0.5945 0.3663 0.0000 0.0392
017800 0.5945 0.3663 0.0000 0.0392
017820 0.5945 0.3663 0.0000 0.0392
017840 0.5945 0.3663 0.0000 0.0392
017860 0.5945 0.3663 0.0000 0.0392
017880 0.5945 0.3663 0.0000 0.0392
017900 0.5945 0.3663 0.0000 0.0392
017920 0.5945 0.3663 0.0000 0.0392
017940 0.5945 0.3663 0.0000 0.0392
017960 0.5945 0.3663 0.0000 0.0392
017980 0.5945 0.3663 0.0000 0.0392
018000 0.5945 0.3663 0.0000 0.0392
018020 0.5945 0.3663 0.0000 0.0392
018040 0.5945 0.3663 0.0000 0.0392
018060 0.5945 0.3663 0.0000 0.0392
018080 0.5945 0.3663 0.0000 0.0392
018100 0.5945 0.3663 0.0000 0.0392
018120 0.5945 0.3663 0.0000 0.0392
018140 0.5945 0.3663 0.0000 0.0392
018160 0.5945 0.3663 0.0000 0.0392
018180 0.5945 0.3663 0.0000 0.0392
018200 0.5945 0.3663 0.0000 0.0392
018220 0.5945 0.3663 0.0000 0.0392
018240 0.5945 0.3663 0.0000 0.0392
018260 0.5945 0.3663 0.0000 0.0392
018280 0.5945 0.3663 0.0000 0.0392
018300 0.5945 0.3663 0.0000 0.0392
018320 0.5945 0.3663 0.0000 0.0392
018340 0.5945 0.3663 0.0000 0.0392
018360 0.5945 0.3663 0.0000 0.0392
018380 0.5945 0.3663 0.0000 0.0392
018400 0.5945 0.3663 0.0000 0.0392
018420 0.5945 0.3663 0.0000 0.0392
018440 0.5945 0.3663 0.0000 0.0392
018460 0.5945 0.3663 0.0000 0.0392
018480 0.5945 0.3663 0.0000 0.0392
018500 0.5945 0.3663 0.0000 0.0392
018520 0.5945 0.3663 0.0000 0.0392
018540 0.5945 0.3663 0.0000 0.0392
018560 0.5945 0.3663 0.0000 0.0392
018580 0.5945 0.3663 0.0000 0.0392
018600 0.5945 0.3663 0.0000 0.0392
018620 0.5945 0.3663 0.0000 0.0392
018640 0.5945 0.3663 0.0000 0.0392
018660 0.5945 0.3663 0.0000 0.0392
018680 0.5945 0.3663 0.0000 0.0392
018700 0.5945 0.3663 0.0000 0.0392
018720 0.5945 0.3663 0.0000 0.0392
018740 0.5945 0.3663 0.0000 0.0392
018760 0.5945 0.3663 0.0000 0.0392
018780 0.5945 0.3663 0.0000 0.0392
018800 0.5945 0.3663 0.0000 0.0392
018820 0.5945 0.3663 0.0000 0.0392
018840 0.5945 0.3663 0.0000 0.0392
018860 0.5945 0.3663 0.0000 0.0392
018880 0.5945 0.3663 0.0000 0.0392
018900 0.5945 0.3663 0.0000 0.0392
018920 0.5945 0.3663 0.0000 0.0392
018940 0.5945 0.3663 0.0000 0.0392
018960 0.5945 0.3663 0.0000 0.0392
018980 0.5945 0.3663 0.0000 0.0392
019000 0.5945 0.3663 0.0000 0.0392
019020 0.5945 0.3663 0.0000 0.0392
019040 0.5945 0.3663 0.0000 0.0392
019060 0.5945 0.3663 0.0000 0.0392
019080 0.5945 0.3663 0.0000 0.0392
019100 0.5945 0.3663 0.0000 0.0392
019120 0.5945 0.3663 0.0000 0.0392
019140 0.5945 0.3663 0.0000 0.0392
019160 0.5945 0.3663 0.0000 0.0392
019180 0.5945 0.3663 0.0000 0.0392
019200 0.5945 0.3663 0.0000 0.0392
019220 0.5945 0.3663 0.0000 0.0392
019240 0.5945 0.3663 0.0000 0.0392
019260 0.5945 0.3663 0.0000 0.0392
019280 0.5945 0.3663 0.0000 0.0392
019300 0.5945 0.3663 0.0000 0.0392
019320 0.5945 0.3663 0.0000 0.0392
019340 0.5945 0.3663 0.0000 0.0392
019360 0.5945 0.3663 0.0000 0.0392
019380 0.5945 0.3663 0.0000 0.0392
019400 0.5945 0.3663 0.0000 0.0392
019420 0.5945 0.3663 0.0000 0.0392
019440 0.5945 0.3663 0.0000 0.0392
019460 0.5945 0.3663 0.0000 0.0392
019480 0.5945 0.3663 0.0000 0.0392
019500 0.5945 0.3663 0.0000 0.0392
019520 0.5945 0.3663 0.0000 0.0392
019540 0.5945 0.3663 0.0000 0.0392
019560 0.5945 0.3663 0.0000 0.0392
019580 0.5945 0.3663 0.0000 0.0392
019600 0.5945 0.3663 0.0000 0.0392
019620 0.5945 0.3663 0.0000 0.0392
019640 0.5945 0.3663 0.0000 0.0392
019660 0.5945 0.3663 0.0000 0.0392
019680 0.5945 0.3663 0.0000 0.0392
019700 0.5945 0.3663 0.0000 0.0392
019720 0.5945 0.3663 0.0000 0.0392
019740 0.5945 0.3663 0.0000 0.0392
019760 0.5945 0.3663 0.0000 0.0392
019780 0.5945 0.3663 0.0000 0.0392
019800 0.5945 0.3663 0.0000 0.0392
019820 0.5945 0.3663 0.0000 0.0392
019840 0.5945 0.3663 0.0000 0.0392
019860 0.5945 0.3663 0.0000 0.0392
019880 0.5945 0.3663 0.0000 0.0392
019900 0.5945 0.3663 0.0000 0.0392
019920 0.5945 0.3663 0.0000 0.0392
019940 0.5945 0.3663 0.0000 0.0392
019960 0.5945 0.3663 0.0000 0.0392
019980 0.5945 0.3663 0.0000 0.0392
020000 0.5945 0.3663 0.0000 0.0392
