000000 0.2500 0.2500 0.2500 0.2500
000020 0.2588 0.2598 0.2303 0.2511
000040 0.2695 0.2702 0.2084 0.2519
000060 0.2800 0.2811 0.1871 0.2519
000080 0.2899 0.2917 0.1666 0.2518
000100 0.2982 0.3044 0.1473 0.2501
000120 0.3052 0.3173 0.1294 0.2481
000140 0.3106 0.3320 0.1126 0.2447
000160 0.3141 0.3483 0.0973 0.2403
000180 0.3159 0.3664 0.0832 0.2345
000200 0.3175 0.3846 0.0699 0.2279
000220 0.3188 0.4019 0.0574 0.2219
000240 0.3183 0.4207 0.0460 0.2150
000260 0.3162 0.4399 0.0361 0.2078
000280 0.3123 0.4611 0.0275 0.1991
000300 0.3091 0.4822 0.0199 0.1888
000320 0.3049 0.5033 0.0138 0.1781
000340 0.2989 0.5263 0.0086 0.1662
000360 0.2913 0.5503 0.0048 0.1535
000380 0.2838 0.5743 0.0022 0.1398
000400 0.2737 0.6003 0.0004 0.1256
000420 0.2628 0.6266 0.0000 0.1107
000440 0.2531 0.6538 0.0000 0.0930
000460 0.2481 0.6784 0.0000 0.0736
000480 0.2460 0.6939 0.0000 0.0601
000500 0.2444 0.7081 0.0000 0.0476
000520 0.2452 0.7175 0.0000 0.0373
000540 0.2482 0.7226 0.0000 0.0292
000560 0.2519 0.7254 0.0000 0.0228
000580 0.2620 0.7224 0.0000 0.0157
000600 0.2753 0.7141 0.0000 0.0106
000620 0.2866 0.7055 0.0000 0.0078
000640 0.2983 0.6954 0.0000 0.0063
000660 0.3094 0.6849 0.0000 0.0057
000680 0.3208 0.6742 0.0000 0.0050
000700 0.3328 0.6621 0.0000 0.0051
000720 0.3422 0.6527 0.0000 0.0051
000740 0.3520 0.6424 0.0000 0.0056
000760 0.3600 0.6340 0.0000 0.0059
000780 0.3672 0.6263 0.0000 0.0064
000800 0.3738 0.6191 0.0000 0.0070
000820 0.3782 0.6152 0.0000 0.0067
000840 0.3837 0.6091 0.0000 0.0071
000860 0.3880 0.6037 0.0000 0.0083
000880 0.3909 0.5990 0.0000 0.0101
000900 0.3928 0.5973 0.0000 0.0100
000920 0.3946 0.5955 0.0000 0.0099
000940 0.3995 0.5912 0.0000 0.0093
000960 0.4063 0.5846 0.0000 0.0091
000980 0.4152 0.5751 0.0000 0.0098
001000 0.4221 0.5667 0.0000 0.0111
001020 0.4246 0.5640 0.0000 0.0114
001040 0.4279 0.5610 0.0000 0.0111
001060 0.4310 0.5568 0.0000 0.0122
001080 0.4337 0.5536 0.0000 0.0127
001100 0.4363 0.5500 0.0000 0.0137
001120 0.4408 0.5448 0.0000 0.0144
001140 0.4414 0.5429 0.0000 0.0157
001160 0.4416 0.5426 0.0000 0.0158
001180 0.4425 0.5419 0.0000 0.0156
001200 0.4438 0.5406 0.0000 0.0156
001220 0.4449 0.5386 0.0000 0.0164
001240 0.4493 0.5342 0.0000 0.0165
001260 0.4558 0.5290 0.0000 0.0152
001280 0.4632 0.5210 0.0000 0.0157
001300 0.4713 0.5139 0.0000 0.0148
001320 0.4804 0.5046 0.0000 0.0150
001340 0.4889 0.4951 0.0000 0.0160
001360 0.4955 0.4879 0.0000 0.0165
001380 0.4969 0.4847 0.0000 0.0184
001400 0.4944 0.4847 0.0000 0.0209
001420 0.4909 0.4879 0.0000 0.0212
001440 0.4878 0.4894 0.0000 0.0228
001460 0.4837 0.4935 0.0000 0.0228
001480 0.4854 0.4930 0.0000 0.0217
001500 0.4892 0.4897 0.0000 0.0211
001520 0.4983 0.4812 0.0000 0.0205
001540 0.5055 0.4746 0.0000 0.0200
001560 0.5169 0.4633 0.0000 0.0198
001580 0.5305 0.4511 0.0000 0.0184
001600 0.5459 0.4356 0.0000 0.0185
001620 0.5586 0.4225 0.0000 0.0189
001640 0.5702 0.4100 0.0000 0.0197
001660 0.5765 0.4008 0.0000 0.0227
001680 0.5833 0.3956 0.0000 0.0211
001700 0.5895 0.3897 0.0000 0.0208
001720 0.5910 0.3852 0.0000 0.0238
001740 0.5875 0.3870 0.0000 0.0255
001760 0.5857 0.3870 0.0000 0.0273
001780 0.5804 0.3906 0.0000 0.0290
001800 0.5752 0.3957 0.0000 0.0291
001820 0.5724 0.3982 0.0000 0.0294
001840 0.5718 0.4004 0.0000 0.0278
001860 0.5735 0.3994 0.0000 0.0271
001880 0.5766 0.3970 0.0000 0.0263
001900 0.5845 0.3899 0.0000 0.0256
001920 0.5947 0.3795 0.0000 0.0258
001940 0.6035 0.3716 0.0000 0.0249
001960 0.6082 0.3661 0.0000 0.0257
001980 0.6119 0.3625 0.0000 0.0256
002000 0.6173 0.3571 0.0000 0.0255
002020 0.6230 0.3525 0.0000 0.0245
002040 0.6248 0.3486 0.0000 0.0267
002060 0.6228 0.3501 0.0000 0.0270
002080 0.6210 0.3492 0.0000 0.0298
002100 0.6164 0.3536 0.0000 0.0300
002120 0.6167 0.3561 0.0000 0.0272
002140 0.6185 0.3539 0.0000 0.0275
002160 0.6205 0.3521 0.0000 0.0274
002180 0.6213 0.3504 0.0000 0.0282
002200 0.6190 0.3511 0.0000 0.0299
002220 0.6172 0.3531 0.0000 0.0296
002240 0.6155 0.3555 0.0000 0.0290
002260 0.6145 0.3574 0.0000 0.0281
002280 0.6149 0.3571 0.0000 0.0280
002300 0.6109 0.3584 0.0000 0.0306
002320 0.6061 0.3624 0.0000 0.0315
002340 0.6044 0.3669 0.0000 0.0287
002360 0.6064 0.3662 0.0000 0.0274
002380 0.6115 0.3627 0.0000 0.0258
002400 0.6185 0.3574 0.0000 0.0241
002420 0.6260 0.3503 0.0000 0.0237
002440 0.6313 0.3433 0.0000 0.0254
002460 0.6385 0.3369 0.0000 0.0246
002480 0.6430 0.3307 0.0000 0.0263
002500 0.6472 0.3282 0.0000 0.0246
002520 0.6532 0.3221 0.0000 0.0247
002540 0.6555 0.3186 0.0000 0.0259
002560 0.6589 0.3156 0.0000 0.0255
002580 0.6600 0.3152 0.0000 0.0248
002600 0.6581 0.3147 0.0000 0.0272
002620 0.6492 0.3210 0.0000 0.0298
002640 0.6390 0.3307 0.0000 0.0303
002660 0.6329 0.3388 0.0000 0.0283
002680 0.6265 0.3436 0.0000 0.0299
002700 0.6212 0.3486 0.0000 0.0302
002720 0.6134 0.3567 0.0000 0.0299
002740 0.6081 0.3616 0.0000 0.0303
002760 0.6088 0.3626 0.0000 0.0286
002780 0.6131 0.3602 0.0000 0.0268
002800 0.6244 0.3531 0.0000 0.0225
002820 0.6387 0.3405 0.0000 0.0208
002840 0.6545 0.3233 0.0000 0.0222
002860 0.6636 0.3125 0.0000 0.0239
002880 0.6670 0.3069 0.0000 0.0261
002900 0.6643 0.3093 0.0000 0.0265
002920 0.6618 0.3124 0.0000 0.0258
002940 0.6619 0.3122 0.0000 0.0259
002960 0.6616 0.3138 0.0000 0.0247
002980 0.6619 0.3128 0.0000 0.0253
003000 0.6590 0.3140 0.0000 0.0269
003020 0.6517 0.3198 0.0000 0.0285
003040 0.6422 0.3283 0.0000 0.0294
003060 0.6327 0.3361 0.0000 0.0312
003080 0.6236 0.3432 0.0000 0.0333
003100 0.6097 0.3574 0.0000 0.0329
003120 0.5995 0.3691 0.0000 0.0314
003140 0.5981 0.3714 0.0000 0.0305
003160 0.6003 0.3730 0.0000 0.0267
003180 0.6057 0.3683 0.0000 0.0260
003200 0.6128 0.3619 0.0000 0.0253
003220 0.6205 0.3544 0.0000 0.0251
003240 0.6320 0.3464 0.0000 0.0216
003260 0.6453 0.3343 0.0000 0.0204
003280 0.6596 0.3187 0.0000 0.0217
003300 0.6683 0.3082 0.0000 0.0235
003320 0.6717 0.3027 0.0000 0.0257
003340 0.6696 0.3012 0.0000 0.0293
003360 0.6600 0.3099 0.0000 0.0301
003380 0.6455 0.3244 0.0000 0.0301
003400 0.6308 0.3375 0.0000 0.0317
003420 0.6139 0.3526 0.0000 0.0336
003440 0.5974 0.3687 0.0000 0.0339
003460 0.5887 0.3801 0.0000 0.0313
003480 0.5884 0.3813 0.0000 0.0303
003500 0.5953 0.3783 0.0000 0.0264
003520 0.6074 0.3690 0.0000 0.0236
003540 0.6213 0.3547 0.0000 0.0240
003560 0.6348 0.3424 0.0000 0.0227
003580 0.6469 0.3300 0.0000 0.0231
003600 0.6549 0.3207 0.0000 0.0244
003620 0.6596 0.3156 0.0000 0.0248
003640 0.6582 0.3153 0.0000 0.0265
003660 0.6521 0.3189 0.0000 0.0290
003680 0.6451 0.3250 0.0000 0.0299
003700 0.6314 0.3360 0.0000 0.0326
003720 0.6181 0.3498 0.0000 0.0321
003740 0.6066 0.3618 0.0000 0.0316
003760 0.6021 0.3667 0.0000 0.0312
003780 0.5982 0.3714 0.0000 0.0304
003800 0.5977 0.3739 0.0000 0.0284
003820 0.6038 0.3681 0.0000 0.0280
003840 0.6109 0.3620 0.0000 0.0271
003860 0.6183 0.3559 0.0000 0.0259
003880 0.6273 0.3473 0.0000 0.0254
003900 0.6353 0.3400 0.0000 0.0248
003920 0.6399 0.3356 0.0000 0.0245
003940 0.6461 0.3296 0.0000 0.0243
003960 0.6505 0.3238 0.0000 0.0257
003980 0.6483 0.3251 0.0000 0.0266
004000 0.6461 0.3265 0.0000 0.0274
004020 0.6412 0.3303 0.0000 0.0285
004040 0.6341 0.3368 0.0000 0.0291
004060 0.6298 0.3416 0.0000 0.0286
004080 0.6278 0.3433 0.0000 0.0289
004100 0.6239 0.3465 0.0000 0.0297
004120 0.6254 0.3477 0.0000 0.0269
004140 0.6304 0.3423 0.0000 0.0273
004160 0.6344 0.3372 0.0000 0.0283
004180 0.6354 0.3367 0.0000 0.0279
004200 0.6337 0.3377 0.0000 0.0285
004220 0.6318 0.3399 0.0000 0.0283
004240 0.6302 0.3428 0.0000 0.0270
004260 0.6335 0.3401 0.0000 0.0264
004280 0.6373 0.3360 0.0000 0.0267
004300 0.6370 0.3362 0.0000 0.0269
004320 0.6392 0.3316 0.0000 0.0292
004340 0.6315 0.3369 0.0000 0.0316
004360 0.6217 0.3465 0.0000 0.0318
004380 0.6142 0.3550 0.0000 0.0307
004400 0.6110 0.3595 0.0000 0.0295
004420 0.6065 0.3651 0.0000 0.0284
004440 0.6092 0.3645 0.0000 0.0264
004460 0.6189 0.3575 0.0000 0.0236
004480 0.6328 0.3434 0.0000 0.0237
004500 0.6436 0.3316 0.0000 0.0249
004520 0.6509 0.3251 0.0000 0.0241
004540 0.6522 0.3213 0.0000 0.0264
004560 0.6510 0.3214 0.0000 0.0276
004580 0.6442 0.3245 0.0000 0.0312
004600 0.6363 0.3326 0.0000 0.0311
004620 0.6296 0.3402 0.0000 0.0302
004640 0.6249 0.3456 0.0000 0.0295
004660 0.6174 0.3533 0.0000 0.0293
004680 0.6165 0.3562 0.0000 0.0273
004700 0.6193 0.3550 0.0000 0.0257
004720 0.6214 0.3520 0.0000 0.0266
004740 0.6267 0.3464 0.0000 0.0269
004760 0.6318 0.3425 0.0000 0.0257
004780 0.6354 0.3396 0.0000 0.0250
004800 0.6433 0.3320 0.0000 0.0246
004820 0.6483 0.3260 0.0000 0.0257
004840 0.6559 0.3199 0.0000 0.0242
004860 0.6571 0.3179 0.0000 0.0250
004880 0.6564 0.3182 0.0000 0.0254
004900 0.6542 0.3188 0.0000 0.0270
004920 0.6511 0.3214 0.0000 0.0275
004940 0.6427 0.3276 0.0000 0.0296
004960 0.6319 0.3376 0.0000 0.0305
004980 0.6260 0.3431 0.0000 0.0309
005000 0.6223 0.3488 0.0000 0.0289
005020 0.6193 0.3523 0.0000 0.0284
005040 0.6172 0.3531 0.0000 0.0297
005060 0.6161 0.3548 0.0000 0.0290
005080 0.6177 0.3562 0.0000 0.0261
005100 0.6247 0.3504 0.0000 0.0249
005120 0.6288 0.3448 0.0000 0.0264
005140 0.6321 0.3425 0.0000 0.0253
005160 0.6376 0.3369 0.0000 0.0255
005180 0.6400 0.3322 0.0000 0.0278
005200 0.6423 0.3303 0.0000 0.0274
005220 0.6422 0.3298 0.0000 0.0281
005240 0.6376 0.3336 0.0000 0.0288
005260 0.6294 0.3406 0.0000 0.0299
005280 0.6201 0.3491 0.0000 0.0308
005300 0.6104 0.3584 0.0000 0.0311
005320 0.6028 0.3654 0.0000 0.0317
005340 0.5988 0.3712 0.0000 0.0300
005360 0.5976 0.3721 0.0000 0.0303
005380 0.6017 0.3700 0.0000 0.0283
005400 0.6111 0.3632 0.0000 0.0257
005420 0.6172 0.3560 0.0000 0.0269
005440 0.6211 0.3533 0.0000 0.0255
005460 0.6311 0.3450 0.0000 0.0239
005480 0.6409 0.3354 0.0000 0.0237
005500 0.6527 0.3232 0.0000 0.0241
005520 0.6568 0.3173 0.0000 0.0259
005540 0.6598 0.3141 0.0000 0.0260
005560 0.6610 0.3123 0.0000 0.0267
005580 0.6589 0.3146 0.0000 0.0265
005600 0.6552 0.3178 0.0000 0.0270
005620 0.6484 0.3228 0.0000 0.0288
005640 0.6424 0.3285 0.0000 0.0291
005660 0.6345 0.3352 0.0000 0.0304
005680 0.6256 0.3443 0.0000 0.0301
005700 0.6176 0.3520 0.0000 0.0304
005720 0.6107 0.3582 0.0000 0.0312
005740 0.6073 0.3617 0.0000 0.0310
005760 0.6037 0.3657 0.0000 0.0306
005780 0.6012 0.3695 0.0000 0.0293
005800 0.6034 0.3688 0.0000 0.0278
005820 0.6093 0.3642 0.0000 0.0265
005840 0.6183 0.3564 0.0000 0.0253
005860 0.6315 0.3464 0.0000 0.0221
005880 0.6438 0.3330 0.0000 0.0233
005900 0.6507 0.3245 0.0000 0.0248
005920 0.6530 0.3207 0.0000 0.0262
005940 0.6497 0.3222 0.0000 0.0281
005960 0.6448 0.3266 0.0000 0.0286
005980 0.6417 0.3303 0.0000 0.0280
006000 0.6352 0.3367 0.0000 0.0281
006020 0.6310 0.3401 0.0000 0.0289
006040 0.6303 0.3408 0.0000 0.0289
006060 0.6238 0.3455 0.0000 0.0307
006080 0.6172 0.3514 0.0000 0.0314
006100 0.6135 0.3558 0.0000 0.0307
006120 0.6116 0.3581 0.0000 0.0303
006140 0.6094 0.3612 0.0000 0.0293
006160 0.6108 0.3618 0.0000 0.0273
006180 0.6163 0.3564 0.0000 0.0273
006200 0.6228 0.3517 0.0000 0.0254
006220 0.6336 0.3413 0.0000 0.0251
006240 0.6387 0.3355 0.0000 0.0258
006260 0.6415 0.3310 0.0000 0.0276
006280 0.6403 0.3320 0.0000 0.0277
006300 0.6398 0.3333 0.0000 0.0269
006320 0.6413 0.3326 0.0000 0.0261
006340 0.6417 0.3309 0.0000 0.0274
006360 0.6392 0.3331 0.0000 0.0277
006380 0.6354 0.3368 0.0000 0.0279
006400 0.6348 0.3376 0.0000 0.0276
006420 0.6320 0.3396 0.0000 0.0285
006440 0.6293 0.3412 0.0000 0.0295
006460 0.6247 0.3458 0.0000 0.0295
006480 0.6197 0.3506 0.0000 0.0296
006500 0.6167 0.3549 0.0000 0.0284
006520 0.6181 0.3562 0.0000 0.0258
006540 0.6184 0.3544 0.0000 0.0272
006560 0.6198 0.3529 0.0000 0.0273
006580 0.6216 0.3519 0.0000 0.0265
006600 0.6236 0.3485 0.0000 0.0279
006620 0.6225 0.3487 0.0000 0.0288
006640 0.6225 0.3498 0.0000 0.0277
006660 0.6247 0.3497 0.0000 0.0256
006680 0.6315 0.3446 0.0000 0.0238
006700 0.6387 0.3381 0.0000 0.0232
006720 0.6449 0.3303 0.0000 0.0248
006740 0.6474 0.3257 0.0000 0.0270
006760 0.6442 0.3279 0.0000 0.0279
006780 0.6441 0.3286 0.0000 0.0272
006800 0.6441 0.3299 0.0000 0.0261
006820 0.6416 0.3300 0.0000 0.0284
006840 0.6420 0.3322 0.0000 0.0259
006860 0.6437 0.3302 0.0000 0.0261
006880 0.6444 0.3295 0.0000 0.0260
006900 0.6433 0.3295 0.0000 0.0272
006920 0.6400 0.3319 0.0000 0.0281
006940 0.6331 0.3361 0.0000 0.0308
006960 0.6232 0.3464 0.0000 0.0304
006980 0.6168 0.3532 0.0000 0.0300
007000 0.6117 0.3581 0.0000 0.0302
007020 0.6085 0.3618 0.0000 0.0297
007040 0.6086 0.3628 0.0000 0.0287
007060 0.6073 0.3643 0.0000 0.0284
007080 0.6104 0.3624 0.0000 0.0272
007100 0.6173 0.3560 0.0000 0.0267
007120 0.6238 0.3511 0.0000 0.0251
007140 0.6322 0.3434 0.0000 0.0243
007160 0.6362 0.3372 0.0000 0.0267
007180 0.6362 0.3362 0.0000 0.0276
007200 0.6345 0.3373 0.0000 0.0282
007220 0.6272 0.3419 0.0000 0.0309
007240 0.6190 0.3488 0.0000 0.0322
007260 0.6114 0.3576 0.0000 0.0310
007280 0.6047 0.3653 0.0000 0.0299
007300 0.6041 0.3682 0.0000 0.0277
007320 0.6070 0.3660 0.0000 0.0270
007340 0.6138 0.3608 0.0000 0.0254
007360 0.6210 0.3540 0.0000 0.0250
007380 0.6315 0.3444 0.0000 0.0241
007400 0.6409 0.3347 0.0000 0.0244
007420 0.6447 0.3300 0.0000 0.0253
007440 0.6456 0.3271 0.0000 0.0273
007460 0.6423 0.3294 0.0000 0.0282
007480 0.6377 0.3330 0.0000 0.0293
007500 0.6341 0.3374 0.0000 0.0285
007520 0.6334 0.3398 0.0000 0.0268
007540 0.6284 0.3425 0.0000 0.0291
007560 0.6181 0.3514 0.0000 0.0305
007580 0.6103 0.3584 0.0000 0.0313
007600 0.6049 0.3661 0.0000 0.0290
007620 0.6102 0.3630 0.0000 0.0268
007640 0.6160 0.3565 0.0000 0.0274
007660 0.6217 0.3510 0.0000 0.0273
007680 0.6241 0.3499 0.0000 0.0261
007700 0.6305 0.3453 0.0000 0.0242
007720 0.6397 0.3371 0.0000 0.0233
007740 0.6471 0.3263 0.0000 0.0267
007760 0.6439 0.3278 0.0000 0.0283
007780 0.6375 0.3326 0.0000 0.0298
007800 0.6276 0.3411 0.0000 0.0313
007820 0.6214 0.3500 0.0000 0.0286
007840 0.6184 0.3516 0.0000 0.0301
007860 0.6080 0.3595 0.0000 0.0325
007880 0.5982 0.3695 0.0000 0.0323
007900 0.5955 0.3746 0.0000 0.0299
007920 0.6005 0.3730 0.0000 0.0265
007940 0.6125 0.3630 0.0000 0.0246
007960 0.6245 0.3513 0.0000 0.0242
007980 0.6326 0.3417 0.0000 0.0257
008000 0.6401 0.3343 0.0000 0.0256
008020 0.6442 0.3308 0.0000 0.0250
008040 0.6473 0.3274 0.0000 0.0253
008060 0.6487 0.3252 0.0000 0.0261
008080 0.6494 0.3238 0.0000 0.0268
008100 0.6494 0.3225 0.0000 0.0281
008120 0.6447 0.3258 0.0000 0.0295
008140 0.6374 0.3327 0.0000 0.0299
008160 0.6277 0.3414 0.0000 0.0309
008180 0.6170 0.3515 0.0000 0.0315
008200 0.6088 0.3613 0.0000 0.0300
008220 0.6070 0.3657 0.0000 0.0273
008240 0.6078 0.3649 0.0000 0.0273
008260 0.6096 0.3623 0.0000 0.0281
008280 0.6130 0.3601 0.0000 0.0269
008300 0.6222 0.3528 0.0000 0.0251
008320 0.6320 0.3419 0.0000 0.0261
008340 0.6374 0.3358 0.0000 0.0267
008360 0.6381 0.3353 0.0000 0.0266
008380 0.6392 0.3345 0.0000 0.0262
008400 0.6404 0.3321 0.0000 0.0275
008420 0.6375 0.3350 0.0000 0.0275
008440 0.6370 0.3350 0.0000 0.0280
008460 0.6344 0.3371 0.0000 0.0285
008480 0.6299 0.3404 0.0000 0.0297
008500 0.6294 0.3425 0.0000 0.0281
008520 0.6276 0.3435 0.0000 0.0289
008540 0.6260 0.3470 0.0000 0.0270
008560 0.6261 0.3454 0.0000 0.0285
008580 0.6208 0.3501 0.0000 0.0292
008600 0.6231 0.3495 0.0000 0.0274
008620 0.6237 0.3491 0.0000 0.0272
008640 0.6237 0.3479 0.0000 0.0284
008660 0.6229 0.3474 0.0000 0.0297
008680 0.6171 0.3532 0.0000 0.0297
008700 0.6137 0.3563 0.0000 0.0300
008720 0.6131 0.3594 0.0000 0.0275
008740 0.6171 0.3559 0.0000 0.0269
008760 0.6196 0.3531 0.0000 0.0273
008780 0.6229 0.3506 0.0000 0.0264
008800 0.6283 0.3446 0.0000 0.0271
008820 0.6323 0.3413 0.0000 0.0264
008840 0.6303 0.3415 0.0000 0.0282
008860 0.6327 0.3415 0.0000 0.0258
008880 0.6373 0.3375 0.0000 0.0253
008900 0.6411 0.3332 0.0000 0.0257
008920 0.6456 0.3290 0.0000 0.0254
008940 0.6461 0.3267 0.0000 0.0272
008960 0.6472 0.3271 0.0000 0.0257
008980 0.6505 0.3237 0.0000 0.0257
009000 0.6502 0.3230 0.0000 0.0269
009020 0.6473 0.3259 0.0000 0.0268
009040 0.6410 0.3288 0.0000 0.0301
009060 0.6349 0.3351 0.0000 0.0301
009080 0.6288 0.3421 0.0000 0.0291
009100 0.6249 0.3455 0.0000 0.0296
009120 0.6163 0.3508 0.0000 0.0329
009140 0.6084 0.3584 0.0000 0.0332
009160 0.6019 0.3677 0.0000 0.0304
009180 0.6023 0.3696 0.0000 0.0281
009200 0.6065 0.3675 0.0000 0.0261
009220 0.6141 0.3603 0.0000 0.0256
009240 0.6217 0.3527 0.0000 0.0256
009260 0.6236 0.3504 0.0000 0.0260
009280 0.6280 0.3466 0.0000 0.0254
009300 0.6323 0.3421 0.0000 0.0255
009320 0.6385 0.3355 0.0000 0.0260
009340 0.6436 0.3318 0.0000 0.0246
009360 0.6518 0.3253 0.0000 0.0229
009380 0.6552 0.3182 0.0000 0.0266
009400 0.6538 0.3186 0.0000 0.0276
009420 0.6473 0.3245 0.0000 0.0282
009440 0.6421 0.3290 0.0000 0.0289
009460 0.6329 0.3354 0.0000 0.0317
009480 0.6203 0.3478 0.0000 0.0319
009500 0.6150 0.3564 0.0000 0.0286
009520 0.6094 0.3613 0.0000 0.0293
009540 0.6065 0.3653 0.0000 0.0283
009560 0.6119 0.3601 0.0000 0.0280
009580 0.6184 0.3543 0.0000 0.0272
009600 0.6241 0.3487 0.0000 0.0272
009620 0.6275 0.3436 0.0000 0.0289
009640 0.6326 0.3406 0.0000 0.0268
009660 0.6415 0.3340 0.0000 0.0244
009680 0.6413 0.3317 0.0000 0.0270
009700 0.6387 0.3334 0.0000 0.0280
009720 0.6329 0.3384 0.0000 0.0287
009740 0.6293 0.3405 0.0000 0.0302
009760 0.6245 0.3459 0.0000 0.0296
009780 0.6200 0.3511 0.0000 0.0289
009800 0.6211 0.3508 0.0000 0.0281
009820 0.6208 0.3512 0.0000 0.0280
009840 0.6202 0.3518 0.0000 0.0280
009860 0.6255 0.3477 0.0000 0.0268
009880 0.6317 0.3417 0.0000 0.0265
009900 0.6362 0.3383 0.0000 0.0255
009920 0.6419 0.3328 0.0000 0.0253
009940 0.6441 0.3289 0.0000 0.0270
009960 0.6395 0.3330 0.0000 0.0275
009980 0.6367 0.3341 0.0000 0.0292
010000 0.6313 0.3387 0.0000 0.0300
010020 0.6295 0.3428 0.0000 0.0278
010040 0.6295 0.3428 0.0000 0.0278
010060 0.6295 0.3428 0.0000 0.0278
010080 0.6295 0.3428 0.0000 0.0278
010100 0.6295 0.3428 0.0000 0.0278
010120 0.6295 0.3428 0.0000 0.0278
010140 0.6295 0.3428 0.0000 0.0278
010160 0.6295 0.3428 0.0000 0.0278
010180 0.6295 0.3428 0.0000 0.0278
010200 0.6295 0.3428 0.0000 0.0278
010220 0.6295 0.3428 0.0000 0.0278
010240 0.6295 0.3428 0.0000 0.0278
010260 0.6295 0.3428 0.0000 0.0278
010280 0.6295 0.3428 0.0000 0.0278
010300 0.6295 0.3428 0.0000 0.0278
010320 0.6295 0.3428 0.0000 0.0278
010340 0.6295 0.3428 0.0000 0.0278
010360 0.6295 0.3428 0.0000 0.0278
010380 0.6295 0.3428 0.0000 0.0278
010400 0.6295 0.3428 0.0000 0.0278
010420 0.6295 0.3428 0.0000 0.0278
010440 0.6295 0.3428 0.0000 0.0278
010460 0.6295 0.3428 0.0000 0.0278
010480 0.6295 0.3428 0.0000 0.0278
010500 0.6295 0.3428 0.0000 0.0278
010520 0.6295 0.3428 0.0000 0.0278
010540 0.6295 0.3428 0.0000 0.0278
010560 0.6295 0.3428 0.0000 0.0278
010580 0.6295 0.3428 0.0000 0.0278
010600 0.6295 0.3428 0.0000 0.0278
010620 0.6295 0.3428 0.0000 0.0278
010640 0.6295 0.3428 0.0000 0.0278
010660 0.6295 0.3428 0.0000 0.0278
010680 0.6295 0.3428 0.0000 0.0278
010700 0.6295 0.3428 0.0000 0.0278
010720 0.6295 0.3428 0.0000 0.0278
010740 0.6295 0.3428 0.0000 0.0278
010760 0.6295 0.3428 0.0000 0.0278
010780 0.6295 0.3428 0.0000 0.0278
010800 0.6295 0.3428 0.0000 0.0278
010820 0.6295 0.3428 0.0000 0.0278
010840 0.6295 0.3428 0.0000 0.0278
010860 0.6295 0.3428 0.0000 0.0278
010880 0.6295 0.3428 0.0000 0.0278
010900 0.6295 0.3428 0.0000 0.0278
010920 0.6295 0.3428 0.0000 0.0278
010940 0.6295 0.3428 0.0000 0.0278
010960 0.6295 0.3428 0.0000 0.0278
010980 0.6295 0.3428 0.0000 0.0278
011000 0.6295 0.3428 0.0000 0.0278
011020 0.6295 0.3428 0.0000 0.0278
011040 0.6295 0.3428 0.0000 0.0278
011060 0.6295 0.3428 0.0000 0.0278
011080 0.6295 0.3428 0.0000 0.0278
011100 0.6295 0.3428 0.0000 0.0278
011120 0.6295 0.3428 0.0000 0.0278
011140 0.6295 0.3428 0.0000 0.0278
011160 0.6295 0.3428 0.0000 0.0278
011180 0.6295 0.3428 0.0000 0.0278
011200 0.6295 0.3428 0.0000 0.0278
011220 0.6295 0.3428 0.0000 0.0278
011240 0.6295 0.3428 0.0000 0.0278
011260 0.6295 0.3428 0.0000 0.0278
011280 0.6295 0.3428 0.0000 0.0278
011300 0.6295 0.3428 0.0000 0.0278
011320 0.6295 0.3428 0.0000 0.0278
011340 0.6295 0.3428 0.0000 0.0278
011360 0.6295 0.3428 0.0000 0.0278
011380 0.6295 0.3428 0.0000 0.0278
011400 0.6295 0.3428 0.0000 0.0278
011420 0.6295 0.3428 0.0000 0.0278
011440 0.6295 0.3428 0.0000 0.0278
011460 0.6295 0.3428 0.0000 0.0278
011480 0.6295 0.3428 0.0000 0.0278
011500 0.6295 0.3428 0.0000 0.0278
011520 0.6295 0.3428 0.0000 0.0278
011540 0.6295 0.3428 0.0000 0.0278
011560 0.6295 0.3428 0.0000 0.0278
011580 0.6295 0.3428 0.0000 0.0278
011600 0.6295 0.3428 0.0000 0.0278
011620 0.6295 0.3428 0.0000 0.0278
011640 0.6295 0.3428 0.0000 0.0278
011660 0.6295 0.3428 0.0000 0.0278
011680 0.6295 0.3428 0.0000 0.0278
011700 0.6295 0.3428 0.0000 0.0278
011720 0.6295 0.3428 0.0000 0.0278
011740 0.6295 0.3428 0.0000 0.0278
011760 0.6295 0.3428 0.0000 0.0278
011780 0.6295 0.3428 0.0000 0.0278
011800 0.6295 0.3428 0.0000 0.0278
011820 0.6295 0.3428 0.0000 0.0278
011840 0.6295 0.3428 0.0000 0.0278
011860 0.6295 0.3428 0.0000 0.0278
011880 0.6295 0.3428 0.0000 0.0278
011900 0.6295 0.3428 0.0000 0.0278
011920 0.6295 0.3428 0.0000 0.0278
011940 0.6295 0.3428 0.0000 0.0278
011960 0.6295 0.3428 0.0000 0.0278
011980 0.6295 0.3428 0.0000 0.0278
012000 0.6295 0.3428 0.0000 0.0278
012020 0.6295 0.3428 0.0000 0.0278
012040 0.6295 0.3428 0.0000 0.0278
012060 0.6295 0.3428 0.0000 0.0278
012080 0.6295 0.3428 0.0000 0.0278
012100 0.6295 0.3428 0.0000 0.0278
012120 0.6295 0.3428 0.0000 0.0278
012140 0.6295 0.3428 0.0000 0.0278
012160 0.6295 0.3428 0.0000 0.0278
012180 0.6295 0.3428 0.0000 0.0278
012200 0.6295 0.3428 0.0000 0.0278
012220 0.6295 0.3428 0.0000 0.0278
012240 0.6295 0.3428 0.0000 0.0278
012260 0.6295 0.3428 0.0000 0.0278
012280 0.6295 0.3428 0.0000 0.0278
012300 0.6295 0.3428 0.0000 0.0278
012320 0.6295 0.3428 0.0000 0.0278
012340 0.6295 0.3428 0.0000 0.0278
012360 0.6295 0.3428 0.0000 0.0278
012380 0.6295 0.3428 0.0000 0.0278
012400 0.6295 0.3428 0.0000 0.0278
012420 0.6295 0.3428 0.0000 0.0278
012440 0.6295 0.3428 0.0000 0.0278
012460 0.6295 0.3428 0.0000 0.0278
012480 0.6295 0.3428 0.0000 0.0278
012500 0.6295 0.3428 0.0000 0.0278
012520 0.6295 0.3428 0.0000 0.0278
012540 0.6295 0.3428 0.0000 0.0278
012560 0.6295 0.3428 0.0000 0.0278
012580 0.6295 0.3428 0.0000 0.0278
012600 0.6295 0.3428 0.0000 0.0278
012620 0.6295 0.3428 0.0000 0.0278
012640 0.6295 0.3428 0.0000 0.0278
012660 0.6295 0.3428 0.0000 0.0278
012680 0.6295 0.3428 0.0000 0.0278
012700 0.6295 0.3428 0.0000 0.0278
012720 0.6295 0.3428 0.0000 0.0278
012740 0.6295 0.3428 0.0000 0.0278
012760 0.6295 0.3428 0.0000 0.0278
012780 0.6295 0.3428 0.0000 0.0278
012800 0.6295 0.3428 0.0000 0.0278
012820 0.6295 0.3428 0.0000 0.0278
012840 0.6295 0.3428 0.0000 0.0278
012860 0.6295 0.3428 0.0000 0.0278
012880 0.6295 0.3428 0.0000 0.0278
012900 0.6295 0.3428 0.0000 0.0278
012920 0.6295 0.3428 0.0000 0.0278
012940 0.6295 0.3428 0.0000 0.0278
012960 0.6295 0.3428 0.0000 0.0278
012980 0.6295 0.3428 0.0000 0.0278
013000 0.6295 0.3428 0.0000 0.0278
013020 0.6295 0.3428 0.0000 0.0278
013040 0.6295 0.3428 0.0000 0.0278
013060 0.6295 0.3428 0.0000 0.0278
013080 0.6295 0.3428 0.0000 0.0278
013100 0.6295 0.3428 0.0000 0.0278
013120 0.6295 0.3428 0.0000 0.0278
013140 0.6295 0.3428 0.0000 0.0278
013160 0.6295 0.3428 0.0000 0.0278
013180 0.6295 0.3428 0.0000 0.0278
013200 0.6295 0.3428 0.0000 0.0278
013220 0.6295 0.3428 0.0000 0.0278
013240 0.6295 0.3428 0.0000 0.0278
013260 0.6295 0.3428 0.0000 0.0278
013280 0.6295 0.3428 0.0000 0.0278
013300 0.6295 0.3428 0.0000 0.0278
013320 0.6295 0.3428 0.0000 0.0278
013340 0.6295 0.3428 0.0000 0.0278
013360 0.6295 0.3428 0.0000 0.0278
013380 0.6295 0.3428 0.0000 0.0278
013400 0.6295 0.3428 0.0000 0.0278
013420 0.6295 0.3428 0.0000 0.0278
013440 0.6295 0.3428 0.0000 0.0278
013460 0.6295 0.3428 0.0000 0.0278
013480 0.6295 0.3428 0.0000 0.0278
013500 0.6295 0.3428 0.0000 0.0278
013520 0.6295 0.3428 0.0000 0.0278
013540 0.6295 0.3428 0.0000 0.0278
013560 0.6295 0.3428 0.0000 0.0278
013580 0.6295 0.3428 0.0000 0.0278
013600 0.6295 0.3428 0.0000 0.0278
013620 0.6295 0.3428 0.0000 0.0278
013640 0.6295 0.3428 0.0000 0.0278
013660 0.6295 0.3428 0.0000 0.0278
013680 0.6295 0.3428 0.0000 0.0278
013700 0.6295 0.3428 0.0000 0.0278
013720 0.6295 0.3428 0.0000 0.0278
013740 0.6295 0.3428 0.0000 0.0278
013760 0.6295 0.3428 0.0000 0.0278
013780 0.6295 0.3428 0.0000 0.0278
013800 0.6295 0.3428 0.0000 0.0278
013820 0.6295 0.3428 0.0000 0.0278
013840 0.6295 0.3428 0.0000 0.0278
013860 0.6295 0.3428 0.0000 0.0278
013880 0.6295 0.3428 0.0000 0.0278
013900 0.6295 0.3428 0.0000 0.0278
013920 0.6295 0.3428 0.0000 0.0278
013940 0.6295 0.3428 0.0000 0.0278
013960 0.6295 0.3428 0.0000 0.0278
013980 0.6295 0.3428 0.0000 0.0278
014000 0.6295 0.3428 0.0000 0.0278
014020 0.6295 0.3428 0.0000 0.0278
014040 0.6295 0.3428 0.0000 0.0278
014060 0.6295 0.3428 0.0000 0.0278
014080 0.6295 0.3428 0.0000 0.0278
014100 0.6295 0.3428 0.0000 0.0278
014120 0.6295 0.3428 0.0000 0.0278
014140 0.6295 0.3428 0.0000 0.0278
014160 0.6295 0.3428 0.0000 0.0278
014180 0.6295 0.3428 0.0000 0.0278
014200 0.6295 0.3428 0.0000 0.0278
014220 0.6295 0.3428 0.0000 0.0278
014240 0.6295 0.3428 0.0000 0.0278
014260 0.6295 0.3428 0.0000 0.0278
014280 0.6295 0.3428 0.0000 0.0278
014300 0.6295 0.3428 0.0000 0.0278
014320 0.6295 0.3428 0.0000 0.0278
014340 0.6295 0.3428 0.0000 0.0278
014360 0.6295 0.3428 0.0000 0.0278
014380 0.6295 0.3428 0.0000 0.0278
014400 0.6295 0.3428 0.0000 0.0278
014420 0.6295 0.3428 0.0000 0.0278
014440 0.6295 0.3428 0.0000 0.0278
014460 0.6295 0.3428 0.0000 0.0278
014480 0.6295 0.3428 0.0000 0.0278
014500 0.6295 0.3428 0.0000 0.0278
014520 0.6295 0.3428 0.0000 0.0278
014540 0.6295 0.3428 0.0000 0.0278
014560 0.6295 0.3428 0.0000 0.0278
014580 0.6295 0.3428 0.0000 0.0278
014600 0.6295 0.3428 0.0000 0.0278
014620 0.6295 0.3428 0.0000 0.0278
014640 0.6295 0.3428 0.0000 0.0278
014660 0.6295 0.3428 0.0000 0.0278
014680 0.6295 0.3428 0.0000 0.0278
014700 0.6295 0.3428 0.0000 0.0278
014720 0.6295 0.3428 0.0000 0.0278
014740 0.6295 0.3428 0.0000 0.0278
014760 0.6295 0.3428 0.0000 0.0278
014780 0.6295 0.3428 0.0000 0.0278
014800 0.6295 0.3428 0.0000 0.0278
014820 0.6295 0.3428 0.0000 0.0278
014840 0.6295 0.3428 0.0000 0.0278
014860 0.6295 0.3428 0.0000 0.0278
014880 0.6295 0.3428 0.0000 0.0278
014900 0.6295 0.3428 0.0000 0.0278
014920 0.6295 0.3428 0.0000 0.0278
014940 0.6295 0.3428 0.0000 0.0278
014960 0.6295 0.3428 0.0000 0.0278
014980 0.6295 0.3428 0.0000 0.0278
015000 0.6295 0.3428 0.0000 0.0278
015020 0.6295 0.3428 0.0000 0.0278
015040 0.6295 0.3428 0.0000 0.0278
015060 0.6295 0.3428 0.0000 0.0278
015080 0.6295 0.3428 0.0000 0.0278
015100 0.6295 0.3428 0.0000 0.0278
015120 0.6295 0.3428 0.0000 0.0278
015140 0.6295 0.3428 0.0000 0.0278
015160 0.6295 0.3428 0.0000 0.0278
015180 0.6295 0.3428 0.0000 0.0278
015200 0.6295 0.3428 0.0000 0.0278
015220 0.6295 0.3428 0.0000 0.0278
015240 0.6295 0.3428 0.0000 0.0278
015260 0.6295 0.3428 0.0000 0.0278
015280 0.6295 0.3428 0.0000 0.0278
015300 0.6295 0.3428 0.0000 0.0278
015320 0.6295 0.3428 0.0000 0.0278
015340 0.6295 0.3428 0.0000 0.0278
015360 0.6295 0.3428 0.0000 0.0278
015380 0.6295 0.3428 0.0000 0.0278
015400 0.6295 0.3428 0.0000 0.0278
015420 0.6295 0.3428 0.0000 0.0278
015440 0.6295 0.3428 0.0000 0.0278
015460 0.6295 0.3428 0.0000 0.0278
015480 0.6295 0.3428 0.0000 0.0278
015500 0.6295 0.3428 0.0000 0.0278
015520 0.6295 0.3428 0.0000 0.0278
015540 0.6295 0.3428 0.0000 0.0278
015560 0.6295 0.3428 0.0000 0.0278
015580 0.6295 0.3428 0.0000 0.0278
015600 0.6295 0.3428 0.0000 0.0278
015620 0.6295 0.3428 0.0000 0.0278
015640 0.6295 0.3428 0.0000 0.0278
015660 0.6295 0.3428 0.0000 0.0278
015680 0.6295 0.3428 0.0000 0.0278
015700 0.6295 0.3428 0.0000 0.0278
015720 0.6295 0.3428 0.0000 0.0278
015740 0.6295 0.3428 0.0000 0.0278
015760 0.6295 0.3428 0.0000 0.0278
015780 0.6295 0.3428 0.0000 0.0278
015800 0.6295 0.3428 0.0000 0.0278
015820 0.6295 0.3428 0.0000 0.0278
015840 0.6295 0.3428 0.0000 0.0278
015860 0.6295 0.3428 0.0000 0.0278
015880 0.6295 0.3428 0.0000 0.0278
015900 0.6295 0.3428 0.0000 0.0278
015920 0.6295 0.3428 0.0000 0.0278
015940 0.6295 0.3428 0.0000 0.0278
015960 0.6295 0.3428 0.0000 0.0278
015980 0.6295 0.3428 0.0000 0.0278
016000 0.6295 0.3428 0.0000 0.0278
016020 0.6295 0.3428 0.0000 0.0278
016040 0.6295 0.3428 0.0000 0.0278
016060 0.6295 0.3428 0.0000 0.0278
016080 0.6295 0.3428 0.0000 0.0278
016100 0.6295 0.3428 0.0000 0.0278
016120 0.6295 0.3428 0.0000 0.0278
016140 0.6295 0.3428 0.0000 0.0278
016160 0.6295 0.3428 0.0000 0.0278
016180 0.6295 0.3428 0.0000 0.0278
016200 0.6295 0.3428 0.0000 0.0278
016220 0.6295 0.3428 0.0000 0.0278
016240 0.6295 0.3428 0.0000 0.0278
016260 0.6295 0.3428 0.0000 0.0278
016280 0.6295 0.3428 0.0000 0.0278
016300 0.6295 0.3428 0.0000 0.0278
016320 0.6295 0.3428 0.0000 0.0278
016340 0.6295 0.3428 0.0000 0.0278
016360 0.6295 0.3428 0.0000 0.0278
016380 0.6295 0.3428 0.0000 0.0278
016400 0.6295 0.3428 0.0000 0.0278
016420 0.6295 0.3428 0.0000 0.0278
016440 0.6295 0.3428 0.0000 0.0278
016460 0.6295 0.3428 0.0000 0.0278
016480 0.6295 0.3428 0.0000 0.0278
016500 0.6295 0.3428 0.0000 0.0278
016520 0.6295 0.3428 0.0000 0.0278
016540 0.6295 0.3428 0.0000 0.0278
016560 0.6295 0.3428 0.0000 0.0278
016580 0.6295 0.3428 0.0000 0.0278
016600 0.6295 0.3428 0.0000 0.0278
016620 0.6295 0.3428 0.0000 0.0278
016640 0.6295 0.3428 0.0000 0.0278
016660 0.6295 0.3428 0.0000 0.0278
016680 0.6295 0.3428 0.0000 0.0278
016700 0.6295 0.3428 0.0000 0.0278
016720 0.6295 0.3428 0.0000 0.0278
016740 0.6295 0.3428 0.0000 0.0278
016760 0.6295 0.3428 0.0000 0.0278
016780 0.6295 0.3428 0.0000 0.0278
016800 0.6295 0.3428 0.0000 0.0278
016820 0.6295 0.3428 0.0000 0.0278
016840 0.6295 0.3428 0.0000 0.0278
016860 0.6295 0.3428 0.0000 0.0278
016880 0.6295 0.3428 0.0000 0.0278
016900 0.6295 0.3428 0.0000 0.0278
016920 0.6295 0.3428 0.0000 0.0278
016940 0.6295 0.3428 0.0000 0.0278
016960 0.6295 0.3428 0.0000 0.0278
016980 0.6295 0.3428 0.0000 0.0278
017000 0.6295 0.3428 0.0000 0.0278
017020 0.6295 0.3428 0.0000 0.0278
017040 0.6295 0.3428 0.0000 0.0278
017060 0.6295 0.3428 0.0000 0.0278
017080 0.6295 0.3428 0.0000 0.0278
017100 0.6295 0.3428 0.0000 0.0278
017120 0.6295 0.3428 0.0000 0.0278
017140 0.6295 0.3428 0.0000 0.0278
017160 0.6295 0.3428 0.0000 0.0278
017180 0.6295 0.3428 0.0000 0.0278
017200 0.6295 0.3428 0.0000 0.0278
017220 0.6295 0.3428 0.0000 0.0278
017240 0.6295 0.3428 0.0000 0.0278
017260 0.6295 0.3428 0.0000 0.0278
017280 0.6295 0.3428 0.0000 0.0278
017300 0.6295 0.3428 0.0000 0.0278
017320 0.6295 0.3428 0.0000 0.0278
017340 0.6295 0.3428 0.0000 0.0278
017360 0.6295 0.3428 0.0000 0.0278
017380 0.6295 0.3428 0.0000 0.0278
017400 0.6295 0.3428 0.0000 0.0278
017420 0.6295 0.3428 0.0000 0.0278
017440 0.6295 0.3428 0.0000 0.0278
017460 0.6295 0.3428 0.0000 0.0278
017480 0.6295 0.3428 0.0000 0.0278
017500 0.6295 0.3428 0.0000 0.0278
017520 0.6295 0.3428 0.0000 0.0278
017540 0.6295 0.3428 0.0000 0.0278
017560 0.6295 0.3428 0.0000 0.0278
017580 0.6295 0.3428 0.0000 0.0278
017600 0.6295 0.3428 0.0000 0.0278
017620 0.6295 0.3428 0.0000 0.0278
017640 0.6295 0.3428 0.0000 0.0278
017660 0.6295 0.3428 0.0000 0.0278
017680 0.6295 0.3428 0.0000 0.0278
017700 0.6295 0.3428 0.0000 0.0278
017720 0.6295 0.3428 0.0000 0.0278
017740 0.6295 0.3428 0.0000 0.0278
017760 0.6295 0.3428 0.0000 0.0278
017780 0.6295 0.3428 0.0000 0.0278
017800 0.6295 0.3428 0.0000 0.0278
017820 0.6295 0.3428 0.0000 0.0278
017840 0.6295 0.3428 0.0000 0.0278
017860 0.6295 0.3428 0.0000 0.0278
017880 0.6295 0.3428 0.0000 0.0278
017900 0.6295 0.3428 0.0000 0.0278
017920 0.6295 0.3428 0.0000 0.0278
017940 0.6295 0.3428 0.0000 0.0278
017960 0.6295 0.3428 0.0000 0.0278
017980 0.6295 0.3428 0.0000 0.0278
018000 0.6295 0.3428 0.0000 0.0278
018020 0.6295 0.3428 0.0000 0.0278
018040 0.6295 0.3428 0.0000 0.0278
018060 0.6295 0.3428 0.0000 0.0278
018080 0.6295 0.3428 0.0000 0.0278
018100 0.6295 0.3428 0.0000 0.0278
018120 0.6295 0.3428 0.0000 0.0278
018140 0.6295 0.3428 0.0000 0.0278
018160 0.6295 0.3428 0.0000 0.0278
018180 0.6295 0.3428 0.0000 0.0278
018200 0.6295 0.3428 0.0000 0.0278
018220 0.6295 0.3428 0.0000 0.0278
018240 0.6295 0.3428 0.0000 0.0278
018260 0.6295 0.3428 0.0000 0.0278
018280 0.6295 0.3428 0.0000 0.0278
018300 0.6295 0.3428 0.0000 0.0278
018320 0.6295 0.3428 0.0000 0.0278
018340 0.6295 0.3428 0.0000 0.0278
018360 0.6295 0.3428 0.0000 0.0278
018380 0.6295 0.3428 0.0000 0.0278
018400 0.6295 0.3428 0.0000 0.0278
018420 0.6295 0.3428 0.0000 0.0278
018440 0.6295 0.3428 0.0000 0.0278
018460 0.6295 0.3428 0.0000 0.0278
018480 0.6295 0.3428 0.0000 0.0278
018500 0.6295 0.3428 0.0000 0.0278
018520 0.6295 0.3428 0.0000 0.0278
018540 0.6295 0.3428 0.0000 0.0278
018560 0.6295 0.3428 0.0000 0.0278
018580 0.6295 0.3428 0.0000 0.0278
018600 0.6295 0.3428 0.0000 0.0278
018620 0.6295 0.3428 0.0000 0.0278
018640 0.6295 0.3428 0.0000 0.0278
018660 0.6295 0.3428 0.0000 0.0278
018680 0.6295 0.3428 0.0000 0.0278
018700 0.6295 0.3428 0.0000 0.0278
018720 0.6295 0.3428 0.0000 0.0278
018740 0.6295 0.3428 0.0000 0.0278
018760 0.6295 0.3428 0.0000 0.0278
018780 0.6295 0.3428 0.0000 0.0278
018800 0.6295 0.3428 0.0000 0.0278
018820 0.6295 0.3428 0.0000 0.0278
018840 0.6295 0.3428 0.0000 0.0278
018860 0.6295 0.3428 0.0000 0.0278
018880 0.6295 0.3428 0.0000 0.0278
018900 0.6295 0.3428 0.0000 0.0278
018920 0.6295 0.3428 0.0000 0.0278
018940 0.6295 0.3428 0.0000 0.0278
018960 0.6295 0.3428 0.0000 0.0278
018980 0.6295 0.3428 0.0000 0.0278
019000 0.6295 0.3428 0.0000 0.0278
019020 0.6295 0.3428 0.0000 0.0278
019040 0.6295 0.3428 0.0000 0.0278
019060 0.6295 0.3428 0.0000 0.0278
019080 0.6295 0.3428 0.0000 0.0278
019100 0.6295 0.3428 0.0000 0.0278
019120 0.6295 0.3428 0.0000 0.0278
019140 0.6295 0.3428 0.0000 0.0278
019160 0.6295 0.3428 0.0000 0.0278
019180 0.6295 0.3428 0.0000 0.0278
019200 0.6295 0.3428 0.0000 0.0278
019220 0.6295 0.3428 0.0000 0.0278
019240 0.6295 0.3428 0.0000 0.0278
019260 0.6295 0.3428 0.0000 0.0278
019280 0.6295 0.3428 0.0000 0.0278
019300 0.6295 0.3428 0.0000 0.0278
019320 0.6295 0.3428 0.0000 0.0278
019340 0.6295 0.3428 0.0000 0.0278
019360 0.6295 0.3428 0.0000 0.0278
019380 0.6295 0.3428 0.0000 0.0278
019400 0.6295 0.3428 0.0000 0.0278
019420 0.6295 0.3428 0.0000 0.0278
019440 0.6295 0.3428 0.0000 0.0278
019460 0.6295 0.3428 0.0000 0.0278
019480 0.6295 0.3428 0.0000 0.0278
019500 0.6295 0.3428 0.0000 0.0278
019520 0.6295 0.3428 0.0000 0.0278
019540 0.6295 0.3428 0.0000 0.0278
019560 0.6295 0.3428 0.0000 0.0278
019580 0.6295 0.3428 0.0000 0.0278
019600 0.6295 0.3428 0.0000 0.0278
019620 0.6295 0.3428 0.0000 0.0278
019640 0.6295 0.3428 0.0000 0.0278
019660 0.6295 0.3428 0.0000 0.0278
019680 0.6295 0.3428 0.0000 0.0278
019700 0.6295 0.3428 0.0000 0.0278
019720 0.6295 0.3428 0.0000 0.0278
019740 0.6295 0.3428 0.0000 0.0278
019760 0.6295 0.3428 0.0000 0.0278
019780 0.6295 0.3428 0.0000 0.0278
019800 0.6295 0.3428 0.0000 0.0278
019820 0.6295 0.3428 0.0000 0.0278
019840 0.6295 0.3428 0.0000 0.0278
019860 0.6295 0.3428 0.0000 0.0278
019880 0.6295 0.3428 0.0000 0.0278
019900 0.6295 0.3428 0.0000 0.0278
019920 0.6295 0.3428 0.0000 0.0278
019940 0.6295 0.3428 0.0000 0.0278
019960 0.6295 0.3428 0.0000 0.0278
019980 0.6295 0.3428 0.0000 0.0278
020000 0.6295 0.3428 0.0000 0.0278
