000000 0.2500 0.2500 0.2500 0.2500
000020 0.2596 0.2594 0.2295 0.2515
000040 0.2708 0.2694 0.2079 0.2520
000060 0.2815 0.2801 0.1868 0.2516
000080 0.2908 0.2920 0.1664 0.2508
000100 0.2995 0.3046 0.1470 0.2489
000120 0.3067 0.3177 0.1287 0.2468
000140 0.3125 0.3313 0.1125 0.2437
000160 0.3181 0.3457 0.0971 0.2391
000180 0.3217 0.3614 0.0826 0.2343
000200 0.3248 0.3781 0.0692 0.2279
000220 0.3264 0.3952 0.0568 0.2216
000240 0.3263 0.4140 0.0455 0.2143
000260 0.3250 0.4344 0.0355 0.2051
000280 0.3233 0.4542 0.0270 0.1955
000300 0.3194 0.4754 0.0195 0.1857
000320 0.3148 0.4977 0.0135 0.1741
000340 0.3105 0.5195 0.0084 0.1617
000360 0.3051 0.5416 0.0047 0.1486
000380 0.2985 0.5650 0.0019 0.1346
000400 0.2906 0.5885 0.0004 0.1206
000420 0.2816 0.6142 0.0000 0.1042
000440 0.2733 0.6398 0.0000 0.0869
000460 0.2670 0.6617 0.0000 0.0713
000480 0.2608 0.6789 0.0000 0.0603
000500 0.2553 0.6950 0.0000 0.0497
000520 0.2514 0.7071 0.0000 0.0416
000540 0.2488 0.7166 0.0000 0.0346
000560 0.2492 0.7221 0.0000 0.0288
000580 0.2517 0.7260 0.0000 0.0224
000600 0.2592 0.7232 0.0000 0.0177
000620 0.2678 0.7170 0.0000 0.0152
000640 0.2732 0.7123 0.0000 0.0145
000660 0.2804 0.7057 0.0000 0.0139
000680 0.2859 0.6987 0.0000 0.0154
000700 0.2911 0.6928 0.0000 0.0161
000720 0.2975 0.6861 0.0000 0.0164
000740 0.3005 0.6816 0.0000 0.0179
000760 0.3019 0.6805 0.0000 0.0176
000780 0.3057 0.6762 0.0000 0.0181
000800 0.3122 0.6705 0.0000 0.0173
000820 0.3193 0.6637 0.0000 0.0170
000840 0.3304 0.6528 0.0000 0.0168
000860 0.3435 0.6398 0.0000 0.0166
000880 0.3527 0.6307 0.0000 0.0166
000900 0.3617 0.6213 0.0000 0.0170
000920 0.3690 0.6128 0.0000 0.0182
000940 0.3717 0.6095 0.0000 0.0188
000960 0.3746 0.6042 0.0000 0.0212
000980 0.3717 0.6043 0.0000 0.0240
001000 0.3690 0.6061 0.0000 0.0250
001020 0.3674 0.6096 0.0000 0.0230
001040 0.3754 0.6033 0.0000 0.0214
001060 0.3853 0.5932 0.0000 0.0215
001080 0.3970 0.5820 0.0000 0.0211
001100 0.4087 0.5698 0.0000 0.0215
001120 0.4161 0.5608 0.0000 0.0230
001140 0.4228 0.5542 0.0000 0.0230
001160 0.4313 0.5461 0.0000 0.0226
001180 0.4385 0.5382 0.0000 0.0232
001200 0.4449 0.5314 0.0000 0.0237
001220 0.4502 0.5256 0.0000 0.0242
001240 0.4567 0.5181 0.0000 0.0252
001260 0.4599 0.5125 0.0000 0.0276
001280 0.4595 0.5121 0.0000 0.0284
001300 0.4627 0.5100 0.0000 0.0273
001320 0.4689 0.5030 0.0000 0.0281
001340 0.4754 0.4960 0.0000 0.0285
001360 0.4829 0.4883 0.0000 0.0287
001380 0.4881 0.4821 0.0000 0.0298
001400 0.4897 0.4791 0.0000 0.0312
001420 0.4917 0.4775 0.0000 0.0308
001440 0.4950 0.4761 0.0000 0.0289
001460 0.4995 0.4697 0.0000 0.0308
001480 0.5096 0.4596 0.0000 0.0308
001500 0.5232 0.4485 0.0000 0.0282
001520 0.5379 0.4348 0.0000 0.0273
001540 0.5560 0.4177 0.0000 0.0263
001560 0.5676 0.4028 0.0000 0.0296
001580 0.5743 0.3941 0.0000 0.0316
001600 0.5740 0.3933 0.0000 0.0327
001620 0.5743 0.3910 0.0000 0.0347
001640 0.5746 0.3904 0.0000 0.0350
001660 0.5757 0.3898 0.0000 0.0346
001680 0.5808 0.3844 0.0000 0.0348
001700 0.5816 0.3834 0.0000 0.0350
001720 0.5760 0.3868 0.0000 0.0372
001740 0.5693 0.3926 0.0000 0.0382
001760 0.5646 0.3963 0.0000 0.0390
001780 0.5680 0.3956 0.0000 0.0365
001800 0.5779 0.3886 0.0000 0.0335
001820 0.5906 0.3783 0.0000 0.0311
001840 0.6037 0.3649 0.0000 0.0315
001860 0.6094 0.3580 0.0000 0.0325
001880 0.6132 0.3525 0.0000 0.0343
001900 0.6121 0.3524 0.0000 0.0355
001920 0.6075 0.3566 0.0000 0.0360
001940 0.6060 0.3598 0.0000 0.0342
001960 0.6072 0.3572 0.0000 0.0356
001980 0.6047 0.3584 0.0000 0.0369
002000 0.6053 0.3587 0.0000 0.0361
002020 0.6040 0.3588 0.0000 0.0372
002040 0.6036 0.3599 0.0000 0.0365
002060 0.6023 0.3613 0.0000 0.0363
002080 0.5977 0.3639 0.0000 0.0384
002100 0.5949 0.3674 0.0000 0.0377
002120 0.5919 0.3703 0.0000 0.0378
002140 0.5941 0.3716 0.0000 0.0343
002160 0.6009 0.3648 0.0000 0.0343
002180 0.6053 0.3582 0.0000 0.0364
002200 0.6075 0.3563 0.0000 0.0362
002220 0.6105 0.3537 0.0000 0.0359
002240 0.6160 0.3493 0.0000 0.0347
002260 0.6169 0.3463 0.0000 0.0369
002280 0.6131 0.3487 0.0000 0.0383
002300 0.6069 0.3537 0.0000 0.0394
002320 0.5961 0.3649 0.0000 0.0390
002340 0.5925 0.3693 0.0000 0.0382
002360 0.5909 0.3711 0.0000 0.0381
002380 0.5894 0.3724 0.0000 0.0382
002400 0.5913 0.3719 0.0000 0.0367
002420 0.5965 0.3680 0.0000 0.0355
002440 0.6013 0.3643 0.0000 0.0343
002460 0.6079 0.3572 0.0000 0.0349
002480 0.6093 0.3541 0.0000 0.0366
002500 0.6128 0.3512 0.0000 0.0360
002520 0.6160 0.3484 0.0000 0.0356
002540 0.6165 0.3461 0.0000 0.0373
002560 0.6125 0.3488 0.0000 0.0387
002580 0.6076 0.3543 0.0000 0.0381
002600 0.6080 0.3569 0.0000 0.0351
002620 0.6089 0.3564 0.0000 0.0347
002640 0.6085 0.3552 0.0000 0.0363
002660 0.6077 0.3550 0.0000 0.0373
002680 0.6059 0.3563 0.0000 0.0378
002700 0.6077 0.3558 0.0000 0.0365
002720 0.6131 0.3529 0.0000 0.0340
002740 0.6216 0.3473 0.0000 0.0311
002760 0.6310 0.3371 0.0000 0.0319
002780 0.6323 0.3312 0.0000 0.0365
002800 0.6270 0.3341 0.0000 0.0389
002820 0.6142 0.3454 0.0000 0.0404
002840 0.6028 0.3577 0.0000 0.0395
002860 0.5925 0.3666 0.0000 0.0409
002880 0.5822 0.3764 0.0000 0.0414
002900 0.5745 0.3866 0.0000 0.0388
002920 0.5785 0.3855 0.0000 0.0360
002940 0.5908 0.3760 0.0000 0.0333
002960 0.6060 0.3621 0.0000 0.0319
002980 0.6179 0.3490 0.0000 0.0331
003000 0.6287 0.3384 0.0000 0.0329
003020 0.6335 0.3311 0.0000 0.0354
003040 0.6327 0.3310 0.0000 0.0363
003060 0.6294 0.3336 0.0000 0.0369
003080 0.6211 0.3391 0.0000 0.0398
003100 0.6077 0.3499 0.0000 0.0424
003120 0.5949 0.3643 0.0000 0.0408
003140 0.5872 0.3740 0.0000 0.0387
003160 0.5816 0.3785 0.0000 0.0399
003180 0.5804 0.3804 0.0000 0.0392
003200 0.5826 0.3809 0.0000 0.0365
003220 0.5918 0.3731 0.0000 0.0351
003240 0.5984 0.3661 0.0000 0.0355
003260 0.6038 0.3604 0.0000 0.0358
003280 0.6106 0.3544 0.0000 0.0350
003300 0.6155 0.3504 0.0000 0.0340
003320 0.6210 0.3449 0.0000 0.0341
003340 0.6223 0.3428 0.0000 0.0348
003360 0.6241 0.3408 0.0000 0.0351
003380 0.6211 0.3409 0.0000 0.0380
003400 0.6125 0.3486 0.0000 0.0389
003420 0.6039 0.3564 0.0000 0.0397
003440 0.5947 0.3644 0.0000 0.0409
003460 0.5858 0.3738 0.0000 0.0403
003480 0.5823 0.3804 0.0000 0.0373
003500 0.5854 0.3792 0.0000 0.0354
003520 0.5953 0.3700 0.0000 0.0347
003540 0.6057 0.3600 0.0000 0.0343
003560 0.6152 0.3505 0.0000 0.0343
003580 0.6204 0.3445 0.0000 0.0352
003600 0.6218 0.3434 0.0000 0.0348
003620 0.6192 0.3437 0.0000 0.0371
003640 0.6126 0.3502 0.0000 0.0372
003660 0.6031 0.3578 0.0000 0.0391
003680 0.5925 0.3674 0.0000 0.0401
003700 0.5844 0.3744 0.0000 0.0412
003720 0.5784 0.3817 0.0000 0.0399
003740 0.5780 0.3843 0.0000 0.0377
003760 0.5845 0.3789 0.0000 0.0366
003780 0.5965 0.3710 0.0000 0.0326
003800 0.6087 0.3575 0.0000 0.0338
003820 0.6194 0.3478 0.0000 0.0327
003840 0.6255 0.3396 0.0000 0.0350
003860 0.6242 0.3394 0.0000 0.0364
003880 0.6186 0.3441 0.0000 0.0373
003900 0.6099 0.3516 0.0000 0.0386
003920 0.6063 0.3561 0.0000 0.0376
003940 0.6055 0.3569 0.0000 0.0376
003960 0.6051 0.3579 0.0000 0.0369
003980 0.6047 0.3581 0.0000 0.0372
004000 0.6048 0.3579 0.0000 0.0374
004020 0.6075 0.3562 0.0000 0.0363
004040 0.6125 0.3523 0.0000 0.0353
004060 0.6153 0.3491 0.0000 0.0356
004080 0.6150 0.3475 0.0000 0.0376
004100 0.6139 0.3487 0.0000 0.0375
004120 0.6082 0.3531 0.0000 0.0388
004140 0.6051 0.3566 0.0000 0.0384
004160 0.6018 0.3599 0.0000 0.0383
004180 0.5977 0.3652 0.0000 0.0372
004200 0.5945 0.3670 0.0000 0.0385
004220 0.5957 0.3666 0.0000 0.0377
004240 0.5999 0.3641 0.0000 0.0360
004260 0.6062 0.3582 0.0000 0.0355
004280 0.6110 0.3537 0.0000 0.0353
004300 0.6152 0.3492 0.0000 0.0356
004320 0.6153 0.3488 0.0000 0.0359
004340 0.6145 0.3496 0.0000 0.0359
004360 0.6167 0.3481 0.0000 0.0352
004380 0.6176 0.3467 0.0000 0.0357
004400 0.6168 0.3477 0.0000 0.0355
004420 0.6099 0.3515 0.0000 0.0387
004440 0.6021 0.3572 0.0000 0.0407
004460 0.5934 0.3684 0.0000 0.0383
004480 0.5869 0.3767 0.0000 0.0364
004500 0.5863 0.3751 0.0000 0.0386
004520 0.5855 0.3752 0.0000 0.0393
004540 0.5875 0.3755 0.0000 0.0370
004560 0.5910 0.3721 0.0000 0.0369
004580 0.6016 0.3651 0.0000 0.0333
004600 0.6115 0.3552 0.0000 0.0332
004620 0.6185 0.3480 0.0000 0.0335
004640 0.6245 0.3429 0.0000 0.0327
004660 0.6298 0.3372 0.0000 0.0330
004680 0.6290 0.3347 0.0000 0.0362
004700 0.6224 0.3387 0.0000 0.0389
004720 0.6140 0.3456 0.0000 0.0404
004740 0.6058 0.3555 0.0000 0.0388
004760 0.5982 0.3626 0.0000 0.0392
004780 0.5947 0.3681 0.0000 0.0372
004800 0.5910 0.3717 0.0000 0.0373
004820 0.5954 0.3686 0.0000 0.0360
004840 0.5981 0.3652 0.0000 0.0367
004860 0.6016 0.3628 0.0000 0.0356
004880 0.6074 0.3570 0.0000 0.0356
004900 0.6117 0.3545 0.0000 0.0338
004920 0.6175 0.3478 0.0000 0.0348
004940 0.6195 0.3435 0.0000 0.0370
004960 0.6176 0.3450 0.0000 0.0374
004980 0.6112 0.3499 0.0000 0.0388
005000 0.6052 0.3567 0.0000 0.0381
005020 0.5978 0.3622 0.0000 0.0400
005040 0.5936 0.3678 0.0000 0.0386
005060 0.5937 0.3682 0.0000 0.0380
005080 0.5961 0.3662 0.0000 0.0376
005100 0.6012 0.3628 0.0000 0.0359
005120 0.6116 0.3543 0.0000 0.0341
005140 0.6231 0.3445 0.0000 0.0324
005160 0.6275 0.3381 0.0000 0.0344
005180 0.6285 0.3365 0.0000 0.0350
005200 0.6236 0.3395 0.0000 0.0369
005220 0.6182 0.3450 0.0000 0.0368
005240 0.6138 0.3478 0.0000 0.0385
005260 0.6101 0.3513 0.0000 0.0386
005280 0.6028 0.3575 0.0000 0.0397
005300 0.5975 0.3640 0.0000 0.0385
005320 0.5950 0.3681 0.0000 0.0370
005340 0.5975 0.3668 0.0000 0.0357
005360 0.5967 0.3654 0.0000 0.0379
005380 0.5948 0.3663 0.0000 0.0389
005400 0.5919 0.3697 0.0000 0.0384
005420 0.5880 0.3752 0.0000 0.0368
005440 0.5899 0.3737 0.0000 0.0364
005460 0.5935 0.3698 0.0000 0.0366
005480 0.5953 0.3677 0.0000 0.0370
005500 0.6015 0.3620 0.0000 0.0365
005520 0.6054 0.3590 0.0000 0.0356
005540 0.6130 0.3530 0.0000 0.0340
005560 0.6198 0.3462 0.0000 0.0340
005580 0.6197 0.3441 0.0000 0.0362
005600 0.6153 0.3466 0.0000 0.0381
005620 0.6073 0.3549 0.0000 0.0378
005640 0.5953 0.3645 0.0000 0.0402
005660 0.5850 0.3739 0.0000 0.0411
005680 0.5808 0.3821 0.0000 0.0371
005700 0.5857 0.3786 0.0000 0.0356
005720 0.5929 0.3704 0.0000 0.0367
005740 0.5998 0.3647 0.0000 0.0355
005760 0.6094 0.3568 0.0000 0.0338
005780 0.6169 0.3482 0.0000 0.0348
005800 0.6244 0.3426 0.0000 0.0330
005820 0.6214 0.3413 0.0000 0.0374
005840 0.6083 0.3516 0.0000 0.0401
005860 0.5974 0.3614 0.0000 0.0412
005880 0.5888 0.3701 0.0000 0.0411
005900 0.5806 0.3788 0.0000 0.0405
005920 0.5825 0.3800 0.0000 0.0375
005940 0.5886 0.3756 0.0000 0.0357
005960 0.5979 0.3688 0.0000 0.0333
005980 0.6101 0.3574 0.0000 0.0325
006000 0.6191 0.3465 0.0000 0.0344
006020 0.6222 0.3433 0.0000 0.0345
006040 0.6215 0.3417 0.0000 0.0368
006060 0.6180 0.3433 0.0000 0.0388
006080 0.6099 0.3514 0.0000 0.0387
006100 0.6001 0.3585 0.0000 0.0413
006120 0.5909 0.3688 0.0000 0.0403
006140 0.5910 0.3728 0.0000 0.0362
006160 0.5946 0.3690 0.0000 0.0365
006180 0.6009 0.3628 0.0000 0.0363
006200 0.6036 0.3608 0.0000 0.0356
006220 0.6121 0.3533 0.0000 0.0346
006240 0.6149 0.3497 0.0000 0.0355
006260 0.6152 0.3491 0.0000 0.0357
006280 0.6130 0.3503 0.0000 0.0366
006300 0.6105 0.3530 0.0000 0.0365
006320 0.6087 0.3542 0.0000 0.0370
006340 0.6019 0.3583 0.0000 0.0397
006360 0.5944 0.3670 0.0000 0.0387
006380 0.5917 0.3693 0.0000 0.0390
006400 0.5912 0.3696 0.0000 0.0392
006420 0.5940 0.3675 0.0000 0.0384
006440 0.5977 0.3653 0.0000 0.0370
006460 0.6002 0.3626 0.0000 0.0371
006480 0.5988 0.3625 0.0000 0.0387
006500 0.5985 0.3640 0.0000 0.0375
006520 0.5977 0.3656 0.0000 0.0367
006540 0.5998 0.3643 0.0000 0.0359
006560 0.6061 0.3590 0.0000 0.0349
006580 0.6086 0.3536 0.0000 0.0378
006600 0.6107 0.3532 0.0000 0.0361
006620 0.6134 0.3493 0.0000 0.0373
006640 0.6123 0.3490 0.0000 0.0388
006660 0.6020 0.3579 0.0000 0.0401
006680 0.5944 0.3649 0.0000 0.0408
006700 0.5891 0.3716 0.0000 0.0393
006720 0.5846 0.3760 0.0000 0.0395
006740 0.5860 0.3765 0.0000 0.0375
006760 0.5927 0.3715 0.0000 0.0358
006780 0.6019 0.3613 0.0000 0.0368
006800 0.6080 0.3555 0.0000 0.0365
006820 0.6048 0.3551 0.0000 0.0400
006840 0.5993 0.3606 0.0000 0.0401
006860 0.5929 0.3678 0.0000 0.0393
006880 0.5894 0.3729 0.0000 0.0377
006900 0.5871 0.3742 0.0000 0.0387
006920 0.5897 0.3741 0.0000 0.0362
006940 0.5956 0.3673 0.0000 0.0371
006960 0.5987 0.3644 0.0000 0.0369
006980 0.6041 0.3618 0.0000 0.0341
007000 0.6102 0.3564 0.0000 0.0333
007020 0.6148 0.3500 0.0000 0.0352
007040 0.6107 0.3491 0.0000 0.0402
007060 0.5989 0.3602 0.0000 0.0409
007080 0.5926 0.3687 0.0000 0.0387
007100 0.5947 0.3693 0.0000 0.0361
007120 0.6011 0.3637 0.0000 0.0352
007140 0.6033 0.3592 0.0000 0.0375
007160 0.6079 0.3566 0.0000 0.0356
007180 0.6157 0.3501 0.0000 0.0342
007200 0.6209 0.3446 0.0000 0.0345
007220 0.6235 0.3425 0.0000 0.0340
007240 0.6212 0.3421 0.0000 0.0367
007260 0.6202 0.3431 0.0000 0.0368
007280 0.6149 0.3467 0.0000 0.0384
007300 0.6053 0.3548 0.0000 0.0399
007320 0.6013 0.3610 0.0000 0.0377
007340 0.6001 0.3622 0.0000 0.0377
007360 0.5932 0.3659 0.0000 0.0409
007380 0.5865 0.3736 0.0000 0.0399
007400 0.5845 0.3755 0.0000 0.0400
007420 0.5847 0.3777 0.0000 0.0376
007440 0.5903 0.3742 0.0000 0.0355
007460 0.5979 0.3671 0.0000 0.0351
007480 0.6068 0.3581 0.0000 0.0351
007500 0.6119 0.3534 0.0000 0.0347
007520 0.6185 0.3468 0.0000 0.0346
007540 0.6197 0.3449 0.0000 0.0354
007560 0.6184 0.3441 0.0000 0.0375
007580 0.6143 0.3496 0.0000 0.0361
007600 0.6162 0.3494 0.0000 0.0343
007620 0.6196 0.3467 0.0000 0.0337
007640 0.6216 0.3418 0.0000 0.0366
007660 0.6212 0.3416 0.0000 0.0373
007680 0.6193 0.3431 0.0000 0.0376
007700 0.6132 0.3495 0.0000 0.0374
007720 0.6094 0.3520 0.0000 0.0387
007740 0.6037 0.3580 0.0000 0.0383
007760 0.5969 0.3641 0.0000 0.0390
007780 0.5935 0.3674 0.0000 0.0391
007800 0.5923 0.3690 0.0000 0.0387
007820 0.5960 0.3691 0.0000 0.0349
007840 0.6006 0.3643 0.0000 0.0351
007860 0.6068 0.3581 0.0000 0.0351
007880 0.6101 0.3544 0.0000 0.0355
007900 0.6154 0.3490 0.0000 0.0355
007920 0.6190 0.3465 0.0000 0.0345
007940 0.6174 0.3458 0.0000 0.0368
007960 0.6122 0.3494 0.0000 0.0384
007980 0.6040 0.3556 0.0000 0.0404
008000 0.5964 0.3647 0.0000 0.0389
008020 0.5889 0.3712 0.0000 0.0399
008040 0.5818 0.3781 0.0000 0.0401
008060 0.5790 0.3822 0.0000 0.0388
008080 0.5845 0.3806 0.0000 0.0349
008100 0.5930 0.3723 0.0000 0.0347
008120 0.6012 0.3618 0.0000 0.0370
008140 0.6071 0.3565 0.0000 0.0365
008160 0.6114 0.3530 0.0000 0.0356
008180 0.6180 0.3472 0.0000 0.0348
008200 0.6222 0.3435 0.0000 0.0344
008220 0.6197 0.3431 0.0000 0.0372
008240 0.6125 0.3489 0.0000 0.0386
008260 0.6036 0.3573 0.0000 0.0391
008280 0.5957 0.3621 0.0000 0.0422
008300 0.5873 0.3712 0.0000 0.0415
008320 0.5833 0.3759 0.0000 0.0408
008340 0.5796 0.3817 0.0000 0.0386
008360 0.5802 0.3836 0.0000 0.0362
008380 0.5870 0.3782 0.0000 0.0347
008400 0.5960 0.3694 0.0000 0.0346
008420 0.6080 0.3570 0.0000 0.0350
008440 0.6105 0.3515 0.0000 0.0381
008460 0.6067 0.3537 0.0000 0.0397
008480 0.6043 0.3581 0.0000 0.0376
008500 0.6015 0.3613 0.0000 0.0372
008520 0.5987 0.3637 0.0000 0.0375
008540 0.5986 0.3620 0.0000 0.0394
008560 0.5992 0.3625 0.0000 0.0383
008580 0.6001 0.3627 0.0000 0.0372
008600 0.6004 0.3615 0.0000 0.0381
008620 0.5982 0.3643 0.0000 0.0375
008640 0.5994 0.3643 0.0000 0.0363
008660 0.6032 0.3613 0.0000 0.0356
008680 0.6043 0.3593 0.0000 0.0364
008700 0.6069 0.3585 0.0000 0.0347
008720 0.6116 0.3545 0.0000 0.0339
008740 0.6125 0.3505 0.0000 0.0370
008760 0.6141 0.3502 0.0000 0.0357
008780 0.6162 0.3488 0.0000 0.0350
008800 0.6127 0.3504 0.0000 0.0369
008820 0.6123 0.3516 0.0000 0.0361
008840 0.6126 0.3510 0.0000 0.0364
008860 0.6128 0.3502 0.0000 0.0370
008880 0.6148 0.3499 0.0000 0.0353
008900 0.6177 0.3481 0.0000 0.0342
008920 0.6199 0.3457 0.0000 0.0344
008940 0.6218 0.3432 0.0000 0.0350
008960 0.6212 0.3424 0.0000 0.0365
008980 0.6170 0.3428 0.0000 0.0402
009000 0.6077 0.3508 0.0000 0.0415
009020 0.5972 0.3627 0.0000 0.0401
009040 0.5911 0.3682 0.0000 0.0408
009060 0.5886 0.3727 0.0000 0.0387
009080 0.5864 0.3737 0.0000 0.0399
009100 0.5821 0.3791 0.0000 0.0388
009120 0.5794 0.3827 0.0000 0.0379
009140 0.5905 0.3753 0.0000 0.0342
009160 0.5992 0.3653 0.0000 0.0355
009180 0.6047 0.3595 0.0000 0.0358
009200 0.6107 0.3542 0.0000 0.0351
009220 0.6178 0.3494 0.0000 0.0328
009240 0.6245 0.3428 0.0000 0.0327
009260 0.6280 0.3368 0.0000 0.0352
009280 0.6261 0.3368 0.0000 0.0370
009300 0.6230 0.3384 0.0000 0.0386
009320 0.6106 0.3490 0.0000 0.0404
009340 0.5964 0.3632 0.0000 0.0403
009360 0.5879 0.3717 0.0000 0.0403
009380 0.5835 0.3783 0.0000 0.0382
009400 0.5874 0.3767 0.0000 0.0359
009420 0.5971 0.3704 0.0000 0.0326
009440 0.6060 0.3605 0.0000 0.0335
009460 0.6144 0.3518 0.0000 0.0337
009480 0.6193 0.3454 0.0000 0.0354
009500 0.6226 0.3421 0.0000 0.0353
009520 0.6236 0.3393 0.0000 0.0371
009540 0.6179 0.3423 0.0000 0.0398
009560 0.6078 0.3511 0.0000 0.0410
009580 0.5999 0.3618 0.0000 0.0383
009600 0.5962 0.3655 0.0000 0.0383
009620 0.5929 0.3699 0.0000 0.0371
009640 0.5888 0.3711 0.0000 0.0400
009660 0.5824 0.3773 0.0000 0.0403
009680 0.5830 0.3795 0.0000 0.0375
009700 0.5895 0.3748 0.0000 0.0356
009720 0.5972 0.3685 0.0000 0.0344
009740 0.6034 0.3616 0.0000 0.0350
009760 0.6055 0.3582 0.0000 0.0364
009780 0.6041 0.3595 0.0000 0.0364
009800 0.6009 0.3613 0.0000 0.0378
009820 0.5976 0.3620 0.0000 0.0404
009840 0.5988 0.3640 0.0000 0.0372
009860 0.5998 0.3634 0.0000 0.0368
009880 0.6036 0.3598 0.0000 0.0366
009900 0.6071 0.3570 0.0000 0.0358
009920 0.6125 0.3520 0.0000 0.0355
009940 0.6168 0.3486 0.0000 0.0346
009960 0.6200 0.3452 0.0000 0.0349
009980 0.6182 0.3440 0.0000 0.0379
010000 0.6112 0.3503 0.0000 0.0385
010020 0.6014 0.3596 0.0000 0.0390
010040 0.6014 0.3596 0.0000 0.0390
010060 0.6014 0.3596 0.0000 0.0390
010080 0.6014 0.3596 0.0000 0.0390
010100 0.6014 0.3596 0.0000 0.0390
010120 0.6014 0.3596 0.0000 0.0390
010140 0.6014 0.3596 0.0000 0.0390
010160 0.6014 0.3596 0.0000 0.0390
010180 0.6014 0.3596 0.0000 0.0390
010200 0.6014 0.3596 0.0000 0.0390
010220 0.6014 0.3596 0.0000 0.0390
010240 0.6014 0.3596 0.0000 0.0390
010260 0.6014 0.3596 0.0000 0.0390
010280 0.6014 0.3596 0.0000 0.0390
010300 0.6014 0.3596 0.0000 0.0390
010320 0.6014 0.3596 0.0000 0.0390
010340 0.6014 0.3596 0.0000 0.0390
010360 0.6014 0.3596 0.0000 0.0390
010380 0.6014 0.3596 0.0000 0.0390
010400 0.6014 0.3596 0.0000 0.0390
010420 0.6014 0.3596 0.0000 0.0390
010440 0.6014 0.3596 0.0000 0.0390
010460 0.6014 0.3596 0.0000 0.0390
010480 0.6014 0.3596 0.0000 0.0390
010500 0.6014 0.3596 0.0000 0.0390
010520 0.6014 0.3596 0.0000 0.0390
010540 0.6014 0.3596 0.0000 0.0390
010560 0.6014 0.3596 0.0000 0.0390
010580 0.6014 0.3596 0.0000 0.0390
010600 0.6014 0.3596 0.0000 0.0390
010620 0.6014 0.3596 0.0000 0.0390
010640 0.6014 0.3596 0.0000 0.0390
010660 0.6014 0.3596 0.0000 0.0390
010680 0.6014 0.3596 0.0000 0.0390
010700 0.6014 0.3596 0.0000 0.0390
010720 0.6014 0.3596 0.0000 0.0390
010740 0.6014 0.3596 0.0000 0.0390
010760 0.6014 0.3596 0.0000 0.0390
010780 0.6014 0.3596 0.0000 0.0390
010800 0.6014 0.3596 0.0000 0.0390
010820 0.6014 0.3596 0.0000 0.0390
010840 0.6014 0.3596 0.0000 0.0390
010860 0.6014 0.3596 0.0000 0.0390
010880 0.6014 0.3596 0.0000 0.0390
010900 0.6014 0.3596 0.0000 0.0390
010920 0.6014 0.3596 0.0000 0.0390
010940 0.6014 0.3596 0.0000 0.0390
010960 0.6014 0.3596 0.0000 0.0390
010980 0.6014 0.3596 0.0000 0.0390
011000 0.6014 0.3596 0.0000 0.0390
011020 0.6014 0.3596 0.0000 0.0390
011040 0.6014 0.3596 0.0000 0.0390
011060 0.6014 0.3596 0.0000 0.0390
011080 0.6014 0.3596 0.0000 0.0390
011100 0.6014 0.3596 0.0000 0.0390
011120 0.6014 0.3596 0.0000 0.0390
011140 0.6014 0.3596 0.0000 0.0390
011160 0.6014 0.3596 0.0000 0.0390
011180 0.6014 0.3596 0.0000 0.0390
011200 0.6014 0.3596 0.0000 0.0390
011220 0.6014 0.3596 0.0000 0.0390
011240 0.6014 0.3596 0.0000 0.0390
011260 0.6014 0.3596 0.0000 0.0390
011280 0.6014 0.3596 0.0000 0.0390
011300 0.6014 0.3596 0.0000 0.0390
011320 0.6014 0.3596 0.0000 0.0390
011340 0.6014 0.3596 0.0000 0.0390
011360 0.6014 0.3596 0.0000 0.0390
011380 0.6014 0.3596 0.0000 0.0390
011400 0.6014 0.3596 0.0000 0.0390
011420 0.6014 0.3596 0.0000 0.0390
011440 0.6014 0.3596 0.0000 0.0390
011460 0.6014 0.3596 0.0000 0.0390
011480 0.6014 0.3596 0.0000 0.0390
011500 0.6014 0.3596 0.0000 0.0390
011520 0.6014 0.3596 0.0000 0.0390
011540 0.6014 0.3596 0.0000 0.0390
011560 0.6014 0.3596 0.0000 0.0390
011580 0.6014 0.3596 0.0000 0.0390
011600 0.6014 0.3596 0.0000 0.0390
011620 0.6014 0.3596 0.0000 0.0390
011640 0.6014 0.3596 0.0000 0.0390
011660 0.6014 0.3596 0.0000 0.0390
011680 0.6014 0.3596 0.0000 0.0390
011700 0.6014 0.3596 0.0000 0.0390
011720 0.6014 0.3596 0.0000 0.0390
011740 0.6014 0.3596 0.0000 0.0390
011760 0.6014 0.3596 0.0000 0.0390
011780 0.6014 0.3596 0.0000 0.0390
011800 0.6014 0.3596 0.0000 0.0390
011820 0.6014 0.3596 0.0000 0.0390
011840 0.6014 0.3596 0.0000 0.0390
011860 0.6014 0.3596 0.0000 0.0390
011880 0.6014 0.3596 0.0000 0.0390
011900 0.6014 0.3596 0.0000 0.0390
011920 0.6014 0.3596 0.0000 0.0390
011940 0.6014 0.3596 0.0000 0.0390
011960 0.6014 0.3596 0.0000 0.0390
011980 0.6014 0.3596 0.0000 0.0390
012000 0.6014 0.3596 0.0000 0.0390
012020 0.6014 0.3596 0.0000 0.0390
012040 0.6014 0.3596 0.0000 0.0390
012060 0.6014 0.3596 0.0000 0.0390
012080 0.6014 0.3596 0.0000 0.0390
012100 0.6014 0.3596 0.0000 0.0390
012120 0.6014 0.3596 0.0000 0.0390
012140 0.6014 0.3596 0.0000 0.0390
012160 0.6014 0.3596 0.0000 0.0390
012180 0.6014 0.3596 0.0000 0.0390
012200 0.6014 0.3596 0.0000 0.0390
012220 0.6014 0.3596 0.0000 0.0390
012240 0.6014 0.3596 0.0000 0.0390
012260 0.6014 0.3596 0.0000 0.0390
012280 0.6014 0.3596 0.0000 0.0390
012300 0.6014 0.3596 0.0000 0.0390
012320 0.6014 0.3596 0.0000 0.0390
012340 0.6014 0.3596 0.0000 0.0390
012360 0.6014 0.3596 0.0000 0.0390
012380 0.6014 0.3596 0.0000 0.0390
012400 0.6014 0.3596 0.0000 0.0390
012420 0.6014 0.3596 0.0000 0.0390
012440 0.6014 0.3596 0.0000 0.0390
012460 0.6014 0.3596 0.0000 0.0390
012480 0.6014 0.3596 0.0000 0.0390
012500 0.6014 0.3596 0.0000 0.0390
012520 0.6014 0.3596 0.0000 0.0390
012540 0.6014 0.3596 0.0000 0.0390
012560 0.6014 0.3596 0.0000 0.0390
012580 0.6014 0.3596 0.0000 0.0390
012600 0.6014 0.3596 0.0000 0.0390
012620 0.6014 0.3596 0.0000 0.0390
012640 0.6014 0.3596 0.0000 0.0390
012660 0.6014 0.3596 0.0000 0.0390
012680 0.6014 0.3596 0.0000 0.0390
012700 0.6014 0.3596 0.0000 0.0390
012720 0.6014 0.3596 0.0000 0.0390
012740 0.6014 0.3596 0.0000 0.0390
012760 0.6014 0.3596 0.0000 0.0390
012780 0.6014 0.3596 0.0000 0.0390
012800 0.6014 0.3596 0.0000 0.0390
012820 0.6014 0.3596 0.0000 0.0390
012840 0.6014 0.3596 0.0000 0.0390
012860 0.6014 0.3596 0.0000 0.0390
012880 0.6014 0.3596 0.0000 0.0390
012900 0.6014 0.3596 0.0000 0.0390
012920 0.6014 0.3596 0.0000 0.0390
012940 0.6014 0.3596 0.0000 0.0390
012960 0.6014 0.3596 0.0000 0.0390
012980 0.6014 0.3596 0.0000 0.0390
013000 0.6014 0.3596 0.0000 0.0390
013020 0.6014 0.3596 0.0000 0.0390
013040 0.6014 0.3596 0.0000 0.0390
013060 0.6014 0.3596 0.0000 0.0390
013080 0.6014 0.3596 0.0000 0.0390
013100 0.6014 0.3596 0.0000 0.0390
013120 0.6014 0.3596 0.0000 0.0390
013140 0.6014 0.3596 0.0000 0.0390
013160 0.6014 0.3596 0.0000 0.0390
013180 0.6014 0.3596 0.0000 0.0390
013200 0.6014 0.3596 0.0000 0.0390
013220 0.6014 0.3596 0.0000 0.0390
013240 0.6014 0.3596 0.0000 0.0390
013260 0.6014 0.3596 0.0000 0.0390
013280 0.6014 0.3596 0.0000 0.0390
013300 0.6014 0.3596 0.0000 0.0390
013320 0.6014 0.3596 0.0000 0.0390
013340 0.6014 0.3596 0.0000 0.0390
013360 0.6014 0.3596 0.0000 0.0390
013380 0.6014 0.3596 0.0000 0.0390
013400 0.6014 0.3596 0.0000 0.0390
013420 0.6014 0.3596 0.0000 0.0390
013440 0.6014 0.3596 0.0000 0.0390
013460 0.6014 0.3596 0.0000 0.0390
013480 0.6014 0.3596 0.0000 0.0390
013500 0.6014 0.3596 0.0000 0.0390
013520 0.6014 0.3596 0.0000 0.0390
013540 0.6014 0.3596 0.0000 0.0390
013560 0.6014 0.3596 0.0000 0.0390
013580 0.6014 0.3596 0.0000 0.0390
013600 0.6014 0.3596 0.0000 0.0390
013620 0.6014 0.3596 0.0000 0.0390
013640 0.6014 0.3596 0.0000 0.0390
013660 0.6014 0.3596 0.0000 0.0390
013680 0.6014 0.3596 0.0000 0.0390
013700 0.6014 0.3596 0.0000 0.0390
013720 0.6014 0.3596 0.0000 0.0390
013740 0.6014 0.3596 0.0000 0.0390
013760 0.6014 0.3596 0.0000 0.0390
013780 0.6014 0.3596 0.0000 0.0390
013800 0.6014 0.3596 0.0000 0.0390
013820 0.6014 0.3596 0.0000 0.0390
013840 0.6014 0.3596 0.0000 0.0390
013860 0.6014 0.3596 0.0000 0.0390
013880 0.6014 0.3596 0.0000 0.0390
013900 0.6014 0.3596 0.0000 0.0390
013920 0.6014 0.3596 0.0000 0.0390
013940 0.6014 0.3596 0.0000 0.0390
013960 0.6014 0.3596 0.0000 0.0390
013980 0.6014 0.3596 0.0000 0.0390
014000 0.6014 0.3596 0.0000 0.0390
014020 0.6014 0.3596 0.0000 0.0390
014040 0.6014 0.3596 0.0000 0.0390
014060 0.6014 0.3596 0.0000 0.0390
014080 0.6014 0.3596 0.0000 0.0390
014100 0.6014 0.3596 0.0000 0.0390
014120 0.6014 0.3596 0.0000 0.0390
014140 0.6014 0.3596 0.0000 0.0390
014160 0.6014 0.3596 0.0000 0.0390
014180 0.6014 0.3596 0.0000 0.0390
014200 0.6014 0.3596 0.0000 0.0390
014220 0.6014 0.3596 0.0000 0.0390
014240 0.6014 0.3596 0.0000 0.0390
014260 0.6014 0.3596 0.0000 0.0390
014280 0.6014 0.3596 0.0000 0.0390
014300 0.6014 0.3596 0.0000 0.0390
014320 0.6014 0.3596 0.0000 0.0390
014340 0.6014 0.3596 0.0000 0.0390
014360 0.6014 0.3596 0.0000 0.0390
014380 0.6014 0.3596 0.0000 0.0390
014400 0.6014 0.3596 0.0000 0.0390
014420 0.6014 0.3596 0.0000 0.0390
014440 0.6014 0.3596 0.0000 0.0390
014460 0.6014 0.3596 0.0000 0.0390
014480 0.6014 0.3596 0.0000 0.0390
014500 0.6014 0.3596 0.0000 0.0390
014520 0.6014 0.3596 0.0000 0.0390
014540 0.6014 0.3596 0.0000 0.0390
014560 0.6014 0.3596 0.0000 0.0390
014580 0.6014 0.3596 0.0000 0.0390
014600 0.6014 0.3596 0.0000 0.0390
014620 0.6014 0.3596 0.0000 0.0390
014640 0.6014 0.3596 0.0000 0.0390
014660 0.6014 0.3596 0.0000 0.0390
014680 0.6014 0.3596 0.0000 0.0390
014700 0.6014 0.3596 0.0000 0.0390
014720 0.6014 0.3596 0.0000 0.0390
014740 0.6014 0.3596 0.0000 0.0390
014760 0.6014 0.3596 0.0000 0.0390
014780 0.6014 0.3596 0.0000 0.0390
014800 0.6014 0.3596 0.0000 0.0390
014820 0.6014 0.3596 0.0000 0.0390
014840 0.6014 0.3596 0.0000 0.0390
014860 0.6014 0.3596 0.0000 0.0390
014880 0.6014 0.3596 0.0000 0.0390
014900 0.6014 0.3596 0.0000 0.0390
014920 0.6014 0.3596 0.0000 0.0390
014940 0.6014 0.3596 0.0000 0.0390
014960 0.6014 0.3596 0.0000 0.0390
014980 0.6014 0.3596 0.0000 0.0390
015000 0.6014 0.3596 0.0000 0.0390
015020 0.6014 0.3596 0.0000 0.0390
015040 0.6014 0.3596 0.0000 0.0390
015060 0.6014 0.3596 0.0000 0.0390
015080 0.6014 0.3596 0.0000 0.0390
015100 0.6014 0.3596 0.0000 0.0390
015120 0.6014 0.3596 0.0000 0.0390
015140 0.6014 0.3596 0.0000 0.0390
015160 0.6014 0.3596 0.0000 0.0390
015180 0.6014 0.3596 0.0000 0.0390
015200 0.6014 0.3596 0.0000 0.0390
015220 0.6014 0.3596 0.0000 0.0390
015240 0.6014 0.3596 0.0000 0.0390
015260 0.6014 0.3596 0.0000 0.0390
015280 0.6014 0.3596 0.0000 0.0390
015300 0.6014 0.3596 0.0000 0.0390
015320 0.6014 0.3596 0.0000 0.0390
015340 0.6014 0.3596 0.0000 0.0390
015360 0.6014 0.3596 0.0000 0.0390
015380 0.6014 0.3596 0.0000 0.0390
015400 0.6014 0.3596 0.0000 0.0390
015420 0.6014 0.3596 0.0000 0.0390
015440 0.6014 0.3596 0.0000 0.0390
015460 0.6014 0.3596 0.0000 0.0390
015480 0.6014 0.3596 0.0000 0.0390
015500 0.6014 0.3596 0.0000 0.0390
015520 0.6014 0.3596 0.0000 0.0390
015540 0.6014 0.3596 0.0000 0.0390
015560 0.6014 0.3596 0.0000 0.0390
015580 0.6014 0.3596 0.0000 0.0390
015600 0.6014 0.3596 0.0000 0.0390
015620 0.6014 0.3596 0.0000 0.0390
015640 0.6014 0.3596 0.0000 0.0390
015660 0.6014 0.3596 0.0000 0.0390
015680 0.6014 0.3596 0.0000 0.0390
015700 0.6014 0.3596 0.0000 0.0390
015720 0.6014 0.3596 0.0000 0.0390
015740 0.6014 0.3596 0.0000 0.0390
015760 0.6014 0.3596 0.0000 0.0390
015780 0.6014 0.3596 0.0000 0.0390
015800 0.6014 0.3596 0.0000 0.0390
015820 0.6014 0.3596 0.0000 0.0390
015840 0.6014 0.3596 0.0000 0.0390
015860 0.6014 0.3596 0.0000 0.0390
015880 0.6014 0.3596 0.0000 0.0390
015900 0.6014 0.3596 0.0000 0.0390
015920 0.6014 0.3596 0.0000 0.0390
015940 0.6014 0.3596 0.0000 0.0390
015960 0.6014 0.3596 0.0000 0.0390
015980 0.6014 0.3596 0.0000 0.0390
016000 0.6014 0.3596 0.0000 0.0390
016020 0.6014 0.3596 0.0000 0.0390
016040 0.6014 0.3596 0.0000 0.0390
016060 0.6014 0.3596 0.0000 0.0390
016080 0.6014 0.3596 0.0000 0.0390
016100 0.6014 0.3596 0.0000 0.0390
016120 0.6014 0.3596 0.0000 0.0390
016140 0.6014 0.3596 0.0000 0.0390
016160 0.6014 0.3596 0.0000 0.0390
016180 0.6014 0.3596 0.0000 0.0390
016200 0.6014 0.3596 0.0000 0.0390
016220 0.6014 0.3596 0.0000 0.0390
016240 0.6014 0.3596 0.0000 0.0390
016260 0.6014 0.3596 0.0000 0.0390
016280 0.6014 0.3596 0.0000 0.0390
016300 0.6014 0.3596 0.0000 0.0390
016320 0.6014 0.3596 0.0000 0.0390
016340 0.6014 0.3596 0.0000 0.0390
016360 0.6014 0.3596 0.0000 0.0390
016380 0.6014 0.3596 0.0000 0.0390
016400 0.6014 0.3596 0.0000 0.0390
016420 0.6014 0.3596 0.0000 0.0390
016440 0.6014 0.3596 0.0000 0.0390
016460 0.6014 0.3596 0.0000 0.0390
016480 0.6014 0.3596 0.0000 0.0390
016500 0.6014 0.3596 0.0000 0.0390
016520 0.6014 0.3596 0.0000 0.0390
016540 0.6014 0.3596 0.0000 0.0390
016560 0.6014 0.3596 0.0000 0.0390
016580 0.6014 0.3596 0.0000 0.0390
016600 0.6014 0.3596 0.0000 0.0390
016620 0.6014 0.3596 0.0000 0.0390
016640 0.6014 0.3596 0.0000 0.0390
016660 0.6014 0.3596 0.0000 0.0390
016680 0.6014 0.3596 0.0000 0.0390
016700 0.6014 0.3596 0.0000 0.0390
016720 0.6014 0.3596 0.0000 0.0390
016740 0.6014 0.3596 0.0000 0.0390
016760 0.6014 0.3596 0.0000 0.0390
016780 0.6014 0.3596 0.0000 0.0390
016800 0.6014 0.3596 0.0000 0.0390
016820 0.6014 0.3596 0.0000 0.0390
016840 0.6014 0.3596 0.0000 0.0390
016860 0.6014 0.3596 0.0000 0.0390
016880 0.6014 0.3596 0.0000 0.0390
016900 0.6014 0.3596 0.0000 0.0390
016920 0.6014 0.3596 0.0000 0.0390
016940 0.6014 0.3596 0.0000 0.0390
016960 0.6014 0.3596 0.0000 0.0390
016980 0.6014 0.3596 0.0000 0.0390
017000 0.6014 0.3596 0.0000 0.0390
017020 0.6014 0.3596 0.0000 0.0390
017040 0.6014 0.3596 0.0000 0.0390
017060 0.6014 0.3596 0.0000 0.0390
017080 0.6014 0.3596 0.0000 0.0390
017100 0.6014 0.3596 0.0000 0.0390
017120 0.6014 0.3596 0.0000 0.0390
017140 0.6014 0.3596 0.0000 0.0390
017160 0.6014 0.3596 0.0000 0.0390
017180 0.6014 0.3596 0.0000 0.0390
017200 0.6014 0.3596 0.0000 0.0390
017220 0.6014 0.3596 0.0000 0.0390
017240 0.6014 0.3596 0.0000 0.0390
017260 0.6014 0.3596 0.0000 0.0390
017280 0.6014 0.3596 0.0000 0.0390
017300 0.6014 0.3596 0.0000 0.0390
017320 0.6014 0.3596 0.0000 0.0390
017340 0.6014 0.3596 0.0000 0.0390
017360 0.6014 0.3596 0.0000 0.0390
017380 0.6014 0.3596 0.0000 0.0390
017400 0.6014 0.3596 0.0000 0.0390
017420 0.6014 0.3596 0.0000 0.0390
017440 0.6014 0.3596 0.0000 0.0390
017460 0.6014 0.3596 0.0000 0.0390
017480 0.6014 0.3596 0.0000 0.0390
017500 0.6014 0.3596 0.0000 0.0390
017520 0.6014 0.3596 0.0000 0.0390
017540 0.6014 0.3596 0.0000 0.0390
017560 0.6014 0.3596 0.0000 0.0390
017580 0.6014 0.3596 0.0000 0.0390
017600 0.6014 0.3596 0.0000 0.0390
017620 0.6014 0.3596 0.0000 0.0390
017640 0.6014 0.3596 0.0000 0.0390
017660 0.6014 0.3596 0.0000 0.0390
017680 0.6014 0.3596 0.0000 0.0390
017700 0.6014 0.3596 0.0000 0.0390
017720 0.6014 0.3596 0.0000 0.0390
017740 0.6014 0.3596 0.0000 0.0390
017760 0.6014 0.3596 0.0000 0.0390
017780 0.6014 0.3596 0.0000 0.0390
017800 0.6014 0.3596 0.0000 0.0390
017820 0.6014 0.3596 0.0000 0.0390
017840 0.6014 0.3596 0.0000 0.0390
017860 0.6014 0.3596 0.0000 0.0390
017880 0.6014 0.3596 0.0000 0.0390
017900 0.6014 0.3596 0.0000 0.0390
017920 0.6014 0.3596 0.0000 0.0390
017940 0.6014 0.3596 0.0000 0.0390
017960 0.6014 0.3596 0.0000 0.0390
017980 0.6014 0.3596 0.0000 0.0390
018000 0.6014 0.3596 0.0000 0.0390
018020 0.6014 0.3596 0.0000 0.0390
018040 0.6014 0.3596 0.0000 0.0390
018060 0.6014 0.3596 0.0000 0.0390
018080 0.6014 0.3596 0.0000 0.0390
018100 0.6014 0.3596 0.0000 0.0390
018120 0.6014 0.3596 0.0000 0.0390
018140 0.6014 0.3596 0.0000 0.0390
018160 0.6014 0.3596 0.0000 0.0390
018180 0.6014 0.3596 0.0000 0.0390
018200 0.6014 0.3596 0.0000 0.0390
018220 0.6014 0.3596 0.0000 0.0390
018240 0.6014 0.3596 0.0000 0.0390
018260 0.6014 0.3596 0.0000 0.0390
018280 0.6014 0.3596 0.0000 0.0390
018300 0.6014 0.3596 0.0000 0.0390
018320 0.6014 0.3596 0.0000 0.0390
018340 0.6014 0.3596 0.0000 0.0390
018360 0.6014 0.3596 0.0000 0.0390
018380 0.6014 0.3596 0.0000 0.0390
018400 0.6014 0.3596 0.0000 0.0390
018420 0.6014 0.3596 0.0000 0.0390
018440 0.6014 0.3596 0.0000 0.0390
018460 0.6014 0.3596 0.0000 0.0390
018480 0.6014 0.3596 0.0000 0.0390
018500 0.6014 0.3596 0.0000 0.0390
018520 0.6014 0.3596 0.0000 0.0390
018540 0.6014 0.3596 0.0000 0.0390
018560 0.6014 0.3596 0.0000 0.0390
018580 0.6014 0.3596 0.0000 0.0390
018600 0.6014 0.3596 0.0000 0.0390
018620 0.6014 0.3596 0.0000 0.0390
018640 0.6014 0.3596 0.0000 0.0390
018660 0.6014 0.3596 0.0000 0.0390
018680 0.6014 0.3596 0.0000 0.0390
018700 0.6014 0.3596 0.0000 0.0390
018720 0.6014 0.3596 0.0000 0.0390
018740 0.6014 0.3596 0.0000 0.0390
018760 0.6014 0.3596 0.0000 0.0390
018780 0.6014 0.3596 0.0000 0.0390
018800 0.6014 0.3596 0.0000 0.0390
018820 0.6014 0.3596 0.0000 0.0390
018840 0.6014 0.3596 0.0000 0.0390
018860 0.6014 0.3596 0.0000 0.0390
018880 0.6014 0.3596 0.0000 0.0390
018900 0.6014 0.3596 0.0000 0.0390
018920 0.6014 0.3596 0.0000 0.0390
018940 0.6014 0.3596 0.0000 0.0390
018960 0.6014 0.3596 0.0000 0.0390
018980 0.6014 0.3596 0.0000 0.0390
019000 0.6014 0.3596 0.0000 0.0390
019020 0.6014 0.3596 0.0000 0.0390
019040 0.6014 0.3596 0.0000 0.0390
019060 0.6014 0.3596 0.0000 0.0390
019080 0.6014 0.3596 0.0000 0.0390
019100 0.6014 0.3596 0.0000 0.0390
019120 0.6014 0.3596 0.0000 0.0390
019140 0.6014 0.3596 0.0000 0.0390
019160 0.6014 0.3596 0.0000 0.0390
019180 0.6014 0.3596 0.0000 0.0390
019200 0.6014 0.3596 0.0000 0.0390
019220 0.6014 0.3596 0.0000 0.0390
019240 0.6014 0.3596 0.0000 0.0390
019260 0.6014 0.3596 0.0000 0.0390
019280 0.6014 0.3596 0.0000 0.0390
019300 0.6014 0.3596 0.0000 0.0390
019320 0.6014 0.3596 0.0000 0.0390
019340 0.6014 0.3596 0.0000 0.0390
019360 0.6014 0.3596 0.0000 0.0390
019380 0.6014 0.3596 0.0000 0.0390
019400 0.6014 0.3596 0.0000 0.0390
019420 0.6014 0.3596 0.0000 0.0390
019440 0.6014 0.3596 0.0000 0.0390
019460 0.6014 0.3596 0.0000 0.0390
019480 0.6014 0.3596 0.0000 0.0390
019500 0.6014 0.3596 0.0000 0.0390
019520 0.6014 0.3596 0.0000 0.0390
019540 0.6014 0.3596 0.0000 0.0390
019560 0.6014 0.3596 0.0000 0.0390
019580 0.6014 0.3596 0.0000 0.0390
019600 0.6014 0.3596 0.0000 0.0390
019620 0.6014 0.3596 0.0000 0.0390
019640 0.6014 0.3596 0.0000 0.0390
019660 0.6014 0.3596 0.0000 0.0390
019680 0.6014 0.3596 0.0000 0.0390
019700 0.6014 0.3596 0.0000 0.0390
019720 0.6014 0.3596 0.0000 0.0390
019740 0.6014 0.3596 0.0000 0.0390
019760 0.6014 0.3596 0.0000 0.0390
019780 0.6014 0.3596 0.0000 0.0390
019800 0.6014 0.3596 0.0000 0.0390
019820 0.6014 0.3596 0.0000 0.0390
019840 0.6014 0.3596 0.0000 0.0390
019860 0.6014 0.3596 0.0000 0.0390
019880 0.6014 0.3596 0.0000 0.0390
019900 0.6014 0.3596 0.0000 0.0390
019920 0.6014 0.3596 0.0000 0.0390
019940 0.6014 0.3596 0.0000 0.0390
019960 0.6014 0.3596 0.0000 0.0390
019980 0.6014 0.3596 0.0000 0.0390
020000 0.6014 0.3596 0.0000 0.0390
