000000 0.2500 0.2500 0.2500 0.2500
000020 0.2593 0.2600 0.2298 0.2509
000040 0.2700 0.2703 0.2081 0.2516
000060 0.2791 0.2817 0.1878 0.2514
000080 0.2873 0.2943 0.1679 0.2505
000100 0.2945 0.3081 0.1486 0.2488
000120 0.3006 0.3219 0.1308 0.2468
000140 0.3050 0.3368 0.1141 0.2442
000160 0.3087 0.3536 0.0980 0.2398
000180 0.3108 0.3713 0.0836 0.2343
000200 0.3107 0.3903 0.0704 0.2286
000220 0.3100 0.4098 0.0584 0.2219
000240 0.3076 0.4307 0.0472 0.2146
000260 0.3047 0.4513 0.0373 0.2067
000280 0.3014 0.4731 0.0285 0.1971
000300 0.2968 0.4958 0.0208 0.1866
000320 0.2912 0.5189 0.0143 0.1756
000340 0.2851 0.5423 0.0093 0.1633
000360 0.2779 0.5661 0.0055 0.1505
000380 0.2692 0.5917 0.0026 0.1365
000400 0.2599 0.6174 0.0007 0.1221
000420 0.2499 0.6433 0.0000 0.1069
000440 0.2421 0.6699 0.0000 0.0880
000460 0.2364 0.6953 0.0000 0.0683
000480 0.2345 0.7098 0.0000 0.0557
000500 0.2340 0.7226 0.0000 0.0434
000520 0.2366 0.7296 0.0000 0.0338
000540 0.2381 0.7354 0.0000 0.0264
000560 0.2447 0.7362 0.0000 0.0191
000580 0.2540 0.7334 0.0000 0.0125
000600 0.2631 0.7281 0.0000 0.0087
000620 0.2744 0.7189 0.0000 0.0066
000640 0.2854 0.7095 0.0000 0.0051
000660 0.2971 0.6986 0.0000 0.0043
000680 0.3101 0.6865 0.0000 0.0034
000700 0.3246 0.6728 0.0000 0.0026
000720 0.3379 0.6599 0.0000 0.0022
000740 0.3494 0.6486 0.0000 0.0020
000760 0.3626 0.6351 0.0000 0.0023
000780 0.3742 0.6230 0.0000 0.0028
000800 0.3836 0.6138 0.0000 0.0027
000820 0.3930 0.6043 0.0000 0.0027
000840 0.4000 0.5969 0.0000 0.0032
000860 0.4083 0.5887 0.0000 0.0030
000880 0.4170 0.5793 0.0000 0.0037
000900 0.4223 0.5731 0.0000 0.0046
000920 0.4282 0.5669 0.0000 0.0048
000940 0.4328 0.5622 0.0000 0.0050
000960 0.4363 0.5583 0.0000 0.0055
000980 0.4421 0.5519 0.0000 0.0060
001000 0.4457 0.5471 0.0000 0.0072
001020 0.4472 0.5451 0.0000 0.0077
001040 0.4504 0.5412 0.0000 0.0084
001060 0.4506 0.5403 0.0000 0.0091
001080 0.4481 0.5417 0.0000 0.0102
001100 0.4468 0.5423 0.0000 0.0109
001120 0.4455 0.5429 0.0000 0.0116
001140 0.4447 0.5430 0.0000 0.0123
001160 0.4423 0.5443 0.0000 0.0134
001180 0.4412 0.5461 0.0000 0.0127
001200 0.4398 0.5465 0.0000 0.0136
001220 0.4392 0.5477 0.0000 0.0131
001240 0.4383 0.5477 0.0000 0.0140
001260 0.4408 0.5445 0.0000 0.0147
001280 0.4420 0.5439 0.0000 0.0141
001300 0.4459 0.5400 0.0000 0.0140
001320 0.4522 0.5351 0.0000 0.0127
001340 0.4587 0.5290 0.0000 0.0123
001360 0.4679 0.5201 0.0000 0.0119
001380 0.4765 0.5108 0.0000 0.0127
001400 0.4820 0.5040 0.0000 0.0140
001420 0.4870 0.4976 0.0000 0.0154
001440 0.4906 0.4937 0.0000 0.0158
001460 0.4938 0.4908 0.0000 0.0154
001480 0.4975 0.4872 0.0000 0.0153
001500 0.5003 0.4830 0.0000 0.0167
001520 0.5056 0.4783 0.0000 0.0162
001540 0.5085 0.4748 0.0000 0.0168
001560 0.5107 0.4708 0.0000 0.0185
001580 0.5117 0.4705 0.0000 0.0178
001600 0.5151 0.4669 0.0000 0.0180
001620 0.5159 0.4656 0.0000 0.0185
001640 0.5200 0.4622 0.0000 0.0178
001660 0.5265 0.4558 0.0000 0.0178
001680 0.5334 0.4493 0.0000 0.0173
001700 0.5391 0.4437 0.0000 0.0173
001720 0.5469 0.4344 0.0000 0.0187
001740 0.5536 0.4284 0.0000 0.0180
001760 0.5644 0.4175 0.0000 0.0181
001780 0.5747 0.4071 0.0000 0.0182
001800 0.5815 0.4004 0.0000 0.0181
001820 0.5897 0.3925 0.0000 0.0179
001840 0.5979 0.3833 0.0000 0.0189
001860 0.6028 0.3772 0.0000 0.0200
001880 0.6063 0.3742 0.0000 0.0195
001900 0.6107 0.3703 0.0000 0.0190
001920 0.6195 0.3621 0.0000 0.0184
001940 0.6247 0.3565 0.0000 0.0188
001960 0.6296 0.3500 0.0000 0.0203
001980 0.6290 0.3492 0.0000 0.0218
002000 0.6272 0.3509 0.0000 0.0219
002020 0.6248 0.3529 0.0000 0.0223
002040 0.6239 0.3530 0.0000 0.0231
002060 0.6218 0.3548 0.0000 0.0234
002080 0.6210 0.3572 0.0000 0.0218
002100 0.6230 0.3558 0.0000 0.0212
002120 0.6266 0.3527 0.0000 0.0207
002140 0.6320 0.3474 0.0000 0.0205
002160 0.6368 0.3423 0.0000 0.0208
002180 0.6414 0.3382 0.0000 0.0203
002200 0.6452 0.3337 0.0000 0.0211
002220 0.6471 0.3318 0.0000 0.0211
002240 0.6489 0.3298 0.0000 0.0213
002260 0.6509 0.3262 0.0000 0.0229
002280 0.6485 0.3274 0.0000 0.0241
002300 0.6445 0.3319 0.0000 0.0236
002320 0.6440 0.3331 0.0000 0.0229
002340 0.6434 0.3337 0.0000 0.0228
002360 0.6430 0.3327 0.0000 0.0243
002380 0.6366 0.3376 0.0000 0.0258
002400 0.6334 0.3420 0.0000 0.0246
002420 0.6315 0.3437 0.0000 0.0248
002440 0.6347 0.3438 0.0000 0.0216
002460 0.6379 0.3418 0.0000 0.0203
002480 0.6473 0.3331 0.0000 0.0195
002500 0.6570 0.3238 0.0000 0.0192
002520 0.6636 0.3161 0.0000 0.0203
002540 0.6678 0.3102 0.0000 0.0220
002560 0.6653 0.3106 0.0000 0.0241
002580 0.6635 0.3133 0.0000 0.0231
002600 0.6567 0.3189 0.0000 0.0244
002620 0.6487 0.3268 0.0000 0.0245
002640 0.6417 0.3338 0.0000 0.0245
002660 0.6381 0.3365 0.0000 0.0254
002680 0.6332 0.3417 0.0000 0.0250
002700 0.6316 0.3452 0.0000 0.0232
002720 0.6377 0.3419 0.0000 0.0205
002740 0.6437 0.3363 0.0000 0.0200
002760 0.6486 0.3311 0.0000 0.0203
002780 0.6519 0.3271 0.0000 0.0210
002800 0.6480 0.3288 0.0000 0.0232
002820 0.6460 0.3299 0.0000 0.0241
002840 0.6479 0.3305 0.0000 0.0216
002860 0.6506 0.3288 0.0000 0.0207
002880 0.6539 0.3250 0.0000 0.0211
002900 0.6568 0.3205 0.0000 0.0226
002920 0.6574 0.3195 0.0000 0.0231
002940 0.6520 0.3233 0.0000 0.0247
002960 0.6461 0.3292 0.0000 0.0247
002980 0.6405 0.3349 0.0000 0.0246
003000 0.6358 0.3386 0.0000 0.0256
003020 0.6316 0.3448 0.0000 0.0236
003040 0.6320 0.3444 0.0000 0.0236
003060 0.6338 0.3435 0.0000 0.0227
003080 0.6371 0.3411 0.0000 0.0219
003100 0.6387 0.3400 0.0000 0.0213
003120 0.6438 0.3351 0.0000 0.0211
003140 0.6476 0.3311 0.0000 0.0213
003160 0.6494 0.3279 0.0000 0.0227
003180 0.6476 0.3288 0.0000 0.0236
003200 0.6431 0.3336 0.0000 0.0234
003220 0.6385 0.3369 0.0000 0.0247
003240 0.6337 0.3431 0.0000 0.0232
003260 0.6320 0.3441 0.0000 0.0238
003280 0.6300 0.3463 0.0000 0.0237
003300 0.6310 0.3451 0.0000 0.0240
003320 0.6340 0.3425 0.0000 0.0234
003340 0.6372 0.3408 0.0000 0.0219
003360 0.6425 0.3365 0.0000 0.0210
003380 0.6516 0.3290 0.0000 0.0194
003400 0.6607 0.3205 0.0000 0.0188
003420 0.6698 0.3110 0.0000 0.0192
003440 0.6759 0.3058 0.0000 0.0183
003460 0.6810 0.2996 0.0000 0.0195
003480 0.6786 0.2996 0.0000 0.0218
003500 0.6747 0.3006 0.0000 0.0247
003520 0.6663 0.3074 0.0000 0.0263
003540 0.6524 0.3221 0.0000 0.0255
003560 0.6390 0.3355 0.0000 0.0255
003580 0.6308 0.3429 0.0000 0.0263
003600 0.6223 0.3513 0.0000 0.0264
003620 0.6177 0.3560 0.0000 0.0263
003640 0.6146 0.3618 0.0000 0.0236
003660 0.6159 0.3621 0.0000 0.0220
003680 0.6217 0.3568 0.0000 0.0215
003700 0.6292 0.3491 0.0000 0.0217
003720 0.6343 0.3431 0.0000 0.0226
003740 0.6389 0.3394 0.0000 0.0217
003760 0.6443 0.3348 0.0000 0.0209
003780 0.6540 0.3268 0.0000 0.0192
003800 0.6600 0.3199 0.0000 0.0201
003820 0.6650 0.3150 0.0000 0.0200
003840 0.6657 0.3126 0.0000 0.0217
003860 0.6621 0.3162 0.0000 0.0218
003880 0.6585 0.3192 0.0000 0.0222
003900 0.6560 0.3213 0.0000 0.0228
003920 0.6531 0.3243 0.0000 0.0227
003940 0.6495 0.3269 0.0000 0.0236
003960 0.6456 0.3300 0.0000 0.0244
003980 0.6436 0.3316 0.0000 0.0248
004000 0.6426 0.3337 0.0000 0.0237
004020 0.6433 0.3332 0.0000 0.0235
004040 0.6385 0.3371 0.0000 0.0243
004060 0.6334 0.3426 0.0000 0.0241
004080 0.6309 0.3461 0.0000 0.0230
004100 0.6309 0.3454 0.0000 0.0237
004120 0.6301 0.3469 0.0000 0.0229
004140 0.6323 0.3454 0.0000 0.0223
004160 0.6365 0.3407 0.0000 0.0228
004180 0.6344 0.3425 0.0000 0.0231
004200 0.6375 0.3419 0.0000 0.0206
004220 0.6427 0.3362 0.0000 0.0211
004240 0.6470 0.3315 0.0000 0.0216
004260 0.6498 0.3299 0.0000 0.0203
004280 0.6537 0.3243 0.0000 0.0221
004300 0.6521 0.3248 0.0000 0.0231
004320 0.6491 0.3283 0.0000 0.0226
004340 0.6460 0.3316 0.0000 0.0224
004360 0.6445 0.3354 0.0000 0.0202
004380 0.6495 0.3304 0.0000 0.0201
004400 0.6530 0.3248 0.0000 0.0222
004420 0.6525 0.3241 0.0000 0.0234
004440 0.6496 0.3266 0.0000 0.0239
004460 0.6489 0.3272 0.0000 0.0239
004480 0.6427 0.3322 0.0000 0.0251
004500 0.6412 0.3355 0.0000 0.0232
004520 0.6447 0.3350 0.0000 0.0203
004540 0.6501 0.3294 0.0000 0.0205
004560 0.6520 0.3266 0.0000 0.0213
004580 0.6563 0.3224 0.0000 0.0213
004600 0.6557 0.3212 0.0000 0.0230
004620 0.6523 0.3223 0.0000 0.0254
004640 0.6483 0.3269 0.0000 0.0248
004660 0.6463 0.3298 0.0000 0.0239
004680 0.6425 0.3332 0.0000 0.0243
004700 0.6392 0.3370 0.0000 0.0238
004720 0.6375 0.3395 0.0000 0.0229
004740 0.6403 0.3388 0.0000 0.0209
004760 0.6472 0.3313 0.0000 0.0215
004780 0.6507 0.3278 0.0000 0.0215
004800 0.6513 0.3251 0.0000 0.0236
004820 0.6489 0.3257 0.0000 0.0255
004840 0.6434 0.3316 0.0000 0.0250
004860 0.6396 0.3355 0.0000 0.0249
004880 0.6330 0.3408 0.0000 0.0262
004900 0.6289 0.3475 0.0000 0.0237
004920 0.6284 0.3496 0.0000 0.0220
004940 0.6347 0.3437 0.0000 0.0216
004960 0.6379 0.3401 0.0000 0.0220
004980 0.6431 0.3350 0.0000 0.0220
005000 0.6453 0.3334 0.0000 0.0214
005020 0.6480 0.3316 0.0000 0.0204
005040 0.6535 0.3267 0.0000 0.0198
005060 0.6585 0.3213 0.0000 0.0202
005080 0.6610 0.3184 0.0000 0.0206
005100 0.6644 0.3149 0.0000 0.0208
005120 0.6647 0.3141 0.0000 0.0213
005140 0.6587 0.3185 0.0000 0.0228
005160 0.6526 0.3237 0.0000 0.0237
005180 0.6493 0.3277 0.0000 0.0230
005200 0.6458 0.3315 0.0000 0.0227
005220 0.6422 0.3343 0.0000 0.0236
005240 0.6385 0.3377 0.0000 0.0238
005260 0.6344 0.3433 0.0000 0.0223
005280 0.6369 0.3421 0.0000 0.0210
005300 0.6388 0.3383 0.0000 0.0229
005320 0.6407 0.3359 0.0000 0.0234
005340 0.6428 0.3357 0.0000 0.0215
005360 0.6448 0.3332 0.0000 0.0220
005380 0.6450 0.3322 0.0000 0.0227
005400 0.6472 0.3313 0.0000 0.0215
005420 0.6514 0.3277 0.0000 0.0209
005440 0.6551 0.3246 0.0000 0.0203
005460 0.6605 0.3196 0.0000 0.0199
005480 0.6622 0.3156 0.0000 0.0222
005500 0.6610 0.3173 0.0000 0.0218
005520 0.6589 0.3199 0.0000 0.0211
005540 0.6589 0.3181 0.0000 0.0230
005560 0.6524 0.3216 0.0000 0.0261
005580 0.6439 0.3302 0.0000 0.0260
005600 0.6357 0.3380 0.0000 0.0263
005620 0.6298 0.3454 0.0000 0.0248
005640 0.6259 0.3492 0.0000 0.0249
005660 0.6243 0.3519 0.0000 0.0238
005680 0.6270 0.3505 0.0000 0.0225
005700 0.6293 0.3473 0.0000 0.0234
005720 0.6288 0.3485 0.0000 0.0227
005740 0.6328 0.3455 0.0000 0.0216
005760 0.6400 0.3389 0.0000 0.0211
005780 0.6481 0.3316 0.0000 0.0203
005800 0.6509 0.3278 0.0000 0.0213
005820 0.6571 0.3242 0.0000 0.0187
005840 0.6643 0.3174 0.0000 0.0183
005860 0.6715 0.3096 0.0000 0.0189
005880 0.6743 0.3054 0.0000 0.0204
005900 0.6716 0.3060 0.0000 0.0224
005920 0.6649 0.3111 0.0000 0.0240
005940 0.6537 0.3197 0.0000 0.0266
005960 0.6408 0.3320 0.0000 0.0272
005980 0.6290 0.3440 0.0000 0.0271
006000 0.6230 0.3517 0.0000 0.0253
006020 0.6195 0.3554 0.0000 0.0251
006040 0.6161 0.3588 0.0000 0.0251
006060 0.6163 0.3601 0.0000 0.0236
006080 0.6197 0.3561 0.0000 0.0242
006100 0.6214 0.3548 0.0000 0.0238
006120 0.6244 0.3528 0.0000 0.0229
006140 0.6306 0.3481 0.0000 0.0213
006160 0.6421 0.3377 0.0000 0.0203
006180 0.6511 0.3301 0.0000 0.0188
006200 0.6631 0.3199 0.0000 0.0170
006220 0.6723 0.3100 0.0000 0.0177
006240 0.6803 0.3021 0.0000 0.0176
006260 0.6846 0.2964 0.0000 0.0190
006280 0.6831 0.2956 0.0000 0.0213
006300 0.6801 0.2977 0.0000 0.0222
006320 0.6717 0.3038 0.0000 0.0245
006340 0.6637 0.3106 0.0000 0.0257
006360 0.6529 0.3212 0.0000 0.0259
006380 0.6451 0.3292 0.0000 0.0258
006400 0.6375 0.3363 0.0000 0.0262
006420 0.6295 0.3425 0.0000 0.0280
006440 0.6180 0.3544 0.0000 0.0275
006460 0.6111 0.3623 0.0000 0.0266
006480 0.6122 0.3648 0.0000 0.0229
006500 0.6222 0.3565 0.0000 0.0212
006520 0.6276 0.3502 0.0000 0.0222
006540 0.6329 0.3451 0.0000 0.0219
006560 0.6395 0.3398 0.0000 0.0207
006580 0.6441 0.3356 0.0000 0.0203
006600 0.6491 0.3298 0.0000 0.0211
006620 0.6500 0.3276 0.0000 0.0224
006640 0.6489 0.3275 0.0000 0.0236
006660 0.6433 0.3322 0.0000 0.0244
006680 0.6422 0.3353 0.0000 0.0224
006700 0.6440 0.3353 0.0000 0.0207
006720 0.6491 0.3305 0.0000 0.0204
006740 0.6562 0.3217 0.0000 0.0222
006760 0.6576 0.3191 0.0000 0.0233
006780 0.6556 0.3211 0.0000 0.0234
006800 0.6512 0.3258 0.0000 0.0231
006820 0.6471 0.3298 0.0000 0.0231
006840 0.6448 0.3324 0.0000 0.0228
006860 0.6447 0.3321 0.0000 0.0232
006880 0.6473 0.3302 0.0000 0.0225
006900 0.6545 0.3257 0.0000 0.0197
006920 0.6614 0.3190 0.0000 0.0196
006940 0.6621 0.3159 0.0000 0.0220
006960 0.6596 0.3172 0.0000 0.0233
006980 0.6581 0.3179 0.0000 0.0239
007000 0.6493 0.3255 0.0000 0.0252
007020 0.6425 0.3323 0.0000 0.0251
007040 0.6344 0.3413 0.0000 0.0243
007060 0.6291 0.3467 0.0000 0.0243
007080 0.6265 0.3496 0.0000 0.0240
007100 0.6260 0.3494 0.0000 0.0246
007120 0.6281 0.3496 0.0000 0.0222
007140 0.6332 0.3450 0.0000 0.0219
007160 0.6386 0.3403 0.0000 0.0212
007180 0.6430 0.3359 0.0000 0.0210
007200 0.6465 0.3327 0.0000 0.0208
007220 0.6515 0.3272 0.0000 0.0213
007240 0.6561 0.3234 0.0000 0.0205
007260 0.6644 0.3156 0.0000 0.0200
007280 0.6692 0.3099 0.0000 0.0209
007300 0.6712 0.3095 0.0000 0.0193
007320 0.6768 0.3048 0.0000 0.0185
007340 0.6823 0.2995 0.0000 0.0182
007360 0.6867 0.2917 0.0000 0.0216
007380 0.6797 0.2966 0.0000 0.0236
007400 0.6724 0.3049 0.0000 0.0227
007420 0.6684 0.3093 0.0000 0.0223
007440 0.6648 0.3117 0.0000 0.0236
007460 0.6587 0.3172 0.0000 0.0241
007480 0.6513 0.3237 0.0000 0.0250
007500 0.6463 0.3296 0.0000 0.0242
007520 0.6481 0.3299 0.0000 0.0219
007540 0.6496 0.3291 0.0000 0.0213
007560 0.6499 0.3292 0.0000 0.0209
007580 0.6541 0.3252 0.0000 0.0206
007600 0.6592 0.3194 0.0000 0.0214
007620 0.6585 0.3176 0.0000 0.0239
007640 0.6526 0.3213 0.0000 0.0260
007660 0.6448 0.3283 0.0000 0.0268
007680 0.6371 0.3367 0.0000 0.0261
007700 0.6298 0.3457 0.0000 0.0246
007720 0.6272 0.3481 0.0000 0.0247
007740 0.6243 0.3526 0.0000 0.0231
007760 0.6249 0.3530 0.0000 0.0222
007780 0.6282 0.3491 0.0000 0.0227
007800 0.6311 0.3460 0.0000 0.0230
007820 0.6343 0.3437 0.0000 0.0219
007840 0.6348 0.3436 0.0000 0.0216
007860 0.6369 0.3410 0.0000 0.0221
007880 0.6413 0.3363 0.0000 0.0225
007900 0.6424 0.3355 0.0000 0.0221
007920 0.6456 0.3328 0.0000 0.0215
007940 0.6510 0.3276 0.0000 0.0214
007960 0.6559 0.3237 0.0000 0.0204
007980 0.6579 0.3224 0.0000 0.0197
008000 0.6620 0.3189 0.0000 0.0191
008020 0.6649 0.3154 0.0000 0.0197
008040 0.6660 0.3131 0.0000 0.0209
008060 0.6636 0.3135 0.0000 0.0229
008080 0.6557 0.3190 0.0000 0.0253
008100 0.6475 0.3253 0.0000 0.0272
008120 0.6332 0.3389 0.0000 0.0280
008140 0.6265 0.3495 0.0000 0.0240
008160 0.6263 0.3516 0.0000 0.0221
008180 0.6303 0.3481 0.0000 0.0217
008200 0.6359 0.3445 0.0000 0.0196
008220 0.6461 0.3338 0.0000 0.0201
008240 0.6536 0.3252 0.0000 0.0212
008260 0.6591 0.3201 0.0000 0.0208
008280 0.6601 0.3176 0.0000 0.0223
008300 0.6547 0.3219 0.0000 0.0233
008320 0.6510 0.3263 0.0000 0.0226
008340 0.6497 0.3272 0.0000 0.0231
008360 0.6451 0.3308 0.0000 0.0241
008380 0.6400 0.3362 0.0000 0.0238
008400 0.6391 0.3383 0.0000 0.0226
008420 0.6416 0.3371 0.0000 0.0213
008440 0.6456 0.3331 0.0000 0.0213
008460 0.6449 0.3336 0.0000 0.0215
008480 0.6491 0.3303 0.0000 0.0206
008500 0.6580 0.3232 0.0000 0.0188
008520 0.6659 0.3158 0.0000 0.0183
008540 0.6721 0.3085 0.0000 0.0194
008560 0.6724 0.3055 0.0000 0.0222
008580 0.6667 0.3097 0.0000 0.0235
008600 0.6629 0.3135 0.0000 0.0236
008620 0.6508 0.3233 0.0000 0.0259
008640 0.6413 0.3327 0.0000 0.0260
008660 0.6324 0.3404 0.0000 0.0271
008680 0.6225 0.3519 0.0000 0.0256
008700 0.6220 0.3549 0.0000 0.0231
008720 0.6218 0.3554 0.0000 0.0228
008740 0.6237 0.3536 0.0000 0.0227
008760 0.6237 0.3523 0.0000 0.0240
008780 0.6284 0.3483 0.0000 0.0232
008800 0.6339 0.3442 0.0000 0.0219
008820 0.6422 0.3368 0.0000 0.0210
008840 0.6481 0.3300 0.0000 0.0219
008860 0.6532 0.3249 0.0000 0.0218
008880 0.6556 0.3217 0.0000 0.0226
008900 0.6555 0.3214 0.0000 0.0231
008920 0.6564 0.3201 0.0000 0.0235
008940 0.6506 0.3263 0.0000 0.0231
008960 0.6456 0.3322 0.0000 0.0223
008980 0.6445 0.3320 0.0000 0.0234
009000 0.6386 0.3363 0.0000 0.0251
009020 0.6294 0.3443 0.0000 0.0263
009040 0.6226 0.3509 0.0000 0.0265
009060 0.6147 0.3588 0.0000 0.0264
009080 0.6109 0.3631 0.0000 0.0260
009100 0.6140 0.3620 0.0000 0.0240
009120 0.6170 0.3598 0.0000 0.0232
009140 0.6203 0.3569 0.0000 0.0228
009160 0.6260 0.3521 0.0000 0.0220
009180 0.6342 0.3459 0.0000 0.0199
009200 0.6476 0.3346 0.0000 0.0178
009220 0.6603 0.3217 0.0000 0.0180
009240 0.6667 0.3131 0.0000 0.0202
009260 0.6680 0.3116 0.0000 0.0204
009280 0.6654 0.3129 0.0000 0.0218
009300 0.6622 0.3150 0.0000 0.0227
009320 0.6564 0.3185 0.0000 0.0251
009340 0.6498 0.3243 0.0000 0.0259
009360 0.6421 0.3335 0.0000 0.0244
009380 0.6402 0.3361 0.0000 0.0238
009400 0.6376 0.3386 0.0000 0.0238
009420 0.6359 0.3402 0.0000 0.0239
009440 0.6343 0.3417 0.0000 0.0240
009460 0.6337 0.3433 0.0000 0.0230
009480 0.6331 0.3427 0.0000 0.0242
009500 0.6339 0.3442 0.0000 0.0219
009520 0.6398 0.3397 0.0000 0.0205
009540 0.6510 0.3293 0.0000 0.0196
009560 0.6553 0.3240 0.0000 0.0207
009580 0.6565 0.3222 0.0000 0.0213
009600 0.6571 0.3208 0.0000 0.0221
009620 0.6581 0.3193 0.0000 0.0226
009640 0.6573 0.3201 0.0000 0.0227
009660 0.6563 0.3205 0.0000 0.0232
009680 0.6509 0.3247 0.0000 0.0244
009700 0.6447 0.3314 0.0000 0.0238
009720 0.6433 0.3330 0.0000 0.0237
009740 0.6424 0.3341 0.0000 0.0235
009760 0.6399 0.3360 0.0000 0.0241
009780 0.6380 0.3392 0.0000 0.0228
009800 0.6375 0.3394 0.0000 0.0231
009820 0.6359 0.3414 0.0000 0.0227
009840 0.6343 0.3424 0.0000 0.0233
009860 0.6332 0.3437 0.0000 0.0231
009880 0.6358 0.3407 0.0000 0.0234
009900 0.6363 0.3414 0.0000 0.0223
009920 0.6411 0.3377 0.0000 0.0212
009940 0.6497 0.3307 0.0000 0.0196
009960 0.6609 0.3214 0.0000 0.0177
009980 0.6731 0.3106 0.0000 0.0162
010000 0.6823 0.3010 0.0000 0.0167
010020 0.6890 0.2918 0.0000 0.0193
010040 0.6882 0.2891 0.0000 0.0227
010060 0.6820 0.2951 0.0000 0.0229
010080 0.6820 0.2951 0.0000 0.0229
010100 0.6820 0.2951 0.0000 0.0229
010120 0.6820 0.2951 0.0000 0.0229
010140 0.6820 0.2951 0.0000 0.0229
010160 0.6820 0.2951 0.0000 0.0229
010180 0.6820 0.2951 0.0000 0.0229
010200 0.6820 0.2951 0.0000 0.0229
010220 0.6820 0.2951 0.0000 0.0229
010240 0.6820 0.2951 0.0000 0.0229
010260 0.6820 0.2951 0.0000 0.0229
010280 0.6820 0.2951 0.0000 0.0229
010300 0.6820 0.2951 0.0000 0.0229
010320 0.6820 0.2951 0.0000 0.0229
010340 0.6820 0.2951 0.0000 0.0229
010360 0.6820 0.2951 0.0000 0.0229
010380 0.6820 0.2951 0.0000 0.0229
010400 0.6820 0.2951 0.0000 0.0229
010420 0.6820 0.2951 0.0000 0.0229
010440 0.6820 0.2951 0.0000 0.0229
010460 0.6820 0.2951 0.0000 0.0229
010480 0.6820 0.2951 0.0000 0.0229
010500 0.6820 0.2951 0.0000 0.0229
010520 0.6820 0.2951 0.0000 0.0229
010540 0.6820 0.2951 0.0000 0.0229
010560 0.6820 0.2951 0.0000 0.0229
010580 0.6820 0.2951 0.0000 0.0229
010600 0.6820 0.2951 0.0000 0.0229
010620 0.6820 0.2951 0.0000 0.0229
010640 0.6820 0.2951 0.0000 0.0229
010660 0.6820 0.2951 0.0000 0.0229
010680 0.6820 0.2951 0.0000 0.0229
010700 0.6820 0.2951 0.0000 0.0229
010720 0.6820 0.2951 0.0000 0.0229
010740 0.6820 0.2951 0.0000 0.0229
010760 0.6820 0.2951 0.0000 0.0229
010780 0.6820 0.2951 0.0000 0.0229
010800 0.6820 0.2951 0.0000 0.0229
010820 0.6820 0.2951 0.0000 0.0229
010840 0.6820 0.2951 0.0000 0.0229
010860 0.6820 0.2951 0.0000 0.0229
010880 0.6820 0.2951 0.0000 0.0229
010900 0.6820 0.2951 0.0000 0.0229
010920 0.6820 0.2951 0.0000 0.0229
010940 0.6820 0.2951 0.0000 0.0229
010960 0.6820 0.2951 0.0000 0.0229
010980 0.6820 0.2951 0.0000 0.0229
011000 0.6820 0.2951 0.0000 0.0229
011020 0.6820 0.2951 0.0000 0.0229
011040 0.6820 0.2951 0.0000 0.0229
011060 0.6820 0.2951 0.0000 0.0229
011080 0.6820 0.2951 0.0000 0.0229
011100 0.6820 0.2951 0.0000 0.0229
011120 0.6820 0.2951 0.0000 0.0229
011140 0.6820 0.2951 0.0000 0.0229
011160 0.6820 0.2951 0.0000 0.0229
011180 0.6820 0.2951 0.0000 0.0229
011200 0.6820 0.2951 0.0000 0.0229
011220 0.6820 0.2951 0.0000 0.0229
011240 0.6820 0.2951 0.0000 0.0229
011260 0.6820 0.2951 0.0000 0.0229
011280 0.6820 0.2951 0.0000 0.0229
011300 0.6820 0.2951 0.0000 0.0229
011320 0.6820 0.2951 0.0000 0.0229
011340 0.6820 0.2951 0.0000 0.0229
011360 0.6820 0.2951 0.0000 0.0229
011380 0.6820 0.2951 0.0000 0.0229
011400 0.6820 0.2951 0.0000 0.0229
011420 0.6820 0.2951 0.0000 0.0229
011440 0.6820 0.2951 0.0000 0.0229
011460 0.6820 0.2951 0.0000 0.0229
011480 0.6820 0.2951 0.0000 0.0229
011500 0.6820 0.2951 0.0000 0.0229
011520 0.6820 0.2951 0.0000 0.0229
011540 0.6820 0.2951 0.0000 0.0229
011560 0.6820 0.2951 0.0000 0.0229
011580 0.6820 0.2951 0.0000 0.0229
011600 0.6820 0.2951 0.0000 0.0229
011620 0.6820 0.2951 0.0000 0.0229
011640 0.6820 0.2951 0.0000 0.0229
011660 0.6820 0.2951 0.0000 0.0229
011680 0.6820 0.2951 0.0000 0.0229
011700 0.6820 0.2951 0.0000 0.0229
011720 0.6820 0.2951 0.0000 0.0229
011740 0.6820 0.2951 0.0000 0.0229
011760 0.6820 0.2951 0.0000 0.0229
011780 0.6820 0.2951 0.0000 0.0229
011800 0.6820 0.2951 0.0000 0.0229
011820 0.6820 0.2951 0.0000 0.0229
011840 0.6820 0.2951 0.0000 0.0229
011860 0.6820 0.2951 0.0000 0.0229
011880 0.6820 0.2951 0.0000 0.0229
011900 0.6820 0.2951 0.0000 0.0229
011920 0.6820 0.2951 0.0000 0.0229
011940 0.6820 0.2951 0.0000 0.0229
011960 0.6820 0.2951 0.0000 0.0229
011980 0.6820 0.2951 0.0000 0.0229
012000 0.6820 0.2951 0.0000 0.0229
012020 0.6820 0.2951 0.0000 0.0229
012040 0.6820 0.2951 0.0000 0.0229
012060 0.6820 0.2951 0.0000 0.0229
012080 0.6820 0.2951 0.0000 0.0229
012100 0.6820 0.2951 0.0000 0.0229
012120 0.6820 0.2951 0.0000 0.0229
012140 0.6820 0.2951 0.0000 0.0229
012160 0.6820 0.2951 0.0000 0.0229
012180 0.6820 0.2951 0.0000 0.0229
012200 0.6820 0.2951 0.0000 0.0229
012220 0.6820 0.2951 0.0000 0.0229
012240 0.6820 0.2951 0.0000 0.0229
012260 0.6820 0.2951 0.0000 0.0229
012280 0.6820 0.2951 0.0000 0.0229
012300 0.6820 0.2951 0.0000 0.0229
012320 0.6820 0.2951 0.0000 0.0229
012340 0.6820 0.2951 0.0000 0.0229
012360 0.6820 0.2951 0.0000 0.0229
012380 0.6820 0.2951 0.0000 0.0229
012400 0.6820 0.2951 0.0000 0.0229
012420 0.6820 0.2951 0.0000 0.0229
012440 0.6820 0.2951 0.0000 0.0229
012460 0.6820 0.2951 0.0000 0.0229
012480 0.6820 0.2951 0.0000 0.0229
012500 0.6820 0.2951 0.0000 0.0229
012520 0.6820 0.2951 0.0000 0.0229
012540 0.6820 0.2951 0.0000 0.0229
012560 0.6820 0.2951 0.0000 0.0229
012580 0.6820 0.2951 0.0000 0.0229
012600 0.6820 0.2951 0.0000 0.0229
012620 0.6820 0.2951 0.0000 0.0229
012640 0.6820 0.2951 0.0000 0.0229
012660 0.6820 0.2951 0.0000 0.0229
012680 0.6820 0.2951 0.0000 0.0229
012700 0.6820 0.2951 0.0000 0.0229
012720 0.6820 0.2951 0.0000 0.0229
012740 0.6820 0.2951 0.0000 0.0229
012760 0.6820 0.2951 0.0000 0.0229
012780 0.6820 0.2951 0.0000 0.0229
012800 0.6820 0.2951 0.0000 0.0229
012820 0.6820 0.2951 0.0000 0.0229
012840 0.6820 0.2951 0.0000 0.0229
012860 0.6820 0.2951 0.0000 0.0229
012880 0.6820 0.2951 0.0000 0.0229
012900 0.6820 0.2951 0.0000 0.0229
012920 0.6820 0.2951 0.0000 0.0229
012940 0.6820 0.2951 0.0000 0.0229
012960 0.6820 0.2951 0.0000 0.0229
012980 0.6820 0.2951 0.0000 0.0229
013000 0.6820 0.2951 0.0000 0.0229
013020 0.6820 0.2951 0.0000 0.0229
013040 0.6820 0.2951 0.0000 0.0229
013060 0.6820 0.2951 0.0000 0.0229
013080 0.6820 0.2951 0.0000 0.0229
013100 0.6820 0.2951 0.0000 0.0229
013120 0.6820 0.2951 0.0000 0.0229
013140 0.6820 0.2951 0.0000 0.0229
013160 0.6820 0.2951 0.0000 0.0229
013180 0.6820 0.2951 0.0000 0.0229
013200 0.6820 0.2951 0.0000 0.0229
013220 0.6820 0.2951 0.0000 0.0229
013240 0.6820 0.2951 0.0000 0.0229
013260 0.6820 0.2951 0.0000 0.0229
013280 0.6820 0.2951 0.0000 0.0229
013300 0.6820 0.2951 0.0000 0.0229
013320 0.6820 0.2951 0.0000 0.0229
013340 0.6820 0.2951 0.0000 0.0229
013360 0.6820 0.2951 0.0000 0.0229
013380 0.6820 0.2951 0.0000 0.0229
013400 0.6820 0.2951 0.0000 0.0229
013420 0.6820 0.2951 0.0000 0.0229
013440 0.6820 0.2951 0.0000 0.0229
013460 0.6820 0.2951 0.0000 0.0229
013480 0.6820 0.2951 0.0000 0.0229
013500 0.6820 0.2951 0.0000 0.0229
013520 0.6820 0.2951 0.0000 0.0229
013540 0.6820 0.2951 0.0000 0.0229
013560 0.6820 0.2951 0.0000 0.0229
013580 0.6820 0.2951 0.0000 0.0229
013600 0.6820 0.2951 0.0000 0.0229
013620 0.6820 0.2951 0.0000 0.0229
013640 0.6820 0.2951 0.0000 0.0229
013660 0.6820 0.2951 0.0000 0.0229
013680 0.6820 0.2951 0.0000 0.0229
013700 0.6820 0.2951 0.0000 0.0229
013720 0.6820 0.2951 0.0000 0.0229
013740 0.6820 0.2951 0.0000 0.0229
013760 0.6820 0.2951 0.0000 0.0229
013780 0.6820 0.2951 0.0000 0.0229
013800 0.6820 0.2951 0.0000 0.0229
013820 0.6820 0.2951 0.0000 0.0229
013840 0.6820 0.2951 0.0000 0.0229
013860 0.6820 0.2951 0.0000 0.0229
013880 0.6820 0.2951 0.0000 0.0229
013900 0.6820 0.2951 0.0000 0.0229
013920 0.6820 0.2951 0.0000 0.0229
013940 0.6820 0.2951 0.0000 0.0229
013960 0.6820 0.2951 0.0000 0.0229
013980 0.6820 0.2951 0.0000 0.0229
014000 0.6820 0.2951 0.0000 0.0229
014020 0.6820 0.2951 0.0000 0.0229
014040 0.6820 0.2951 0.0000 0.0229
014060 0.6820 0.2951 0.0000 0.0229
014080 0.6820 0.2951 0.0000 0.0229
014100 0.6820 0.2951 0.0000 0.0229
014120 0.6820 0.2951 0.0000 0.0229
014140 0.6820 0.2951 0.0000 0.0229
014160 0.6820 0.2951 0.0000 0.0229
014180 0.6820 0.2951 0.0000 0.0229
014200 0.6820 0.2951 0.0000 0.0229
014220 0.6820 0.2951 0.0000 0.0229
014240 0.6820 0.2951 0.0000 0.0229
014260 0.6820 0.2951 0.0000 0.0229
014280 0.6820 0.2951 0.0000 0.0229
014300 0.6820 0.2951 0.0000 0.0229
014320 0.6820 0.2951 0.0000 0.0229
014340 0.6820 0.2951 0.0000 0.0229
014360 0.6820 0.2951 0.0000 0.0229
014380 0.6820 0.2951 0.0000 0.0229
014400 0.6820 0.2951 0.0000 0.0229
014420 0.6820 0.2951 0.0000 0.0229
014440 0.6820 0.2951 0.0000 0.0229
014460 0.6820 0.2951 0.0000 0.0229
014480 0.6820 0.2951 0.0000 0.0229
014500 0.6820 0.2951 0.0000 0.0229
014520 0.6820 0.2951 0.0000 0.0229
014540 0.6820 0.2951 0.0000 0.0229
014560 0.6820 0.2951 0.0000 0.0229
014580 0.6820 0.2951 0.0000 0.0229
014600 0.6820 0.2951 0.0000 0.0229
014620 0.6820 0.2951 0.0000 0.0229
014640 0.6820 0.2951 0.0000 0.0229
014660 0.6820 0.2951 0.0000 0.0229
014680 0.6820 0.2951 0.0000 0.0229
014700 0.6820 0.2951 0.0000 0.0229
014720 0.6820 0.2951 0.0000 0.0229
014740 0.6820 0.2951 0.0000 0.0229
014760 0.6820 0.2951 0.0000 0.0229
014780 0.6820 0.2951 0.0000 0.0229
014800 0.6820 0.2951 0.0000 0.0229
014820 0.6820 0.2951 0.0000 0.0229
014840 0.6820 0.2951 0.0000 0.0229
014860 0.6820 0.2951 0.0000 0.0229
014880 0.6820 0.2951 0.0000 0.0229
014900 0.6820 0.2951 0.0000 0.0229
014920 0.6820 0.2951 0.0000 0.0229
014940 0.6820 0.2951 0.0000 0.0229
014960 0.6820 0.2951 0.0000 0.0229
014980 0.6820 0.2951 0.0000 0.0229
015000 0.6820 0.2951 0.0000 0.0229
015020 0.6820 0.2951 0.0000 0.0229
015040 0.6820 0.2951 0.0000 0.0229
015060 0.6820 0.2951 0.0000 0.0229
015080 0.6820 0.2951 0.0000 0.0229
015100 0.6820 0.2951 0.0000 0.0229
015120 0.6820 0.2951 0.0000 0.0229
015140 0.6820 0.2951 0.0000 0.0229
015160 0.6820 0.2951 0.0000 0.0229
015180 0.6820 0.2951 0.0000 0.0229
015200 0.6820 0.2951 0.0000 0.0229
015220 0.6820 0.2951 0.0000 0.0229
015240 0.6820 0.2951 0.0000 0.0229
015260 0.6820 0.2951 0.0000 0.0229
015280 0.6820 0.2951 0.0000 0.0229
015300 0.6820 0.2951 0.0000 0.0229
015320 0.6820 0.2951 0.0000 0.0229
015340 0.6820 0.2951 0.0000 0.0229
015360 0.6820 0.2951 0.0000 0.0229
015380 0.6820 0.2951 0.0000 0.0229
015400 0.6820 0.2951 0.0000 0.0229
015420 0.6820 0.2951 0.0000 0.0229
015440 0.6820 0.2951 0.0000 0.0229
015460 0.6820 0.2951 0.0000 0.0229
015480 0.6820 0.2951 0.0000 0.0229
015500 0.6820 0.2951 0.0000 0.0229
015520 0.6820 0.2951 0.0000 0.0229
015540 0.6820 0.2951 0.0000 0.0229
015560 0.6820 0.2951 0.0000 0.0229
015580 0.6820 0.2951 0.0000 0.0229
015600 0.6820 0.2951 0.0000 0.0229
015620 0.6820 0.2951 0.0000 0.0229
015640 0.6820 0.2951 0.0000 0.0229
015660 0.6820 0.2951 0.0000 0.0229
015680 0.6820 0.2951 0.0000 0.0229
015700 0.6820 0.2951 0.0000 0.0229
015720 0.6820 0.2951 0.0000 0.0229
015740 0.6820 0.2951 0.0000 0.0229
015760 0.6820 0.2951 0.0000 0.0229
015780 0.6820 0.2951 0.0000 0.0229
015800 0.6820 0.2951 0.0000 0.0229
015820 0.6820 0.2951 0.0000 0.0229
015840 0.6820 0.2951 0.0000 0.0229
015860 0.6820 0.2951 0.0000 0.0229
015880 0.6820 0.2951 0.0000 0.0229
015900 0.6820 0.2951 0.0000 0.0229
015920 0.6820 0.2951 0.0000 0.0229
015940 0.6820 0.2951 0.0000 0.0229
015960 0.6820 0.2951 0.0000 0.0229
015980 0.6820 0.2951 0.0000 0.0229
016000 0.6820 0.2951 0.0000 0.0229
016020 0.6820 0.2951 0.0000 0.0229
016040 0.6820 0.2951 0.0000 0.0229
016060 0.6820 0.2951 0.0000 0.0229
016080 0.6820 0.2951 0.0000 0.0229
016100 0.6820 0.2951 0.0000 0.0229
016120 0.6820 0.2951 0.0000 0.0229
016140 0.6820 0.2951 0.0000 0.0229
016160 0.6820 0.2951 0.0000 0.0229
016180 0.6820 0.2951 0.0000 0.0229
016200 0.6820 0.2951 0.0000 0.0229
016220 0.6820 0.2951 0.0000 0.0229
016240 0.6820 0.2951 0.0000 0.0229
016260 0.6820 0.2951 0.0000 0.0229
016280 0.6820 0.2951 0.0000 0.0229
016300 0.6820 0.2951 0.0000 0.0229
016320 0.6820 0.2951 0.0000 0.0229
016340 0.6820 0.2951 0.0000 0.0229
016360 0.6820 0.2951 0.0000 0.0229
016380 0.6820 0.2951 0.0000 0.0229
016400 0.6820 0.2951 0.0000 0.0229
016420 0.6820 0.2951 0.0000 0.0229
016440 0.6820 0.2951 0.0000 0.0229
016460 0.6820 0.2951 0.0000 0.0229
016480 0.6820 0.2951 0.0000 0.0229
016500 0.6820 0.2951 0.0000 0.0229
016520 0.6820 0.2951 0.0000 0.0229
016540 0.6820 0.2951 0.0000 0.0229
016560 0.6820 0.2951 0.0000 0.0229
016580 0.6820 0.2951 0.0000 0.0229
016600 0.6820 0.2951 0.0000 0.0229
016620 0.6820 0.2951 0.0000 0.0229
016640 0.6820 0.2951 0.0000 0.0229
016660 0.6820 0.2951 0.0000 0.0229
016680 0.6820 0.2951 0.0000 0.0229
016700 0.6820 0.2951 0.0000 0.0229
016720 0.6820 0.2951 0.0000 0.0229
016740 0.6820 0.2951 0.0000 0.0229
016760 0.6820 0.2951 0.0000 0.0229
016780 0.6820 0.2951 0.0000 0.0229
016800 0.6820 0.2951 0.0000 0.0229
016820 0.6820 0.2951 0.0000 0.0229
016840 0.6820 0.2951 0.0000 0.0229
016860 0.6820 0.2951 0.0000 0.0229
016880 0.6820 0.2951 0.0000 0.0229
016900 0.6820 0.2951 0.0000 0.0229
016920 0.6820 0.2951 0.0000 0.0229
016940 0.6820 0.2951 0.0000 0.0229
016960 0.6820 0.2951 0.0000 0.0229
016980 0.6820 0.2951 0.0000 0.0229
017000 0.6820 0.2951 0.0000 0.0229
017020 0.6820 0.2951 0.0000 0.0229
017040 0.6820 0.2951 0.0000 0.0229
017060 0.6820 0.2951 0.0000 0.0229
017080 0.6820 0.2951 0.0000 0.0229
017100 0.6820 0.2951 0.0000 0.0229
017120 0.6820 0.2951 0.0000 0.0229
017140 0.6820 0.2951 0.0000 0.0229
017160 0.6820 0.2951 0.0000 0.0229
017180 0.6820 0.2951 0.0000 0.0229
017200 0.6820 0.2951 0.0000 0.0229
017220 0.6820 0.2951 0.0000 0.0229
017240 0.6820 0.2951 0.0000 0.0229
017260 0.6820 0.2951 0.0000 0.0229
017280 0.6820 0.2951 0.0000 0.0229
017300 0.6820 0.2951 0.0000 0.0229
017320 0.6820 0.2951 0.0000 0.0229
017340 0.6820 0.2951 0.0000 0.0229
017360 0.6820 0.2951 0.0000 0.0229
017380 0.6820 0.2951 0.0000 0.0229
017400 0.6820 0.2951 0.0000 0.0229
017420 0.6820 0.2951 0.0000 0.0229
017440 0.6820 0.2951 0.0000 0.0229
017460 0.6820 0.2951 0.0000 0.0229
017480 0.6820 0.2951 0.0000 0.0229
017500 0.6820 0.2951 0.0000 0.0229
017520 0.6820 0.2951 0.0000 0.0229
017540 0.6820 0.2951 0.0000 0.0229
017560 0.6820 0.2951 0.0000 0.0229
017580 0.6820 0.2951 0.0000 0.0229
017600 0.6820 0.2951 0.0000 0.0229
017620 0.6820 0.2951 0.0000 0.0229
017640 0.6820 0.2951 0.0000 0.0229
017660 0.6820 0.2951 0.0000 0.0229
017680 0.6820 0.2951 0.0000 0.0229
017700 0.6820 0.2951 0.0000 0.0229
017720 0.6820 0.2951 0.0000 0.0229
017740 0.6820 0.2951 0.0000 0.0229
017760 0.6820 0.2951 0.0000 0.0229
017780 0.6820 0.2951 0.0000 0.0229
017800 0.6820 0.2951 0.0000 0.0229
017820 0.6820 0.2951 0.0000 0.0229
017840 0.6820 0.2951 0.0000 0.0229
017860 0.6820 0.2951 0.0000 0.0229
017880 0.6820 0.2951 0.0000 0.0229
017900 0.6820 0.2951 0.0000 0.0229
017920 0.6820 0.2951 0.0000 0.0229
017940 0.6820 0.2951 0.0000 0.0229
017960 0.6820 0.2951 0.0000 0.0229
017980 0.6820 0.2951 0.0000 0.0229
018000 0.6820 0.2951 0.0000 0.0229
018020 0.6820 0.2951 0.0000 0.0229
018040 0.6820 0.2951 0.0000 0.0229
018060 0.6820 0.2951 0.0000 0.0229
018080 0.6820 0.2951 0.0000 0.0229
018100 0.6820 0.2951 0.0000 0.0229
018120 0.6820 0.2951 0.0000 0.0229
018140 0.6820 0.2951 0.0000 0.0229
018160 0.6820 0.2951 0.0000 0.0229
018180 0.6820 0.2951 0.0000 0.0229
018200 0.6820 0.2951 0.0000 0.0229
018220 0.6820 0.2951 0.0000 0.0229
018240 0.6820 0.2951 0.0000 0.0229
018260 0.6820 0.2951 0.0000 0.0229
018280 0.6820 0.2951 0.0000 0.0229
018300 0.6820 0.2951 0.0000 0.0229
018320 0.6820 0.2951 0.0000 0.0229
018340 0.6820 0.2951 0.0000 0.0229
018360 0.6820 0.2951 0.0000 0.0229
018380 0.6820 0.2951 0.0000 0.0229
018400 0.6820 0.2951 0.0000 0.0229
018420 0.6820 0.2951 0.0000 0.0229
018440 0.6820 0.2951 0.0000 0.0229
018460 0.6820 0.2951 0.0000 0.0229
018480 0.6820 0.2951 0.0000 0.0229
018500 0.6820 0.2951 0.0000 0.0229
018520 0.6820 0.2951 0.0000 0.0229
018540 0.6820 0.2951 0.0000 0.0229
018560 0.6820 0.2951 0.0000 0.0229
018580 0.6820 0.2951 0.0000 0.0229
018600 0.6820 0.2951 0.0000 0.0229
018620 0.6820 0.2951 0.0000 0.0229
018640 0.6820 0.2951 0.0000 0.0229
018660 0.6820 0.2951 0.0000 0.0229
018680 0.6820 0.2951 0.0000 0.0229
018700 0.6820 0.2951 0.0000 0.0229
018720 0.6820 0.2951 0.0000 0.0229
018740 0.6820 0.2951 0.0000 0.0229
018760 0.6820 0.2951 0.0000 0.0229
018780 0.6820 0.2951 0.0000 0.0229
018800 0.6820 0.2951 0.0000 0.0229
018820 0.6820 0.2951 0.0000 0.0229
018840 0.6820 0.2951 0.0000 0.0229
018860 0.6820 0.2951 0.0000 0.0229
018880 0.6820 0.2951 0.0000 0.0229
018900 0.6820 0.2951 0.0000 0.0229
018920 0.6820 0.2951 0.0000 0.0229
018940 0.6820 0.2951 0.0000 0.0229
018960 0.6820 0.2951 0.0000 0.0229
018980 0.6820 0.2951 0.0000 0.0229
019000 0.6820 0.2951 0.0000 0.0229
019020 0.6820 0.2951 0.0000 0.0229
019040 0.6820 0.2951 0.0000 0.0229
019060 0.6820 0.2951 0.0000 0.0229
019080 0.6820 0.2951 0.0000 0.0229
019100 0.6820 0.2951 0.0000 0.0229
019120 0.6820 0.2951 0.0000 0.0229
019140 0.6820 0.2951 0.0000 0.0229
019160 0.6820 0.2951 0.0000 0.0229
019180 0.6820 0.2951 0.0000 0.0229
019200 0.6820 0.2951 0.0000 0.0229
019220 0.6820 0.2951 0.0000 0.0229
019240 0.6820 0.2951 0.0000 0.0229
019260 0.6820 0.2951 0.0000 0.0229
019280 0.6820 0.2951 0.0000 0.0229
019300 0.6820 0.2951 0.0000 0.0229
019320 0.6820 0.2951 0.0000 0.0229
019340 0.6820 0.2951 0.0000 0.0229
019360 0.6820 0.2951 0.0000 0.0229
019380 0.6820 0.2951 0.0000 0.0229
019400 0.6820 0.2951 0.0000 0.0229
019420 0.6820 0.2951 0.0000 0.0229
019440 0.6820 0.2951 0.0000 0.0229
019460 0.6820 0.2951 0.0000 0.0229
019480 0.6820 0.2951 0.0000 0.0229
019500 0.6820 0.2951 0.0000 0.0229
019520 0.6820 0.2951 0.0000 0.0229
019540 0.6820 0.2951 0.0000 0.0229
019560 0.6820 0.2951 0.0000 0.0229
019580 0.6820 0.2951 0.0000 0.0229
019600 0.6820 0.2951 0.0000 0.0229
019620 0.6820 0.2951 0.0000 0.0229
019640 0.6820 0.2951 0.0000 0.0229
019660 0.6820 0.2951 0.0000 0.0229
019680 0.6820 0.2951 0.0000 0.0229
019700 0.6820 0.2951 0.0000 0.0229
019720 0.6820 0.2951 0.0000 0.0229
019740 0.6820 0.2951 0.0000 0.0229
019760 0.6820 0.2951 0.0000 0.0229
019780 0.6820 0.2951 0.0000 0.0229
019800 0.6820 0.2951 0.0000 0.0229
019820 0.6820 0.2951 0.0000 0.0229
019840 0.6820 0.2951 0.0000 0.0229
019860 0.6820 0.2951 0.0000 0.0229
019880 0.6820 0.2951 0.0000 0.0229
019900 0.6820 0.2951 0.0000 0.0229
019920 0.6820 0.2951 0.0000 0.0229
019940 0.6820 0.2951 0.0000 0.0229
019960 0.6820 0.2951 0.0000 0.0229
019980 0.6820 0.2951 0.0000 0.0229
020000 0.6820 0.2951 0.0000 0.0229
