000000 0.2500 0.2500 0.2500 0.2500
000020 0.2592 0.2597 0.2298 0.2514
000040 0.2698 0.2700 0.2079 0.2522
000060 0.2801 0.2810 0.1867 0.2522
000080 0.2890 0.2930 0.1664 0.2516
000100 0.2959 0.3061 0.1475 0.2505
000120 0.3019 0.3206 0.1297 0.2477
000140 0.3072 0.3355 0.1129 0.2445
000160 0.3114 0.3512 0.0966 0.2408
000180 0.3134 0.3689 0.0823 0.2355
000200 0.3142 0.3869 0.0690 0.2298
000220 0.3128 0.4065 0.0574 0.2233
000240 0.3101 0.4276 0.0467 0.2157
000260 0.3070 0.4493 0.0369 0.2069
000280 0.3030 0.4710 0.0281 0.1979
000300 0.2992 0.4927 0.0202 0.1879
000320 0.2933 0.5156 0.0135 0.1776
000340 0.2865 0.5393 0.0082 0.1661
000360 0.2775 0.5646 0.0045 0.1534
000380 0.2672 0.5907 0.0020 0.1401
000400 0.2560 0.6174 0.0005 0.1261
000420 0.2440 0.6443 0.0000 0.1117
000440 0.2353 0.6730 0.0000 0.0918
000460 0.2278 0.6990 0.0000 0.0732
000480 0.2225 0.7164 0.0000 0.0612
000500 0.2207 0.7306 0.0000 0.0487
000520 0.2205 0.7422 0.0000 0.0372
000540 0.2231 0.7482 0.0000 0.0287
000560 0.2259 0.7519 0.0000 0.0222
000580 0.2307 0.7529 0.0000 0.0165
000600 0.2363 0.7523 0.0000 0.0115
000620 0.2460 0.7456 0.0000 0.0084
000640 0.2564 0.7373 0.0000 0.0063
000660 0.2672 0.7272 0.0000 0.0056
000680 0.2803 0.7149 0.0000 0.0048
000700 0.2931 0.7024 0.0000 0.0044
000720 0.3064 0.6897 0.0000 0.0039
000740 0.3191 0.6769 0.0000 0.0040
000760 0.3304 0.6649 0.0000 0.0047
000780 0.3380 0.6570 0.0000 0.0050
000800 0.3445 0.6501 0.0000 0.0055
000820 0.3510 0.6442 0.0000 0.0048
000840 0.3583 0.6360 0.0000 0.0058
000860 0.3640 0.6291 0.0000 0.0069
000880 0.3694 0.6227 0.0000 0.0079
000900 0.3722 0.6197 0.0000 0.0081
000920 0.3762 0.6150 0.0000 0.0087
000940 0.3789 0.6116 0.0000 0.0096
000960 0.3790 0.6103 0.0000 0.0107
000980 0.3794 0.6097 0.0000 0.0109
001000 0.3800 0.6091 0.0000 0.0108
001020 0.3811 0.6073 0.0000 0.0116
001040 0.3809 0.6077 0.0000 0.0114
001060 0.3834 0.6056 0.0000 0.0110
001080 0.3882 0.6008 0.0000 0.0110
001100 0.3913 0.5973 0.0000 0.0113
001120 0.3983 0.5913 0.0000 0.0104
001140 0.4044 0.5848 0.0000 0.0107
001160 0.4122 0.5773 0.0000 0.0105
001180 0.4164 0.5717 0.0000 0.0119
001200 0.4203 0.5674 0.0000 0.0124
001220 0.4246 0.5630 0.0000 0.0123
001240 0.4266 0.5609 0.0000 0.0125
001260 0.4329 0.5544 0.0000 0.0128
001280 0.4378 0.5495 0.0000 0.0127
001300 0.4435 0.5439 0.0000 0.0126
001320 0.4491 0.5378 0.0000 0.0130
001340 0.4517 0.5350 0.0000 0.0133
001360 0.4538 0.5317 0.0000 0.0144
001380 0.4537 0.5315 0.0000 0.0148
001400 0.4581 0.5274 0.0000 0.0146
001420 0.4624 0.5236 0.0000 0.0139
001440 0.4697 0.5167 0.0000 0.0137
001460 0.4769 0.5098 0.0000 0.0133
001480 0.4863 0.5005 0.0000 0.0133
001500 0.4977 0.4894 0.0000 0.0129
001520 0.5083 0.4781 0.0000 0.0136
001540 0.5173 0.4710 0.0000 0.0117
001560 0.5281 0.4595 0.0000 0.0124
001580 0.5378 0.4503 0.0000 0.0119
001600 0.5482 0.4394 0.0000 0.0124
001620 0.5554 0.4302 0.0000 0.0144
001640 0.5601 0.4240 0.0000 0.0159
001660 0.5595 0.4229 0.0000 0.0176
001680 0.5590 0.4229 0.0000 0.0180
001700 0.5607 0.4228 0.0000 0.0165
001720 0.5663 0.4181 0.0000 0.0156
001740 0.5711 0.4120 0.0000 0.0169
001760 0.5760 0.4069 0.0000 0.0171
001780 0.5822 0.3994 0.0000 0.0184
001800 0.5831 0.3970 0.0000 0.0199
001820 0.5894 0.3918 0.0000 0.0188
001840 0.5943 0.3882 0.0000 0.0176
001860 0.6019 0.3818 0.0000 0.0163
001880 0.6110 0.3707 0.0000 0.0183
001900 0.6142 0.3674 0.0000 0.0184
001920 0.6188 0.3627 0.0000 0.0184
001940 0.6215 0.3575 0.0000 0.0210
001960 0.6227 0.3565 0.0000 0.0208
001980 0.6241 0.3554 0.0000 0.0205
002000 0.6246 0.3551 0.0000 0.0204
002020 0.6270 0.3536 0.0000 0.0193
002040 0.6335 0.3471 0.0000 0.0194
002060 0.6383 0.3422 0.0000 0.0194
002080 0.6369 0.3431 0.0000 0.0200
002100 0.6375 0.3423 0.0000 0.0203
002120 0.6334 0.3443 0.0000 0.0222
002140 0.6286 0.3472 0.0000 0.0242
002160 0.6203 0.3545 0.0000 0.0252
002180 0.6133 0.3616 0.0000 0.0252
002200 0.6085 0.3670 0.0000 0.0245
002220 0.6068 0.3707 0.0000 0.0225
002240 0.6080 0.3706 0.0000 0.0214
002260 0.6147 0.3638 0.0000 0.0215
002280 0.6225 0.3570 0.0000 0.0206
002300 0.6274 0.3524 0.0000 0.0202
002320 0.6311 0.3481 0.0000 0.0208
002340 0.6419 0.3392 0.0000 0.0189
002360 0.6499 0.3318 0.0000 0.0183
002380 0.6573 0.3257 0.0000 0.0170
002400 0.6639 0.3193 0.0000 0.0168
002420 0.6715 0.3106 0.0000 0.0179
002440 0.6712 0.3097 0.0000 0.0190
002460 0.6753 0.3050 0.0000 0.0198
002480 0.6762 0.3036 0.0000 0.0201
002500 0.6741 0.3045 0.0000 0.0214
002520 0.6673 0.3092 0.0000 0.0235
002540 0.6615 0.3141 0.0000 0.0244
002560 0.6524 0.3225 0.0000 0.0250
002580 0.6425 0.3328 0.0000 0.0247
002600 0.6383 0.3389 0.0000 0.0228
002620 0.6361 0.3419 0.0000 0.0220
002640 0.6340 0.3435 0.0000 0.0226
002660 0.6329 0.3441 0.0000 0.0229
002680 0.6334 0.3432 0.0000 0.0234
002700 0.6315 0.3449 0.0000 0.0236
002720 0.6272 0.3485 0.0000 0.0243
002740 0.6245 0.3522 0.0000 0.0233
002760 0.6260 0.3531 0.0000 0.0209
002780 0.6311 0.3482 0.0000 0.0206
002800 0.6370 0.3440 0.0000 0.0190
002820 0.6472 0.3355 0.0000 0.0173
002840 0.6580 0.3254 0.0000 0.0167
002860 0.6686 0.3135 0.0000 0.0179
002880 0.6737 0.3076 0.0000 0.0187
002900 0.6742 0.3066 0.0000 0.0193
002920 0.6756 0.3051 0.0000 0.0193
002940 0.6743 0.3061 0.0000 0.0196
002960 0.6732 0.3058 0.0000 0.0210
002980 0.6679 0.3095 0.0000 0.0226
003000 0.6631 0.3136 0.0000 0.0233
003020 0.6591 0.3173 0.0000 0.0235
003040 0.6564 0.3188 0.0000 0.0247
003060 0.6515 0.3235 0.0000 0.0251
003080 0.6435 0.3313 0.0000 0.0252
003100 0.6391 0.3372 0.0000 0.0238
003120 0.6385 0.3391 0.0000 0.0224
003140 0.6358 0.3417 0.0000 0.0226
003160 0.6397 0.3395 0.0000 0.0209
003180 0.6405 0.3374 0.0000 0.0220
003200 0.6378 0.3386 0.0000 0.0237
003220 0.6373 0.3410 0.0000 0.0217
003240 0.6404 0.3392 0.0000 0.0204
003260 0.6462 0.3347 0.0000 0.0190
003280 0.6520 0.3290 0.0000 0.0190
003300 0.6587 0.3225 0.0000 0.0187
003320 0.6615 0.3198 0.0000 0.0187
003340 0.6642 0.3153 0.0000 0.0206
003360 0.6654 0.3134 0.0000 0.0212
003380 0.6642 0.3136 0.0000 0.0222
003400 0.6623 0.3155 0.0000 0.0222
003420 0.6592 0.3178 0.0000 0.0229
003440 0.6550 0.3206 0.0000 0.0243
003460 0.6515 0.3262 0.0000 0.0224
003480 0.6493 0.3287 0.0000 0.0219
003500 0.6477 0.3321 0.0000 0.0202
003520 0.6502 0.3304 0.0000 0.0194
003540 0.6527 0.3269 0.0000 0.0203
003560 0.6536 0.3249 0.0000 0.0215
003580 0.6549 0.3243 0.0000 0.0208
003600 0.6611 0.3191 0.0000 0.0198
003620 0.6667 0.3137 0.0000 0.0196
003640 0.6693 0.3105 0.0000 0.0202
003660 0.6695 0.3091 0.0000 0.0214
003680 0.6682 0.3108 0.0000 0.0209
003700 0.6646 0.3134 0.0000 0.0220
003720 0.6622 0.3158 0.0000 0.0220
003740 0.6628 0.3163 0.0000 0.0209
003760 0.6630 0.3170 0.0000 0.0200
003780 0.6645 0.3156 0.0000 0.0199
003800 0.6648 0.3155 0.0000 0.0197
003820 0.6711 0.3108 0.0000 0.0181
003840 0.6742 0.3081 0.0000 0.0177
003860 0.6789 0.3018 0.0000 0.0193
003880 0.6798 0.3002 0.0000 0.0200
003900 0.6782 0.3011 0.0000 0.0208
003920 0.6730 0.3050 0.0000 0.0221
003940 0.6697 0.3093 0.0000 0.0209
003960 0.6646 0.3137 0.0000 0.0217
003980 0.6592 0.3182 0.0000 0.0225
004000 0.6539 0.3224 0.0000 0.0237
004020 0.6496 0.3264 0.0000 0.0240
004040 0.6445 0.3318 0.0000 0.0237
004060 0.6402 0.3368 0.0000 0.0231
004080 0.6388 0.3390 0.0000 0.0222
004100 0.6367 0.3412 0.0000 0.0221
004120 0.6395 0.3395 0.0000 0.0210
004140 0.6406 0.3372 0.0000 0.0222
004160 0.6401 0.3377 0.0000 0.0222
004180 0.6429 0.3354 0.0000 0.0217
004200 0.6459 0.3330 0.0000 0.0211
004220 0.6481 0.3320 0.0000 0.0199
004240 0.6502 0.3288 0.0000 0.0210
004260 0.6475 0.3297 0.0000 0.0228
004280 0.6415 0.3352 0.0000 0.0233
004300 0.6380 0.3396 0.0000 0.0223
004320 0.6379 0.3401 0.0000 0.0220
004340 0.6398 0.3389 0.0000 0.0213
004360 0.6409 0.3366 0.0000 0.0226
004380 0.6392 0.3379 0.0000 0.0229
004400 0.6404 0.3375 0.0000 0.0221
004420 0.6470 0.3325 0.0000 0.0205
004440 0.6514 0.3273 0.0000 0.0212
004460 0.6551 0.3232 0.0000 0.0217
004480 0.6562 0.3228 0.0000 0.0210
004500 0.6549 0.3244 0.0000 0.0207
004520 0.6569 0.3246 0.0000 0.0186
004540 0.6628 0.3182 0.0000 0.0190
004560 0.6691 0.3116 0.0000 0.0193
004580 0.6705 0.3102 0.0000 0.0193
004600 0.6704 0.3091 0.0000 0.0205
004620 0.6682 0.3105 0.0000 0.0213
004640 0.6619 0.3159 0.0000 0.0222
004660 0.6579 0.3189 0.0000 0.0233
004680 0.6528 0.3240 0.0000 0.0232
004700 0.6482 0.3282 0.0000 0.0235
004720 0.6395 0.3366 0.0000 0.0239
004740 0.6337 0.3423 0.0000 0.0240
004760 0.6286 0.3469 0.0000 0.0245
004780 0.6252 0.3514 0.0000 0.0234
004800 0.6234 0.3532 0.0000 0.0234
004820 0.6272 0.3508 0.0000 0.0220
004840 0.6356 0.3438 0.0000 0.0207
004860 0.6421 0.3369 0.0000 0.0210
004880 0.6463 0.3329 0.0000 0.0208
004900 0.6463 0.3324 0.0000 0.0213
004920 0.6478 0.3316 0.0000 0.0206
004940 0.6551 0.3274 0.0000 0.0175
004960 0.6627 0.3186 0.0000 0.0187
004980 0.6634 0.3156 0.0000 0.0210
005000 0.6653 0.3145 0.0000 0.0202
005020 0.6650 0.3141 0.0000 0.0209
005040 0.6645 0.3150 0.0000 0.0205
005060 0.6661 0.3141 0.0000 0.0198
005080 0.6688 0.3100 0.0000 0.0212
005100 0.6654 0.3117 0.0000 0.0229
005120 0.6595 0.3171 0.0000 0.0234
005140 0.6515 0.3253 0.0000 0.0232
005160 0.6444 0.3324 0.0000 0.0231
005180 0.6365 0.3389 0.0000 0.0247
005200 0.6271 0.3468 0.0000 0.0261
005220 0.6213 0.3530 0.0000 0.0257
005240 0.6197 0.3582 0.0000 0.0221
005260 0.6236 0.3560 0.0000 0.0203
005280 0.6287 0.3509 0.0000 0.0204
005300 0.6352 0.3439 0.0000 0.0208
005320 0.6425 0.3381 0.0000 0.0194
005340 0.6521 0.3287 0.0000 0.0192
005360 0.6590 0.3226 0.0000 0.0184
005380 0.6658 0.3149 0.0000 0.0194
005400 0.6700 0.3102 0.0000 0.0198
005420 0.6726 0.3081 0.0000 0.0193
005440 0.6742 0.3064 0.0000 0.0194
005460 0.6722 0.3086 0.0000 0.0193
005480 0.6718 0.3078 0.0000 0.0204
005500 0.6654 0.3133 0.0000 0.0213
005520 0.6619 0.3169 0.0000 0.0212
005540 0.6581 0.3202 0.0000 0.0217
005560 0.6543 0.3229 0.0000 0.0228
005580 0.6495 0.3274 0.0000 0.0231
005600 0.6440 0.3327 0.0000 0.0233
005620 0.6422 0.3353 0.0000 0.0225
005640 0.6442 0.3347 0.0000 0.0211
005660 0.6489 0.3310 0.0000 0.0201
005680 0.6560 0.3244 0.0000 0.0196
005700 0.6622 0.3196 0.0000 0.0182
005720 0.6647 0.3162 0.0000 0.0192
005740 0.6680 0.3126 0.0000 0.0194
005760 0.6712 0.3095 0.0000 0.0194
005780 0.6728 0.3071 0.0000 0.0201
005800 0.6709 0.3065 0.0000 0.0226
005820 0.6682 0.3096 0.0000 0.0222
005840 0.6631 0.3153 0.0000 0.0216
005860 0.6574 0.3212 0.0000 0.0214
005880 0.6544 0.3243 0.0000 0.0213
005900 0.6545 0.3239 0.0000 0.0216
005920 0.6515 0.3256 0.0000 0.0229
005940 0.6479 0.3272 0.0000 0.0249
005960 0.6420 0.3325 0.0000 0.0254
005980 0.6348 0.3402 0.0000 0.0250
006000 0.6338 0.3425 0.0000 0.0237
006020 0.6322 0.3474 0.0000 0.0204
006040 0.6398 0.3418 0.0000 0.0185
006060 0.6462 0.3352 0.0000 0.0187
006080 0.6510 0.3298 0.0000 0.0192
006100 0.6555 0.3235 0.0000 0.0209
006120 0.6534 0.3249 0.0000 0.0218
006140 0.6546 0.3237 0.0000 0.0217
006160 0.6529 0.3246 0.0000 0.0225
006180 0.6480 0.3292 0.0000 0.0229
006200 0.6453 0.3313 0.0000 0.0234
006220 0.6429 0.3348 0.0000 0.0223
006240 0.6469 0.3326 0.0000 0.0205
006260 0.6522 0.3284 0.0000 0.0194
006280 0.6569 0.3236 0.0000 0.0195
006300 0.6617 0.3194 0.0000 0.0189
006320 0.6618 0.3190 0.0000 0.0193
006340 0.6614 0.3185 0.0000 0.0201
006360 0.6616 0.3179 0.0000 0.0205
006380 0.6615 0.3176 0.0000 0.0209
006400 0.6606 0.3186 0.0000 0.0208
006420 0.6580 0.3216 0.0000 0.0205
006440 0.6595 0.3197 0.0000 0.0207
006460 0.6630 0.3175 0.0000 0.0195
006480 0.6623 0.3167 0.0000 0.0210
006500 0.6629 0.3157 0.0000 0.0215
006520 0.6600 0.3183 0.0000 0.0216
006540 0.6590 0.3215 0.0000 0.0195
006560 0.6620 0.3193 0.0000 0.0187
006580 0.6689 0.3130 0.0000 0.0181
006600 0.6737 0.3074 0.0000 0.0188
006620 0.6770 0.3033 0.0000 0.0197
006640 0.6767 0.3023 0.0000 0.0210
006660 0.6708 0.3065 0.0000 0.0227
006680 0.6650 0.3117 0.0000 0.0233
006700 0.6576 0.3186 0.0000 0.0238
006720 0.6469 0.3301 0.0000 0.0230
006740 0.6422 0.3359 0.0000 0.0219
006760 0.6440 0.3356 0.0000 0.0205
006780 0.6463 0.3337 0.0000 0.0200
006800 0.6516 0.3289 0.0000 0.0195
006820 0.6563 0.3245 0.0000 0.0192
006840 0.6597 0.3199 0.0000 0.0204
006860 0.6592 0.3203 0.0000 0.0205
006880 0.6631 0.3176 0.0000 0.0194
006900 0.6673 0.3129 0.0000 0.0198
006920 0.6672 0.3117 0.0000 0.0211
006940 0.6665 0.3127 0.0000 0.0208
006960 0.6678 0.3129 0.0000 0.0194
006980 0.6671 0.3135 0.0000 0.0194
007000 0.6678 0.3119 0.0000 0.0203
007020 0.6699 0.3095 0.0000 0.0205
007040 0.6700 0.3092 0.0000 0.0208
007060 0.6678 0.3107 0.0000 0.0215
007080 0.6663 0.3120 0.0000 0.0217
007100 0.6653 0.3124 0.0000 0.0223
007120 0.6590 0.3172 0.0000 0.0238
007140 0.6520 0.3241 0.0000 0.0239
007160 0.6428 0.3322 0.0000 0.0250
007180 0.6342 0.3399 0.0000 0.0260
007200 0.6289 0.3472 0.0000 0.0239
007220 0.6260 0.3500 0.0000 0.0240
007240 0.6252 0.3505 0.0000 0.0243
007260 0.6226 0.3523 0.0000 0.0250
007280 0.6201 0.3549 0.0000 0.0249
007300 0.6188 0.3577 0.0000 0.0235
007320 0.6173 0.3591 0.0000 0.0236
007340 0.6160 0.3609 0.0000 0.0230
007360 0.6177 0.3609 0.0000 0.0214
007380 0.6262 0.3550 0.0000 0.0187
007400 0.6358 0.3465 0.0000 0.0177
007420 0.6490 0.3322 0.0000 0.0188
007440 0.6543 0.3263 0.0000 0.0194
007460 0.6594 0.3212 0.0000 0.0194
007480 0.6646 0.3156 0.0000 0.0197
007500 0.6651 0.3147 0.0000 0.0202
007520 0.6653 0.3138 0.0000 0.0209
007540 0.6629 0.3178 0.0000 0.0193
007560 0.6672 0.3148 0.0000 0.0181
007580 0.6675 0.3117 0.0000 0.0209
007600 0.6632 0.3137 0.0000 0.0231
007620 0.6581 0.3199 0.0000 0.0220
007640 0.6571 0.3210 0.0000 0.0219
007660 0.6513 0.3253 0.0000 0.0234
007680 0.6445 0.3316 0.0000 0.0239
007700 0.6384 0.3382 0.0000 0.0234
007720 0.6410 0.3381 0.0000 0.0209
007740 0.6434 0.3346 0.0000 0.0220
007760 0.6440 0.3345 0.0000 0.0215
007780 0.6493 0.3308 0.0000 0.0199
007800 0.6542 0.3252 0.0000 0.0206
007820 0.6584 0.3213 0.0000 0.0203
007840 0.6600 0.3183 0.0000 0.0217
007860 0.6592 0.3199 0.0000 0.0209
007880 0.6580 0.3216 0.0000 0.0204
007900 0.6592 0.3215 0.0000 0.0194
007920 0.6634 0.3178 0.0000 0.0188
007940 0.6678 0.3134 0.0000 0.0188
007960 0.6737 0.3087 0.0000 0.0176
007980 0.6789 0.3022 0.0000 0.0189
008000 0.6784 0.3014 0.0000 0.0202
008020 0.6717 0.3056 0.0000 0.0227
008040 0.6614 0.3141 0.0000 0.0244
008060 0.6498 0.3258 0.0000 0.0243
008080 0.6427 0.3344 0.0000 0.0229
008100 0.6395 0.3383 0.0000 0.0222
008120 0.6363 0.3424 0.0000 0.0212
008140 0.6414 0.3382 0.0000 0.0204
008160 0.6462 0.3331 0.0000 0.0207
008180 0.6461 0.3310 0.0000 0.0229
008200 0.6483 0.3316 0.0000 0.0201
008220 0.6526 0.3286 0.0000 0.0188
008240 0.6581 0.3221 0.0000 0.0198
008260 0.6597 0.3197 0.0000 0.0206
008280 0.6627 0.3168 0.0000 0.0205
008300 0.6644 0.3161 0.0000 0.0195
008320 0.6642 0.3153 0.0000 0.0205
008340 0.6613 0.3173 0.0000 0.0215
008360 0.6575 0.3210 0.0000 0.0215
008380 0.6571 0.3233 0.0000 0.0196
008400 0.6600 0.3206 0.0000 0.0194
008420 0.6609 0.3180 0.0000 0.0211
008440 0.6606 0.3162 0.0000 0.0232
008460 0.6579 0.3191 0.0000 0.0230
008480 0.6515 0.3245 0.0000 0.0240
008500 0.6451 0.3294 0.0000 0.0254
008520 0.6407 0.3360 0.0000 0.0233
008540 0.6382 0.3393 0.0000 0.0226
008560 0.6383 0.3401 0.0000 0.0216
008580 0.6381 0.3397 0.0000 0.0222
008600 0.6412 0.3383 0.0000 0.0206
008620 0.6406 0.3360 0.0000 0.0234
008640 0.6374 0.3397 0.0000 0.0230
008660 0.6400 0.3400 0.0000 0.0199
008680 0.6507 0.3316 0.0000 0.0176
008700 0.6582 0.3231 0.0000 0.0187
008720 0.6640 0.3161 0.0000 0.0199
008740 0.6662 0.3141 0.0000 0.0197
008760 0.6696 0.3106 0.0000 0.0198
008780 0.6719 0.3088 0.0000 0.0193
008800 0.6738 0.3070 0.0000 0.0191
008820 0.6737 0.3054 0.0000 0.0208
008840 0.6724 0.3067 0.0000 0.0209
008860 0.6682 0.3089 0.0000 0.0230
008880 0.6601 0.3162 0.0000 0.0238
008900 0.6490 0.3254 0.0000 0.0256
008920 0.6358 0.3374 0.0000 0.0269
008940 0.6259 0.3480 0.0000 0.0261
008960 0.6219 0.3538 0.0000 0.0242
008980 0.6185 0.3590 0.0000 0.0225
009000 0.6197 0.3597 0.0000 0.0206
009020 0.6263 0.3539 0.0000 0.0197
009040 0.6382 0.3427 0.0000 0.0191
009060 0.6472 0.3333 0.0000 0.0195
009080 0.6572 0.3253 0.0000 0.0176
009100 0.6657 0.3172 0.0000 0.0171
009120 0.6723 0.3102 0.0000 0.0174
009140 0.6781 0.3037 0.0000 0.0182
009160 0.6814 0.3000 0.0000 0.0186
009180 0.6822 0.2991 0.0000 0.0188
009200 0.6807 0.2989 0.0000 0.0204
009220 0.6764 0.3020 0.0000 0.0215
009240 0.6695 0.3069 0.0000 0.0235
009260 0.6637 0.3144 0.0000 0.0218
009280 0.6597 0.3179 0.0000 0.0224
009300 0.6567 0.3203 0.0000 0.0230
009320 0.6529 0.3235 0.0000 0.0237
009340 0.6478 0.3300 0.0000 0.0222
009360 0.6482 0.3299 0.0000 0.0220
009380 0.6450 0.3312 0.0000 0.0238
009400 0.6424 0.3351 0.0000 0.0226
009420 0.6441 0.3342 0.0000 0.0217
009440 0.6432 0.3338 0.0000 0.0230
009460 0.6353 0.3386 0.0000 0.0260
009480 0.6286 0.3456 0.0000 0.0258
009500 0.6223 0.3504 0.0000 0.0273
009520 0.6187 0.3569 0.0000 0.0244
009540 0.6223 0.3564 0.0000 0.0214
009560 0.6274 0.3523 0.0000 0.0204
009580 0.6332 0.3476 0.0000 0.0193
009600 0.6422 0.3391 0.0000 0.0188
009620 0.6524 0.3295 0.0000 0.0181
009640 0.6558 0.3235 0.0000 0.0208
009660 0.6541 0.3229 0.0000 0.0230
009680 0.6470 0.3289 0.0000 0.0241
009700 0.6419 0.3353 0.0000 0.0228
009720 0.6401 0.3379 0.0000 0.0221
009740 0.6357 0.3407 0.0000 0.0235
009760 0.6337 0.3436 0.0000 0.0227
009780 0.6341 0.3448 0.0000 0.0211
009800 0.6393 0.3412 0.0000 0.0194
009820 0.6440 0.3352 0.0000 0.0208
009840 0.6456 0.3323 0.0000 0.0221
009860 0.6452 0.3318 0.0000 0.0229
009880 0.6434 0.3339 0.0000 0.0227
009900 0.6457 0.3340 0.0000 0.0203
009920 0.6503 0.3297 0.0000 0.0200
009940 0.6542 0.3263 0.0000 0.0195
009960 0.6571 0.3227 0.0000 0.0201
009980 0.6567 0.3215 0.0000 0.0218
010000 0.6568 0.3213 0.0000 0.0219
010020 0.6513 0.3249 0.0000 0.0237
010040 0.6513 0.3249 0.0000 0.0237
010060 0.6513 0.3249 0.0000 0.0237
010080 0.6513 0.3249 0.0000 0.0237
010100 0.6513 0.3249 0.0000 0.0237
010120 0.6513 0.3249 0.0000 0.0237
010140 0.6513 0.3249 0.0000 0.0237
010160 0.6513 0.3249 0.0000 0.0237
010180 0.6513 0.3249 0.0000 0.0237
010200 0.6513 0.3249 0.0000 0.0237
010220 0.6513 0.3249 0.0000 0.0237
010240 0.6513 0.3249 0.0000 0.0237
010260 0.6513 0.3249 0.0000 0.0237
010280 0.6513 0.3249 0.0000 0.0237
010300 0.6513 0.3249 0.0000 0.0237
010320 0.6513 0.3249 0.0000 0.0237
010340 0.6513 0.3249 0.0000 0.0237
010360 0.6513 0.3249 0.0000 0.0237
010380 0.6513 0.3249 0.0000 0.0237
010400 0.6513 0.3249 0.0000 0.0237
010420 0.6513 0.3249 0.0000 0.0237
010440 0.6513 0.3249 0.0000 0.0237
010460 0.6513 0.3249 0.0000 0.0237
010480 0.6513 0.3249 0.0000 0.0237
010500 0.6513 0.3249 0.0000 0.0237
010520 0.6513 0.3249 0.0000 0.0237
010540 0.6513 0.3249 0.0000 0.0237
010560 0.6513 0.3249 0.0000 0.0237
010580 0.6513 0.3249 0.0000 0.0237
010600 0.6513 0.3249 0.0000 0.0237
010620 0.6513 0.3249 0.0000 0.0237
010640 0.6513 0.3249 0.0000 0.0237
010660 0.6513 0.3249 0.0000 0.0237
010680 0.6513 0.3249 0.0000 0.0237
010700 0.6513 0.3249 0.0000 0.0237
010720 0.6513 0.3249 0.0000 0.0237
010740 0.6513 0.3249 0.0000 0.0237
010760 0.6513 0.3249 0.0000 0.0237
010780 0.6513 0.3249 0.0000 0.0237
010800 0.6513 0.3249 0.0000 0.0237
010820 0.6513 0.3249 0.0000 0.0237
010840 0.6513 0.3249 0.0000 0.0237
010860 0.6513 0.3249 0.0000 0.0237
010880 0.6513 0.3249 0.0000 0.0237
010900 0.6513 0.3249 0.0000 0.0237
010920 0.6513 0.3249 0.0000 0.0237
010940 0.6513 0.3249 0.0000 0.0237
010960 0.6513 0.3249 0.0000 0.0237
010980 0.6513 0.3249 0.0000 0.0237
011000 0.6513 0.3249 0.0000 0.0237
011020 0.6513 0.3249 0.0000 0.0237
011040 0.6513 0.3249 0.0000 0.0237
011060 0.6513 0.3249 0.0000 0.0237
011080 0.6513 0.3249 0.0000 0.0237
011100 0.6513 0.3249 0.0000 0.0237
011120 0.6513 0.3249 0.0000 0.0237
011140 0.6513 0.3249 0.0000 0.0237
011160 0.6513 0.3249 0.0000 0.0237
011180 0.6513 0.3249 0.0000 0.0237
011200 0.6513 0.3249 0.0000 0.0237
011220 0.6513 0.3249 0.0000 0.0237
011240 0.6513 0.3249 0.0000 0.0237
011260 0.6513 0.3249 0.0000 0.0237
011280 0.6513 0.3249 0.0000 0.0237
011300 0.6513 0.3249 0.0000 0.0237
011320 0.6513 0.3249 0.0000 0.0237
011340 0.6513 0.3249 0.0000 0.0237
011360 0.6513 0.3249 0.0000 0.0237
011380 0.6513 0.3249 0.0000 0.0237
011400 0.6513 0.3249 0.0000 0.0237
011420 0.6513 0.3249 0.0000 0.0237
011440 0.6513 0.3249 0.0000 0.0237
011460 0.6513 0.3249 0.0000 0.0237
011480 0.6513 0.3249 0.0000 0.0237
011500 0.6513 0.3249 0.0000 0.0237
011520 0.6513 0.3249 0.0000 0.0237
011540 0.6513 0.3249 0.0000 0.0237
011560 0.6513 0.3249 0.0000 0.0237
011580 0.6513 0.3249 0.0000 0.0237
011600 0.6513 0.3249 0.0000 0.0237
011620 0.6513 0.3249 0.0000 0.0237
011640 0.6513 0.3249 0.0000 0.0237
011660 0.6513 0.3249 0.0000 0.0237
011680 0.6513 0.3249 0.0000 0.0237
011700 0.6513 0.3249 0.0000 0.0237
011720 0.6513 0.3249 0.0000 0.0237
011740 0.6513 0.3249 0.0000 0.0237
011760 0.6513 0.3249 0.0000 0.0237
011780 0.6513 0.3249 0.0000 0.0237
011800 0.6513 0.3249 0.0000 0.0237
011820 0.6513 0.3249 0.0000 0.0237
011840 0.6513 0.3249 0.0000 0.0237
011860 0.6513 0.3249 0.0000 0.0237
011880 0.6513 0.3249 0.0000 0.0237
011900 0.6513 0.3249 0.0000 0.0237
011920 0.6513 0.3249 0.0000 0.0237
011940 0.6513 0.3249 0.0000 0.0237
011960 0.6513 0.3249 0.0000 0.0237
011980 0.6513 0.3249 0.0000 0.0237
012000 0.6513 0.3249 0.0000 0.0237
012020 0.6513 0.3249 0.0000 0.0237
012040 0.6513 0.3249 0.0000 0.0237
012060 0.6513 0.3249 0.0000 0.0237
012080 0.6513 0.3249 0.0000 0.0237
012100 0.6513 0.3249 0.0000 0.0237
012120 0.6513 0.3249 0.0000 0.0237
012140 0.6513 0.3249 0.0000 0.0237
012160 0.6513 0.3249 0.0000 0.0237
012180 0.6513 0.3249 0.0000 0.0237
012200 0.6513 0.3249 0.0000 0.0237
012220 0.6513 0.3249 0.0000 0.0237
012240 0.6513 0.3249 0.0000 0.0237
012260 0.6513 0.3249 0.0000 0.0237
012280 0.6513 0.3249 0.0000 0.0237
012300 0.6513 0.3249 0.0000 0.0237
012320 0.6513 0.3249 0.0000 0.0237
012340 0.6513 0.3249 0.0000 0.0237
012360 0.6513 0.3249 0.0000 0.0237
012380 0.6513 0.3249 0.0000 0.0237
012400 0.6513 0.3249 0.0000 0.0237
012420 0.6513 0.3249 0.0000 0.0237
012440 0.6513 0.3249 0.0000 0.0237
012460 0.6513 0.3249 0.0000 0.0237
012480 0.6513 0.3249 0.0000 0.0237
012500 0.6513 0.3249 0.0000 0.0237
012520 0.6513 0.3249 0.0000 0.0237
012540 0.6513 0.3249 0.0000 0.0237
012560 0.6513 0.3249 0.0000 0.0237
012580 0.6513 0.3249 0.0000 0.0237
012600 0.6513 0.3249 0.0000 0.0237
012620 0.6513 0.3249 0.0000 0.0237
012640 0.6513 0.3249 0.0000 0.0237
012660 0.6513 0.3249 0.0000 0.0237
012680 0.6513 0.3249 0.0000 0.0237
012700 0.6513 0.3249 0.0000 0.0237
012720 0.6513 0.3249 0.0000 0.0237
012740 0.6513 0.3249 0.0000 0.0237
012760 0.6513 0.3249 0.0000 0.0237
012780 0.6513 0.3249 0.0000 0.0237
012800 0.6513 0.3249 0.0000 0.0237
012820 0.6513 0.3249 0.0000 0.0237
012840 0.6513 0.3249 0.0000 0.0237
012860 0.6513 0.3249 0.0000 0.0237
012880 0.6513 0.3249 0.0000 0.0237
012900 0.6513 0.3249 0.0000 0.0237
012920 0.6513 0.3249 0.0000 0.0237
012940 0.6513 0.3249 0.0000 0.0237
012960 0.6513 0.3249 0.0000 0.0237
012980 0.6513 0.3249 0.0000 0.0237
013000 0.6513 0.3249 0.0000 0.0237
013020 0.6513 0.3249 0.0000 0.0237
013040 0.6513 0.3249 0.0000 0.0237
013060 0.6513 0.3249 0.0000 0.0237
013080 0.6513 0.3249 0.0000 0.0237
013100 0.6513 0.3249 0.0000 0.0237
013120 0.6513 0.3249 0.0000 0.0237
013140 0.6513 0.3249 0.0000 0.0237
013160 0.6513 0.3249 0.0000 0.0237
013180 0.6513 0.3249 0.0000 0.0237
013200 0.6513 0.3249 0.0000 0.0237
013220 0.6513 0.3249 0.0000 0.0237
013240 0.6513 0.3249 0.0000 0.0237
013260 0.6513 0.3249 0.0000 0.0237
013280 0.6513 0.3249 0.0000 0.0237
013300 0.6513 0.3249 0.0000 0.0237
013320 0.6513 0.3249 0.0000 0.0237
013340 0.6513 0.3249 0.0000 0.0237
013360 0.6513 0.3249 0.0000 0.0237
013380 0.6513 0.3249 0.0000 0.0237
013400 0.6513 0.3249 0.0000 0.0237
013420 0.6513 0.3249 0.0000 0.0237
013440 0.6513 0.3249 0.0000 0.0237
013460 0.6513 0.3249 0.0000 0.0237
013480 0.6513 0.3249 0.0000 0.0237
013500 0.6513 0.3249 0.0000 0.0237
013520 0.6513 0.3249 0.0000 0.0237
013540 0.6513 0.3249 0.0000 0.0237
013560 0.6513 0.3249 0.0000 0.0237
013580 0.6513 0.3249 0.0000 0.0237
013600 0.6513 0.3249 0.0000 0.0237
013620 0.6513 0.3249 0.0000 0.0237
013640 0.6513 0.3249 0.0000 0.0237
013660 0.6513 0.3249 0.0000 0.0237
013680 0.6513 0.3249 0.0000 0.0237
013700 0.6513 0.3249 0.0000 0.0237
013720 0.6513 0.3249 0.0000 0.0237
013740 0.6513 0.3249 0.0000 0.0237
013760 0.6513 0.3249 0.0000 0.0237
013780 0.6513 0.3249 0.0000 0.0237
013800 0.6513 0.3249 0.0000 0.0237
013820 0.6513 0.3249 0.0000 0.0237
013840 0.6513 0.3249 0.0000 0.0237
013860 0.6513 0.3249 0.0000 0.0237
013880 0.6513 0.3249 0.0000 0.0237
013900 0.6513 0.3249 0.0000 0.0237
013920 0.6513 0.3249 0.0000 0.0237
013940 0.6513 0.3249 0.0000 0.0237
013960 0.6513 0.3249 0.0000 0.0237
013980 0.6513 0.3249 0.0000 0.0237
014000 0.6513 0.3249 0.0000 0.0237
014020 0.6513 0.3249 0.0000 0.0237
014040 0.6513 0.3249 0.0000 0.0237
014060 0.6513 0.3249 0.0000 0.0237
014080 0.6513 0.3249 0.0000 0.0237
014100 0.6513 0.3249 0.0000 0.0237
014120 0.6513 0.3249 0.0000 0.0237
014140 0.6513 0.3249 0.0000 0.0237
014160 0.6513 0.3249 0.0000 0.0237
014180 0.6513 0.3249 0.0000 0.0237
014200 0.6513 0.3249 0.0000 0.0237
014220 0.6513 0.3249 0.0000 0.0237
014240 0.6513 0.3249 0.0000 0.0237
014260 0.6513 0.3249 0.0000 0.0237
014280 0.6513 0.3249 0.0000 0.0237
014300 0.6513 0.3249 0.0000 0.0237
014320 0.6513 0.3249 0.0000 0.0237
014340 0.6513 0.3249 0.0000 0.0237
014360 0.6513 0.3249 0.0000 0.0237
014380 0.6513 0.3249 0.0000 0.0237
014400 0.6513 0.3249 0.0000 0.0237
014420 0.6513 0.3249 0.0000 0.0237
014440 0.6513 0.3249 0.0000 0.0237
014460 0.6513 0.3249 0.0000 0.0237
014480 0.6513 0.3249 0.0000 0.0237
014500 0.6513 0.3249 0.0000 0.0237
014520 0.6513 0.3249 0.0000 0.0237
014540 0.6513 0.3249 0.0000 0.0237
014560 0.6513 0.3249 0.0000 0.0237
014580 0.6513 0.3249 0.0000 0.0237
014600 0.6513 0.3249 0.0000 0.0237
014620 0.6513 0.3249 0.0000 0.0237
014640 0.6513 0.3249 0.0000 0.0237
014660 0.6513 0.3249 0.0000 0.0237
014680 0.6513 0.3249 0.0000 0.0237
014700 0.6513 0.3249 0.0000 0.0237
014720 0.6513 0.3249 0.0000 0.0237
014740 0.6513 0.3249 0.0000 0.0237
014760 0.6513 0.3249 0.0000 0.0237
014780 0.6513 0.3249 0.0000 0.0237
014800 0.6513 0.3249 0.0000 0.0237
014820 0.6513 0.3249 0.0000 0.0237
014840 0.6513 0.3249 0.0000 0.0237
014860 0.6513 0.3249 0.0000 0.0237
014880 0.6513 0.3249 0.0000 0.0237
014900 0.6513 0.3249 0.0000 0.0237
014920 0.6513 0.3249 0.0000 0.0237
014940 0.6513 0.3249 0.0000 0.0237
014960 0.6513 0.3249 0.0000 0.0237
014980 0.6513 0.3249 0.0000 0.0237
015000 0.6513 0.3249 0.0000 0.0237
015020 0.6513 0.3249 0.0000 0.0237
015040 0.6513 0.3249 0.0000 0.0237
015060 0.6513 0.3249 0.0000 0.0237
015080 0.6513 0.3249 0.0000 0.0237
015100 0.6513 0.3249 0.0000 0.0237
015120 0.6513 0.3249 0.0000 0.0237
015140 0.6513 0.3249 0.0000 0.0237
015160 0.6513 0.3249 0.0000 0.0237
015180 0.6513 0.3249 0.0000 0.0237
015200 0.6513 0.3249 0.0000 0.0237
015220 0.6513 0.3249 0.0000 0.0237
015240 0.6513 0.3249 0.0000 0.0237
015260 0.6513 0.3249 0.0000 0.0237
015280 0.6513 0.3249 0.0000 0.0237
015300 0.6513 0.3249 0.0000 0.0237
015320 0.6513 0.3249 0.0000 0.0237
015340 0.6513 0.3249 0.0000 0.0237
015360 0.6513 0.3249 0.0000 0.0237
015380 0.6513 0.3249 0.0000 0.0237
015400 0.6513 0.3249 0.0000 0.0237
015420 0.6513 0.3249 0.0000 0.0237
015440 0.6513 0.3249 0.0000 0.0237
015460 0.6513 0.3249 0.0000 0.0237
015480 0.6513 0.3249 0.0000 0.0237
015500 0.6513 0.3249 0.0000 0.0237
015520 0.6513 0.3249 0.0000 0.0237
015540 0.6513 0.3249 0.0000 0.0237
015560 0.6513 0.3249 0.0000 0.0237
015580 0.6513 0.3249 0.0000 0.0237
015600 0.6513 0.3249 0.0000 0.0237
015620 0.6513 0.3249 0.0000 0.0237
015640 0.6513 0.3249 0.0000 0.0237
015660 0.6513 0.3249 0.0000 0.0237
015680 0.6513 0.3249 0.0000 0.0237
015700 0.6513 0.3249 0.0000 0.0237
015720 0.6513 0.3249 0.0000 0.0237
015740 0.6513 0.3249 0.0000 0.0237
015760 0.6513 0.3249 0.0000 0.0237
015780 0.6513 0.3249 0.0000 0.0237
015800 0.6513 0.3249 0.0000 0.0237
015820 0.6513 0.3249 0.0000 0.0237
015840 0.6513 0.3249 0.0000 0.0237
015860 0.6513 0.3249 0.0000 0.0237
015880 0.6513 0.3249 0.0000 0.0237
015900 0.6513 0.3249 0.0000 0.0237
015920 0.6513 0.3249 0.0000 0.0237
015940 0.6513 0.3249 0.0000 0.0237
015960 0.6513 0.3249 0.0000 0.0237
015980 0.6513 0.3249 0.0000 0.0237
016000 0.6513 0.3249 0.0000 0.0237
016020 0.6513 0.3249 0.0000 0.0237
016040 0.6513 0.3249 0.0000 0.0237
016060 0.6513 0.3249 0.0000 0.0237
016080 0.6513 0.3249 0.0000 0.0237
016100 0.6513 0.3249 0.0000 0.0237
016120 0.6513 0.3249 0.0000 0.0237
016140 0.6513 0.3249 0.0000 0.0237
016160 0.6513 0.3249 0.0000 0.0237
016180 0.6513 0.3249 0.0000 0.0237
016200 0.6513 0.3249 0.0000 0.0237
016220 0.6513 0.3249 0.0000 0.0237
016240 0.6513 0.3249 0.0000 0.0237
016260 0.6513 0.3249 0.0000 0.0237
016280 0.6513 0.3249 0.0000 0.0237
016300 0.6513 0.3249 0.0000 0.0237
016320 0.6513 0.3249 0.0000 0.0237
016340 0.6513 0.3249 0.0000 0.0237
016360 0.6513 0.3249 0.0000 0.0237
016380 0.6513 0.3249 0.0000 0.0237
016400 0.6513 0.3249 0.0000 0.0237
016420 0.6513 0.3249 0.0000 0.0237
016440 0.6513 0.3249 0.0000 0.0237
016460 0.6513 0.3249 0.0000 0.0237
016480 0.6513 0.3249 0.0000 0.0237
016500 0.6513 0.3249 0.0000 0.0237
016520 0.6513 0.3249 0.0000 0.0237
016540 0.6513 0.3249 0.0000 0.0237
016560 0.6513 0.3249 0.0000 0.0237
016580 0.6513 0.3249 0.0000 0.0237
016600 0.6513 0.3249 0.0000 0.0237
016620 0.6513 0.3249 0.0000 0.0237
016640 0.6513 0.3249 0.0000 0.0237
016660 0.6513 0.3249 0.0000 0.0237
016680 0.6513 0.3249 0.0000 0.0237
016700 0.6513 0.3249 0.0000 0.0237
016720 0.6513 0.3249 0.0000 0.0237
016740 0.6513 0.3249 0.0000 0.0237
016760 0.6513 0.3249 0.0000 0.0237
016780 0.6513 0.3249 0.0000 0.0237
016800 0.6513 0.3249 0.0000 0.0237
016820 0.6513 0.3249 0.0000 0.0237
016840 0.6513 0.3249 0.0000 0.0237
016860 0.6513 0.3249 0.0000 0.0237
016880 0.6513 0.3249 0.0000 0.0237
016900 0.6513 0.3249 0.0000 0.0237
016920 0.6513 0.3249 0.0000 0.0237
016940 0.6513 0.3249 0.0000 0.0237
016960 0.6513 0.3249 0.0000 0.0237
016980 0.6513 0.3249 0.0000 0.0237
017000 0.6513 0.3249 0.0000 0.0237
017020 0.6513 0.3249 0.0000 0.0237
017040 0.6513 0.3249 0.0000 0.0237
017060 0.6513 0.3249 0.0000 0.0237
017080 0.6513 0.3249 0.0000 0.0237
017100 0.6513 0.3249 0.0000 0.0237
017120 0.6513 0.3249 0.0000 0.0237
017140 0.6513 0.3249 0.0000 0.0237
017160 0.6513 0.3249 0.0000 0.0237
017180 0.6513 0.3249 0.0000 0.0237
017200 0.6513 0.3249 0.0000 0.0237
017220 0.6513 0.3249 0.0000 0.0237
017240 0.6513 0.3249 0.0000 0.0237
017260 0.6513 0.3249 0.0000 0.0237
017280 0.6513 0.3249 0.0000 0.0237
017300 0.6513 0.3249 0.0000 0.0237
017320 0.6513 0.3249 0.0000 0.0237
017340 0.6513 0.3249 0.0000 0.0237
017360 0.6513 0.3249 0.0000 0.0237
017380 0.6513 0.3249 0.0000 0.0237
017400 0.6513 0.3249 0.0000 0.0237
017420 0.6513 0.3249 0.0000 0.0237
017440 0.6513 0.3249 0.0000 0.0237
017460 0.6513 0.3249 0.0000 0.0237
017480 0.6513 0.3249 0.0000 0.0237
017500 0.6513 0.3249 0.0000 0.0237
017520 0.6513 0.3249 0.0000 0.0237
017540 0.6513 0.3249 0.0000 0.0237
017560 0.6513 0.3249 0.0000 0.0237
017580 0.6513 0.3249 0.0000 0.0237
017600 0.6513 0.3249 0.0000 0.0237
017620 0.6513 0.3249 0.0000 0.0237
017640 0.6513 0.3249 0.0000 0.0237
017660 0.6513 0.3249 0.0000 0.0237
017680 0.6513 0.3249 0.0000 0.0237
017700 0.6513 0.3249 0.0000 0.0237
017720 0.6513 0.3249 0.0000 0.0237
017740 0.6513 0.3249 0.0000 0.0237
017760 0.6513 0.3249 0.0000 0.0237
017780 0.6513 0.3249 0.0000 0.0237
017800 0.6513 0.3249 0.0000 0.0237
017820 0.6513 0.3249 0.0000 0.0237
017840 0.6513 0.3249 0.0000 0.0237
017860 0.6513 0.3249 0.0000 0.0237
017880 0.6513 0.3249 0.0000 0.0237
017900 0.6513 0.3249 0.0000 0.0237
017920 0.6513 0.3249 0.0000 0.0237
017940 0.6513 0.3249 0.0000 0.0237
017960 0.6513 0.3249 0.0000 0.0237
017980 0.6513 0.3249 0.0000 0.0237
018000 0.6513 0.3249 0.0000 0.0237
018020 0.6513 0.3249 0.0000 0.0237
018040 0.6513 0.3249 0.0000 0.0237
018060 0.6513 0.3249 0.0000 0.0237
018080 0.6513 0.3249 0.0000 0.0237
018100 0.6513 0.3249 0.0000 0.0237
018120 0.6513 0.3249 0.0000 0.0237
018140 0.6513 0.3249 0.0000 0.0237
018160 0.6513 0.3249 0.0000 0.0237
018180 0.6513 0.3249 0.0000 0.0237
018200 0.6513 0.3249 0.0000 0.0237
018220 0.6513 0.3249 0.0000 0.0237
018240 0.6513 0.3249 0.0000 0.0237
018260 0.6513 0.3249 0.0000 0.0237
018280 0.6513 0.3249 0.0000 0.0237
018300 0.6513 0.3249 0.0000 0.0237
018320 0.6513 0.3249 0.0000 0.0237
018340 0.6513 0.3249 0.0000 0.0237
018360 0.6513 0.3249 0.0000 0.0237
018380 0.6513 0.3249 0.0000 0.0237
018400 0.6513 0.3249 0.0000 0.0237
018420 0.6513 0.3249 0.0000 0.0237
018440 0.6513 0.3249 0.0000 0.0237
018460 0.6513 0.3249 0.0000 0.0237
018480 0.6513 0.3249 0.0000 0.0237
018500 0.6513 0.3249 0.0000 0.0237
018520 0.6513 0.3249 0.0000 0.0237
018540 0.6513 0.3249 0.0000 0.0237
018560 0.6513 0.3249 0.0000 0.0237
018580 0.6513 0.3249 0.0000 0.0237
018600 0.6513 0.3249 0.0000 0.0237
018620 0.6513 0.3249 0.0000 0.0237
018640 0.6513 0.3249 0.0000 0.0237
018660 0.6513 0.3249 0.0000 0.0237
018680 0.6513 0.3249 0.0000 0.0237
018700 0.6513 0.3249 0.0000 0.0237
018720 0.6513 0.3249 0.0000 0.0237
018740 0.6513 0.3249 0.0000 0.0237
018760 0.6513 0.3249 0.0000 0.0237
018780 0.6513 0.3249 0.0000 0.0237
018800 0.6513 0.3249 0.0000 0.0237
018820 0.6513 0.3249 0.0000 0.0237
018840 0.6513 0.3249 0.0000 0.0237
018860 0.6513 0.3249 0.0000 0.0237
018880 0.6513 0.3249 0.0000 0.0237
018900 0.6513 0.3249 0.0000 0.0237
018920 0.6513 0.3249 0.0000 0.0237
018940 0.6513 0.3249 0.0000 0.0237
018960 0.6513 0.3249 0.0000 0.0237
018980 0.6513 0.3249 0.0000 0.0237
019000 0.6513 0.3249 0.0000 0.0237
019020 0.6513 0.3249 0.0000 0.0237
019040 0.6513 0.3249 0.0000 0.0237
019060 0.6513 0.3249 0.0000 0.0237
019080 0.6513 0.3249 0.0000 0.0237
019100 0.6513 0.3249 0.0000 0.0237
019120 0.6513 0.3249 0.0000 0.0237
019140 0.6513 0.3249 0.0000 0.0237
019160 0.6513 0.3249 0.0000 0.0237
019180 0.6513 0.3249 0.0000 0.0237
019200 0.6513 0.3249 0.0000 0.0237
019220 0.6513 0.3249 0.0000 0.0237
019240 0.6513 0.3249 0.0000 0.0237
019260 0.6513 0.3249 0.0000 0.0237
019280 0.6513 0.3249 0.0000 0.0237
019300 0.6513 0.3249 0.0000 0.0237
019320 0.6513 0.3249 0.0000 0.0237
019340 0.6513 0.3249 0.0000 0.0237
019360 0.6513 0.3249 0.0000 0.0237
019380 0.6513 0.3249 0.0000 0.0237
019400 0.6513 0.3249 0.0000 0.0237
019420 0.6513 0.3249 0.0000 0.0237
019440 0.6513 0.3249 0.0000 0.0237
019460 0.6513 0.3249 0.0000 0.0237
019480 0.6513 0.3249 0.0000 0.0237
019500 0.6513 0.3249 0.0000 0.0237
019520 0.6513 0.3249 0.0000 0.0237
019540 0.6513 0.3249 0.0000 0.0237
019560 0.6513 0.3249 0.0000 0.0237
019580 0.6513 0.3249 0.0000 0.0237
019600 0.6513 0.3249 0.0000 0.0237
019620 0.6513 0.3249 0.0000 0.0237
019640 0.6513 0.3249 0.0000 0.0237
019660 0.6513 0.3249 0.0000 0.0237
019680 0.6513 0.3249 0.0000 0.0237
019700 0.6513 0.3249 0.0000 0.0237
019720 0.6513 0.3249 0.0000 0.0237
019740 0.6513 0.3249 0.0000 0.0237
019760 0.6513 0.3249 0.0000 0.0237
019780 0.6513 0.3249 0.0000 0.0237
019800 0.6513 0.3249 0.0000 0.0237
019820 0.6513 0.3249 0.0000 0.0237
019840 0.6513 0.3249 0.0000 0.0237
019860 0.6513 0.3249 0.0000 0.0237
019880 0.6513 0.3249 0.0000 0.0237
019900 0.6513 0.3249 0.0000 0.0237
019920 0.6513 0.3249 0.0000 0.0237
019940 0.6513 0.3249 0.0000 0.0237
019960 0.6513 0.3249 0.0000 0.0237
019980 0.6513 0.3249 0.0000 0.0237
020000 0.6513 0.3249 0.0000 0.0237
