000000 0.2500 0.2500 0.2500 0.2500
000020 0.2603 0.2591 0.2299 0.2507
000040 0.2728 0.2690 0.2080 0.2502
000060 0.2847 0.2794 0.1864 0.2495
000080 0.2957 0.2893 0.1663 0.2488
000100 0.3054 0.3001 0.1473 0.2472
000120 0.3141 0.3116 0.1293 0.2450
000140 0.3219 0.3238 0.1126 0.2417
000160 0.3287 0.3369 0.0966 0.2378
000180 0.3331 0.3519 0.0819 0.2331
000200 0.3353 0.3686 0.0683 0.2278
000220 0.3364 0.3858 0.0561 0.2217
000240 0.3364 0.4045 0.0451 0.2141
000260 0.3359 0.4228 0.0356 0.2058
000280 0.3349 0.4408 0.0271 0.1972
000300 0.3325 0.4608 0.0200 0.1867
000320 0.3278 0.4829 0.0141 0.1752
000340 0.3217 0.5052 0.0088 0.1643
000360 0.3142 0.5294 0.0048 0.1516
000380 0.3071 0.5517 0.0021 0.1391
000400 0.2993 0.5748 0.0005 0.1254
000420 0.2887 0.6002 0.0000 0.1112
000440 0.2790 0.6283 0.0000 0.0927
000460 0.2742 0.6514 0.0000 0.0744
000480 0.2726 0.6653 0.0000 0.0620
000500 0.2738 0.6751 0.0000 0.0511
000520 0.2774 0.6802 0.0000 0.0424
000540 0.2804 0.6833 0.0000 0.0363
000560 0.2827 0.6872 0.0000 0.0302
000580 0.2848 0.6884 0.0000 0.0268
000600 0.2880 0.6885 0.0000 0.0236
000620 0.2925 0.6859 0.0000 0.0217
000640 0.3002 0.6792 0.0000 0.0206
000660 0.3083 0.6712 0.0000 0.0205
000680 0.3150 0.6627 0.0000 0.0223
000700 0.3209 0.6571 0.0000 0.0220
000720 0.3297 0.6479 0.0000 0.0223
000740 0.3369 0.6395 0.0000 0.0236
000760 0.3382 0.6358 0.0000 0.0260
000780 0.3382 0.6356 0.0000 0.0263
000800 0.3412 0.6329 0.0000 0.0259
000820 0.3438 0.6299 0.0000 0.0264
000840 0.3486 0.6236 0.0000 0.0278
000860 0.3566 0.6166 0.0000 0.0268
000880 0.3669 0.6061 0.0000 0.0270
000900 0.3787 0.5943 0.0000 0.0270
000920 0.3855 0.5854 0.0000 0.0291
000940 0.3892 0.5813 0.0000 0.0295
000960 0.3957 0.5731 0.0000 0.0311
000980 0.4027 0.5680 0.0000 0.0293
001000 0.4101 0.5588 0.0000 0.0311
001020 0.4204 0.5486 0.0000 0.0310
001040 0.4261 0.5412 0.0000 0.0327
001060 0.4295 0.5356 0.0000 0.0349
001080 0.4298 0.5335 0.0000 0.0367
001100 0.4311 0.5331 0.0000 0.0358
001120 0.4338 0.5307 0.0000 0.0355
001140 0.4454 0.5205 0.0000 0.0342
001160 0.4610 0.5055 0.0000 0.0335
001180 0.4720 0.4917 0.0000 0.0362
001200 0.4759 0.4860 0.0000 0.0381
001220 0.4832 0.4795 0.0000 0.0373
001240 0.4886 0.4730 0.0000 0.0384
001260 0.4954 0.4673 0.0000 0.0373
001280 0.5043 0.4574 0.0000 0.0382
001300 0.5145 0.4465 0.0000 0.0389
001320 0.5296 0.4328 0.0000 0.0376
001340 0.5398 0.4214 0.0000 0.0388
001360 0.5420 0.4140 0.0000 0.0441
001380 0.5366 0.4164 0.0000 0.0469
001400 0.5356 0.4185 0.0000 0.0459
001420 0.5398 0.4153 0.0000 0.0448
001440 0.5431 0.4111 0.0000 0.0458
001460 0.5493 0.4070 0.0000 0.0437
001480 0.5599 0.3958 0.0000 0.0443
001500 0.5648 0.3891 0.0000 0.0461
001520 0.5714 0.3839 0.0000 0.0447
001540 0.5777 0.3760 0.0000 0.0464
001560 0.5851 0.3711 0.0000 0.0438
001580 0.6000 0.3568 0.0000 0.0431
001600 0.6058 0.3506 0.0000 0.0436
001620 0.6109 0.3436 0.0000 0.0455
001640 0.6046 0.3462 0.0000 0.0492
001660 0.5928 0.3563 0.0000 0.0509
001680 0.5823 0.3686 0.0000 0.0491
001700 0.5736 0.3766 0.0000 0.0497
001720 0.5747 0.3774 0.0000 0.0480
001740 0.5790 0.3733 0.0000 0.0477
001760 0.5847 0.3685 0.0000 0.0468
001780 0.5936 0.3622 0.0000 0.0441
001800 0.6021 0.3533 0.0000 0.0446
001820 0.6047 0.3496 0.0000 0.0457
001840 0.6036 0.3480 0.0000 0.0484
001860 0.6020 0.3472 0.0000 0.0508
001880 0.5957 0.3533 0.0000 0.0510
001900 0.5917 0.3607 0.0000 0.0476
001920 0.5908 0.3608 0.0000 0.0484
001940 0.5901 0.3635 0.0000 0.0465
001960 0.5974 0.3568 0.0000 0.0458
001980 0.5989 0.3512 0.0000 0.0499
002000 0.5921 0.3567 0.0000 0.0512
002020 0.5830 0.3670 0.0000 0.0500
002040 0.5796 0.3709 0.0000 0.0495
002060 0.5788 0.3700 0.0000 0.0511
002080 0.5808 0.3686 0.0000 0.0506
002100 0.5904 0.3626 0.0000 0.0470
002120 0.6000 0.3557 0.0000 0.0443
002140 0.6101 0.3467 0.0000 0.0432
002160 0.6171 0.3371 0.0000 0.0457
002180 0.6112 0.3376 0.0000 0.0512
002200 0.5971 0.3515 0.0000 0.0515
002220 0.5915 0.3596 0.0000 0.0489
002240 0.5874 0.3614 0.0000 0.0512
002260 0.5823 0.3668 0.0000 0.0509
002280 0.5764 0.3728 0.0000 0.0509
002300 0.5788 0.3729 0.0000 0.0483
002320 0.5879 0.3679 0.0000 0.0441
002340 0.5988 0.3559 0.0000 0.0453
002360 0.6068 0.3480 0.0000 0.0452
002380 0.6124 0.3417 0.0000 0.0460
002400 0.6134 0.3378 0.0000 0.0488
002420 0.6076 0.3420 0.0000 0.0505
002440 0.5995 0.3525 0.0000 0.0480
002460 0.5945 0.3569 0.0000 0.0486
002480 0.5904 0.3589 0.0000 0.0507
002500 0.5857 0.3642 0.0000 0.0501
002520 0.5890 0.3625 0.0000 0.0485
002540 0.5925 0.3619 0.0000 0.0456
002560 0.5988 0.3543 0.0000 0.0469
002580 0.6030 0.3494 0.0000 0.0476
002600 0.6041 0.3481 0.0000 0.0479
002620 0.6024 0.3487 0.0000 0.0489
002640 0.5975 0.3518 0.0000 0.0507
002660 0.5868 0.3618 0.0000 0.0514
002680 0.5811 0.3694 0.0000 0.0494
002700 0.5835 0.3701 0.0000 0.0464
002720 0.5911 0.3625 0.0000 0.0463
002740 0.5979 0.3540 0.0000 0.0481
002760 0.6018 0.3504 0.0000 0.0479
002780 0.5974 0.3529 0.0000 0.0497
002800 0.5918 0.3593 0.0000 0.0489
002820 0.5900 0.3609 0.0000 0.0491
002840 0.5863 0.3628 0.0000 0.0509
002860 0.5829 0.3659 0.0000 0.0513
002880 0.5820 0.3692 0.0000 0.0488
002900 0.5786 0.3706 0.0000 0.0508
002920 0.5824 0.3707 0.0000 0.0469
002940 0.5936 0.3617 0.0000 0.0447
002960 0.6090 0.3460 0.0000 0.0450
002980 0.6129 0.3393 0.0000 0.0478
003000 0.6120 0.3403 0.0000 0.0476
003020 0.6103 0.3425 0.0000 0.0472
003040 0.6044 0.3449 0.0000 0.0507
003060 0.5926 0.3545 0.0000 0.0530
003080 0.5857 0.3643 0.0000 0.0500
003100 0.5836 0.3657 0.0000 0.0508
003120 0.5803 0.3708 0.0000 0.0489
003140 0.5879 0.3655 0.0000 0.0466
003160 0.5941 0.3580 0.0000 0.0480
003180 0.5991 0.3536 0.0000 0.0472
003200 0.6014 0.3511 0.0000 0.0475
003220 0.6027 0.3508 0.0000 0.0465
003240 0.6036 0.3488 0.0000 0.0476
003260 0.6035 0.3474 0.0000 0.0491
003280 0.5981 0.3518 0.0000 0.0501
003300 0.5917 0.3582 0.0000 0.0501
003320 0.5817 0.3673 0.0000 0.0510
003340 0.5780 0.3728 0.0000 0.0492
003360 0.5826 0.3706 0.0000 0.0469
003380 0.5919 0.3631 0.0000 0.0450
003400 0.6006 0.3541 0.0000 0.0453
003420 0.6071 0.3465 0.0000 0.0464
003440 0.6113 0.3424 0.0000 0.0463
003460 0.6100 0.3435 0.0000 0.0465
003480 0.6017 0.3482 0.0000 0.0500
003500 0.5979 0.3535 0.0000 0.0487
003520 0.5946 0.3568 0.0000 0.0486
003540 0.5974 0.3567 0.0000 0.0458
003560 0.6041 0.3497 0.0000 0.0462
003580 0.6063 0.3463 0.0000 0.0473
003600 0.6062 0.3461 0.0000 0.0477
003620 0.5996 0.3500 0.0000 0.0505
003640 0.5925 0.3577 0.0000 0.0498
003660 0.5899 0.3611 0.0000 0.0490
003680 0.5898 0.3615 0.0000 0.0488
003700 0.5932 0.3602 0.0000 0.0467
003720 0.6050 0.3522 0.0000 0.0428
003740 0.6176 0.3383 0.0000 0.0441
003760 0.6152 0.3346 0.0000 0.0502
003780 0.6062 0.3439 0.0000 0.0499
003800 0.5950 0.3557 0.0000 0.0492
003820 0.5840 0.3667 0.0000 0.0493
003840 0.5798 0.3692 0.0000 0.0511
003860 0.5814 0.3702 0.0000 0.0484
003880 0.5859 0.3677 0.0000 0.0463
003900 0.5964 0.3581 0.0000 0.0456
003920 0.6016 0.3511 0.0000 0.0473
003940 0.6020 0.3501 0.0000 0.0479
003960 0.5964 0.3535 0.0000 0.0501
003980 0.5871 0.3608 0.0000 0.0521
004000 0.5792 0.3688 0.0000 0.0520
004020 0.5792 0.3722 0.0000 0.0485
004040 0.5874 0.3669 0.0000 0.0457
004060 0.6010 0.3549 0.0000 0.0440
004080 0.6137 0.3408 0.0000 0.0455
004100 0.6141 0.3372 0.0000 0.0487
004120 0.6037 0.3448 0.0000 0.0515
004140 0.5907 0.3572 0.0000 0.0521
004160 0.5821 0.3672 0.0000 0.0507
004180 0.5840 0.3682 0.0000 0.0478
004200 0.5877 0.3648 0.0000 0.0475
004220 0.5912 0.3606 0.0000 0.0482
004240 0.5926 0.3585 0.0000 0.0489
004260 0.5909 0.3589 0.0000 0.0503
004280 0.5942 0.3584 0.0000 0.0474
004300 0.6000 0.3536 0.0000 0.0464
004320 0.6021 0.3486 0.0000 0.0492
004340 0.5995 0.3511 0.0000 0.0495
004360 0.5942 0.3552 0.0000 0.0506
004380 0.5875 0.3628 0.0000 0.0497
004400 0.5891 0.3630 0.0000 0.0479
004420 0.5896 0.3613 0.0000 0.0491
004440 0.5898 0.3621 0.0000 0.0481
004460 0.5968 0.3590 0.0000 0.0442
004480 0.6072 0.3486 0.0000 0.0443
004500 0.6154 0.3398 0.0000 0.0449
004520 0.6180 0.3348 0.0000 0.0472
004540 0.6125 0.3389 0.0000 0.0486
004560 0.6069 0.3433 0.0000 0.0498
004580 0.5928 0.3551 0.0000 0.0521
004600 0.5815 0.3661 0.0000 0.0524
004620 0.5813 0.3718 0.0000 0.0470
004640 0.5885 0.3652 0.0000 0.0463
004660 0.5975 0.3582 0.0000 0.0443
004680 0.6039 0.3500 0.0000 0.0461
004700 0.6035 0.3453 0.0000 0.0512
004720 0.5922 0.3544 0.0000 0.0533
004740 0.5808 0.3655 0.0000 0.0537
004760 0.5766 0.3734 0.0000 0.0501
004780 0.5800 0.3734 0.0000 0.0466
004800 0.5924 0.3625 0.0000 0.0451
004820 0.5981 0.3563 0.0000 0.0455
004840 0.6033 0.3519 0.0000 0.0448
004860 0.6069 0.3450 0.0000 0.0481
004880 0.6080 0.3448 0.0000 0.0472
004900 0.6078 0.3446 0.0000 0.0476
004920 0.6060 0.3452 0.0000 0.0487
004940 0.6012 0.3509 0.0000 0.0479
004960 0.5967 0.3551 0.0000 0.0482
004980 0.5953 0.3551 0.0000 0.0495
005000 0.5936 0.3560 0.0000 0.0504
005020 0.5929 0.3586 0.0000 0.0485
005040 0.5942 0.3588 0.0000 0.0470
005060 0.5961 0.3567 0.0000 0.0472
005080 0.5952 0.3580 0.0000 0.0468
005100 0.5924 0.3591 0.0000 0.0485
005120 0.5919 0.3603 0.0000 0.0478
005140 0.5899 0.3612 0.0000 0.0489
005160 0.5872 0.3637 0.0000 0.0492
005180 0.5885 0.3636 0.0000 0.0478
005200 0.5948 0.3585 0.0000 0.0467
005220 0.5972 0.3544 0.0000 0.0484
005240 0.5977 0.3537 0.0000 0.0486
005260 0.5965 0.3542 0.0000 0.0494
005280 0.5878 0.3606 0.0000 0.0516
005300 0.5799 0.3688 0.0000 0.0512
005320 0.5774 0.3742 0.0000 0.0484
005340 0.5845 0.3694 0.0000 0.0461
005360 0.5930 0.3604 0.0000 0.0466
005380 0.5996 0.3548 0.0000 0.0456
005400 0.6046 0.3477 0.0000 0.0477
005420 0.6077 0.3454 0.0000 0.0469
005440 0.6065 0.3453 0.0000 0.0483
005460 0.6008 0.3491 0.0000 0.0501
005480 0.5923 0.3563 0.0000 0.0514
005500 0.5846 0.3638 0.0000 0.0516
005520 0.5857 0.3654 0.0000 0.0489
005540 0.5916 0.3634 0.0000 0.0450
005560 0.5989 0.3566 0.0000 0.0446
005580 0.5989 0.3519 0.0000 0.0492
005600 0.5954 0.3565 0.0000 0.0481
005620 0.5955 0.3574 0.0000 0.0470
005640 0.5959 0.3551 0.0000 0.0490
005660 0.5924 0.3585 0.0000 0.0491
005680 0.5920 0.3593 0.0000 0.0487
005700 0.5951 0.3586 0.0000 0.0463
005720 0.6000 0.3532 0.0000 0.0467
005740 0.6016 0.3519 0.0000 0.0465
005760 0.6027 0.3504 0.0000 0.0469
005780 0.6066 0.3476 0.0000 0.0458
005800 0.6064 0.3455 0.0000 0.0481
005820 0.5964 0.3511 0.0000 0.0525
005840 0.5834 0.3645 0.0000 0.0521
005860 0.5777 0.3722 0.0000 0.0501
005880 0.5770 0.3746 0.0000 0.0483
005900 0.5822 0.3715 0.0000 0.0463
005920 0.5934 0.3628 0.0000 0.0438
005940 0.6100 0.3478 0.0000 0.0422
005960 0.6209 0.3347 0.0000 0.0444
005980 0.6176 0.3356 0.0000 0.0468
006000 0.6079 0.3409 0.0000 0.0512
006020 0.5991 0.3513 0.0000 0.0495
006040 0.5928 0.3577 0.0000 0.0495
006060 0.5927 0.3582 0.0000 0.0491
006080 0.5939 0.3588 0.0000 0.0472
006100 0.5985 0.3540 0.0000 0.0475
006120 0.5973 0.3547 0.0000 0.0480
006140 0.5967 0.3536 0.0000 0.0497
006160 0.5925 0.3580 0.0000 0.0495
006180 0.5865 0.3625 0.0000 0.0510
006200 0.5784 0.3688 0.0000 0.0528
006220 0.5772 0.3749 0.0000 0.0479
006240 0.5864 0.3681 0.0000 0.0454
006260 0.5939 0.3595 0.0000 0.0466
006280 0.5965 0.3535 0.0000 0.0500
006300 0.5978 0.3544 0.0000 0.0478
006320 0.5984 0.3521 0.0000 0.0495
006340 0.5919 0.3573 0.0000 0.0508
006360 0.5895 0.3625 0.0000 0.0481
006380 0.5918 0.3604 0.0000 0.0478
006400 0.5996 0.3539 0.0000 0.0465
006420 0.6039 0.3485 0.0000 0.0476
006440 0.6032 0.3492 0.0000 0.0476
006460 0.6034 0.3475 0.0000 0.0491
006480 0.5937 0.3563 0.0000 0.0501
006500 0.5891 0.3610 0.0000 0.0499
006520 0.5817 0.3674 0.0000 0.0509
006540 0.5795 0.3713 0.0000 0.0492
006560 0.5888 0.3655 0.0000 0.0458
006580 0.5991 0.3558 0.0000 0.0452
006600 0.6035 0.3484 0.0000 0.0481
006620 0.6015 0.3500 0.0000 0.0485
006640 0.5999 0.3517 0.0000 0.0485
006660 0.5919 0.3585 0.0000 0.0496
006680 0.5840 0.3660 0.0000 0.0500
006700 0.5832 0.3681 0.0000 0.0487
006720 0.5849 0.3675 0.0000 0.0476
006740 0.5937 0.3605 0.0000 0.0458
006760 0.6016 0.3519 0.0000 0.0464
006780 0.6053 0.3481 0.0000 0.0467
006800 0.6065 0.3452 0.0000 0.0483
006820 0.5989 0.3497 0.0000 0.0514
006840 0.5889 0.3590 0.0000 0.0520
006860 0.5852 0.3658 0.0000 0.0490
006880 0.5885 0.3664 0.0000 0.0450
006900 0.5931 0.3595 0.0000 0.0474
006920 0.5943 0.3555 0.0000 0.0502
006940 0.5972 0.3552 0.0000 0.0476
006960 0.6035 0.3514 0.0000 0.0451
006980 0.6098 0.3447 0.0000 0.0455
007000 0.6105 0.3420 0.0000 0.0475
007020 0.6065 0.3456 0.0000 0.0479
007040 0.6002 0.3508 0.0000 0.0490
007060 0.5925 0.3561 0.0000 0.0513
007080 0.5828 0.3650 0.0000 0.0522
007100 0.5740 0.3741 0.0000 0.0519
007120 0.5804 0.3731 0.0000 0.0465
007140 0.5953 0.3606 0.0000 0.0441
007160 0.6078 0.3478 0.0000 0.0444
007180 0.6110 0.3412 0.0000 0.0478
007200 0.6041 0.3450 0.0000 0.0510
007220 0.5945 0.3551 0.0000 0.0504
007240 0.5876 0.3632 0.0000 0.0492
007260 0.5868 0.3652 0.0000 0.0480
007280 0.5886 0.3616 0.0000 0.0498
007300 0.5899 0.3600 0.0000 0.0501
007320 0.5944 0.3573 0.0000 0.0483
007340 0.5996 0.3534 0.0000 0.0470
007360 0.6019 0.3519 0.0000 0.0462
007380 0.6026 0.3512 0.0000 0.0462
007400 0.6028 0.3496 0.0000 0.0476
007420 0.6023 0.3495 0.0000 0.0482
007440 0.5990 0.3521 0.0000 0.0489
007460 0.5947 0.3561 0.0000 0.0492
007480 0.5950 0.3581 0.0000 0.0469
007500 0.5986 0.3545 0.0000 0.0469
007520 0.5988 0.3521 0.0000 0.0492
007540 0.5967 0.3548 0.0000 0.0485
007560 0.5919 0.3586 0.0000 0.0494
007580 0.5881 0.3629 0.0000 0.0490
007600 0.5931 0.3614 0.0000 0.0455
007620 0.6010 0.3533 0.0000 0.0457
007640 0.6074 0.3483 0.0000 0.0443
007660 0.6150 0.3404 0.0000 0.0446
007680 0.6196 0.3344 0.0000 0.0459
007700 0.6135 0.3377 0.0000 0.0488
007720 0.6004 0.3467 0.0000 0.0529
007740 0.5856 0.3594 0.0000 0.0550
007760 0.5797 0.3718 0.0000 0.0485
007780 0.5852 0.3676 0.0000 0.0472
007800 0.5909 0.3616 0.0000 0.0475
007820 0.5924 0.3589 0.0000 0.0488
007840 0.5907 0.3607 0.0000 0.0485
007860 0.5874 0.3637 0.0000 0.0490
007880 0.5863 0.3656 0.0000 0.0481
007900 0.5909 0.3613 0.0000 0.0477
007920 0.5971 0.3542 0.0000 0.0487
007940 0.5959 0.3550 0.0000 0.0490
007960 0.5891 0.3607 0.0000 0.0502
007980 0.5902 0.3630 0.0000 0.0468
008000 0.5966 0.3568 0.0000 0.0466
008020 0.6017 0.3515 0.0000 0.0468
008040 0.6102 0.3446 0.0000 0.0452
008060 0.6208 0.3342 0.0000 0.0449
008080 0.6196 0.3331 0.0000 0.0473
008100 0.6118 0.3380 0.0000 0.0502
008120 0.5987 0.3494 0.0000 0.0519
008140 0.5828 0.3663 0.0000 0.0510
008160 0.5754 0.3740 0.0000 0.0506
008180 0.5747 0.3756 0.0000 0.0497
008200 0.5811 0.3748 0.0000 0.0441
008220 0.5957 0.3625 0.0000 0.0418
008240 0.6091 0.3462 0.0000 0.0447
008260 0.6173 0.3345 0.0000 0.0482
008280 0.6154 0.3359 0.0000 0.0486
008300 0.6073 0.3441 0.0000 0.0486
008320 0.6019 0.3517 0.0000 0.0463
008340 0.6011 0.3494 0.0000 0.0496
008360 0.5990 0.3520 0.0000 0.0490
008380 0.5954 0.3542 0.0000 0.0504
008400 0.5937 0.3580 0.0000 0.0483
008420 0.5943 0.3585 0.0000 0.0471
008440 0.5985 0.3543 0.0000 0.0473
008460 0.6095 0.3475 0.0000 0.0430
008480 0.6169 0.3384 0.0000 0.0447
008500 0.6164 0.3353 0.0000 0.0482
008520 0.6094 0.3397 0.0000 0.0509
008540 0.5914 0.3545 0.0000 0.0542
008560 0.5723 0.3731 0.0000 0.0545
008580 0.5626 0.3868 0.0000 0.0506
008600 0.5709 0.3824 0.0000 0.0468
008620 0.5903 0.3657 0.0000 0.0441
008640 0.6050 0.3506 0.0000 0.0444
008660 0.6197 0.3376 0.0000 0.0427
008680 0.6255 0.3287 0.0000 0.0457
008700 0.6167 0.3335 0.0000 0.0497
008720 0.6058 0.3406 0.0000 0.0536
008740 0.5866 0.3560 0.0000 0.0574
008760 0.5702 0.3765 0.0000 0.0533
008780 0.5673 0.3846 0.0000 0.0481
008800 0.5778 0.3746 0.0000 0.0476
008820 0.5866 0.3651 0.0000 0.0483
008840 0.5927 0.3614 0.0000 0.0459
008860 0.6013 0.3539 0.0000 0.0448
008880 0.6064 0.3480 0.0000 0.0456
008900 0.6059 0.3469 0.0000 0.0473
008920 0.6048 0.3466 0.0000 0.0486
008940 0.6025 0.3469 0.0000 0.0506
008960 0.5919 0.3560 0.0000 0.0521
008980 0.5828 0.3667 0.0000 0.0504
009000 0.5796 0.3719 0.0000 0.0486
009020 0.5879 0.3671 0.0000 0.0450
009040 0.6027 0.3539 0.0000 0.0434
009060 0.6187 0.3391 0.0000 0.0421
009080 0.6237 0.3293 0.0000 0.0470
009100 0.6182 0.3319 0.0000 0.0499
009120 0.6030 0.3436 0.0000 0.0534
009140 0.5892 0.3591 0.0000 0.0517
009160 0.5792 0.3709 0.0000 0.0499
009180 0.5841 0.3692 0.0000 0.0467
009200 0.5913 0.3617 0.0000 0.0470
009220 0.5991 0.3541 0.0000 0.0468
009240 0.6039 0.3497 0.0000 0.0463
009260 0.6084 0.3452 0.0000 0.0464
009280 0.6065 0.3439 0.0000 0.0496
009300 0.5979 0.3498 0.0000 0.0523
009320 0.5891 0.3610 0.0000 0.0499
009340 0.5836 0.3657 0.0000 0.0508
009360 0.5805 0.3690 0.0000 0.0505
009380 0.5845 0.3690 0.0000 0.0466
009400 0.5979 0.3576 0.0000 0.0445
009420 0.6084 0.3453 0.0000 0.0463
009440 0.6080 0.3435 0.0000 0.0485
009460 0.5996 0.3479 0.0000 0.0525
009480 0.5894 0.3582 0.0000 0.0524
009500 0.5802 0.3683 0.0000 0.0515
009520 0.5747 0.3756 0.0000 0.0497
009540 0.5813 0.3740 0.0000 0.0447
009560 0.5983 0.3601 0.0000 0.0417
009580 0.6166 0.3415 0.0000 0.0419
009600 0.6243 0.3310 0.0000 0.0446
009620 0.6230 0.3283 0.0000 0.0487
009640 0.6094 0.3390 0.0000 0.0517
009660 0.5924 0.3568 0.0000 0.0508
009680 0.5841 0.3657 0.0000 0.0502
009700 0.5777 0.3714 0.0000 0.0509
009720 0.5786 0.3740 0.0000 0.0474
009740 0.5931 0.3611 0.0000 0.0458
009760 0.6008 0.3522 0.0000 0.0470
009780 0.6047 0.3490 0.0000 0.0463
009800 0.6113 0.3461 0.0000 0.0426
009820 0.6180 0.3365 0.0000 0.0456
009840 0.6169 0.3346 0.0000 0.0484
009860 0.6131 0.3369 0.0000 0.0500
009880 0.6048 0.3427 0.0000 0.0524
009900 0.5921 0.3558 0.0000 0.0520
009920 0.5807 0.3684 0.0000 0.0508
009940 0.5753 0.3773 0.0000 0.0474
009960 0.5778 0.3751 0.0000 0.0470
009980 0.5830 0.3697 0.0000 0.0472
010000 0.5936 0.3594 0.0000 0.0470
010020 0.6028 0.3516 0.0000 0.0456
010040 0.6087 0.3447 0.0000 0.0466
010060 0.6143 0.3427 0.0000 0.0430
010080 0.6177 0.3363 0.0000 0.0460
010100 0.6108 0.3401 0.0000 0.0491
010120 0.6108 0.3401 0.0000 0.0491
010140 0.6108 0.3401 0.0000 0.0491
010160 0.6108 0.3401 0.0000 0.0491
010180 0.6108 0.3401 0.0000 0.0491
010200 0.6108 0.3401 0.0000 0.0491
010220 0.6108 0.3401 0.0000 0.0491
010240 0.6108 0.3401 0.0000 0.0491
010260 0.6108 0.3401 0.0000 0.0491
010280 0.6108 0.3401 0.0000 0.0491
010300 0.6108 0.3401 0.0000 0.0491
010320 0.6108 0.3401 0.0000 0.0491
010340 0.6108 0.3401 0.0000 0.0491
010360 0.6108 0.3401 0.0000 0.0491
010380 0.6108 0.3401 0.0000 0.0491
010400 0.6108 0.3401 0.0000 0.0491
010420 0.6108 0.3401 0.0000 0.0491
010440 0.6108 0.3401 0.0000 0.0491
010460 0.6108 0.3401 0.0000 0.0491
010480 0.6108 0.3401 0.0000 0.0491
010500 0.6108 0.3401 0.0000 0.0491
010520 0.6108 0.3401 0.0000 0.0491
010540 0.6108 0.3401 0.0000 0.0491
010560 0.6108 0.3401 0.0000 0.0491
010580 0.6108 0.3401 0.0000 0.0491
010600 0.6108 0.3401 0.0000 0.0491
010620 0.6108 0.3401 0.0000 0.0491
010640 0.6108 0.3401 0.0000 0.0491
010660 0.6108 0.3401 0.0000 0.0491
010680 0.6108 0.3401 0.0000 0.0491
010700 0.6108 0.3401 0.0000 0.0491
010720 0.6108 0.3401 0.0000 0.0491
010740 0.6108 0.3401 0.0000 0.0491
010760 0.6108 0.3401 0.0000 0.0491
010780 0.6108 0.3401 0.0000 0.0491
010800 0.6108 0.3401 0.0000 0.0491
010820 0.6108 0.3401 0.0000 0.0491
010840 0.6108 0.3401 0.0000 0.0491
010860 0.6108 0.3401 0.0000 0.0491
010880 0.6108 0.3401 0.0000 0.0491
010900 0.6108 0.3401 0.0000 0.0491
010920 0.6108 0.3401 0.0000 0.0491
010940 0.6108 0.3401 0.0000 0.0491
010960 0.6108 0.3401 0.0000 0.0491
010980 0.6108 0.3401 0.0000 0.0491
011000 0.6108 0.3401 0.0000 0.0491
011020 0.6108 0.3401 0.0000 0.0491
011040 0.6108 0.3401 0.0000 0.0491
011060 0.6108 0.3401 0.0000 0.0491
011080 0.6108 0.3401 0.0000 0.0491
011100 0.6108 0.3401 0.0000 0.0491
011120 0.6108 0.3401 0.0000 0.0491
011140 0.6108 0.3401 0.0000 0.0491
011160 0.6108 0.3401 0.0000 0.0491
011180 0.6108 0.3401 0.0000 0.0491
011200 0.6108 0.3401 0.0000 0.0491
011220 0.6108 0.3401 0.0000 0.0491
011240 0.6108 0.3401 0.0000 0.0491
011260 0.6108 0.3401 0.0000 0.0491
011280 0.6108 0.3401 0.0000 0.0491
011300 0.6108 0.3401 0.0000 0.0491
011320 0.6108 0.3401 0.0000 0.0491
011340 0.6108 0.3401 0.0000 0.0491
011360 0.6108 0.3401 0.0000 0.0491
011380 0.6108 0.3401 0.0000 0.0491
011400 0.6108 0.3401 0.0000 0.0491
011420 0.6108 0.3401 0.0000 0.0491
011440 0.6108 0.3401 0.0000 0.0491
011460 0.6108 0.3401 0.0000 0.0491
011480 0.6108 0.3401 0.0000 0.0491
011500 0.6108 0.3401 0.0000 0.0491
011520 0.6108 0.3401 0.0000 0.0491
011540 0.6108 0.3401 0.0000 0.0491
011560 0.6108 0.3401 0.0000 0.0491
011580 0.6108 0.3401 0.0000 0.0491
011600 0.6108 0.3401 0.0000 0.0491
011620 0.6108 0.3401 0.0000 0.0491
011640 0.6108 0.3401 0.0000 0.0491
011660 0.6108 0.3401 0.0000 0.0491
011680 0.6108 0.3401 0.0000 0.0491
011700 0.6108 0.3401 0.0000 0.0491
011720 0.6108 0.3401 0.0000 0.0491
011740 0.6108 0.3401 0.0000 0.0491
011760 0.6108 0.3401 0.0000 0.0491
011780 0.6108 0.3401 0.0000 0.0491
011800 0.6108 0.3401 0.0000 0.0491
011820 0.6108 0.3401 0.0000 0.0491
011840 0.6108 0.3401 0.0000 0.0491
011860 0.6108 0.3401 0.0000 0.0491
011880 0.6108 0.3401 0.0000 0.0491
011900 0.6108 0.3401 0.0000 0.0491
011920 0.6108 0.3401 0.0000 0.0491
011940 0.6108 0.3401 0.0000 0.0491
011960 0.6108 0.3401 0.0000 0.0491
011980 0.6108 0.3401 0.0000 0.0491
012000 0.6108 0.3401 0.0000 0.0491
012020 0.6108 0.3401 0.0000 0.0491
012040 0.6108 0.3401 0.0000 0.0491
012060 0.6108 0.3401 0.0000 0.0491
012080 0.6108 0.3401 0.0000 0.0491
012100 0.6108 0.3401 0.0000 0.0491
012120 0.6108 0.3401 0.0000 0.0491
012140 0.6108 0.3401 0.0000 0.0491
012160 0.6108 0.3401 0.0000 0.0491
012180 0.6108 0.3401 0.0000 0.0491
012200 0.6108 0.3401 0.0000 0.0491
012220 0.6108 0.3401 0.0000 0.0491
012240 0.6108 0.3401 0.0000 0.0491
012260 0.6108 0.3401 0.0000 0.0491
012280 0.6108 0.3401 0.0000 0.0491
012300 0.6108 0.3401 0.0000 0.0491
012320 0.6108 0.3401 0.0000 0.0491
012340 0.6108 0.3401 0.0000 0.0491
012360 0.6108 0.3401 0.0000 0.0491
012380 0.6108 0.3401 0.0000 0.0491
012400 0.6108 0.3401 0.0000 0.0491
012420 0.6108 0.3401 0.0000 0.0491
012440 0.6108 0.3401 0.0000 0.0491
012460 0.6108 0.3401 0.0000 0.0491
012480 0.6108 0.3401 0.0000 0.0491
012500 0.6108 0.3401 0.0000 0.0491
012520 0.6108 0.3401 0.0000 0.0491
012540 0.6108 0.3401 0.0000 0.0491
012560 0.6108 0.3401 0.0000 0.0491
012580 0.6108 0.3401 0.0000 0.0491
012600 0.6108 0.3401 0.0000 0.0491
012620 0.6108 0.3401 0.0000 0.0491
012640 0.6108 0.3401 0.0000 0.0491
012660 0.6108 0.3401 0.0000 0.0491
012680 0.6108 0.3401 0.0000 0.0491
012700 0.6108 0.3401 0.0000 0.0491
012720 0.6108 0.3401 0.0000 0.0491
012740 0.6108 0.3401 0.0000 0.0491
012760 0.6108 0.3401 0.0000 0.0491
012780 0.6108 0.3401 0.0000 0.0491
012800 0.6108 0.3401 0.0000 0.0491
012820 0.6108 0.3401 0.0000 0.0491
012840 0.6108 0.3401 0.0000 0.0491
012860 0.6108 0.3401 0.0000 0.0491
012880 0.6108 0.3401 0.0000 0.0491
012900 0.6108 0.3401 0.0000 0.0491
012920 0.6108 0.3401 0.0000 0.0491
012940 0.6108 0.3401 0.0000 0.0491
012960 0.6108 0.3401 0.0000 0.0491
012980 0.6108 0.3401 0.0000 0.0491
013000 0.6108 0.3401 0.0000 0.0491
013020 0.6108 0.3401 0.0000 0.0491
013040 0.6108 0.3401 0.0000 0.0491
013060 0.6108 0.3401 0.0000 0.0491
013080 0.6108 0.3401 0.0000 0.0491
013100 0.6108 0.3401 0.0000 0.0491
013120 0.6108 0.3401 0.0000 0.0491
013140 0.6108 0.3401 0.0000 0.0491
013160 0.6108 0.3401 0.0000 0.0491
013180 0.6108 0.3401 0.0000 0.0491
013200 0.6108 0.3401 0.0000 0.0491
013220 0.6108 0.3401 0.0000 0.0491
013240 0.6108 0.3401 0.0000 0.0491
013260 0.6108 0.3401 0.0000 0.0491
013280 0.6108 0.3401 0.0000 0.0491
013300 0.6108 0.3401 0.0000 0.0491
013320 0.6108 0.3401 0.0000 0.0491
013340 0.6108 0.3401 0.0000 0.0491
013360 0.6108 0.3401 0.0000 0.0491
013380 0.6108 0.3401 0.0000 0.0491
013400 0.6108 0.3401 0.0000 0.0491
013420 0.6108 0.3401 0.0000 0.0491
013440 0.6108 0.3401 0.0000 0.0491
013460 0.6108 0.3401 0.0000 0.0491
013480 0.6108 0.3401 0.0000 0.0491
013500 0.6108 0.3401 0.0000 0.0491
013520 0.6108 0.3401 0.0000 0.0491
013540 0.6108 0.3401 0.0000 0.0491
013560 0.6108 0.3401 0.0000 0.0491
013580 0.6108 0.3401 0.0000 0.0491
013600 0.6108 0.3401 0.0000 0.0491
013620 0.6108 0.3401 0.0000 0.0491
013640 0.6108 0.3401 0.0000 0.0491
013660 0.6108 0.3401 0.0000 0.0491
013680 0.6108 0.3401 0.0000 0.0491
013700 0.6108 0.3401 0.0000 0.0491
013720 0.6108 0.3401 0.0000 0.0491
013740 0.6108 0.3401 0.0000 0.0491
013760 0.6108 0.3401 0.0000 0.0491
013780 0.6108 0.3401 0.0000 0.0491
013800 0.6108 0.3401 0.0000 0.0491
013820 0.6108 0.3401 0.0000 0.0491
013840 0.6108 0.3401 0.0000 0.0491
013860 0.6108 0.3401 0.0000 0.0491
013880 0.6108 0.3401 0.0000 0.0491
013900 0.6108 0.3401 0.0000 0.0491
013920 0.6108 0.3401 0.0000 0.0491
013940 0.6108 0.3401 0.0000 0.0491
013960 0.6108 0.3401 0.0000 0.0491
013980 0.6108 0.3401 0.0000 0.0491
014000 0.6108 0.3401 0.0000 0.0491
014020 0.6108 0.3401 0.0000 0.0491
014040 0.6108 0.3401 0.0000 0.0491
014060 0.6108 0.3401 0.0000 0.0491
014080 0.6108 0.3401 0.0000 0.0491
014100 0.6108 0.3401 0.0000 0.0491
014120 0.6108 0.3401 0.0000 0.0491
014140 0.6108 0.3401 0.0000 0.0491
014160 0.6108 0.3401 0.0000 0.0491
014180 0.6108 0.3401 0.0000 0.0491
014200 0.6108 0.3401 0.0000 0.0491
014220 0.6108 0.3401 0.0000 0.0491
014240 0.6108 0.3401 0.0000 0.0491
014260 0.6108 0.3401 0.0000 0.0491
014280 0.6108 0.3401 0.0000 0.0491
014300 0.6108 0.3401 0.0000 0.0491
014320 0.6108 0.3401 0.0000 0.0491
014340 0.6108 0.3401 0.0000 0.0491
014360 0.6108 0.3401 0.0000 0.0491
014380 0.6108 0.3401 0.0000 0.0491
014400 0.6108 0.3401 0.0000 0.0491
014420 0.6108 0.3401 0.0000 0.0491
014440 0.6108 0.3401 0.0000 0.0491
014460 0.6108 0.3401 0.0000 0.0491
014480 0.6108 0.3401 0.0000 0.0491
014500 0.6108 0.3401 0.0000 0.0491
014520 0.6108 0.3401 0.0000 0.0491
014540 0.6108 0.3401 0.0000 0.0491
014560 0.6108 0.3401 0.0000 0.0491
014580 0.6108 0.3401 0.0000 0.0491
014600 0.6108 0.3401 0.0000 0.0491
014620 0.6108 0.3401 0.0000 0.0491
014640 0.6108 0.3401 0.0000 0.0491
014660 0.6108 0.3401 0.0000 0.0491
014680 0.6108 0.3401 0.0000 0.0491
014700 0.6108 0.3401 0.0000 0.0491
014720 0.6108 0.3401 0.0000 0.0491
014740 0.6108 0.3401 0.0000 0.0491
014760 0.6108 0.3401 0.0000 0.0491
014780 0.6108 0.3401 0.0000 0.0491
014800 0.6108 0.3401 0.0000 0.0491
014820 0.6108 0.3401 0.0000 0.0491
014840 0.6108 0.3401 0.0000 0.0491
014860 0.6108 0.3401 0.0000 0.0491
014880 0.6108 0.3401 0.0000 0.0491
014900 0.6108 0.3401 0.0000 0.0491
014920 0.6108 0.3401 0.0000 0.0491
014940 0.6108 0.3401 0.0000 0.0491
014960 0.6108 0.3401 0.0000 0.0491
014980 0.6108 0.3401 0.0000 0.0491
015000 0.6108 0.3401 0.0000 0.0491
015020 0.6108 0.3401 0.0000 0.0491
015040 0.6108 0.3401 0.0000 0.0491
015060 0.6108 0.3401 0.0000 0.0491
015080 0.6108 0.3401 0.0000 0.0491
015100 0.6108 0.3401 0.0000 0.0491
015120 0.6108 0.3401 0.0000 0.0491
015140 0.6108 0.3401 0.0000 0.0491
015160 0.6108 0.3401 0.0000 0.0491
015180 0.6108 0.3401 0.0000 0.0491
015200 0.6108 0.3401 0.0000 0.0491
015220 0.6108 0.3401 0.0000 0.0491
015240 0.6108 0.3401 0.0000 0.0491
015260 0.6108 0.3401 0.0000 0.0491
015280 0.6108 0.3401 0.0000 0.0491
015300 0.6108 0.3401 0.0000 0.0491
015320 0.6108 0.3401 0.0000 0.0491
015340 0.6108 0.3401 0.0000 0.0491
015360 0.6108 0.3401 0.0000 0.0491
015380 0.6108 0.3401 0.0000 0.0491
015400 0.6108 0.3401 0.0000 0.0491
015420 0.6108 0.3401 0.0000 0.0491
015440 0.6108 0.3401 0.0000 0.0491
015460 0.6108 0.3401 0.0000 0.0491
015480 0.6108 0.3401 0.0000 0.0491
015500 0.6108 0.3401 0.0000 0.0491
015520 0.6108 0.3401 0.0000 0.0491
015540 0.6108 0.3401 0.0000 0.0491
015560 0.6108 0.3401 0.0000 0.0491
015580 0.6108 0.3401 0.0000 0.0491
015600 0.6108 0.3401 0.0000 0.0491
015620 0.6108 0.3401 0.0000 0.0491
015640 0.6108 0.3401 0.0000 0.0491
015660 0.6108 0.3401 0.0000 0.0491
015680 0.6108 0.3401 0.0000 0.0491
015700 0.6108 0.3401 0.0000 0.0491
015720 0.6108 0.3401 0.0000 0.0491
015740 0.6108 0.3401 0.0000 0.0491
015760 0.6108 0.3401 0.0000 0.0491
015780 0.6108 0.3401 0.0000 0.0491
015800 0.6108 0.3401 0.0000 0.0491
015820 0.6108 0.3401 0.0000 0.0491
015840 0.6108 0.3401 0.0000 0.0491
015860 0.6108 0.3401 0.0000 0.0491
015880 0.6108 0.3401 0.0000 0.0491
015900 0.6108 0.3401 0.0000 0.0491
015920 0.6108 0.3401 0.0000 0.0491
015940 0.6108 0.3401 0.0000 0.0491
015960 0.6108 0.3401 0.0000 0.0491
015980 0.6108 0.3401 0.0000 0.0491
016000 0.6108 0.3401 0.0000 0.0491
016020 0.6108 0.3401 0.0000 0.0491
016040 0.6108 0.3401 0.0000 0.0491
016060 0.6108 0.3401 0.0000 0.0491
016080 0.6108 0.3401 0.0000 0.0491
016100 0.6108 0.3401 0.0000 0.0491
016120 0.6108 0.3401 0.0000 0.0491
016140 0.6108 0.3401 0.0000 0.0491
016160 0.6108 0.3401 0.0000 0.0491
016180 0.6108 0.3401 0.0000 0.0491
016200 0.6108 0.3401 0.0000 0.0491
016220 0.6108 0.3401 0.0000 0.0491
016240 0.6108 0.3401 0.0000 0.0491
016260 0.6108 0.3401 0.0000 0.0491
016280 0.6108 0.3401 0.0000 0.0491
016300 0.6108 0.3401 0.0000 0.0491
016320 0.6108 0.3401 0.0000 0.0491
016340 0.6108 0.3401 0.0000 0.0491
016360 0.6108 0.3401 0.0000 0.0491
016380 0.6108 0.3401 0.0000 0.0491
016400 0.6108 0.3401 0.0000 0.0491
016420 0.6108 0.3401 0.0000 0.0491
016440 0.6108 0.3401 0.0000 0.0491
016460 0.6108 0.3401 0.0000 0.0491
016480 0.6108 0.3401 0.0000 0.0491
016500 0.6108 0.3401 0.0000 0.0491
016520 0.6108 0.3401 0.0000 0.0491
016540 0.6108 0.3401 0.0000 0.0491
016560 0.6108 0.3401 0.0000 0.0491
016580 0.6108 0.3401 0.0000 0.0491
016600 0.6108 0.3401 0.0000 0.0491
016620 0.6108 0.3401 0.0000 0.0491
016640 0.6108 0.3401 0.0000 0.0491
016660 0.6108 0.3401 0.0000 0.0491
016680 0.6108 0.3401 0.0000 0.0491
016700 0.6108 0.3401 0.0000 0.0491
016720 0.6108 0.3401 0.0000 0.0491
016740 0.6108 0.3401 0.0000 0.0491
016760 0.6108 0.3401 0.0000 0.0491
016780 0.6108 0.3401 0.0000 0.0491
016800 0.6108 0.3401 0.0000 0.0491
016820 0.6108 0.3401 0.0000 0.0491
016840 0.6108 0.3401 0.0000 0.0491
016860 0.6108 0.3401 0.0000 0.0491
016880 0.6108 0.3401 0.0000 0.0491
016900 0.6108 0.3401 0.0000 0.0491
016920 0.6108 0.3401 0.0000 0.0491
016940 0.6108 0.3401 0.0000 0.0491
016960 0.6108 0.3401 0.0000 0.0491
016980 0.6108 0.3401 0.0000 0.0491
017000 0.6108 0.3401 0.0000 0.0491
017020 0.6108 0.3401 0.0000 0.0491
017040 0.6108 0.3401 0.0000 0.0491
017060 0.6108 0.3401 0.0000 0.0491
017080 0.6108 0.3401 0.0000 0.0491
017100 0.6108 0.3401 0.0000 0.0491
017120 0.6108 0.3401 0.0000 0.0491
017140 0.6108 0.3401 0.0000 0.0491
017160 0.6108 0.3401 0.0000 0.0491
017180 0.6108 0.3401 0.0000 0.0491
017200 0.6108 0.3401 0.0000 0.0491
017220 0.6108 0.3401 0.0000 0.0491
017240 0.6108 0.3401 0.0000 0.0491
017260 0.6108 0.3401 0.0000 0.0491
017280 0.6108 0.3401 0.0000 0.0491
017300 0.6108 0.3401 0.0000 0.0491
017320 0.6108 0.3401 0.0000 0.0491
017340 0.6108 0.3401 0.0000 0.0491
017360 0.6108 0.3401 0.0000 0.0491
017380 0.6108 0.3401 0.0000 0.0491
017400 0.6108 0.3401 0.0000 0.0491
017420 0.6108 0.3401 0.0000 0.0491
017440 0.6108 0.3401 0.0000 0.0491
017460 0.6108 0.3401 0.0000 0.0491
017480 0.6108 0.3401 0.0000 0.0491
017500 0.6108 0.3401 0.0000 0.0491
017520 0.6108 0.3401 0.0000 0.0491
017540 0.6108 0.3401 0.0000 0.0491
017560 0.6108 0.3401 0.0000 0.0491
017580 0.6108 0.3401 0.0000 0.0491
017600 0.6108 0.3401 0.0000 0.0491
017620 0.6108 0.3401 0.0000 0.0491
017640 0.6108 0.3401 0.0000 0.0491
017660 0.6108 0.3401 0.0000 0.0491
017680 0.6108 0.3401 0.0000 0.0491
017700 0.6108 0.3401 0.0000 0.0491
017720 0.6108 0.3401 0.0000 0.0491
017740 0.6108 0.3401 0.0000 0.0491
017760 0.6108 0.3401 0.0000 0.0491
017780 0.6108 0.3401 0.0000 0.0491
017800 0.6108 0.3401 0.0000 0.0491
017820 0.6108 0.3401 0.0000 0.0491
017840 0.6108 0.3401 0.0000 0.0491
017860 0.6108 0.3401 0.0000 0.0491
017880 0.6108 0.3401 0.0000 0.0491
017900 0.6108 0.3401 0.0000 0.0491
017920 0.6108 0.3401 0.0000 0.0491
017940 0.6108 0.3401 0.0000 0.0491
017960 0.6108 0.3401 0.0000 0.0491
017980 0.6108 0.3401 0.0000 0.0491
018000 0.6108 0.3401 0.0000 0.0491
018020 0.6108 0.3401 0.0000 0.0491
018040 0.6108 0.3401 0.0000 0.0491
018060 0.6108 0.3401 0.0000 0.0491
018080 0.6108 0.3401 0.0000 0.0491
018100 0.6108 0.3401 0.0000 0.0491
018120 0.6108 0.3401 0.0000 0.0491
018140 0.6108 0.3401 0.0000 0.0491
018160 0.6108 0.3401 0.0000 0.0491
018180 0.6108 0.3401 0.0000 0.0491
018200 0.6108 0.3401 0.0000 0.0491
018220 0.6108 0.3401 0.0000 0.0491
018240 0.6108 0.3401 0.0000 0.0491
018260 0.6108 0.3401 0.0000 0.0491
018280 0.6108 0.3401 0.0000 0.0491
018300 0.6108 0.3401 0.0000 0.0491
018320 0.6108 0.3401 0.0000 0.0491
018340 0.6108 0.3401 0.0000 0.0491
018360 0.6108 0.3401 0.0000 0.0491
018380 0.6108 0.3401 0.0000 0.0491
018400 0.6108 0.3401 0.0000 0.0491
018420 0.6108 0.3401 0.0000 0.0491
018440 0.6108 0.3401 0.0000 0.0491
018460 0.6108 0.3401 0.0000 0.0491
018480 0.6108 0.3401 0.0000 0.0491
018500 0.6108 0.3401 0.0000 0.0491
018520 0.6108 0.3401 0.0000 0.0491
018540 0.6108 0.3401 0.0000 0.0491
018560 0.6108 0.3401 0.0000 0.0491
018580 0.6108 0.3401 0.0000 0.0491
018600 0.6108 0.3401 0.0000 0.0491
018620 0.6108 0.3401 0.0000 0.0491
018640 0.6108 0.3401 0.0000 0.0491
018660 0.6108 0.3401 0.0000 0.0491
018680 0.6108 0.3401 0.0000 0.0491
018700 0.6108 0.3401 0.0000 0.0491
018720 0.6108 0.3401 0.0000 0.0491
018740 0.6108 0.3401 0.0000 0.0491
018760 0.6108 0.3401 0.0000 0.0491
018780 0.6108 0.3401 0.0000 0.0491
018800 0.6108 0.3401 0.0000 0.0491
018820 0.6108 0.3401 0.0000 0.0491
018840 0.6108 0.3401 0.0000 0.0491
018860 0.6108 0.3401 0.0000 0.0491
018880 0.6108 0.3401 0.0000 0.0491
018900 0.6108 0.3401 0.0000 0.0491
018920 0.6108 0.3401 0.0000 0.0491
018940 0.6108 0.3401 0.0000 0.0491
018960 0.6108 0.3401 0.0000 0.0491
018980 0.6108 0.3401 0.0000 0.0491
019000 0.6108 0.3401 0.0000 0.0491
019020 0.6108 0.3401 0.0000 0.0491
019040 0.6108 0.3401 0.0000 0.0491
019060 0.6108 0.3401 0.0000 0.0491
019080 0.6108 0.3401 0.0000 0.0491
019100 0.6108 0.3401 0.0000 0.0491
019120 0.6108 0.3401 0.0000 0.0491
019140 0.6108 0.3401 0.0000 0.0491
019160 0.6108 0.3401 0.0000 0.0491
019180 0.6108 0.3401 0.0000 0.0491
019200 0.6108 0.3401 0.0000 0.0491
019220 0.6108 0.3401 0.0000 0.0491
019240 0.6108 0.3401 0.0000 0.0491
019260 0.6108 0.3401 0.0000 0.0491
019280 0.6108 0.3401 0.0000 0.0491
019300 0.6108 0.3401 0.0000 0.0491
019320 0.6108 0.3401 0.0000 0.0491
019340 0.6108 0.3401 0.0000 0.0491
019360 0.6108 0.3401 0.0000 0.0491
019380 0.6108 0.3401 0.0000 0.0491
019400 0.6108 0.3401 0.0000 0.0491
019420 0.6108 0.3401 0.0000 0.0491
019440 0.6108 0.3401 0.0000 0.0491
019460 0.6108 0.3401 0.0000 0.0491
019480 0.6108 0.3401 0.0000 0.0491
019500 0.6108 0.3401 0.0000 0.0491
019520 0.6108 0.3401 0.0000 0.0491
019540 0.6108 0.3401 0.0000 0.0491
019560 0.6108 0.3401 0.0000 0.0491
019580 0.6108 0.3401 0.0000 0.0491
019600 0.6108 0.3401 0.0000 0.0491
019620 0.6108 0.3401 0.0000 0.0491
019640 0.6108 0.3401 0.0000 0.0491
019660 0.6108 0.3401 0.0000 0.0491
019680 0.6108 0.3401 0.0000 0.0491
019700 0.6108 0.3401 0.0000 0.0491
019720 0.6108 0.3401 0.0000 0.0491
019740 0.6108 0.3401 0.0000 0.0491
019760 0.6108 0.3401 0.0000 0.0491
019780 0.6108 0.3401 0.0000 0.0491
019800 0.6108 0.3401 0.0000 0.0491
019820 0.6108 0.3401 0.0000 0.0491
019840 0.6108 0.3401 0.0000 0.0491
019860 0.6108 0.3401 0.0000 0.0491
019880 0.6108 0.3401 0.0000 0.0491
019900 0.6108 0.3401 0.0000 0.0491
019920 0.6108 0.3401 0.0000 0.0491
019940 0.6108 0.3401 0.0000 0.0491
019960 0.6108 0.3401 0.0000 0.0491
019980 0.6108 0.3401 0.0000 0.0491
020000 0.6108 0.3401 0.0000 0.0491
