000000 0.2500 0.2500 0.2500 0.2500
000020 0.2602 0.2594 0.2294 0.2510
000040 0.2719 0.2690 0.2080 0.2511
000060 0.2832 0.2789 0.1870 0.2510
000080 0.2936 0.2898 0.1671 0.2495
000100 0.3030 0.3009 0.1479 0.2482
000120 0.3105 0.3139 0.1296 0.2460
000140 0.3167 0.3272 0.1129 0.2433
000160 0.3215 0.3423 0.0975 0.2387
000180 0.3254 0.3580 0.0831 0.2336
000200 0.3282 0.3751 0.0696 0.2270
000220 0.3313 0.3917 0.0574 0.2196
000240 0.3326 0.4089 0.0466 0.2119
000260 0.3327 0.4268 0.0365 0.2041
000280 0.3319 0.4458 0.0274 0.1948
000300 0.3290 0.4657 0.0198 0.1855
000320 0.3260 0.4862 0.0136 0.1742
000340 0.3215 0.5073 0.0087 0.1625
000360 0.3163 0.5276 0.0049 0.1512
000380 0.3090 0.5501 0.0019 0.1389
000400 0.3002 0.5747 0.0002 0.1249
000420 0.2919 0.5997 0.0000 0.1084
000440 0.2850 0.6249 0.0000 0.0901
000460 0.2764 0.6482 0.0000 0.0754
000480 0.2704 0.6672 0.0000 0.0624
000500 0.2698 0.6810 0.0000 0.0492
000520 0.2707 0.6896 0.0000 0.0397
000540 0.2708 0.6950 0.0000 0.0342
000560 0.2701 0.7003 0.0000 0.0297
000580 0.2706 0.7042 0.0000 0.0252
000600 0.2737 0.7059 0.0000 0.0204
000620 0.2771 0.7035 0.0000 0.0194
000640 0.2805 0.7015 0.0000 0.0180
000660 0.2871 0.6959 0.0000 0.0170
000680 0.2954 0.6865 0.0000 0.0182
000700 0.3033 0.6772 0.0000 0.0195
000720 0.3107 0.6703 0.0000 0.0190
000740 0.3187 0.6619 0.0000 0.0194
000760 0.3269 0.6529 0.0000 0.0202
000780 0.3303 0.6466 0.0000 0.0231
000800 0.3293 0.6470 0.0000 0.0237
000820 0.3250 0.6502 0.0000 0.0248
000840 0.3247 0.6517 0.0000 0.0235
000860 0.3326 0.6458 0.0000 0.0217
000880 0.3461 0.6327 0.0000 0.0212
000900 0.3619 0.6181 0.0000 0.0200
000920 0.3758 0.6016 0.0000 0.0226
000940 0.3802 0.5949 0.0000 0.0249
000960 0.3780 0.5944 0.0000 0.0276
000980 0.3754 0.5953 0.0000 0.0293
001000 0.3755 0.5971 0.0000 0.0275
001020 0.3805 0.5921 0.0000 0.0274
001040 0.3880 0.5852 0.0000 0.0267
001060 0.3992 0.5744 0.0000 0.0265
001080 0.4084 0.5630 0.0000 0.0285
001100 0.4181 0.5528 0.0000 0.0292
001120 0.4251 0.5453 0.0000 0.0296
001140 0.4299 0.5404 0.0000 0.0296
001160 0.4350 0.5348 0.0000 0.0302
001180 0.4383 0.5306 0.0000 0.0311
001200 0.4455 0.5244 0.0000 0.0301
001220 0.4584 0.5113 0.0000 0.0303
001240 0.4714 0.4971 0.0000 0.0315
001260 0.4788 0.4889 0.0000 0.0323
001280 0.4838 0.4836 0.0000 0.0326
001300 0.4895 0.4770 0.0000 0.0335
001320 0.4958 0.4693 0.0000 0.0349
001340 0.5014 0.4627 0.0000 0.0359
001360 0.5095 0.4554 0.0000 0.0351
001380 0.5199 0.4463 0.0000 0.0338
001400 0.5323 0.4337 0.0000 0.0340
001420 0.5426 0.4224 0.0000 0.0349
001440 0.5498 0.4130 0.0000 0.0372
001460 0.5511 0.4084 0.0000 0.0406
001480 0.5458 0.4125 0.0000 0.0418
001500 0.5425 0.4156 0.0000 0.0418
001520 0.5416 0.4164 0.0000 0.0420
001540 0.5441 0.4147 0.0000 0.0412
001560 0.5513 0.4094 0.0000 0.0393
001580 0.5611 0.4005 0.0000 0.0383
001600 0.5695 0.3903 0.0000 0.0403
001620 0.5727 0.3843 0.0000 0.0430
001640 0.5805 0.3776 0.0000 0.0419
001660 0.5837 0.3750 0.0000 0.0413
001680 0.5814 0.3755 0.0000 0.0432
001700 0.5807 0.3768 0.0000 0.0424
001720 0.5815 0.3767 0.0000 0.0418
001740 0.5784 0.3777 0.0000 0.0439
001760 0.5814 0.3758 0.0000 0.0428
001780 0.5878 0.3703 0.0000 0.0419
001800 0.5954 0.3647 0.0000 0.0399
001820 0.6016 0.3579 0.0000 0.0405
001840 0.6052 0.3542 0.0000 0.0406
001860 0.6063 0.3526 0.0000 0.0412
001880 0.6058 0.3522 0.0000 0.0419
001900 0.6002 0.3558 0.0000 0.0440
001920 0.5933 0.3602 0.0000 0.0466
001940 0.5873 0.3649 0.0000 0.0478
001960 0.5741 0.3776 0.0000 0.0483
001980 0.5665 0.3860 0.0000 0.0475
002000 0.5709 0.3862 0.0000 0.0429
002020 0.5837 0.3746 0.0000 0.0417
002040 0.5961 0.3624 0.0000 0.0415
002060 0.6033 0.3538 0.0000 0.0429
002080 0.6078 0.3494 0.0000 0.0428
002100 0.6084 0.3478 0.0000 0.0438
002120 0.6072 0.3482 0.0000 0.0446
002140 0.5980 0.3565 0.0000 0.0455
002160 0.5929 0.3631 0.0000 0.0440
002180 0.5922 0.3639 0.0000 0.0439
002200 0.5977 0.3614 0.0000 0.0408
002220 0.6031 0.3549 0.0000 0.0420
002240 0.6048 0.3521 0.0000 0.0431
002260 0.6058 0.3506 0.0000 0.0436
002280 0.6035 0.3508 0.0000 0.0456
002300 0.5952 0.3595 0.0000 0.0453
002320 0.5913 0.3622 0.0000 0.0465
002340 0.5876 0.3676 0.0000 0.0447
002360 0.5871 0.3680 0.0000 0.0449
002380 0.5874 0.3684 0.0000 0.0442
002400 0.5953 0.3634 0.0000 0.0413
002420 0.6018 0.3565 0.0000 0.0417
002440 0.6013 0.3551 0.0000 0.0436
002460 0.6014 0.3543 0.0000 0.0442
002480 0.5943 0.3590 0.0000 0.0466
002500 0.5882 0.3655 0.0000 0.0463
002520 0.5854 0.3687 0.0000 0.0459
002540 0.5838 0.3717 0.0000 0.0445
002560 0.5877 0.3695 0.0000 0.0428
002580 0.5980 0.3619 0.0000 0.0401
002600 0.6024 0.3547 0.0000 0.0429
002620 0.6101 0.3487 0.0000 0.0413
002640 0.6129 0.3456 0.0000 0.0415
002660 0.6117 0.3445 0.0000 0.0438
002680 0.6056 0.3497 0.0000 0.0447
002700 0.6038 0.3533 0.0000 0.0429
002720 0.6018 0.3536 0.0000 0.0446
002740 0.5946 0.3587 0.0000 0.0467
002760 0.5860 0.3667 0.0000 0.0473
002780 0.5757 0.3771 0.0000 0.0473
002800 0.5713 0.3838 0.0000 0.0448
002820 0.5765 0.3803 0.0000 0.0432
002840 0.5860 0.3717 0.0000 0.0423
002860 0.5922 0.3655 0.0000 0.0423
002880 0.5997 0.3596 0.0000 0.0407
002900 0.6061 0.3527 0.0000 0.0412
002920 0.6116 0.3467 0.0000 0.0417
002940 0.6113 0.3442 0.0000 0.0445
002960 0.6060 0.3474 0.0000 0.0467
002980 0.5982 0.3553 0.0000 0.0465
003000 0.5909 0.3627 0.0000 0.0464
003020 0.5868 0.3688 0.0000 0.0444
003040 0.5857 0.3682 0.0000 0.0461
003060 0.5896 0.3678 0.0000 0.0426
003080 0.5993 0.3602 0.0000 0.0405
003100 0.6052 0.3532 0.0000 0.0417
003120 0.6114 0.3458 0.0000 0.0428
003140 0.6098 0.3454 0.0000 0.0448
003160 0.5971 0.3533 0.0000 0.0496
003180 0.5795 0.3708 0.0000 0.0497
003200 0.5679 0.3828 0.0000 0.0493
003220 0.5615 0.3918 0.0000 0.0467
003240 0.5720 0.3866 0.0000 0.0414
003260 0.5855 0.3752 0.0000 0.0393
003280 0.6041 0.3585 0.0000 0.0374
003300 0.6166 0.3427 0.0000 0.0407
003320 0.6204 0.3370 0.0000 0.0426
003340 0.6127 0.3402 0.0000 0.0471
003360 0.5946 0.3563 0.0000 0.0491
003380 0.5741 0.3740 0.0000 0.0519
003400 0.5619 0.3904 0.0000 0.0478
003420 0.5642 0.3923 0.0000 0.0434
003440 0.5760 0.3824 0.0000 0.0416
003460 0.5946 0.3653 0.0000 0.0400
003480 0.6108 0.3515 0.0000 0.0378
003500 0.6215 0.3387 0.0000 0.0398
003520 0.6225 0.3342 0.0000 0.0433
003540 0.6112 0.3414 0.0000 0.0474
003560 0.6043 0.3493 0.0000 0.0464
003580 0.5978 0.3553 0.0000 0.0468
003600 0.5929 0.3613 0.0000 0.0458
003620 0.5905 0.3646 0.0000 0.0449
003640 0.5864 0.3679 0.0000 0.0456
003660 0.5828 0.3708 0.0000 0.0464
003680 0.5816 0.3733 0.0000 0.0452
003700 0.5823 0.3748 0.0000 0.0429
003720 0.5893 0.3684 0.0000 0.0423
003740 0.5962 0.3606 0.0000 0.0432
003760 0.5980 0.3572 0.0000 0.0447
003780 0.5971 0.3573 0.0000 0.0455
003800 0.5960 0.3606 0.0000 0.0433
003820 0.6020 0.3564 0.0000 0.0416
003840 0.6061 0.3513 0.0000 0.0426
003860 0.6017 0.3525 0.0000 0.0458
003880 0.5919 0.3596 0.0000 0.0484
003900 0.5820 0.3690 0.0000 0.0489
003920 0.5795 0.3748 0.0000 0.0458
003940 0.5854 0.3716 0.0000 0.0430
003960 0.5942 0.3649 0.0000 0.0409
003980 0.6043 0.3549 0.0000 0.0408
004000 0.6070 0.3502 0.0000 0.0428
004020 0.6057 0.3523 0.0000 0.0420
004040 0.6073 0.3508 0.0000 0.0419
004060 0.6060 0.3505 0.0000 0.0435
004080 0.6043 0.3506 0.0000 0.0452
004100 0.5996 0.3561 0.0000 0.0443
004120 0.5959 0.3588 0.0000 0.0453
004140 0.5950 0.3613 0.0000 0.0437
004160 0.5959 0.3614 0.0000 0.0428
004180 0.6017 0.3573 0.0000 0.0410
004200 0.6058 0.3523 0.0000 0.0419
004220 0.6145 0.3450 0.0000 0.0405
004240 0.6190 0.3387 0.0000 0.0423
004260 0.6112 0.3425 0.0000 0.0463
004280 0.5959 0.3566 0.0000 0.0475
004300 0.5843 0.3689 0.0000 0.0468
004320 0.5782 0.3761 0.0000 0.0457
004340 0.5795 0.3765 0.0000 0.0439
004360 0.5838 0.3722 0.0000 0.0440
004380 0.5919 0.3668 0.0000 0.0413
004400 0.6005 0.3584 0.0000 0.0411
004420 0.6069 0.3516 0.0000 0.0415
004440 0.6141 0.3448 0.0000 0.0411
004460 0.6113 0.3449 0.0000 0.0438
004480 0.6056 0.3498 0.0000 0.0446
004500 0.5994 0.3562 0.0000 0.0444
004520 0.5948 0.3595 0.0000 0.0457
004540 0.5885 0.3640 0.0000 0.0475
004560 0.5861 0.3669 0.0000 0.0470
004580 0.5843 0.3713 0.0000 0.0444
004600 0.5919 0.3680 0.0000 0.0401
004620 0.6051 0.3543 0.0000 0.0406
004640 0.6082 0.3510 0.0000 0.0408
004660 0.6121 0.3465 0.0000 0.0415
004680 0.6103 0.3445 0.0000 0.0452
004700 0.6024 0.3515 0.0000 0.0461
004720 0.5979 0.3575 0.0000 0.0446
004740 0.6005 0.3571 0.0000 0.0424
004760 0.6020 0.3546 0.0000 0.0433
004780 0.5994 0.3534 0.0000 0.0472
004800 0.5924 0.3600 0.0000 0.0476
004820 0.5920 0.3635 0.0000 0.0445
004840 0.5901 0.3655 0.0000 0.0444
004860 0.5889 0.3674 0.0000 0.0437
004880 0.5919 0.3662 0.0000 0.0418
004900 0.6005 0.3581 0.0000 0.0414
004920 0.6044 0.3521 0.0000 0.0434
004940 0.6051 0.3501 0.0000 0.0447
004960 0.6017 0.3531 0.0000 0.0452
004980 0.5929 0.3587 0.0000 0.0483
005000 0.5823 0.3699 0.0000 0.0478
005020 0.5772 0.3765 0.0000 0.0463
005040 0.5793 0.3751 0.0000 0.0457
005060 0.5856 0.3709 0.0000 0.0436
005080 0.5993 0.3612 0.0000 0.0396
005100 0.6120 0.3484 0.0000 0.0396
005120 0.6217 0.3386 0.0000 0.0397
005140 0.6195 0.3364 0.0000 0.0441
005160 0.6107 0.3433 0.0000 0.0460
005180 0.5945 0.3568 0.0000 0.0487
005200 0.5798 0.3708 0.0000 0.0493
005220 0.5647 0.3844 0.0000 0.0509
005240 0.5629 0.3915 0.0000 0.0457
005260 0.5716 0.3868 0.0000 0.0416
005280 0.5877 0.3734 0.0000 0.0389
005300 0.6064 0.3557 0.0000 0.0380
005320 0.6176 0.3419 0.0000 0.0404
005340 0.6214 0.3380 0.0000 0.0406
005360 0.6187 0.3386 0.0000 0.0426
005380 0.6148 0.3419 0.0000 0.0433
005400 0.6109 0.3462 0.0000 0.0429
005420 0.6086 0.3474 0.0000 0.0440
005440 0.6028 0.3516 0.0000 0.0456
005460 0.5958 0.3576 0.0000 0.0466
005480 0.5851 0.3667 0.0000 0.0482
005500 0.5748 0.3782 0.0000 0.0470
005520 0.5704 0.3844 0.0000 0.0452
005540 0.5780 0.3790 0.0000 0.0430
005560 0.5898 0.3675 0.0000 0.0428
005580 0.5995 0.3582 0.0000 0.0423
005600 0.6076 0.3507 0.0000 0.0417
005620 0.6116 0.3448 0.0000 0.0436
005640 0.6111 0.3454 0.0000 0.0435
005660 0.6053 0.3482 0.0000 0.0464
005680 0.5887 0.3615 0.0000 0.0498
005700 0.5752 0.3757 0.0000 0.0491
005720 0.5748 0.3816 0.0000 0.0436
005740 0.5837 0.3750 0.0000 0.0413
005760 0.5935 0.3659 0.0000 0.0406
005780 0.6050 0.3523 0.0000 0.0427
005800 0.6109 0.3469 0.0000 0.0422
005820 0.6138 0.3440 0.0000 0.0422
005840 0.6126 0.3443 0.0000 0.0431
005860 0.6088 0.3454 0.0000 0.0458
005880 0.6001 0.3541 0.0000 0.0458
005900 0.5891 0.3643 0.0000 0.0466
005920 0.5830 0.3712 0.0000 0.0458
005940 0.5842 0.3711 0.0000 0.0447
005960 0.5873 0.3694 0.0000 0.0434
005980 0.5947 0.3635 0.0000 0.0418
006000 0.6027 0.3554 0.0000 0.0418
006020 0.6035 0.3526 0.0000 0.0439
006040 0.6010 0.3529 0.0000 0.0461
006060 0.5971 0.3574 0.0000 0.0455
006080 0.5952 0.3604 0.0000 0.0444
006100 0.5888 0.3644 0.0000 0.0469
006120 0.5833 0.3715 0.0000 0.0452
006140 0.5825 0.3731 0.0000 0.0444
006160 0.5845 0.3725 0.0000 0.0430
006180 0.5921 0.3664 0.0000 0.0415
006200 0.5975 0.3585 0.0000 0.0441
006220 0.6004 0.3567 0.0000 0.0429
006240 0.6052 0.3519 0.0000 0.0429
006260 0.6017 0.3553 0.0000 0.0430
006280 0.5982 0.3564 0.0000 0.0454
006300 0.5866 0.3638 0.0000 0.0496
006320 0.5788 0.3723 0.0000 0.0489
006340 0.5798 0.3749 0.0000 0.0453
006360 0.5845 0.3728 0.0000 0.0427
006380 0.5927 0.3667 0.0000 0.0406
006400 0.6033 0.3572 0.0000 0.0396
006420 0.6116 0.3467 0.0000 0.0417
006440 0.6144 0.3415 0.0000 0.0442
006460 0.6088 0.3455 0.0000 0.0457
006480 0.5980 0.3543 0.0000 0.0478
006500 0.5875 0.3643 0.0000 0.0482
006520 0.5779 0.3749 0.0000 0.0472
006540 0.5735 0.3821 0.0000 0.0444
006560 0.5787 0.3796 0.0000 0.0416
006580 0.5909 0.3687 0.0000 0.0404
006600 0.6044 0.3560 0.0000 0.0396
006620 0.6216 0.3400 0.0000 0.0384
006640 0.6322 0.3269 0.0000 0.0409
006660 0.6325 0.3235 0.0000 0.0440
006680 0.6199 0.3337 0.0000 0.0464
006700 0.6031 0.3482 0.0000 0.0487
006720 0.5799 0.3682 0.0000 0.0520
006740 0.5630 0.3864 0.0000 0.0506
006760 0.5617 0.3935 0.0000 0.0448
006780 0.5698 0.3889 0.0000 0.0413
006800 0.5854 0.3756 0.0000 0.0390
006820 0.6057 0.3567 0.0000 0.0376
006840 0.6221 0.3384 0.0000 0.0395
006860 0.6275 0.3311 0.0000 0.0413
006880 0.6217 0.3329 0.0000 0.0455
006900 0.6095 0.3444 0.0000 0.0461
006920 0.6000 0.3546 0.0000 0.0454
006940 0.5877 0.3645 0.0000 0.0478
006960 0.5737 0.3764 0.0000 0.0499
006980 0.5680 0.3855 0.0000 0.0464
007000 0.5747 0.3822 0.0000 0.0431
007020 0.5831 0.3746 0.0000 0.0423
007040 0.5944 0.3646 0.0000 0.0411
007060 0.6091 0.3514 0.0000 0.0394
007080 0.6200 0.3392 0.0000 0.0408
007100 0.6242 0.3334 0.0000 0.0425
007120 0.6161 0.3370 0.0000 0.0469
007140 0.6003 0.3516 0.0000 0.0481
007160 0.5899 0.3632 0.0000 0.0469
007180 0.5857 0.3699 0.0000 0.0443
007200 0.5876 0.3680 0.0000 0.0444
007220 0.5902 0.3661 0.0000 0.0437
007240 0.5989 0.3586 0.0000 0.0425
007260 0.6021 0.3554 0.0000 0.0425
007280 0.6041 0.3534 0.0000 0.0425
007300 0.6011 0.3529 0.0000 0.0460
007320 0.5961 0.3591 0.0000 0.0448
007340 0.5891 0.3642 0.0000 0.0467
007360 0.5869 0.3684 0.0000 0.0447
007380 0.5906 0.3653 0.0000 0.0441
007400 0.5963 0.3609 0.0000 0.0428
007420 0.6020 0.3546 0.0000 0.0434
007440 0.6000 0.3550 0.0000 0.0450
007460 0.5955 0.3591 0.0000 0.0454
007480 0.5950 0.3607 0.0000 0.0442
007500 0.5947 0.3625 0.0000 0.0428
007520 0.5976 0.3597 0.0000 0.0427
007540 0.6001 0.3560 0.0000 0.0439
007560 0.6027 0.3538 0.0000 0.0435
007580 0.6040 0.3524 0.0000 0.0436
007600 0.6074 0.3514 0.0000 0.0412
007620 0.6133 0.3450 0.0000 0.0417
007640 0.6120 0.3435 0.0000 0.0445
007660 0.6049 0.3496 0.0000 0.0455
007680 0.5986 0.3560 0.0000 0.0453
007700 0.5915 0.3630 0.0000 0.0455
007720 0.5895 0.3669 0.0000 0.0436
007740 0.5890 0.3672 0.0000 0.0438
007760 0.5859 0.3699 0.0000 0.0442
007780 0.5897 0.3678 0.0000 0.0425
007800 0.5944 0.3636 0.0000 0.0420
007820 0.6020 0.3568 0.0000 0.0412
007840 0.6009 0.3550 0.0000 0.0441
007860 0.6012 0.3561 0.0000 0.0427
007880 0.5994 0.3560 0.0000 0.0445
007900 0.5969 0.3599 0.0000 0.0431
007920 0.5963 0.3602 0.0000 0.0435
007940 0.5968 0.3599 0.0000 0.0433
007960 0.6028 0.3546 0.0000 0.0426
007980 0.6056 0.3517 0.0000 0.0428
008000 0.6069 0.3508 0.0000 0.0423
008020 0.6112 0.3448 0.0000 0.0440
008040 0.6079 0.3479 0.0000 0.0442
008060 0.5998 0.3546 0.0000 0.0456
008080 0.5902 0.3611 0.0000 0.0488
008100 0.5812 0.3701 0.0000 0.0487
008120 0.5766 0.3788 0.0000 0.0446
008140 0.5820 0.3762 0.0000 0.0417
008160 0.5896 0.3690 0.0000 0.0414
008180 0.6001 0.3585 0.0000 0.0414
008200 0.6067 0.3517 0.0000 0.0417
008220 0.6094 0.3478 0.0000 0.0428
008240 0.6070 0.3490 0.0000 0.0440
008260 0.6060 0.3510 0.0000 0.0429
008280 0.6060 0.3521 0.0000 0.0418
008300 0.6100 0.3484 0.0000 0.0416
008320 0.6090 0.3464 0.0000 0.0446
008340 0.6042 0.3483 0.0000 0.0474
008360 0.5973 0.3561 0.0000 0.0467
008380 0.5912 0.3641 0.0000 0.0447
008400 0.5925 0.3640 0.0000 0.0435
008420 0.5887 0.3657 0.0000 0.0456
008440 0.5895 0.3647 0.0000 0.0459
008460 0.5888 0.3658 0.0000 0.0454
008480 0.5883 0.3660 0.0000 0.0457
008500 0.5866 0.3674 0.0000 0.0460
008520 0.5924 0.3646 0.0000 0.0431
008540 0.6007 0.3586 0.0000 0.0407
008560 0.6023 0.3534 0.0000 0.0444
008580 0.5963 0.3598 0.0000 0.0439
008600 0.5934 0.3627 0.0000 0.0439
008620 0.5940 0.3610 0.0000 0.0450
008640 0.5929 0.3621 0.0000 0.0450
008660 0.5908 0.3643 0.0000 0.0449
008680 0.5922 0.3646 0.0000 0.0432
008700 0.5947 0.3627 0.0000 0.0426
008720 0.5987 0.3597 0.0000 0.0415
008740 0.6023 0.3557 0.0000 0.0420
008760 0.6067 0.3522 0.0000 0.0411
008780 0.6110 0.3458 0.0000 0.0431
008800 0.6068 0.3489 0.0000 0.0443
008820 0.6014 0.3521 0.0000 0.0466
008840 0.5942 0.3593 0.0000 0.0465
008860 0.5893 0.3671 0.0000 0.0436
008880 0.5879 0.3675 0.0000 0.0446
008900 0.5898 0.3672 0.0000 0.0430
008920 0.5970 0.3618 0.0000 0.0412
008940 0.6038 0.3543 0.0000 0.0419
008960 0.6029 0.3523 0.0000 0.0448
008980 0.5974 0.3546 0.0000 0.0480
009000 0.5953 0.3607 0.0000 0.0440
009020 0.5952 0.3612 0.0000 0.0436
009040 0.5978 0.3593 0.0000 0.0429
009060 0.6002 0.3572 0.0000 0.0426
009080 0.6045 0.3526 0.0000 0.0429
009100 0.6064 0.3500 0.0000 0.0436
009120 0.6053 0.3498 0.0000 0.0449
009140 0.5988 0.3549 0.0000 0.0463
009160 0.5913 0.3625 0.0000 0.0462
009180 0.5840 0.3699 0.0000 0.0462
009200 0.5773 0.3759 0.0000 0.0468
009220 0.5782 0.3777 0.0000 0.0441
009240 0.5837 0.3722 0.0000 0.0441
009260 0.5927 0.3662 0.0000 0.0411
009280 0.6058 0.3551 0.0000 0.0391
009300 0.6201 0.3411 0.0000 0.0388
009320 0.6237 0.3330 0.0000 0.0433
009340 0.6152 0.3385 0.0000 0.0463
009360 0.6037 0.3491 0.0000 0.0472
009380 0.5938 0.3598 0.0000 0.0464
009400 0.5888 0.3661 0.0000 0.0451
009420 0.5864 0.3687 0.0000 0.0449
009440 0.5867 0.3679 0.0000 0.0454
009460 0.5892 0.3672 0.0000 0.0436
009480 0.5969 0.3622 0.0000 0.0409
009500 0.6013 0.3558 0.0000 0.0428
009520 0.6077 0.3484 0.0000 0.0440
009540 0.6055 0.3493 0.0000 0.0452
009560 0.5972 0.3554 0.0000 0.0474
009580 0.5895 0.3656 0.0000 0.0450
009600 0.5899 0.3662 0.0000 0.0439
009620 0.5880 0.3675 0.0000 0.0445
009640 0.5892 0.3662 0.0000 0.0445
009660 0.5943 0.3612 0.0000 0.0446
009680 0.5939 0.3616 0.0000 0.0445
009700 0.5988 0.3600 0.0000 0.0413
009720 0.6052 0.3527 0.0000 0.0421
009740 0.6091 0.3480 0.0000 0.0430
009760 0.6092 0.3475 0.0000 0.0433
009780 0.6024 0.3497 0.0000 0.0480
009800 0.5893 0.3633 0.0000 0.0474
009820 0.5825 0.3722 0.0000 0.0453
009840 0.5810 0.3732 0.0000 0.0457
009860 0.5825 0.3750 0.0000 0.0425
009880 0.5910 0.3663 0.0000 0.0427
009900 0.5945 0.3630 0.0000 0.0426
009920 0.5983 0.3600 0.0000 0.0417
009940 0.6029 0.3554 0.0000 0.0417
009960 0.6027 0.3531 0.0000 0.0442
009980 0.6063 0.3513 0.0000 0.0425
010000 0.6141 0.3451 0.0000 0.0408
010020 0.6207 0.3383 0.0000 0.0410
010040 0.6207 0.3383 0.0000 0.0410
010060 0.6207 0.3383 0.0000 0.0410
010080 0.6207 0.3383 0.0000 0.0410
010100 0.6207 0.3383 0.0000 0.0410
010120 0.6207 0.3383 0.0000 0.0410
010140 0.6207 0.3383 0.0000 0.0410
010160 0.6207 0.3383 0.0000 0.0410
010180 0.6207 0.3383 0.0000 0.0410
010200 0.6207 0.3383 0.0000 0.0410
010220 0.6207 0.3383 0.0000 0.0410
010240 0.6207 0.3383 0.0000 0.0410
010260 0.6207 0.3383 0.0000 0.0410
010280 0.6207 0.3383 0.0000 0.0410
010300 0.6207 0.3383 0.0000 0.0410
010320 0.6207 0.3383 0.0000 0.0410
010340 0.6207 0.3383 0.0000 0.0410
010360 0.6207 0.3383 0.0000 0.0410
010380 0.6207 0.3383 0.0000 0.0410
010400 0.6207 0.3383 0.0000 0.0410
010420 0.6207 0.3383 0.0000 0.0410
010440 0.6207 0.3383 0.0000 0.0410
010460 0.6207 0.3383 0.0000 0.0410
010480 0.6207 0.3383 0.0000 0.0410
010500 0.6207 0.3383 0.0000 0.0410
010520 0.6207 0.3383 0.0000 0.0410
010540 0.6207 0.3383 0.0000 0.0410
010560 0.6207 0.3383 0.0000 0.0410
010580 0.6207 0.3383 0.0000 0.0410
010600 0.6207 0.3383 0.0000 0.0410
010620 0.6207 0.3383 0.0000 0.0410
010640 0.6207 0.3383 0.0000 0.0410
010660 0.6207 0.3383 0.0000 0.0410
010680 0.6207 0.3383 0.0000 0.0410
010700 0.6207 0.3383 0.0000 0.0410
010720 0.6207 0.3383 0.0000 0.0410
010740 0.6207 0.3383 0.0000 0.0410
010760 0.6207 0.3383 0.0000 0.0410
010780 0.6207 0.3383 0.0000 0.0410
010800 0.6207 0.3383 0.0000 0.0410
010820 0.6207 0.3383 0.0000 0.0410
010840 0.6207 0.3383 0.0000 0.0410
010860 0.6207 0.3383 0.0000 0.0410
010880 0.6207 0.3383 0.0000 0.0410
010900 0.6207 0.3383 0.0000 0.0410
010920 0.6207 0.3383 0.0000 0.0410
010940 0.6207 0.3383 0.0000 0.0410
010960 0.6207 0.3383 0.0000 0.0410
010980 0.6207 0.3383 0.0000 0.0410
011000 0.6207 0.3383 0.0000 0.0410
011020 0.6207 0.3383 0.0000 0.0410
011040 0.6207 0.3383 0.0000 0.0410
011060 0.6207 0.3383 0.0000 0.0410
011080 0.6207 0.3383 0.0000 0.0410
011100 0.6207 0.3383 0.0000 0.0410
011120 0.6207 0.3383 0.0000 0.0410
011140 0.6207 0.3383 0.0000 0.0410
011160 0.6207 0.3383 0.0000 0.0410
011180 0.6207 0.3383 0.0000 0.0410
011200 0.6207 0.3383 0.0000 0.0410
011220 0.6207 0.3383 0.0000 0.0410
011240 0.6207 0.3383 0.0000 0.0410
011260 0.6207 0.3383 0.0000 0.0410
011280 0.6207 0.3383 0.0000 0.0410
011300 0.6207 0.3383 0.0000 0.0410
011320 0.6207 0.3383 0.0000 0.0410
011340 0.6207 0.3383 0.0000 0.0410
011360 0.6207 0.3383 0.0000 0.0410
011380 0.6207 0.3383 0.0000 0.0410
011400 0.6207 0.3383 0.0000 0.0410
011420 0.6207 0.3383 0.0000 0.0410
011440 0.6207 0.3383 0.0000 0.0410
011460 0.6207 0.3383 0.0000 0.0410
011480 0.6207 0.3383 0.0000 0.0410
011500 0.6207 0.3383 0.0000 0.0410
011520 0.6207 0.3383 0.0000 0.0410
011540 0.6207 0.3383 0.0000 0.0410
011560 0.6207 0.3383 0.0000 0.0410
011580 0.6207 0.3383 0.0000 0.0410
011600 0.6207 0.3383 0.0000 0.0410
011620 0.6207 0.3383 0.0000 0.0410
011640 0.6207 0.3383 0.0000 0.0410
011660 0.6207 0.3383 0.0000 0.0410
011680 0.6207 0.3383 0.0000 0.0410
011700 0.6207 0.3383 0.0000 0.0410
011720 0.6207 0.3383 0.0000 0.0410
011740 0.6207 0.3383 0.0000 0.0410
011760 0.6207 0.3383 0.0000 0.0410
011780 0.6207 0.3383 0.0000 0.0410
011800 0.6207 0.3383 0.0000 0.0410
011820 0.6207 0.3383 0.0000 0.0410
011840 0.6207 0.3383 0.0000 0.0410
011860 0.6207 0.3383 0.0000 0.0410
011880 0.6207 0.3383 0.0000 0.0410
011900 0.6207 0.3383 0.0000 0.0410
011920 0.6207 0.3383 0.0000 0.0410
011940 0.6207 0.3383 0.0000 0.0410
011960 0.6207 0.3383 0.0000 0.0410
011980 0.6207 0.3383 0.0000 0.0410
012000 0.6207 0.3383 0.0000 0.0410
012020 0.6207 0.3383 0.0000 0.0410
012040 0.6207 0.3383 0.0000 0.0410
012060 0.6207 0.3383 0.0000 0.0410
012080 0.6207 0.3383 0.0000 0.0410
012100 0.6207 0.3383 0.0000 0.0410
012120 0.6207 0.3383 0.0000 0.0410
012140 0.6207 0.3383 0.0000 0.0410
012160 0.6207 0.3383 0.0000 0.0410
012180 0.6207 0.3383 0.0000 0.0410
012200 0.6207 0.3383 0.0000 0.0410
012220 0.6207 0.3383 0.0000 0.0410
012240 0.6207 0.3383 0.0000 0.0410
012260 0.6207 0.3383 0.0000 0.0410
012280 0.6207 0.3383 0.0000 0.0410
012300 0.6207 0.3383 0.0000 0.0410
012320 0.6207 0.3383 0.0000 0.0410
012340 0.6207 0.3383 0.0000 0.0410
012360 0.6207 0.3383 0.0000 0.0410
012380 0.6207 0.3383 0.0000 0.0410
012400 0.6207 0.3383 0.0000 0.0410
012420 0.6207 0.3383 0.0000 0.0410
012440 0.6207 0.3383 0.0000 0.0410
012460 0.6207 0.3383 0.0000 0.0410
012480 0.6207 0.3383 0.0000 0.0410
012500 0.6207 0.3383 0.0000 0.0410
012520 0.6207 0.3383 0.0000 0.0410
012540 0.6207 0.3383 0.0000 0.0410
012560 0.6207 0.3383 0.0000 0.0410
012580 0.6207 0.3383 0.0000 0.0410
012600 0.6207 0.3383 0.0000 0.0410
012620 0.6207 0.3383 0.0000 0.0410
012640 0.6207 0.3383 0.0000 0.0410
012660 0.6207 0.3383 0.0000 0.0410
012680 0.6207 0.3383 0.0000 0.0410
012700 0.6207 0.3383 0.0000 0.0410
012720 0.6207 0.3383 0.0000 0.0410
012740 0.6207 0.3383 0.0000 0.0410
012760 0.6207 0.3383 0.0000 0.0410
012780 0.6207 0.3383 0.0000 0.0410
012800 0.6207 0.3383 0.0000 0.0410
012820 0.6207 0.3383 0.0000 0.0410
012840 0.6207 0.3383 0.0000 0.0410
012860 0.6207 0.3383 0.0000 0.0410
012880 0.6207 0.3383 0.0000 0.0410
012900 0.6207 0.3383 0.0000 0.0410
012920 0.6207 0.3383 0.0000 0.0410
012940 0.6207 0.3383 0.0000 0.0410
012960 0.6207 0.3383 0.0000 0.0410
012980 0.6207 0.3383 0.0000 0.0410
013000 0.6207 0.3383 0.0000 0.0410
013020 0.6207 0.3383 0.0000 0.0410
013040 0.6207 0.3383 0.0000 0.0410
013060 0.6207 0.3383 0.0000 0.0410
013080 0.6207 0.3383 0.0000 0.0410
013100 0.6207 0.3383 0.0000 0.0410
013120 0.6207 0.3383 0.0000 0.0410
013140 0.6207 0.3383 0.0000 0.0410
013160 0.6207 0.3383 0.0000 0.0410
013180 0.6207 0.3383 0.0000 0.0410
013200 0.6207 0.3383 0.0000 0.0410
013220 0.6207 0.3383 0.0000 0.0410
013240 0.6207 0.3383 0.0000 0.0410
013260 0.6207 0.3383 0.0000 0.0410
013280 0.6207 0.3383 0.0000 0.0410
013300 0.6207 0.3383 0.0000 0.0410
013320 0.6207 0.3383 0.0000 0.0410
013340 0.6207 0.3383 0.0000 0.0410
013360 0.6207 0.3383 0.0000 0.0410
013380 0.6207 0.3383 0.0000 0.0410
013400 0.6207 0.3383 0.0000 0.0410
013420 0.6207 0.3383 0.0000 0.0410
013440 0.6207 0.3383 0.0000 0.0410
013460 0.6207 0.3383 0.0000 0.0410
013480 0.6207 0.3383 0.0000 0.0410
013500 0.6207 0.3383 0.0000 0.0410
013520 0.6207 0.3383 0.0000 0.0410
013540 0.6207 0.3383 0.0000 0.0410
013560 0.6207 0.3383 0.0000 0.0410
013580 0.6207 0.3383 0.0000 0.0410
013600 0.6207 0.3383 0.0000 0.0410
013620 0.6207 0.3383 0.0000 0.0410
013640 0.6207 0.3383 0.0000 0.0410
013660 0.6207 0.3383 0.0000 0.0410
013680 0.6207 0.3383 0.0000 0.0410
013700 0.6207 0.3383 0.0000 0.0410
013720 0.6207 0.3383 0.0000 0.0410
013740 0.6207 0.3383 0.0000 0.0410
013760 0.6207 0.3383 0.0000 0.0410
013780 0.6207 0.3383 0.0000 0.0410
013800 0.6207 0.3383 0.0000 0.0410
013820 0.6207 0.3383 0.0000 0.0410
013840 0.6207 0.3383 0.0000 0.0410
013860 0.6207 0.3383 0.0000 0.0410
013880 0.6207 0.3383 0.0000 0.0410
013900 0.6207 0.3383 0.0000 0.0410
013920 0.6207 0.3383 0.0000 0.0410
013940 0.6207 0.3383 0.0000 0.0410
013960 0.6207 0.3383 0.0000 0.0410
013980 0.6207 0.3383 0.0000 0.0410
014000 0.6207 0.3383 0.0000 0.0410
014020 0.6207 0.3383 0.0000 0.0410
014040 0.6207 0.3383 0.0000 0.0410
014060 0.6207 0.3383 0.0000 0.0410
014080 0.6207 0.3383 0.0000 0.0410
014100 0.6207 0.3383 0.0000 0.0410
014120 0.6207 0.3383 0.0000 0.0410
014140 0.6207 0.3383 0.0000 0.0410
014160 0.6207 0.3383 0.0000 0.0410
014180 0.6207 0.3383 0.0000 0.0410
014200 0.6207 0.3383 0.0000 0.0410
014220 0.6207 0.3383 0.0000 0.0410
014240 0.6207 0.3383 0.0000 0.0410
014260 0.6207 0.3383 0.0000 0.0410
014280 0.6207 0.3383 0.0000 0.0410
014300 0.6207 0.3383 0.0000 0.0410
014320 0.6207 0.3383 0.0000 0.0410
014340 0.6207 0.3383 0.0000 0.0410
014360 0.6207 0.3383 0.0000 0.0410
014380 0.6207 0.3383 0.0000 0.0410
014400 0.6207 0.3383 0.0000 0.0410
014420 0.6207 0.3383 0.0000 0.0410
014440 0.6207 0.3383 0.0000 0.0410
014460 0.6207 0.3383 0.0000 0.0410
014480 0.6207 0.3383 0.0000 0.0410
014500 0.6207 0.3383 0.0000 0.0410
014520 0.6207 0.3383 0.0000 0.0410
014540 0.6207 0.3383 0.0000 0.0410
014560 0.6207 0.3383 0.0000 0.0410
014580 0.6207 0.3383 0.0000 0.0410
014600 0.6207 0.3383 0.0000 0.0410
014620 0.6207 0.3383 0.0000 0.0410
014640 0.6207 0.3383 0.0000 0.0410
014660 0.6207 0.3383 0.0000 0.0410
014680 0.6207 0.3383 0.0000 0.0410
014700 0.6207 0.3383 0.0000 0.0410
014720 0.6207 0.3383 0.0000 0.0410
014740 0.6207 0.3383 0.0000 0.0410
014760 0.6207 0.3383 0.0000 0.0410
014780 0.6207 0.3383 0.0000 0.0410
014800 0.6207 0.3383 0.0000 0.0410
014820 0.6207 0.3383 0.0000 0.0410
014840 0.6207 0.3383 0.0000 0.0410
014860 0.6207 0.3383 0.0000 0.0410
014880 0.6207 0.3383 0.0000 0.0410
014900 0.6207 0.3383 0.0000 0.0410
014920 0.6207 0.3383 0.0000 0.0410
014940 0.6207 0.3383 0.0000 0.0410
014960 0.6207 0.3383 0.0000 0.0410
014980 0.6207 0.3383 0.0000 0.0410
015000 0.6207 0.3383 0.0000 0.0410
015020 0.6207 0.3383 0.0000 0.0410
015040 0.6207 0.3383 0.0000 0.0410
015060 0.6207 0.3383 0.0000 0.0410
015080 0.6207 0.3383 0.0000 0.0410
015100 0.6207 0.3383 0.0000 0.0410
015120 0.6207 0.3383 0.0000 0.0410
015140 0.6207 0.3383 0.0000 0.0410
015160 0.6207 0.3383 0.0000 0.0410
015180 0.6207 0.3383 0.0000 0.0410
015200 0.6207 0.3383 0.0000 0.0410
015220 0.6207 0.3383 0.0000 0.0410
015240 0.6207 0.3383 0.0000 0.0410
015260 0.6207 0.3383 0.0000 0.0410
015280 0.6207 0.3383 0.0000 0.0410
015300 0.6207 0.3383 0.0000 0.0410
015320 0.6207 0.3383 0.0000 0.0410
015340 0.6207 0.3383 0.0000 0.0410
015360 0.6207 0.3383 0.0000 0.0410
015380 0.6207 0.3383 0.0000 0.0410
015400 0.6207 0.3383 0.0000 0.0410
015420 0.6207 0.3383 0.0000 0.0410
015440 0.6207 0.3383 0.0000 0.0410
015460 0.6207 0.3383 0.0000 0.0410
015480 0.6207 0.3383 0.0000 0.0410
015500 0.6207 0.3383 0.0000 0.0410
015520 0.6207 0.3383 0.0000 0.0410
015540 0.6207 0.3383 0.0000 0.0410
015560 0.6207 0.3383 0.0000 0.0410
015580 0.6207 0.3383 0.0000 0.0410
015600 0.6207 0.3383 0.0000 0.0410
015620 0.6207 0.3383 0.0000 0.0410
015640 0.6207 0.3383 0.0000 0.0410
015660 0.6207 0.3383 0.0000 0.0410
015680 0.6207 0.3383 0.0000 0.0410
015700 0.6207 0.3383 0.0000 0.0410
015720 0.6207 0.3383 0.0000 0.0410
015740 0.6207 0.3383 0.0000 0.0410
015760 0.6207 0.3383 0.0000 0.0410
015780 0.6207 0.3383 0.0000 0.0410
015800 0.6207 0.3383 0.0000 0.0410
015820 0.6207 0.3383 0.0000 0.0410
015840 0.6207 0.3383 0.0000 0.0410
015860 0.6207 0.3383 0.0000 0.0410
015880 0.6207 0.3383 0.0000 0.0410
015900 0.6207 0.3383 0.0000 0.0410
015920 0.6207 0.3383 0.0000 0.0410
015940 0.6207 0.3383 0.0000 0.0410
015960 0.6207 0.3383 0.0000 0.0410
015980 0.6207 0.3383 0.0000 0.0410
016000 0.6207 0.3383 0.0000 0.0410
016020 0.6207 0.3383 0.0000 0.0410
016040 0.6207 0.3383 0.0000 0.0410
016060 0.6207 0.3383 0.0000 0.0410
016080 0.6207 0.3383 0.0000 0.0410
016100 0.6207 0.3383 0.0000 0.0410
016120 0.6207 0.3383 0.0000 0.0410
016140 0.6207 0.3383 0.0000 0.0410
016160 0.6207 0.3383 0.0000 0.0410
016180 0.6207 0.3383 0.0000 0.0410
016200 0.6207 0.3383 0.0000 0.0410
016220 0.6207 0.3383 0.0000 0.0410
016240 0.6207 0.3383 0.0000 0.0410
016260 0.6207 0.3383 0.0000 0.0410
016280 0.6207 0.3383 0.0000 0.0410
016300 0.6207 0.3383 0.0000 0.0410
016320 0.6207 0.3383 0.0000 0.0410
016340 0.6207 0.3383 0.0000 0.0410
016360 0.6207 0.3383 0.0000 0.0410
016380 0.6207 0.3383 0.0000 0.0410
016400 0.6207 0.3383 0.0000 0.0410
016420 0.6207 0.3383 0.0000 0.0410
016440 0.6207 0.3383 0.0000 0.0410
016460 0.6207 0.3383 0.0000 0.0410
016480 0.6207 0.3383 0.0000 0.0410
016500 0.6207 0.3383 0.0000 0.0410
016520 0.6207 0.3383 0.0000 0.0410
016540 0.6207 0.3383 0.0000 0.0410
016560 0.6207 0.3383 0.0000 0.0410
016580 0.6207 0.3383 0.0000 0.0410
016600 0.6207 0.3383 0.0000 0.0410
016620 0.6207 0.3383 0.0000 0.0410
016640 0.6207 0.3383 0.0000 0.0410
016660 0.6207 0.3383 0.0000 0.0410
016680 0.6207 0.3383 0.0000 0.0410
016700 0.6207 0.3383 0.0000 0.0410
016720 0.6207 0.3383 0.0000 0.0410
016740 0.6207 0.3383 0.0000 0.0410
016760 0.6207 0.3383 0.0000 0.0410
016780 0.6207 0.3383 0.0000 0.0410
016800 0.6207 0.3383 0.0000 0.0410
016820 0.6207 0.3383 0.0000 0.0410
016840 0.6207 0.3383 0.0000 0.0410
016860 0.6207 0.3383 0.0000 0.0410
016880 0.6207 0.3383 0.0000 0.0410
016900 0.6207 0.3383 0.0000 0.0410
016920 0.6207 0.3383 0.0000 0.0410
016940 0.6207 0.3383 0.0000 0.0410
016960 0.6207 0.3383 0.0000 0.0410
016980 0.6207 0.3383 0.0000 0.0410
017000 0.6207 0.3383 0.0000 0.0410
017020 0.6207 0.3383 0.0000 0.0410
017040 0.6207 0.3383 0.0000 0.0410
017060 0.6207 0.3383 0.0000 0.0410
017080 0.6207 0.3383 0.0000 0.0410
017100 0.6207 0.3383 0.0000 0.0410
017120 0.6207 0.3383 0.0000 0.0410
017140 0.6207 0.3383 0.0000 0.0410
017160 0.6207 0.3383 0.0000 0.0410
017180 0.6207 0.3383 0.0000 0.0410
017200 0.6207 0.3383 0.0000 0.0410
017220 0.6207 0.3383 0.0000 0.0410
017240 0.6207 0.3383 0.0000 0.0410
017260 0.6207 0.3383 0.0000 0.0410
017280 0.6207 0.3383 0.0000 0.0410
017300 0.6207 0.3383 0.0000 0.0410
017320 0.6207 0.3383 0.0000 0.0410
017340 0.6207 0.3383 0.0000 0.0410
017360 0.6207 0.3383 0.0000 0.0410
017380 0.6207 0.3383 0.0000 0.0410
017400 0.6207 0.3383 0.0000 0.0410
017420 0.6207 0.3383 0.0000 0.0410
017440 0.6207 0.3383 0.0000 0.0410
017460 0.6207 0.3383 0.0000 0.0410
017480 0.6207 0.3383 0.0000 0.0410
017500 0.6207 0.3383 0.0000 0.0410
017520 0.6207 0.3383 0.0000 0.0410
017540 0.6207 0.3383 0.0000 0.0410
017560 0.6207 0.3383 0.0000 0.0410
017580 0.6207 0.3383 0.0000 0.0410
017600 0.6207 0.3383 0.0000 0.0410
017620 0.6207 0.3383 0.0000 0.0410
017640 0.6207 0.3383 0.0000 0.0410
017660 0.6207 0.3383 0.0000 0.0410
017680 0.6207 0.3383 0.0000 0.0410
017700 0.6207 0.3383 0.0000 0.0410
017720 0.6207 0.3383 0.0000 0.0410
017740 0.6207 0.3383 0.0000 0.0410
017760 0.6207 0.3383 0.0000 0.0410
017780 0.6207 0.3383 0.0000 0.0410
017800 0.6207 0.3383 0.0000 0.0410
017820 0.6207 0.3383 0.0000 0.0410
017840 0.6207 0.3383 0.0000 0.0410
017860 0.6207 0.3383 0.0000 0.0410
017880 0.6207 0.3383 0.0000 0.0410
017900 0.6207 0.3383 0.0000 0.0410
017920 0.6207 0.3383 0.0000 0.0410
017940 0.6207 0.3383 0.0000 0.0410
017960 0.6207 0.3383 0.0000 0.0410
017980 0.6207 0.3383 0.0000 0.0410
018000 0.6207 0.3383 0.0000 0.0410
018020 0.6207 0.3383 0.0000 0.0410
018040 0.6207 0.3383 0.0000 0.0410
018060 0.6207 0.3383 0.0000 0.0410
018080 0.6207 0.3383 0.0000 0.0410
018100 0.6207 0.3383 0.0000 0.0410
018120 0.6207 0.3383 0.0000 0.0410
018140 0.6207 0.3383 0.0000 0.0410
018160 0.6207 0.3383 0.0000 0.0410
018180 0.6207 0.3383 0.0000 0.0410
018200 0.6207 0.3383 0.0000 0.0410
018220 0.6207 0.3383 0.0000 0.0410
018240 0.6207 0.3383 0.0000 0.0410
018260 0.6207 0.3383 0.0000 0.0410
018280 0.6207 0.3383 0.0000 0.0410
018300 0.6207 0.3383 0.0000 0.0410
018320 0.6207 0.3383 0.0000 0.0410
018340 0.6207 0.3383 0.0000 0.0410
018360 0.6207 0.3383 0.0000 0.0410
018380 0.6207 0.3383 0.0000 0.0410
018400 0.6207 0.3383 0.0000 0.0410
018420 0.6207 0.3383 0.0000 0.0410
018440 0.6207 0.3383 0.0000 0.0410
018460 0.6207 0.3383 0.0000 0.0410
018480 0.6207 0.3383 0.0000 0.0410
018500 0.6207 0.3383 0.0000 0.0410
018520 0.6207 0.3383 0.0000 0.0410
018540 0.6207 0.3383 0.0000 0.0410
018560 0.6207 0.3383 0.0000 0.0410
018580 0.6207 0.3383 0.0000 0.0410
018600 0.6207 0.3383 0.0000 0.0410
018620 0.6207 0.3383 0.0000 0.0410
018640 0.6207 0.3383 0.0000 0.0410
018660 0.6207 0.3383 0.0000 0.0410
018680 0.6207 0.3383 0.0000 0.0410
018700 0.6207 0.3383 0.0000 0.0410
018720 0.6207 0.3383 0.0000 0.0410
018740 0.6207 0.3383 0.0000 0.0410
018760 0.6207 0.3383 0.0000 0.0410
018780 0.6207 0.3383 0.0000 0.0410
018800 0.6207 0.3383 0.0000 0.0410
018820 0.6207 0.3383 0.0000 0.0410
018840 0.6207 0.3383 0.0000 0.0410
018860 0.6207 0.3383 0.0000 0.0410
018880 0.6207 0.3383 0.0000 0.0410
018900 0.6207 0.3383 0.0000 0.0410
018920 0.6207 0.3383 0.0000 0.0410
018940 0.6207 0.3383 0.0000 0.0410
018960 0.6207 0.3383 0.0000 0.0410
018980 0.6207 0.3383 0.0000 0.0410
019000 0.6207 0.3383 0.0000 0.0410
019020 0.6207 0.3383 0.0000 0.0410
019040 0.6207 0.3383 0.0000 0.0410
019060 0.6207 0.3383 0.0000 0.0410
019080 0.6207 0.3383 0.0000 0.0410
019100 0.6207 0.3383 0.0000 0.0410
019120 0.6207 0.3383 0.0000 0.0410
019140 0.6207 0.3383 0.0000 0.0410
019160 0.6207 0.3383 0.0000 0.0410
019180 0.6207 0.3383 0.0000 0.0410
019200 0.6207 0.3383 0.0000 0.0410
019220 0.6207 0.3383 0.0000 0.0410
019240 0.6207 0.3383 0.0000 0.0410
019260 0.6207 0.3383 0.0000 0.0410
019280 0.6207 0.3383 0.0000 0.0410
019300 0.6207 0.3383 0.0000 0.0410
019320 0.6207 0.3383 0.0000 0.0410
019340 0.6207 0.3383 0.0000 0.0410
019360 0.6207 0.3383 0.0000 0.0410
019380 0.6207 0.3383 0.0000 0.0410
019400 0.6207 0.3383 0.0000 0.0410
019420 0.6207 0.3383 0.0000 0.0410
019440 0.6207 0.3383 0.0000 0.0410
019460 0.6207 0.3383 0.0000 0.0410
019480 0.6207 0.3383 0.0000 0.0410
019500 0.6207 0.3383 0.0000 0.0410
019520 0.6207 0.3383 0.0000 0.0410
019540 0.6207 0.3383 0.0000 0.0410
019560 0.6207 0.3383 0.0000 0.0410
019580 0.6207 0.3383 0.0000 0.0410
019600 0.6207 0.3383 0.0000 0.0410
019620 0.6207 0.3383 0.0000 0.0410
019640 0.6207 0.3383 0.0000 0.0410
019660 0.6207 0.3383 0.0000 0.0410
019680 0.6207 0.3383 0.0000 0.0410
019700 0.6207 0.3383 0.0000 0.0410
019720 0.6207 0.3383 0.0000 0.0410
019740 0.6207 0.3383 0.0000 0.0410
019760 0.6207 0.3383 0.0000 0.0410
019780 0.6207 0.3383 0.0000 0.0410
019800 0.6207 0.3383 0.0000 0.0410
019820 0.6207 0.3383 0.0000 0.0410
019840 0.6207 0.3383 0.0000 0.0410
019860 0.6207 0.3383 0.0000 0.0410
019880 0.6207 0.3383 0.0000 0.0410
019900 0.6207 0.3383 0.0000 0.0410
019920 0.6207 0.3383 0.0000 0.0410
019940 0.6207 0.3383 0.0000 0.0410
019960 0.6207 0.3383 0.0000 0.0410
019980 0.6207 0.3383 0.0000 0.0410
020000 0.6207 0.3383 0.0000 0.0410
