000000 0.2500 0.2500 0.2500 0.2500
000020 0.2594 0.2597 0.2296 0.2512
000040 0.2699 0.2706 0.2082 0.2513
000060 0.2798 0.2817 0.1871 0.2514
000080 0.2895 0.2930 0.1666 0.2509
000100 0.2973 0.3059 0.1478 0.2490
000120 0.3033 0.3199 0.1301 0.2467
000140 0.3081 0.3356 0.1131 0.2432
000160 0.3130 0.3510 0.0973 0.2387
000180 0.3150 0.3684 0.0825 0.2341
000200 0.3159 0.3867 0.0689 0.2286
000220 0.3153 0.4059 0.0567 0.2220
000240 0.3134 0.4258 0.0459 0.2148
000260 0.3104 0.4472 0.0360 0.2065
000280 0.3068 0.4688 0.0278 0.1966
000300 0.3023 0.4911 0.0204 0.1862
000320 0.2970 0.5136 0.0142 0.1752
000340 0.2903 0.5371 0.0091 0.1636
000360 0.2827 0.5609 0.0054 0.1510
000380 0.2754 0.5851 0.0027 0.1368
000400 0.2672 0.6098 0.0008 0.1221
000420 0.2585 0.6339 0.0000 0.1076
000440 0.2508 0.6589 0.0000 0.0903
000460 0.2448 0.6838 0.0000 0.0714
000480 0.2398 0.7013 0.0000 0.0588
000500 0.2360 0.7169 0.0000 0.0471
000520 0.2335 0.7285 0.0000 0.0380
000540 0.2337 0.7377 0.0000 0.0285
000560 0.2394 0.7401 0.0000 0.0206
000580 0.2479 0.7373 0.0000 0.0148
000600 0.2576 0.7315 0.0000 0.0109
000620 0.2697 0.7222 0.0000 0.0081
000640 0.2837 0.7097 0.0000 0.0066
000660 0.2959 0.6972 0.0000 0.0069
000680 0.3059 0.6870 0.0000 0.0072
000700 0.3154 0.6776 0.0000 0.0070
000720 0.3234 0.6683 0.0000 0.0083
000740 0.3297 0.6612 0.0000 0.0092
000760 0.3327 0.6564 0.0000 0.0109
000780 0.3362 0.6527 0.0000 0.0111
000800 0.3387 0.6497 0.0000 0.0116
000820 0.3404 0.6475 0.0000 0.0121
000840 0.3412 0.6458 0.0000 0.0130
000860 0.3434 0.6427 0.0000 0.0140
000880 0.3427 0.6421 0.0000 0.0152
000900 0.3442 0.6406 0.0000 0.0152
000920 0.3454 0.6397 0.0000 0.0149
000940 0.3464 0.6375 0.0000 0.0160
000960 0.3475 0.6366 0.0000 0.0159
000980 0.3481 0.6350 0.0000 0.0169
001000 0.3463 0.6365 0.0000 0.0171
001020 0.3457 0.6357 0.0000 0.0187
001040 0.3470 0.6344 0.0000 0.0186
001060 0.3513 0.6324 0.0000 0.0163
001080 0.3595 0.6249 0.0000 0.0156
001100 0.3694 0.6149 0.0000 0.0157
001120 0.3823 0.6029 0.0000 0.0148
001140 0.3959 0.5891 0.0000 0.0150
001160 0.4070 0.5780 0.0000 0.0150
001180 0.4189 0.5667 0.0000 0.0144
001200 0.4266 0.5573 0.0000 0.0161
001220 0.4293 0.5529 0.0000 0.0178
001240 0.4326 0.5503 0.0000 0.0171
001260 0.4394 0.5426 0.0000 0.0180
001280 0.4473 0.5347 0.0000 0.0179
001300 0.4504 0.5300 0.0000 0.0196
001320 0.4526 0.5261 0.0000 0.0213
001340 0.4512 0.5262 0.0000 0.0226
001360 0.4512 0.5263 0.0000 0.0225
001380 0.4534 0.5263 0.0000 0.0203
001400 0.4626 0.5184 0.0000 0.0189
001420 0.4733 0.5081 0.0000 0.0187
001440 0.4889 0.4933 0.0000 0.0178
001460 0.5018 0.4779 0.0000 0.0202
001480 0.5064 0.4718 0.0000 0.0219
001500 0.5102 0.4672 0.0000 0.0226
001520 0.5136 0.4629 0.0000 0.0236
001540 0.5148 0.4608 0.0000 0.0243
001560 0.5168 0.4594 0.0000 0.0238
001580 0.5180 0.4558 0.0000 0.0262
001600 0.5173 0.4560 0.0000 0.0267
001620 0.5199 0.4545 0.0000 0.0256
001640 0.5229 0.4522 0.0000 0.0248
001660 0.5321 0.4441 0.0000 0.0237
001680 0.5430 0.4339 0.0000 0.0231
001700 0.5549 0.4223 0.0000 0.0228
001720 0.5693 0.4082 0.0000 0.0225
001740 0.5823 0.3946 0.0000 0.0230
001760 0.5930 0.3841 0.0000 0.0229
001780 0.5997 0.3778 0.0000 0.0225
001800 0.6048 0.3716 0.0000 0.0236
001820 0.6086 0.3667 0.0000 0.0247
001840 0.6121 0.3606 0.0000 0.0273
001860 0.6104 0.3621 0.0000 0.0275
001880 0.6068 0.3646 0.0000 0.0286
001900 0.6059 0.3658 0.0000 0.0283
001920 0.6043 0.3678 0.0000 0.0279
001940 0.6005 0.3696 0.0000 0.0299
001960 0.5929 0.3743 0.0000 0.0327
001980 0.5849 0.3825 0.0000 0.0326
002000 0.5819 0.3875 0.0000 0.0306
002020 0.5870 0.3857 0.0000 0.0274
002040 0.5975 0.3766 0.0000 0.0259
002060 0.6084 0.3650 0.0000 0.0265
002080 0.6132 0.3603 0.0000 0.0265
002100 0.6185 0.3541 0.0000 0.0274
002120 0.6163 0.3546 0.0000 0.0291
002140 0.6145 0.3558 0.0000 0.0297
002160 0.6128 0.3571 0.0000 0.0301
002180 0.6151 0.3566 0.0000 0.0283
002200 0.6205 0.3528 0.0000 0.0267
002220 0.6275 0.3461 0.0000 0.0264
002240 0.6325 0.3397 0.0000 0.0278
002260 0.6304 0.3396 0.0000 0.0300
002280 0.6244 0.3448 0.0000 0.0308
002300 0.6180 0.3510 0.0000 0.0310
002320 0.6155 0.3534 0.0000 0.0310
002340 0.6096 0.3587 0.0000 0.0317
002360 0.6043 0.3646 0.0000 0.0311
002380 0.6045 0.3667 0.0000 0.0288
002400 0.6091 0.3642 0.0000 0.0267
002420 0.6217 0.3535 0.0000 0.0248
002440 0.6291 0.3443 0.0000 0.0266
002460 0.6342 0.3388 0.0000 0.0270
002480 0.6368 0.3364 0.0000 0.0268
002500 0.6383 0.3327 0.0000 0.0290
002520 0.6384 0.3328 0.0000 0.0288
002540 0.6376 0.3322 0.0000 0.0302
002560 0.6332 0.3380 0.0000 0.0288
002580 0.6345 0.3372 0.0000 0.0282
002600 0.6365 0.3354 0.0000 0.0281
002620 0.6323 0.3368 0.0000 0.0309
002640 0.6237 0.3450 0.0000 0.0313
002660 0.6170 0.3516 0.0000 0.0314
002680 0.6093 0.3586 0.0000 0.0321
002700 0.6050 0.3638 0.0000 0.0312
002720 0.6031 0.3667 0.0000 0.0301
002740 0.6100 0.3622 0.0000 0.0278
002760 0.6192 0.3550 0.0000 0.0258
002780 0.6230 0.3503 0.0000 0.0267
002800 0.6280 0.3451 0.0000 0.0269
002820 0.6312 0.3414 0.0000 0.0274
002840 0.6352 0.3361 0.0000 0.0287
002860 0.6369 0.3342 0.0000 0.0289
002880 0.6385 0.3339 0.0000 0.0276
002900 0.6407 0.3312 0.0000 0.0281
002920 0.6396 0.3308 0.0000 0.0296
002940 0.6352 0.3337 0.0000 0.0312
002960 0.6272 0.3420 0.0000 0.0307
002980 0.6229 0.3479 0.0000 0.0292
003000 0.6212 0.3492 0.0000 0.0295
003020 0.6216 0.3497 0.0000 0.0287
003040 0.6266 0.3459 0.0000 0.0275
003060 0.6260 0.3442 0.0000 0.0299
003080 0.6214 0.3485 0.0000 0.0302
003100 0.6201 0.3508 0.0000 0.0291
003120 0.6203 0.3515 0.0000 0.0283
003140 0.6213 0.3501 0.0000 0.0286
003160 0.6223 0.3489 0.0000 0.0288
003180 0.6244 0.3467 0.0000 0.0289
003200 0.6264 0.3435 0.0000 0.0301
003220 0.6237 0.3472 0.0000 0.0291
003240 0.6216 0.3501 0.0000 0.0283
003260 0.6200 0.3508 0.0000 0.0292
003280 0.6212 0.3497 0.0000 0.0291
003300 0.6228 0.3499 0.0000 0.0273
003320 0.6245 0.3477 0.0000 0.0279
003340 0.6233 0.3471 0.0000 0.0296
003360 0.6206 0.3484 0.0000 0.0310
003380 0.6152 0.3533 0.0000 0.0315
003400 0.6140 0.3578 0.0000 0.0282
003420 0.6171 0.3546 0.0000 0.0284
003440 0.6195 0.3534 0.0000 0.0271
003460 0.6250 0.3480 0.0000 0.0270
003480 0.6291 0.3444 0.0000 0.0266
003500 0.6326 0.3409 0.0000 0.0265
003520 0.6367 0.3365 0.0000 0.0269
003540 0.6399 0.3334 0.0000 0.0268
003560 0.6450 0.3301 0.0000 0.0249
003580 0.6510 0.3240 0.0000 0.0250
003600 0.6502 0.3227 0.0000 0.0270
003620 0.6505 0.3219 0.0000 0.0276
003640 0.6467 0.3236 0.0000 0.0297
003660 0.6341 0.3335 0.0000 0.0324
003680 0.6193 0.3469 0.0000 0.0338
003700 0.6079 0.3596 0.0000 0.0325
003720 0.6015 0.3670 0.0000 0.0315
003740 0.6011 0.3688 0.0000 0.0301
003760 0.6049 0.3672 0.0000 0.0279
003780 0.6080 0.3623 0.0000 0.0297
003800 0.6098 0.3600 0.0000 0.0302
003820 0.6138 0.3566 0.0000 0.0295
003840 0.6140 0.3569 0.0000 0.0290
003860 0.6187 0.3525 0.0000 0.0288
003880 0.6165 0.3538 0.0000 0.0298
003900 0.6194 0.3519 0.0000 0.0287
003920 0.6204 0.3511 0.0000 0.0285
003940 0.6209 0.3505 0.0000 0.0286
003960 0.6210 0.3502 0.0000 0.0288
003980 0.6194 0.3507 0.0000 0.0299
004000 0.6219 0.3510 0.0000 0.0270
004020 0.6273 0.3473 0.0000 0.0254
004040 0.6309 0.3422 0.0000 0.0270
004060 0.6336 0.3388 0.0000 0.0275
004080 0.6365 0.3355 0.0000 0.0280
004100 0.6415 0.3323 0.0000 0.0263
004120 0.6445 0.3276 0.0000 0.0278
004140 0.6429 0.3282 0.0000 0.0289
004160 0.6393 0.3300 0.0000 0.0307
004180 0.6294 0.3391 0.0000 0.0315
004200 0.6216 0.3480 0.0000 0.0304
004220 0.6182 0.3515 0.0000 0.0304
004240 0.6178 0.3529 0.0000 0.0293
004260 0.6184 0.3528 0.0000 0.0289
004280 0.6210 0.3516 0.0000 0.0274
004300 0.6243 0.3502 0.0000 0.0255
004320 0.6300 0.3432 0.0000 0.0268
004340 0.6318 0.3398 0.0000 0.0285
004360 0.6322 0.3371 0.0000 0.0307
004380 0.6251 0.3436 0.0000 0.0313
004400 0.6222 0.3479 0.0000 0.0299
004420 0.6171 0.3531 0.0000 0.0298
004440 0.6129 0.3565 0.0000 0.0306
004460 0.6104 0.3600 0.0000 0.0297
004480 0.6099 0.3601 0.0000 0.0300
004500 0.6094 0.3603 0.0000 0.0303
004520 0.6132 0.3591 0.0000 0.0277
004540 0.6215 0.3524 0.0000 0.0261
004560 0.6317 0.3426 0.0000 0.0257
004580 0.6365 0.3359 0.0000 0.0276
004600 0.6373 0.3341 0.0000 0.0286
004620 0.6344 0.3360 0.0000 0.0296
004640 0.6343 0.3382 0.0000 0.0274
004660 0.6354 0.3382 0.0000 0.0264
004680 0.6373 0.3347 0.0000 0.0279
004700 0.6381 0.3340 0.0000 0.0279
004720 0.6343 0.3364 0.0000 0.0293
004740 0.6291 0.3397 0.0000 0.0312
004760 0.6196 0.3487 0.0000 0.0318
004780 0.6134 0.3555 0.0000 0.0311
004800 0.6084 0.3614 0.0000 0.0302
004820 0.6101 0.3626 0.0000 0.0273
004840 0.6159 0.3571 0.0000 0.0269
004860 0.6219 0.3499 0.0000 0.0282
004880 0.6249 0.3459 0.0000 0.0291
004900 0.6228 0.3473 0.0000 0.0299
004920 0.6233 0.3469 0.0000 0.0298
004940 0.6246 0.3471 0.0000 0.0283
004960 0.6235 0.3487 0.0000 0.0277
004980 0.6237 0.3476 0.0000 0.0287
005000 0.6226 0.3487 0.0000 0.0288
005020 0.6245 0.3464 0.0000 0.0292
005040 0.6256 0.3454 0.0000 0.0290
005060 0.6254 0.3455 0.0000 0.0291
005080 0.6221 0.3486 0.0000 0.0294
005100 0.6234 0.3481 0.0000 0.0285
005120 0.6262 0.3464 0.0000 0.0274
005140 0.6280 0.3440 0.0000 0.0280
005160 0.6270 0.3433 0.0000 0.0297
005180 0.6238 0.3458 0.0000 0.0304
005200 0.6248 0.3462 0.0000 0.0289
005220 0.6303 0.3424 0.0000 0.0274
005240 0.6301 0.3423 0.0000 0.0275
005260 0.6312 0.3409 0.0000 0.0280
005280 0.6339 0.3377 0.0000 0.0284
005300 0.6326 0.3372 0.0000 0.0302
005320 0.6289 0.3402 0.0000 0.0308
005340 0.6253 0.3445 0.0000 0.0301
005360 0.6215 0.3479 0.0000 0.0306
005380 0.6184 0.3512 0.0000 0.0304
005400 0.6126 0.3556 0.0000 0.0318
005420 0.6118 0.3583 0.0000 0.0299
005440 0.6129 0.3583 0.0000 0.0287
005460 0.6158 0.3558 0.0000 0.0284
005480 0.6163 0.3532 0.0000 0.0305
005500 0.6210 0.3516 0.0000 0.0274
005520 0.6260 0.3474 0.0000 0.0266
005540 0.6338 0.3392 0.0000 0.0270
005560 0.6448 0.3310 0.0000 0.0242
005580 0.6506 0.3224 0.0000 0.0270
005600 0.6524 0.3200 0.0000 0.0276
005620 0.6513 0.3216 0.0000 0.0271
005640 0.6509 0.3216 0.0000 0.0275
005660 0.6484 0.3233 0.0000 0.0283
005680 0.6452 0.3280 0.0000 0.0267
005700 0.6414 0.3297 0.0000 0.0289
005720 0.6363 0.3332 0.0000 0.0305
005740 0.6314 0.3372 0.0000 0.0314
005760 0.6256 0.3438 0.0000 0.0307
005780 0.6197 0.3490 0.0000 0.0313
005800 0.6148 0.3555 0.0000 0.0297
005820 0.6156 0.3551 0.0000 0.0293
005840 0.6181 0.3561 0.0000 0.0259
005860 0.6238 0.3503 0.0000 0.0259
005880 0.6263 0.3458 0.0000 0.0280
005900 0.6261 0.3430 0.0000 0.0310
005920 0.6277 0.3419 0.0000 0.0304
005940 0.6300 0.3407 0.0000 0.0293
005960 0.6327 0.3395 0.0000 0.0278
005980 0.6295 0.3406 0.0000 0.0299
006000 0.6276 0.3427 0.0000 0.0297
006020 0.6239 0.3462 0.0000 0.0299
006040 0.6189 0.3496 0.0000 0.0315
006060 0.6100 0.3573 0.0000 0.0326
006080 0.6002 0.3659 0.0000 0.0339
006100 0.5940 0.3741 0.0000 0.0319
006120 0.5891 0.3793 0.0000 0.0316
006140 0.5917 0.3792 0.0000 0.0291
006160 0.5951 0.3771 0.0000 0.0278
006180 0.6050 0.3695 0.0000 0.0255
006200 0.6197 0.3567 0.0000 0.0236
006220 0.6359 0.3404 0.0000 0.0237
006240 0.6504 0.3265 0.0000 0.0231
006260 0.6633 0.3132 0.0000 0.0235
006280 0.6689 0.3060 0.0000 0.0251
006300 0.6658 0.3066 0.0000 0.0276
006320 0.6567 0.3120 0.0000 0.0313
006340 0.6476 0.3217 0.0000 0.0306
006360 0.6363 0.3319 0.0000 0.0318
006380 0.6247 0.3420 0.0000 0.0333
006400 0.6146 0.3512 0.0000 0.0342
006420 0.6036 0.3630 0.0000 0.0334
006440 0.5965 0.3714 0.0000 0.0321
006460 0.5932 0.3767 0.0000 0.0302
006480 0.5933 0.3787 0.0000 0.0280
006500 0.5976 0.3751 0.0000 0.0273
006520 0.6028 0.3701 0.0000 0.0271
006540 0.6128 0.3605 0.0000 0.0267
006560 0.6209 0.3513 0.0000 0.0278
006580 0.6285 0.3449 0.0000 0.0266
006600 0.6378 0.3353 0.0000 0.0269
006620 0.6445 0.3287 0.0000 0.0268
006640 0.6431 0.3288 0.0000 0.0281
006660 0.6421 0.3303 0.0000 0.0277
006680 0.6400 0.3322 0.0000 0.0278
006700 0.6348 0.3356 0.0000 0.0296
006720 0.6295 0.3409 0.0000 0.0296
006740 0.6226 0.3471 0.0000 0.0304
006760 0.6222 0.3498 0.0000 0.0280
006780 0.6219 0.3493 0.0000 0.0288
006800 0.6213 0.3477 0.0000 0.0310
006820 0.6159 0.3522 0.0000 0.0319
006840 0.6119 0.3571 0.0000 0.0310
006860 0.6094 0.3600 0.0000 0.0306
006880 0.6079 0.3612 0.0000 0.0309
006900 0.6081 0.3622 0.0000 0.0298
006920 0.6068 0.3632 0.0000 0.0301
006940 0.6104 0.3604 0.0000 0.0292
006960 0.6090 0.3596 0.0000 0.0313
006980 0.6070 0.3625 0.0000 0.0305
007000 0.6121 0.3602 0.0000 0.0277
007020 0.6159 0.3572 0.0000 0.0270
007040 0.6236 0.3507 0.0000 0.0257
007060 0.6322 0.3419 0.0000 0.0259
007080 0.6354 0.3371 0.0000 0.0275
007100 0.6406 0.3325 0.0000 0.0269
007120 0.6398 0.3311 0.0000 0.0291
007140 0.6377 0.3336 0.0000 0.0287
007160 0.6372 0.3359 0.0000 0.0269
007180 0.6377 0.3348 0.0000 0.0276
007200 0.6341 0.3366 0.0000 0.0293
007220 0.6275 0.3414 0.0000 0.0311
007240 0.6234 0.3458 0.0000 0.0308
007260 0.6188 0.3513 0.0000 0.0299
007280 0.6178 0.3515 0.0000 0.0307
007300 0.6142 0.3544 0.0000 0.0314
007320 0.6134 0.3562 0.0000 0.0304
007340 0.6148 0.3574 0.0000 0.0278
007360 0.6188 0.3543 0.0000 0.0269
007380 0.6188 0.3518 0.0000 0.0295
007400 0.6175 0.3525 0.0000 0.0300
007420 0.6161 0.3544 0.0000 0.0295
007440 0.6159 0.3546 0.0000 0.0294
007460 0.6174 0.3531 0.0000 0.0296
007480 0.6202 0.3515 0.0000 0.0284
007500 0.6250 0.3470 0.0000 0.0280
007520 0.6259 0.3442 0.0000 0.0299
007540 0.6222 0.3469 0.0000 0.0308
007560 0.6186 0.3504 0.0000 0.0309
007580 0.6169 0.3535 0.0000 0.0296
007600 0.6191 0.3519 0.0000 0.0290
007620 0.6247 0.3470 0.0000 0.0282
007640 0.6286 0.3435 0.0000 0.0279
007660 0.6292 0.3411 0.0000 0.0297
007680 0.6272 0.3426 0.0000 0.0303
007700 0.6252 0.3454 0.0000 0.0294
007720 0.6206 0.3492 0.0000 0.0302
007740 0.6179 0.3517 0.0000 0.0304
007760 0.6128 0.3564 0.0000 0.0308
007780 0.6113 0.3582 0.0000 0.0305
007800 0.6096 0.3613 0.0000 0.0292
007820 0.6113 0.3588 0.0000 0.0299
007840 0.6165 0.3563 0.0000 0.0272
007860 0.6248 0.3491 0.0000 0.0261
007880 0.6278 0.3439 0.0000 0.0283
007900 0.6311 0.3405 0.0000 0.0284
007920 0.6297 0.3425 0.0000 0.0278
007940 0.6287 0.3434 0.0000 0.0278
007960 0.6284 0.3422 0.0000 0.0294
007980 0.6223 0.3475 0.0000 0.0302
008000 0.6205 0.3496 0.0000 0.0299
008020 0.6185 0.3495 0.0000 0.0320
008040 0.6150 0.3540 0.0000 0.0310
008060 0.6162 0.3554 0.0000 0.0284
008080 0.6180 0.3526 0.0000 0.0294
008100 0.6170 0.3528 0.0000 0.0302
008120 0.6111 0.3574 0.0000 0.0316
008140 0.6085 0.3618 0.0000 0.0296
008160 0.6069 0.3634 0.0000 0.0297
008180 0.6060 0.3643 0.0000 0.0298
008200 0.6077 0.3631 0.0000 0.0292
008220 0.6105 0.3624 0.0000 0.0271
008240 0.6191 0.3546 0.0000 0.0263
008260 0.6253 0.3474 0.0000 0.0274
008280 0.6250 0.3462 0.0000 0.0288
008300 0.6273 0.3442 0.0000 0.0286
008320 0.6295 0.3418 0.0000 0.0286
008340 0.6296 0.3414 0.0000 0.0289
008360 0.6326 0.3395 0.0000 0.0279
008380 0.6316 0.3390 0.0000 0.0294
008400 0.6270 0.3448 0.0000 0.0281
008420 0.6232 0.3472 0.0000 0.0297
008440 0.6204 0.3495 0.0000 0.0301
008460 0.6153 0.3542 0.0000 0.0305
008480 0.6157 0.3541 0.0000 0.0302
008500 0.6159 0.3544 0.0000 0.0297
008520 0.6165 0.3538 0.0000 0.0297
008540 0.6165 0.3542 0.0000 0.0294
008560 0.6180 0.3530 0.0000 0.0290
008580 0.6177 0.3520 0.0000 0.0303
008600 0.6107 0.3570 0.0000 0.0324
008620 0.6069 0.3632 0.0000 0.0299
008640 0.6038 0.3656 0.0000 0.0306
008660 0.6057 0.3658 0.0000 0.0284
008680 0.6141 0.3601 0.0000 0.0258
008700 0.6255 0.3506 0.0000 0.0238
008720 0.6375 0.3373 0.0000 0.0253
008740 0.6451 0.3277 0.0000 0.0272
008760 0.6420 0.3285 0.0000 0.0295
008780 0.6332 0.3362 0.0000 0.0306
008800 0.6266 0.3423 0.0000 0.0311
008820 0.6175 0.3516 0.0000 0.0309
008840 0.6115 0.3573 0.0000 0.0313
008860 0.6079 0.3613 0.0000 0.0308
008880 0.6058 0.3646 0.0000 0.0296
008900 0.6087 0.3621 0.0000 0.0293
008920 0.6135 0.3585 0.0000 0.0280
008940 0.6164 0.3545 0.0000 0.0291
008960 0.6225 0.3489 0.0000 0.0286
008980 0.6265 0.3450 0.0000 0.0285
009000 0.6296 0.3414 0.0000 0.0290
009020 0.6304 0.3409 0.0000 0.0287
009040 0.6296 0.3411 0.0000 0.0294
009060 0.6274 0.3415 0.0000 0.0311
009080 0.6213 0.3470 0.0000 0.0317
009100 0.6135 0.3540 0.0000 0.0325
009120 0.6096 0.3581 0.0000 0.0323
009140 0.6039 0.3633 0.0000 0.0328
009160 0.5994 0.3693 0.0000 0.0312
009180 0.6064 0.3663 0.0000 0.0273
009200 0.6198 0.3544 0.0000 0.0258
009220 0.6282 0.3465 0.0000 0.0253
009240 0.6378 0.3375 0.0000 0.0247
009260 0.6449 0.3297 0.0000 0.0254
009280 0.6447 0.3283 0.0000 0.0270
009300 0.6446 0.3276 0.0000 0.0278
009320 0.6365 0.3322 0.0000 0.0313
009340 0.6281 0.3401 0.0000 0.0319
009360 0.6180 0.3506 0.0000 0.0314
009380 0.6119 0.3568 0.0000 0.0313
009400 0.6080 0.3625 0.0000 0.0294
009420 0.6093 0.3606 0.0000 0.0301
009440 0.6048 0.3633 0.0000 0.0319
009460 0.6041 0.3654 0.0000 0.0304
009480 0.6069 0.3644 0.0000 0.0287
009500 0.6107 0.3610 0.0000 0.0284
009520 0.6119 0.3598 0.0000 0.0282
009540 0.6152 0.3572 0.0000 0.0276
009560 0.6180 0.3538 0.0000 0.0282
009580 0.6248 0.3479 0.0000 0.0274
009600 0.6279 0.3439 0.0000 0.0282
009620 0.6268 0.3430 0.0000 0.0301
009640 0.6222 0.3476 0.0000 0.0302
009660 0.6195 0.3523 0.0000 0.0282
009680 0.6199 0.3516 0.0000 0.0285
009700 0.6190 0.3506 0.0000 0.0304
009720 0.6169 0.3520 0.0000 0.0311
009740 0.6138 0.3557 0.0000 0.0305
009760 0.6131 0.3572 0.0000 0.0297
009780 0.6130 0.3584 0.0000 0.0287
009800 0.6127 0.3586 0.0000 0.0287
009820 0.6161 0.3575 0.0000 0.0264
009840 0.6235 0.3508 0.0000 0.0257
009860 0.6304 0.3422 0.0000 0.0274
009880 0.6325 0.3378 0.0000 0.0297
009900 0.6304 0.3399 0.0000 0.0297
009920 0.6330 0.3387 0.0000 0.0282
009940 0.6293 0.3408 0.0000 0.0299
009960 0.6230 0.3464 0.0000 0.0306
009980 0.6170 0.3525 0.0000 0.0305
010000 0.6165 0.3547 0.0000 0.0287
010020 0.6118 0.3588 0.0000 0.0293
010040 0.6118 0.3588 0.0000 0.0293
010060 0.6118 0.3588 0.0000 0.0293
010080 0.6118 0.3588 0.0000 0.0293
010100 0.6118 0.3588 0.0000 0.0293
010120 0.6118 0.3588 0.0000 0.0293
010140 0.6118 0.3588 0.0000 0.0293
010160 0.6118 0.3588 0.0000 0.0293
010180 0.6118 0.3588 0.0000 0.0293
010200 0.6118 0.3588 0.0000 0.0293
010220 0.6118 0.3588 0.0000 0.0293
010240 0.6118 0.3588 0.0000 0.0293
010260 0.6118 0.3588 0.0000 0.0293
010280 0.6118 0.3588 0.0000 0.0293
010300 0.6118 0.3588 0.0000 0.0293
010320 0.6118 0.3588 0.0000 0.0293
010340 0.6118 0.3588 0.0000 0.0293
010360 0.6118 0.3588 0.0000 0.0293
010380 0.6118 0.3588 0.0000 0.0293
010400 0.6118 0.3588 0.0000 0.0293
010420 0.6118 0.3588 0.0000 0.0293
010440 0.6118 0.3588 0.0000 0.0293
010460 0.6118 0.3588 0.0000 0.0293
010480 0.6118 0.3588 0.0000 0.0293
010500 0.6118 0.3588 0.0000 0.0293
010520 0.6118 0.3588 0.0000 0.0293
010540 0.6118 0.3588 0.0000 0.0293
010560 0.6118 0.3588 0.0000 0.0293
010580 0.6118 0.3588 0.0000 0.0293
010600 0.6118 0.3588 0.0000 0.0293
010620 0.6118 0.3588 0.0000 0.0293
010640 0.6118 0.3588 0.0000 0.0293
010660 0.6118 0.3588 0.0000 0.0293
010680 0.6118 0.3588 0.0000 0.0293
010700 0.6118 0.3588 0.0000 0.0293
010720 0.6118 0.3588 0.0000 0.0293
010740 0.6118 0.3588 0.0000 0.0293
010760 0.6118 0.3588 0.0000 0.0293
010780 0.6118 0.3588 0.0000 0.0293
010800 0.6118 0.3588 0.0000 0.0293
010820 0.6118 0.3588 0.0000 0.0293
010840 0.6118 0.3588 0.0000 0.0293
010860 0.6118 0.3588 0.0000 0.0293
010880 0.6118 0.3588 0.0000 0.0293
010900 0.6118 0.3588 0.0000 0.0293
010920 0.6118 0.3588 0.0000 0.0293
010940 0.6118 0.3588 0.0000 0.0293
010960 0.6118 0.3588 0.0000 0.0293
010980 0.6118 0.3588 0.0000 0.0293
011000 0.6118 0.3588 0.0000 0.0293
011020 0.6118 0.3588 0.0000 0.0293
011040 0.6118 0.3588 0.0000 0.0293
011060 0.6118 0.3588 0.0000 0.0293
011080 0.6118 0.3588 0.0000 0.0293
011100 0.6118 0.3588 0.0000 0.0293
011120 0.6118 0.3588 0.0000 0.0293
011140 0.6118 0.3588 0.0000 0.0293
011160 0.6118 0.3588 0.0000 0.0293
011180 0.6118 0.3588 0.0000 0.0293
011200 0.6118 0.3588 0.0000 0.0293
011220 0.6118 0.3588 0.0000 0.0293
011240 0.6118 0.3588 0.0000 0.0293
011260 0.6118 0.3588 0.0000 0.0293
011280 0.6118 0.3588 0.0000 0.0293
011300 0.6118 0.3588 0.0000 0.0293
011320 0.6118 0.3588 0.0000 0.0293
011340 0.6118 0.3588 0.0000 0.0293
011360 0.6118 0.3588 0.0000 0.0293
011380 0.6118 0.3588 0.0000 0.0293
011400 0.6118 0.3588 0.0000 0.0293
011420 0.6118 0.3588 0.0000 0.0293
011440 0.6118 0.3588 0.0000 0.0293
011460 0.6118 0.3588 0.0000 0.0293
011480 0.6118 0.3588 0.0000 0.0293
011500 0.6118 0.3588 0.0000 0.0293
011520 0.6118 0.3588 0.0000 0.0293
011540 0.6118 0.3588 0.0000 0.0293
011560 0.6118 0.3588 0.0000 0.0293
011580 0.6118 0.3588 0.0000 0.0293
011600 0.6118 0.3588 0.0000 0.0293
011620 0.6118 0.3588 0.0000 0.0293
011640 0.6118 0.3588 0.0000 0.0293
011660 0.6118 0.3588 0.0000 0.0293
011680 0.6118 0.3588 0.0000 0.0293
011700 0.6118 0.3588 0.0000 0.0293
011720 0.6118 0.3588 0.0000 0.0293
011740 0.6118 0.3588 0.0000 0.0293
011760 0.6118 0.3588 0.0000 0.0293
011780 0.6118 0.3588 0.0000 0.0293
011800 0.6118 0.3588 0.0000 0.0293
011820 0.6118 0.3588 0.0000 0.0293
011840 0.6118 0.3588 0.0000 0.0293
011860 0.6118 0.3588 0.0000 0.0293
011880 0.6118 0.3588 0.0000 0.0293
011900 0.6118 0.3588 0.0000 0.0293
011920 0.6118 0.3588 0.0000 0.0293
011940 0.6118 0.3588 0.0000 0.0293
011960 0.6118 0.3588 0.0000 0.0293
011980 0.6118 0.3588 0.0000 0.0293
012000 0.6118 0.3588 0.0000 0.0293
012020 0.6118 0.3588 0.0000 0.0293
012040 0.6118 0.3588 0.0000 0.0293
012060 0.6118 0.3588 0.0000 0.0293
012080 0.6118 0.3588 0.0000 0.0293
012100 0.6118 0.3588 0.0000 0.0293
012120 0.6118 0.3588 0.0000 0.0293
012140 0.6118 0.3588 0.0000 0.0293
012160 0.6118 0.3588 0.0000 0.0293
012180 0.6118 0.3588 0.0000 0.0293
012200 0.6118 0.3588 0.0000 0.0293
012220 0.6118 0.3588 0.0000 0.0293
012240 0.6118 0.3588 0.0000 0.0293
012260 0.6118 0.3588 0.0000 0.0293
012280 0.6118 0.3588 0.0000 0.0293
012300 0.6118 0.3588 0.0000 0.0293
012320 0.6118 0.3588 0.0000 0.0293
012340 0.6118 0.3588 0.0000 0.0293
012360 0.6118 0.3588 0.0000 0.0293
012380 0.6118 0.3588 0.0000 0.0293
012400 0.6118 0.3588 0.0000 0.0293
012420 0.6118 0.3588 0.0000 0.0293
012440 0.6118 0.3588 0.0000 0.0293
012460 0.6118 0.3588 0.0000 0.0293
012480 0.6118 0.3588 0.0000 0.0293
012500 0.6118 0.3588 0.0000 0.0293
012520 0.6118 0.3588 0.0000 0.0293
012540 0.6118 0.3588 0.0000 0.0293
012560 0.6118 0.3588 0.0000 0.0293
012580 0.6118 0.3588 0.0000 0.0293
012600 0.6118 0.3588 0.0000 0.0293
012620 0.6118 0.3588 0.0000 0.0293
012640 0.6118 0.3588 0.0000 0.0293
012660 0.6118 0.3588 0.0000 0.0293
012680 0.6118 0.3588 0.0000 0.0293
012700 0.6118 0.3588 0.0000 0.0293
012720 0.6118 0.3588 0.0000 0.0293
012740 0.6118 0.3588 0.0000 0.0293
012760 0.6118 0.3588 0.0000 0.0293
012780 0.6118 0.3588 0.0000 0.0293
012800 0.6118 0.3588 0.0000 0.0293
012820 0.6118 0.3588 0.0000 0.0293
012840 0.6118 0.3588 0.0000 0.0293
012860 0.6118 0.3588 0.0000 0.0293
012880 0.6118 0.3588 0.0000 0.0293
012900 0.6118 0.3588 0.0000 0.0293
012920 0.6118 0.3588 0.0000 0.0293
012940 0.6118 0.3588 0.0000 0.0293
012960 0.6118 0.3588 0.0000 0.0293
012980 0.6118 0.3588 0.0000 0.0293
013000 0.6118 0.3588 0.0000 0.0293
013020 0.6118 0.3588 0.0000 0.0293
013040 0.6118 0.3588 0.0000 0.0293
013060 0.6118 0.3588 0.0000 0.0293
013080 0.6118 0.3588 0.0000 0.0293
013100 0.6118 0.3588 0.0000 0.0293
013120 0.6118 0.3588 0.0000 0.0293
013140 0.6118 0.3588 0.0000 0.0293
013160 0.6118 0.3588 0.0000 0.0293
013180 0.6118 0.3588 0.0000 0.0293
013200 0.6118 0.3588 0.0000 0.0293
013220 0.6118 0.3588 0.0000 0.0293
013240 0.6118 0.3588 0.0000 0.0293
013260 0.6118 0.3588 0.0000 0.0293
013280 0.6118 0.3588 0.0000 0.0293
013300 0.6118 0.3588 0.0000 0.0293
013320 0.6118 0.3588 0.0000 0.0293
013340 0.6118 0.3588 0.0000 0.0293
013360 0.6118 0.3588 0.0000 0.0293
013380 0.6118 0.3588 0.0000 0.0293
013400 0.6118 0.3588 0.0000 0.0293
013420 0.6118 0.3588 0.0000 0.0293
013440 0.6118 0.3588 0.0000 0.0293
013460 0.6118 0.3588 0.0000 0.0293
013480 0.6118 0.3588 0.0000 0.0293
013500 0.6118 0.3588 0.0000 0.0293
013520 0.6118 0.3588 0.0000 0.0293
013540 0.6118 0.3588 0.0000 0.0293
013560 0.6118 0.3588 0.0000 0.0293
013580 0.6118 0.3588 0.0000 0.0293
013600 0.6118 0.3588 0.0000 0.0293
013620 0.6118 0.3588 0.0000 0.0293
013640 0.6118 0.3588 0.0000 0.0293
013660 0.6118 0.3588 0.0000 0.0293
013680 0.6118 0.3588 0.0000 0.0293
013700 0.6118 0.3588 0.0000 0.0293
013720 0.6118 0.3588 0.0000 0.0293
013740 0.6118 0.3588 0.0000 0.0293
013760 0.6118 0.3588 0.0000 0.0293
013780 0.6118 0.3588 0.0000 0.0293
013800 0.6118 0.3588 0.0000 0.0293
013820 0.6118 0.3588 0.0000 0.0293
013840 0.6118 0.3588 0.0000 0.0293
013860 0.6118 0.3588 0.0000 0.0293
013880 0.6118 0.3588 0.0000 0.0293
013900 0.6118 0.3588 0.0000 0.0293
013920 0.6118 0.3588 0.0000 0.0293
013940 0.6118 0.3588 0.0000 0.0293
013960 0.6118 0.3588 0.0000 0.0293
013980 0.6118 0.3588 0.0000 0.0293
014000 0.6118 0.3588 0.0000 0.0293
014020 0.6118 0.3588 0.0000 0.0293
014040 0.6118 0.3588 0.0000 0.0293
014060 0.6118 0.3588 0.0000 0.0293
014080 0.6118 0.3588 0.0000 0.0293
014100 0.6118 0.3588 0.0000 0.0293
014120 0.6118 0.3588 0.0000 0.0293
014140 0.6118 0.3588 0.0000 0.0293
014160 0.6118 0.3588 0.0000 0.0293
014180 0.6118 0.3588 0.0000 0.0293
014200 0.6118 0.3588 0.0000 0.0293
014220 0.6118 0.3588 0.0000 0.0293
014240 0.6118 0.3588 0.0000 0.0293
014260 0.6118 0.3588 0.0000 0.0293
014280 0.6118 0.3588 0.0000 0.0293
014300 0.6118 0.3588 0.0000 0.0293
014320 0.6118 0.3588 0.0000 0.0293
014340 0.6118 0.3588 0.0000 0.0293
014360 0.6118 0.3588 0.0000 0.0293
014380 0.6118 0.3588 0.0000 0.0293
014400 0.6118 0.3588 0.0000 0.0293
014420 0.6118 0.3588 0.0000 0.0293
014440 0.6118 0.3588 0.0000 0.0293
014460 0.6118 0.3588 0.0000 0.0293
014480 0.6118 0.3588 0.0000 0.0293
014500 0.6118 0.3588 0.0000 0.0293
014520 0.6118 0.3588 0.0000 0.0293
014540 0.6118 0.3588 0.0000 0.0293
014560 0.6118 0.3588 0.0000 0.0293
014580 0.6118 0.3588 0.0000 0.0293
014600 0.6118 0.3588 0.0000 0.0293
014620 0.6118 0.3588 0.0000 0.0293
014640 0.6118 0.3588 0.0000 0.0293
014660 0.6118 0.3588 0.0000 0.0293
014680 0.6118 0.3588 0.0000 0.0293
014700 0.6118 0.3588 0.0000 0.0293
014720 0.6118 0.3588 0.0000 0.0293
014740 0.6118 0.3588 0.0000 0.0293
014760 0.6118 0.3588 0.0000 0.0293
014780 0.6118 0.3588 0.0000 0.0293
014800 0.6118 0.3588 0.0000 0.0293
014820 0.6118 0.3588 0.0000 0.0293
014840 0.6118 0.3588 0.0000 0.0293
014860 0.6118 0.3588 0.0000 0.0293
014880 0.6118 0.3588 0.0000 0.0293
014900 0.6118 0.3588 0.0000 0.0293
014920 0.6118 0.3588 0.0000 0.0293
014940 0.6118 0.3588 0.0000 0.0293
014960 0.6118 0.3588 0.0000 0.0293
014980 0.6118 0.3588 0.0000 0.0293
015000 0.6118 0.3588 0.0000 0.0293
015020 0.6118 0.3588 0.0000 0.0293
015040 0.6118 0.3588 0.0000 0.0293
015060 0.6118 0.3588 0.0000 0.0293
015080 0.6118 0.3588 0.0000 0.0293
015100 0.6118 0.3588 0.0000 0.0293
015120 0.6118 0.3588 0.0000 0.0293
015140 0.6118 0.3588 0.0000 0.0293
015160 0.6118 0.3588 0.0000 0.0293
015180 0.6118 0.3588 0.0000 0.0293
015200 0.6118 0.3588 0.0000 0.0293
015220 0.6118 0.3588 0.0000 0.0293
015240 0.6118 0.3588 0.0000 0.0293
015260 0.6118 0.3588 0.0000 0.0293
015280 0.6118 0.3588 0.0000 0.0293
015300 0.6118 0.3588 0.0000 0.0293
015320 0.6118 0.3588 0.0000 0.0293
015340 0.6118 0.3588 0.0000 0.0293
015360 0.6118 0.3588 0.0000 0.0293
015380 0.6118 0.3588 0.0000 0.0293
015400 0.6118 0.3588 0.0000 0.0293
015420 0.6118 0.3588 0.0000 0.0293
015440 0.6118 0.3588 0.0000 0.0293
015460 0.6118 0.3588 0.0000 0.0293
015480 0.6118 0.3588 0.0000 0.0293
015500 0.6118 0.3588 0.0000 0.0293
015520 0.6118 0.3588 0.0000 0.0293
015540 0.6118 0.3588 0.0000 0.0293
015560 0.6118 0.3588 0.0000 0.0293
015580 0.6118 0.3588 0.0000 0.0293
015600 0.6118 0.3588 0.0000 0.0293
015620 0.6118 0.3588 0.0000 0.0293
015640 0.6118 0.3588 0.0000 0.0293
015660 0.6118 0.3588 0.0000 0.0293
015680 0.6118 0.3588 0.0000 0.0293
015700 0.6118 0.3588 0.0000 0.0293
015720 0.6118 0.3588 0.0000 0.0293
015740 0.6118 0.3588 0.0000 0.0293
015760 0.6118 0.3588 0.0000 0.0293
015780 0.6118 0.3588 0.0000 0.0293
015800 0.6118 0.3588 0.0000 0.0293
015820 0.6118 0.3588 0.0000 0.0293
015840 0.6118 0.3588 0.0000 0.0293
015860 0.6118 0.3588 0.0000 0.0293
015880 0.6118 0.3588 0.0000 0.0293
015900 0.6118 0.3588 0.0000 0.0293
015920 0.6118 0.3588 0.0000 0.0293
015940 0.6118 0.3588 0.0000 0.0293
015960 0.6118 0.3588 0.0000 0.0293
015980 0.6118 0.3588 0.0000 0.0293
016000 0.6118 0.3588 0.0000 0.0293
016020 0.6118 0.3588 0.0000 0.0293
016040 0.6118 0.3588 0.0000 0.0293
016060 0.6118 0.3588 0.0000 0.0293
016080 0.6118 0.3588 0.0000 0.0293
016100 0.6118 0.3588 0.0000 0.0293
016120 0.6118 0.3588 0.0000 0.0293
016140 0.6118 0.3588 0.0000 0.0293
016160 0.6118 0.3588 0.0000 0.0293
016180 0.6118 0.3588 0.0000 0.0293
016200 0.6118 0.3588 0.0000 0.0293
016220 0.6118 0.3588 0.0000 0.0293
016240 0.6118 0.3588 0.0000 0.0293
016260 0.6118 0.3588 0.0000 0.0293
016280 0.6118 0.3588 0.0000 0.0293
016300 0.6118 0.3588 0.0000 0.0293
016320 0.6118 0.3588 0.0000 0.0293
016340 0.6118 0.3588 0.0000 0.0293
016360 0.6118 0.3588 0.0000 0.0293
016380 0.6118 0.3588 0.0000 0.0293
016400 0.6118 0.3588 0.0000 0.0293
016420 0.6118 0.3588 0.0000 0.0293
016440 0.6118 0.3588 0.0000 0.0293
016460 0.6118 0.3588 0.0000 0.0293
016480 0.6118 0.3588 0.0000 0.0293
016500 0.6118 0.3588 0.0000 0.0293
016520 0.6118 0.3588 0.0000 0.0293
016540 0.6118 0.3588 0.0000 0.0293
016560 0.6118 0.3588 0.0000 0.0293
016580 0.6118 0.3588 0.0000 0.0293
016600 0.6118 0.3588 0.0000 0.0293
016620 0.6118 0.3588 0.0000 0.0293
016640 0.6118 0.3588 0.0000 0.0293
016660 0.6118 0.3588 0.0000 0.0293
016680 0.6118 0.3588 0.0000 0.0293
016700 0.6118 0.3588 0.0000 0.0293
016720 0.6118 0.3588 0.0000 0.0293
016740 0.6118 0.3588 0.0000 0.0293
016760 0.6118 0.3588 0.0000 0.0293
016780 0.6118 0.3588 0.0000 0.0293
016800 0.6118 0.3588 0.0000 0.0293
016820 0.6118 0.3588 0.0000 0.0293
016840 0.6118 0.3588 0.0000 0.0293
016860 0.6118 0.3588 0.0000 0.0293
016880 0.6118 0.3588 0.0000 0.0293
016900 0.6118 0.3588 0.0000 0.0293
016920 0.6118 0.3588 0.0000 0.0293
016940 0.6118 0.3588 0.0000 0.0293
016960 0.6118 0.3588 0.0000 0.0293
016980 0.6118 0.3588 0.0000 0.0293
017000 0.6118 0.3588 0.0000 0.0293
017020 0.6118 0.3588 0.0000 0.0293
017040 0.6118 0.3588 0.0000 0.0293
017060 0.6118 0.3588 0.0000 0.0293
017080 0.6118 0.3588 0.0000 0.0293
017100 0.6118 0.3588 0.0000 0.0293
017120 0.6118 0.3588 0.0000 0.0293
017140 0.6118 0.3588 0.0000 0.0293
017160 0.6118 0.3588 0.0000 0.0293
017180 0.6118 0.3588 0.0000 0.0293
017200 0.6118 0.3588 0.0000 0.0293
017220 0.6118 0.3588 0.0000 0.0293
017240 0.6118 0.3588 0.0000 0.0293
017260 0.6118 0.3588 0.0000 0.0293
017280 0.6118 0.3588 0.0000 0.0293
017300 0.6118 0.3588 0.0000 0.0293
017320 0.6118 0.3588 0.0000 0.0293
017340 0.6118 0.3588 0.0000 0.0293
017360 0.6118 0.3588 0.0000 0.0293
017380 0.6118 0.3588 0.0000 0.0293
017400 0.6118 0.3588 0.0000 0.0293
017420 0.6118 0.3588 0.0000 0.0293
017440 0.6118 0.3588 0.0000 0.0293
017460 0.6118 0.3588 0.0000 0.0293
017480 0.6118 0.3588 0.0000 0.0293
017500 0.6118 0.3588 0.0000 0.0293
017520 0.6118 0.3588 0.0000 0.0293
017540 0.6118 0.3588 0.0000 0.0293
017560 0.6118 0.3588 0.0000 0.0293
017580 0.6118 0.3588 0.0000 0.0293
017600 0.6118 0.3588 0.0000 0.0293
017620 0.6118 0.3588 0.0000 0.0293
017640 0.6118 0.3588 0.0000 0.0293
017660 0.6118 0.3588 0.0000 0.0293
017680 0.6118 0.3588 0.0000 0.0293
017700 0.6118 0.3588 0.0000 0.0293
017720 0.6118 0.3588 0.0000 0.0293
017740 0.6118 0.3588 0.0000 0.0293
017760 0.6118 0.3588 0.0000 0.0293
017780 0.6118 0.3588 0.0000 0.0293
017800 0.6118 0.3588 0.0000 0.0293
017820 0.6118 0.3588 0.0000 0.0293
017840 0.6118 0.3588 0.0000 0.0293
017860 0.6118 0.3588 0.0000 0.0293
017880 0.6118 0.3588 0.0000 0.0293
017900 0.6118 0.3588 0.0000 0.0293
017920 0.6118 0.3588 0.0000 0.0293
017940 0.6118 0.3588 0.0000 0.0293
017960 0.6118 0.3588 0.0000 0.0293
017980 0.6118 0.3588 0.0000 0.0293
018000 0.6118 0.3588 0.0000 0.0293
018020 0.6118 0.3588 0.0000 0.0293
018040 0.6118 0.3588 0.0000 0.0293
018060 0.6118 0.3588 0.0000 0.0293
018080 0.6118 0.3588 0.0000 0.0293
018100 0.6118 0.3588 0.0000 0.0293
018120 0.6118 0.3588 0.0000 0.0293
018140 0.6118 0.3588 0.0000 0.0293
018160 0.6118 0.3588 0.0000 0.0293
018180 0.6118 0.3588 0.0000 0.0293
018200 0.6118 0.3588 0.0000 0.0293
018220 0.6118 0.3588 0.0000 0.0293
018240 0.6118 0.3588 0.0000 0.0293
018260 0.6118 0.3588 0.0000 0.0293
018280 0.6118 0.3588 0.0000 0.0293
018300 0.6118 0.3588 0.0000 0.0293
018320 0.6118 0.3588 0.0000 0.0293
018340 0.6118 0.3588 0.0000 0.0293
018360 0.6118 0.3588 0.0000 0.0293
018380 0.6118 0.3588 0.0000 0.0293
018400 0.6118 0.3588 0.0000 0.0293
018420 0.6118 0.3588 0.0000 0.0293
018440 0.6118 0.3588 0.0000 0.0293
018460 0.6118 0.3588 0.0000 0.0293
018480 0.6118 0.3588 0.0000 0.0293
018500 0.6118 0.3588 0.0000 0.0293
018520 0.6118 0.3588 0.0000 0.0293
018540 0.6118 0.3588 0.0000 0.0293
018560 0.6118 0.3588 0.0000 0.0293
018580 0.6118 0.3588 0.0000 0.0293
018600 0.6118 0.3588 0.0000 0.0293
018620 0.6118 0.3588 0.0000 0.0293
018640 0.6118 0.3588 0.0000 0.0293
018660 0.6118 0.3588 0.0000 0.0293
018680 0.6118 0.3588 0.0000 0.0293
018700 0.6118 0.3588 0.0000 0.0293
018720 0.6118 0.3588 0.0000 0.0293
018740 0.6118 0.3588 0.0000 0.0293
018760 0.6118 0.3588 0.0000 0.0293
018780 0.6118 0.3588 0.0000 0.0293
018800 0.6118 0.3588 0.0000 0.0293
018820 0.6118 0.3588 0.0000 0.0293
018840 0.6118 0.3588 0.0000 0.0293
018860 0.6118 0.3588 0.0000 0.0293
018880 0.6118 0.3588 0.0000 0.0293
018900 0.6118 0.3588 0.0000 0.0293
018920 0.6118 0.3588 0.0000 0.0293
018940 0.6118 0.3588 0.0000 0.0293
018960 0.6118 0.3588 0.0000 0.0293
018980 0.6118 0.3588 0.0000 0.0293
019000 0.6118 0.3588 0.0000 0.0293
019020 0.6118 0.3588 0.0000 0.0293
019040 0.6118 0.3588 0.0000 0.0293
019060 0.6118 0.3588 0.0000 0.0293
019080 0.6118 0.3588 0.0000 0.0293
019100 0.6118 0.3588 0.0000 0.0293
019120 0.6118 0.3588 0.0000 0.0293
019140 0.6118 0.3588 0.0000 0.0293
019160 0.6118 0.3588 0.0000 0.0293
019180 0.6118 0.3588 0.0000 0.0293
019200 0.6118 0.3588 0.0000 0.0293
019220 0.6118 0.3588 0.0000 0.0293
019240 0.6118 0.3588 0.0000 0.0293
019260 0.6118 0.3588 0.0000 0.0293
019280 0.6118 0.3588 0.0000 0.0293
019300 0.6118 0.3588 0.0000 0.0293
019320 0.6118 0.3588 0.0000 0.0293
019340 0.6118 0.3588 0.0000 0.0293
019360 0.6118 0.3588 0.0000 0.0293
019380 0.6118 0.3588 0.0000 0.0293
019400 0.6118 0.3588 0.0000 0.0293
019420 0.6118 0.3588 0.0000 0.0293
019440 0.6118 0.3588 0.0000 0.0293
019460 0.6118 0.3588 0.0000 0.0293
019480 0.6118 0.3588 0.0000 0.0293
019500 0.6118 0.3588 0.0000 0.0293
019520 0.6118 0.3588 0.0000 0.0293
019540 0.6118 0.3588 0.0000 0.0293
019560 0.6118 0.3588 0.0000 0.0293
019580 0.6118 0.3588 0.0000 0.0293
019600 0.6118 0.3588 0.0000 0.0293
019620 0.6118 0.3588 0.0000 0.0293
019640 0.6118 0.3588 0.0000 0.0293
019660 0.6118 0.3588 0.0000 0.0293
019680 0.6118 0.3588 0.0000 0.0293
019700 0.6118 0.3588 0.0000 0.0293
019720 0.6118 0.3588 0.0000 0.0293
019740 0.6118 0.3588 0.0000 0.0293
019760 0.6118 0.3588 0.0000 0.0293
019780 0.6118 0.3588 0.0000 0.0293
019800 0.6118 0.3588 0.0000 0.0293
019820 0.6118 0.3588 0.0000 0.0293
019840 0.6118 0.3588 0.0000 0.0293
019860 0.6118 0.3588 0.0000 0.0293
019880 0.6118 0.3588 0.0000 0.0293
019900 0.6118 0.3588 0.0000 0.0293
019920 0.6118 0.3588 0.0000 0.0293
019940 0.6118 0.3588 0.0000 0.0293
019960 0.6118 0.3588 0.0000 0.0293
019980 0.6118 0.3588 0.0000 0.0293
020000 0.6118 0.3588 0.0000 0.0293
