000000 0.2500 0.2500 0.2500 0.2500
000020 0.2603 0.2586 0.2299 0.2512
000040 0.2723 0.2682 0.2082 0.2514
000060 0.2841 0.2777 0.1872 0.2511
000080 0.2950 0.2877 0.1667 0.2505
000100 0.3053 0.2987 0.1479 0.2481
000120 0.3135 0.3113 0.1300 0.2452
000140 0.3206 0.3243 0.1128 0.2423
000160 0.3265 0.3382 0.0970 0.2383
000180 0.3319 0.3522 0.0821 0.2337
000200 0.3363 0.3671 0.0686 0.2281
000220 0.3394 0.3823 0.0565 0.2218
000240 0.3421 0.3982 0.0458 0.2140
000260 0.3438 0.4146 0.0359 0.2056
000280 0.3435 0.4319 0.0276 0.1970
000300 0.3402 0.4507 0.0202 0.1890
000320 0.3366 0.4719 0.0134 0.1780
000340 0.3313 0.4938 0.0081 0.1669
000360 0.3232 0.5178 0.0040 0.1550
000380 0.3140 0.5428 0.0013 0.1419
000400 0.3070 0.5663 0.0001 0.1266
000420 0.3012 0.5877 0.0000 0.1111
000440 0.2968 0.6095 0.0000 0.0937
000460 0.2953 0.6282 0.0000 0.0765
000480 0.2973 0.6366 0.0000 0.0661
000500 0.2955 0.6485 0.0000 0.0560
000520 0.2911 0.6600 0.0000 0.0489
000540 0.2846 0.6724 0.0000 0.0431
000560 0.2810 0.6827 0.0000 0.0363
000580 0.2810 0.6867 0.0000 0.0323
000600 0.2888 0.6840 0.0000 0.0272
000620 0.2983 0.6765 0.0000 0.0252
000640 0.3045 0.6697 0.0000 0.0258
000660 0.3082 0.6644 0.0000 0.0274
000680 0.3112 0.6618 0.0000 0.0270
000700 0.3145 0.6590 0.0000 0.0265
000720 0.3198 0.6515 0.0000 0.0287
000740 0.3261 0.6452 0.0000 0.0287
000760 0.3317 0.6398 0.0000 0.0285
000780 0.3400 0.6314 0.0000 0.0287
000800 0.3511 0.6199 0.0000 0.0290
000820 0.3587 0.6122 0.0000 0.0291
000840 0.3666 0.6029 0.0000 0.0304
000860 0.3758 0.5928 0.0000 0.0314
000880 0.3815 0.5873 0.0000 0.0312
000900 0.3893 0.5802 0.0000 0.0305
000920 0.3999 0.5702 0.0000 0.0299
000940 0.4117 0.5571 0.0000 0.0312
000960 0.4237 0.5448 0.0000 0.0315
000980 0.4304 0.5359 0.0000 0.0337
001000 0.4353 0.5280 0.0000 0.0368
001020 0.4305 0.5291 0.0000 0.0404
001040 0.4276 0.5330 0.0000 0.0395
001060 0.4265 0.5330 0.0000 0.0406
001080 0.4340 0.5302 0.0000 0.0358
001100 0.4489 0.5159 0.0000 0.0352
001120 0.4655 0.4979 0.0000 0.0366
001140 0.4786 0.4850 0.0000 0.0364
001160 0.4870 0.4746 0.0000 0.0384
001180 0.4958 0.4642 0.0000 0.0399
001200 0.5077 0.4528 0.0000 0.0396
001220 0.5190 0.4395 0.0000 0.0414
001240 0.5232 0.4331 0.0000 0.0437
001260 0.5273 0.4296 0.0000 0.0432
001280 0.5355 0.4232 0.0000 0.0413
001300 0.5432 0.4139 0.0000 0.0429
001320 0.5513 0.4029 0.0000 0.0457
001340 0.5524 0.3996 0.0000 0.0479
001360 0.5574 0.3961 0.0000 0.0465
001380 0.5631 0.3898 0.0000 0.0471
001400 0.5646 0.3874 0.0000 0.0481
001420 0.5681 0.3828 0.0000 0.0491
001440 0.5753 0.3773 0.0000 0.0474
001460 0.5783 0.3743 0.0000 0.0474
001480 0.5816 0.3708 0.0000 0.0476
001500 0.5870 0.3645 0.0000 0.0485
001520 0.5953 0.3580 0.0000 0.0467
001540 0.6037 0.3477 0.0000 0.0486
001560 0.6006 0.3472 0.0000 0.0522
001580 0.5879 0.3575 0.0000 0.0546
001600 0.5719 0.3735 0.0000 0.0546
001620 0.5633 0.3839 0.0000 0.0528
001640 0.5656 0.3848 0.0000 0.0496
001660 0.5828 0.3724 0.0000 0.0447
001680 0.6035 0.3530 0.0000 0.0435
001700 0.6198 0.3341 0.0000 0.0461
001720 0.6216 0.3290 0.0000 0.0494
001740 0.6130 0.3339 0.0000 0.0531
001760 0.5988 0.3458 0.0000 0.0554
001780 0.5819 0.3629 0.0000 0.0552
001800 0.5749 0.3721 0.0000 0.0530
001820 0.5782 0.3703 0.0000 0.0515
001840 0.5887 0.3622 0.0000 0.0491
001860 0.6019 0.3506 0.0000 0.0476
001880 0.6115 0.3390 0.0000 0.0495
001900 0.6150 0.3330 0.0000 0.0520
001920 0.6074 0.3389 0.0000 0.0537
001940 0.5909 0.3522 0.0000 0.0569
001960 0.5801 0.3644 0.0000 0.0555
001980 0.5706 0.3744 0.0000 0.0550
002000 0.5703 0.3768 0.0000 0.0529
002020 0.5811 0.3702 0.0000 0.0487
002040 0.5997 0.3537 0.0000 0.0466
002060 0.6156 0.3380 0.0000 0.0464
002080 0.6213 0.3289 0.0000 0.0498
002100 0.6134 0.3324 0.0000 0.0542
002120 0.5990 0.3456 0.0000 0.0554
002140 0.5833 0.3616 0.0000 0.0550
002160 0.5745 0.3711 0.0000 0.0544
002180 0.5766 0.3716 0.0000 0.0518
002200 0.5931 0.3598 0.0000 0.0471
002220 0.6070 0.3450 0.0000 0.0480
002240 0.6137 0.3360 0.0000 0.0504
002260 0.6108 0.3386 0.0000 0.0506
002280 0.6032 0.3433 0.0000 0.0535
002300 0.5947 0.3510 0.0000 0.0543
002320 0.5899 0.3579 0.0000 0.0522
002340 0.5896 0.3604 0.0000 0.0500
002360 0.5921 0.3558 0.0000 0.0521
002380 0.5956 0.3538 0.0000 0.0506
002400 0.6005 0.3484 0.0000 0.0511
002420 0.6032 0.3442 0.0000 0.0526
002440 0.5972 0.3479 0.0000 0.0549
002460 0.5866 0.3597 0.0000 0.0537
002480 0.5808 0.3663 0.0000 0.0529
002500 0.5809 0.3667 0.0000 0.0524
002520 0.5857 0.3641 0.0000 0.0502
002540 0.5957 0.3569 0.0000 0.0474
002560 0.6067 0.3444 0.0000 0.0489
002580 0.6067 0.3428 0.0000 0.0505
002600 0.6062 0.3428 0.0000 0.0510
002620 0.6021 0.3447 0.0000 0.0532
002640 0.5991 0.3475 0.0000 0.0534
002660 0.5949 0.3531 0.0000 0.0520
002680 0.5995 0.3509 0.0000 0.0495
002700 0.6004 0.3475 0.0000 0.0522
002720 0.5993 0.3480 0.0000 0.0527
002740 0.5971 0.3501 0.0000 0.0528
002760 0.5897 0.3580 0.0000 0.0522
002780 0.5858 0.3629 0.0000 0.0513
002800 0.5821 0.3655 0.0000 0.0525
002820 0.5836 0.3617 0.0000 0.0547
002840 0.5862 0.3609 0.0000 0.0528
002860 0.5883 0.3592 0.0000 0.0525
002880 0.5929 0.3570 0.0000 0.0500
002900 0.6034 0.3484 0.0000 0.0482
002920 0.6083 0.3417 0.0000 0.0501
002940 0.6091 0.3369 0.0000 0.0541
002960 0.5987 0.3467 0.0000 0.0546
002980 0.5884 0.3572 0.0000 0.0544
003000 0.5858 0.3619 0.0000 0.0523
003020 0.5890 0.3582 0.0000 0.0528
003040 0.5929 0.3564 0.0000 0.0507
003060 0.5945 0.3533 0.0000 0.0523
003080 0.5947 0.3549 0.0000 0.0504
003100 0.5958 0.3532 0.0000 0.0510
003120 0.5918 0.3557 0.0000 0.0524
003140 0.5958 0.3550 0.0000 0.0492
003160 0.5984 0.3498 0.0000 0.0518
003180 0.5994 0.3495 0.0000 0.0511
003200 0.5998 0.3489 0.0000 0.0512
003220 0.5949 0.3522 0.0000 0.0530
003240 0.5925 0.3541 0.0000 0.0535
003260 0.5972 0.3527 0.0000 0.0500
003280 0.6012 0.3469 0.0000 0.0519
003300 0.5985 0.3488 0.0000 0.0527
003320 0.6001 0.3498 0.0000 0.0501
003340 0.5982 0.3491 0.0000 0.0527
003360 0.5983 0.3510 0.0000 0.0507
003380 0.6005 0.3481 0.0000 0.0513
003400 0.5996 0.3481 0.0000 0.0523
003420 0.5951 0.3511 0.0000 0.0539
003440 0.5877 0.3566 0.0000 0.0557
003460 0.5831 0.3645 0.0000 0.0523
003480 0.5901 0.3610 0.0000 0.0488
003500 0.5975 0.3540 0.0000 0.0485
003520 0.6021 0.3460 0.0000 0.0519
003540 0.5987 0.3484 0.0000 0.0529
003560 0.5959 0.3525 0.0000 0.0516
003580 0.5929 0.3537 0.0000 0.0534
003600 0.5910 0.3573 0.0000 0.0517
003620 0.5921 0.3570 0.0000 0.0509
003640 0.5931 0.3536 0.0000 0.0533
003660 0.5909 0.3570 0.0000 0.0522
003680 0.5956 0.3564 0.0000 0.0479
003700 0.6043 0.3479 0.0000 0.0478
003720 0.6108 0.3388 0.0000 0.0504
003740 0.6106 0.3375 0.0000 0.0519
003760 0.6080 0.3402 0.0000 0.0518
003780 0.5998 0.3479 0.0000 0.0523
003800 0.5897 0.3568 0.0000 0.0535
003820 0.5836 0.3628 0.0000 0.0536
003840 0.5883 0.3617 0.0000 0.0500
003860 0.5969 0.3523 0.0000 0.0508
003880 0.6048 0.3462 0.0000 0.0490
003900 0.6071 0.3424 0.0000 0.0505
003920 0.6061 0.3426 0.0000 0.0513
003940 0.6076 0.3418 0.0000 0.0506
003960 0.6082 0.3406 0.0000 0.0511
003980 0.6007 0.3452 0.0000 0.0541
004000 0.5989 0.3494 0.0000 0.0517
004020 0.5995 0.3496 0.0000 0.0509
004040 0.5986 0.3482 0.0000 0.0532
004060 0.5941 0.3524 0.0000 0.0535
004080 0.5898 0.3569 0.0000 0.0534
004100 0.5863 0.3613 0.0000 0.0524
004120 0.5851 0.3641 0.0000 0.0507
004140 0.5846 0.3631 0.0000 0.0524
004160 0.5913 0.3584 0.0000 0.0503
004180 0.5988 0.3517 0.0000 0.0495
004200 0.6065 0.3453 0.0000 0.0482
004220 0.6149 0.3364 0.0000 0.0487
004240 0.6135 0.3344 0.0000 0.0520
004260 0.6033 0.3428 0.0000 0.0539
004280 0.5911 0.3537 0.0000 0.0551
004300 0.5833 0.3639 0.0000 0.0528
004320 0.5817 0.3671 0.0000 0.0512
004340 0.5884 0.3621 0.0000 0.0495
004360 0.5983 0.3513 0.0000 0.0504
004380 0.6027 0.3462 0.0000 0.0511
004400 0.6024 0.3466 0.0000 0.0510
004420 0.6033 0.3464 0.0000 0.0503
004440 0.6035 0.3461 0.0000 0.0504
004460 0.5944 0.3501 0.0000 0.0555
004480 0.5842 0.3614 0.0000 0.0544
004500 0.5863 0.3634 0.0000 0.0504
004520 0.5956 0.3566 0.0000 0.0478
004540 0.6033 0.3469 0.0000 0.0498
004560 0.6027 0.3449 0.0000 0.0524
004580 0.5959 0.3495 0.0000 0.0546
004600 0.5858 0.3591 0.0000 0.0552
004620 0.5796 0.3667 0.0000 0.0537
004640 0.5797 0.3698 0.0000 0.0505
004660 0.5920 0.3605 0.0000 0.0475
004680 0.6059 0.3471 0.0000 0.0470
004700 0.6108 0.3413 0.0000 0.0479
004720 0.6180 0.3329 0.0000 0.0490
004740 0.6118 0.3350 0.0000 0.0531
004760 0.6038 0.3423 0.0000 0.0540
004780 0.5928 0.3522 0.0000 0.0550
004800 0.5882 0.3590 0.0000 0.0528
004820 0.5916 0.3586 0.0000 0.0499
004840 0.5932 0.3549 0.0000 0.0520
004860 0.5922 0.3538 0.0000 0.0539
004880 0.5920 0.3566 0.0000 0.0513
004900 0.5942 0.3561 0.0000 0.0497
004920 0.5974 0.3514 0.0000 0.0512
004940 0.5999 0.3489 0.0000 0.0513
004960 0.5961 0.3511 0.0000 0.0528
004980 0.5912 0.3560 0.0000 0.0527
005000 0.5906 0.3570 0.0000 0.0524
005020 0.5950 0.3535 0.0000 0.0515
005040 0.5903 0.3558 0.0000 0.0538
005060 0.5847 0.3635 0.0000 0.0518
005080 0.5862 0.3624 0.0000 0.0514
005100 0.5890 0.3593 0.0000 0.0517
005120 0.6020 0.3512 0.0000 0.0468
005140 0.6138 0.3386 0.0000 0.0476
005160 0.6196 0.3301 0.0000 0.0503
005180 0.6108 0.3342 0.0000 0.0551
005200 0.5920 0.3503 0.0000 0.0577
005220 0.5711 0.3705 0.0000 0.0584
005240 0.5603 0.3842 0.0000 0.0555
005260 0.5610 0.3881 0.0000 0.0509
005280 0.5780 0.3749 0.0000 0.0472
005300 0.5985 0.3546 0.0000 0.0469
005320 0.6124 0.3398 0.0000 0.0478
005340 0.6164 0.3324 0.0000 0.0512
005360 0.6119 0.3356 0.0000 0.0526
005380 0.6004 0.3442 0.0000 0.0554
005400 0.5850 0.3581 0.0000 0.0569
005420 0.5752 0.3697 0.0000 0.0552
005440 0.5728 0.3732 0.0000 0.0540
005460 0.5768 0.3716 0.0000 0.0516
005480 0.5888 0.3637 0.0000 0.0476
005500 0.6039 0.3486 0.0000 0.0475
005520 0.6101 0.3406 0.0000 0.0493
005540 0.6155 0.3352 0.0000 0.0493
005560 0.6122 0.3350 0.0000 0.0528
005580 0.6023 0.3449 0.0000 0.0528
005600 0.5992 0.3502 0.0000 0.0506
005620 0.6002 0.3487 0.0000 0.0511
005640 0.5951 0.3502 0.0000 0.0547
005660 0.5908 0.3559 0.0000 0.0534
005680 0.5877 0.3608 0.0000 0.0515
005700 0.5899 0.3593 0.0000 0.0508
005720 0.5897 0.3586 0.0000 0.0517
005740 0.5917 0.3575 0.0000 0.0507
005760 0.5993 0.3521 0.0000 0.0486
005780 0.6056 0.3447 0.0000 0.0497
005800 0.6067 0.3415 0.0000 0.0518
005820 0.6012 0.3457 0.0000 0.0531
005840 0.5994 0.3479 0.0000 0.0526
005860 0.5971 0.3508 0.0000 0.0521
005880 0.5950 0.3528 0.0000 0.0521
005900 0.5903 0.3568 0.0000 0.0529
005920 0.5938 0.3540 0.0000 0.0522
005940 0.5917 0.3553 0.0000 0.0530
005960 0.5916 0.3583 0.0000 0.0500
005980 0.6004 0.3521 0.0000 0.0475
006000 0.6073 0.3448 0.0000 0.0479
006020 0.6098 0.3389 0.0000 0.0513
006040 0.6089 0.3397 0.0000 0.0514
006060 0.6033 0.3428 0.0000 0.0539
006080 0.5971 0.3498 0.0000 0.0531
006100 0.5894 0.3538 0.0000 0.0568
006120 0.5797 0.3648 0.0000 0.0555
006140 0.5778 0.3706 0.0000 0.0516
006160 0.5866 0.3655 0.0000 0.0479
006180 0.5989 0.3543 0.0000 0.0468
006200 0.6121 0.3418 0.0000 0.0461
006220 0.6167 0.3338 0.0000 0.0494
006240 0.6130 0.3348 0.0000 0.0523
006260 0.6028 0.3431 0.0000 0.0541
006280 0.5941 0.3512 0.0000 0.0547
006300 0.5890 0.3583 0.0000 0.0526
006320 0.5821 0.3643 0.0000 0.0537
006340 0.5843 0.3656 0.0000 0.0501
006360 0.5889 0.3601 0.0000 0.0510
006380 0.5917 0.3566 0.0000 0.0518
006400 0.5984 0.3525 0.0000 0.0492
006420 0.6052 0.3457 0.0000 0.0491
006440 0.6036 0.3418 0.0000 0.0545
006460 0.5972 0.3475 0.0000 0.0553
006480 0.5877 0.3582 0.0000 0.0542
006500 0.5804 0.3654 0.0000 0.0542
006520 0.5779 0.3695 0.0000 0.0526
006540 0.5818 0.3688 0.0000 0.0495
006560 0.5941 0.3592 0.0000 0.0467
006580 0.6049 0.3450 0.0000 0.0501
006600 0.6025 0.3442 0.0000 0.0533
006620 0.6004 0.3474 0.0000 0.0522
006640 0.5972 0.3505 0.0000 0.0523
006660 0.5926 0.3532 0.0000 0.0541
006680 0.5892 0.3577 0.0000 0.0531
006700 0.5843 0.3623 0.0000 0.0534
006720 0.5882 0.3608 0.0000 0.0511
006740 0.5927 0.3580 0.0000 0.0493
006760 0.6038 0.3487 0.0000 0.0474
006780 0.6110 0.3404 0.0000 0.0486
006800 0.6154 0.3343 0.0000 0.0503
006820 0.6116 0.3365 0.0000 0.0519
006840 0.6010 0.3439 0.0000 0.0550
006860 0.5875 0.3572 0.0000 0.0553
006880 0.5775 0.3684 0.0000 0.0542
006900 0.5790 0.3693 0.0000 0.0517
006920 0.5867 0.3625 0.0000 0.0509
006940 0.5962 0.3536 0.0000 0.0502
006960 0.6041 0.3475 0.0000 0.0484
006980 0.6075 0.3420 0.0000 0.0505
007000 0.6086 0.3411 0.0000 0.0503
007020 0.6112 0.3384 0.0000 0.0504
007040 0.6094 0.3383 0.0000 0.0523
007060 0.6017 0.3440 0.0000 0.0544
007080 0.5933 0.3527 0.0000 0.0541
007100 0.5884 0.3578 0.0000 0.0538
007120 0.5868 0.3593 0.0000 0.0539
007140 0.5857 0.3621 0.0000 0.0522
007160 0.5904 0.3600 0.0000 0.0496
007180 0.5988 0.3514 0.0000 0.0498
007200 0.5977 0.3499 0.0000 0.0524
007220 0.5974 0.3502 0.0000 0.0524
007240 0.5997 0.3478 0.0000 0.0525
007260 0.5974 0.3500 0.0000 0.0526
007280 0.5942 0.3545 0.0000 0.0513
007300 0.5984 0.3538 0.0000 0.0479
007320 0.6028 0.3493 0.0000 0.0479
007340 0.6076 0.3442 0.0000 0.0482
007360 0.6115 0.3403 0.0000 0.0481
007380 0.6110 0.3398 0.0000 0.0492
007400 0.6078 0.3415 0.0000 0.0507
007420 0.6022 0.3454 0.0000 0.0524
007440 0.5896 0.3529 0.0000 0.0575
007460 0.5793 0.3654 0.0000 0.0553
007480 0.5810 0.3678 0.0000 0.0512
007500 0.5873 0.3635 0.0000 0.0492
007520 0.5955 0.3559 0.0000 0.0486
007540 0.6024 0.3478 0.0000 0.0498
007560 0.6045 0.3445 0.0000 0.0510
007580 0.6007 0.3458 0.0000 0.0535
007600 0.5929 0.3540 0.0000 0.0532
007620 0.5940 0.3558 0.0000 0.0502
007640 0.5985 0.3528 0.0000 0.0486
007660 0.6065 0.3461 0.0000 0.0474
007680 0.6129 0.3374 0.0000 0.0497
007700 0.6117 0.3361 0.0000 0.0522
007720 0.6030 0.3432 0.0000 0.0538
007740 0.5929 0.3527 0.0000 0.0543
007760 0.5870 0.3586 0.0000 0.0544
007780 0.5843 0.3644 0.0000 0.0513
007800 0.5873 0.3620 0.0000 0.0508
007820 0.5913 0.3574 0.0000 0.0513
007840 0.5924 0.3561 0.0000 0.0515
007860 0.5955 0.3546 0.0000 0.0499
007880 0.6001 0.3495 0.0000 0.0504
007900 0.5996 0.3481 0.0000 0.0523
007920 0.6003 0.3464 0.0000 0.0532
007940 0.6008 0.3504 0.0000 0.0487
007960 0.6015 0.3471 0.0000 0.0514
007980 0.5936 0.3525 0.0000 0.0539
008000 0.5881 0.3585 0.0000 0.0534
008020 0.5871 0.3612 0.0000 0.0517
008040 0.5929 0.3561 0.0000 0.0510
008060 0.5968 0.3527 0.0000 0.0505
008080 0.6002 0.3490 0.0000 0.0507
008100 0.5989 0.3489 0.0000 0.0522
008120 0.6011 0.3481 0.0000 0.0508
008140 0.6020 0.3466 0.0000 0.0514
008160 0.6040 0.3453 0.0000 0.0507
008180 0.6072 0.3425 0.0000 0.0503
008200 0.6074 0.3421 0.0000 0.0505
008220 0.6065 0.3430 0.0000 0.0505
008240 0.6057 0.3418 0.0000 0.0525
008260 0.5995 0.3468 0.0000 0.0537
008280 0.5918 0.3544 0.0000 0.0538
008300 0.5910 0.3590 0.0000 0.0500
008320 0.5942 0.3544 0.0000 0.0514
008340 0.5945 0.3553 0.0000 0.0502
008360 0.5970 0.3521 0.0000 0.0509
008380 0.5927 0.3551 0.0000 0.0521
008400 0.5902 0.3572 0.0000 0.0526
008420 0.5930 0.3544 0.0000 0.0526
008440 0.5980 0.3528 0.0000 0.0492
008460 0.6053 0.3461 0.0000 0.0486
008480 0.6073 0.3404 0.0000 0.0524
008500 0.6050 0.3426 0.0000 0.0524
008520 0.5995 0.3471 0.0000 0.0534
008540 0.5928 0.3534 0.0000 0.0538
008560 0.5866 0.3609 0.0000 0.0525
008580 0.5843 0.3628 0.0000 0.0529
008600 0.5900 0.3592 0.0000 0.0508
008620 0.5980 0.3516 0.0000 0.0503
008640 0.6107 0.3397 0.0000 0.0496
008660 0.6205 0.3307 0.0000 0.0488
008680 0.6156 0.3315 0.0000 0.0529
008700 0.6008 0.3434 0.0000 0.0558
008720 0.5929 0.3537 0.0000 0.0533
008740 0.5901 0.3568 0.0000 0.0531
008760 0.5839 0.3610 0.0000 0.0551
008780 0.5796 0.3661 0.0000 0.0543
008800 0.5818 0.3674 0.0000 0.0508
008820 0.5918 0.3586 0.0000 0.0496
008840 0.5978 0.3524 0.0000 0.0497
008860 0.6050 0.3444 0.0000 0.0506
008880 0.6038 0.3459 0.0000 0.0503
008900 0.5998 0.3492 0.0000 0.0510
008920 0.5967 0.3517 0.0000 0.0516
008940 0.5948 0.3521 0.0000 0.0531
008960 0.5901 0.3565 0.0000 0.0534
008980 0.5906 0.3585 0.0000 0.0509
009000 0.5958 0.3535 0.0000 0.0507
009020 0.5987 0.3495 0.0000 0.0519
009040 0.6034 0.3473 0.0000 0.0493
009060 0.6140 0.3367 0.0000 0.0493
009080 0.6120 0.3343 0.0000 0.0537
009100 0.6028 0.3422 0.0000 0.0550
009120 0.5898 0.3549 0.0000 0.0553
009140 0.5837 0.3624 0.0000 0.0539
009160 0.5781 0.3672 0.0000 0.0547
009180 0.5793 0.3681 0.0000 0.0526
009200 0.5853 0.3643 0.0000 0.0504
009220 0.5951 0.3555 0.0000 0.0493
009240 0.5992 0.3497 0.0000 0.0511
009260 0.5968 0.3504 0.0000 0.0529
009280 0.5971 0.3523 0.0000 0.0506
009300 0.5972 0.3503 0.0000 0.0524
009320 0.6000 0.3485 0.0000 0.0516
009340 0.6035 0.3475 0.0000 0.0490
009360 0.6018 0.3467 0.0000 0.0515
009380 0.5977 0.3494 0.0000 0.0529
009400 0.5966 0.3511 0.0000 0.0523
009420 0.5950 0.3530 0.0000 0.0520
009440 0.5932 0.3544 0.0000 0.0524
009460 0.5889 0.3584 0.0000 0.0527
009480 0.5902 0.3595 0.0000 0.0503
009500 0.5973 0.3525 0.0000 0.0502
009520 0.5993 0.3501 0.0000 0.0506
009540 0.6031 0.3479 0.0000 0.0490
009560 0.6056 0.3469 0.0000 0.0475
009580 0.6078 0.3416 0.0000 0.0506
009600 0.6042 0.3438 0.0000 0.0520
009620 0.6007 0.3477 0.0000 0.0516
009640 0.6026 0.3449 0.0000 0.0525
009660 0.5973 0.3506 0.0000 0.0521
009680 0.5952 0.3538 0.0000 0.0510
009700 0.5974 0.3517 0.0000 0.0509
009720 0.5976 0.3498 0.0000 0.0526
009740 0.5962 0.3524 0.0000 0.0514
009760 0.6015 0.3491 0.0000 0.0494
009780 0.6093 0.3415 0.0000 0.0492
009800 0.6105 0.3361 0.0000 0.0534
009820 0.6006 0.3430 0.0000 0.0564
009840 0.5857 0.3577 0.0000 0.0565
009860 0.5771 0.3675 0.0000 0.0554
009880 0.5688 0.3763 0.0000 0.0548
009900 0.5747 0.3758 0.0000 0.0495
009920 0.5902 0.3629 0.0000 0.0469
009940 0.6076 0.3454 0.0000 0.0471
009960 0.6159 0.3350 0.0000 0.0491
009980 0.6119 0.3355 0.0000 0.0526
010000 0.6017 0.3441 0.0000 0.0541
010020 0.5905 0.3567 0.0000 0.0528
010040 0.5908 0.3580 0.0000 0.0512
010060 0.5930 0.3564 0.0000 0.0505
010080 0.6022 0.3478 0.0000 0.0499
010100 0.6022 0.3478 0.0000 0.0499
010120 0.6022 0.3478 0.0000 0.0499
010140 0.6022 0.3478 0.0000 0.0499
010160 0.6022 0.3478 0.0000 0.0499
010180 0.6022 0.3478 0.0000 0.0499
010200 0.6022 0.3478 0.0000 0.0499
010220 0.6022 0.3478 0.0000 0.0499
010240 0.6022 0.3478 0.0000 0.0499
010260 0.6022 0.3478 0.0000 0.0499
010280 0.6022 0.3478 0.0000 0.0499
010300 0.6022 0.3478 0.0000 0.0499
010320 0.6022 0.3478 0.0000 0.0499
010340 0.6022 0.3478 0.0000 0.0499
010360 0.6022 0.3478 0.0000 0.0499
010380 0.6022 0.3478 0.0000 0.0499
010400 0.6022 0.3478 0.0000 0.0499
010420 0.6022 0.3478 0.0000 0.0499
010440 0.6022 0.3478 0.0000 0.0499
010460 0.6022 0.3478 0.0000 0.0499
010480 0.6022 0.3478 0.0000 0.0499
010500 0.6022 0.3478 0.0000 0.0499
010520 0.6022 0.3478 0.0000 0.0499
010540 0.6022 0.3478 0.0000 0.0499
010560 0.6022 0.3478 0.0000 0.0499
010580 0.6022 0.3478 0.0000 0.0499
010600 0.6022 0.3478 0.0000 0.0499
010620 0.6022 0.3478 0.0000 0.0499
010640 0.6022 0.3478 0.0000 0.0499
010660 0.6022 0.3478 0.0000 0.0499
010680 0.6022 0.3478 0.0000 0.0499
010700 0.6022 0.3478 0.0000 0.0499
010720 0.6022 0.3478 0.0000 0.0499
010740 0.6022 0.3478 0.0000 0.0499
010760 0.6022 0.3478 0.0000 0.0499
010780 0.6022 0.3478 0.0000 0.0499
010800 0.6022 0.3478 0.0000 0.0499
010820 0.6022 0.3478 0.0000 0.0499
010840 0.6022 0.3478 0.0000 0.0499
010860 0.6022 0.3478 0.0000 0.0499
010880 0.6022 0.3478 0.0000 0.0499
010900 0.6022 0.3478 0.0000 0.0499
010920 0.6022 0.3478 0.0000 0.0499
010940 0.6022 0.3478 0.0000 0.0499
010960 0.6022 0.3478 0.0000 0.0499
010980 0.6022 0.3478 0.0000 0.0499
011000 0.6022 0.3478 0.0000 0.0499
011020 0.6022 0.3478 0.0000 0.0499
011040 0.6022 0.3478 0.0000 0.0499
011060 0.6022 0.3478 0.0000 0.0499
011080 0.6022 0.3478 0.0000 0.0499
011100 0.6022 0.3478 0.0000 0.0499
011120 0.6022 0.3478 0.0000 0.0499
011140 0.6022 0.3478 0.0000 0.0499
011160 0.6022 0.3478 0.0000 0.0499
011180 0.6022 0.3478 0.0000 0.0499
011200 0.6022 0.3478 0.0000 0.0499
011220 0.6022 0.3478 0.0000 0.0499
011240 0.6022 0.3478 0.0000 0.0499
011260 0.6022 0.3478 0.0000 0.0499
011280 0.6022 0.3478 0.0000 0.0499
011300 0.6022 0.3478 0.0000 0.0499
011320 0.6022 0.3478 0.0000 0.0499
011340 0.6022 0.3478 0.0000 0.0499
011360 0.6022 0.3478 0.0000 0.0499
011380 0.6022 0.3478 0.0000 0.0499
011400 0.6022 0.3478 0.0000 0.0499
011420 0.6022 0.3478 0.0000 0.0499
011440 0.6022 0.3478 0.0000 0.0499
011460 0.6022 0.3478 0.0000 0.0499
011480 0.6022 0.3478 0.0000 0.0499
011500 0.6022 0.3478 0.0000 0.0499
011520 0.6022 0.3478 0.0000 0.0499
011540 0.6022 0.3478 0.0000 0.0499
011560 0.6022 0.3478 0.0000 0.0499
011580 0.6022 0.3478 0.0000 0.0499
011600 0.6022 0.3478 0.0000 0.0499
011620 0.6022 0.3478 0.0000 0.0499
011640 0.6022 0.3478 0.0000 0.0499
011660 0.6022 0.3478 0.0000 0.0499
011680 0.6022 0.3478 0.0000 0.0499
011700 0.6022 0.3478 0.0000 0.0499
011720 0.6022 0.3478 0.0000 0.0499
011740 0.6022 0.3478 0.0000 0.0499
011760 0.6022 0.3478 0.0000 0.0499
011780 0.6022 0.3478 0.0000 0.0499
011800 0.6022 0.3478 0.0000 0.0499
011820 0.6022 0.3478 0.0000 0.0499
011840 0.6022 0.3478 0.0000 0.0499
011860 0.6022 0.3478 0.0000 0.0499
011880 0.6022 0.3478 0.0000 0.0499
011900 0.6022 0.3478 0.0000 0.0499
011920 0.6022 0.3478 0.0000 0.0499
011940 0.6022 0.3478 0.0000 0.0499
011960 0.6022 0.3478 0.0000 0.0499
011980 0.6022 0.3478 0.0000 0.0499
012000 0.6022 0.3478 0.0000 0.0499
012020 0.6022 0.3478 0.0000 0.0499
012040 0.6022 0.3478 0.0000 0.0499
012060 0.6022 0.3478 0.0000 0.0499
012080 0.6022 0.3478 0.0000 0.0499
012100 0.6022 0.3478 0.0000 0.0499
012120 0.6022 0.3478 0.0000 0.0499
012140 0.6022 0.3478 0.0000 0.0499
012160 0.6022 0.3478 0.0000 0.0499
012180 0.6022 0.3478 0.0000 0.0499
012200 0.6022 0.3478 0.0000 0.0499
012220 0.6022 0.3478 0.0000 0.0499
012240 0.6022 0.3478 0.0000 0.0499
012260 0.6022 0.3478 0.0000 0.0499
012280 0.6022 0.3478 0.0000 0.0499
012300 0.6022 0.3478 0.0000 0.0499
012320 0.6022 0.3478 0.0000 0.0499
012340 0.6022 0.3478 0.0000 0.0499
012360 0.6022 0.3478 0.0000 0.0499
012380 0.6022 0.3478 0.0000 0.0499
012400 0.6022 0.3478 0.0000 0.0499
012420 0.6022 0.3478 0.0000 0.0499
012440 0.6022 0.3478 0.0000 0.0499
012460 0.6022 0.3478 0.0000 0.0499
012480 0.6022 0.3478 0.0000 0.0499
012500 0.6022 0.3478 0.0000 0.0499
012520 0.6022 0.3478 0.0000 0.0499
012540 0.6022 0.3478 0.0000 0.0499
012560 0.6022 0.3478 0.0000 0.0499
012580 0.6022 0.3478 0.0000 0.0499
012600 0.6022 0.3478 0.0000 0.0499
012620 0.6022 0.3478 0.0000 0.0499
012640 0.6022 0.3478 0.0000 0.0499
012660 0.6022 0.3478 0.0000 0.0499
012680 0.6022 0.3478 0.0000 0.0499
012700 0.6022 0.3478 0.0000 0.0499
012720 0.6022 0.3478 0.0000 0.0499
012740 0.6022 0.3478 0.0000 0.0499
012760 0.6022 0.3478 0.0000 0.0499
012780 0.6022 0.3478 0.0000 0.0499
012800 0.6022 0.3478 0.0000 0.0499
012820 0.6022 0.3478 0.0000 0.0499
012840 0.6022 0.3478 0.0000 0.0499
012860 0.6022 0.3478 0.0000 0.0499
012880 0.6022 0.3478 0.0000 0.0499
012900 0.6022 0.3478 0.0000 0.0499
012920 0.6022 0.3478 0.0000 0.0499
012940 0.6022 0.3478 0.0000 0.0499
012960 0.6022 0.3478 0.0000 0.0499
012980 0.6022 0.3478 0.0000 0.0499
013000 0.6022 0.3478 0.0000 0.0499
013020 0.6022 0.3478 0.0000 0.0499
013040 0.6022 0.3478 0.0000 0.0499
013060 0.6022 0.3478 0.0000 0.0499
013080 0.6022 0.3478 0.0000 0.0499
013100 0.6022 0.3478 0.0000 0.0499
013120 0.6022 0.3478 0.0000 0.0499
013140 0.6022 0.3478 0.0000 0.0499
013160 0.6022 0.3478 0.0000 0.0499
013180 0.6022 0.3478 0.0000 0.0499
013200 0.6022 0.3478 0.0000 0.0499
013220 0.6022 0.3478 0.0000 0.0499
013240 0.6022 0.3478 0.0000 0.0499
013260 0.6022 0.3478 0.0000 0.0499
013280 0.6022 0.3478 0.0000 0.0499
013300 0.6022 0.3478 0.0000 0.0499
013320 0.6022 0.3478 0.0000 0.0499
013340 0.6022 0.3478 0.0000 0.0499
013360 0.6022 0.3478 0.0000 0.0499
013380 0.6022 0.3478 0.0000 0.0499
013400 0.6022 0.3478 0.0000 0.0499
013420 0.6022 0.3478 0.0000 0.0499
013440 0.6022 0.3478 0.0000 0.0499
013460 0.6022 0.3478 0.0000 0.0499
013480 0.6022 0.3478 0.0000 0.0499
013500 0.6022 0.3478 0.0000 0.0499
013520 0.6022 0.3478 0.0000 0.0499
013540 0.6022 0.3478 0.0000 0.0499
013560 0.6022 0.3478 0.0000 0.0499
013580 0.6022 0.3478 0.0000 0.0499
013600 0.6022 0.3478 0.0000 0.0499
013620 0.6022 0.3478 0.0000 0.0499
013640 0.6022 0.3478 0.0000 0.0499
013660 0.6022 0.3478 0.0000 0.0499
013680 0.6022 0.3478 0.0000 0.0499
013700 0.6022 0.3478 0.0000 0.0499
013720 0.6022 0.3478 0.0000 0.0499
013740 0.6022 0.3478 0.0000 0.0499
013760 0.6022 0.3478 0.0000 0.0499
013780 0.6022 0.3478 0.0000 0.0499
013800 0.6022 0.3478 0.0000 0.0499
013820 0.6022 0.3478 0.0000 0.0499
013840 0.6022 0.3478 0.0000 0.0499
013860 0.6022 0.3478 0.0000 0.0499
013880 0.6022 0.3478 0.0000 0.0499
013900 0.6022 0.3478 0.0000 0.0499
013920 0.6022 0.3478 0.0000 0.0499
013940 0.6022 0.3478 0.0000 0.0499
013960 0.6022 0.3478 0.0000 0.0499
013980 0.6022 0.3478 0.0000 0.0499
014000 0.6022 0.3478 0.0000 0.0499
014020 0.6022 0.3478 0.0000 0.0499
014040 0.6022 0.3478 0.0000 0.0499
014060 0.6022 0.3478 0.0000 0.0499
014080 0.6022 0.3478 0.0000 0.0499
014100 0.6022 0.3478 0.0000 0.0499
014120 0.6022 0.3478 0.0000 0.0499
014140 0.6022 0.3478 0.0000 0.0499
014160 0.6022 0.3478 0.0000 0.0499
014180 0.6022 0.3478 0.0000 0.0499
014200 0.6022 0.3478 0.0000 0.0499
014220 0.6022 0.3478 0.0000 0.0499
014240 0.6022 0.3478 0.0000 0.0499
014260 0.6022 0.3478 0.0000 0.0499
014280 0.6022 0.3478 0.0000 0.0499
014300 0.6022 0.3478 0.0000 0.0499
014320 0.6022 0.3478 0.0000 0.0499
014340 0.6022 0.3478 0.0000 0.0499
014360 0.6022 0.3478 0.0000 0.0499
014380 0.6022 0.3478 0.0000 0.0499
014400 0.6022 0.3478 0.0000 0.0499
014420 0.6022 0.3478 0.0000 0.0499
014440 0.6022 0.3478 0.0000 0.0499
014460 0.6022 0.3478 0.0000 0.0499
014480 0.6022 0.3478 0.0000 0.0499
014500 0.6022 0.3478 0.0000 0.0499
014520 0.6022 0.3478 0.0000 0.0499
014540 0.6022 0.3478 0.0000 0.0499
014560 0.6022 0.3478 0.0000 0.0499
014580 0.6022 0.3478 0.0000 0.0499
014600 0.6022 0.3478 0.0000 0.0499
014620 0.6022 0.3478 0.0000 0.0499
014640 0.6022 0.3478 0.0000 0.0499
014660 0.6022 0.3478 0.0000 0.0499
014680 0.6022 0.3478 0.0000 0.0499
014700 0.6022 0.3478 0.0000 0.0499
014720 0.6022 0.3478 0.0000 0.0499
014740 0.6022 0.3478 0.0000 0.0499
014760 0.6022 0.3478 0.0000 0.0499
014780 0.6022 0.3478 0.0000 0.0499
014800 0.6022 0.3478 0.0000 0.0499
014820 0.6022 0.3478 0.0000 0.0499
014840 0.6022 0.3478 0.0000 0.0499
014860 0.6022 0.3478 0.0000 0.0499
014880 0.6022 0.3478 0.0000 0.0499
014900 0.6022 0.3478 0.0000 0.0499
014920 0.6022 0.3478 0.0000 0.0499
014940 0.6022 0.3478 0.0000 0.0499
014960 0.6022 0.3478 0.0000 0.0499
014980 0.6022 0.3478 0.0000 0.0499
015000 0.6022 0.3478 0.0000 0.0499
015020 0.6022 0.3478 0.0000 0.0499
015040 0.6022 0.3478 0.0000 0.0499
015060 0.6022 0.3478 0.0000 0.0499
015080 0.6022 0.3478 0.0000 0.0499
015100 0.6022 0.3478 0.0000 0.0499
015120 0.6022 0.3478 0.0000 0.0499
015140 0.6022 0.3478 0.0000 0.0499
015160 0.6022 0.3478 0.0000 0.0499
015180 0.6022 0.3478 0.0000 0.0499
015200 0.6022 0.3478 0.0000 0.0499
015220 0.6022 0.3478 0.0000 0.0499
015240 0.6022 0.3478 0.0000 0.0499
015260 0.6022 0.3478 0.0000 0.0499
015280 0.6022 0.3478 0.0000 0.0499
015300 0.6022 0.3478 0.0000 0.0499
015320 0.6022 0.3478 0.0000 0.0499
015340 0.6022 0.3478 0.0000 0.0499
015360 0.6022 0.3478 0.0000 0.0499
015380 0.6022 0.3478 0.0000 0.0499
015400 0.6022 0.3478 0.0000 0.0499
015420 0.6022 0.3478 0.0000 0.0499
015440 0.6022 0.3478 0.0000 0.0499
015460 0.6022 0.3478 0.0000 0.0499
015480 0.6022 0.3478 0.0000 0.0499
015500 0.6022 0.3478 0.0000 0.0499
015520 0.6022 0.3478 0.0000 0.0499
015540 0.6022 0.3478 0.0000 0.0499
015560 0.6022 0.3478 0.0000 0.0499
015580 0.6022 0.3478 0.0000 0.0499
015600 0.6022 0.3478 0.0000 0.0499
015620 0.6022 0.3478 0.0000 0.0499
015640 0.6022 0.3478 0.0000 0.0499
015660 0.6022 0.3478 0.0000 0.0499
015680 0.6022 0.3478 0.0000 0.0499
015700 0.6022 0.3478 0.0000 0.0499
015720 0.6022 0.3478 0.0000 0.0499
015740 0.6022 0.3478 0.0000 0.0499
015760 0.6022 0.3478 0.0000 0.0499
015780 0.6022 0.3478 0.0000 0.0499
015800 0.6022 0.3478 0.0000 0.0499
015820 0.6022 0.3478 0.0000 0.0499
015840 0.6022 0.3478 0.0000 0.0499
015860 0.6022 0.3478 0.0000 0.0499
015880 0.6022 0.3478 0.0000 0.0499
015900 0.6022 0.3478 0.0000 0.0499
015920 0.6022 0.3478 0.0000 0.0499
015940 0.6022 0.3478 0.0000 0.0499
015960 0.6022 0.3478 0.0000 0.0499
015980 0.6022 0.3478 0.0000 0.0499
016000 0.6022 0.3478 0.0000 0.0499
016020 0.6022 0.3478 0.0000 0.0499
016040 0.6022 0.3478 0.0000 0.0499
016060 0.6022 0.3478 0.0000 0.0499
016080 0.6022 0.3478 0.0000 0.0499
016100 0.6022 0.3478 0.0000 0.0499
016120 0.6022 0.3478 0.0000 0.0499
016140 0.6022 0.3478 0.0000 0.0499
016160 0.6022 0.3478 0.0000 0.0499
016180 0.6022 0.3478 0.0000 0.0499
016200 0.6022 0.3478 0.0000 0.0499
016220 0.6022 0.3478 0.0000 0.0499
016240 0.6022 0.3478 0.0000 0.0499
016260 0.6022 0.3478 0.0000 0.0499
016280 0.6022 0.3478 0.0000 0.0499
016300 0.6022 0.3478 0.0000 0.0499
016320 0.6022 0.3478 0.0000 0.0499
016340 0.6022 0.3478 0.0000 0.0499
016360 0.6022 0.3478 0.0000 0.0499
016380 0.6022 0.3478 0.0000 0.0499
016400 0.6022 0.3478 0.0000 0.0499
016420 0.6022 0.3478 0.0000 0.0499
016440 0.6022 0.3478 0.0000 0.0499
016460 0.6022 0.3478 0.0000 0.0499
016480 0.6022 0.3478 0.0000 0.0499
016500 0.6022 0.3478 0.0000 0.0499
016520 0.6022 0.3478 0.0000 0.0499
016540 0.6022 0.3478 0.0000 0.0499
016560 0.6022 0.3478 0.0000 0.0499
016580 0.6022 0.3478 0.0000 0.0499
016600 0.6022 0.3478 0.0000 0.0499
016620 0.6022 0.3478 0.0000 0.0499
016640 0.6022 0.3478 0.0000 0.0499
016660 0.6022 0.3478 0.0000 0.0499
016680 0.6022 0.3478 0.0000 0.0499
016700 0.6022 0.3478 0.0000 0.0499
016720 0.6022 0.3478 0.0000 0.0499
016740 0.6022 0.3478 0.0000 0.0499
016760 0.6022 0.3478 0.0000 0.0499
016780 0.6022 0.3478 0.0000 0.0499
016800 0.6022 0.3478 0.0000 0.0499
016820 0.6022 0.3478 0.0000 0.0499
016840 0.6022 0.3478 0.0000 0.0499
016860 0.6022 0.3478 0.0000 0.0499
016880 0.6022 0.3478 0.0000 0.0499
016900 0.6022 0.3478 0.0000 0.0499
016920 0.6022 0.3478 0.0000 0.0499
016940 0.6022 0.3478 0.0000 0.0499
016960 0.6022 0.3478 0.0000 0.0499
016980 0.6022 0.3478 0.0000 0.0499
017000 0.6022 0.3478 0.0000 0.0499
017020 0.6022 0.3478 0.0000 0.0499
017040 0.6022 0.3478 0.0000 0.0499
017060 0.6022 0.3478 0.0000 0.0499
017080 0.6022 0.3478 0.0000 0.0499
017100 0.6022 0.3478 0.0000 0.0499
017120 0.6022 0.3478 0.0000 0.0499
017140 0.6022 0.3478 0.0000 0.0499
017160 0.6022 0.3478 0.0000 0.0499
017180 0.6022 0.3478 0.0000 0.0499
017200 0.6022 0.3478 0.0000 0.0499
017220 0.6022 0.3478 0.0000 0.0499
017240 0.6022 0.3478 0.0000 0.0499
017260 0.6022 0.3478 0.0000 0.0499
017280 0.6022 0.3478 0.0000 0.0499
017300 0.6022 0.3478 0.0000 0.0499
017320 0.6022 0.3478 0.0000 0.0499
017340 0.6022 0.3478 0.0000 0.0499
017360 0.6022 0.3478 0.0000 0.0499
017380 0.6022 0.3478 0.0000 0.0499
017400 0.6022 0.3478 0.0000 0.0499
017420 0.6022 0.3478 0.0000 0.0499
017440 0.6022 0.3478 0.0000 0.0499
017460 0.6022 0.3478 0.0000 0.0499
017480 0.6022 0.3478 0.0000 0.0499
017500 0.6022 0.3478 0.0000 0.0499
017520 0.6022 0.3478 0.0000 0.0499
017540 0.6022 0.3478 0.0000 0.0499
017560 0.6022 0.3478 0.0000 0.0499
017580 0.6022 0.3478 0.0000 0.0499
017600 0.6022 0.3478 0.0000 0.0499
017620 0.6022 0.3478 0.0000 0.0499
017640 0.6022 0.3478 0.0000 0.0499
017660 0.6022 0.3478 0.0000 0.0499
017680 0.6022 0.3478 0.0000 0.0499
017700 0.6022 0.3478 0.0000 0.0499
017720 0.6022 0.3478 0.0000 0.0499
017740 0.6022 0.3478 0.0000 0.0499
017760 0.6022 0.3478 0.0000 0.0499
017780 0.6022 0.3478 0.0000 0.0499
017800 0.6022 0.3478 0.0000 0.0499
017820 0.6022 0.3478 0.0000 0.0499
017840 0.6022 0.3478 0.0000 0.0499
017860 0.6022 0.3478 0.0000 0.0499
017880 0.6022 0.3478 0.0000 0.0499
017900 0.6022 0.3478 0.0000 0.0499
017920 0.6022 0.3478 0.0000 0.0499
017940 0.6022 0.3478 0.0000 0.0499
017960 0.6022 0.3478 0.0000 0.0499
017980 0.6022 0.3478 0.0000 0.0499
018000 0.6022 0.3478 0.0000 0.0499
018020 0.6022 0.3478 0.0000 0.0499
018040 0.6022 0.3478 0.0000 0.0499
018060 0.6022 0.3478 0.0000 0.0499
018080 0.6022 0.3478 0.0000 0.0499
018100 0.6022 0.3478 0.0000 0.0499
018120 0.6022 0.3478 0.0000 0.0499
018140 0.6022 0.3478 0.0000 0.0499
018160 0.6022 0.3478 0.0000 0.0499
018180 0.6022 0.3478 0.0000 0.0499
018200 0.6022 0.3478 0.0000 0.0499
018220 0.6022 0.3478 0.0000 0.0499
018240 0.6022 0.3478 0.0000 0.0499
018260 0.6022 0.3478 0.0000 0.0499
018280 0.6022 0.3478 0.0000 0.0499
018300 0.6022 0.3478 0.0000 0.0499
018320 0.6022 0.3478 0.0000 0.0499
018340 0.6022 0.3478 0.0000 0.0499
018360 0.6022 0.3478 0.0000 0.0499
018380 0.6022 0.3478 0.0000 0.0499
018400 0.6022 0.3478 0.0000 0.0499
018420 0.6022 0.3478 0.0000 0.0499
018440 0.6022 0.3478 0.0000 0.0499
018460 0.6022 0.3478 0.0000 0.0499
018480 0.6022 0.3478 0.0000 0.0499
018500 0.6022 0.3478 0.0000 0.0499
018520 0.6022 0.3478 0.0000 0.0499
018540 0.6022 0.3478 0.0000 0.0499
018560 0.6022 0.3478 0.0000 0.0499
018580 0.6022 0.3478 0.0000 0.0499
018600 0.6022 0.3478 0.0000 0.0499
018620 0.6022 0.3478 0.0000 0.0499
018640 0.6022 0.3478 0.0000 0.0499
018660 0.6022 0.3478 0.0000 0.0499
018680 0.6022 0.3478 0.0000 0.0499
018700 0.6022 0.3478 0.0000 0.0499
018720 0.6022 0.3478 0.0000 0.0499
018740 0.6022 0.3478 0.0000 0.0499
018760 0.6022 0.3478 0.0000 0.0499
018780 0.6022 0.3478 0.0000 0.0499
018800 0.6022 0.3478 0.0000 0.0499
018820 0.6022 0.3478 0.0000 0.0499
018840 0.6022 0.3478 0.0000 0.0499
018860 0.6022 0.3478 0.0000 0.0499
018880 0.6022 0.3478 0.0000 0.0499
018900 0.6022 0.3478 0.0000 0.0499
018920 0.6022 0.3478 0.0000 0.0499
018940 0.6022 0.3478 0.0000 0.0499
018960 0.6022 0.3478 0.0000 0.0499
018980 0.6022 0.3478 0.0000 0.0499
019000 0.6022 0.3478 0.0000 0.0499
019020 0.6022 0.3478 0.0000 0.0499
019040 0.6022 0.3478 0.0000 0.0499
019060 0.6022 0.3478 0.0000 0.0499
019080 0.6022 0.3478 0.0000 0.0499
019100 0.6022 0.3478 0.0000 0.0499
019120 0.6022 0.3478 0.0000 0.0499
019140 0.6022 0.3478 0.0000 0.0499
019160 0.6022 0.3478 0.0000 0.0499
019180 0.6022 0.3478 0.0000 0.0499
019200 0.6022 0.3478 0.0000 0.0499
019220 0.6022 0.3478 0.0000 0.0499
019240 0.6022 0.3478 0.0000 0.0499
019260 0.6022 0.3478 0.0000 0.0499
019280 0.6022 0.3478 0.0000 0.0499
019300 0.6022 0.3478 0.0000 0.0499
019320 0.6022 0.3478 0.0000 0.0499
019340 0.6022 0.3478 0.0000 0.0499
019360 0.6022 0.3478 0.0000 0.0499
019380 0.6022 0.3478 0.0000 0.0499
019400 0.6022 0.3478 0.0000 0.0499
019420 0.6022 0.3478 0.0000 0.0499
019440 0.6022 0.3478 0.0000 0.0499
019460 0.6022 0.3478 0.0000 0.0499
019480 0.6022 0.3478 0.0000 0.0499
019500 0.6022 0.3478 0.0000 0.0499
019520 0.6022 0.3478 0.0000 0.0499
019540 0.6022 0.3478 0.0000 0.0499
019560 0.6022 0.3478 0.0000 0.0499
019580 0.6022 0.3478 0.0000 0.0499
019600 0.6022 0.3478 0.0000 0.0499
019620 0.6022 0.3478 0.0000 0.0499
019640 0.6022 0.3478 0.0000 0.0499
019660 0.6022 0.3478 0.0000 0.0499
019680 0.6022 0.3478 0.0000 0.0499
019700 0.6022 0.3478 0.0000 0.0499
019720 0.6022 0.3478 0.0000 0.0499
019740 0.6022 0.3478 0.0000 0.0499
019760 0.6022 0.3478 0.0000 0.0499
019780 0.6022 0.3478 0.0000 0.0499
019800 0.6022 0.3478 0.0000 0.0499
019820 0.6022 0.3478 0.0000 0.0499
019840 0.6022 0.3478 0.0000 0.0499
019860 0.6022 0.3478 0.0000 0.0499
019880 0.6022 0.3478 0.0000 0.0499
019900 0.6022 0.3478 0.0000 0.0499
019920 0.6022 0.3478 0.0000 0.0499
019940 0.6022 0.3478 0.0000 0.0499
019960 0.6022 0.3478 0.0000 0.0499
019980 0.6022 0.3478 0.0000 0.0499
020000 0.6022 0.3478 0.0000 0.0499
