000000 0.2500 0.2500 0.2500 0.2500
000020 0.2595 0.2597 0.2295 0.2513
000040 0.2706 0.2695 0.2078 0.2521
000060 0.2812 0.2805 0.1866 0.2517
000080 0.2899 0.2925 0.1663 0.2513
000100 0.2979 0.3052 0.1469 0.2499
000120 0.3042 0.3195 0.1289 0.2474
000140 0.3101 0.3344 0.1115 0.2441
000160 0.3140 0.3503 0.0959 0.2398
000180 0.3173 0.3662 0.0813 0.2352
000200 0.3198 0.3823 0.0682 0.2297
000220 0.3207 0.4001 0.0560 0.2232
000240 0.3201 0.4191 0.0452 0.2156
000260 0.3175 0.4394 0.0357 0.2075
000280 0.3149 0.4599 0.0273 0.1979
000300 0.3109 0.4813 0.0200 0.1879
000320 0.3050 0.5028 0.0138 0.1784
000340 0.2988 0.5249 0.0089 0.1674
000360 0.2902 0.5495 0.0051 0.1552
000380 0.2800 0.5753 0.0023 0.1423
000400 0.2700 0.6007 0.0006 0.1287
000420 0.2600 0.6254 0.0000 0.1146
000440 0.2510 0.6524 0.0000 0.0966
000460 0.2424 0.6789 0.0000 0.0787
000480 0.2360 0.6965 0.0000 0.0675
000500 0.2326 0.7124 0.0000 0.0550
000520 0.2293 0.7253 0.0000 0.0454
000540 0.2269 0.7361 0.0000 0.0370
000560 0.2288 0.7422 0.0000 0.0290
000580 0.2326 0.7446 0.0000 0.0228
000600 0.2386 0.7442 0.0000 0.0172
000620 0.2492 0.7372 0.0000 0.0136
000640 0.2620 0.7262 0.0000 0.0118
000660 0.2714 0.7161 0.0000 0.0125
000680 0.2813 0.7058 0.0000 0.0130
000700 0.2911 0.6966 0.0000 0.0123
000720 0.2999 0.6871 0.0000 0.0130
000740 0.3080 0.6785 0.0000 0.0135
000760 0.3114 0.6744 0.0000 0.0143
000780 0.3144 0.6703 0.0000 0.0153
000800 0.3188 0.6657 0.0000 0.0156
000820 0.3231 0.6607 0.0000 0.0162
000840 0.3255 0.6580 0.0000 0.0165
000860 0.3295 0.6545 0.0000 0.0160
000880 0.3369 0.6473 0.0000 0.0158
000900 0.3421 0.6405 0.0000 0.0173
000920 0.3425 0.6389 0.0000 0.0186
000940 0.3440 0.6373 0.0000 0.0187
000960 0.3462 0.6347 0.0000 0.0191
000980 0.3498 0.6315 0.0000 0.0187
001000 0.3531 0.6270 0.0000 0.0200
001020 0.3559 0.6241 0.0000 0.0200
001040 0.3578 0.6217 0.0000 0.0205
001060 0.3607 0.6183 0.0000 0.0210
001080 0.3669 0.6131 0.0000 0.0201
001100 0.3711 0.6079 0.0000 0.0210
001120 0.3776 0.6005 0.0000 0.0219
001140 0.3813 0.5961 0.0000 0.0226
001160 0.3883 0.5895 0.0000 0.0221
001180 0.3966 0.5819 0.0000 0.0215
001200 0.4090 0.5710 0.0000 0.0200
001220 0.4266 0.5551 0.0000 0.0183
001240 0.4420 0.5387 0.0000 0.0193
001260 0.4525 0.5277 0.0000 0.0198
001280 0.4623 0.5177 0.0000 0.0200
001300 0.4672 0.5091 0.0000 0.0237
001320 0.4676 0.5078 0.0000 0.0246
001340 0.4690 0.5052 0.0000 0.0258
001360 0.4700 0.5027 0.0000 0.0273
001380 0.4721 0.5008 0.0000 0.0272
001400 0.4733 0.4985 0.0000 0.0282
001420 0.4754 0.4976 0.0000 0.0270
001440 0.4786 0.4947 0.0000 0.0267
001460 0.4873 0.4866 0.0000 0.0261
001480 0.4967 0.4766 0.0000 0.0267
001500 0.5003 0.4724 0.0000 0.0273
001520 0.5087 0.4644 0.0000 0.0269
001540 0.5148 0.4555 0.0000 0.0297
001560 0.5199 0.4513 0.0000 0.0288
001580 0.5264 0.4451 0.0000 0.0285
001600 0.5354 0.4356 0.0000 0.0289
001620 0.5426 0.4278 0.0000 0.0296
001640 0.5508 0.4210 0.0000 0.0281
001660 0.5670 0.4066 0.0000 0.0265
001680 0.5758 0.3965 0.0000 0.0277
001700 0.5860 0.3845 0.0000 0.0295
001720 0.5907 0.3787 0.0000 0.0306
001740 0.5942 0.3754 0.0000 0.0304
001760 0.5948 0.3745 0.0000 0.0307
001780 0.5944 0.3726 0.0000 0.0330
001800 0.5872 0.3781 0.0000 0.0347
001820 0.5876 0.3799 0.0000 0.0324
001840 0.5869 0.3796 0.0000 0.0335
001860 0.5853 0.3808 0.0000 0.0339
001880 0.5856 0.3811 0.0000 0.0334
001900 0.5841 0.3806 0.0000 0.0352
001920 0.5797 0.3839 0.0000 0.0363
001940 0.5795 0.3841 0.0000 0.0364
001960 0.5785 0.3853 0.0000 0.0362
001980 0.5849 0.3839 0.0000 0.0312
002000 0.5970 0.3723 0.0000 0.0306
002020 0.6028 0.3658 0.0000 0.0314
002040 0.6093 0.3605 0.0000 0.0302
002060 0.6215 0.3515 0.0000 0.0270
002080 0.6335 0.3374 0.0000 0.0292
002100 0.6360 0.3315 0.0000 0.0325
002120 0.6346 0.3329 0.0000 0.0325
002140 0.6264 0.3372 0.0000 0.0363
002160 0.6118 0.3496 0.0000 0.0385
002180 0.5973 0.3634 0.0000 0.0393
002200 0.5887 0.3735 0.0000 0.0378
002220 0.5837 0.3803 0.0000 0.0360
002240 0.5844 0.3802 0.0000 0.0354
002260 0.5862 0.3801 0.0000 0.0337
002280 0.5950 0.3734 0.0000 0.0316
002300 0.6001 0.3671 0.0000 0.0328
002320 0.6068 0.3613 0.0000 0.0319
002340 0.6116 0.3556 0.0000 0.0328
002360 0.6159 0.3527 0.0000 0.0314
002380 0.6227 0.3464 0.0000 0.0309
002400 0.6244 0.3431 0.0000 0.0325
002420 0.6250 0.3412 0.0000 0.0339
002440 0.6224 0.3417 0.0000 0.0359
002460 0.6153 0.3478 0.0000 0.0369
002480 0.6117 0.3539 0.0000 0.0344
002500 0.6121 0.3527 0.0000 0.0352
002520 0.6146 0.3512 0.0000 0.0342
002540 0.6121 0.3533 0.0000 0.0346
002560 0.6144 0.3538 0.0000 0.0318
002580 0.6152 0.3513 0.0000 0.0335
002600 0.6134 0.3513 0.0000 0.0352
002620 0.6130 0.3540 0.0000 0.0330
002640 0.6154 0.3509 0.0000 0.0337
002660 0.6155 0.3503 0.0000 0.0343
002680 0.6171 0.3502 0.0000 0.0327
002700 0.6212 0.3474 0.0000 0.0314
002720 0.6276 0.3391 0.0000 0.0333
002740 0.6227 0.3397 0.0000 0.0375
002760 0.6152 0.3480 0.0000 0.0368
002780 0.6059 0.3560 0.0000 0.0381
002800 0.5998 0.3627 0.0000 0.0375
002820 0.5964 0.3693 0.0000 0.0343
002840 0.6034 0.3643 0.0000 0.0323
002860 0.6137 0.3549 0.0000 0.0314
002880 0.6231 0.3470 0.0000 0.0299
002900 0.6281 0.3403 0.0000 0.0317
002920 0.6256 0.3406 0.0000 0.0338
002940 0.6195 0.3437 0.0000 0.0369
002960 0.6072 0.3532 0.0000 0.0396
002980 0.5959 0.3657 0.0000 0.0384
003000 0.5872 0.3753 0.0000 0.0376
003020 0.5875 0.3775 0.0000 0.0349
003040 0.5958 0.3720 0.0000 0.0322
003060 0.6060 0.3634 0.0000 0.0305
003080 0.6159 0.3527 0.0000 0.0314
003100 0.6210 0.3468 0.0000 0.0322
003120 0.6234 0.3419 0.0000 0.0346
003140 0.6194 0.3434 0.0000 0.0372
003160 0.6115 0.3524 0.0000 0.0361
003180 0.5996 0.3619 0.0000 0.0385
003200 0.5888 0.3718 0.0000 0.0393
003220 0.5817 0.3803 0.0000 0.0380
003240 0.5808 0.3836 0.0000 0.0356
003260 0.5839 0.3804 0.0000 0.0357
003280 0.5962 0.3727 0.0000 0.0310
003300 0.6121 0.3583 0.0000 0.0296
003320 0.6254 0.3446 0.0000 0.0300
003340 0.6333 0.3356 0.0000 0.0311
003360 0.6369 0.3310 0.0000 0.0321
003380 0.6386 0.3279 0.0000 0.0335
003400 0.6330 0.3333 0.0000 0.0337
003420 0.6322 0.3347 0.0000 0.0331
003440 0.6267 0.3383 0.0000 0.0350
003460 0.6133 0.3477 0.0000 0.0390
003480 0.5992 0.3596 0.0000 0.0412
003500 0.5840 0.3731 0.0000 0.0429
003520 0.5732 0.3866 0.0000 0.0403
003540 0.5652 0.3980 0.0000 0.0368
003560 0.5679 0.3992 0.0000 0.0329
003580 0.5805 0.3890 0.0000 0.0305
003600 0.5981 0.3719 0.0000 0.0299
003620 0.6147 0.3560 0.0000 0.0294
003640 0.6324 0.3400 0.0000 0.0276
003660 0.6455 0.3260 0.0000 0.0285
003680 0.6535 0.3155 0.0000 0.0310
003700 0.6534 0.3144 0.0000 0.0322
003720 0.6445 0.3218 0.0000 0.0336
003740 0.6326 0.3328 0.0000 0.0346
003760 0.6219 0.3427 0.0000 0.0354
003780 0.6090 0.3528 0.0000 0.0382
003800 0.5962 0.3644 0.0000 0.0394
003820 0.5903 0.3713 0.0000 0.0385
003840 0.5894 0.3748 0.0000 0.0358
003860 0.5915 0.3748 0.0000 0.0336
003880 0.5971 0.3694 0.0000 0.0335
003900 0.6047 0.3635 0.0000 0.0317
003920 0.6137 0.3556 0.0000 0.0307
003940 0.6214 0.3476 0.0000 0.0310
003960 0.6278 0.3416 0.0000 0.0307
003980 0.6345 0.3342 0.0000 0.0313
004000 0.6370 0.3307 0.0000 0.0323
004020 0.6369 0.3303 0.0000 0.0328
004040 0.6324 0.3332 0.0000 0.0344
004060 0.6258 0.3390 0.0000 0.0352
004080 0.6137 0.3478 0.0000 0.0385
004100 0.5970 0.3626 0.0000 0.0403
004120 0.5838 0.3780 0.0000 0.0382
004140 0.5836 0.3819 0.0000 0.0345
004160 0.5941 0.3764 0.0000 0.0294
004180 0.6077 0.3629 0.0000 0.0294
004200 0.6198 0.3497 0.0000 0.0305
004220 0.6265 0.3407 0.0000 0.0328
004240 0.6266 0.3384 0.0000 0.0350
004260 0.6236 0.3421 0.0000 0.0343
004280 0.6232 0.3435 0.0000 0.0333
004300 0.6232 0.3414 0.0000 0.0355
004320 0.6119 0.3475 0.0000 0.0406
004340 0.5941 0.3647 0.0000 0.0412
004360 0.5816 0.3786 0.0000 0.0398
004380 0.5832 0.3837 0.0000 0.0331
004400 0.5922 0.3762 0.0000 0.0315
004420 0.6053 0.3644 0.0000 0.0303
004440 0.6172 0.3521 0.0000 0.0307
004460 0.6255 0.3430 0.0000 0.0316
004480 0.6297 0.3376 0.0000 0.0327
004500 0.6286 0.3374 0.0000 0.0339
004520 0.6228 0.3412 0.0000 0.0360
004540 0.6132 0.3497 0.0000 0.0371
004560 0.6024 0.3605 0.0000 0.0371
004580 0.5966 0.3677 0.0000 0.0357
004600 0.5926 0.3710 0.0000 0.0364
004620 0.5914 0.3732 0.0000 0.0354
004640 0.5967 0.3703 0.0000 0.0331
004660 0.6033 0.3639 0.0000 0.0328
004680 0.6080 0.3591 0.0000 0.0329
004700 0.6115 0.3546 0.0000 0.0338
004720 0.6151 0.3513 0.0000 0.0335
004740 0.6155 0.3510 0.0000 0.0336
004760 0.6132 0.3524 0.0000 0.0344
004780 0.6125 0.3550 0.0000 0.0325
004800 0.6120 0.3547 0.0000 0.0334
004820 0.6139 0.3511 0.0000 0.0349
004840 0.6133 0.3524 0.0000 0.0344
004860 0.6100 0.3558 0.0000 0.0342
004880 0.6108 0.3553 0.0000 0.0339
004900 0.6150 0.3523 0.0000 0.0327
004920 0.6155 0.3504 0.0000 0.0341
004940 0.6099 0.3539 0.0000 0.0362
004960 0.6057 0.3584 0.0000 0.0359
004980 0.6043 0.3612 0.0000 0.0346
005000 0.6051 0.3586 0.0000 0.0363
005020 0.6025 0.3607 0.0000 0.0367
005040 0.6028 0.3627 0.0000 0.0345
005060 0.6050 0.3621 0.0000 0.0330
005080 0.6105 0.3571 0.0000 0.0324
005100 0.6170 0.3529 0.0000 0.0301
005120 0.6291 0.3426 0.0000 0.0283
005140 0.6377 0.3322 0.0000 0.0301
005160 0.6449 0.3238 0.0000 0.0313
005180 0.6443 0.3212 0.0000 0.0345
005200 0.6376 0.3253 0.0000 0.0370
005220 0.6250 0.3356 0.0000 0.0395
005240 0.6118 0.3506 0.0000 0.0376
005260 0.6020 0.3617 0.0000 0.0363
005280 0.5966 0.3681 0.0000 0.0353
005300 0.5944 0.3702 0.0000 0.0354
005320 0.5975 0.3699 0.0000 0.0326
005340 0.6013 0.3666 0.0000 0.0321
005360 0.6112 0.3576 0.0000 0.0312
005380 0.6221 0.3465 0.0000 0.0314
005400 0.6306 0.3382 0.0000 0.0312
005420 0.6333 0.3337 0.0000 0.0329
005440 0.6300 0.3353 0.0000 0.0347
005460 0.6263 0.3382 0.0000 0.0354
005480 0.6158 0.3472 0.0000 0.0370
005500 0.6077 0.3554 0.0000 0.0369
005520 0.6024 0.3636 0.0000 0.0340
005540 0.6046 0.3645 0.0000 0.0309
005560 0.6090 0.3585 0.0000 0.0325
005580 0.6122 0.3541 0.0000 0.0337
005600 0.6096 0.3538 0.0000 0.0366
005620 0.6051 0.3595 0.0000 0.0354
005640 0.6097 0.3566 0.0000 0.0337
005660 0.6142 0.3516 0.0000 0.0342
005680 0.6150 0.3526 0.0000 0.0324
005700 0.6193 0.3495 0.0000 0.0313
005720 0.6215 0.3455 0.0000 0.0330
005740 0.6211 0.3451 0.0000 0.0338
005760 0.6172 0.3462 0.0000 0.0366
005780 0.6121 0.3506 0.0000 0.0373
005800 0.6047 0.3585 0.0000 0.0367
005820 0.6026 0.3630 0.0000 0.0344
005840 0.6063 0.3614 0.0000 0.0323
005860 0.6123 0.3554 0.0000 0.0324
005880 0.6158 0.3508 0.0000 0.0335
005900 0.6147 0.3496 0.0000 0.0357
005920 0.6089 0.3542 0.0000 0.0370
005940 0.6004 0.3602 0.0000 0.0394
005960 0.5943 0.3686 0.0000 0.0370
005980 0.5942 0.3715 0.0000 0.0343
006000 0.5962 0.3715 0.0000 0.0322
006020 0.6022 0.3630 0.0000 0.0348
006040 0.6092 0.3594 0.0000 0.0314
006060 0.6154 0.3520 0.0000 0.0325
006080 0.6191 0.3482 0.0000 0.0327
006100 0.6197 0.3457 0.0000 0.0346
006120 0.6184 0.3473 0.0000 0.0343
006140 0.6125 0.3508 0.0000 0.0367
006160 0.6011 0.3604 0.0000 0.0385
006180 0.5919 0.3708 0.0000 0.0373
006200 0.5865 0.3770 0.0000 0.0365
006220 0.5878 0.3742 0.0000 0.0380
006240 0.5876 0.3760 0.0000 0.0365
006260 0.5926 0.3724 0.0000 0.0350
006280 0.5993 0.3668 0.0000 0.0339
006300 0.6105 0.3593 0.0000 0.0302
006320 0.6215 0.3476 0.0000 0.0309
006340 0.6240 0.3431 0.0000 0.0329
006360 0.6225 0.3442 0.0000 0.0333
006380 0.6212 0.3458 0.0000 0.0329
006400 0.6159 0.3486 0.0000 0.0355
006420 0.6140 0.3513 0.0000 0.0347
006440 0.6139 0.3506 0.0000 0.0355
006460 0.6080 0.3551 0.0000 0.0370
006480 0.6005 0.3615 0.0000 0.0380
006500 0.5969 0.3688 0.0000 0.0343
006520 0.6011 0.3655 0.0000 0.0334
006540 0.6043 0.3614 0.0000 0.0343
006560 0.6112 0.3564 0.0000 0.0324
006580 0.6143 0.3514 0.0000 0.0343
006600 0.6101 0.3530 0.0000 0.0369
006620 0.6060 0.3575 0.0000 0.0365
006640 0.6029 0.3617 0.0000 0.0354
006660 0.6031 0.3620 0.0000 0.0349
006680 0.6019 0.3634 0.0000 0.0347
006700 0.6041 0.3626 0.0000 0.0333
006720 0.6046 0.3614 0.0000 0.0340
006740 0.6035 0.3623 0.0000 0.0342
006760 0.6070 0.3600 0.0000 0.0330
006780 0.6094 0.3561 0.0000 0.0345
006800 0.6106 0.3556 0.0000 0.0337
006820 0.6149 0.3535 0.0000 0.0316
006840 0.6226 0.3455 0.0000 0.0319
006860 0.6296 0.3400 0.0000 0.0303
006880 0.6289 0.3372 0.0000 0.0339
006900 0.6250 0.3393 0.0000 0.0357
006920 0.6198 0.3423 0.0000 0.0379
006940 0.6067 0.3531 0.0000 0.0403
006960 0.5936 0.3671 0.0000 0.0393
006980 0.5875 0.3770 0.0000 0.0356
007000 0.5852 0.3790 0.0000 0.0359
007020 0.5881 0.3783 0.0000 0.0336
007040 0.5947 0.3732 0.0000 0.0321
007060 0.6036 0.3642 0.0000 0.0322
007080 0.6121 0.3568 0.0000 0.0311
007100 0.6205 0.3481 0.0000 0.0314
007120 0.6263 0.3434 0.0000 0.0303
007140 0.6304 0.3377 0.0000 0.0319
007160 0.6294 0.3372 0.0000 0.0335
007180 0.6267 0.3391 0.0000 0.0342
007200 0.6228 0.3412 0.0000 0.0360
007220 0.6148 0.3493 0.0000 0.0359
007240 0.6059 0.3568 0.0000 0.0373
007260 0.5951 0.3670 0.0000 0.0378
007280 0.5872 0.3756 0.0000 0.0372
007300 0.5869 0.3779 0.0000 0.0352
007320 0.5972 0.3701 0.0000 0.0326
007340 0.6095 0.3590 0.0000 0.0316
007360 0.6191 0.3481 0.0000 0.0328
007380 0.6237 0.3431 0.0000 0.0332
007400 0.6218 0.3442 0.0000 0.0339
007420 0.6213 0.3444 0.0000 0.0343
007440 0.6161 0.3489 0.0000 0.0350
007460 0.6100 0.3545 0.0000 0.0354
007480 0.6057 0.3586 0.0000 0.0357
007500 0.6029 0.3609 0.0000 0.0362
007520 0.6004 0.3645 0.0000 0.0350
007540 0.6033 0.3636 0.0000 0.0331
007560 0.6114 0.3550 0.0000 0.0335
007580 0.6159 0.3505 0.0000 0.0336
007600 0.6222 0.3456 0.0000 0.0321
007620 0.6254 0.3432 0.0000 0.0314
007640 0.6283 0.3392 0.0000 0.0325
007660 0.6266 0.3394 0.0000 0.0340
007680 0.6257 0.3409 0.0000 0.0333
007700 0.6231 0.3435 0.0000 0.0335
007720 0.6197 0.3457 0.0000 0.0346
007740 0.6193 0.3459 0.0000 0.0348
007760 0.6208 0.3459 0.0000 0.0333
007780 0.6193 0.3465 0.0000 0.0342
007800 0.6155 0.3510 0.0000 0.0335
007820 0.6134 0.3499 0.0000 0.0367
007840 0.6048 0.3573 0.0000 0.0378
007860 0.6013 0.3630 0.0000 0.0357
007880 0.5946 0.3693 0.0000 0.0362
007900 0.5932 0.3726 0.0000 0.0343
007920 0.5943 0.3713 0.0000 0.0344
007940 0.5950 0.3690 0.0000 0.0360
007960 0.5961 0.3696 0.0000 0.0343
007980 0.6019 0.3660 0.0000 0.0321
008000 0.6105 0.3577 0.0000 0.0318
008020 0.6195 0.3502 0.0000 0.0303
008040 0.6295 0.3411 0.0000 0.0294
008060 0.6367 0.3325 0.0000 0.0308
008080 0.6420 0.3288 0.0000 0.0292
008100 0.6448 0.3232 0.0000 0.0320
008120 0.6396 0.3256 0.0000 0.0349
008140 0.6311 0.3322 0.0000 0.0368
008160 0.6201 0.3428 0.0000 0.0371
008180 0.6082 0.3556 0.0000 0.0362
008200 0.6020 0.3628 0.0000 0.0351
008220 0.6001 0.3656 0.0000 0.0344
008240 0.6053 0.3615 0.0000 0.0332
008260 0.6130 0.3549 0.0000 0.0322
008280 0.6160 0.3513 0.0000 0.0326
008300 0.6229 0.3457 0.0000 0.0313
008320 0.6307 0.3373 0.0000 0.0320
008340 0.6327 0.3339 0.0000 0.0334
008360 0.6321 0.3335 0.0000 0.0344
008380 0.6234 0.3412 0.0000 0.0354
008400 0.6161 0.3476 0.0000 0.0364
008420 0.6052 0.3548 0.0000 0.0400
008440 0.5926 0.3677 0.0000 0.0397
008460 0.5843 0.3785 0.0000 0.0372
008480 0.5881 0.3802 0.0000 0.0318
008500 0.5992 0.3695 0.0000 0.0313
008520 0.6057 0.3620 0.0000 0.0323
008540 0.6130 0.3540 0.0000 0.0330
008560 0.6182 0.3485 0.0000 0.0333
008580 0.6174 0.3489 0.0000 0.0337
008600 0.6171 0.3497 0.0000 0.0332
008620 0.6112 0.3542 0.0000 0.0345
008640 0.6078 0.3572 0.0000 0.0350
008660 0.6057 0.3596 0.0000 0.0347
008680 0.6051 0.3602 0.0000 0.0347
008700 0.6083 0.3580 0.0000 0.0337
008720 0.6095 0.3569 0.0000 0.0336
008740 0.6146 0.3530 0.0000 0.0324
008760 0.6176 0.3504 0.0000 0.0321
008780 0.6221 0.3456 0.0000 0.0324
008800 0.6198 0.3455 0.0000 0.0347
008820 0.6151 0.3498 0.0000 0.0350
008840 0.6117 0.3525 0.0000 0.0357
008860 0.6120 0.3529 0.0000 0.0351
008880 0.6140 0.3520 0.0000 0.0340
008900 0.6159 0.3506 0.0000 0.0336
008920 0.6168 0.3494 0.0000 0.0338
008940 0.6195 0.3480 0.0000 0.0325
008960 0.6215 0.3446 0.0000 0.0339
008980 0.6175 0.3475 0.0000 0.0351
009000 0.6123 0.3518 0.0000 0.0359
009020 0.6078 0.3538 0.0000 0.0384
009040 0.6015 0.3606 0.0000 0.0379
009060 0.5959 0.3688 0.0000 0.0353
009080 0.5968 0.3713 0.0000 0.0319
009100 0.6029 0.3665 0.0000 0.0306
009120 0.6061 0.3598 0.0000 0.0341
009140 0.6054 0.3587 0.0000 0.0359
009160 0.6022 0.3620 0.0000 0.0357
009180 0.6013 0.3652 0.0000 0.0336
009200 0.6045 0.3630 0.0000 0.0324
009220 0.6112 0.3562 0.0000 0.0327
009240 0.6165 0.3511 0.0000 0.0324
009260 0.6230 0.3449 0.0000 0.0322
009280 0.6277 0.3394 0.0000 0.0329
009300 0.6338 0.3351 0.0000 0.0310
009320 0.6355 0.3317 0.0000 0.0328
009340 0.6314 0.3333 0.0000 0.0352
009360 0.6276 0.3377 0.0000 0.0346
009380 0.6240 0.3411 0.0000 0.0349
009400 0.6231 0.3441 0.0000 0.0328
009420 0.6172 0.3483 0.0000 0.0346
009440 0.6094 0.3535 0.0000 0.0371
009460 0.6032 0.3599 0.0000 0.0369
009480 0.6016 0.3622 0.0000 0.0363
009500 0.5982 0.3657 0.0000 0.0361
009520 0.6021 0.3648 0.0000 0.0331
009540 0.6103 0.3559 0.0000 0.0337
009560 0.6117 0.3545 0.0000 0.0337
009580 0.6126 0.3524 0.0000 0.0350
009600 0.6086 0.3558 0.0000 0.0356
009620 0.6094 0.3565 0.0000 0.0341
009640 0.6104 0.3558 0.0000 0.0338
009660 0.6125 0.3532 0.0000 0.0342
009680 0.6091 0.3553 0.0000 0.0356
009700 0.6058 0.3577 0.0000 0.0366
009720 0.6011 0.3615 0.0000 0.0374
009740 0.5994 0.3651 0.0000 0.0355
009760 0.6041 0.3617 0.0000 0.0342
009780 0.6110 0.3568 0.0000 0.0323
009800 0.6159 0.3517 0.0000 0.0324
009820 0.6153 0.3506 0.0000 0.0341
009840 0.6165 0.3502 0.0000 0.0333
009860 0.6138 0.3511 0.0000 0.0351
009880 0.6103 0.3545 0.0000 0.0352
009900 0.6065 0.3586 0.0000 0.0349
009920 0.6070 0.3589 0.0000 0.0341
009940 0.6092 0.3563 0.0000 0.0345
009960 0.6094 0.3574 0.0000 0.0332
009980 0.6097 0.3562 0.0000 0.0341
010000 0.6139 0.3530 0.0000 0.0331
010020 0.6184 0.3469 0.0000 0.0347
010040 0.6184 0.3469 0.0000 0.0347
010060 0.6184 0.3469 0.0000 0.0347
010080 0.6184 0.3469 0.0000 0.0347
010100 0.6184 0.3469 0.0000 0.0347
010120 0.6184 0.3469 0.0000 0.0347
010140 0.6184 0.3469 0.0000 0.0347
010160 0.6184 0.3469 0.0000 0.0347
010180 0.6184 0.3469 0.0000 0.0347
010200 0.6184 0.3469 0.0000 0.0347
010220 0.6184 0.3469 0.0000 0.0347
010240 0.6184 0.3469 0.0000 0.0347
010260 0.6184 0.3469 0.0000 0.0347
010280 0.6184 0.3469 0.0000 0.0347
010300 0.6184 0.3469 0.0000 0.0347
010320 0.6184 0.3469 0.0000 0.0347
010340 0.6184 0.3469 0.0000 0.0347
010360 0.6184 0.3469 0.0000 0.0347
010380 0.6184 0.3469 0.0000 0.0347
010400 0.6184 0.3469 0.0000 0.0347
010420 0.6184 0.3469 0.0000 0.0347
010440 0.6184 0.3469 0.0000 0.0347
010460 0.6184 0.3469 0.0000 0.0347
010480 0.6184 0.3469 0.0000 0.0347
010500 0.6184 0.3469 0.0000 0.0347
010520 0.6184 0.3469 0.0000 0.0347
010540 0.6184 0.3469 0.0000 0.0347
010560 0.6184 0.3469 0.0000 0.0347
010580 0.6184 0.3469 0.0000 0.0347
010600 0.6184 0.3469 0.0000 0.0347
010620 0.6184 0.3469 0.0000 0.0347
010640 0.6184 0.3469 0.0000 0.0347
010660 0.6184 0.3469 0.0000 0.0347
010680 0.6184 0.3469 0.0000 0.0347
010700 0.6184 0.3469 0.0000 0.0347
010720 0.6184 0.3469 0.0000 0.0347
010740 0.6184 0.3469 0.0000 0.0347
010760 0.6184 0.3469 0.0000 0.0347
010780 0.6184 0.3469 0.0000 0.0347
010800 0.6184 0.3469 0.0000 0.0347
010820 0.6184 0.3469 0.0000 0.0347
010840 0.6184 0.3469 0.0000 0.0347
010860 0.6184 0.3469 0.0000 0.0347
010880 0.6184 0.3469 0.0000 0.0347
010900 0.6184 0.3469 0.0000 0.0347
010920 0.6184 0.3469 0.0000 0.0347
010940 0.6184 0.3469 0.0000 0.0347
010960 0.6184 0.3469 0.0000 0.0347
010980 0.6184 0.3469 0.0000 0.0347
011000 0.6184 0.3469 0.0000 0.0347
011020 0.6184 0.3469 0.0000 0.0347
011040 0.6184 0.3469 0.0000 0.0347
011060 0.6184 0.3469 0.0000 0.0347
011080 0.6184 0.3469 0.0000 0.0347
011100 0.6184 0.3469 0.0000 0.0347
011120 0.6184 0.3469 0.0000 0.0347
011140 0.6184 0.3469 0.0000 0.0347
011160 0.6184 0.3469 0.0000 0.0347
011180 0.6184 0.3469 0.0000 0.0347
011200 0.6184 0.3469 0.0000 0.0347
011220 0.6184 0.3469 0.0000 0.0347
011240 0.6184 0.3469 0.0000 0.0347
011260 0.6184 0.3469 0.0000 0.0347
011280 0.6184 0.3469 0.0000 0.0347
011300 0.6184 0.3469 0.0000 0.0347
011320 0.6184 0.3469 0.0000 0.0347
011340 0.6184 0.3469 0.0000 0.0347
011360 0.6184 0.3469 0.0000 0.0347
011380 0.6184 0.3469 0.0000 0.0347
011400 0.6184 0.3469 0.0000 0.0347
011420 0.6184 0.3469 0.0000 0.0347
011440 0.6184 0.3469 0.0000 0.0347
011460 0.6184 0.3469 0.0000 0.0347
011480 0.6184 0.3469 0.0000 0.0347
011500 0.6184 0.3469 0.0000 0.0347
011520 0.6184 0.3469 0.0000 0.0347
011540 0.6184 0.3469 0.0000 0.0347
011560 0.6184 0.3469 0.0000 0.0347
011580 0.6184 0.3469 0.0000 0.0347
011600 0.6184 0.3469 0.0000 0.0347
011620 0.6184 0.3469 0.0000 0.0347
011640 0.6184 0.3469 0.0000 0.0347
011660 0.6184 0.3469 0.0000 0.0347
011680 0.6184 0.3469 0.0000 0.0347
011700 0.6184 0.3469 0.0000 0.0347
011720 0.6184 0.3469 0.0000 0.0347
011740 0.6184 0.3469 0.0000 0.0347
011760 0.6184 0.3469 0.0000 0.0347
011780 0.6184 0.3469 0.0000 0.0347
011800 0.6184 0.3469 0.0000 0.0347
011820 0.6184 0.3469 0.0000 0.0347
011840 0.6184 0.3469 0.0000 0.0347
011860 0.6184 0.3469 0.0000 0.0347
011880 0.6184 0.3469 0.0000 0.0347
011900 0.6184 0.3469 0.0000 0.0347
011920 0.6184 0.3469 0.0000 0.0347
011940 0.6184 0.3469 0.0000 0.0347
011960 0.6184 0.3469 0.0000 0.0347
011980 0.6184 0.3469 0.0000 0.0347
012000 0.6184 0.3469 0.0000 0.0347
012020 0.6184 0.3469 0.0000 0.0347
012040 0.6184 0.3469 0.0000 0.0347
012060 0.6184 0.3469 0.0000 0.0347
012080 0.6184 0.3469 0.0000 0.0347
012100 0.6184 0.3469 0.0000 0.0347
012120 0.6184 0.3469 0.0000 0.0347
012140 0.6184 0.3469 0.0000 0.0347
012160 0.6184 0.3469 0.0000 0.0347
012180 0.6184 0.3469 0.0000 0.0347
012200 0.6184 0.3469 0.0000 0.0347
012220 0.6184 0.3469 0.0000 0.0347
012240 0.6184 0.3469 0.0000 0.0347
012260 0.6184 0.3469 0.0000 0.0347
012280 0.6184 0.3469 0.0000 0.0347
012300 0.6184 0.3469 0.0000 0.0347
012320 0.6184 0.3469 0.0000 0.0347
012340 0.6184 0.3469 0.0000 0.0347
012360 0.6184 0.3469 0.0000 0.0347
012380 0.6184 0.3469 0.0000 0.0347
012400 0.6184 0.3469 0.0000 0.0347
012420 0.6184 0.3469 0.0000 0.0347
012440 0.6184 0.3469 0.0000 0.0347
012460 0.6184 0.3469 0.0000 0.0347
012480 0.6184 0.3469 0.0000 0.0347
012500 0.6184 0.3469 0.0000 0.0347
012520 0.6184 0.3469 0.0000 0.0347
012540 0.6184 0.3469 0.0000 0.0347
012560 0.6184 0.3469 0.0000 0.0347
012580 0.6184 0.3469 0.0000 0.0347
012600 0.6184 0.3469 0.0000 0.0347
012620 0.6184 0.3469 0.0000 0.0347
012640 0.6184 0.3469 0.0000 0.0347
012660 0.6184 0.3469 0.0000 0.0347
012680 0.6184 0.3469 0.0000 0.0347
012700 0.6184 0.3469 0.0000 0.0347
012720 0.6184 0.3469 0.0000 0.0347
012740 0.6184 0.3469 0.0000 0.0347
012760 0.6184 0.3469 0.0000 0.0347
012780 0.6184 0.3469 0.0000 0.0347
012800 0.6184 0.3469 0.0000 0.0347
012820 0.6184 0.3469 0.0000 0.0347
012840 0.6184 0.3469 0.0000 0.0347
012860 0.6184 0.3469 0.0000 0.0347
012880 0.6184 0.3469 0.0000 0.0347
012900 0.6184 0.3469 0.0000 0.0347
012920 0.6184 0.3469 0.0000 0.0347
012940 0.6184 0.3469 0.0000 0.0347
012960 0.6184 0.3469 0.0000 0.0347
012980 0.6184 0.3469 0.0000 0.0347
013000 0.6184 0.3469 0.0000 0.0347
013020 0.6184 0.3469 0.0000 0.0347
013040 0.6184 0.3469 0.0000 0.0347
013060 0.6184 0.3469 0.0000 0.0347
013080 0.6184 0.3469 0.0000 0.0347
013100 0.6184 0.3469 0.0000 0.0347
013120 0.6184 0.3469 0.0000 0.0347
013140 0.6184 0.3469 0.0000 0.0347
013160 0.6184 0.3469 0.0000 0.0347
013180 0.6184 0.3469 0.0000 0.0347
013200 0.6184 0.3469 0.0000 0.0347
013220 0.6184 0.3469 0.0000 0.0347
013240 0.6184 0.3469 0.0000 0.0347
013260 0.6184 0.3469 0.0000 0.0347
013280 0.6184 0.3469 0.0000 0.0347
013300 0.6184 0.3469 0.0000 0.0347
013320 0.6184 0.3469 0.0000 0.0347
013340 0.6184 0.3469 0.0000 0.0347
013360 0.6184 0.3469 0.0000 0.0347
013380 0.6184 0.3469 0.0000 0.0347
013400 0.6184 0.3469 0.0000 0.0347
013420 0.6184 0.3469 0.0000 0.0347
013440 0.6184 0.3469 0.0000 0.0347
013460 0.6184 0.3469 0.0000 0.0347
013480 0.6184 0.3469 0.0000 0.0347
013500 0.6184 0.3469 0.0000 0.0347
013520 0.6184 0.3469 0.0000 0.0347
013540 0.6184 0.3469 0.0000 0.0347
013560 0.6184 0.3469 0.0000 0.0347
013580 0.6184 0.3469 0.0000 0.0347
013600 0.6184 0.3469 0.0000 0.0347
013620 0.6184 0.3469 0.0000 0.0347
013640 0.6184 0.3469 0.0000 0.0347
013660 0.6184 0.3469 0.0000 0.0347
013680 0.6184 0.3469 0.0000 0.0347
013700 0.6184 0.3469 0.0000 0.0347
013720 0.6184 0.3469 0.0000 0.0347
013740 0.6184 0.3469 0.0000 0.0347
013760 0.6184 0.3469 0.0000 0.0347
013780 0.6184 0.3469 0.0000 0.0347
013800 0.6184 0.3469 0.0000 0.0347
013820 0.6184 0.3469 0.0000 0.0347
013840 0.6184 0.3469 0.0000 0.0347
013860 0.6184 0.3469 0.0000 0.0347
013880 0.6184 0.3469 0.0000 0.0347
013900 0.6184 0.3469 0.0000 0.0347
013920 0.6184 0.3469 0.0000 0.0347
013940 0.6184 0.3469 0.0000 0.0347
013960 0.6184 0.3469 0.0000 0.0347
013980 0.6184 0.3469 0.0000 0.0347
014000 0.6184 0.3469 0.0000 0.0347
014020 0.6184 0.3469 0.0000 0.0347
014040 0.6184 0.3469 0.0000 0.0347
014060 0.6184 0.3469 0.0000 0.0347
014080 0.6184 0.3469 0.0000 0.0347
014100 0.6184 0.3469 0.0000 0.0347
014120 0.6184 0.3469 0.0000 0.0347
014140 0.6184 0.3469 0.0000 0.0347
014160 0.6184 0.3469 0.0000 0.0347
014180 0.6184 0.3469 0.0000 0.0347
014200 0.6184 0.3469 0.0000 0.0347
014220 0.6184 0.3469 0.0000 0.0347
014240 0.6184 0.3469 0.0000 0.0347
014260 0.6184 0.3469 0.0000 0.0347
014280 0.6184 0.3469 0.0000 0.0347
014300 0.6184 0.3469 0.0000 0.0347
014320 0.6184 0.3469 0.0000 0.0347
014340 0.6184 0.3469 0.0000 0.0347
014360 0.6184 0.3469 0.0000 0.0347
014380 0.6184 0.3469 0.0000 0.0347
014400 0.6184 0.3469 0.0000 0.0347
014420 0.6184 0.3469 0.0000 0.0347
014440 0.6184 0.3469 0.0000 0.0347
014460 0.6184 0.3469 0.0000 0.0347
014480 0.6184 0.3469 0.0000 0.0347
014500 0.6184 0.3469 0.0000 0.0347
014520 0.6184 0.3469 0.0000 0.0347
014540 0.6184 0.3469 0.0000 0.0347
014560 0.6184 0.3469 0.0000 0.0347
014580 0.6184 0.3469 0.0000 0.0347
014600 0.6184 0.3469 0.0000 0.0347
014620 0.6184 0.3469 0.0000 0.0347
014640 0.6184 0.3469 0.0000 0.0347
014660 0.6184 0.3469 0.0000 0.0347
014680 0.6184 0.3469 0.0000 0.0347
014700 0.6184 0.3469 0.0000 0.0347
014720 0.6184 0.3469 0.0000 0.0347
014740 0.6184 0.3469 0.0000 0.0347
014760 0.6184 0.3469 0.0000 0.0347
014780 0.6184 0.3469 0.0000 0.0347
014800 0.6184 0.3469 0.0000 0.0347
014820 0.6184 0.3469 0.0000 0.0347
014840 0.6184 0.3469 0.0000 0.0347
014860 0.6184 0.3469 0.0000 0.0347
014880 0.6184 0.3469 0.0000 0.0347
014900 0.6184 0.3469 0.0000 0.0347
014920 0.6184 0.3469 0.0000 0.0347
014940 0.6184 0.3469 0.0000 0.0347
014960 0.6184 0.3469 0.0000 0.0347
014980 0.6184 0.3469 0.0000 0.0347
015000 0.6184 0.3469 0.0000 0.0347
015020 0.6184 0.3469 0.0000 0.0347
015040 0.6184 0.3469 0.0000 0.0347
015060 0.6184 0.3469 0.0000 0.0347
015080 0.6184 0.3469 0.0000 0.0347
015100 0.6184 0.3469 0.0000 0.0347
015120 0.6184 0.3469 0.0000 0.0347
015140 0.6184 0.3469 0.0000 0.0347
015160 0.6184 0.3469 0.0000 0.0347
015180 0.6184 0.3469 0.0000 0.0347
015200 0.6184 0.3469 0.0000 0.0347
015220 0.6184 0.3469 0.0000 0.0347
015240 0.6184 0.3469 0.0000 0.0347
015260 0.6184 0.3469 0.0000 0.0347
015280 0.6184 0.3469 0.0000 0.0347
015300 0.6184 0.3469 0.0000 0.0347
015320 0.6184 0.3469 0.0000 0.0347
015340 0.6184 0.3469 0.0000 0.0347
015360 0.6184 0.3469 0.0000 0.0347
015380 0.6184 0.3469 0.0000 0.0347
015400 0.6184 0.3469 0.0000 0.0347
015420 0.6184 0.3469 0.0000 0.0347
015440 0.6184 0.3469 0.0000 0.0347
015460 0.6184 0.3469 0.0000 0.0347
015480 0.6184 0.3469 0.0000 0.0347
015500 0.6184 0.3469 0.0000 0.0347
015520 0.6184 0.3469 0.0000 0.0347
015540 0.6184 0.3469 0.0000 0.0347
015560 0.6184 0.3469 0.0000 0.0347
015580 0.6184 0.3469 0.0000 0.0347
015600 0.6184 0.3469 0.0000 0.0347
015620 0.6184 0.3469 0.0000 0.0347
015640 0.6184 0.3469 0.0000 0.0347
015660 0.6184 0.3469 0.0000 0.0347
015680 0.6184 0.3469 0.0000 0.0347
015700 0.6184 0.3469 0.0000 0.0347
015720 0.6184 0.3469 0.0000 0.0347
015740 0.6184 0.3469 0.0000 0.0347
015760 0.6184 0.3469 0.0000 0.0347
015780 0.6184 0.3469 0.0000 0.0347
015800 0.6184 0.3469 0.0000 0.0347
015820 0.6184 0.3469 0.0000 0.0347
015840 0.6184 0.3469 0.0000 0.0347
015860 0.6184 0.3469 0.0000 0.0347
015880 0.6184 0.3469 0.0000 0.0347
015900 0.6184 0.3469 0.0000 0.0347
015920 0.6184 0.3469 0.0000 0.0347
015940 0.6184 0.3469 0.0000 0.0347
015960 0.6184 0.3469 0.0000 0.0347
015980 0.6184 0.3469 0.0000 0.0347
016000 0.6184 0.3469 0.0000 0.0347
016020 0.6184 0.3469 0.0000 0.0347
016040 0.6184 0.3469 0.0000 0.0347
016060 0.6184 0.3469 0.0000 0.0347
016080 0.6184 0.3469 0.0000 0.0347
016100 0.6184 0.3469 0.0000 0.0347
016120 0.6184 0.3469 0.0000 0.0347
016140 0.6184 0.3469 0.0000 0.0347
016160 0.6184 0.3469 0.0000 0.0347
016180 0.6184 0.3469 0.0000 0.0347
016200 0.6184 0.3469 0.0000 0.0347
016220 0.6184 0.3469 0.0000 0.0347
016240 0.6184 0.3469 0.0000 0.0347
016260 0.6184 0.3469 0.0000 0.0347
016280 0.6184 0.3469 0.0000 0.0347
016300 0.6184 0.3469 0.0000 0.0347
016320 0.6184 0.3469 0.0000 0.0347
016340 0.6184 0.3469 0.0000 0.0347
016360 0.6184 0.3469 0.0000 0.0347
016380 0.6184 0.3469 0.0000 0.0347
016400 0.6184 0.3469 0.0000 0.0347
016420 0.6184 0.3469 0.0000 0.0347
016440 0.6184 0.3469 0.0000 0.0347
016460 0.6184 0.3469 0.0000 0.0347
016480 0.6184 0.3469 0.0000 0.0347
016500 0.6184 0.3469 0.0000 0.0347
016520 0.6184 0.3469 0.0000 0.0347
016540 0.6184 0.3469 0.0000 0.0347
016560 0.6184 0.3469 0.0000 0.0347
016580 0.6184 0.3469 0.0000 0.0347
016600 0.6184 0.3469 0.0000 0.0347
016620 0.6184 0.3469 0.0000 0.0347
016640 0.6184 0.3469 0.0000 0.0347
016660 0.6184 0.3469 0.0000 0.0347
016680 0.6184 0.3469 0.0000 0.0347
016700 0.6184 0.3469 0.0000 0.0347
016720 0.6184 0.3469 0.0000 0.0347
016740 0.6184 0.3469 0.0000 0.0347
016760 0.6184 0.3469 0.0000 0.0347
016780 0.6184 0.3469 0.0000 0.0347
016800 0.6184 0.3469 0.0000 0.0347
016820 0.6184 0.3469 0.0000 0.0347
016840 0.6184 0.3469 0.0000 0.0347
016860 0.6184 0.3469 0.0000 0.0347
016880 0.6184 0.3469 0.0000 0.0347
016900 0.6184 0.3469 0.0000 0.0347
016920 0.6184 0.3469 0.0000 0.0347
016940 0.6184 0.3469 0.0000 0.0347
016960 0.6184 0.3469 0.0000 0.0347
016980 0.6184 0.3469 0.0000 0.0347
017000 0.6184 0.3469 0.0000 0.0347
017020 0.6184 0.3469 0.0000 0.0347
017040 0.6184 0.3469 0.0000 0.0347
017060 0.6184 0.3469 0.0000 0.0347
017080 0.6184 0.3469 0.0000 0.0347
017100 0.6184 0.3469 0.0000 0.0347
017120 0.6184 0.3469 0.0000 0.0347
017140 0.6184 0.3469 0.0000 0.0347
017160 0.6184 0.3469 0.0000 0.0347
017180 0.6184 0.3469 0.0000 0.0347
017200 0.6184 0.3469 0.0000 0.0347
017220 0.6184 0.3469 0.0000 0.0347
017240 0.6184 0.3469 0.0000 0.0347
017260 0.6184 0.3469 0.0000 0.0347
017280 0.6184 0.3469 0.0000 0.0347
017300 0.6184 0.3469 0.0000 0.0347
017320 0.6184 0.3469 0.0000 0.0347
017340 0.6184 0.3469 0.0000 0.0347
017360 0.6184 0.3469 0.0000 0.0347
017380 0.6184 0.3469 0.0000 0.0347
017400 0.6184 0.3469 0.0000 0.0347
017420 0.6184 0.3469 0.0000 0.0347
017440 0.6184 0.3469 0.0000 0.0347
017460 0.6184 0.3469 0.0000 0.0347
017480 0.6184 0.3469 0.0000 0.0347
017500 0.6184 0.3469 0.0000 0.0347
017520 0.6184 0.3469 0.0000 0.0347
017540 0.6184 0.3469 0.0000 0.0347
017560 0.6184 0.3469 0.0000 0.0347
017580 0.6184 0.3469 0.0000 0.0347
017600 0.6184 0.3469 0.0000 0.0347
017620 0.6184 0.3469 0.0000 0.0347
017640 0.6184 0.3469 0.0000 0.0347
017660 0.6184 0.3469 0.0000 0.0347
017680 0.6184 0.3469 0.0000 0.0347
017700 0.6184 0.3469 0.0000 0.0347
017720 0.6184 0.3469 0.0000 0.0347
017740 0.6184 0.3469 0.0000 0.0347
017760 0.6184 0.3469 0.0000 0.0347
017780 0.6184 0.3469 0.0000 0.0347
017800 0.6184 0.3469 0.0000 0.0347
017820 0.6184 0.3469 0.0000 0.0347
017840 0.6184 0.3469 0.0000 0.0347
017860 0.6184 0.3469 0.0000 0.0347
017880 0.6184 0.3469 0.0000 0.0347
017900 0.6184 0.3469 0.0000 0.0347
017920 0.6184 0.3469 0.0000 0.0347
017940 0.6184 0.3469 0.0000 0.0347
017960 0.6184 0.3469 0.0000 0.0347
017980 0.6184 0.3469 0.0000 0.0347
018000 0.6184 0.3469 0.0000 0.0347
018020 0.6184 0.3469 0.0000 0.0347
018040 0.6184 0.3469 0.0000 0.0347
018060 0.6184 0.3469 0.0000 0.0347
018080 0.6184 0.3469 0.0000 0.0347
018100 0.6184 0.3469 0.0000 0.0347
018120 0.6184 0.3469 0.0000 0.0347
018140 0.6184 0.3469 0.0000 0.0347
018160 0.6184 0.3469 0.0000 0.0347
018180 0.6184 0.3469 0.0000 0.0347
018200 0.6184 0.3469 0.0000 0.0347
018220 0.6184 0.3469 0.0000 0.0347
018240 0.6184 0.3469 0.0000 0.0347
018260 0.6184 0.3469 0.0000 0.0347
018280 0.6184 0.3469 0.0000 0.0347
018300 0.6184 0.3469 0.0000 0.0347
018320 0.6184 0.3469 0.0000 0.0347
018340 0.6184 0.3469 0.0000 0.0347
018360 0.6184 0.3469 0.0000 0.0347
018380 0.6184 0.3469 0.0000 0.0347
018400 0.6184 0.3469 0.0000 0.0347
018420 0.6184 0.3469 0.0000 0.0347
018440 0.6184 0.3469 0.0000 0.0347
018460 0.6184 0.3469 0.0000 0.0347
018480 0.6184 0.3469 0.0000 0.0347
018500 0.6184 0.3469 0.0000 0.0347
018520 0.6184 0.3469 0.0000 0.0347
018540 0.6184 0.3469 0.0000 0.0347
018560 0.6184 0.3469 0.0000 0.0347
018580 0.6184 0.3469 0.0000 0.0347
018600 0.6184 0.3469 0.0000 0.0347
018620 0.6184 0.3469 0.0000 0.0347
018640 0.6184 0.3469 0.0000 0.0347
018660 0.6184 0.3469 0.0000 0.0347
018680 0.6184 0.3469 0.0000 0.0347
018700 0.6184 0.3469 0.0000 0.0347
018720 0.6184 0.3469 0.0000 0.0347
018740 0.6184 0.3469 0.0000 0.0347
018760 0.6184 0.3469 0.0000 0.0347
018780 0.6184 0.3469 0.0000 0.0347
018800 0.6184 0.3469 0.0000 0.0347
018820 0.6184 0.3469 0.0000 0.0347
018840 0.6184 0.3469 0.0000 0.0347
018860 0.6184 0.3469 0.0000 0.0347
018880 0.6184 0.3469 0.0000 0.0347
018900 0.6184 0.3469 0.0000 0.0347
018920 0.6184 0.3469 0.0000 0.0347
018940 0.6184 0.3469 0.0000 0.0347
018960 0.6184 0.3469 0.0000 0.0347
018980 0.6184 0.3469 0.0000 0.0347
019000 0.6184 0.3469 0.0000 0.0347
019020 0.6184 0.3469 0.0000 0.0347
019040 0.6184 0.3469 0.0000 0.0347
019060 0.6184 0.3469 0.0000 0.0347
019080 0.6184 0.3469 0.0000 0.0347
019100 0.6184 0.3469 0.0000 0.0347
019120 0.6184 0.3469 0.0000 0.0347
019140 0.6184 0.3469 0.0000 0.0347
019160 0.6184 0.3469 0.0000 0.0347
019180 0.6184 0.3469 0.0000 0.0347
019200 0.6184 0.3469 0.0000 0.0347
019220 0.6184 0.3469 0.0000 0.0347
019240 0.6184 0.3469 0.0000 0.0347
019260 0.6184 0.3469 0.0000 0.0347
019280 0.6184 0.3469 0.0000 0.0347
019300 0.6184 0.3469 0.0000 0.0347
019320 0.6184 0.3469 0.0000 0.0347
019340 0.6184 0.3469 0.0000 0.0347
019360 0.6184 0.3469 0.0000 0.0347
019380 0.6184 0.3469 0.0000 0.0347
019400 0.6184 0.3469 0.0000 0.0347
019420 0.6184 0.3469 0.0000 0.0347
019440 0.6184 0.3469 0.0000 0.0347
019460 0.6184 0.3469 0.0000 0.0347
019480 0.6184 0.3469 0.0000 0.0347
019500 0.6184 0.3469 0.0000 0.0347
019520 0.6184 0.3469 0.0000 0.0347
019540 0.6184 0.3469 0.0000 0.0347
019560 0.6184 0.3469 0.0000 0.0347
019580 0.6184 0.3469 0.0000 0.0347
019600 0.6184 0.3469 0.0000 0.0347
019620 0.6184 0.3469 0.0000 0.0347
019640 0.6184 0.3469 0.0000 0.0347
019660 0.6184 0.3469 0.0000 0.0347
019680 0.6184 0.3469 0.0000 0.0347
019700 0.6184 0.3469 0.0000 0.0347
019720 0.6184 0.3469 0.0000 0.0347
019740 0.6184 0.3469 0.0000 0.0347
019760 0.6184 0.3469 0.0000 0.0347
019780 0.6184 0.3469 0.0000 0.0347
019800 0.6184 0.3469 0.0000 0.0347
019820 0.6184 0.3469 0.0000 0.0347
019840 0.6184 0.3469 0.0000 0.0347
019860 0.6184 0.3469 0.0000 0.0347
019880 0.6184 0.3469 0.0000 0.0347
019900 0.6184 0.3469 0.0000 0.0347
019920 0.6184 0.3469 0.0000 0.0347
019940 0.6184 0.3469 0.0000 0.0347
019960 0.6184 0.3469 0.0000 0.0347
019980 0.6184 0.3469 0.0000 0.0347
020000 0.6184 0.3469 0.0000 0.0347
