000000 0.2500 0.2500 0.2500 0.2500
000020 0.2594 0.2598 0.2294 0.2513
000040 0.2703 0.2708 0.2075 0.2515
000060 0.2803 0.2819 0.1865 0.2512
000080 0.2892 0.2947 0.1662 0.2499
000100 0.2969 0.3079 0.1469 0.2483
000120 0.3039 0.3212 0.1292 0.2457
000140 0.3087 0.3363 0.1127 0.2423
000160 0.3122 0.3525 0.0974 0.2378
000180 0.3136 0.3702 0.0831 0.2331
000200 0.3145 0.3893 0.0695 0.2267
000220 0.3145 0.4087 0.0573 0.2195
000240 0.3130 0.4291 0.0458 0.2120
000260 0.3111 0.4495 0.0357 0.2037
000280 0.3075 0.4712 0.0272 0.1941
000300 0.3030 0.4935 0.0198 0.1837
000320 0.2971 0.5165 0.0134 0.1730
000340 0.2882 0.5414 0.0085 0.1618
000360 0.2810 0.5659 0.0046 0.1485
000380 0.2730 0.5900 0.0019 0.1350
000400 0.2641 0.6147 0.0004 0.1209
000420 0.2546 0.6400 0.0000 0.1054
000440 0.2472 0.6669 0.0000 0.0860
000460 0.2402 0.6921 0.0000 0.0677
000480 0.2351 0.7104 0.0000 0.0545
000500 0.2333 0.7246 0.0000 0.0422
000520 0.2321 0.7356 0.0000 0.0323
000540 0.2329 0.7426 0.0000 0.0245
000560 0.2376 0.7448 0.0000 0.0176
000580 0.2445 0.7428 0.0000 0.0127
000600 0.2533 0.7376 0.0000 0.0091
000620 0.2637 0.7302 0.0000 0.0062
000640 0.2788 0.7165 0.0000 0.0047
000660 0.2931 0.7031 0.0000 0.0039
000680 0.3070 0.6894 0.0000 0.0035
000700 0.3225 0.6740 0.0000 0.0034
000720 0.3364 0.6603 0.0000 0.0034
000740 0.3485 0.6477 0.0000 0.0038
000760 0.3595 0.6359 0.0000 0.0046
000780 0.3683 0.6273 0.0000 0.0044
000800 0.3774 0.6182 0.0000 0.0044
000820 0.3846 0.6100 0.0000 0.0054
000840 0.3902 0.6037 0.0000 0.0061
000860 0.3948 0.5989 0.0000 0.0063
000880 0.3986 0.5946 0.0000 0.0068
000900 0.4002 0.5928 0.0000 0.0070
000920 0.4020 0.5903 0.0000 0.0077
000940 0.4020 0.5891 0.0000 0.0089
000960 0.4027 0.5881 0.0000 0.0092
000980 0.4032 0.5870 0.0000 0.0098
001000 0.4055 0.5847 0.0000 0.0099
001020 0.4072 0.5818 0.0000 0.0110
001040 0.4069 0.5809 0.0000 0.0121
001060 0.4066 0.5801 0.0000 0.0133
001080 0.4067 0.5797 0.0000 0.0136
001100 0.4054 0.5809 0.0000 0.0137
001120 0.4034 0.5830 0.0000 0.0137
001140 0.4026 0.5836 0.0000 0.0137
001160 0.4051 0.5816 0.0000 0.0133
001180 0.4119 0.5757 0.0000 0.0124
001200 0.4180 0.5695 0.0000 0.0125
001220 0.4228 0.5639 0.0000 0.0133
001240 0.4300 0.5561 0.0000 0.0139
001260 0.4367 0.5491 0.0000 0.0142
001280 0.4405 0.5445 0.0000 0.0149
001300 0.4448 0.5407 0.0000 0.0145
001320 0.4499 0.5342 0.0000 0.0158
001340 0.4503 0.5334 0.0000 0.0162
001360 0.4546 0.5296 0.0000 0.0157
001380 0.4576 0.5266 0.0000 0.0158
001400 0.4621 0.5221 0.0000 0.0158
001420 0.4677 0.5147 0.0000 0.0176
001440 0.4721 0.5114 0.0000 0.0165
001460 0.4781 0.5055 0.0000 0.0164
001480 0.4846 0.4997 0.0000 0.0158
001500 0.4901 0.4943 0.0000 0.0155
001520 0.4988 0.4845 0.0000 0.0166
001540 0.5060 0.4787 0.0000 0.0154
001560 0.5163 0.4685 0.0000 0.0152
001580 0.5254 0.4573 0.0000 0.0173
001600 0.5302 0.4522 0.0000 0.0176
001620 0.5374 0.4447 0.0000 0.0179
001640 0.5456 0.4376 0.0000 0.0167
001660 0.5546 0.4294 0.0000 0.0160
001680 0.5646 0.4182 0.0000 0.0172
001700 0.5689 0.4124 0.0000 0.0187
001720 0.5701 0.4098 0.0000 0.0200
001740 0.5705 0.4104 0.0000 0.0191
001760 0.5774 0.4038 0.0000 0.0188
001780 0.5839 0.3969 0.0000 0.0193
001800 0.5873 0.3912 0.0000 0.0215
001820 0.5900 0.3885 0.0000 0.0214
001840 0.5930 0.3842 0.0000 0.0228
001860 0.5971 0.3817 0.0000 0.0212
001880 0.6031 0.3754 0.0000 0.0215
001900 0.6093 0.3692 0.0000 0.0215
001920 0.6121 0.3646 0.0000 0.0233
001940 0.6142 0.3614 0.0000 0.0244
001960 0.6131 0.3614 0.0000 0.0255
001980 0.6121 0.3654 0.0000 0.0225
002000 0.6117 0.3666 0.0000 0.0217
002020 0.6141 0.3620 0.0000 0.0238
002040 0.6128 0.3635 0.0000 0.0237
002060 0.6127 0.3643 0.0000 0.0230
002080 0.6133 0.3635 0.0000 0.0232
002100 0.6171 0.3607 0.0000 0.0222
002120 0.6202 0.3576 0.0000 0.0222
002140 0.6236 0.3540 0.0000 0.0224
002160 0.6293 0.3474 0.0000 0.0233
002180 0.6330 0.3446 0.0000 0.0224
002200 0.6368 0.3411 0.0000 0.0221
002220 0.6368 0.3414 0.0000 0.0219
002240 0.6372 0.3415 0.0000 0.0212
002260 0.6420 0.3359 0.0000 0.0220
002280 0.6391 0.3380 0.0000 0.0229
002300 0.6328 0.3426 0.0000 0.0245
002320 0.6298 0.3445 0.0000 0.0258
002340 0.6240 0.3496 0.0000 0.0264
002360 0.6215 0.3531 0.0000 0.0254
002380 0.6201 0.3554 0.0000 0.0245
002400 0.6231 0.3539 0.0000 0.0230
002420 0.6302 0.3478 0.0000 0.0221
002440 0.6366 0.3405 0.0000 0.0229
002460 0.6402 0.3369 0.0000 0.0229
002480 0.6431 0.3342 0.0000 0.0226
002500 0.6451 0.3317 0.0000 0.0231
002520 0.6485 0.3290 0.0000 0.0225
002540 0.6540 0.3240 0.0000 0.0220
002560 0.6579 0.3207 0.0000 0.0214
002580 0.6639 0.3151 0.0000 0.0210
002600 0.6643 0.3134 0.0000 0.0223
002620 0.6630 0.3134 0.0000 0.0236
002640 0.6577 0.3183 0.0000 0.0240
002660 0.6514 0.3250 0.0000 0.0236
002680 0.6485 0.3280 0.0000 0.0235
002700 0.6485 0.3278 0.0000 0.0237
002720 0.6470 0.3299 0.0000 0.0231
002740 0.6433 0.3309 0.0000 0.0258
002760 0.6400 0.3358 0.0000 0.0242
002780 0.6387 0.3371 0.0000 0.0242
002800 0.6364 0.3384 0.0000 0.0252
002820 0.6374 0.3398 0.0000 0.0228
002840 0.6417 0.3363 0.0000 0.0220
002860 0.6446 0.3333 0.0000 0.0221
002880 0.6443 0.3319 0.0000 0.0238
002900 0.6452 0.3305 0.0000 0.0243
002920 0.6464 0.3296 0.0000 0.0240
002940 0.6442 0.3322 0.0000 0.0236
002960 0.6435 0.3332 0.0000 0.0232
002980 0.6450 0.3312 0.0000 0.0239
003000 0.6446 0.3299 0.0000 0.0255
003020 0.6419 0.3331 0.0000 0.0251
003040 0.6393 0.3368 0.0000 0.0238
003060 0.6381 0.3388 0.0000 0.0231
003080 0.6370 0.3397 0.0000 0.0232
003100 0.6396 0.3377 0.0000 0.0227
003120 0.6432 0.3339 0.0000 0.0229
003140 0.6469 0.3302 0.0000 0.0229
003160 0.6479 0.3287 0.0000 0.0235
003180 0.6435 0.3322 0.0000 0.0243
003200 0.6389 0.3363 0.0000 0.0247
003220 0.6374 0.3387 0.0000 0.0240
003240 0.6382 0.3382 0.0000 0.0236
003260 0.6375 0.3386 0.0000 0.0239
003280 0.6368 0.3396 0.0000 0.0237
003300 0.6369 0.3408 0.0000 0.0223
003320 0.6434 0.3341 0.0000 0.0225
003340 0.6472 0.3312 0.0000 0.0217
003360 0.6510 0.3270 0.0000 0.0220
003380 0.6530 0.3240 0.0000 0.0230
003400 0.6539 0.3218 0.0000 0.0242
003420 0.6529 0.3220 0.0000 0.0251
003440 0.6496 0.3264 0.0000 0.0240
003460 0.6488 0.3286 0.0000 0.0227
003480 0.6481 0.3309 0.0000 0.0211
003500 0.6485 0.3287 0.0000 0.0228
003520 0.6485 0.3263 0.0000 0.0252
003540 0.6445 0.3295 0.0000 0.0261
003560 0.6388 0.3364 0.0000 0.0247
003580 0.6361 0.3384 0.0000 0.0254
003600 0.6338 0.3420 0.0000 0.0242
003620 0.6339 0.3418 0.0000 0.0243
003640 0.6314 0.3459 0.0000 0.0227
003660 0.6343 0.3422 0.0000 0.0235
003680 0.6383 0.3390 0.0000 0.0227
003700 0.6388 0.3383 0.0000 0.0229
003720 0.6425 0.3353 0.0000 0.0222
003740 0.6480 0.3314 0.0000 0.0206
003760 0.6539 0.3244 0.0000 0.0216
003780 0.6582 0.3203 0.0000 0.0214
003800 0.6624 0.3156 0.0000 0.0220
003820 0.6648 0.3136 0.0000 0.0217
003840 0.6708 0.3095 0.0000 0.0198
003860 0.6753 0.3049 0.0000 0.0198
003880 0.6767 0.3013 0.0000 0.0220
003900 0.6702 0.3050 0.0000 0.0248
003920 0.6619 0.3123 0.0000 0.0257
003940 0.6531 0.3198 0.0000 0.0271
003960 0.6391 0.3317 0.0000 0.0292
003980 0.6249 0.3445 0.0000 0.0306
004000 0.6087 0.3609 0.0000 0.0304
004020 0.5965 0.3742 0.0000 0.0293
004040 0.5895 0.3824 0.0000 0.0281
004060 0.5917 0.3827 0.0000 0.0256
004080 0.5973 0.3796 0.0000 0.0231
004100 0.6052 0.3731 0.0000 0.0217
004120 0.6190 0.3609 0.0000 0.0201
004140 0.6348 0.3467 0.0000 0.0185
004160 0.6514 0.3310 0.0000 0.0176
004180 0.6649 0.3169 0.0000 0.0182
004200 0.6726 0.3090 0.0000 0.0184
004220 0.6791 0.3018 0.0000 0.0191
004240 0.6790 0.2994 0.0000 0.0216
004260 0.6789 0.2982 0.0000 0.0230
004280 0.6713 0.3028 0.0000 0.0259
004300 0.6595 0.3141 0.0000 0.0264
004320 0.6465 0.3257 0.0000 0.0278
004340 0.6331 0.3381 0.0000 0.0288
004360 0.6223 0.3491 0.0000 0.0286
004380 0.6163 0.3576 0.0000 0.0262
004400 0.6151 0.3588 0.0000 0.0261
004420 0.6140 0.3601 0.0000 0.0259
004440 0.6150 0.3601 0.0000 0.0249
004460 0.6156 0.3594 0.0000 0.0250
004480 0.6171 0.3589 0.0000 0.0240
004500 0.6211 0.3532 0.0000 0.0258
004520 0.6235 0.3532 0.0000 0.0233
004540 0.6264 0.3502 0.0000 0.0234
004560 0.6283 0.3483 0.0000 0.0234
004580 0.6304 0.3458 0.0000 0.0238
004600 0.6347 0.3419 0.0000 0.0233
004620 0.6397 0.3373 0.0000 0.0230
004640 0.6426 0.3347 0.0000 0.0227
004660 0.6474 0.3313 0.0000 0.0213
004680 0.6522 0.3256 0.0000 0.0222
004700 0.6518 0.3240 0.0000 0.0242
004720 0.6508 0.3260 0.0000 0.0232
004740 0.6465 0.3280 0.0000 0.0256
004760 0.6424 0.3321 0.0000 0.0255
004780 0.6401 0.3363 0.0000 0.0236
004800 0.6389 0.3373 0.0000 0.0238
004820 0.6372 0.3395 0.0000 0.0233
004840 0.6379 0.3392 0.0000 0.0230
004860 0.6389 0.3370 0.0000 0.0240
004880 0.6378 0.3366 0.0000 0.0256
004900 0.6362 0.3400 0.0000 0.0237
004920 0.6354 0.3416 0.0000 0.0230
004940 0.6360 0.3401 0.0000 0.0239
004960 0.6381 0.3393 0.0000 0.0226
004980 0.6421 0.3348 0.0000 0.0231
005000 0.6433 0.3333 0.0000 0.0235
005020 0.6458 0.3315 0.0000 0.0226
005040 0.6489 0.3271 0.0000 0.0240
005060 0.6454 0.3302 0.0000 0.0244
005080 0.6441 0.3320 0.0000 0.0238
005100 0.6435 0.3329 0.0000 0.0236
005120 0.6440 0.3327 0.0000 0.0232
005140 0.6412 0.3334 0.0000 0.0254
005160 0.6407 0.3340 0.0000 0.0253
005180 0.6414 0.3348 0.0000 0.0238
005200 0.6401 0.3358 0.0000 0.0241
005220 0.6345 0.3411 0.0000 0.0244
005240 0.6334 0.3429 0.0000 0.0237
005260 0.6376 0.3409 0.0000 0.0215
005280 0.6458 0.3332 0.0000 0.0210
005300 0.6505 0.3289 0.0000 0.0205
005320 0.6606 0.3194 0.0000 0.0200
005340 0.6675 0.3118 0.0000 0.0207
005360 0.6712 0.3073 0.0000 0.0215
005380 0.6691 0.3086 0.0000 0.0222
005400 0.6650 0.3117 0.0000 0.0233
005420 0.6573 0.3181 0.0000 0.0246
005440 0.6526 0.3231 0.0000 0.0243
005460 0.6493 0.3258 0.0000 0.0249
005480 0.6419 0.3329 0.0000 0.0252
005500 0.6342 0.3402 0.0000 0.0256
005520 0.6317 0.3424 0.0000 0.0259
005540 0.6310 0.3436 0.0000 0.0254
005560 0.6324 0.3425 0.0000 0.0251
005580 0.6313 0.3436 0.0000 0.0251
005600 0.6336 0.3413 0.0000 0.0251
005620 0.6304 0.3441 0.0000 0.0256
005640 0.6277 0.3465 0.0000 0.0259
005660 0.6267 0.3487 0.0000 0.0245
005680 0.6269 0.3485 0.0000 0.0246
005700 0.6256 0.3502 0.0000 0.0242
005720 0.6265 0.3513 0.0000 0.0222
005740 0.6340 0.3455 0.0000 0.0205
005760 0.6434 0.3357 0.0000 0.0208
005780 0.6478 0.3291 0.0000 0.0231
005800 0.6517 0.3258 0.0000 0.0224
005820 0.6583 0.3205 0.0000 0.0212
005840 0.6663 0.3140 0.0000 0.0197
005860 0.6717 0.3090 0.0000 0.0192
005880 0.6747 0.3044 0.0000 0.0209
005900 0.6745 0.3042 0.0000 0.0213
005920 0.6726 0.3051 0.0000 0.0223
005940 0.6696 0.3072 0.0000 0.0233
005960 0.6662 0.3102 0.0000 0.0236
005980 0.6599 0.3153 0.0000 0.0247
006000 0.6501 0.3228 0.0000 0.0270
006020 0.6415 0.3324 0.0000 0.0261
006040 0.6349 0.3380 0.0000 0.0271
006060 0.6244 0.3471 0.0000 0.0285
006080 0.6162 0.3559 0.0000 0.0279
006100 0.6126 0.3608 0.0000 0.0266
006120 0.6107 0.3640 0.0000 0.0253
006140 0.6134 0.3637 0.0000 0.0229
006160 0.6218 0.3564 0.0000 0.0218
006180 0.6311 0.3477 0.0000 0.0212
006200 0.6414 0.3366 0.0000 0.0220
006220 0.6471 0.3307 0.0000 0.0222
006240 0.6528 0.3259 0.0000 0.0213
006260 0.6588 0.3218 0.0000 0.0194
006280 0.6652 0.3142 0.0000 0.0205
006300 0.6647 0.3122 0.0000 0.0231
006320 0.6604 0.3153 0.0000 0.0243
006340 0.6528 0.3209 0.0000 0.0263
006360 0.6428 0.3307 0.0000 0.0265
006380 0.6377 0.3360 0.0000 0.0263
006400 0.6322 0.3406 0.0000 0.0273
006420 0.6284 0.3443 0.0000 0.0273
006440 0.6246 0.3495 0.0000 0.0259
006460 0.6167 0.3573 0.0000 0.0260
006480 0.6114 0.3612 0.0000 0.0274
006500 0.6106 0.3632 0.0000 0.0262
006520 0.6114 0.3630 0.0000 0.0256
006540 0.6162 0.3603 0.0000 0.0235
006560 0.6240 0.3549 0.0000 0.0211
006580 0.6363 0.3430 0.0000 0.0207
006600 0.6473 0.3322 0.0000 0.0206
006620 0.6514 0.3269 0.0000 0.0217
006640 0.6537 0.3243 0.0000 0.0220
006660 0.6549 0.3232 0.0000 0.0219
006680 0.6568 0.3212 0.0000 0.0220
006700 0.6588 0.3199 0.0000 0.0213
006720 0.6598 0.3176 0.0000 0.0226
006740 0.6540 0.3213 0.0000 0.0248
006760 0.6515 0.3240 0.0000 0.0246
006780 0.6469 0.3275 0.0000 0.0256
006800 0.6383 0.3361 0.0000 0.0256
006820 0.6344 0.3409 0.0000 0.0248
006840 0.6298 0.3452 0.0000 0.0251
006860 0.6270 0.3482 0.0000 0.0248
006880 0.6266 0.3488 0.0000 0.0246
006900 0.6300 0.3462 0.0000 0.0238
006920 0.6308 0.3460 0.0000 0.0232
006940 0.6342 0.3437 0.0000 0.0221
006960 0.6424 0.3380 0.0000 0.0197
006980 0.6485 0.3297 0.0000 0.0218
007000 0.6478 0.3288 0.0000 0.0234
007020 0.6459 0.3297 0.0000 0.0244
007040 0.6404 0.3342 0.0000 0.0254
007060 0.6357 0.3401 0.0000 0.0243
007080 0.6339 0.3423 0.0000 0.0238
007100 0.6330 0.3430 0.0000 0.0240
007120 0.6355 0.3396 0.0000 0.0248
007140 0.6317 0.3423 0.0000 0.0260
007160 0.6242 0.3499 0.0000 0.0259
007180 0.6222 0.3529 0.0000 0.0249
007200 0.6198 0.3547 0.0000 0.0255
007220 0.6191 0.3547 0.0000 0.0262
007240 0.6189 0.3561 0.0000 0.0250
007260 0.6234 0.3540 0.0000 0.0226
007280 0.6286 0.3503 0.0000 0.0211
007300 0.6411 0.3393 0.0000 0.0196
007320 0.6520 0.3295 0.0000 0.0186
007340 0.6663 0.3158 0.0000 0.0179
007360 0.6745 0.3076 0.0000 0.0179
007380 0.6846 0.2975 0.0000 0.0180
007400 0.6901 0.2903 0.0000 0.0196
007420 0.6919 0.2880 0.0000 0.0201
007440 0.6902 0.2876 0.0000 0.0222
007460 0.6885 0.2872 0.0000 0.0243
007480 0.6792 0.2944 0.0000 0.0264
007500 0.6652 0.3077 0.0000 0.0271
007520 0.6487 0.3228 0.0000 0.0286
007540 0.6368 0.3347 0.0000 0.0285
007560 0.6301 0.3418 0.0000 0.0281
007580 0.6189 0.3524 0.0000 0.0287
007600 0.6116 0.3605 0.0000 0.0280
007620 0.6086 0.3660 0.0000 0.0254
007640 0.6107 0.3649 0.0000 0.0244
007660 0.6126 0.3637 0.0000 0.0237
007680 0.6202 0.3569 0.0000 0.0229
007700 0.6301 0.3495 0.0000 0.0205
007720 0.6424 0.3388 0.0000 0.0189
007740 0.6566 0.3243 0.0000 0.0191
007760 0.6651 0.3139 0.0000 0.0210
007780 0.6692 0.3105 0.0000 0.0202
007800 0.6708 0.3078 0.0000 0.0213
007820 0.6725 0.3068 0.0000 0.0207
007840 0.6700 0.3079 0.0000 0.0221
007860 0.6636 0.3108 0.0000 0.0256
007880 0.6557 0.3180 0.0000 0.0262
007900 0.6456 0.3282 0.0000 0.0262
007920 0.6401 0.3344 0.0000 0.0255
007940 0.6368 0.3380 0.0000 0.0252
007960 0.6306 0.3429 0.0000 0.0265
007980 0.6275 0.3473 0.0000 0.0252
008000 0.6252 0.3498 0.0000 0.0250
008020 0.6275 0.3491 0.0000 0.0233
008040 0.6313 0.3468 0.0000 0.0219
008060 0.6388 0.3399 0.0000 0.0213
008080 0.6456 0.3326 0.0000 0.0218
008100 0.6493 0.3287 0.0000 0.0220
008120 0.6509 0.3258 0.0000 0.0234
008140 0.6490 0.3268 0.0000 0.0242
008160 0.6471 0.3283 0.0000 0.0246
008180 0.6437 0.3326 0.0000 0.0237
008200 0.6444 0.3304 0.0000 0.0252
008220 0.6408 0.3331 0.0000 0.0261
008240 0.6405 0.3363 0.0000 0.0232
008260 0.6455 0.3332 0.0000 0.0214
008280 0.6492 0.3287 0.0000 0.0221
008300 0.6482 0.3281 0.0000 0.0237
008320 0.6492 0.3281 0.0000 0.0227
008340 0.6503 0.3261 0.0000 0.0236
008360 0.6481 0.3275 0.0000 0.0244
008380 0.6432 0.3315 0.0000 0.0253
008400 0.6433 0.3329 0.0000 0.0239
008420 0.6452 0.3303 0.0000 0.0245
008440 0.6428 0.3316 0.0000 0.0256
008460 0.6423 0.3336 0.0000 0.0241
008480 0.6416 0.3350 0.0000 0.0234
008500 0.6422 0.3343 0.0000 0.0235
008520 0.6426 0.3341 0.0000 0.0234
008540 0.6443 0.3330 0.0000 0.0227
008560 0.6438 0.3346 0.0000 0.0216
008580 0.6453 0.3308 0.0000 0.0239
008600 0.6437 0.3322 0.0000 0.0242
008620 0.6362 0.3366 0.0000 0.0272
008640 0.6274 0.3455 0.0000 0.0271
008660 0.6204 0.3530 0.0000 0.0266
008680 0.6174 0.3566 0.0000 0.0260
008700 0.6187 0.3574 0.0000 0.0239
008720 0.6204 0.3552 0.0000 0.0244
008740 0.6247 0.3521 0.0000 0.0231
008760 0.6313 0.3474 0.0000 0.0213
008780 0.6399 0.3388 0.0000 0.0213
008800 0.6431 0.3338 0.0000 0.0231
008820 0.6438 0.3327 0.0000 0.0235
008840 0.6442 0.3318 0.0000 0.0241
008860 0.6449 0.3320 0.0000 0.0231
008880 0.6417 0.3343 0.0000 0.0240
008900 0.6401 0.3350 0.0000 0.0249
008920 0.6387 0.3369 0.0000 0.0244
008940 0.6371 0.3387 0.0000 0.0242
008960 0.6364 0.3391 0.0000 0.0246
008980 0.6370 0.3380 0.0000 0.0250
009000 0.6370 0.3388 0.0000 0.0242
009020 0.6363 0.3399 0.0000 0.0238
009040 0.6351 0.3392 0.0000 0.0257
009060 0.6305 0.3417 0.0000 0.0278
009080 0.6277 0.3462 0.0000 0.0261
009100 0.6310 0.3435 0.0000 0.0255
009120 0.6322 0.3435 0.0000 0.0243
009140 0.6306 0.3462 0.0000 0.0232
009160 0.6333 0.3440 0.0000 0.0226
009180 0.6337 0.3436 0.0000 0.0227
009200 0.6328 0.3425 0.0000 0.0247
009220 0.6274 0.3475 0.0000 0.0251
009240 0.6265 0.3487 0.0000 0.0249
009260 0.6280 0.3468 0.0000 0.0252
009280 0.6285 0.3477 0.0000 0.0239
009300 0.6290 0.3466 0.0000 0.0244
009320 0.6299 0.3462 0.0000 0.0238
009340 0.6304 0.3465 0.0000 0.0232
009360 0.6343 0.3430 0.0000 0.0227
009380 0.6359 0.3406 0.0000 0.0234
009400 0.6390 0.3385 0.0000 0.0225
009420 0.6389 0.3383 0.0000 0.0228
009440 0.6393 0.3374 0.0000 0.0233
009460 0.6436 0.3325 0.0000 0.0239
009480 0.6471 0.3295 0.0000 0.0234
009500 0.6408 0.3334 0.0000 0.0259
009520 0.6340 0.3393 0.0000 0.0267
009540 0.6295 0.3454 0.0000 0.0251
009560 0.6270 0.3485 0.0000 0.0245
009580 0.6275 0.3482 0.0000 0.0243
009600 0.6244 0.3493 0.0000 0.0263
009620 0.6228 0.3532 0.0000 0.0240
009640 0.6305 0.3480 0.0000 0.0215
009660 0.6392 0.3403 0.0000 0.0205
009680 0.6456 0.3320 0.0000 0.0224
009700 0.6503 0.3268 0.0000 0.0229
009720 0.6526 0.3243 0.0000 0.0232
009740 0.6526 0.3244 0.0000 0.0230
009760 0.6482 0.3274 0.0000 0.0244
009780 0.6471 0.3286 0.0000 0.0242
009800 0.6490 0.3293 0.0000 0.0217
009820 0.6527 0.3255 0.0000 0.0218
009840 0.6502 0.3265 0.0000 0.0233
009860 0.6483 0.3282 0.0000 0.0234
009880 0.6487 0.3285 0.0000 0.0228
009900 0.6492 0.3275 0.0000 0.0233
009920 0.6509 0.3265 0.0000 0.0226
009940 0.6516 0.3258 0.0000 0.0226
009960 0.6524 0.3240 0.0000 0.0237
009980 0.6502 0.3254 0.0000 0.0244
010000 0.6463 0.3294 0.0000 0.0243
010020 0.6428 0.3316 0.0000 0.0256
010040 0.6428 0.3316 0.0000 0.0256
010060 0.6428 0.3316 0.0000 0.0256
010080 0.6428 0.3316 0.0000 0.0256
010100 0.6428 0.3316 0.0000 0.0256
010120 0.6428 0.3316 0.0000 0.0256
010140 0.6428 0.3316 0.0000 0.0256
010160 0.6428 0.3316 0.0000 0.0256
010180 0.6428 0.3316 0.0000 0.0256
010200 0.6428 0.3316 0.0000 0.0256
010220 0.6428 0.3316 0.0000 0.0256
010240 0.6428 0.3316 0.0000 0.0256
010260 0.6428 0.3316 0.0000 0.0256
010280 0.6428 0.3316 0.0000 0.0256
010300 0.6428 0.3316 0.0000 0.0256
010320 0.6428 0.3316 0.0000 0.0256
010340 0.6428 0.3316 0.0000 0.0256
010360 0.6428 0.3316 0.0000 0.0256
010380 0.6428 0.3316 0.0000 0.0256
010400 0.6428 0.3316 0.0000 0.0256
010420 0.6428 0.3316 0.0000 0.0256
010440 0.6428 0.3316 0.0000 0.0256
010460 0.6428 0.3316 0.0000 0.0256
010480 0.6428 0.3316 0.0000 0.0256
010500 0.6428 0.3316 0.0000 0.0256
010520 0.6428 0.3316 0.0000 0.0256
010540 0.6428 0.3316 0.0000 0.0256
010560 0.6428 0.3316 0.0000 0.0256
010580 0.6428 0.3316 0.0000 0.0256
010600 0.6428 0.3316 0.0000 0.0256
010620 0.6428 0.3316 0.0000 0.0256
010640 0.6428 0.3316 0.0000 0.0256
010660 0.6428 0.3316 0.0000 0.0256
010680 0.6428 0.3316 0.0000 0.0256
010700 0.6428 0.3316 0.0000 0.0256
010720 0.6428 0.3316 0.0000 0.0256
010740 0.6428 0.3316 0.0000 0.0256
010760 0.6428 0.3316 0.0000 0.0256
010780 0.6428 0.3316 0.0000 0.0256
010800 0.6428 0.3316 0.0000 0.0256
010820 0.6428 0.3316 0.0000 0.0256
010840 0.6428 0.3316 0.0000 0.0256
010860 0.6428 0.3316 0.0000 0.0256
010880 0.6428 0.3316 0.0000 0.0256
010900 0.6428 0.3316 0.0000 0.0256
010920 0.6428 0.3316 0.0000 0.0256
010940 0.6428 0.3316 0.0000 0.0256
010960 0.6428 0.3316 0.0000 0.0256
010980 0.6428 0.3316 0.0000 0.0256
011000 0.6428 0.3316 0.0000 0.0256
011020 0.6428 0.3316 0.0000 0.0256
011040 0.6428 0.3316 0.0000 0.0256
011060 0.6428 0.3316 0.0000 0.0256
011080 0.6428 0.3316 0.0000 0.0256
011100 0.6428 0.3316 0.0000 0.0256
011120 0.6428 0.3316 0.0000 0.0256
011140 0.6428 0.3316 0.0000 0.0256
011160 0.6428 0.3316 0.0000 0.0256
011180 0.6428 0.3316 0.0000 0.0256
011200 0.6428 0.3316 0.0000 0.0256
011220 0.6428 0.3316 0.0000 0.0256
011240 0.6428 0.3316 0.0000 0.0256
011260 0.6428 0.3316 0.0000 0.0256
011280 0.6428 0.3316 0.0000 0.0256
011300 0.6428 0.3316 0.0000 0.0256
011320 0.6428 0.3316 0.0000 0.0256
011340 0.6428 0.3316 0.0000 0.0256
011360 0.6428 0.3316 0.0000 0.0256
011380 0.6428 0.3316 0.0000 0.0256
011400 0.6428 0.3316 0.0000 0.0256
011420 0.6428 0.3316 0.0000 0.0256
011440 0.6428 0.3316 0.0000 0.0256
011460 0.6428 0.3316 0.0000 0.0256
011480 0.6428 0.3316 0.0000 0.0256
011500 0.6428 0.3316 0.0000 0.0256
011520 0.6428 0.3316 0.0000 0.0256
011540 0.6428 0.3316 0.0000 0.0256
011560 0.6428 0.3316 0.0000 0.0256
011580 0.6428 0.3316 0.0000 0.0256
011600 0.6428 0.3316 0.0000 0.0256
011620 0.6428 0.3316 0.0000 0.0256
011640 0.6428 0.3316 0.0000 0.0256
011660 0.6428 0.3316 0.0000 0.0256
011680 0.6428 0.3316 0.0000 0.0256
011700 0.6428 0.3316 0.0000 0.0256
011720 0.6428 0.3316 0.0000 0.0256
011740 0.6428 0.3316 0.0000 0.0256
011760 0.6428 0.3316 0.0000 0.0256
011780 0.6428 0.3316 0.0000 0.0256
011800 0.6428 0.3316 0.0000 0.0256
011820 0.6428 0.3316 0.0000 0.0256
011840 0.6428 0.3316 0.0000 0.0256
011860 0.6428 0.3316 0.0000 0.0256
011880 0.6428 0.3316 0.0000 0.0256
011900 0.6428 0.3316 0.0000 0.0256
011920 0.6428 0.3316 0.0000 0.0256
011940 0.6428 0.3316 0.0000 0.0256
011960 0.6428 0.3316 0.0000 0.0256
011980 0.6428 0.3316 0.0000 0.0256
012000 0.6428 0.3316 0.0000 0.0256
012020 0.6428 0.3316 0.0000 0.0256
012040 0.6428 0.3316 0.0000 0.0256
012060 0.6428 0.3316 0.0000 0.0256
012080 0.6428 0.3316 0.0000 0.0256
012100 0.6428 0.3316 0.0000 0.0256
012120 0.6428 0.3316 0.0000 0.0256
012140 0.6428 0.3316 0.0000 0.0256
012160 0.6428 0.3316 0.0000 0.0256
012180 0.6428 0.3316 0.0000 0.0256
012200 0.6428 0.3316 0.0000 0.0256
012220 0.6428 0.3316 0.0000 0.0256
012240 0.6428 0.3316 0.0000 0.0256
012260 0.6428 0.3316 0.0000 0.0256
012280 0.6428 0.3316 0.0000 0.0256
012300 0.6428 0.3316 0.0000 0.0256
012320 0.6428 0.3316 0.0000 0.0256
012340 0.6428 0.3316 0.0000 0.0256
012360 0.6428 0.3316 0.0000 0.0256
012380 0.6428 0.3316 0.0000 0.0256
012400 0.6428 0.3316 0.0000 0.0256
012420 0.6428 0.3316 0.0000 0.0256
012440 0.6428 0.3316 0.0000 0.0256
012460 0.6428 0.3316 0.0000 0.0256
012480 0.6428 0.3316 0.0000 0.0256
012500 0.6428 0.3316 0.0000 0.0256
012520 0.6428 0.3316 0.0000 0.0256
012540 0.6428 0.3316 0.0000 0.0256
012560 0.6428 0.3316 0.0000 0.0256
012580 0.6428 0.3316 0.0000 0.0256
012600 0.6428 0.3316 0.0000 0.0256
012620 0.6428 0.3316 0.0000 0.0256
012640 0.6428 0.3316 0.0000 0.0256
012660 0.6428 0.3316 0.0000 0.0256
012680 0.6428 0.3316 0.0000 0.0256
012700 0.6428 0.3316 0.0000 0.0256
012720 0.6428 0.3316 0.0000 0.0256
012740 0.6428 0.3316 0.0000 0.0256
012760 0.6428 0.3316 0.0000 0.0256
012780 0.6428 0.3316 0.0000 0.0256
012800 0.6428 0.3316 0.0000 0.0256
012820 0.6428 0.3316 0.0000 0.0256
012840 0.6428 0.3316 0.0000 0.0256
012860 0.6428 0.3316 0.0000 0.0256
012880 0.6428 0.3316 0.0000 0.0256
012900 0.6428 0.3316 0.0000 0.0256
012920 0.6428 0.3316 0.0000 0.0256
012940 0.6428 0.3316 0.0000 0.0256
012960 0.6428 0.3316 0.0000 0.0256
012980 0.6428 0.3316 0.0000 0.0256
013000 0.6428 0.3316 0.0000 0.0256
013020 0.6428 0.3316 0.0000 0.0256
013040 0.6428 0.3316 0.0000 0.0256
013060 0.6428 0.3316 0.0000 0.0256
013080 0.6428 0.3316 0.0000 0.0256
013100 0.6428 0.3316 0.0000 0.0256
013120 0.6428 0.3316 0.0000 0.0256
013140 0.6428 0.3316 0.0000 0.0256
013160 0.6428 0.3316 0.0000 0.0256
013180 0.6428 0.3316 0.0000 0.0256
013200 0.6428 0.3316 0.0000 0.0256
013220 0.6428 0.3316 0.0000 0.0256
013240 0.6428 0.3316 0.0000 0.0256
013260 0.6428 0.3316 0.0000 0.0256
013280 0.6428 0.3316 0.0000 0.0256
013300 0.6428 0.3316 0.0000 0.0256
013320 0.6428 0.3316 0.0000 0.0256
013340 0.6428 0.3316 0.0000 0.0256
013360 0.6428 0.3316 0.0000 0.0256
013380 0.6428 0.3316 0.0000 0.0256
013400 0.6428 0.3316 0.0000 0.0256
013420 0.6428 0.3316 0.0000 0.0256
013440 0.6428 0.3316 0.0000 0.0256
013460 0.6428 0.3316 0.0000 0.0256
013480 0.6428 0.3316 0.0000 0.0256
013500 0.6428 0.3316 0.0000 0.0256
013520 0.6428 0.3316 0.0000 0.0256
013540 0.6428 0.3316 0.0000 0.0256
013560 0.6428 0.3316 0.0000 0.0256
013580 0.6428 0.3316 0.0000 0.0256
013600 0.6428 0.3316 0.0000 0.0256
013620 0.6428 0.3316 0.0000 0.0256
013640 0.6428 0.3316 0.0000 0.0256
013660 0.6428 0.3316 0.0000 0.0256
013680 0.6428 0.3316 0.0000 0.0256
013700 0.6428 0.3316 0.0000 0.0256
013720 0.6428 0.3316 0.0000 0.0256
013740 0.6428 0.3316 0.0000 0.0256
013760 0.6428 0.3316 0.0000 0.0256
013780 0.6428 0.3316 0.0000 0.0256
013800 0.6428 0.3316 0.0000 0.0256
013820 0.6428 0.3316 0.0000 0.0256
013840 0.6428 0.3316 0.0000 0.0256
013860 0.6428 0.3316 0.0000 0.0256
013880 0.6428 0.3316 0.0000 0.0256
013900 0.6428 0.3316 0.0000 0.0256
013920 0.6428 0.3316 0.0000 0.0256
013940 0.6428 0.3316 0.0000 0.0256
013960 0.6428 0.3316 0.0000 0.0256
013980 0.6428 0.3316 0.0000 0.0256
014000 0.6428 0.3316 0.0000 0.0256
014020 0.6428 0.3316 0.0000 0.0256
014040 0.6428 0.3316 0.0000 0.0256
014060 0.6428 0.3316 0.0000 0.0256
014080 0.6428 0.3316 0.0000 0.0256
014100 0.6428 0.3316 0.0000 0.0256
014120 0.6428 0.3316 0.0000 0.0256
014140 0.6428 0.3316 0.0000 0.0256
014160 0.6428 0.3316 0.0000 0.0256
014180 0.6428 0.3316 0.0000 0.0256
014200 0.6428 0.3316 0.0000 0.0256
014220 0.6428 0.3316 0.0000 0.0256
014240 0.6428 0.3316 0.0000 0.0256
014260 0.6428 0.3316 0.0000 0.0256
014280 0.6428 0.3316 0.0000 0.0256
014300 0.6428 0.3316 0.0000 0.0256
014320 0.6428 0.3316 0.0000 0.0256
014340 0.6428 0.3316 0.0000 0.0256
014360 0.6428 0.3316 0.0000 0.0256
014380 0.6428 0.3316 0.0000 0.0256
014400 0.6428 0.3316 0.0000 0.0256
014420 0.6428 0.3316 0.0000 0.0256
014440 0.6428 0.3316 0.0000 0.0256
014460 0.6428 0.3316 0.0000 0.0256
014480 0.6428 0.3316 0.0000 0.0256
014500 0.6428 0.3316 0.0000 0.0256
014520 0.6428 0.3316 0.0000 0.0256
014540 0.6428 0.3316 0.0000 0.0256
014560 0.6428 0.3316 0.0000 0.0256
014580 0.6428 0.3316 0.0000 0.0256
014600 0.6428 0.3316 0.0000 0.0256
014620 0.6428 0.3316 0.0000 0.0256
014640 0.6428 0.3316 0.0000 0.0256
014660 0.6428 0.3316 0.0000 0.0256
014680 0.6428 0.3316 0.0000 0.0256
014700 0.6428 0.3316 0.0000 0.0256
014720 0.6428 0.3316 0.0000 0.0256
014740 0.6428 0.3316 0.0000 0.0256
014760 0.6428 0.3316 0.0000 0.0256
014780 0.6428 0.3316 0.0000 0.0256
014800 0.6428 0.3316 0.0000 0.0256
014820 0.6428 0.3316 0.0000 0.0256
014840 0.6428 0.3316 0.0000 0.0256
014860 0.6428 0.3316 0.0000 0.0256
014880 0.6428 0.3316 0.0000 0.0256
014900 0.6428 0.3316 0.0000 0.0256
014920 0.6428 0.3316 0.0000 0.0256
014940 0.6428 0.3316 0.0000 0.0256
014960 0.6428 0.3316 0.0000 0.0256
014980 0.6428 0.3316 0.0000 0.0256
015000 0.6428 0.3316 0.0000 0.0256
015020 0.6428 0.3316 0.0000 0.0256
015040 0.6428 0.3316 0.0000 0.0256
015060 0.6428 0.3316 0.0000 0.0256
015080 0.6428 0.3316 0.0000 0.0256
015100 0.6428 0.3316 0.0000 0.0256
015120 0.6428 0.3316 0.0000 0.0256
015140 0.6428 0.3316 0.0000 0.0256
015160 0.6428 0.3316 0.0000 0.0256
015180 0.6428 0.3316 0.0000 0.0256
015200 0.6428 0.3316 0.0000 0.0256
015220 0.6428 0.3316 0.0000 0.0256
015240 0.6428 0.3316 0.0000 0.0256
015260 0.6428 0.3316 0.0000 0.0256
015280 0.6428 0.3316 0.0000 0.0256
015300 0.6428 0.3316 0.0000 0.0256
015320 0.6428 0.3316 0.0000 0.0256
015340 0.6428 0.3316 0.0000 0.0256
015360 0.6428 0.3316 0.0000 0.0256
015380 0.6428 0.3316 0.0000 0.0256
015400 0.6428 0.3316 0.0000 0.0256
015420 0.6428 0.3316 0.0000 0.0256
015440 0.6428 0.3316 0.0000 0.0256
015460 0.6428 0.3316 0.0000 0.0256
015480 0.6428 0.3316 0.0000 0.0256
015500 0.6428 0.3316 0.0000 0.0256
015520 0.6428 0.3316 0.0000 0.0256
015540 0.6428 0.3316 0.0000 0.0256
015560 0.6428 0.3316 0.0000 0.0256
015580 0.6428 0.3316 0.0000 0.0256
015600 0.6428 0.3316 0.0000 0.0256
015620 0.6428 0.3316 0.0000 0.0256
015640 0.6428 0.3316 0.0000 0.0256
015660 0.6428 0.3316 0.0000 0.0256
015680 0.6428 0.3316 0.0000 0.0256
015700 0.6428 0.3316 0.0000 0.0256
015720 0.6428 0.3316 0.0000 0.0256
015740 0.6428 0.3316 0.0000 0.0256
015760 0.6428 0.3316 0.0000 0.0256
015780 0.6428 0.3316 0.0000 0.0256
015800 0.6428 0.3316 0.0000 0.0256
015820 0.6428 0.3316 0.0000 0.0256
015840 0.6428 0.3316 0.0000 0.0256
015860 0.6428 0.3316 0.0000 0.0256
015880 0.6428 0.3316 0.0000 0.0256
015900 0.6428 0.3316 0.0000 0.0256
015920 0.6428 0.3316 0.0000 0.0256
015940 0.6428 0.3316 0.0000 0.0256
015960 0.6428 0.3316 0.0000 0.0256
015980 0.6428 0.3316 0.0000 0.0256
016000 0.6428 0.3316 0.0000 0.0256
016020 0.6428 0.3316 0.0000 0.0256
016040 0.6428 0.3316 0.0000 0.0256
016060 0.6428 0.3316 0.0000 0.0256
016080 0.6428 0.3316 0.0000 0.0256
016100 0.6428 0.3316 0.0000 0.0256
016120 0.6428 0.3316 0.0000 0.0256
016140 0.6428 0.3316 0.0000 0.0256
016160 0.6428 0.3316 0.0000 0.0256
016180 0.6428 0.3316 0.0000 0.0256
016200 0.6428 0.3316 0.0000 0.0256
016220 0.6428 0.3316 0.0000 0.0256
016240 0.6428 0.3316 0.0000 0.0256
016260 0.6428 0.3316 0.0000 0.0256
016280 0.6428 0.3316 0.0000 0.0256
016300 0.6428 0.3316 0.0000 0.0256
016320 0.6428 0.3316 0.0000 0.0256
016340 0.6428 0.3316 0.0000 0.0256
016360 0.6428 0.3316 0.0000 0.0256
016380 0.6428 0.3316 0.0000 0.0256
016400 0.6428 0.3316 0.0000 0.0256
016420 0.6428 0.3316 0.0000 0.0256
016440 0.6428 0.3316 0.0000 0.0256
016460 0.6428 0.3316 0.0000 0.0256
016480 0.6428 0.3316 0.0000 0.0256
016500 0.6428 0.3316 0.0000 0.0256
016520 0.6428 0.3316 0.0000 0.0256
016540 0.6428 0.3316 0.0000 0.0256
016560 0.6428 0.3316 0.0000 0.0256
016580 0.6428 0.3316 0.0000 0.0256
016600 0.6428 0.3316 0.0000 0.0256
016620 0.6428 0.3316 0.0000 0.0256
016640 0.6428 0.3316 0.0000 0.0256
016660 0.6428 0.3316 0.0000 0.0256
016680 0.6428 0.3316 0.0000 0.0256
016700 0.6428 0.3316 0.0000 0.0256
016720 0.6428 0.3316 0.0000 0.0256
016740 0.6428 0.3316 0.0000 0.0256
016760 0.6428 0.3316 0.0000 0.0256
016780 0.6428 0.3316 0.0000 0.0256
016800 0.6428 0.3316 0.0000 0.0256
016820 0.6428 0.3316 0.0000 0.0256
016840 0.6428 0.3316 0.0000 0.0256
016860 0.6428 0.3316 0.0000 0.0256
016880 0.6428 0.3316 0.0000 0.0256
016900 0.6428 0.3316 0.0000 0.0256
016920 0.6428 0.3316 0.0000 0.0256
016940 0.6428 0.3316 0.0000 0.0256
016960 0.6428 0.3316 0.0000 0.0256
016980 0.6428 0.3316 0.0000 0.0256
017000 0.6428 0.3316 0.0000 0.0256
017020 0.6428 0.3316 0.0000 0.0256
017040 0.6428 0.3316 0.0000 0.0256
017060 0.6428 0.3316 0.0000 0.0256
017080 0.6428 0.3316 0.0000 0.0256
017100 0.6428 0.3316 0.0000 0.0256
017120 0.6428 0.3316 0.0000 0.0256
017140 0.6428 0.3316 0.0000 0.0256
017160 0.6428 0.3316 0.0000 0.0256
017180 0.6428 0.3316 0.0000 0.0256
017200 0.6428 0.3316 0.0000 0.0256
017220 0.6428 0.3316 0.0000 0.0256
017240 0.6428 0.3316 0.0000 0.0256
017260 0.6428 0.3316 0.0000 0.0256
017280 0.6428 0.3316 0.0000 0.0256
017300 0.6428 0.3316 0.0000 0.0256
017320 0.6428 0.3316 0.0000 0.0256
017340 0.6428 0.3316 0.0000 0.0256
017360 0.6428 0.3316 0.0000 0.0256
017380 0.6428 0.3316 0.0000 0.0256
017400 0.6428 0.3316 0.0000 0.0256
017420 0.6428 0.3316 0.0000 0.0256
017440 0.6428 0.3316 0.0000 0.0256
017460 0.6428 0.3316 0.0000 0.0256
017480 0.6428 0.3316 0.0000 0.0256
017500 0.6428 0.3316 0.0000 0.0256
017520 0.6428 0.3316 0.0000 0.0256
017540 0.6428 0.3316 0.0000 0.0256
017560 0.6428 0.3316 0.0000 0.0256
017580 0.6428 0.3316 0.0000 0.0256
017600 0.6428 0.3316 0.0000 0.0256
017620 0.6428 0.3316 0.0000 0.0256
017640 0.6428 0.3316 0.0000 0.0256
017660 0.6428 0.3316 0.0000 0.0256
017680 0.6428 0.3316 0.0000 0.0256
017700 0.6428 0.3316 0.0000 0.0256
017720 0.6428 0.3316 0.0000 0.0256
017740 0.6428 0.3316 0.0000 0.0256
017760 0.6428 0.3316 0.0000 0.0256
017780 0.6428 0.3316 0.0000 0.0256
017800 0.6428 0.3316 0.0000 0.0256
017820 0.6428 0.3316 0.0000 0.0256
017840 0.6428 0.3316 0.0000 0.0256
017860 0.6428 0.3316 0.0000 0.0256
017880 0.6428 0.3316 0.0000 0.0256
017900 0.6428 0.3316 0.0000 0.0256
017920 0.6428 0.3316 0.0000 0.0256
017940 0.6428 0.3316 0.0000 0.0256
017960 0.6428 0.3316 0.0000 0.0256
017980 0.6428 0.3316 0.0000 0.0256
018000 0.6428 0.3316 0.0000 0.0256
018020 0.6428 0.3316 0.0000 0.0256
018040 0.6428 0.3316 0.0000 0.0256
018060 0.6428 0.3316 0.0000 0.0256
018080 0.6428 0.3316 0.0000 0.0256
018100 0.6428 0.3316 0.0000 0.0256
018120 0.6428 0.3316 0.0000 0.0256
018140 0.6428 0.3316 0.0000 0.0256
018160 0.6428 0.3316 0.0000 0.0256
018180 0.6428 0.3316 0.0000 0.0256
018200 0.6428 0.3316 0.0000 0.0256
018220 0.6428 0.3316 0.0000 0.0256
018240 0.6428 0.3316 0.0000 0.0256
018260 0.6428 0.3316 0.0000 0.0256
018280 0.6428 0.3316 0.0000 0.0256
018300 0.6428 0.3316 0.0000 0.0256
018320 0.6428 0.3316 0.0000 0.0256
018340 0.6428 0.3316 0.0000 0.0256
018360 0.6428 0.3316 0.0000 0.0256
018380 0.6428 0.3316 0.0000 0.0256
018400 0.6428 0.3316 0.0000 0.0256
018420 0.6428 0.3316 0.0000 0.0256
018440 0.6428 0.3316 0.0000 0.0256
018460 0.6428 0.3316 0.0000 0.0256
018480 0.6428 0.3316 0.0000 0.0256
018500 0.6428 0.3316 0.0000 0.0256
018520 0.6428 0.3316 0.0000 0.0256
018540 0.6428 0.3316 0.0000 0.0256
018560 0.6428 0.3316 0.0000 0.0256
018580 0.6428 0.3316 0.0000 0.0256
018600 0.6428 0.3316 0.0000 0.0256
018620 0.6428 0.3316 0.0000 0.0256
018640 0.6428 0.3316 0.0000 0.0256
018660 0.6428 0.3316 0.0000 0.0256
018680 0.6428 0.3316 0.0000 0.0256
018700 0.6428 0.3316 0.0000 0.0256
018720 0.6428 0.3316 0.0000 0.0256
018740 0.6428 0.3316 0.0000 0.0256
018760 0.6428 0.3316 0.0000 0.0256
018780 0.6428 0.3316 0.0000 0.0256
018800 0.6428 0.3316 0.0000 0.0256
018820 0.6428 0.3316 0.0000 0.0256
018840 0.6428 0.3316 0.0000 0.0256
018860 0.6428 0.3316 0.0000 0.0256
018880 0.6428 0.3316 0.0000 0.0256
018900 0.6428 0.3316 0.0000 0.0256
018920 0.6428 0.3316 0.0000 0.0256
018940 0.6428 0.3316 0.0000 0.0256
018960 0.6428 0.3316 0.0000 0.0256
018980 0.6428 0.3316 0.0000 0.0256
019000 0.6428 0.3316 0.0000 0.0256
019020 0.6428 0.3316 0.0000 0.0256
019040 0.6428 0.3316 0.0000 0.0256
019060 0.6428 0.3316 0.0000 0.0256
019080 0.6428 0.3316 0.0000 0.0256
019100 0.6428 0.3316 0.0000 0.0256
019120 0.6428 0.3316 0.0000 0.0256
019140 0.6428 0.3316 0.0000 0.0256
019160 0.6428 0.3316 0.0000 0.0256
019180 0.6428 0.3316 0.0000 0.0256
019200 0.6428 0.3316 0.0000 0.0256
019220 0.6428 0.3316 0.0000 0.0256
019240 0.6428 0.3316 0.0000 0.0256
019260 0.6428 0.3316 0.0000 0.0256
019280 0.6428 0.3316 0.0000 0.0256
019300 0.6428 0.3316 0.0000 0.0256
019320 0.6428 0.3316 0.0000 0.0256
019340 0.6428 0.3316 0.0000 0.0256
019360 0.6428 0.3316 0.0000 0.0256
019380 0.6428 0.3316 0.0000 0.0256
019400 0.6428 0.3316 0.0000 0.0256
019420 0.6428 0.3316 0.0000 0.0256
019440 0.6428 0.3316 0.0000 0.0256
019460 0.6428 0.3316 0.0000 0.0256
019480 0.6428 0.3316 0.0000 0.0256
019500 0.6428 0.3316 0.0000 0.0256
019520 0.6428 0.3316 0.0000 0.0256
019540 0.6428 0.3316 0.0000 0.0256
019560 0.6428 0.3316 0.0000 0.0256
019580 0.6428 0.3316 0.0000 0.0256
019600 0.6428 0.3316 0.0000 0.0256
019620 0.6428 0.3316 0.0000 0.0256
019640 0.6428 0.3316 0.0000 0.0256
019660 0.6428 0.3316 0.0000 0.0256
019680 0.6428 0.3316 0.0000 0.0256
019700 0.6428 0.3316 0.0000 0.0256
019720 0.6428 0.3316 0.0000 0.0256
019740 0.6428 0.3316 0.0000 0.0256
019760 0.6428 0.3316 0.0000 0.0256
019780 0.6428 0.3316 0.0000 0.0256
019800 0.6428 0.3316 0.0000 0.0256
019820 0.6428 0.3316 0.0000 0.0256
019840 0.6428 0.3316 0.0000 0.0256
019860 0.6428 0.3316 0.0000 0.0256
019880 0.6428 0.3316 0.0000 0.0256
019900 0.6428 0.3316 0.0000 0.0256
019920 0.6428 0.3316 0.0000 0.0256
019940 0.6428 0.3316 0.0000 0.0256
019960 0.6428 0.3316 0.0000 0.0256
019980 0.6428 0.3316 0.0000 0.0256
020000 0.6428 0.3316 0.0000 0.0256
