000000 0.2500 0.2500 0.2500 0.2500
000020 0.2590 0.2597 0.2300 0.2513
000040 0.2700 0.2703 0.2085 0.2512
000060 0.2802 0.2814 0.1876 0.2508
000080 0.2892 0.2932 0.1676 0.2500
000100 0.2964 0.3068 0.1487 0.2481
000120 0.3026 0.3208 0.1308 0.2458
000140 0.3079 0.3355 0.1140 0.2426
000160 0.3107 0.3523 0.0985 0.2384
000180 0.3128 0.3703 0.0835 0.2334
000200 0.3140 0.3886 0.0698 0.2276
000220 0.3141 0.4075 0.0574 0.2211
000240 0.3128 0.4264 0.0464 0.2143
000260 0.3106 0.4468 0.0365 0.2061
000280 0.3075 0.4683 0.0275 0.1967
000300 0.3030 0.4902 0.0199 0.1869
000320 0.2967 0.5135 0.0133 0.1765
000340 0.2894 0.5370 0.0081 0.1655
000360 0.2806 0.5614 0.0042 0.1539
000380 0.2700 0.5883 0.0016 0.1401
000400 0.2595 0.6149 0.0002 0.1254
000420 0.2489 0.6416 0.0000 0.1095
000440 0.2397 0.6694 0.0000 0.0909
000460 0.2340 0.6938 0.0000 0.0722
000480 0.2299 0.7123 0.0000 0.0579
000500 0.2279 0.7266 0.0000 0.0455
000520 0.2266 0.7380 0.0000 0.0354
000540 0.2283 0.7436 0.0000 0.0281
000560 0.2315 0.7477 0.0000 0.0208
000580 0.2394 0.7461 0.0000 0.0145
000600 0.2495 0.7400 0.0000 0.0105
000620 0.2607 0.7326 0.0000 0.0067
000640 0.2730 0.7225 0.0000 0.0045
000660 0.2861 0.7109 0.0000 0.0030
000680 0.3016 0.6963 0.0000 0.0021
000700 0.3154 0.6832 0.0000 0.0014
000720 0.3280 0.6712 0.0000 0.0008
000740 0.3411 0.6586 0.0000 0.0003
000760 0.3547 0.6451 0.0000 0.0002
000780 0.3680 0.6316 0.0000 0.0004
000800 0.3816 0.6181 0.0000 0.0003
000820 0.3923 0.6071 0.0000 0.0006
000840 0.4029 0.5960 0.0000 0.0011
000860 0.4122 0.5864 0.0000 0.0014
000880 0.4192 0.5790 0.0000 0.0018
000900 0.4281 0.5701 0.0000 0.0018
000920 0.4366 0.5616 0.0000 0.0018
000940 0.4426 0.5552 0.0000 0.0022
000960 0.4478 0.5497 0.0000 0.0026
000980 0.4540 0.5429 0.0000 0.0031
001000 0.4585 0.5382 0.0000 0.0033
001020 0.4627 0.5333 0.0000 0.0040
001040 0.4660 0.5293 0.0000 0.0047
001060 0.4689 0.5259 0.0000 0.0053
001080 0.4712 0.5231 0.0000 0.0057
001100 0.4718 0.5222 0.0000 0.0060
001120 0.4737 0.5200 0.0000 0.0063
001140 0.4742 0.5189 0.0000 0.0069
001160 0.4755 0.5169 0.0000 0.0076
001180 0.4750 0.5171 0.0000 0.0079
001200 0.4747 0.5167 0.0000 0.0086
001220 0.4738 0.5166 0.0000 0.0096
001240 0.4710 0.5183 0.0000 0.0108
001260 0.4702 0.5193 0.0000 0.0106
001280 0.4691 0.5194 0.0000 0.0115
001300 0.4699 0.5186 0.0000 0.0115
001320 0.4686 0.5190 0.0000 0.0124
001340 0.4696 0.5182 0.0000 0.0122
001360 0.4732 0.5144 0.0000 0.0123
001380 0.4759 0.5108 0.0000 0.0132
001400 0.4795 0.5080 0.0000 0.0126
001420 0.4825 0.5054 0.0000 0.0121
001440 0.4892 0.4992 0.0000 0.0116
001460 0.4972 0.4910 0.0000 0.0118
001480 0.5055 0.4823 0.0000 0.0122
001500 0.5110 0.4768 0.0000 0.0122
001520 0.5181 0.4700 0.0000 0.0118
001540 0.5249 0.4626 0.0000 0.0124
001560 0.5311 0.4554 0.0000 0.0135
001580 0.5357 0.4494 0.0000 0.0149
001600 0.5389 0.4460 0.0000 0.0150
001620 0.5409 0.4438 0.0000 0.0153
001640 0.5397 0.4447 0.0000 0.0156
001660 0.5450 0.4405 0.0000 0.0145
001680 0.5516 0.4342 0.0000 0.0142
001700 0.5583 0.4275 0.0000 0.0143
001720 0.5629 0.4231 0.0000 0.0140
001740 0.5688 0.4160 0.0000 0.0152
001760 0.5735 0.4107 0.0000 0.0158
001780 0.5756 0.4079 0.0000 0.0165
001800 0.5802 0.4032 0.0000 0.0166
001820 0.5832 0.3983 0.0000 0.0185
001840 0.5854 0.3968 0.0000 0.0178
001860 0.5886 0.3942 0.0000 0.0172
001880 0.5919 0.3906 0.0000 0.0174
001900 0.5949 0.3871 0.0000 0.0180
001920 0.5992 0.3837 0.0000 0.0171
001940 0.6035 0.3789 0.0000 0.0176
001960 0.6111 0.3702 0.0000 0.0187
001980 0.6185 0.3643 0.0000 0.0171
002000 0.6292 0.3550 0.0000 0.0158
002020 0.6344 0.3483 0.0000 0.0173
002040 0.6375 0.3436 0.0000 0.0189
002060 0.6356 0.3453 0.0000 0.0191
002080 0.6359 0.3465 0.0000 0.0176
002100 0.6407 0.3423 0.0000 0.0170
002120 0.6462 0.3370 0.0000 0.0168
002140 0.6523 0.3306 0.0000 0.0172
002160 0.6547 0.3273 0.0000 0.0179
002180 0.6560 0.3264 0.0000 0.0176
002200 0.6582 0.3231 0.0000 0.0187
002220 0.6556 0.3232 0.0000 0.0212
002240 0.6519 0.3270 0.0000 0.0211
002260 0.6477 0.3305 0.0000 0.0218
002280 0.6444 0.3346 0.0000 0.0211
002300 0.6432 0.3357 0.0000 0.0211
002320 0.6440 0.3352 0.0000 0.0207
002340 0.6437 0.3353 0.0000 0.0210
002360 0.6460 0.3356 0.0000 0.0184
002380 0.6519 0.3302 0.0000 0.0179
002400 0.6544 0.3271 0.0000 0.0185
002420 0.6561 0.3246 0.0000 0.0193
002440 0.6541 0.3256 0.0000 0.0203
002460 0.6525 0.3262 0.0000 0.0212
002480 0.6544 0.3258 0.0000 0.0199
002500 0.6563 0.3243 0.0000 0.0194
002520 0.6609 0.3210 0.0000 0.0181
002540 0.6626 0.3192 0.0000 0.0183
002560 0.6652 0.3156 0.0000 0.0192
002580 0.6611 0.3167 0.0000 0.0223
002600 0.6583 0.3208 0.0000 0.0209
002620 0.6529 0.3252 0.0000 0.0219
002640 0.6531 0.3253 0.0000 0.0216
002660 0.6507 0.3274 0.0000 0.0219
002680 0.6464 0.3315 0.0000 0.0220
002700 0.6453 0.3340 0.0000 0.0207
002720 0.6488 0.3314 0.0000 0.0198
002740 0.6497 0.3288 0.0000 0.0215
002760 0.6473 0.3310 0.0000 0.0217
002780 0.6472 0.3322 0.0000 0.0206
002800 0.6484 0.3315 0.0000 0.0201
002820 0.6461 0.3326 0.0000 0.0213
002840 0.6445 0.3339 0.0000 0.0216
002860 0.6458 0.3336 0.0000 0.0205
002880 0.6507 0.3311 0.0000 0.0182
002900 0.6551 0.3266 0.0000 0.0183
002920 0.6594 0.3214 0.0000 0.0192
002940 0.6629 0.3182 0.0000 0.0190
002960 0.6624 0.3178 0.0000 0.0198
002980 0.6629 0.3163 0.0000 0.0208
003000 0.6611 0.3177 0.0000 0.0212
003020 0.6595 0.3204 0.0000 0.0201
003040 0.6606 0.3202 0.0000 0.0192
003060 0.6580 0.3222 0.0000 0.0198
003080 0.6610 0.3184 0.0000 0.0206
003100 0.6565 0.3216 0.0000 0.0219
003120 0.6525 0.3256 0.0000 0.0218
003140 0.6499 0.3290 0.0000 0.0211
003160 0.6506 0.3288 0.0000 0.0206
003180 0.6517 0.3276 0.0000 0.0207
003200 0.6515 0.3278 0.0000 0.0207
003220 0.6517 0.3271 0.0000 0.0212
003240 0.6495 0.3291 0.0000 0.0214
003260 0.6496 0.3307 0.0000 0.0197
003280 0.6537 0.3269 0.0000 0.0194
003300 0.6572 0.3227 0.0000 0.0201
003320 0.6549 0.3221 0.0000 0.0230
003340 0.6456 0.3307 0.0000 0.0237
003360 0.6403 0.3367 0.0000 0.0230
003380 0.6367 0.3406 0.0000 0.0227
003400 0.6334 0.3443 0.0000 0.0223
003420 0.6308 0.3465 0.0000 0.0227
003440 0.6285 0.3488 0.0000 0.0227
003460 0.6313 0.3476 0.0000 0.0211
003480 0.6372 0.3434 0.0000 0.0194
003500 0.6464 0.3348 0.0000 0.0188
003520 0.6553 0.3280 0.0000 0.0166
003540 0.6665 0.3176 0.0000 0.0159
003560 0.6752 0.3087 0.0000 0.0161
003580 0.6838 0.2995 0.0000 0.0167
003600 0.6885 0.2938 0.0000 0.0176
003620 0.6857 0.2957 0.0000 0.0186
003640 0.6841 0.2969 0.0000 0.0190
003660 0.6818 0.2985 0.0000 0.0197
003680 0.6775 0.3016 0.0000 0.0209
003700 0.6734 0.3050 0.0000 0.0216
003720 0.6704 0.3101 0.0000 0.0195
003740 0.6712 0.3084 0.0000 0.0203
003760 0.6649 0.3131 0.0000 0.0220
003780 0.6609 0.3184 0.0000 0.0207
003800 0.6544 0.3228 0.0000 0.0227
003820 0.6436 0.3320 0.0000 0.0244
003840 0.6346 0.3412 0.0000 0.0242
003860 0.6324 0.3447 0.0000 0.0229
003880 0.6318 0.3469 0.0000 0.0212
003900 0.6339 0.3465 0.0000 0.0196
003920 0.6387 0.3423 0.0000 0.0190
003940 0.6466 0.3356 0.0000 0.0179
003960 0.6595 0.3251 0.0000 0.0153
003980 0.6697 0.3143 0.0000 0.0160
004000 0.6787 0.3044 0.0000 0.0169
004020 0.6824 0.2994 0.0000 0.0181
004040 0.6830 0.2981 0.0000 0.0189
004060 0.6814 0.3000 0.0000 0.0186
004080 0.6794 0.3013 0.0000 0.0193
004100 0.6806 0.3005 0.0000 0.0189
004120 0.6826 0.2989 0.0000 0.0186
004140 0.6825 0.2979 0.0000 0.0197
004160 0.6787 0.3000 0.0000 0.0213
004180 0.6716 0.3053 0.0000 0.0231
004200 0.6634 0.3137 0.0000 0.0229
004220 0.6542 0.3219 0.0000 0.0239
004240 0.6428 0.3335 0.0000 0.0237
004260 0.6360 0.3403 0.0000 0.0237
004280 0.6311 0.3448 0.0000 0.0241
004300 0.6294 0.3475 0.0000 0.0231
004320 0.6295 0.3483 0.0000 0.0223
004340 0.6305 0.3478 0.0000 0.0217
004360 0.6348 0.3449 0.0000 0.0202
004380 0.6396 0.3411 0.0000 0.0193
004400 0.6465 0.3341 0.0000 0.0194
004420 0.6520 0.3302 0.0000 0.0178
004440 0.6580 0.3254 0.0000 0.0165
004460 0.6662 0.3154 0.0000 0.0184
004480 0.6687 0.3123 0.0000 0.0190
004500 0.6734 0.3098 0.0000 0.0168
004520 0.6789 0.3037 0.0000 0.0174
004540 0.6791 0.3017 0.0000 0.0192
004560 0.6774 0.3019 0.0000 0.0208
004580 0.6699 0.3073 0.0000 0.0228
004600 0.6632 0.3151 0.0000 0.0217
004620 0.6550 0.3223 0.0000 0.0227
004640 0.6496 0.3279 0.0000 0.0224
004660 0.6429 0.3341 0.0000 0.0230
004680 0.6401 0.3372 0.0000 0.0228
004700 0.6391 0.3391 0.0000 0.0219
004720 0.6427 0.3361 0.0000 0.0212
004740 0.6437 0.3352 0.0000 0.0211
004760 0.6435 0.3351 0.0000 0.0214
004780 0.6445 0.3350 0.0000 0.0206
004800 0.6464 0.3337 0.0000 0.0199
004820 0.6515 0.3305 0.0000 0.0180
004840 0.6579 0.3252 0.0000 0.0169
004860 0.6688 0.3148 0.0000 0.0165
004880 0.6788 0.3061 0.0000 0.0152
004900 0.6875 0.2973 0.0000 0.0152
004920 0.6921 0.2912 0.0000 0.0167
004940 0.6929 0.2879 0.0000 0.0192
004960 0.6933 0.2882 0.0000 0.0184
004980 0.6950 0.2875 0.0000 0.0175
005000 0.6942 0.2880 0.0000 0.0178
005020 0.6903 0.2896 0.0000 0.0201
005040 0.6811 0.2967 0.0000 0.0222
005060 0.6726 0.3053 0.0000 0.0220
005080 0.6639 0.3133 0.0000 0.0228
005100 0.6532 0.3232 0.0000 0.0236
005120 0.6437 0.3318 0.0000 0.0244
005140 0.6350 0.3396 0.0000 0.0254
005160 0.6258 0.3499 0.0000 0.0243
005180 0.6188 0.3570 0.0000 0.0242
005200 0.6159 0.3603 0.0000 0.0237
005220 0.6187 0.3591 0.0000 0.0222
005240 0.6202 0.3590 0.0000 0.0207
005260 0.6278 0.3531 0.0000 0.0191
005280 0.6380 0.3444 0.0000 0.0175
005300 0.6528 0.3310 0.0000 0.0162
005320 0.6650 0.3198 0.0000 0.0152
005340 0.6761 0.3095 0.0000 0.0144
005360 0.6839 0.2993 0.0000 0.0168
005380 0.6907 0.2920 0.0000 0.0173
005400 0.6925 0.2897 0.0000 0.0178
005420 0.6899 0.2910 0.0000 0.0191
005440 0.6858 0.2943 0.0000 0.0198
005460 0.6815 0.2977 0.0000 0.0209
005480 0.6785 0.3015 0.0000 0.0201
005500 0.6779 0.3016 0.0000 0.0205
005520 0.6710 0.3065 0.0000 0.0225
005540 0.6631 0.3127 0.0000 0.0242
005560 0.6534 0.3217 0.0000 0.0249
005580 0.6436 0.3327 0.0000 0.0236
005600 0.6314 0.3418 0.0000 0.0268
005620 0.6218 0.3524 0.0000 0.0258
005640 0.6175 0.3605 0.0000 0.0221
005660 0.6187 0.3595 0.0000 0.0219
005680 0.6239 0.3565 0.0000 0.0195
005700 0.6320 0.3502 0.0000 0.0179
005720 0.6395 0.3419 0.0000 0.0186
005740 0.6494 0.3305 0.0000 0.0201
005760 0.6460 0.3319 0.0000 0.0221
005780 0.6459 0.3339 0.0000 0.0202
005800 0.6531 0.3295 0.0000 0.0174
005820 0.6632 0.3206 0.0000 0.0162
005840 0.6751 0.3094 0.0000 0.0155
005860 0.6803 0.3032 0.0000 0.0165
005880 0.6864 0.2968 0.0000 0.0168
005900 0.6894 0.2942 0.0000 0.0164
005920 0.6923 0.2910 0.0000 0.0167
005940 0.6942 0.2864 0.0000 0.0194
005960 0.6908 0.2886 0.0000 0.0206
005980 0.6824 0.2955 0.0000 0.0221
006000 0.6717 0.3054 0.0000 0.0228
006020 0.6627 0.3142 0.0000 0.0231
006040 0.6516 0.3237 0.0000 0.0246
006060 0.6427 0.3331 0.0000 0.0242
006080 0.6375 0.3386 0.0000 0.0239
006100 0.6334 0.3433 0.0000 0.0233
006120 0.6311 0.3464 0.0000 0.0226
006140 0.6292 0.3487 0.0000 0.0221
006160 0.6299 0.3489 0.0000 0.0212
006180 0.6359 0.3438 0.0000 0.0203
006200 0.6396 0.3398 0.0000 0.0207
006220 0.6440 0.3365 0.0000 0.0195
006240 0.6449 0.3361 0.0000 0.0189
006260 0.6525 0.3295 0.0000 0.0179
006280 0.6587 0.3217 0.0000 0.0196
006300 0.6632 0.3178 0.0000 0.0190
006320 0.6673 0.3151 0.0000 0.0176
006340 0.6722 0.3096 0.0000 0.0182
006360 0.6748 0.3071 0.0000 0.0181
006380 0.6747 0.3065 0.0000 0.0188
006400 0.6749 0.3051 0.0000 0.0200
006420 0.6710 0.3076 0.0000 0.0214
006440 0.6624 0.3151 0.0000 0.0225
006460 0.6557 0.3213 0.0000 0.0230
006480 0.6506 0.3267 0.0000 0.0227
006500 0.6457 0.3317 0.0000 0.0226
006520 0.6406 0.3383 0.0000 0.0211
006540 0.6381 0.3409 0.0000 0.0209
006560 0.6392 0.3385 0.0000 0.0223
006580 0.6381 0.3400 0.0000 0.0219
006600 0.6389 0.3407 0.0000 0.0204
006620 0.6422 0.3366 0.0000 0.0212
006640 0.6450 0.3345 0.0000 0.0205
006660 0.6480 0.3312 0.0000 0.0208
006680 0.6503 0.3297 0.0000 0.0200
006700 0.6530 0.3277 0.0000 0.0193
006720 0.6602 0.3208 0.0000 0.0189
006740 0.6653 0.3159 0.0000 0.0188
006760 0.6692 0.3136 0.0000 0.0172
006780 0.6754 0.3073 0.0000 0.0173
006800 0.6795 0.3030 0.0000 0.0175
006820 0.6789 0.3007 0.0000 0.0204
006840 0.6724 0.3051 0.0000 0.0225
006860 0.6649 0.3117 0.0000 0.0234
006880 0.6554 0.3200 0.0000 0.0246
006900 0.6474 0.3300 0.0000 0.0227
006920 0.6421 0.3357 0.0000 0.0222
006940 0.6353 0.3431 0.0000 0.0216
006960 0.6352 0.3441 0.0000 0.0207
006980 0.6353 0.3446 0.0000 0.0201
007000 0.6397 0.3406 0.0000 0.0197
007020 0.6434 0.3358 0.0000 0.0207
007040 0.6462 0.3339 0.0000 0.0199
007060 0.6519 0.3281 0.0000 0.0201
007080 0.6553 0.3262 0.0000 0.0184
007100 0.6604 0.3215 0.0000 0.0181
007120 0.6645 0.3175 0.0000 0.0179
007140 0.6699 0.3112 0.0000 0.0190
007160 0.6682 0.3118 0.0000 0.0201
007180 0.6637 0.3156 0.0000 0.0208
007200 0.6602 0.3186 0.0000 0.0212
007220 0.6558 0.3233 0.0000 0.0208
007240 0.6494 0.3270 0.0000 0.0236
007260 0.6417 0.3353 0.0000 0.0230
007280 0.6377 0.3384 0.0000 0.0239
007300 0.6292 0.3465 0.0000 0.0243
007320 0.6247 0.3517 0.0000 0.0235
007340 0.6280 0.3506 0.0000 0.0214
007360 0.6329 0.3497 0.0000 0.0173
007380 0.6470 0.3372 0.0000 0.0158
007400 0.6546 0.3293 0.0000 0.0161
007420 0.6664 0.3182 0.0000 0.0154
007440 0.6731 0.3096 0.0000 0.0173
007460 0.6748 0.3059 0.0000 0.0193
007480 0.6771 0.3050 0.0000 0.0180
007500 0.6816 0.3001 0.0000 0.0183
007520 0.6833 0.2993 0.0000 0.0174
007540 0.6845 0.2978 0.0000 0.0176
007560 0.6855 0.2965 0.0000 0.0180
007580 0.6864 0.2950 0.0000 0.0186
007600 0.6873 0.2952 0.0000 0.0175
007620 0.6873 0.2945 0.0000 0.0182
007640 0.6824 0.2972 0.0000 0.0204
007660 0.6758 0.3023 0.0000 0.0219
007680 0.6672 0.3099 0.0000 0.0229
007700 0.6587 0.3183 0.0000 0.0230
007720 0.6508 0.3247 0.0000 0.0246
007740 0.6447 0.3322 0.0000 0.0231
007760 0.6418 0.3357 0.0000 0.0225
007780 0.6380 0.3382 0.0000 0.0238
007800 0.6350 0.3429 0.0000 0.0221
007820 0.6356 0.3436 0.0000 0.0207
007840 0.6388 0.3408 0.0000 0.0204
007860 0.6407 0.3402 0.0000 0.0192
007880 0.6404 0.3396 0.0000 0.0200
007900 0.6410 0.3377 0.0000 0.0213
007920 0.6431 0.3359 0.0000 0.0210
007940 0.6424 0.3371 0.0000 0.0205
007960 0.6462 0.3349 0.0000 0.0189
007980 0.6516 0.3305 0.0000 0.0178
008000 0.6596 0.3220 0.0000 0.0183
008020 0.6669 0.3152 0.0000 0.0179
008040 0.6767 0.3063 0.0000 0.0170
008060 0.6827 0.2995 0.0000 0.0178
008080 0.6832 0.2980 0.0000 0.0188
008100 0.6818 0.2997 0.0000 0.0185
008120 0.6785 0.3016 0.0000 0.0199
008140 0.6750 0.3032 0.0000 0.0219
008160 0.6635 0.3139 0.0000 0.0226
008180 0.6536 0.3229 0.0000 0.0235
008200 0.6439 0.3327 0.0000 0.0234
008220 0.6367 0.3405 0.0000 0.0228
008240 0.6297 0.3475 0.0000 0.0228
008260 0.6264 0.3505 0.0000 0.0232
008280 0.6283 0.3504 0.0000 0.0213
008300 0.6356 0.3446 0.0000 0.0198
008320 0.6401 0.3405 0.0000 0.0194
008340 0.6435 0.3374 0.0000 0.0192
008360 0.6510 0.3300 0.0000 0.0190
008380 0.6553 0.3251 0.0000 0.0196
008400 0.6623 0.3210 0.0000 0.0167
008420 0.6713 0.3132 0.0000 0.0155
008440 0.6782 0.3057 0.0000 0.0161
008460 0.6841 0.2990 0.0000 0.0169
008480 0.6909 0.2922 0.0000 0.0169
008500 0.6960 0.2862 0.0000 0.0178
008520 0.6961 0.2857 0.0000 0.0182
008540 0.6962 0.2863 0.0000 0.0175
008560 0.6970 0.2857 0.0000 0.0172
008580 0.6957 0.2854 0.0000 0.0189
008600 0.6915 0.2879 0.0000 0.0206
008620 0.6851 0.2934 0.0000 0.0216
008640 0.6787 0.2997 0.0000 0.0216
008660 0.6715 0.3067 0.0000 0.0218
008680 0.6675 0.3106 0.0000 0.0219
008700 0.6624 0.3143 0.0000 0.0234
008720 0.6510 0.3237 0.0000 0.0253
008740 0.6371 0.3364 0.0000 0.0266
008760 0.6265 0.3471 0.0000 0.0263
008780 0.6213 0.3546 0.0000 0.0241
008800 0.6188 0.3587 0.0000 0.0225
008820 0.6213 0.3577 0.0000 0.0210
008840 0.6228 0.3551 0.0000 0.0221
008860 0.6275 0.3539 0.0000 0.0186
008880 0.6387 0.3453 0.0000 0.0160
008900 0.6530 0.3322 0.0000 0.0148
008920 0.6675 0.3178 0.0000 0.0147
008940 0.6782 0.3071 0.0000 0.0147
008960 0.6881 0.2955 0.0000 0.0165
008980 0.6934 0.2903 0.0000 0.0163
009000 0.6970 0.2863 0.0000 0.0166
009020 0.6974 0.2840 0.0000 0.0186
009040 0.6925 0.2873 0.0000 0.0202
009060 0.6862 0.2936 0.0000 0.0202
009080 0.6811 0.2986 0.0000 0.0203
009100 0.6735 0.3049 0.0000 0.0217
009120 0.6626 0.3141 0.0000 0.0233
009140 0.6507 0.3245 0.0000 0.0248
009160 0.6407 0.3347 0.0000 0.0247
009180 0.6314 0.3440 0.0000 0.0246
009200 0.6269 0.3487 0.0000 0.0244
009220 0.6216 0.3544 0.0000 0.0240
009240 0.6200 0.3578 0.0000 0.0222
009260 0.6284 0.3530 0.0000 0.0186
009280 0.6383 0.3445 0.0000 0.0172
009300 0.6469 0.3350 0.0000 0.0181
009320 0.6567 0.3249 0.0000 0.0184
009340 0.6641 0.3193 0.0000 0.0166
009360 0.6735 0.3117 0.0000 0.0148
009380 0.6840 0.3016 0.0000 0.0144
009400 0.6932 0.2912 0.0000 0.0157
009420 0.6992 0.2848 0.0000 0.0160
009440 0.7010 0.2812 0.0000 0.0178
009460 0.6994 0.2811 0.0000 0.0195
009480 0.6888 0.2897 0.0000 0.0215
009500 0.6772 0.2998 0.0000 0.0230
009520 0.6643 0.3119 0.0000 0.0239
009540 0.6528 0.3238 0.0000 0.0234
009560 0.6410 0.3343 0.0000 0.0247
009580 0.6334 0.3438 0.0000 0.0228
009600 0.6332 0.3452 0.0000 0.0216
009620 0.6358 0.3433 0.0000 0.0208
009640 0.6394 0.3407 0.0000 0.0199
009660 0.6452 0.3368 0.0000 0.0180
009680 0.6572 0.3257 0.0000 0.0171
009700 0.6695 0.3142 0.0000 0.0163
009720 0.6769 0.3067 0.0000 0.0165
009740 0.6853 0.2974 0.0000 0.0173
009760 0.6901 0.2931 0.0000 0.0168
009780 0.6919 0.2910 0.0000 0.0170
009800 0.6933 0.2889 0.0000 0.0178
009820 0.6880 0.2927 0.0000 0.0193
009840 0.6822 0.2974 0.0000 0.0204
009860 0.6795 0.3007 0.0000 0.0198
009880 0.6765 0.3020 0.0000 0.0214
009900 0.6690 0.3074 0.0000 0.0236
009920 0.6581 0.3164 0.0000 0.0256
009940 0.6454 0.3291 0.0000 0.0255
009960 0.6372 0.3388 0.0000 0.0240
009980 0.6319 0.3461 0.0000 0.0220
010000 0.6302 0.3471 0.0000 0.0228
010020 0.6257 0.3509 0.0000 0.0234
010040 0.6255 0.3519 0.0000 0.0226
010060 0.6255 0.3519 0.0000 0.0226
010080 0.6255 0.3519 0.0000 0.0226
010100 0.6255 0.3519 0.0000 0.0226
010120 0.6255 0.3519 0.0000 0.0226
010140 0.6255 0.3519 0.0000 0.0226
010160 0.6255 0.3519 0.0000 0.0226
010180 0.6255 0.3519 0.0000 0.0226
010200 0.6255 0.3519 0.0000 0.0226
010220 0.6255 0.3519 0.0000 0.0226
010240 0.6255 0.3519 0.0000 0.0226
010260 0.6255 0.3519 0.0000 0.0226
010280 0.6255 0.3519 0.0000 0.0226
010300 0.6255 0.3519 0.0000 0.0226
010320 0.6255 0.3519 0.0000 0.0226
010340 0.6255 0.3519 0.0000 0.0226
010360 0.6255 0.3519 0.0000 0.0226
010380 0.6255 0.3519 0.0000 0.0226
010400 0.6255 0.3519 0.0000 0.0226
010420 0.6255 0.3519 0.0000 0.0226
010440 0.6255 0.3519 0.0000 0.0226
010460 0.6255 0.3519 0.0000 0.0226
010480 0.6255 0.3519 0.0000 0.0226
010500 0.6255 0.3519 0.0000 0.0226
010520 0.6255 0.3519 0.0000 0.0226
010540 0.6255 0.3519 0.0000 0.0226
010560 0.6255 0.3519 0.0000 0.0226
010580 0.6255 0.3519 0.0000 0.0226
010600 0.6255 0.3519 0.0000 0.0226
010620 0.6255 0.3519 0.0000 0.0226
010640 0.6255 0.3519 0.0000 0.0226
010660 0.6255 0.3519 0.0000 0.0226
010680 0.6255 0.3519 0.0000 0.0226
010700 0.6255 0.3519 0.0000 0.0226
010720 0.6255 0.3519 0.0000 0.0226
010740 0.6255 0.3519 0.0000 0.0226
010760 0.6255 0.3519 0.0000 0.0226
010780 0.6255 0.3519 0.0000 0.0226
010800 0.6255 0.3519 0.0000 0.0226
010820 0.6255 0.3519 0.0000 0.0226
010840 0.6255 0.3519 0.0000 0.0226
010860 0.6255 0.3519 0.0000 0.0226
010880 0.6255 0.3519 0.0000 0.0226
010900 0.6255 0.3519 0.0000 0.0226
010920 0.6255 0.3519 0.0000 0.0226
010940 0.6255 0.3519 0.0000 0.0226
010960 0.6255 0.3519 0.0000 0.0226
010980 0.6255 0.3519 0.0000 0.0226
011000 0.6255 0.3519 0.0000 0.0226
011020 0.6255 0.3519 0.0000 0.0226
011040 0.6255 0.3519 0.0000 0.0226
011060 0.6255 0.3519 0.0000 0.0226
011080 0.6255 0.3519 0.0000 0.0226
011100 0.6255 0.3519 0.0000 0.0226
011120 0.6255 0.3519 0.0000 0.0226
011140 0.6255 0.3519 0.0000 0.0226
011160 0.6255 0.3519 0.0000 0.0226
011180 0.6255 0.3519 0.0000 0.0226
011200 0.6255 0.3519 0.0000 0.0226
011220 0.6255 0.3519 0.0000 0.0226
011240 0.6255 0.3519 0.0000 0.0226
011260 0.6255 0.3519 0.0000 0.0226
011280 0.6255 0.3519 0.0000 0.0226
011300 0.6255 0.3519 0.0000 0.0226
011320 0.6255 0.3519 0.0000 0.0226
011340 0.6255 0.3519 0.0000 0.0226
011360 0.6255 0.3519 0.0000 0.0226
011380 0.6255 0.3519 0.0000 0.0226
011400 0.6255 0.3519 0.0000 0.0226
011420 0.6255 0.3519 0.0000 0.0226
011440 0.6255 0.3519 0.0000 0.0226
011460 0.6255 0.3519 0.0000 0.0226
011480 0.6255 0.3519 0.0000 0.0226
011500 0.6255 0.3519 0.0000 0.0226
011520 0.6255 0.3519 0.0000 0.0226
011540 0.6255 0.3519 0.0000 0.0226
011560 0.6255 0.3519 0.0000 0.0226
011580 0.6255 0.3519 0.0000 0.0226
011600 0.6255 0.3519 0.0000 0.0226
011620 0.6255 0.3519 0.0000 0.0226
011640 0.6255 0.3519 0.0000 0.0226
011660 0.6255 0.3519 0.0000 0.0226
011680 0.6255 0.3519 0.0000 0.0226
011700 0.6255 0.3519 0.0000 0.0226
011720 0.6255 0.3519 0.0000 0.0226
011740 0.6255 0.3519 0.0000 0.0226
011760 0.6255 0.3519 0.0000 0.0226
011780 0.6255 0.3519 0.0000 0.0226
011800 0.6255 0.3519 0.0000 0.0226
011820 0.6255 0.3519 0.0000 0.0226
011840 0.6255 0.3519 0.0000 0.0226
011860 0.6255 0.3519 0.0000 0.0226
011880 0.6255 0.3519 0.0000 0.0226
011900 0.6255 0.3519 0.0000 0.0226
011920 0.6255 0.3519 0.0000 0.0226
011940 0.6255 0.3519 0.0000 0.0226
011960 0.6255 0.3519 0.0000 0.0226
011980 0.6255 0.3519 0.0000 0.0226
012000 0.6255 0.3519 0.0000 0.0226
012020 0.6255 0.3519 0.0000 0.0226
012040 0.6255 0.3519 0.0000 0.0226
012060 0.6255 0.3519 0.0000 0.0226
012080 0.6255 0.3519 0.0000 0.0226
012100 0.6255 0.3519 0.0000 0.0226
012120 0.6255 0.3519 0.0000 0.0226
012140 0.6255 0.3519 0.0000 0.0226
012160 0.6255 0.3519 0.0000 0.0226
012180 0.6255 0.3519 0.0000 0.0226
012200 0.6255 0.3519 0.0000 0.0226
012220 0.6255 0.3519 0.0000 0.0226
012240 0.6255 0.3519 0.0000 0.0226
012260 0.6255 0.3519 0.0000 0.0226
012280 0.6255 0.3519 0.0000 0.0226
012300 0.6255 0.3519 0.0000 0.0226
012320 0.6255 0.3519 0.0000 0.0226
012340 0.6255 0.3519 0.0000 0.0226
012360 0.6255 0.3519 0.0000 0.0226
012380 0.6255 0.3519 0.0000 0.0226
012400 0.6255 0.3519 0.0000 0.0226
012420 0.6255 0.3519 0.0000 0.0226
012440 0.6255 0.3519 0.0000 0.0226
012460 0.6255 0.3519 0.0000 0.0226
012480 0.6255 0.3519 0.0000 0.0226
012500 0.6255 0.3519 0.0000 0.0226
012520 0.6255 0.3519 0.0000 0.0226
012540 0.6255 0.3519 0.0000 0.0226
012560 0.6255 0.3519 0.0000 0.0226
012580 0.6255 0.3519 0.0000 0.0226
012600 0.6255 0.3519 0.0000 0.0226
012620 0.6255 0.3519 0.0000 0.0226
012640 0.6255 0.3519 0.0000 0.0226
012660 0.6255 0.3519 0.0000 0.0226
012680 0.6255 0.3519 0.0000 0.0226
012700 0.6255 0.3519 0.0000 0.0226
012720 0.6255 0.3519 0.0000 0.0226
012740 0.6255 0.3519 0.0000 0.0226
012760 0.6255 0.3519 0.0000 0.0226
012780 0.6255 0.3519 0.0000 0.0226
012800 0.6255 0.3519 0.0000 0.0226
012820 0.6255 0.3519 0.0000 0.0226
012840 0.6255 0.3519 0.0000 0.0226
012860 0.6255 0.3519 0.0000 0.0226
012880 0.6255 0.3519 0.0000 0.0226
012900 0.6255 0.3519 0.0000 0.0226
012920 0.6255 0.3519 0.0000 0.0226
012940 0.6255 0.3519 0.0000 0.0226
012960 0.6255 0.3519 0.0000 0.0226
012980 0.6255 0.3519 0.0000 0.0226
013000 0.6255 0.3519 0.0000 0.0226
013020 0.6255 0.3519 0.0000 0.0226
013040 0.6255 0.3519 0.0000 0.0226
013060 0.6255 0.3519 0.0000 0.0226
013080 0.6255 0.3519 0.0000 0.0226
013100 0.6255 0.3519 0.0000 0.0226
013120 0.6255 0.3519 0.0000 0.0226
013140 0.6255 0.3519 0.0000 0.0226
013160 0.6255 0.3519 0.0000 0.0226
013180 0.6255 0.3519 0.0000 0.0226
013200 0.6255 0.3519 0.0000 0.0226
013220 0.6255 0.3519 0.0000 0.0226
013240 0.6255 0.3519 0.0000 0.0226
013260 0.6255 0.3519 0.0000 0.0226
013280 0.6255 0.3519 0.0000 0.0226
013300 0.6255 0.3519 0.0000 0.0226
013320 0.6255 0.3519 0.0000 0.0226
013340 0.6255 0.3519 0.0000 0.0226
013360 0.6255 0.3519 0.0000 0.0226
013380 0.6255 0.3519 0.0000 0.0226
013400 0.6255 0.3519 0.0000 0.0226
013420 0.6255 0.3519 0.0000 0.0226
013440 0.6255 0.3519 0.0000 0.0226
013460 0.6255 0.3519 0.0000 0.0226
013480 0.6255 0.3519 0.0000 0.0226
013500 0.6255 0.3519 0.0000 0.0226
013520 0.6255 0.3519 0.0000 0.0226
013540 0.6255 0.3519 0.0000 0.0226
013560 0.6255 0.3519 0.0000 0.0226
013580 0.6255 0.3519 0.0000 0.0226
013600 0.6255 0.3519 0.0000 0.0226
013620 0.6255 0.3519 0.0000 0.0226
013640 0.6255 0.3519 0.0000 0.0226
013660 0.6255 0.3519 0.0000 0.0226
013680 0.6255 0.3519 0.0000 0.0226
013700 0.6255 0.3519 0.0000 0.0226
013720 0.6255 0.3519 0.0000 0.0226
013740 0.6255 0.3519 0.0000 0.0226
013760 0.6255 0.3519 0.0000 0.0226
013780 0.6255 0.3519 0.0000 0.0226
013800 0.6255 0.3519 0.0000 0.0226
013820 0.6255 0.3519 0.0000 0.0226
013840 0.6255 0.3519 0.0000 0.0226
013860 0.6255 0.3519 0.0000 0.0226
013880 0.6255 0.3519 0.0000 0.0226
013900 0.6255 0.3519 0.0000 0.0226
013920 0.6255 0.3519 0.0000 0.0226
013940 0.6255 0.3519 0.0000 0.0226
013960 0.6255 0.3519 0.0000 0.0226
013980 0.6255 0.3519 0.0000 0.0226
014000 0.6255 0.3519 0.0000 0.0226
014020 0.6255 0.3519 0.0000 0.0226
014040 0.6255 0.3519 0.0000 0.0226
014060 0.6255 0.3519 0.0000 0.0226
014080 0.6255 0.3519 0.0000 0.0226
014100 0.6255 0.3519 0.0000 0.0226
014120 0.6255 0.3519 0.0000 0.0226
014140 0.6255 0.3519 0.0000 0.0226
014160 0.6255 0.3519 0.0000 0.0226
014180 0.6255 0.3519 0.0000 0.0226
014200 0.6255 0.3519 0.0000 0.0226
014220 0.6255 0.3519 0.0000 0.0226
014240 0.6255 0.3519 0.0000 0.0226
014260 0.6255 0.3519 0.0000 0.0226
014280 0.6255 0.3519 0.0000 0.0226
014300 0.6255 0.3519 0.0000 0.0226
014320 0.6255 0.3519 0.0000 0.0226
014340 0.6255 0.3519 0.0000 0.0226
014360 0.6255 0.3519 0.0000 0.0226
014380 0.6255 0.3519 0.0000 0.0226
014400 0.6255 0.3519 0.0000 0.0226
014420 0.6255 0.3519 0.0000 0.0226
014440 0.6255 0.3519 0.0000 0.0226
014460 0.6255 0.3519 0.0000 0.0226
014480 0.6255 0.3519 0.0000 0.0226
014500 0.6255 0.3519 0.0000 0.0226
014520 0.6255 0.3519 0.0000 0.0226
014540 0.6255 0.3519 0.0000 0.0226
014560 0.6255 0.3519 0.0000 0.0226
014580 0.6255 0.3519 0.0000 0.0226
014600 0.6255 0.3519 0.0000 0.0226
014620 0.6255 0.3519 0.0000 0.0226
014640 0.6255 0.3519 0.0000 0.0226
014660 0.6255 0.3519 0.0000 0.0226
014680 0.6255 0.3519 0.0000 0.0226
014700 0.6255 0.3519 0.0000 0.0226
014720 0.6255 0.3519 0.0000 0.0226
014740 0.6255 0.3519 0.0000 0.0226
014760 0.6255 0.3519 0.0000 0.0226
014780 0.6255 0.3519 0.0000 0.0226
014800 0.6255 0.3519 0.0000 0.0226
014820 0.6255 0.3519 0.0000 0.0226
014840 0.6255 0.3519 0.0000 0.0226
014860 0.6255 0.3519 0.0000 0.0226
014880 0.6255 0.3519 0.0000 0.0226
014900 0.6255 0.3519 0.0000 0.0226
014920 0.6255 0.3519 0.0000 0.0226
014940 0.6255 0.3519 0.0000 0.0226
014960 0.6255 0.3519 0.0000 0.0226
014980 0.6255 0.3519 0.0000 0.0226
015000 0.6255 0.3519 0.0000 0.0226
015020 0.6255 0.3519 0.0000 0.0226
015040 0.6255 0.3519 0.0000 0.0226
015060 0.6255 0.3519 0.0000 0.0226
015080 0.6255 0.3519 0.0000 0.0226
015100 0.6255 0.3519 0.0000 0.0226
015120 0.6255 0.3519 0.0000 0.0226
015140 0.6255 0.3519 0.0000 0.0226
015160 0.6255 0.3519 0.0000 0.0226
015180 0.6255 0.3519 0.0000 0.0226
015200 0.6255 0.3519 0.0000 0.0226
015220 0.6255 0.3519 0.0000 0.0226
015240 0.6255 0.3519 0.0000 0.0226
015260 0.6255 0.3519 0.0000 0.0226
015280 0.6255 0.3519 0.0000 0.0226
015300 0.6255 0.3519 0.0000 0.0226
015320 0.6255 0.3519 0.0000 0.0226
015340 0.6255 0.3519 0.0000 0.0226
015360 0.6255 0.3519 0.0000 0.0226
015380 0.6255 0.3519 0.0000 0.0226
015400 0.6255 0.3519 0.0000 0.0226
015420 0.6255 0.3519 0.0000 0.0226
015440 0.6255 0.3519 0.0000 0.0226
015460 0.6255 0.3519 0.0000 0.0226
015480 0.6255 0.3519 0.0000 0.0226
015500 0.6255 0.3519 0.0000 0.0226
015520 0.6255 0.3519 0.0000 0.0226
015540 0.6255 0.3519 0.0000 0.0226
015560 0.6255 0.3519 0.0000 0.0226
015580 0.6255 0.3519 0.0000 0.0226
015600 0.6255 0.3519 0.0000 0.0226
015620 0.6255 0.3519 0.0000 0.0226
015640 0.6255 0.3519 0.0000 0.0226
015660 0.6255 0.3519 0.0000 0.0226
015680 0.6255 0.3519 0.0000 0.0226
015700 0.6255 0.3519 0.0000 0.0226
015720 0.6255 0.3519 0.0000 0.0226
015740 0.6255 0.3519 0.0000 0.0226
015760 0.6255 0.3519 0.0000 0.0226
015780 0.6255 0.3519 0.0000 0.0226
015800 0.6255 0.3519 0.0000 0.0226
015820 0.6255 0.3519 0.0000 0.0226
015840 0.6255 0.3519 0.0000 0.0226
015860 0.6255 0.3519 0.0000 0.0226
015880 0.6255 0.3519 0.0000 0.0226
015900 0.6255 0.3519 0.0000 0.0226
015920 0.6255 0.3519 0.0000 0.0226
015940 0.6255 0.3519 0.0000 0.0226
015960 0.6255 0.3519 0.0000 0.0226
015980 0.6255 0.3519 0.0000 0.0226
016000 0.6255 0.3519 0.0000 0.0226
016020 0.6255 0.3519 0.0000 0.0226
016040 0.6255 0.3519 0.0000 0.0226
016060 0.6255 0.3519 0.0000 0.0226
016080 0.6255 0.3519 0.0000 0.0226
016100 0.6255 0.3519 0.0000 0.0226
016120 0.6255 0.3519 0.0000 0.0226
016140 0.6255 0.3519 0.0000 0.0226
016160 0.6255 0.3519 0.0000 0.0226
016180 0.6255 0.3519 0.0000 0.0226
016200 0.6255 0.3519 0.0000 0.0226
016220 0.6255 0.3519 0.0000 0.0226
016240 0.6255 0.3519 0.0000 0.0226
016260 0.6255 0.3519 0.0000 0.0226
016280 0.6255 0.3519 0.0000 0.0226
016300 0.6255 0.3519 0.0000 0.0226
016320 0.6255 0.3519 0.0000 0.0226
016340 0.6255 0.3519 0.0000 0.0226
016360 0.6255 0.3519 0.0000 0.0226
016380 0.6255 0.3519 0.0000 0.0226
016400 0.6255 0.3519 0.0000 0.0226
016420 0.6255 0.3519 0.0000 0.0226
016440 0.6255 0.3519 0.0000 0.0226
016460 0.6255 0.3519 0.0000 0.0226
016480 0.6255 0.3519 0.0000 0.0226
016500 0.6255 0.3519 0.0000 0.0226
016520 0.6255 0.3519 0.0000 0.0226
016540 0.6255 0.3519 0.0000 0.0226
016560 0.6255 0.3519 0.0000 0.0226
016580 0.6255 0.3519 0.0000 0.0226
016600 0.6255 0.3519 0.0000 0.0226
016620 0.6255 0.3519 0.0000 0.0226
016640 0.6255 0.3519 0.0000 0.0226
016660 0.6255 0.3519 0.0000 0.0226
016680 0.6255 0.3519 0.0000 0.0226
016700 0.6255 0.3519 0.0000 0.0226
016720 0.6255 0.3519 0.0000 0.0226
016740 0.6255 0.3519 0.0000 0.0226
016760 0.6255 0.3519 0.0000 0.0226
016780 0.6255 0.3519 0.0000 0.0226
016800 0.6255 0.3519 0.0000 0.0226
016820 0.6255 0.3519 0.0000 0.0226
016840 0.6255 0.3519 0.0000 0.0226
016860 0.6255 0.3519 0.0000 0.0226
016880 0.6255 0.3519 0.0000 0.0226
016900 0.6255 0.3519 0.0000 0.0226
016920 0.6255 0.3519 0.0000 0.0226
016940 0.6255 0.3519 0.0000 0.0226
016960 0.6255 0.3519 0.0000 0.0226
016980 0.6255 0.3519 0.0000 0.0226
017000 0.6255 0.3519 0.0000 0.0226
017020 0.6255 0.3519 0.0000 0.0226
017040 0.6255 0.3519 0.0000 0.0226
017060 0.6255 0.3519 0.0000 0.0226
017080 0.6255 0.3519 0.0000 0.0226
017100 0.6255 0.3519 0.0000 0.0226
017120 0.6255 0.3519 0.0000 0.0226
017140 0.6255 0.3519 0.0000 0.0226
017160 0.6255 0.3519 0.0000 0.0226
017180 0.6255 0.3519 0.0000 0.0226
017200 0.6255 0.3519 0.0000 0.0226
017220 0.6255 0.3519 0.0000 0.0226
017240 0.6255 0.3519 0.0000 0.0226
017260 0.6255 0.3519 0.0000 0.0226
017280 0.6255 0.3519 0.0000 0.0226
017300 0.6255 0.3519 0.0000 0.0226
017320 0.6255 0.3519 0.0000 0.0226
017340 0.6255 0.3519 0.0000 0.0226
017360 0.6255 0.3519 0.0000 0.0226
017380 0.6255 0.3519 0.0000 0.0226
017400 0.6255 0.3519 0.0000 0.0226
017420 0.6255 0.3519 0.0000 0.0226
017440 0.6255 0.3519 0.0000 0.0226
017460 0.6255 0.3519 0.0000 0.0226
017480 0.6255 0.3519 0.0000 0.0226
017500 0.6255 0.3519 0.0000 0.0226
017520 0.6255 0.3519 0.0000 0.0226
017540 0.6255 0.3519 0.0000 0.0226
017560 0.6255 0.3519 0.0000 0.0226
017580 0.6255 0.3519 0.0000 0.0226
017600 0.6255 0.3519 0.0000 0.0226
017620 0.6255 0.3519 0.0000 0.0226
017640 0.6255 0.3519 0.0000 0.0226
017660 0.6255 0.3519 0.0000 0.0226
017680 0.6255 0.3519 0.0000 0.0226
017700 0.6255 0.3519 0.0000 0.0226
017720 0.6255 0.3519 0.0000 0.0226
017740 0.6255 0.3519 0.0000 0.0226
017760 0.6255 0.3519 0.0000 0.0226
017780 0.6255 0.3519 0.0000 0.0226
017800 0.6255 0.3519 0.0000 0.0226
017820 0.6255 0.3519 0.0000 0.0226
017840 0.6255 0.3519 0.0000 0.0226
017860 0.6255 0.3519 0.0000 0.0226
017880 0.6255 0.3519 0.0000 0.0226
017900 0.6255 0.3519 0.0000 0.0226
017920 0.6255 0.3519 0.0000 0.0226
017940 0.6255 0.3519 0.0000 0.0226
017960 0.6255 0.3519 0.0000 0.0226
017980 0.6255 0.3519 0.0000 0.0226
018000 0.6255 0.3519 0.0000 0.0226
018020 0.6255 0.3519 0.0000 0.0226
018040 0.6255 0.3519 0.0000 0.0226
018060 0.6255 0.3519 0.0000 0.0226
018080 0.6255 0.3519 0.0000 0.0226
018100 0.6255 0.3519 0.0000 0.0226
018120 0.6255 0.3519 0.0000 0.0226
018140 0.6255 0.3519 0.0000 0.0226
018160 0.6255 0.3519 0.0000 0.0226
018180 0.6255 0.3519 0.0000 0.0226
018200 0.6255 0.3519 0.0000 0.0226
018220 0.6255 0.3519 0.0000 0.0226
018240 0.6255 0.3519 0.0000 0.0226
018260 0.6255 0.3519 0.0000 0.0226
018280 0.6255 0.3519 0.0000 0.0226
018300 0.6255 0.3519 0.0000 0.0226
018320 0.6255 0.3519 0.0000 0.0226
018340 0.6255 0.3519 0.0000 0.0226
018360 0.6255 0.3519 0.0000 0.0226
018380 0.6255 0.3519 0.0000 0.0226
018400 0.6255 0.3519 0.0000 0.0226
018420 0.6255 0.3519 0.0000 0.0226
018440 0.6255 0.3519 0.0000 0.0226
018460 0.6255 0.3519 0.0000 0.0226
018480 0.6255 0.3519 0.0000 0.0226
018500 0.6255 0.3519 0.0000 0.0226
018520 0.6255 0.3519 0.0000 0.0226
018540 0.6255 0.3519 0.0000 0.0226
018560 0.6255 0.3519 0.0000 0.0226
018580 0.6255 0.3519 0.0000 0.0226
018600 0.6255 0.3519 0.0000 0.0226
018620 0.6255 0.3519 0.0000 0.0226
018640 0.6255 0.3519 0.0000 0.0226
018660 0.6255 0.3519 0.0000 0.0226
018680 0.6255 0.3519 0.0000 0.0226
018700 0.6255 0.3519 0.0000 0.0226
018720 0.6255 0.3519 0.0000 0.0226
018740 0.6255 0.3519 0.0000 0.0226
018760 0.6255 0.3519 0.0000 0.0226
018780 0.6255 0.3519 0.0000 0.0226
018800 0.6255 0.3519 0.0000 0.0226
018820 0.6255 0.3519 0.0000 0.0226
018840 0.6255 0.3519 0.0000 0.0226
018860 0.6255 0.3519 0.0000 0.0226
018880 0.6255 0.3519 0.0000 0.0226
018900 0.6255 0.3519 0.0000 0.0226
018920 0.6255 0.3519 0.0000 0.0226
018940 0.6255 0.3519 0.0000 0.0226
018960 0.6255 0.3519 0.0000 0.0226
018980 0.6255 0.3519 0.0000 0.0226
019000 0.6255 0.3519 0.0000 0.0226
019020 0.6255 0.3519 0.0000 0.0226
019040 0.6255 0.3519 0.0000 0.0226
019060 0.6255 0.3519 0.0000 0.0226
019080 0.6255 0.3519 0.0000 0.0226
019100 0.6255 0.3519 0.0000 0.0226
019120 0.6255 0.3519 0.0000 0.0226
019140 0.6255 0.3519 0.0000 0.0226
019160 0.6255 0.3519 0.0000 0.0226
019180 0.6255 0.3519 0.0000 0.0226
019200 0.6255 0.3519 0.0000 0.0226
019220 0.6255 0.3519 0.0000 0.0226
019240 0.6255 0.3519 0.0000 0.0226
019260 0.6255 0.3519 0.0000 0.0226
019280 0.6255 0.3519 0.0000 0.0226
019300 0.6255 0.3519 0.0000 0.0226
019320 0.6255 0.3519 0.0000 0.0226
019340 0.6255 0.3519 0.0000 0.0226
019360 0.6255 0.3519 0.0000 0.0226
019380 0.6255 0.3519 0.0000 0.0226
019400 0.6255 0.3519 0.0000 0.0226
019420 0.6255 0.3519 0.0000 0.0226
019440 0.6255 0.3519 0.0000 0.0226
019460 0.6255 0.3519 0.0000 0.0226
019480 0.6255 0.3519 0.0000 0.0226
019500 0.6255 0.3519 0.0000 0.0226
019520 0.6255 0.3519 0.0000 0.0226
019540 0.6255 0.3519 0.0000 0.0226
019560 0.6255 0.3519 0.0000 0.0226
019580 0.6255 0.3519 0.0000 0.0226
019600 0.6255 0.3519 0.0000 0.0226
019620 0.6255 0.3519 0.0000 0.0226
019640 0.6255 0.3519 0.0000 0.0226
019660 0.6255 0.3519 0.0000 0.0226
019680 0.6255 0.3519 0.0000 0.0226
019700 0.6255 0.3519 0.0000 0.0226
019720 0.6255 0.3519 0.0000 0.0226
019740 0.6255 0.3519 0.0000 0.0226
019760 0.6255 0.3519 0.0000 0.0226
019780 0.6255 0.3519 0.0000 0.0226
019800 0.6255 0.3519 0.0000 0.0226
019820 0.6255 0.3519 0.0000 0.0226
019840 0.6255 0.3519 0.0000 0.0226
019860 0.6255 0.3519 0.0000 0.0226
019880 0.6255 0.3519 0.0000 0.0226
019900 0.6255 0.3519 0.0000 0.0226
019920 0.6255 0.3519 0.0000 0.0226
019940 0.6255 0.3519 0.0000 0.0226
019960 0.6255 0.3519 0.0000 0.0226
019980 0.6255 0.3519 0.0000 0.0226
020000 0.6255 0.3519 0.0000 0.0226
